149 15436 0:0 151
150 15437 0:0 151
150 15438 0:0 151
150 15439 0:0 151
154 15432 0:0 155
158 15427 21:0 187
158 341 0:0 187
158 15434 0:0 187
186 15433 21:0 192
191 15426 21:0 192
205 15633 0:0 208
210 15634 21:0 279
212 15635 0:0 213
277 15636 0:0 279
281 15666 0:0 284
286 15668 21:0 355
288 15667 0:0 289
353 15669 0:0 355
357 15699 0:0 360
362 15701 21:0 431
364 15700 0:0 365
429 15702 0:0 431
433 15732 0:0 436
438 15733 21:0 507
440 15734 0:0 441
505 15735 0:0 507
509 15765 0:0 512
514 15767 21:0 572
516 15766 0:0 517
571 15768 0:0 583
585 15798 0:0 588
590 15800 21:0 651
592 15799 0:0 593
651 15801 0:0 659
661 15831 21:0 669
668 15832 0:0 669
668 15833 0:0 669
669 15834 21:0 740
739 15864 0:0 740
742 15866 21:0 811
744 15865 0:0 745
809 15867 0:0 811
813 15897 0:0 816
818 15899 21:0 887
820 15898 0:0 821
885 15900 0:0 887
889 15930 21:0 897
896 15931 0:0 897
896 15932 21:0 963
961 15933 0:0 963
965 15963 0:0 968
970 15965 21:0 1035
972 15964 0:0 973
1035 15966 0:0 1039
1041 15996 0:0 1044
1046 15997 21:0 1111
1048 15998 0:0 1049
1111 15999 0:0 1115
1117 16029 21:0 1125
1124 16031 0:0 1125
1124 16030 21:0 1191
1189 16032 0:0 1191
1193 16062 21:0 1201
1200 16063 0:0 1201
1200 16064 21:0 1267
1201 16065 0:0 1223
1269 16095 21:0 1277
1276 16097 0:0 1277
1276 16096 21:0 1343
1341 16098 0:0 1343
1344 16098 1:0 1920
1344 16096 1:0 1926
1525 16207 21:0 1535
1563 16097 1:0 1927
1564 16095 1:0 1936
1564 16065 1:0 2042
1572 16063 1:0 2048
1572 16064 1:0 2049
1582 16062 1:0 2058
1685 16032 1:0 2164
1686 16030 1:0 2170
1694 16031 1:0 2171
1694 16029 1:0 2180
1700 15999 1:0 2286
1719 15997 1:0 2292
1807 15998 1:0 2293
1808 15996 1:0 2302
1816 15966 1:0 2408
1816 15965 1:0 2415
1822 15964 1:0 2414
1825 16352 21:0 1847
1929 15963 1:0 2424
1930 15933 1:0 2530
1930 15932 1:0 2537
1938 15931 1:0 2536
1938 15930 1:0 2546
1948 15900 1:0 2652
2051 15899 1:0 2659
2052 15898 1:0 2658
2052 15897 1:0 2668
2060 15867 1:0 2774
2066 15866 1:0 2781
2084 15865 1:0 2780
2173 15864 1:0 2790
2174 15834 1:0 2896
2182 15832 1:0 2902
2182 15833 1:0 2903
2188 15831 1:0 2912
2191 16523 21:0 2213
2295 15801 1:0 3018
2296 15799 1:0 3024
2296 15800 1:0 3025
2304 15798 1:0 3034
2304 15768 1:0 3140
2314 15767 1:0 3147
2417 15766 1:0 3146
2418 15765 1:0 3156
2418 15735 1:0 3262
2426 15733 1:0 3268
2432 15734 1:0 3269
2450 15732 1:0 3278
2451 12928 1:0 27896
2539 15702 1:0 3384
2540 15701 1:0 3391
2548 15700 1:0 3390
2548 15699 1:0 3400
2554 15669 1:0 3506
2660 16744 21:0 2664
2661 15668 1:0 3513
2662 15667 1:0 3512
2662 15666 1:0 3522
2670 15636 1:0 3628
2670 15634 1:0 3634
2680 15635 1:0 3635
2694 335 1:0 3748
2783 15633 1:0 3644
2923 16865 21:0 2945
3746 334 21:0 3796
3814 17284 21:0 3822
3819 17286 0:0 3822
3819 17285 0:0 3822
3822 17287 21:0 3893
3892 29 21:0 3893
3892 17317 0:0 3893
3895 17319 21:0 3964
3897 17318 0:0 3898
3962 17320 0:0 3964
3963 17289 21:0 3964
3963 17300 21:0 3969
3966 17350 0:0 3969
3968 15 21:0 3969
3971 17351 21:0 4040
3973 17352 0:0 3974
4038 17353 0:0 4040
4039 49 21:0 4040
4042 17383 21:0 4050
4049 17384 0:0 4050
4049 17385 0:0 4050
4050 17386 21:0 4118
4117 67 21:0 4121
4118 17416 0:0 4121
4120 17361 21:0 4121
4123 17418 21:0 4181
4125 17417 0:0 4126
4180 17432 21:0 4192
4180 17419 0:0 4192
4194 17449 0:0 4197
4199 17450 21:0 4264
4201 17451 0:0 4202
4263 17461 21:0 4268
4264 17452 0:0 4268
4267 17480 21:0 4268
4270 17482 21:0 4278
4277 17483 0:0 4278
4277 17484 21:0 4344
4342 17485 0:0 4344
4346 17515 0:0 4349
4351 17516 21:0 4420
4353 17517 0:0 4354
4418 17518 0:0 4420
4419 17535 21:0 4420
4422 17548 21:0 4430
4429 17549 0:0 4430
4429 17550 21:0 4496
4494 17551 0:0 4496
4498 17581 0:0 4501
4503 17582 21:0 4561
4505 17583 0:0 4506
4560 17584 0:0 4572
4574 17614 0:0 4577
4579 17616 21:0 4641
4581 17615 0:0 4582
4640 17617 0:0 4648
4645 17645 21:0 4648
4647 17626 21:0 4648
4647 17625 21:0 4653
4650 17647 0:0 4653
4655 17648 21:0 4724
4657 17649 0:0 4658
4722 17650 0:0 4724
4726 17680 21:0 4734
4733 17682 0:0 4734
4733 17681 21:0 4800
4798 17683 0:0 4800
4802 17713 21:0 4810
4809 17714 0:0 4810
4809 17715 21:0 4876
4874 17716 0:0 4876
4878 17746 21:0 4886
4885 17747 0:0 4886
4885 17748 21:0 4952
4934 17758 0:0 4936
4950 17749 0:0 4952
4954 17779 21:0 4962
4961 17781 0:0 4962
4961 17780 21:0 5028
5026 17782 0:0 5028
5030 17812 21:0 5038
5037 17813 0:0 5038
5037 17814 21:0 5104
5103 17815 21:0 5114
5134 17858 21:0 5144
5143 231 21:0 5167
5166 17797 21:0 5167
5175 17815 1:0 5296
5176 17814 1:0 5304
5185 17813 1:0 5303
5185 17812 1:0 5314
5185 17797 1:0 5353
5191 17782 1:0 5427
5212 17780 1:0 5434
5306 17781 1:0 5435
5307 17779 1:0 5445
5307 16352 1:0 5454
5307 17758 1:0 5510
5316 17749 1:0 5558
5316 17748 1:0 5566
5322 17747 1:0 5565
5343 17746 1:0 5576
5435 16345 21:0 5440
5437 17716 1:0 5689
5438 17714 1:0 5696
5438 17715 1:0 5697
5446 16349 21:0 5449
5447 17713 1:0 5707
5447 17683 1:0 5820
5450 231 1:0 5820
5455 17681 1:0 5827
5486 17682 1:0 5828
5568 17680 1:0 5838
5569 16523 1:0 5847
5569 17650 1:0 5951
5578 17648 1:0 5958
5578 17649 1:0 5959
5584 17647 1:0 5969
5586 17645 1:0 5979
5589 17626 1:0 6034
5604 17625 1:0 6061
5699 17617 1:0 6082
5700 17615 1:0 6089
5700 17616 1:0 6090
5709 17614 1:0 6100
5709 17584 1:0 6213
5717 17582 1:0 6220
5748 17583 1:0 6221
5830 17581 1:0 6231
5831 16744 1:0 6344
5831 17551 1:0 6344
5840 17549 1:0 6351
5840 17550 1:0 6352
5846 17548 1:0 6362
5848 17535 1:0 6392
5879 17518 1:0 6475
5961 17516 1:0 6482
5962 17517 1:0 6483
5971 17515 1:0 6493
5971 17485 1:0 6606
5977 17484 1:0 6614
5997 17483 1:0 6613
6090 16630 21:0 6095
6092 17482 1:0 6624
6092 16865 1:0 6633
6092 17480 1:0 6634
6093 17461 1:0 6689
6093 17452 1:0 6737
6102 17450 1:0 6744
6102 17451 1:0 6745
6108 17449 1:0 6755
6108 17432 1:0 6794
6129 17419 1:0 6868
6223 17418 1:0 6876
6224 17417 1:0 6875
6233 17416 1:0 6886
6233 17386 1:0 6999
6233 67 1:0 7001
6239 17385 1:0 7007
6259 17384 1:0 7006
6354 17383 1:0 7017
6354 17361 1:0 7101
6355 17353 1:0 7130
6355 49 1:0 7130
6364 17351 1:0 7137
6364 17352 1:0 7138
6370 17350 1:0 7148
6390 17320 1:0 7261
6485 17319 1:0 7269
6486 17318 1:0 7268
6486 17289 1:0 7281
6486 17300 1:0 7281
6495 17317 1:0 7279
6495 29 1:0 7283
6495 17287 1:0 7392
6501 17286 1:0 7400
6503 15 1:0 7403
6534 17285 1:0 7399
6616 17284 1:0 7410
6617 336 1:0 7521
7519 335 21:0 7569
7587 18935 0:0 7590
7592 18936 21:0 7661
7594 18937 0:0 7595
7659 18938 0:0 7661
7663 18968 0:0 7666
7668 18969 21:0 7737
7670 18970 0:0 7671
7735 18971 0:0 7737
7739 19001 21:0 7747
7744 19003 0:0 7747
7744 19002 0:0 7747
7747 19004 21:0 7816
7815 19034 0:0 7818
7815 19000 21:0 7818
7817 49 21:0 7818
7820 19036 21:0 7878
7822 19035 0:0 7823
7877 47 21:0 7889
7877 19037 0:0 7889
7891 19067 21:0 7899
7898 19069 0:0 7899
7898 19068 21:0 7965
7963 19070 0:0 7965
7967 19100 21:0 7975
7974 19102 0:0 7975
7974 19101 21:0 8041
8039 19103 0:0 8041
8043 19133 21:0 8051
8050 19135 0:0 8051
8050 19134 0:0 8051
8051 19136 21:0 8122
8119 19166 0:0 8122
8124 19168 21:0 8190
8126 19167 0:0 8127
8189 19169 0:0 8193
8189 19178 21:0 8193
8192 139 21:0 8193
8192 19186 21:0 8198
8195 19199 0:0 8198
8200 19201 21:0 8258
8201 159 0:0 8203
8202 19200 0:0 8203
8257 19202 0:0 8269
8257 19210 21:0 8269
8271 19232 21:0 8279
8278 19233 0:0 8279
8278 19234 21:0 8345
8343 19235 0:0 8345
8347 19265 21:0 8355
8354 19266 0:0 8355
8354 19267 0:0 8355
8355 19268 21:0 8426
8425 19298 21:0 8431
8430 19300 0:0 8431
8430 19299 21:0 8497
8495 19301 0:0 8497
8499 19331 21:0 8507
8506 19332 0:0 8507
8506 19333 21:0 8573
8571 19334 0:0 8573
8572 173 21:0 8578
8575 19364 0:0 8578
8577 19281 21:0 8578
8580 19366 21:0 8638
8582 19365 0:0 8583
8637 19367 0:0 8649
8637 19224 21:0 8649
8648 19369 21:0 8649
8651 19397 21:0 8659
8658 19399 0:0 8659
8658 19398 21:0 8725
8723 19400 0:0 8725
8727 19430 21:0 8735
8734 19429 0:0 8735
8734 19431 0:0 8735
8734 19432 21:0 8801
8747 283 0:0 8749
8748 19441 0:0 8749
8783 19442 0:0 8785
8799 19433 0:0 8801
8803 19463 21:0 8811
8810 19465 0:0 8811
8810 19464 21:0 8877
8875 19466 0:0 8877
8876 19448 21:0 8882
8881 19446 21:0 8882
8907 19509 21:0 8917
8948 19466 1:0 9069
8949 19464 1:0 9076
8958 19465 1:0 9077
8958 19463 1:0 9087
8958 19448 1:0 9120
8958 19446 1:0 9120
8964 19442 1:0 9152
8964 16349 1:0 9171
8964 16345 1:0 9200
8985 19433 1:0 9200
8997 19441 1:0 9179
9079 283 1:0 9202
9080 19431 1:0 9207
9080 19432 1:0 9208
9080 19429 1:0 9211
9089 19430 1:0 9218
9089 19400 1:0 9331
9097 19398 1:0 9338
9128 19399 1:0 9339
9210 19397 1:0 9349
9211 19369 1:0 9446
9211 19367 1:0 9462
9220 19365 1:0 9469
9220 19366 1:0 9470
9226 19364 1:0 9480
9247 19334 1:0 9593
9341 19333 1:0 9601
9342 19332 1:0 9600
9351 19331 1:0 9611
9351 19301 1:0 9724
9357 19299 1:0 9731
9362 19300 1:0 9732
9470 16459 21:0 9475
9472 19298 1:0 9742
9472 19281 1:0 9747
9473 19268 1:0 9855
9473 16630 1:0 9861
9473 19267 1:0 9863
9482 19266 1:0 9862
9482 19265 1:0 9873
9490 19235 1:0 9986
9521 19234 1:0 9994
9603 19233 1:0 9993
9604 19232 1:0 10004
9604 173 1:0 10008
9604 19224 1:0 10019
9613 19210 1:0 10096
9613 19202 1:0 10117
9619 19201 1:0 10125
9624 19200 1:0 10124
9639 159 1:0 10130
9734 19199 1:0 10135
9734 19186 1:0 10165
9734 19178 1:0 10200
9735 19169 1:0 10248
9735 139 1:0 10248
9743 16577 21:0 9746
9744 19167 1:0 10255
9744 19168 1:0 10256
9750 19166 1:0 10266
9770 19136 1:0 10379
9865 19135 1:0 10387
9866 19134 1:0 10386
9866 19133 1:0 10397
9875 19103 1:0 10510
9875 19101 1:0 10517
9883 19102 1:0 10518
9914 19100 1:0 10528
9996 19070 1:0 10641
9997 19068 1:0 10648
10005 16691 21:0 10008
10006 19069 1:0 10649
10006 19067 1:0 10659
10012 19037 1:0 10772
10017 19036 1:0 10780
10127 19035 1:0 10779
10128 19034 1:0 10790
10128 19004 1:0 10903
10128 49 1:0 10905
10137 19002 1:0 10910
10137 19003 1:0 10911
10143 19000 1:0 10914
10148 19001 1:0 10921
10163 47 1:0 10925
10258 18971 1:0 11034
10259 18969 1:0 11041
10259 18970 1:0 11042
10268 18968 1:0 11052
10268 18938 1:0 11165
10276 18936 1:0 11172
10307 18937 1:0 11173
10389 18935 1:0 11183
10390 337 1:0 11294
10408 16865 21:0 10432
11292 336 21:0 11342
11360 20586 21:0 11365
11365 20587 21:0 11434
11367 20588 0:0 11368
11432 20589 0:0 11434
11433 20597 21:0 11434
11436 20619 0:0 11439
11441 20620 21:0 11510
11443 20621 0:0 11444
11508 20622 0:0 11510
11509 33 21:0 11510
11509 20650 21:0 11515
11512 20652 0:0 11515
11517 20654 21:0 11586
11519 20653 0:0 11520
11584 20655 0:0 11586
11585 20663 21:0 11586
11588 20685 21:0 11596
11595 20686 0:0 11596
11595 20687 21:0 11662
11596 20688 0:0 11618
11664 20718 21:0 11672
11671 20720 0:0 11672
11671 20719 21:0 11738
11736 20721 0:0 11738
11740 20751 21:0 11748
11747 20752 0:0 11748
11747 20753 21:0 11814
11812 20754 0:0 11814
11813 20771 21:0 11819
11816 20784 0:0 11819
11818 65 21:0 11819
11821 20786 21:0 11879
11823 20785 0:0 11824
11878 20787 0:0 11890
11887 20815 21:0 11890
11892 20817 0:0 11895
11897 20818 21:0 11966
11899 20819 0:0 11900
11964 20820 0:0 11966
11965 20836 21:0 11966
11965 20828 21:0 11966
11968 20850 0:0 11971
11973 20852 21:0 12042
11975 20851 0:0 11976
12040 20853 0:0 12042
12041 20855 21:0 12042
12044 20883 0:0 12047
12049 20885 21:0 12118
12051 20884 0:0 12052
12116 20886 0:0 12118
12120 20916 0:0 12123
12125 20918 21:0 12183
12127 20917 0:0 12128
12182 20919 0:0 12194
12182 20932 21:0 12194
12193 20936 21:0 12194
12194 209 21:0 12199
12196 20949 0:0 12199
12201 20950 21:0 12259
12203 20951 0:0 12204
12258 20948 21:0 12270
12258 20952 0:0 12270
12272 20982 21:0 12280
12279 20984 0:0 12280
12279 20983 21:0 12346
12344 20985 0:0 12346
12348 21015 21:0 12356
12355 21017 0:0 12356
12355 21016 21:0 12422
12410 21034 0:0 12411
12420 21018 0:0 12422
12424 21048 21:0 12432
12431 21049 0:0 12432
12431 21050 21:0 12498
12496 21051 0:0 12498
12500 21081 21:0 12508
12507 21082 0:0 12508
12507 21083 21:0 12574
12572 21084 0:0 12574
12576 21114 21:0 12584
12583 21116 0:0 12584
12583 21115 21:0 12650
12649 21117 21:0 12660
12659 21046 21:0 12675
12680 21160 21:0 12690
12689 20998 21:0 12713
12721 21117 1:0 12842
12722 21115 1:0 12849
12731 21116 1:0 12850
12731 21114 1:0 12860
12737 21084 1:0 12973
12757 21083 1:0 12981
12852 21082 1:0 12980
12853 21081 1:0 12991
12853 21051 1:0 13104
12862 21049 1:0 13111
12862 21050 1:0 13112
12870 21048 1:0 13122
12871 16295 21:0 12895
12873 21046 1:0 13132
12888 21034 1:0 13161
12889 16459 1:0 13235
12983 21018 1:0 13235
12984 21016 1:0 13242
12984 21017 1:0 13243
12992 16349 21:0 12995
12993 21015 1:0 13253
12993 20998 1:0 13292
12996 20985 1:0 13366
13001 20983 1:0 13373
13032 20984 1:0 13374
13114 20982 1:0 13384
13115 20952 1:0 13497
13115 20948 1:0 13497
13124 20950 1:0 13504
13124 20951 1:0 13505
13124 16577 1:0 13514
13132 20949 1:0 13515
13135 209 1:0 13519
13150 20936 1:0 13545
13151 20932 1:0 13554
13245 20919 1:0 13628
13246 20918 1:0 13636
13255 20917 1:0 13635
13255 20916 1:0 13646
13261 20886 1:0 13759
13266 20885 1:0 13767
13376 20884 1:0 13766
13377 16691 1:0 13776
13377 20883 1:0 13777
13377 20853 1:0 13890
13386 20855 1:0 13874
13386 20852 1:0 13898
13392 20851 1:0 13897
13397 20850 1:0 13908
13412 20836 1:0 13947
13413 20828 1:0 14000
13507 20820 1:0 14021
13508 20818 1:0 14028
13517 20819 1:0 14029
13517 20817 1:0 14039
13517 20815 1:0 14049
13523 20787 1:0 14152
13543 20786 1:0 14160
13638 20785 1:0 14159
13639 20784 1:0 14170
13639 16865 1:0 14179
13639 20771 1:0 14200
13648 20754 1:0 14283
13648 20753 1:0 14291
13654 20752 1:0 14290
13674 20751 1:0 14301
13769 20721 1:0 14414
13770 20719 1:0 14421
13770 20720 1:0 14422
13779 20718 1:0 14432
13779 20688 1:0 14545
13787 20687 1:0 14553
13818 20686 1:0 14552
13900 20685 1:0 14563
13901 65 1:0 14567
13901 20663 1:0 14655
13901 20655 1:0 14676
13910 20653 1:0 14683
13910 20654 1:0 14684
13918 20652 1:0 14694
13921 20650 1:0 14704
14031 20622 1:0 14807
14032 20620 1:0 14814
14032 20621 1:0 14815
14032 33 1:0 14820
14041 20619 1:0 14825
14041 20589 1:0 14938
14047 20597 1:0 14917
14052 20587 1:0 14945
14067 338 1:0 15067
14162 20588 1:0 14946
14163 20586 1:0 14956
14312 16922 21:0 14336
14705 17093 21:0 14729
14946 17200 21:0 14951
15065 337 21:0 15115
15131 11 21:0 15136
15133 22237 0:0 15136
15138 22239 21:0 15207
15140 22238 0:0 15141
15205 22240 0:0 15207
15209 22270 21:0 15217
15216 22271 0:0 15217
15216 22272 21:0 15283
15281 22273 0:0 15283
15285 22303 21:0 15293
15290 22304 0:0 15293
15292 22305 0:0 15293
15293 22306 21:0 15364
15363 22336 21:0 15369
15368 22338 0:0 15369
15368 22337 0:0 15369
15369 22339 21:0 15437
15437 22369 0:0 15440
15442 22370 21:0 15500
15444 22371 0:0 15445
15499 22372 0:0 15511
15513 22402 21:0 15521
15520 22404 0:0 15521
15520 22403 21:0 15587
15569 22414 0:0 15571
15575 22420 0:0 15576
15575 22418 0:0 15576
15585 22405 0:0 15587
15589 22435 21:0 15597
15596 22437 0:0 15597
15596 22436 21:0 15663
15661 22438 0:0 15663
15662 22455 21:0 15668
15665 22468 0:0 15668
15670 22469 21:0 15739
15672 22470 0:0 15673
15673 22471 0:0 15695
15738 22487 21:0 15739
15738 139 21:0 15739
15741 22501 21:0 15749
15748 22503 0:0 15749
15748 22502 0:0 15749
15749 22504 21:0 15820
15803 22520 0:0 15804
15819 22534 21:0 15825
15824 22535 0:0 15825
15824 22536 21:0 15891
15889 22537 0:0 15891
15890 155 21:0 15896
15893 22567 0:0 15896
15895 22480 21:0 15896
15898 22568 21:0 15956
15900 22569 0:0 15901
15955 22570 0:0 15967
15964 22598 21:0 15967
15966 22572 21:0 15967
15969 22600 0:0 15972
15974 22602 21:0 16040
15976 22601 0:0 15977
16039 22612 21:0 16043
16039 22603 0:0 16043
16042 22605 21:0 16043
16045 22633 0:0 16048
16050 22634 21:0 16119
16052 22635 0:0 16053
16117 22636 0:0 16119
16121 22666 21:0 16129
16128 22668 0:0 16129
16128 22667 21:0 16195
16193 22669 0:0 16195
16194 22671 0:0 16195
16197 22699 21:0 16205
16204 22701 0:0 16205
16204 22700 21:0 16271
16269 22702 0:0 16271
16273 22732 21:0 16281
16280 22733 0:0 16281
16280 22734 21:0 16347
16345 22735 0:0 16347
16349 22765 21:0 16357
16356 22766 0:0 16357
16356 22767 21:0 16423
16421 22768 0:0 16423
16422 22731 21:0 16428
16453 22811 21:0 16463
16494 22768 1:0 16615
16495 22767 1:0 16623
16504 22766 1:0 16622
16504 22765 1:0 16633
16504 16295 1:0 16642
16504 22731 1:0 16717
16512 22735 1:0 16746
16515 16349 1:0 16746
16625 22734 1:0 16754
16626 22733 1:0 16753
16626 22732 1:0 16764
16635 22702 1:0 16877
16635 22700 1:0 16884
16641 22701 1:0 16885
16662 22699 1:0 16895
16756 22671 1:0 16992
16756 22669 1:0 17008
16757 22667 1:0 17015
16766 22668 1:0 17016
16766 22666 1:0 17026
16772 22636 1:0 17139
16792 22634 1:0 17146
16887 22635 1:0 17147
16888 22633 1:0 17157
16888 22612 1:0 17222
16888 22605 1:0 17254
16897 22603 1:0 17270
16897 22602 1:0 17278
16903 22601 1:0 17277
16923 22600 1:0 17288
16924 22598 1:0 17298
16936 22572 1:0 17385
17018 22570 1:0 17401
17019 22568 1:0 17408
17028 22569 1:0 17409
17028 22567 1:0 17419
17034 22537 1:0 17532
17037 16466 21:0 17061
17054 22536 1:0 17540
17149 22535 1:0 17539
17150 22534 1:0 17550
17150 22520 1:0 17585
17150 22504 1:0 17663
17159 22502 1:0 17670
17159 22503 1:0 17671
17167 22501 1:0 17681
17170 155 1:0 17685
17185 22480 1:0 17711
17186 22487 1:0 17720
17280 139 1:0 17794
17280 22471 1:0 17794
17281 22469 1:0 17801
17290 22470 1:0 17802
17290 22468 1:0 17812
17290 22455 1:0 17842
17296 22438 1:0 17925
17317 22436 1:0 17932
17411 22437 1:0 17933
17412 22435 1:0 17943
17412 22420 1:0 17982
17412 22418 1:0 17982
17412 22414 1:0 18008
17421 22405 1:0 18056
17421 22403 1:0 18063
17429 22404 1:0 18064
17460 22402 1:0 18074
17542 16922 1:0 18083
17543 22372 1:0 18187
17543 22370 1:0 18194
17552 22371 1:0 18195
17552 22369 1:0 18205
17558 22339 1:0 18318
17579 22338 1:0 18326
17673 22337 1:0 18325
17674 22336 1:0 18336
17683 22306 1:0 18449
17683 22304 1:0 18456
17689 22305 1:0 18457
17694 22303 1:0 18467
17709 17093 1:0 18476
17804 22273 1:0 18580
17805 22271 1:0 18587
17805 22272 1:0 18588
17814 22270 1:0 18598
17814 22240 1:0 18711
17820 17200 1:0 18711
17825 22239 1:0 18719
17840 339 1:0 18840
17935 22238 1:0 18718
17936 22237 1:0 18729
17936 11 1:0 18733
18457 17086 21:0 18462
18609 17150 21:0 18633
18838 338 21:0 18888
18906 23888 21:0 18914
18913 23890 0:0 18914
18913 23889 0:0 18914
18914 23891 21:0 18985
18984 23921 21:0 18990
18989 23922 0:0 18990
18989 23923 21:0 19061
19054 23924 0:0 19056
19060 23919 21:0 19061
19060 23937 21:0 19061
19060 23954 0:0 19061
19063 23956 21:0 19132
19064 23953 0:0 19066
19065 23955 0:0 19066
19130 23957 0:0 19132
19131 23920 21:0 19132
19131 31 21:0 19132
19134 23987 0:0 19137
19139 23988 21:0 19197
19141 23989 0:0 19142
19196 23990 0:0 19208
19210 24020 0:0 19213
19215 24021 21:0 19273
19217 24022 0:0 19218
19272 24023 0:0 19284
19272 87 21:0 19284
19283 24051 21:0 19284
19286 24053 21:0 19294
19291 24054 0:0 19294
19293 24055 0:0 19294
19294 24056 21:0 19365
19364 24086 21:0 19370
19369 24087 0:0 19370
19369 24088 21:0 19436
19434 24089 0:0 19436
19435 24117 21:0 19441
19438 24119 0:0 19441
19440 105 21:0 19441
19443 24120 21:0 19512
19445 24121 0:0 19446
19510 24122 0:0 19512
19511 139 21:0 19512
19511 24135 21:0 19512
19511 24091 21:0 19517
19514 24152 0:0 19517
19516 24098 21:0 19517
19519 24154 21:0 19577
19521 24153 0:0 19522
19576 24019 21:0 19588
19576 24155 0:0 19588
19590 24185 0:0 19593
19595 24187 21:0 19653
19597 24186 0:0 19598
19652 24188 0:0 19664
19666 24218 0:0 19669
19671 24220 21:0 19737
19673 24219 0:0 19674
19736 24221 0:0 19740
19742 24251 21:0 19750
19749 24252 0:0 19750
19749 24253 21:0 19816
19814 24254 0:0 19816
19818 24284 0:0 19821
19823 24286 21:0 19892
19825 24285 0:0 19826
19890 24287 0:0 19892
19891 24289 21:0 19892
19891 24295 21:0 19892
19894 24317 21:0 19902
19901 24319 0:0 19902
19901 24318 21:0 19968
19966 24320 0:0 19968
19970 24350 21:0 19978
19977 24352 0:0 19978
19977 24351 21:0 20044
20042 24353 0:0 20044
20046 24383 21:0 20054
20053 24385 0:0 20054
20053 24384 21:0 20120
20118 24386 0:0 20120
20122 24416 21:0 20130
20129 24418 0:0 20130
20129 24417 21:0 20196
20195 24419 21:0 20206
20226 24462 21:0 20236
20235 229 21:0 20259
20258 24368 21:0 20259
20267 24419 1:0 20388
20268 24417 1:0 20395
20277 24418 1:0 20396
20277 24416 1:0 20406
20283 24386 1:0 20519
20303 24384 1:0 20526
20398 24385 1:0 20527
20399 24383 1:0 20537
20399 24368 1:0 20576
20408 24353 1:0 20650
20408 24351 1:0 20657
20414 24352 1:0 20658
20419 24350 1:0 20668
20529 24320 1:0 20781
20530 24318 1:0 20788
20530 24319 1:0 20789
20539 24317 1:0 20799
20539 16466 1:0 20808
20539 229 1:0 20832
20539 24295 1:0 20883
20539 24289 1:0 20896
20545 24287 1:0 20912
20566 24286 1:0 20920
20660 24285 1:0 20919
20661 24284 1:0 20930
20670 24254 1:0 21043
20670 24253 1:0 21051
20676 24252 1:0 21050
20681 24251 1:0 21061
20791 24221 1:0 21174
20792 24219 1:0 21181
20792 24220 1:0 21182
20801 24218 1:0 21192
20801 24188 1:0 21305
20807 24187 1:0 21313
20828 24186 1:0 21312
20920 16516 21:0 20925
20922 24185 1:0 21323
20923 24155 1:0 21436
20923 24154 1:0 21444
20932 24153 1:0 21443
20932 24152 1:0 21454
20938 24135 1:0 21493
20938 139 1:0 21567
20958 24122 1:0 21567
21053 24120 1:0 21574
21054 24121 1:0 21575
21054 24119 1:0 21585
21063 24117 1:0 21595
21063 24098 1:0 21650
21063 24091 1:0 21682
21063 24089 1:0 21698
21069 24088 1:0 21706
21090 24087 1:0 21705
21184 24086 1:0 21716
21185 24056 1:0 21829
21185 105 1:0 21840
21194 24054 1:0 21836
21194 24055 1:0 21837
21200 24053 1:0 21847
21200 24051 1:0 21857
21221 24023 1:0 21960
21233 24019 1:0 21960
21315 24021 1:0 21967
21316 24022 1:0 21968
21316 87 1:0 21973
21325 24020 1:0 21978
21325 23990 1:0 22091
21331 23988 1:0 22098
21352 23989 1:0 22099
21446 23987 1:0 22109
21447 17086 1:0 22222
21447 23957 1:0 22222
21456 23955 1:0 22229
21456 23956 1:0 22230
21456 23953 1:0 22233
21462 23954 1:0 22240
21464 31 1:0 22270
21467 23920 1:0 22270
21482 23937 1:0 22279
21577 23919 1:0 22353
21577 23924 1:0 22353
21578 23923 1:0 22361
21587 23922 1:0 22360
21587 23921 1:0 22371
21587 17150 1:0 22376
21593 23891 1:0 22484
21613 23890 1:0 22492
21614 340 1:0 22613
21708 23889 1:0 22491
21709 23888 1:0 22502
22120 17036 21:0 22144
22361 17143 21:0 22366
22611 339 21:0 22661
22659 25518 0:0 22661
22679 25539 21:0 22687
22686 25541 0:0 22687
22686 25540 0:0 22687
22687 25542 21:0 22758
22735 25551 0:0 22737
22757 25572 21:0 22763
22762 25574 0:0 22763
22762 25573 0:0 22763
22763 25575 21:0 22834
22828 25577 0:0 22829
22828 25603 0:0 22829
22833 25605 21:0 22839
22838 25606 0:0 22839
22838 25607 0:0 22839
22839 25608 0:0 22861
22907 25638 21:0 22915
22912 25640 0:0 22915
22912 25639 0:0 22915
22915 25641 21:0 22981
22969 25657 0:0 22970
22983 25671 0:0 22986
22988 25673 21:0 23046
22990 25672 0:0 22991
23045 25674 0:0 23057
23059 25704 21:0 23067
23064 25706 0:0 23067
23064 25705 0:0 23067
23067 25707 21:0 23138
23079 25696 0:0 23081
23137 25737 21:0 23143
23142 25738 0:0 23143
23142 25739 21:0 23209
23155 25729 0:0 23157
23207 25740 0:0 23209
23211 25770 21:0 23219
23218 25772 0:0 23219
23218 25771 21:0 23285
23283 25773 0:0 23285
23287 25803 21:0 23295
23294 25805 0:0 23295
23294 25804 21:0 23361
23307 157 0:0 23309
23349 25819 0:0 23350
23359 25806 0:0 23361
23360 25801 21:0 23366
23363 25836 0:0 23366
23368 25838 21:0 23426
23370 25837 0:0 23371
23425 25839 0:0 23437
23425 25855 21:0 23437
23439 25869 0:0 23442
23444 25871 21:0 23509
23446 25870 0:0 23447
23509 25872 0:0 23513
23515 25902 0:0 23518
23520 25904 21:0 23589
23522 25903 0:0 23523
23523 25905 0:0 23545
23588 25933 21:0 23589
23591 25935 21:0 23599
23592 227 0:0 23594
23598 25937 0:0 23599
23598 25936 21:0 23665
23611 229 0:0 23613
23663 25938 0:0 23665
23667 25968 21:0 23675
23668 245 0:0 23670
23674 25970 0:0 23675
23674 25969 21:0 23741
23739 25971 0:0 23741
23740 25999 0:0 23741
23743 26001 21:0 23751
23750 26002 0:0 23751
23750 26003 21:0 23817
23815 26004 0:0 23817
23819 26034 21:0 23827
23826 26035 0:0 23827
23826 26036 21:0 23893
23891 26037 0:0 23893
23895 26067 21:0 23903
23902 26069 0:0 23903
23902 26068 21:0 23969
23968 26070 21:0 23979
23999 26113 21:0 24009
24008 26100 21:0 24035
24040 26100 1:0 24048
24041 26070 1:0 24161
24041 26068 1:0 24168
24050 26069 1:0 24169
24050 26067 1:0 24179
24058 26037 1:0 24292
24089 26036 1:0 24300
24171 26035 1:0 24299
24172 26034 1:0 24310
24181 26004 1:0 24423
24181 26003 1:0 24431
24187 26002 1:0 24430
24207 26001 1:0 24441
24208 25999 1:0 24451
24302 25971 1:0 24554
24303 25969 1:0 24561
24312 25970 1:0 24562
24312 25968 1:0 24572
24312 245 1:0 24576
24318 25938 1:0 24685
24318 16516 1:0 24685
24320 229 1:0 24687
24351 25936 1:0 24692
24433 25937 1:0 24693
24434 25935 1:0 24703
24434 227 1:0 24707
24434 25933 1:0 24713
24443 25905 1:0 24816
24443 25904 1:0 24824
24451 25903 1:0 24823
24482 25902 1:0 24834
24564 25872 1:0 24947
24565 25871 1:0 24955
24574 25870 1:0 24954
24574 25869 1:0 24965
24574 25855 1:0 25004
24580 25839 1:0 25078
24601 25838 1:0 25086
24695 25837 1:0 25085
24696 25836 1:0 25096
24696 25819 1:0 25135
24705 25806 1:0 25209
24705 157 1:0 25211
24705 25804 1:0 25216
24711 25805 1:0 25217
24732 25803 1:0 25227
24744 25801 1:0 25237
24826 25773 1:0 25340
24827 25771 1:0 25347
24836 25772 1:0 25348
24836 25770 1:0 25358
24842 25740 1:0 25471
24862 25739 1:0 25479
24957 25738 1:0 25478
24958 25737 1:0 25489
24958 25707 1:0 25602
24967 25729 1:0 25496
24967 25705 1:0 25609
24973 25706 1:0 25610
24976 16637 21:0 25000
24978 25704 1:0 25620
24993 25696 1:0 25635
25088 25674 1:0 25733
25089 25672 1:0 25740
25089 25673 1:0 25741
25098 25671 1:0 25751
25098 25657 1:0 25786
25098 25641 1:0 25864
25106 25639 1:0 25871
25137 25640 1:0 25872
25219 25638 1:0 25882
25220 17036 1:0 25891
25220 25608 1:0 25995
25229 25606 1:0 26002
25229 25607 1:0 26003
25235 25605 1:0 26013
25237 25603 1:0 26019
25268 25575 1:0 26126
25350 25577 1:0 26110
25351 17143 1:0 26132
25351 25573 1:0 26133
25351 25574 1:0 26134
25360 25572 1:0 26144
25360 25542 1:0 26257
25366 25551 1:0 26179
25371 25541 1:0 26265
25386 12927 1:0 27896
25481 25540 1:0 26264
25482 25539 1:0 26275
25482 25518 1:0 26340
25482 341 1:0 26386
25872 17029 21:0 25877
26384 340 21:0 26434
26439 27177 21:0 26450
26452 27190 0:0 26455
26457 27192 21:0 26526
26459 27191 0:0 26460
26524 27193 0:0 26526
26528 27223 21:0 26536
26535 27225 0:0 26536
26535 27224 21:0 26602
26600 27226 0:0 26602
26601 27254 0:0 26602
26604 27256 21:0 26612
26609 27257 0:0 26612
26611 27258 0:0 26612
26612 27259 21:0 26683
26625 27267 0:0 26626
26682 27289 21:0 26688
26687 27290 0:0 26688
26687 27291 21:0 26754
26700 67 0:0 26702
26742 27305 0:0 26743
26752 27292 0:0 26754
26753 27294 21:0 26759
26756 27322 0:0 26759
26761 27323 21:0 26819
26763 27324 0:0 26764
26764 27325 0:0 26786
26818 27341 21:0 26830
26832 27355 21:0 26840
26839 27356 0:0 26840
26839 27357 21:0 26906
26894 27374 0:0 26895
26904 27358 0:0 26906
26908 27388 0:0 26911
26913 27390 21:0 26982
26915 27389 0:0 26916
26916 27391 0:0 26938
26928 27380 0:0 26930
26984 27421 21:0 26992
26991 27422 0:0 26992
26991 27423 0:0 26992
26992 27424 21:0 27063
27062 27454 21:0 27068
27067 27455 0:0 27068
27067 27456 21:0 27134
27068 27457 0:0 27090
27136 27487 21:0 27144
27143 27489 0:0 27144
27143 27486 0:0 27144
27143 27488 21:0 27210
27208 27490 0:0 27210
27209 27492 21:0 27215
27212 27520 0:0 27215
27217 27521 21:0 27277
27219 27522 0:0 27220
27276 27523 0:0 27286
27288 27553 21:0 27296
27295 27555 0:0 27296
27295 27554 21:0 27362
27360 27556 0:0 27362
27364 27586 21:0 27372
27371 27588 0:0 27372
27371 27587 21:0 27438
27436 27589 0:0 27438
27437 27606 0:0 27438
27440 27619 21:0 27448
27447 27621 0:0 27448
27447 27620 21:0 27514
27460 27611 0:0 27462
27512 27622 0:0 27514
27516 27652 21:0 27524
27523 27653 0:0 27524
27523 27654 21:0 27590
27588 27655 0:0 27590
27592 27685 21:0 27600
27599 27686 0:0 27600
27599 27687 21:0 27666
27664 27688 0:0 27666
27665 27705 0:0 27666
27665 27716 0:0 27666
27668 27718 21:0 27676
27675 27719 0:0 27676
27675 27720 21:0 27742
27689 27729 0:0 27690
27740 27721 0:0 27742
27744 27751 21:0 27752
27823 27751 1:0 27831
27824 12933 1:0 27905
27824 12934 1:0 27915
27824 27721 1:0 27916
27824 12940 1:0 28005
27824 13075 1:0 28117
27833 27729 1:0 27923
27833 12935 1:0 27984
27833 12936 1:0 27985
27833 12937 1:0 27994
27833 12938 1:0 27995
27833 12939 1:0 28004
27839 27720 1:0 28042
27859 27719 1:0 28041
27913 27718 1:0 28052
27913 27705 1:0 28082
27921 13074 1:0 28117
27926 27716 1:0 28062
27941 13080 1:0 28126
27941 13081 1:0 28136
27941 13222 1:0 28347
27992 27688 1:0 28137
28002 13087 1:0 28226
28011 12940 21:0 28036
28012 13082 1:0 28205
28034 12939 0:0 28036
28034 12938 0:0 28036
28035 12927 21:0 28036
28035 12928 21:0 28036
28035 12933 21:0 28036
28035 12934 21:0 28036
28035 12937 0:0 28036
28035 12935 0:0 28036
28035 12936 0:0 28036
28044 13083 1:0 28206
28044 13084 1:0 28215
28044 13085 1:0 28216
28044 13086 1:0 28225
28045 27687 1:0 28263
28045 13227 1:0 28357
28045 13369 1:0 28559
28054 27686 1:0 28262
28054 27685 1:0 28273
28060 27655 1:0 28358
28062 13230 1:0 28427
28065 13229 1:0 28426
28080 13231 1:0 28436
28081 13221 1:0 28386
28081 13228 1:0 28417
28081 13232 1:0 28437
28093 13233 1:0 28446
28093 13234 1:0 28447
28162 27654 1:0 28484
28163 13368 1:0 28568
28163 13374 1:0 28578
28223 27653 1:0 28483
28232 13087 21:0 28257
28233 13376 1:0 28647
28255 13085 0:0 28257
28255 13083 0:0 28257
28255 13086 0:0 28257
28256 13081 21:0 28257
28256 13075 21:0 28257
28256 13080 21:0 28257
28256 13074 21:0 28257
28256 13082 0:0 28257
28256 13084 0:0 28257
28265 27652 1:0 28494
28266 27622 1:0 28579
28266 13377 1:0 28648
28266 13378 1:0 28657
28275 13375 1:0 28638
28275 13379 1:0 28658
28275 13380 1:0 28667
28275 13381 1:0 28668
28275 27620 1:0 28704
28275 13516 1:0 28789
28275 13522 1:0 28799
28283 27621 1:0 28705
28314 27619 1:0 28715
28314 27611 1:0 28730
28355 27606 1:0 28745
28355 13523 1:0 28868
28384 27589 1:0 28800
28385 13524 1:0 28869
28433 13230 21:0 28478
28434 13525 1:0 28878
28444 13526 1:0 28879
28454 13515 1:0 28828
28454 13521 1:0 28858
28454 13662 1:0 29010
28454 13669 1:0 29020
28476 13231 0:0 28478
28476 13229 0:0 28478
28477 13232 0:0 28478
28477 13233 0:0 28478
28477 13234 0:0 28478
28477 13222 21:0 28478
28477 13227 21:0 28478
28477 13221 0:0 28478
28477 13228 0:0 28478
28486 13527 1:0 28888
28486 13528 1:0 28889
28487 27587 1:0 28925
28487 27588 1:0 28926
28496 27586 1:0 28936
28496 27556 1:0 29021
28502 13670 1:0 29089
28502 13671 1:0 29090
28502 13672 1:0 29099
28504 13673 1:0 29100
28507 13663 1:0 29050
28507 13668 1:0 29079
28507 13809 1:0 29222
28522 13674 1:0 29109
28523 13675 1:0 29110
28576 27554 1:0 29146
28605 27555 1:0 29147
28657 13376 21:0 28699
28675 27553 1:0 29157
28697 13378 0:0 28699
28698 13381 0:0 28699
28698 13380 0:0 28699
28698 13379 0:0 28699
28698 13377 0:0 28699
28698 13374 21:0 28699
28698 13369 21:0 28699
28698 13368 21:0 28699
28698 13375 0:0 28699
28707 13810 1:0 29231
28707 13815 1:0 29241
28707 13817 1:0 29310
28707 13818 1:0 29311
28707 13820 1:0 29321
28707 13962 1:0 29443
28708 27523 1:0 29242
28708 13816 1:0 29301
28708 13819 1:0 29320
28708 13821 1:0 29330
28717 13822 1:0 29331
28717 27521 1:0 29367
28723 27522 1:0 29368
28728 27520 1:0 29378
28743 27492 1:0 29411
28744 16637 1:0 29387
28756 13963 1:0 29452
28756 13956 1:0 29462
28756 13964 1:0 29531
28825 27490 1:0 29580
28826 13965 1:0 29532
28826 13966 1:0 29541
28827 13967 1:0 29542
28876 13957 1:0 29492
28876 14103 1:0 29664
28876 14104 1:0 29664
28876 14109 1:0 29673
28878 13523 21:0 28920
28886 13968 1:0 29551
28896 13969 1:0 29552
28919 13516 21:0 28920
28919 13526 0:0 28920
28919 13527 0:0 28920
28919 13525 0:0 28920
28919 13524 0:0 28920
28919 13528 0:0 28920
28919 13515 0:0 28920
28919 13521 0:0 28920
28919 13522 21:0 28920
28928 27488 1:0 29588
28929 27489 1:0 29589
28929 27486 1:0 29592
28929 14110 1:0 29683
28929 14250 1:0 29885
28929 14251 1:0 29894
28938 27487 1:0 29599
28938 27457 1:0 29684
28944 14111 1:0 29752
28944 14112 1:0 29753
28944 14113 1:0 29762
28946 14114 1:0 29763
28949 14115 1:0 29772
28964 14116 1:0 29773
29018 27456 1:0 29810
29047 27455 1:0 29809
29107 27454 1:0 29820
29109 13672 21:0 29141
29117 14257 1:0 29904
29117 14403 1:0 30106
29117 14398 1:0 30106
29139 13674 0:0 29141
29140 13669 21:0 29141
29140 13671 0:0 29141
29140 13673 0:0 29141
29140 13663 0:0 29141
29140 13670 0:0 29141
29140 13668 0:0 29141
29140 13675 0:0 29141
29140 13662 21:0 29141
29149 27424 1:0 29904
29150 14256 1:0 29963
29150 14258 1:0 29973
29150 14259 1:0 29974
29150 14260 1:0 29983
29150 14261 1:0 29984
29150 14262 1:0 29993
29150 14263 1:0 29994
29159 27422 1:0 30030
29159 27423 1:0 30031
29167 27421 1:0 30041
29170 14397 1:0 30115
29170 14404 1:0 30125
29198 27391 1:0 30126
29239 14406 1:0 30195
29239 14410 1:0 30215
29252 14405 1:0 30194
29267 14407 1:0 30204
29268 14408 1:0 30205
29268 14409 1:0 30214
29327 13820 21:0 29362
29338 27390 1:0 30252
29360 13821 0:0 29362
29360 13818 0:0 29362
29361 13810 21:0 29362
29361 13817 0:0 29362
29361 13819 0:0 29362
29361 13809 21:0 29362
29361 13822 0:0 29362
29361 13816 0:0 29362
29361 13815 21:0 29362
29370 27389 1:0 30251
29371 27388 1:0 30262
29371 27380 1:0 30277
29371 27374 1:0 30301
29380 14550 1:0 30336
29380 14545 1:0 30346
29380 27358 1:0 30347
29380 14552 1:0 30415
29380 14553 1:0 30416
29380 14557 1:0 30436
29386 14544 1:0 30375
29386 14551 1:0 30406
29386 14554 1:0 30425
29386 14555 1:0 30426
29386 14556 1:0 30435
29407 27357 1:0 30473
29468 27356 1:0 30472
29489 27355 1:0 30483
29490 14697 1:0 30548
29490 14692 1:0 30548
29490 14698 1:0 30557
29539 27341 1:0 30516
29541 13964 21:0 29583
29549 14691 1:0 30567
29549 14838 1:0 30769
29549 14844 1:0 30778
29549 14839 1:0 30788
29559 14703 1:0 30656
29581 13965 0:0 29583
29581 13966 0:0 29583
29582 13962 21:0 29583
29582 13963 21:0 29583
29582 13968 0:0 29583
29582 13956 21:0 29583
29582 13967 0:0 29583
29582 13969 0:0 29583
29582 13957 0:0 29583
29591 27325 1:0 30568
29592 14699 1:0 30636
29592 14700 1:0 30637
29592 14701 1:0 30646
29592 14702 1:0 30647
29592 14704 1:0 30657
29601 27323 1:0 30693
29601 27324 1:0 30694
29607 27322 1:0 30704
29609 27294 1:0 30737
29612 17029 1:0 30737
29627 27305 1:0 30743
29628 14847 1:0 30858
29689 27292 1:0 30906
29694 14846 1:0 30857
29709 14848 1:0 30867
29710 14845 1:0 30848
29710 14849 1:0 30868
29710 14986 1:0 30990
29711 14850 1:0 30877
29760 14851 1:0 30878
29762 14111 21:0 29804
29770 14992 1:0 30990
29770 14985 1:0 30999
29770 14991 1:0 31009
29802 14115 0:0 29804
29803 14112 0:0 29804
29803 14113 0:0 29804
29803 14114 0:0 29804
29803 14116 0:0 29804
29803 14110 21:0 29804
29803 14109 21:0 29804
29803 14103 21:0 29804
29803 14104 21:0 29804
29812 67 1:0 30909
29812 27291 1:0 30915
29813 27290 1:0 30914
29813 27267 1:0 31017
29813 14993 1:0 31078
29822 27289 1:0 30925
29822 27259 1:0 31009
29828 14994 1:0 31079
29828 14995 1:0 31088
29828 14996 1:0 31089
29830 14997 1:0 31098
29833 14998 1:0 31099
29861 27258 1:0 31136
29930 27257 1:0 31135
29981 27256 1:0 31146
29983 14258 21:0 30025
29991 27254 1:0 31156
30001 15132 1:0 31211
30001 15139 1:0 31220
30001 15138 1:0 31230
30023 14260 0:0 30025
30023 14259 0:0 30025
30024 14256 0:0 30025
30024 14263 0:0 30025
30024 14262 0:0 30025
30024 14261 0:0 30025
30024 14257 21:0 30025
30024 14251 21:0 30025
30024 14250 21:0 30025
30033 27226 1:0 31231
30034 15133 1:0 31260
30034 15140 1:0 31299
30034 15141 1:0 31300
30034 15142 1:0 31309
30034 15143 1:0 31310
30034 15144 1:0 31319
30034 15145 1:0 31320
30043 27224 1:0 31356
30043 27225 1:0 31357
30051 27223 1:0 31367
30054 15286 1:0 31432
30054 15285 1:0 31441
30054 15279 1:0 31451
30082 27193 1:0 31452
30123 15287 1:0 31520
30123 15288 1:0 31521
30136 15289 1:0 31530
30151 15280 1:0 31481
30151 15290 1:0 31531
30152 15291 1:0 31540
30152 15292 1:0 31541
30221 14410 21:0 30246
30244 14409 0:0 30246
30244 14408 0:0 30246
30245 14407 0:0 30246
30245 14406 0:0 30246
30245 14405 0:0 30246
30245 14404 21:0 30246
30245 14397 21:0 30246
30245 14398 21:0 30246
30245 14403 21:0 30246
30254 27192 1:0 31578
30255 27191 1:0 31577
30255 27190 1:0 31588
30255 27177 1:0 31590
30255 26113 1:0 31590
30264 22811 1:0 31593
30264 21160 1:0 31593
30264 24462 1:0 31593
30264 19509 1:0 31618
30264 17858 1:0 31618
30264 15433 1:0 31618
30264 15427 1:0 31618
30264 15426 1:0 31618
30264 334 1:0 31643
30264 16207 1:0 31672
30264 15434 1:0 31741
30264 15435 1:0 31742
30264 15436 1:0 31751
30270 15432 1:0 31731
30270 15437 1:0 31752
30270 15438 1:0 31761
30272 15439 1:0 31762
30442 14557 21:0 30467
30465 14556 0:0 30467
30465 14555 0:0 30467
30465 14553 0:0 30467
30465 14552 0:0 30467
30466 14544 0:0 30467
30466 14551 0:0 30467
30466 14554 0:0 30467
30466 14545 21:0 30467
30466 14550 21:0 30467
30666 14703 21:0 30688
30687 14692 21:0 30688
30687 14704 0:0 30688
30687 14700 0:0 30688
30687 14698 21:0 30688
30687 14691 21:0 30688
30687 14699 0:0 30688
30687 14701 0:0 30688
30687 14702 0:0 30688
30687 14697 21:0 30691
30864 14847 21:0 30909
30907 14848 0:0 30909
30908 14845 0:0 30909
30908 14839 21:0 30909
30908 14849 0:0 30909
30908 14851 0:0 30909
30908 14846 0:0 30909
30908 14850 0:0 30909
30908 14838 21:0 30909
30908 14844 21:0 30909
31088 14993 21:0 31130
31128 14995 0:0 31130
31129 14998 0:0 31130
31129 14994 0:0 31130
31129 14996 0:0 31130
31129 14986 21:0 31130
31129 14992 21:0 31130
31129 14985 21:0 31130
31129 14997 0:0 31130
31129 14991 21:0 31130
31309 15140 21:0 31351
31349 15144 0:0 31351
31350 15139 21:0 31351
31350 15132 21:0 31351
31350 15145 0:0 31351
31350 15143 0:0 31351
31350 15142 0:0 31351
31350 15141 0:0 31351
31350 15133 0:0 31351
31350 15138 21:0 31351
31530 15287 21:0 31572
31570 15289 0:0 31572
31571 15288 0:0 31572
31571 15285 21:0 31572
31571 15290 0:0 31572
31571 15286 21:0 31572
31571 15279 21:0 31572
31571 15280 0:0 31572
31571 15292 0:0 31572
31571 15291 0:0 31572
31748 15435 21:0 159
