255 48324 0:0 257
256 48323 0:0 257
256 48224 0:0 258
256 48223 0:0 258
257 48229 0:0 259
257 48230 0:0 259
292 48235 0:0 304
292 48234 0:0 304
292 48233 0:0 304
292 48232 0:0 304
292 48231 0:0 304
363 48495 21:0 380
439 48529 21:0 456
591 48595 21:0 608
667 48627 21:0 684
746 48662 21:0 812
814 48692 21:0 822
821 48693 21:0 872
890 48725 21:0 898
1042 48791 21:0 1050
1049 48793 0:0 1050
1050 48794 21:0 1116
1123 48826 21:0 1140
1199 48859 21:0 1216
1275 48892 0:0 1278
1275 48891 0:0 1278
1278 48893 21:0 1344
1575 49023 21:0 1583
1582 49024 0:0 1583
1582 49025 0:0 1583
1583 49026 21:0 1649
1651 49056 0:0 1654
1656 49058 21:0 1673
1658 49057 0:0 1659
1673 49059 0:0 1709
1727 49089 21:0 1735
1734 49090 0:0 1735
1734 49091 0:0 1735
1735 49092 21:0 1801
1803 49122 21:0 1811
1810 49124 0:0 1811
1810 49123 21:0 1861
1861 49125 0:0 1877
1879 49155 0:0 1882
1884 49157 21:0 1901
1886 49156 0:0 1887
1901 49158 0:0 1937
1955 49188 21:0 1963
1960 49190 0:0 1963
1962 49189 0:0 1963
1963 49191 21:0 2029
2031 49221 21:0 2039
2038 49222 0:0 2039
2038 49223 21:0 2089
2089 49224 0:0 2105
2107 49254 21:0 2115
2114 49256 0:0 2115
2114 49255 21:0 2165
2165 49257 0:0 2181
2183 49287 21:0 2191
2190 49289 0:0 2191
2190 49288 21:0 2241
2241 49290 0:0 2257
2259 49320 21:0 2267
2266 49321 0:0 2267
2266 49322 21:0 2317
2317 49323 0:0 2333
2335 49353 21:0 2343
2340 49354 0:0 2343
2340 49355 0:0 2343
2343 49356 21:0 2409
2411 49386 21:0 2419
2418 49388 0:0 2419
2418 49387 21:0 2469
2469 49389 0:0 2485
2487 49419 21:0 2495
2494 49421 0:0 2495
2494 49420 21:0 2545
2545 49422 0:0 2561
2563 49452 21:0 2571
2570 49453 0:0 2571
2570 49454 21:0 2621
2621 49455 0:0 2637
2736 48893 1:0 3093
2737 48892 1:0 3100
2745 48891 1:0 3099
2745 48859 1:0 3222
2762 328 21:0 2776
2769 48826 1:0 3344
2858 48794 1:0 3459
2859 48793 1:0 3466
2867 48791 1:0 3475
2867 48725 1:0 3719
2877 48693 1:0 3831
2980 48692 1:0 3841
2981 48662 1:0 3947
2989 48627 1:0 4075
2989 48595 1:0 4198
2999 48529 1:0 4442
3013 329 1:0 5895
3102 48495 1:0 4563
3103 49455 1:0 6159
3111 49454 1:0 6167
3117 49453 1:0 6166
3135 49452 1:0 6177
3224 49422 1:0 6290
3225 49420 1:0 6297
3233 49421 1:0 6298
3239 49419 1:0 6308
4745 50465 21:0 4753
4752 50466 0:0 4753
4752 50467 0:0 4753
4753 50468 21:0 4819
4821 50498 21:0 4829
4828 50500 0:0 4829
4828 50499 0:0 4829
4829 50501 21:0 4895
4897 50531 21:0 4905
4904 50533 0:0 4905
4904 50532 21:0 4955
4955 50534 0:0 4971
4973 50564 21:0 4981
4980 50566 0:0 4981
4980 50565 21:0 5031
5031 50567 0:0 5047
5049 50597 21:0 5057
5056 50599 0:0 5057
5056 50598 21:0 5107
5107 50600 0:0 5123
5125 50630 21:0 5133
5132 50631 0:0 5133
5132 50632 21:0 5183
5183 50633 0:0 5199
5201 50663 21:0 5209
5208 50665 0:0 5209
5208 50664 21:0 5259
5259 50666 0:0 5275
5277 50696 21:0 5285
5284 50698 0:0 5285
5284 50697 21:0 5335
5335 50699 0:0 5351
5353 50729 21:0 5361
5360 50731 0:0 5361
5360 50730 21:0 5411
5411 50732 0:0 5427
5429 50762 21:0 5437
5434 50764 0:0 5437
5434 50763 0:0 5437
5437 50765 21:0 5503
5505 50795 0:0 5508
5510 50796 21:0 5527
5512 50797 0:0 5513
5527 50798 0:0 5563
5581 50828 0:0 5584
5586 50830 21:0 5603
5588 50829 0:0 5589
5603 50831 0:0 5639
5657 50861 21:0 5665
5662 50863 0:0 5665
5662 50862 0:0 5665
5665 50864 21:0 5731
5733 50894 21:0 5741
5907 49389 1:0 6421
5908 49387 1:0 6428
5917 49388 1:0 6429
5917 49386 1:0 6439
5923 49356 1:0 6552
5936 329 21:0 5950
5944 49354 1:0 6559
5956 49355 1:0 6560
6038 49353 1:0 6570
6039 49323 1:0 6683
6048 49321 1:0 6690
6048 49322 1:0 6691
6056 49320 1:0 6701
6074 49290 1:0 6814
6169 49288 1:0 6821
6170 49289 1:0 6822
6170 49287 1:0 6832
6179 49257 1:0 6945
6179 49255 1:0 6952
6187 49256 1:0 6953
6206 49254 1:0 6963
6300 49224 1:0 7076
6301 49223 1:0 7084
6310 49222 1:0 7083
6310 49221 1:0 7094
6316 49191 1:0 7207
6320 49190 1:0 7215
6337 49189 1:0 7214
6431 49188 1:0 7225
6432 49158 1:0 7338
6441 49156 1:0 7345
6441 49157 1:0 7346
6447 49155 1:0 7356
6451 49125 1:0 7469
6480 49123 1:0 7476
6562 49124 1:0 7477
6563 49122 1:0 7487
6572 49092 1:0 7600
6572 49091 1:0 7608
6578 49090 1:0 7607
6583 49089 1:0 7618
6611 49059 1:0 7731
6693 49058 1:0 7739
6694 49057 1:0 7738
6703 49056 1:0 7749
6703 49026 1:0 7862
6709 49025 1:0 7870
6714 49024 1:0 7869
6742 49023 1:0 7880
6824 330 1:0 9210
8060 51907 21:0 8068
8067 51909 0:0 8068
8067 51908 21:0 8118
8118 51910 0:0 8134
8136 51940 21:0 8144
8143 51941 0:0 8144
8143 51942 21:0 8194
8194 51943 0:0 8210
8212 51973 21:0 8220
8219 51975 0:0 8220
8219 51974 0:0 8220
8220 51976 21:0 8286
8288 52006 21:0 8296
8295 52007 0:0 8296
8295 52008 21:0 8346
8346 52009 0:0 8362
8364 52039 21:0 8372
8371 52041 0:0 8372
8371 52040 21:0 8422
8422 52042 0:0 8438
8440 52072 21:0 8448
8447 52074 0:0 8448
8447 52073 21:0 8498
8498 52075 0:0 8514
8516 52105 21:0 8524
8523 52107 0:0 8524
8523 52106 21:0 8574
8574 52108 0:0 8590
8592 52138 21:0 8600
8599 52139 0:0 8600
8599 52140 21:0 8650
8650 52141 0:0 8666
8668 52171 0:0 8671
8673 52172 21:0 8690
8675 52173 0:0 8676
8690 52174 0:0 8726
8744 52204 0:0 8747
8749 52205 21:0 8766
8751 52206 0:0 8752
8766 52207 0:0 8802
8820 52237 0:0 8823
8825 52238 21:0 8842
8827 52239 0:0 8828
8842 52240 0:0 8878
8896 52270 0:0 8899
8901 52272 21:0 8918
8903 52271 0:0 8904
8918 52273 0:0 8954
9222 50894 1:0 9492
9223 50864 1:0 9605
9232 50862 1:0 9612
9232 50863 1:0 9613
9238 50861 1:0 9623
9251 330 21:0 9265
9259 50831 1:0 9736
9271 50830 1:0 9744
9353 50829 1:0 9743
9354 50828 1:0 9754
9363 50798 1:0 9867
9363 50796 1:0 9874
9371 50797 1:0 9875
9389 50795 1:0 9885
9484 50765 1:0 9998
9485 50763 1:0 10005
9485 50764 1:0 10006
9494 50762 1:0 10016
9494 50732 1:0 10129
9502 50730 1:0 10136
9521 50731 1:0 10137
9615 50729 1:0 10147
9616 50699 1:0 10260
9625 50697 1:0 10267
9625 50698 1:0 10268
9631 50696 1:0 10278
9635 50666 1:0 10391
9652 50664 1:0 10398
9746 50665 1:0 10399
9747 50663 1:0 10409
9756 50633 1:0 10522
9756 50632 1:0 10530
9762 50631 1:0 10529
9766 50630 1:0 10540
9795 50600 1:0 10653
9877 50598 1:0 10660
9878 50599 1:0 10661
9887 50597 1:0 10671
9887 50567 1:0 10784
9893 50565 1:0 10791
9898 50566 1:0 10792
9926 50564 1:0 10802
10008 50534 1:0 10915
10009 50532 1:0 10922
10018 50533 1:0 10923
10018 50531 1:0 10933
10024 50501 1:0 11046
10029 50499 1:0 11053
10057 50500 1:0 11054
10139 50498 1:0 11064
10140 50468 1:0 11177
10149 50466 1:0 11184
10149 50467 1:0 11185
10155 50465 1:0 11195
10157 331 1:0 12525
11375 53349 21:0 11383
11382 53350 0:0 11383
11382 53351 21:0 11433
11433 53352 0:0 11449
11451 53382 21:0 11459
11458 53384 0:0 11459
11458 53383 21:0 11509
11509 53385 0:0 11525
11527 53415 21:0 11535
11534 53416 0:0 11535
11534 53417 21:0 11585
11585 53418 0:0 11601
11603 53448 21:0 11611
11610 53449 0:0 11611
11610 53450 21:0 11661
11661 53451 0:0 11677
11679 53481 21:0 11687
11686 53482 0:0 11687
11686 53483 21:0 11737
11737 53484 0:0 11753
11755 53514 21:0 11763
11762 53516 0:0 11763
11762 53515 21:0 11813
11813 53517 0:0 11829
11831 53547 21:0 11839
11838 53548 0:0 11839
11838 53549 21:0 11889
11889 53550 0:0 11905
11907 53580 21:0 11915
11914 53582 0:0 11915
11914 53581 21:0 11965
11965 53583 0:0 11981
11983 53613 21:0 11991
11988 53615 0:0 11991
11988 53614 0:0 11991
11991 53616 21:0 12057
12059 53646 21:0 12067
12066 53647 0:0 12067
12066 53648 21:0 12117
12117 53649 0:0 12133
12135 53679 21:0 12143
12142 53680 0:0 12143
12142 53681 0:0 12143
12143 53682 21:0 12209
12211 53712 21:0 12219
12218 53714 0:0 12219
12218 53713 21:0 12269
12269 53715 0:0 12285
12287 53745 21:0 12295
12294 53747 0:0 12295
12294 53746 0:0 12295
12295 53748 21:0 12361
12444 53813 21:0 12461
12537 52273 1:0 13051
12538 52272 1:0 13059
12547 52271 1:0 13058
12547 52270 1:0 13069
12553 52240 1:0 13182
12566 331 21:0 12580
12574 52238 1:0 13189
12586 52239 1:0 13190
12668 52237 1:0 13200
12669 52207 1:0 13313
12678 52205 1:0 13320
12678 52206 1:0 13321
12686 52204 1:0 13331
12704 52174 1:0 13444
12799 52172 1:0 13451
12800 52173 1:0 13452
12800 52171 1:0 13462
12809 52141 1:0 13575
12809 52140 1:0 13583
12817 52139 1:0 13582
12836 52138 1:0 13593
12930 52108 1:0 13706
12931 52106 1:0 13713
12940 52107 1:0 13714
12940 52105 1:0 13724
12946 52075 1:0 13837
12950 52073 1:0 13844
12967 52074 1:0 13845
13061 52072 1:0 13855
13062 52042 1:0 13968
13071 52040 1:0 13975
13071 52041 1:0 13976
13077 52039 1:0 13986
13081 52009 1:0 14099
13110 52008 1:0 14107
13192 52007 1:0 14106
13193 52006 1:0 14117
13202 51976 1:0 14230
13202 51975 1:0 14238
13208 51974 1:0 14237
13213 51973 1:0 14248
13241 51943 1:0 14361
13323 51942 1:0 14369
13324 51941 1:0 14368
13333 51940 1:0 14379
13333 51910 1:0 14492
13339 51908 1:0 14499
13344 51909 1:0 14500
13372 51907 1:0 14510
13454 332 1:0 15840
13455 53813 1:0 15981
13455 53748 1:0 16235
13464 53746 1:0 16242
13464 53747 1:0 16243
14690 54791 21:0 14698
14697 54793 0:0 14698
14697 54792 21:0 14748
14748 54794 0:0 14764
14766 54824 21:0 14774
14773 54825 0:0 14774
14773 54826 21:0 14824
14824 54827 0:0 14840
14842 54857 21:0 14850
14849 54858 0:0 14850
14849 54859 21:0 14900
14900 54860 0:0 14916
14918 54890 21:0 14926
14925 54892 0:0 14926
14925 54891 21:0 14976
14976 54893 0:0 14992
14994 54923 21:0 15002
15001 54925 0:0 15002
15001 54924 21:0 15052
15052 54926 0:0 15068
15070 54956 21:0 15078
15077 54958 0:0 15078
15077 54957 21:0 15128
15128 54959 0:0 15144
15146 54989 21:0 15154
15153 54990 0:0 15154
15153 54991 21:0 15204
15204 54992 0:0 15220
15222 55022 21:0 15230
15229 55024 0:0 15230
15229 55023 21:0 15280
15280 55025 0:0 15296
15298 55055 21:0 15306
15305 55056 0:0 15306
15305 55057 21:0 15356
15356 55058 0:0 15372
15374 55088 21:0 15382
15381 55090 0:0 15382
15381 55089 21:0 15432
15432 55091 0:0 15448
15450 55121 21:0 15458
15457 55123 0:0 15458
15457 55122 0:0 15458
15458 55124 21:0 15524
15526 55154 0:0 15529
15531 55155 21:0 15548
15533 55156 0:0 15534
15548 55157 0:0 15584
15602 55187 21:0 15610
15609 55189 0:0 15610
15609 55188 0:0 15610
15610 55190 21:0 15676
15852 53745 1:0 16253
15853 53715 1:0 16366
15862 53713 1:0 16373
15862 53714 1:0 16374
15868 53712 1:0 16384
15881 332 21:0 15895
15889 53682 1:0 16497
15901 53680 1:0 16504
15983 53681 1:0 16505
15984 53679 1:0 16515
15993 53649 1:0 16628
15993 53648 1:0 16636
16001 53647 1:0 16635
16019 53646 1:0 16646
16114 53616 1:0 16759
16115 53614 1:0 16766
16115 53615 1:0 16767
16124 53613 1:0 16777
16124 53583 1:0 16890
16132 53581 1:0 16897
16151 53582 1:0 16898
16245 53580 1:0 16908
16246 53550 1:0 17021
16255 53548 1:0 17028
16255 53549 1:0 17029
16261 53547 1:0 17039
16265 53517 1:0 17152
16282 53515 1:0 17159
16376 53516 1:0 17160
16377 53514 1:0 17170
16386 53484 1:0 17283
16386 53483 1:0 17291
16392 53482 1:0 17290
16396 53481 1:0 17301
16425 53451 1:0 17414
16507 53450 1:0 17422
16508 53449 1:0 17421
16517 53448 1:0 17432
16517 53418 1:0 17545
16523 53417 1:0 17553
16528 53416 1:0 17552
16556 53415 1:0 17563
16638 53385 1:0 17676
16639 53383 1:0 17683
16648 53384 1:0 17684
16648 53382 1:0 17694
16654 53352 1:0 17807
16659 53351 1:0 17815
16687 53350 1:0 17814
16769 53349 1:0 17825
16770 55190 1:0 19550
16770 333 1:0 19155
16779 55188 1:0 19557
16779 55189 1:0 19558
16787 55187 1:0 19568
18005 56233 21:0 18013
18012 56234 0:0 18013
18012 56235 21:0 18063
18063 56236 0:0 18079
18081 56266 21:0 18089
18088 56268 0:0 18089
18088 56267 0:0 18089
18089 56269 21:0 18155
18157 56299 21:0 18165
18164 56300 0:0 18165
18164 56301 21:0 18215
18215 56302 0:0 18231
18233 56332 21:0 18241
18240 56333 0:0 18241
18240 56334 21:0 18291
18291 56335 0:0 18307
18309 56365 21:0 18317
18316 56366 0:0 18317
18316 56367 21:0 18367
18367 56368 0:0 18383
18385 56398 21:0 18393
18392 56399 0:0 18393
18392 56400 21:0 18443
18443 56401 0:0 18459
18461 56431 21:0 18469
18468 56432 0:0 18469
18468 56433 21:0 18519
18519 56434 0:0 18535
18537 56464 21:0 18545
18544 56466 0:0 18545
18544 56465 21:0 18595
18595 56467 0:0 18611
18613 56497 21:0 18621
18620 56499 0:0 18621
18620 56498 0:0 18621
18621 56500 21:0 18687
18689 56530 0:0 18692
18694 56531 21:0 18711
18696 56532 0:0 18697
18711 56533 0:0 18747
18765 56563 21:0 18773
18772 56564 0:0 18773
18772 56565 21:0 18823
18823 56566 0:0 18839
18846 56598 21:0 18863
18848 56597 0:0 18849
18863 56599 0:0 18899
18917 56629 0:0 18920
18922 56630 21:0 18939
18939 56632 0:0 18975
18993 56662 21:0 19001
19000 56663 21:0 19051
19069 56695 21:0 19077
19167 55157 1:0 19681
19168 55155 1:0 19688
19177 55156 1:0 19689
19177 55154 1:0 19699
19183 55124 1:0 19812
19196 333 21:0 19210
19204 55123 1:0 19820
19216 55122 1:0 19819
19298 55121 1:0 19830
19299 55091 1:0 19943
19308 55089 1:0 19950
19308 55090 1:0 19951
19316 55088 1:0 19961
19334 55058 1:0 20074
19429 55057 1:0 20082
19430 55056 1:0 20081
19430 55055 1:0 20092
19439 55025 1:0 20205
19439 55023 1:0 20212
19447 55024 1:0 20213
19466 55022 1:0 20223
19560 54992 1:0 20336
19561 54991 1:0 20344
19570 54990 1:0 20343
19570 54989 1:0 20354
19576 54959 1:0 20467
19580 54957 1:0 20474
19597 54958 1:0 20475
19691 54956 1:0 20485
19692 54926 1:0 20598
19701 54924 1:0 20605
19701 54925 1:0 20606
19707 54923 1:0 20616
19711 54893 1:0 20729
19740 54891 1:0 20736
19822 54892 1:0 20737
19823 54890 1:0 20747
19832 54860 1:0 20860
19832 54859 1:0 20868
19838 54858 1:0 20867
19843 54857 1:0 20878
19871 54827 1:0 20991
19953 54826 1:0 20999
19954 54825 1:0 20998
19963 54824 1:0 21009
19963 54794 1:0 21122
19969 54792 1:0 21129
19974 54793 1:0 21130
20002 54791 1:0 21140
20084 334 1:0 22470
20085 56695 1:0 22621
20085 56663 1:0 22741
20094 56662 1:0 22752
20094 56632 1:0 22865
20102 56630 1:0 22872
21320 57675 21:0 21328
21327 57676 0:0 21328
21327 57677 21:0 21378
21378 57678 0:0 21394
21396 57708 21:0 21404
21403 57709 0:0 21404
21403 57710 0:0 21404
21404 57711 21:0 21470
21472 57741 21:0 21480
21479 57742 0:0 21480
21479 57743 21:0 21530
21530 57744 0:0 21546
21548 57774 21:0 21556
21555 57775 0:0 21556
21555 57776 0:0 21556
21556 57777 21:0 21622
21624 57807 21:0 21632
21631 57809 0:0 21632
21631 57808 21:0 21682
21682 57810 0:0 21698
21700 57840 21:0 21708
21707 57842 0:0 21708
21707 57841 21:0 21758
21758 57843 0:0 21774
21776 57873 21:0 21784
21783 57874 0:0 21784
21783 57875 21:0 21834
21834 57876 0:0 21850
21852 57906 21:0 21860
21859 57907 0:0 21860
21859 57908 0:0 21860
21860 57909 21:0 21926
21928 57939 0:0 21931
21933 57941 21:0 21950
21935 57940 0:0 21936
21950 57942 0:0 21986
22004 57972 0:0 22007
22009 57974 21:0 22026
22011 57973 0:0 22012
22026 57975 0:0 22062
22080 58005 21:0 22088
22087 58007 0:0 22088
22087 58006 0:0 22088
22088 58008 21:0 22154
22156 58038 21:0 22164
22163 58039 0:0 22164
22163 58040 21:0 22214
22214 58041 0:0 22230
22240 58074 21:0 22306
22308 58104 21:0 22316
22315 58105 0:0 22316
22316 58107 21:0 22382
22384 58137 21:0 22392
22482 56629 1:0 22883
22483 56599 1:0 22996
22492 56597 1:0 23003
22492 56598 1:0 23004
22498 56566 1:0 23127
22511 334 21:0 22525
22519 56565 1:0 23135
22531 56564 1:0 23134
22613 56563 1:0 23145
22614 56533 1:0 23258
22623 56531 1:0 23265
22623 56532 1:0 23266
22631 56530 1:0 23276
22649 56500 1:0 23389
22744 56498 1:0 23396
22745 56499 1:0 23397
22745 56497 1:0 23407
22754 56467 1:0 23520
22754 56465 1:0 23527
22762 56466 1:0 23528
22781 56464 1:0 23538
22875 56434 1:0 23651
22876 56433 1:0 23659
22885 56432 1:0 23658
22885 56431 1:0 23669
22891 56401 1:0 23782
22895 56400 1:0 23790
22912 56399 1:0 23789
23006 56398 1:0 23800
23007 56368 1:0 23913
23016 56366 1:0 23920
23016 56367 1:0 23921
23022 56365 1:0 23931
23026 56335 1:0 24044
23055 56334 1:0 24052
23137 56333 1:0 24051
23138 56332 1:0 24062
23147 56302 1:0 24175
23147 56301 1:0 24183
23153 56300 1:0 24182
23158 56299 1:0 24193
23186 56269 1:0 24306
23268 56267 1:0 24313
23269 56268 1:0 24314
23278 56266 1:0 24324
23278 56236 1:0 24437
23284 56235 1:0 24445
23289 56234 1:0 24444
23317 56233 1:0 24455
23399 335 1:0 25785
24635 59117 21:0 24643
24642 59119 0:0 24643
24642 59118 21:0 24693
24693 59120 0:0 24709
24711 59150 21:0 24719
24718 59152 0:0 24719
24718 59151 0:0 24719
24719 59153 21:0 24785
24787 59183 21:0 24795
24794 59184 0:0 24795
24794 59185 21:0 24845
24845 59186 0:0 24861
24863 59216 21:0 24871
24870 59217 0:0 24871
24870 59218 0:0 24871
24871 59219 21:0 24937
24939 59249 21:0 24947
24946 59251 0:0 24947
24946 59250 21:0 24997
24997 59252 0:0 25013
25015 59282 21:0 25023
25022 59283 0:0 25023
25022 59284 21:0 25073
25073 59285 0:0 25089
25091 59315 21:0 25099
25098 59316 0:0 25099
25098 59317 21:0 25149
25149 59318 0:0 25165
25167 59348 21:0 25175
25174 59350 0:0 25175
25174 59349 0:0 25175
25175 59351 21:0 25241
25243 59381 21:0 25251
25250 59383 0:0 25251
25250 59382 0:0 25251
25251 59384 21:0 25317
25319 59414 0:0 25322
25324 59416 21:0 25341
25326 59415 0:0 25327
25341 59417 0:0 25377
25395 59447 0:0 25398
25400 59448 21:0 25417
25402 59449 0:0 25403
25417 59450 0:0 25453
25471 59480 21:0 25479
25478 59482 0:0 25479
25478 59481 21:0 25529
25529 59483 0:0 25545
25797 58137 1:0 25936
25798 58107 1:0 26049
25807 58105 1:0 26056
25807 58104 1:0 26067
25813 58074 1:0 26180
25826 335 21:0 25840
25834 58041 1:0 26311
25846 58040 1:0 26319
25928 58039 1:0 26318
25929 58038 1:0 26329
25938 58008 1:0 26442
25938 58006 1:0 26449
25946 58007 1:0 26450
25964 58005 1:0 26460
26059 57975 1:0 26573
26060 57973 1:0 26580
26060 57974 1:0 26581
26069 57972 1:0 26591
26069 57942 1:0 26704
26077 57941 1:0 26712
26096 57940 1:0 26711
26190 57939 1:0 26722
26191 57909 1:0 26835
26200 57907 1:0 26842
26200 57908 1:0 26843
26206 57906 1:0 26853
26210 57876 1:0 26966
26227 57875 1:0 26974
26321 57874 1:0 26973
26322 57873 1:0 26984
26331 57843 1:0 27097
26331 57841 1:0 27104
26337 57842 1:0 27105
26341 57840 1:0 27115
26370 57810 1:0 27228
26452 57808 1:0 27235
26453 57809 1:0 27236
26462 57807 1:0 27246
26462 57777 1:0 27359
26468 57775 1:0 27366
26473 57776 1:0 27367
26501 57774 1:0 27377
26583 57744 1:0 27490
26584 57743 1:0 27498
26593 57742 1:0 27497
26593 57741 1:0 27508
26599 57711 1:0 27621
26604 57710 1:0 27629
26632 57709 1:0 27628
26714 57708 1:0 27639
26715 57678 1:0 27752
26724 57676 1:0 27759
26724 57677 1:0 27760
26730 57675 1:0 27770
26732 336 1:0 29100
26751 59483 1:0 29626
26845 59481 1:0 29633
26846 59482 1:0 29634
27950 60559 21:0 27958
27957 60560 0:0 27958
27957 60561 0:0 27958
27958 60562 21:0 28024
28026 60592 21:0 28034
28033 60594 0:0 28034
28033 60593 0:0 28034
28034 60595 21:0 28100
28102 60625 21:0 28110
28109 60627 0:0 28110
28109 60626 21:0 28160
28160 60628 0:0 28176
28178 60658 21:0 28186
28185 60659 0:0 28186
28185 60660 0:0 28186
28186 60661 21:0 28252
28254 60691 21:0 28262
28261 60693 0:0 28262
28261 60692 21:0 28312
28312 60694 0:0 28328
28330 60724 21:0 28338
28337 60725 0:0 28338
28337 60726 21:0 28388
28388 60727 0:0 28404
28406 60757 21:0 28414
28413 60758 0:0 28414
28413 60759 21:0 28464
28464 60760 0:0 28480
28482 60790 21:0 28490
28489 60791 0:0 28490
28489 60792 21:0 28540
28540 60793 0:0 28556
28558 60823 21:0 28566
28565 60825 0:0 28566
28565 60824 0:0 28566
28566 60826 21:0 28632
28634 60856 21:0 28642
28641 60857 0:0 28642
28641 60858 21:0 28692
28692 60859 0:0 28708
28710 60889 0:0 28713
28715 60890 21:0 28732
28717 60891 0:0 28718
28732 60892 0:0 28768
28786 60922 0:0 28789
28791 60923 21:0 28808
28793 60924 0:0 28794
28808 60925 0:0 28844
28862 60955 0:0 28865
28867 60957 21:0 28884
28869 60956 0:0 28870
28884 60958 0:0 28920
28938 60988 0:0 28941
28943 60989 21:0 28960
28945 60990 0:0 28946
28960 60991 0:0 28996
29112 59480 1:0 29644
29113 59450 1:0 29757
29122 59448 1:0 29764
29122 59449 1:0 29765
29128 59447 1:0 29775
29141 336 21:0 29155
29149 59417 1:0 29888
29161 59416 1:0 29896
29243 59415 1:0 29895
29244 59414 1:0 29906
29253 59384 1:0 30019
29253 59382 1:0 30026
29261 59383 1:0 30027
29279 59381 1:0 30037
29374 59351 1:0 30150
29375 59349 1:0 30157
29375 59350 1:0 30158
29384 59348 1:0 30168
29384 59318 1:0 30281
29392 59317 1:0 30289
29411 59316 1:0 30288
29505 59315 1:0 30299
29506 59285 1:0 30412
29515 59283 1:0 30419
29515 59284 1:0 30420
29521 59282 1:0 30430
29525 59252 1:0 30543
29542 59250 1:0 30550
29636 59251 1:0 30551
29637 59249 1:0 30561
29646 59219 1:0 30674
29646 59217 1:0 30681
29652 59218 1:0 30682
29656 59216 1:0 30692
29685 59186 1:0 30805
29767 59185 1:0 30813
29768 59184 1:0 30812
29777 59183 1:0 30823
29777 59153 1:0 30936
29783 59151 1:0 30943
29788 59152 1:0 30944
29803 337 1:0 32415
29816 59150 1:0 30954
29898 59120 1:0 31067
29899 59118 1:0 31074
29908 59119 1:0 31075
29908 59117 1:0 31085
29916 60991 1:0 32679
29934 60989 1:0 32686
30029 60990 1:0 32687
30030 60988 1:0 32697
30030 60958 1:0 32810
30039 60956 1:0 32817
30039 60957 1:0 32818
31265 62001 21:0 31273
31272 62003 0:0 31273
31272 62002 21:0 31323
31323 62004 0:0 31339
31341 62034 21:0 31349
31348 62035 0:0 31349
31348 62036 21:0 31399
31399 62037 0:0 31415
31417 62067 21:0 31425
31424 62069 0:0 31425
31424 62068 21:0 31475
31475 62070 0:0 31491
31493 62100 21:0 31501
31500 62101 0:0 31501
31500 62102 0:0 31501
31501 62103 21:0 31567
31569 62133 21:0 31577
31576 62134 0:0 31577
31576 62135 21:0 31627
31627 62136 0:0 31643
31645 62166 21:0 31653
31652 62168 0:0 31653
31652 62167 21:0 31703
31703 62169 0:0 31719
31721 62199 21:0 31729
31728 62201 0:0 31729
31728 62200 21:0 31779
31779 62202 0:0 31795
31797 62232 21:0 31805
31804 62234 0:0 31805
31804 62233 21:0 31855
31855 62235 0:0 31871
31873 62265 0:0 31876
31878 62267 21:0 31895
31880 62266 0:0 31881
31895 62268 0:0 31931
31949 62298 0:0 31952
31954 62299 21:0 31971
31956 62300 0:0 31957
31971 62301 0:0 32007
32025 62331 0:0 32028
32030 62333 21:0 32047
32032 62332 0:0 32033
32047 62334 0:0 32083
32101 62364 21:0 32109
32108 62365 0:0 32109
32108 62366 0:0 32109
32109 62367 21:0 32175
32177 62397 21:0 32185
32184 62398 0:0 32185
32185 62400 21:0 32251
32258 62431 21:0 32275
32427 60955 1:0 32828
32428 60925 1:0 32941
32437 60923 1:0 32948
32437 60924 1:0 32949
32443 60922 1:0 32959
32456 337 21:0 32470
32464 60892 1:0 33072
32476 60890 1:0 33079
32558 60891 1:0 33080
32559 60889 1:0 33090
32568 60859 1:0 33203
32568 60858 1:0 33211
32576 60857 1:0 33210
32594 60856 1:0 33221
32689 60826 1:0 33334
32690 60824 1:0 33341
32690 60825 1:0 33342
32699 60823 1:0 33352
32699 60793 1:0 33465
32707 60792 1:0 33473
32726 60791 1:0 33472
32820 60790 1:0 33483
32821 60760 1:0 33596
32830 60758 1:0 33603
32830 60759 1:0 33604
32836 60757 1:0 33614
32840 60727 1:0 33727
32857 60726 1:0 33735
32951 60725 1:0 33734
32952 60724 1:0 33745
32961 60694 1:0 33858
32961 60692 1:0 33865
32967 60693 1:0 33866
32971 60691 1:0 33876
33000 60661 1:0 33989
33082 60659 1:0 33996
33083 60660 1:0 33997
33092 60658 1:0 34007
33092 60628 1:0 34120
33098 60626 1:0 34127
33103 60627 1:0 34128
33131 60625 1:0 34138
33213 60595 1:0 34251
33214 60594 1:0 34259
33223 60593 1:0 34258
33223 60592 1:0 34269
33229 60562 1:0 34382
33234 60560 1:0 34389
33262 60561 1:0 34390
33344 60559 1:0 34400
33345 338 1:0 35730
34580 63443 21:0 34588
34587 63445 0:0 34588
34587 63444 21:0 34638
34638 63446 0:0 34654
34656 63476 21:0 34664
34663 63478 0:0 34664
34663 63477 0:0 34664
34664 63479 21:0 34730
34732 63509 21:0 34740
34739 63511 0:0 34740
34739 63510 21:0 34790
34790 63512 0:0 34806
34808 63542 21:0 34816
34815 63544 0:0 34816
34815 63543 21:0 34866
34866 63545 0:0 34882
34884 63575 21:0 34892
34891 63576 0:0 34892
34891 63577 21:0 34942
34942 63578 0:0 34958
34960 63608 21:0 34968
34967 63609 0:0 34968
34967 63610 21:0 35018
35018 63611 0:0 35034
35036 63641 21:0 35044
35043 63642 0:0 35044
35043 63643 21:0 35094
35094 63644 0:0 35110
35112 63674 21:0 35120
35119 63676 0:0 35120
35119 63675 21:0 35170
35170 63677 0:0 35186
35188 63707 21:0 35196
35195 63708 0:0 35196
35195 63709 21:0 35246
35246 63710 0:0 35262
35264 63740 21:0 35272
35269 63741 0:0 35272
35269 63742 0:0 35272
35272 63743 21:0 35338
35340 63773 0:0 35343
35345 63774 21:0 35362
35347 63775 0:0 35348
35362 63776 0:0 35398
35416 63806 21:0 35424
35423 63807 0:0 35424
35423 63808 0:0 35424
35424 63809 21:0 35490
35492 63839 21:0 35500
35742 62431 1:0 36001
35743 62400 1:0 36125
35752 62398 1:0 36132
35752 62397 1:0 36143
35758 62367 1:0 36256
35771 338 21:0 35785
35779 62365 1:0 36263
35791 62366 1:0 36264
35873 62364 1:0 36274
35874 62334 1:0 36387
35883 62332 1:0 36394
35883 62333 1:0 36395
35891 62331 1:0 36405
35909 62301 1:0 36518
36004 62299 1:0 36525
36005 62300 1:0 36526
36005 62298 1:0 36536
36014 62268 1:0 36649
36014 62267 1:0 36657
36022 62266 1:0 36656
36041 62265 1:0 36667
36135 62235 1:0 36780
36136 62233 1:0 36787
36145 62234 1:0 36788
36145 62232 1:0 36798
36151 62202 1:0 36911
36155 62200 1:0 36918
36172 62201 1:0 36919
36266 62199 1:0 36929
36267 62169 1:0 37042
36276 62167 1:0 37049
36276 62168 1:0 37050
36282 62166 1:0 37060
36286 62136 1:0 37173
36315 62135 1:0 37181
36397 62134 1:0 37180
36398 62133 1:0 37191
36407 62103 1:0 37304
36407 62102 1:0 37312
36413 62101 1:0 37311
36418 62100 1:0 37322
36446 62070 1:0 37435
36528 62068 1:0 37442
36529 62069 1:0 37443
36538 62067 1:0 37453
36538 62037 1:0 37566
36544 62036 1:0 37574
36549 62035 1:0 37573
36577 62034 1:0 37584
36659 62004 1:0 37697
36660 62002 1:0 37704
36660 339 1:0 39045
36669 62003 1:0 37705
36669 62001 1:0 37715
36677 63839 1:0 39458
36696 63809 1:0 39571
36790 63808 1:0 39579
36791 63807 1:0 39578
37895 64885 21:0 37903
37902 64887 0:0 37903
37902 64886 21:0 37953
37953 64888 0:0 37969
37971 64918 21:0 37979
37978 64919 0:0 37979
37978 64920 21:0 38029
38029 64921 0:0 38045
38047 64951 21:0 38055
38054 64952 0:0 38055
38054 64953 21:0 38105
38105 64954 0:0 38121
38123 64984 21:0 38131
38130 64985 0:0 38131
38130 64986 21:0 38181
38181 64987 0:0 38197
38199 65017 21:0 38207
38206 65019 0:0 38207
38206 65018 21:0 38257
38257 65020 0:0 38273
38275 65050 21:0 38283
38282 65052 0:0 38283
38282 65051 21:0 38333
38333 65053 0:0 38349
38351 65083 21:0 38359
38358 65085 0:0 38359
38358 65084 21:0 38409
38409 65086 0:0 38425
38427 65116 21:0 38435
38434 65117 0:0 38435
38434 65118 21:0 38485
38485 65119 0:0 38501
38503 65149 0:0 38506
38508 65151 21:0 38525
38510 65150 0:0 38511
38525 65152 0:0 38561
38579 65182 21:0 38587
38586 65184 0:0 38587
38586 65183 0:0 38587
38587 65185 21:0 38653
38655 65215 21:0 38663
38662 65217 0:0 38663
38662 65216 21:0 38713
38713 65218 0:0 38729
38731 65248 21:0 38739
38738 65250 0:0 38739
38738 65249 21:0 38789
38789 65251 0:0 38805
38807 65281 21:0 38815
38814 65282 0:0 38815
38814 65283 21:0 38865
38865 65284 0:0 38881
38883 65314 21:0 38891
38890 65316 0:0 38891
38890 65315 21:0 38941
38941 65317 0:0 38957
39057 63806 1:0 39589
39058 63776 1:0 39702
39067 63774 1:0 39709
39067 63775 1:0 39710
39073 63773 1:0 39720
39086 339 21:0 39100
39094 63743 1:0 39833
39106 63742 1:0 39841
39188 63741 1:0 39840
39189 63740 1:0 39851
39198 63710 1:0 39964
39198 63709 1:0 39972
39206 63708 1:0 39971
39224 63707 1:0 39982
39319 63677 1:0 40095
39320 63675 1:0 40102
39320 63676 1:0 40103
39329 63674 1:0 40113
39329 63644 1:0 40226
39337 63643 1:0 40234
39356 63642 1:0 40233
39450 63641 1:0 40244
39451 63611 1:0 40357
39460 63609 1:0 40364
39460 63610 1:0 40365
39466 63608 1:0 40375
39470 63578 1:0 40488
39487 63577 1:0 40496
39581 63576 1:0 40495
39582 63575 1:0 40506
39591 63545 1:0 40619
39591 63543 1:0 40626
39597 63544 1:0 40627
39601 63542 1:0 40637
39630 63512 1:0 40750
39712 63510 1:0 40757
39713 63511 1:0 40758
39722 63509 1:0 40768
39722 63479 1:0 40881
39728 63478 1:0 40889
39733 63477 1:0 40888
39748 340 1:0 42360
39761 63476 1:0 40899
39843 63446 1:0 41012
39844 63444 1:0 41019
39853 63445 1:0 41020
39853 63443 1:0 41030
41210 66327 21:0 41218
41217 66329 0:0 41218
41217 66328 0:0 41218
41218 66330 21:0 41284
41286 66360 21:0 41294
41293 66362 0:0 41294
41293 66361 21:0 41344
41344 66363 0:0 41360
41362 66393 21:0 41370
41369 66394 0:0 41370
41369 66395 21:0 41420
41420 66396 0:0 41436
41438 66426 21:0 41446
41445 66427 0:0 41446
41445 66428 0:0 41446
41446 66429 21:0 41512
41514 66459 21:0 41522
41521 66461 0:0 41522
41521 66460 21:0 41572
41572 66462 0:0 41588
41590 66492 21:0 41598
41597 66494 0:0 41598
41597 66493 21:0 41648
41648 66495 0:0 41664
41666 66525 21:0 41674
41673 66527 0:0 41674
41673 66526 21:0 41724
41724 66528 0:0 41740
41742 66558 21:0 41750
41749 66559 0:0 41750
41749 66560 21:0 41800
41800 66561 0:0 41816
41818 66591 0:0 41821
41823 66593 21:0 41840
41825 66592 0:0 41826
41840 66594 0:0 41876
41894 66624 0:0 41897
41899 66626 21:0 41916
41901 66625 0:0 41902
41916 66627 0:0 41952
41970 66657 21:0 41978
41977 66659 0:0 41978
41977 66658 21:0 42028
42028 66660 0:0 42044
42355 66823 21:0 42364
42372 65317 1:0 42624
42373 65315 1:0 42631
42382 65316 1:0 42632
42382 65314 1:0 42642
42388 65284 1:0 42755
42401 340 21:0 42415
42409 65283 1:0 42763
42421 65282 1:0 42762
42503 65281 1:0 42773
42504 65251 1:0 42886
42513 65249 1:0 42893
42513 65250 1:0 42894
42521 65248 1:0 42904
42539 65218 1:0 43017
42634 65216 1:0 43024
42635 65217 1:0 43025
42635 65215 1:0 43035
42644 65185 1:0 43148
42644 65184 1:0 43156
42652 65183 1:0 43155
42671 65182 1:0 43166
42765 65152 1:0 43279
42766 65151 1:0 43287
42775 65150 1:0 43286
42775 65149 1:0 43297
42781 65119 1:0 43410
42785 65118 1:0 43418
42802 65117 1:0 43417
42896 65116 1:0 43428
42897 65086 1:0 43541
42906 65084 1:0 43548
42906 65085 1:0 43549
42912 65083 1:0 43559
42916 65053 1:0 43672
42945 65051 1:0 43679
43027 65052 1:0 43680
43028 65050 1:0 43690
43037 65020 1:0 43803
43037 65018 1:0 43810
43043 65019 1:0 43811
43048 65017 1:0 43821
43076 64987 1:0 43934
43158 64986 1:0 43942
43159 64985 1:0 43941
43168 64984 1:0 43952
43168 64954 1:0 44065
43174 64953 1:0 44073
43179 64952 1:0 44072
43207 64951 1:0 44083
43289 64921 1:0 44196
43290 64920 1:0 44204
43299 64919 1:0 44203
43299 64918 1:0 44214
43305 64888 1:0 44327
43325 64886 1:0 44334
43338 64887 1:0 44335
43420 64885 1:0 44345
43421 341 1:0 45675
43430 66823 1:0 45684
44525 67769 21:0 44533
44532 67770 0:0 44533
44532 67771 21:0 44583
44583 67772 0:0 44599
44601 67802 21:0 44609
44608 67803 0:0 44609
44608 67804 21:0 44659
44659 67805 0:0 44675
44677 67835 21:0 44685
44684 67837 0:0 44685
44684 67836 21:0 44735
44735 67838 0:0 44751
44753 67868 21:0 44761
44760 67870 0:0 44761
44760 67869 21:0 44811
44811 67871 0:0 44827
44829 67901 21:0 44837
44836 67902 0:0 44837
44836 67903 21:0 44887
44887 67904 0:0 44903
44905 67934 21:0 44913
44912 67935 0:0 44913
44912 67936 21:0 44963
44963 67937 0:0 44979
44981 67967 21:0 44989
44988 67969 0:0 44989
44988 67968 21:0 45039
45039 67970 0:0 45055
45057 68000 21:0 45065
45064 68001 0:0 45065
45064 68002 21:0 45115
45115 68003 0:0 45131
45133 68033 0:0 45136
45138 68034 21:0 45155
45140 68035 0:0 45141
45155 68036 0:0 45191
45209 68066 21:0 45217
45214 68068 0:0 45217
45216 68067 0:0 45217
45217 68069 21:0 45283
45285 68099 21:0 45293
45292 68100 0:0 45293
45292 68101 21:0 45343
45343 68102 0:0 45359
45361 68132 21:0 45369
45366 68134 0:0 45369
45368 68133 0:0 45369
45369 68135 21:0 45435
45437 68165 21:0 45445
45444 68167 0:0 45445
45444 68166 21:0 45495
45495 68168 0:0 45511
45513 68198 21:0 45521
45520 68200 21:0 45571
45589 68231 21:0 45597
45596 68233 21:0 45647
45647 68234 0:0 45663
45687 66660 1:0 46332
45688 66658 1:0 46339
45697 66659 1:0 46340
45697 66657 1:0 46350
45703 66627 1:0 46463
45716 341 21:0 45730
45724 66626 1:0 46471
45736 66625 1:0 46470
45818 66624 1:0 46481
45819 66594 1:0 46594
45828 66592 1:0 46601
45828 66593 1:0 46602
45836 66591 1:0 46612
45854 66561 1:0 46725
45949 66560 1:0 46733
45950 66559 1:0 46732
45950 66558 1:0 46743
45959 66528 1:0 46856
45959 66526 1:0 46863
45967 66527 1:0 46864
45986 66525 1:0 46874
46080 66495 1:0 46987
46081 66493 1:0 46994
46090 66494 1:0 46995
46090 66492 1:0 47005
46096 66462 1:0 47118
46100 66460 1:0 47125
46117 66461 1:0 47126
46211 66459 1:0 47136
46212 66429 1:0 47249
46221 66427 1:0 47256
46221 66428 1:0 47257
46227 66426 1:0 47267
46231 66396 1:0 47380
46260 66395 1:0 47388
46342 66394 1:0 47387
46343 66393 1:0 47398
46352 66363 1:0 47511
46352 66361 1:0 47518
46358 66362 1:0 47519
46363 66360 1:0 47529
46378 342 1:0 48990
46391 66330 1:0 47642
46473 66328 1:0 47649
46474 66329 1:0 47650
46483 66327 1:0 47660
46483 68234 1:0 49123
47840 69211 21:0 47848
47847 69213 0:0 47848
47847 69212 21:0 47898
47898 69214 0:0 47914
47916 69244 21:0 47924
47923 69245 0:0 47924
47923 69246 21:0 47974
47974 69247 0:0 47990
47992 69277 21:0 48000
47999 69279 0:0 48000
47999 69278 21:0 48050
48050 69280 0:0 48066
48068 69310 21:0 48076
48075 69312 0:0 48076
48075 69311 21:0 48126
48126 69313 0:0 48142
48144 69343 21:0 48152
48151 69344 0:0 48152
48151 69345 21:0 48202
48202 69346 0:0 48218
48220 69376 21:0 48228
48227 69377 0:0 48228
48227 69378 21:0 48278
48278 69379 0:0 48294
48296 69409 21:0 48304
48303 69411 0:0 48304
48303 69410 21:0 48354
48354 69412 0:0 48370
48372 69442 21:0 48380
48379 69443 0:0 48380
48379 69444 21:0 48430
48430 69445 0:0 48446
48448 69475 21:0 48456
48455 69476 0:0 48456
48455 69477 21:0 48506
48506 69478 0:0 48522
48524 69508 21:0 48532
48531 69509 0:0 48532
48531 69510 21:0 48582
48582 69511 0:0 48598
48600 69541 21:0 48608
48608 69544 21:0 48674
48681 69576 21:0 48698
48757 69609 21:0 48774
48833 69641 21:0 48850
49002 68233 1:0 49131
49003 68231 1:0 49141
49012 68200 1:0 49262
49012 68198 1:0 49272
49018 68168 1:0 49385
49031 342 21:0 49045
49039 68166 1:0 49392
49051 68167 1:0 49393
49133 68165 1:0 49403
49134 68135 1:0 49516
49143 68133 1:0 49523
49143 68134 1:0 49524
49151 68132 1:0 49534
49169 68102 1:0 49647
49264 68101 1:0 49655
49265 68100 1:0 49654
49265 68099 1:0 49665
49274 68069 1:0 49778
49274 68068 1:0 49786
49282 68067 1:0 49785
49301 68066 1:0 49796
49395 68036 1:0 49909
49396 68034 1:0 49916
49405 68035 1:0 49917
49405 68033 1:0 49927
49411 68003 1:0 50040
49415 68002 1:0 50048
49432 68001 1:0 50047
49526 68000 1:0 50058
49527 67970 1:0 50171
49536 67968 1:0 50178
49536 67969 1:0 50179
49542 67967 1:0 50189
49546 67937 1:0 50302
49575 67936 1:0 50310
49657 67935 1:0 50309
49658 67934 1:0 50320
49667 67904 1:0 50433
49667 67903 1:0 50441
49673 67902 1:0 50440
49678 67901 1:0 50451
49706 67871 1:0 50564
49788 67869 1:0 50571
49789 67870 1:0 50572
49798 67868 1:0 50582
49798 67838 1:0 50695
49804 67836 1:0 50702
49809 67837 1:0 50703
49837 67835 1:0 50713
49919 67805 1:0 50826
49920 67804 1:0 50834
49929 67803 1:0 50833
49929 67802 1:0 50844
49935 67772 1:0 50957
49955 67771 1:0 50965
49968 67770 1:0 50964
50050 67769 1:0 50975
50051 343 1:0 52305
51155 70653 21:0 51163
51162 70654 0:0 51163
51162 70655 0:0 51163
51163 70656 21:0 51229
51231 70686 21:0 51239
51238 70688 0:0 51239
51238 70687 0:0 51239
51239 70689 21:0 51305
51307 70719 21:0 51315
51314 70720 0:0 51315
51314 70721 21:0 51365
51365 70722 0:0 51381
51383 70752 21:0 51391
51390 70753 0:0 51391
51390 70754 21:0 51441
51441 70755 0:0 51457
51459 70785 21:0 51467
51466 70787 0:0 51467
51466 70786 21:0 51517
51517 70788 0:0 51533
51535 70818 21:0 51543
51542 70820 0:0 51543
51542 70819 21:0 51593
51593 70821 0:0 51609
51611 70851 21:0 51619
51618 70853 0:0 51619
51618 70852 21:0 51669
51669 70854 0:0 51685
51687 70884 21:0 51695
51694 70885 0:0 51695
51694 70886 21:0 51745
51745 70887 0:0 51761
51763 70917 0:0 51766
51768 70919 21:0 51785
51770 70918 0:0 51771
51785 70920 0:0 51821
51839 70950 0:0 51842
51844 70952 21:0 51861
51846 70951 0:0 51847
51861 70953 0:0 51897
51915 70983 0:0 51918
51920 70985 21:0 51937
51922 70984 0:0 51923
51937 70986 0:0 51973
51991 71016 21:0 51999
51998 71017 0:0 51999
51998 71018 21:0 52049
52049 71019 0:0 52065
52067 71049 21:0 52075
52072 71050 0:0 52075
52074 71051 0:0 52075
52075 71052 21:0 52141
52143 71082 0:0 52146
52148 71083 21:0 52165
52150 71084 0:0 52151
52165 71085 0:0 52201
52317 69641 1:0 52576
52318 69609 1:0 52708
52327 69576 1:0 52839
52327 69544 1:0 52962
52333 69541 1:0 52980
52346 343 21:0 52360
52354 69511 1:0 53093
52366 69510 1:0 53101
52448 69509 1:0 53100
52449 69508 1:0 53111
52458 69478 1:0 53224
52458 69477 1:0 53232
52466 69476 1:0 53231
52484 69475 1:0 53242
52579 69445 1:0 53355
52580 69443 1:0 53362
52580 69444 1:0 53363
52589 69442 1:0 53373
52589 69412 1:0 53486
52597 69410 1:0 53493
52616 69411 1:0 53494
52710 69409 1:0 53504
52711 69379 1:0 53617
52720 69377 1:0 53624
52720 69378 1:0 53625
52726 69376 1:0 53635
52730 69346 1:0 53748
52747 69345 1:0 53756
52841 69344 1:0 53755
52842 69343 1:0 53766
52851 69313 1:0 53879
52851 69311 1:0 53886
52857 69312 1:0 53887
52861 69310 1:0 53897
52890 69280 1:0 54010
52972 69278 1:0 54017
52973 69279 1:0 54018
52982 69277 1:0 54028
52982 69247 1:0 54141
52988 69246 1:0 54149
52993 69245 1:0 54148
53008 344 1:0 55620
53021 69244 1:0 54159
53103 69214 1:0 54272
53104 69212 1:0 54279
53113 69213 1:0 54280
53113 69211 1:0 54290
53121 71085 1:0 55884
53139 71083 1:0 55891
53234 71084 1:0 55892
53235 71082 1:0 55902
53235 71052 1:0 56015
53244 71050 1:0 56022
53244 71051 1:0 56023
53252 71049 1:0 56033
54470 72095 21:0 54478
54477 72096 0:0 54478
54477 72097 21:0 54528
54528 72098 0:0 54544
54546 72128 21:0 54554
54553 72130 0:0 54554
54553 72129 21:0 54604
54604 72131 0:0 54620
54622 72161 21:0 54630
54629 72162 0:0 54630
54629 72163 21:0 54680
54680 72164 0:0 54696
54698 72194 21:0 54706
54705 72195 0:0 54706
54705 72196 21:0 54756
54756 72197 0:0 54772
54774 72227 21:0 54782
54781 72229 0:0 54782
54781 72228 21:0 54832
54832 72230 0:0 54848
54850 72260 21:0 54858
54857 72261 0:0 54858
54857 72262 21:0 54908
54908 72263 0:0 54924
54926 72293 21:0 54934
54933 72294 0:0 54934
54933 72295 21:0 54984
54984 72296 0:0 55000
55002 72326 21:0 55010
55009 72328 0:0 55010
55009 72327 21:0 55060
55060 72329 0:0 55076
55078 72359 21:0 55086
55085 72361 0:0 55086
55085 72360 0:0 55086
55086 72362 21:0 55152
55154 72392 21:0 55162
55161 72393 0:0 55162
55161 72394 21:0 55212
55212 72395 0:0 55228
55230 72425 0:0 55233
55235 72426 21:0 55252
55237 72427 0:0 55238
55252 72428 0:0 55288
55311 72459 21:0 55328
55313 72460 0:0 55314
55328 72461 0:0 55364
55382 72491 0:0 55385
55387 72493 21:0 55404
55389 72492 0:0 55390
55458 72524 21:0 55466
55465 72526 0:0 55466
55465 72525 21:0 55516
55632 71019 1:0 56146
55633 71018 1:0 56154
55642 71017 1:0 56153
55642 71016 1:0 56164
55648 70986 1:0 56277
55661 344 21:0 55675
55669 70985 1:0 56285
55681 70984 1:0 56284
55763 70983 1:0 56295
55764 70953 1:0 56408
55773 70951 1:0 56415
55773 70952 1:0 56416
55781 70950 1:0 56426
55799 70920 1:0 56539
55894 70919 1:0 56547
55895 70918 1:0 56546
55895 70917 1:0 56557
55904 70887 1:0 56670
55904 70886 1:0 56678
55912 70885 1:0 56677
55931 70884 1:0 56688
56025 70854 1:0 56801
56026 70852 1:0 56808
56035 70853 1:0 56809
56035 70851 1:0 56819
56041 70821 1:0 56932
56045 70819 1:0 56939
56062 70820 1:0 56940
56156 70818 1:0 56950
56157 70788 1:0 57063
56166 70786 1:0 57070
56166 70787 1:0 57071
56172 70785 1:0 57081
56176 70755 1:0 57194
56205 70754 1:0 57202
56287 70753 1:0 57201
56288 70752 1:0 57212
56297 70722 1:0 57325
56297 70721 1:0 57333
56303 70720 1:0 57332
56308 70719 1:0 57343
56336 70689 1:0 57456
56418 70688 1:0 57464
56419 70687 1:0 57463
56428 70686 1:0 57474
56428 70656 1:0 57587
56434 70654 1:0 57594
56439 70655 1:0 57595
56467 70653 1:0 57605
56549 345 1:0 58935
56550 72525 1:0 59206
56550 72526 1:0 59207
56559 72524 1:0 59217
56559 72493 1:0 59338
57785 73537 21:0 57793
57792 73539 0:0 57793
57792 73538 21:0 57843
57843 73540 0:0 57859
57861 73570 21:0 57869
57868 73572 0:0 57869
57868 73571 0:0 57869
57869 73573 21:0 57935
57937 73603 21:0 57945
57944 73605 0:0 57945
57944 73604 21:0 57995
57995 73606 0:0 58011
58013 73636 21:0 58021
58020 73637 0:0 58021
58020 73638 21:0 58071
58071 73639 0:0 58087
58089 73669 21:0 58097
58096 73670 0:0 58097
58096 73671 21:0 58147
58147 73672 0:0 58163
58165 73702 21:0 58173
58172 73703 0:0 58173
58172 73704 21:0 58223
58223 73705 0:0 58239
58241 73735 21:0 58249
58248 73736 0:0 58249
58248 73737 21:0 58299
58299 73738 0:0 58315
58317 73768 21:0 58325
58324 73769 0:0 58325
58324 73770 21:0 58375
58375 73771 0:0 58391
58393 73801 0:0 58396
58398 73802 21:0 58415
58400 73803 0:0 58401
58415 73804 0:0 58451
58469 73834 21:0 58477
58476 73835 0:0 58477
58476 73836 21:0 58527
58527 73837 0:0 58543
58545 73867 21:0 58553
58552 73868 0:0 58553
58552 73869 21:0 58603
58603 73870 0:0 58619
58621 73900 21:0 58629
58628 73901 0:0 58629
58628 73902 21:0 58679
58679 73903 0:0 58695
58697 73933 0:0 58700
58702 73934 21:0 58719
58704 73935 0:0 58705
58719 73936 0:0 58755
58947 72492 1:0 59337
58948 72491 1:0 59348
58957 72461 1:0 59461
58957 72459 1:0 59468
58963 72460 1:0 59469
58976 345 21:0 58990
58984 72428 1:0 59592
58996 72426 1:0 59599
59078 72427 1:0 59600
59079 72425 1:0 59610
59088 72395 1:0 59723
59088 72394 1:0 59731
59096 72393 1:0 59730
59114 72392 1:0 59741
59209 72362 1:0 59854
59210 72360 1:0 59861
59210 72361 1:0 59862
59219 72359 1:0 59872
59219 72329 1:0 59985
59227 72327 1:0 59992
59246 72328 1:0 59993
59340 72326 1:0 60003
59341 72296 1:0 60116
59350 72294 1:0 60123
59350 72295 1:0 60124
59356 72293 1:0 60134
59360 72263 1:0 60247
59377 72262 1:0 60255
59471 72261 1:0 60254
59472 72260 1:0 60265
59481 72230 1:0 60378
59481 72228 1:0 60385
59487 72229 1:0 60386
59491 72227 1:0 60396
59520 72197 1:0 60509
59602 72196 1:0 60517
59603 72195 1:0 60516
59612 72194 1:0 60527
59612 72164 1:0 60640
59618 72163 1:0 60648
59623 72162 1:0 60647
59651 72161 1:0 60658
59733 72131 1:0 60771
59734 72129 1:0 60778
59743 72130 1:0 60779
59743 72128 1:0 60789
59749 72098 1:0 60902
59754 72097 1:0 60910
59782 72096 1:0 60909
59864 72095 1:0 60920
59865 346 1:0 62250
61100 74979 21:0 61108
61107 74981 0:0 61108
61107 74980 21:0 61158
61158 74982 0:0 61174
61176 75012 21:0 61184
61183 75014 0:0 61184
61183 75013 0:0 61184
61184 75015 21:0 61250
61252 75045 21:0 61260
61259 75046 0:0 61260
61259 75047 21:0 61310
61310 75048 0:0 61326
61328 75078 21:0 61336
61335 75080 0:0 61336
61335 75079 21:0 61386
61386 75081 0:0 61402
61404 75111 21:0 61412
61411 75113 0:0 61412
61411 75112 21:0 61462
61462 75114 0:0 61478
61480 75144 21:0 61488
61487 75145 0:0 61488
61487 75146 21:0 61538
61538 75147 0:0 61554
61556 75177 21:0 61564
61563 75179 0:0 61564
61563 75178 21:0 61614
61614 75180 0:0 61630
61632 75210 21:0 61640
61639 75211 0:0 61640
61639 75212 21:0 61690
61690 75213 0:0 61706
61708 75243 21:0 61716
61713 75245 0:0 61716
61715 75244 0:0 61716
61716 75246 21:0 61782
61784 75276 0:0 61787
61789 75278 21:0 61806
61791 75277 0:0 61792
61806 75279 0:0 61842
61860 75309 0:0 61863
61865 75310 21:0 61882
61867 75311 0:0 61868
61882 75312 0:0 61918
61936 75342 21:0 61944
62012 75375 21:0 62020
62093 75409 0:0 62096
62096 75411 21:0 62162
62169 75442 21:0 62186
62262 73936 1:0 62645
62263 73934 1:0 62652
62272 73935 1:0 62653
62272 73933 1:0 62663
62278 73903 1:0 62776
62291 346 21:0 62305
62299 73902 1:0 62784
62311 73901 1:0 62783
62393 73900 1:0 62794
62394 73870 1:0 62907
62403 73868 1:0 62914
62403 73869 1:0 62915
62411 73867 1:0 62925
62429 73837 1:0 63038
62524 73836 1:0 63046
62525 73835 1:0 63045
62525 73834 1:0 63056
62534 73804 1:0 63169
62534 73802 1:0 63176
62542 73803 1:0 63177
62561 73801 1:0 63187
62655 73771 1:0 63300
62656 73770 1:0 63308
62665 73769 1:0 63307
62665 73768 1:0 63318
62671 73738 1:0 63431
62675 73737 1:0 63439
62692 73736 1:0 63438
62786 73735 1:0 63449
62787 73705 1:0 63562
62796 73703 1:0 63569
62796 73704 1:0 63570
62802 73702 1:0 63580
62806 73672 1:0 63693
62835 73671 1:0 63701
62917 73670 1:0 63700
62918 73669 1:0 63711
62927 73639 1:0 63824
62927 73638 1:0 63832
62933 73637 1:0 63831
62938 73636 1:0 63842
62966 73606 1:0 63955
63048 73604 1:0 63962
63049 73605 1:0 63963
63058 73603 1:0 63973
63058 73573 1:0 64086
63064 73572 1:0 64094
63069 73571 1:0 64093
63097 73570 1:0 64104
63179 73540 1:0 64217
63180 73538 1:0 64224
63180 347 1:0 65565
63189 73539 1:0 64225
63189 73537 1:0 64235
63197 75442 1:0 65705
63216 75411 1:0 65829
64415 76421 21:0 64423
64422 76423 0:0 64423
64422 76422 0:0 64423
64423 76424 21:0 64489
64491 76454 21:0 64499
64496 76455 0:0 64499
64498 76456 0:0 64499
64499 76457 21:0 64565
64567 76487 21:0 64575
64574 76488 0:0 64575
64574 76489 21:0 64625
64625 76490 0:0 64641
64643 76520 21:0 64651
64650 76521 0:0 64651
64650 76522 0:0 64651
64651 76523 21:0 64717
64719 76553 21:0 64727
64726 76554 0:0 64727
64726 76555 21:0 64777
64777 76556 0:0 64793
64795 76586 21:0 64803
64802 76587 0:0 64803
64802 76588 21:0 64853
64853 76589 0:0 64869
64871 76619 21:0 64879
64878 76620 0:0 64879
64878 76621 21:0 64929
64929 76622 0:0 64945
64947 76652 21:0 64955
64954 76653 0:0 64955
64954 76654 21:0 65005
65005 76655 0:0 65021
65023 76685 21:0 65031
65028 76686 0:0 65031
65028 76687 0:0 65031
65031 76688 21:0 65097
65099 76718 21:0 65107
65104 76719 0:0 65107
65104 76720 0:0 65107
65107 76721 21:0 65173
65175 76751 0:0 65178
65180 76753 21:0 65197
65182 76752 0:0 65183
65197 76754 0:0 65233
65251 76784 21:0 65259
65258 76786 0:0 65259
65258 76785 21:0 65309
65309 76787 0:0 65325
65327 76817 21:0 65335
65332 76818 0:0 65335
65332 76819 0:0 65335
65335 76820 21:0 65401
65403 76850 21:0 65411
65410 76851 21:0 65461
65577 75409 1:0 65836
65578 75375 1:0 65978
65587 75342 1:0 66109
65587 75312 1:0 66222
65593 75310 1:0 66229
65606 347 21:0 65620
65614 75311 1:0 66230
65626 75309 1:0 66240
65708 75279 1:0 66353
65709 75278 1:0 66361
65718 75277 1:0 66360
65718 75276 1:0 66371
65726 75246 1:0 66484
65744 75245 1:0 66492
65839 75244 1:0 66491
65840 75243 1:0 66502
65840 75213 1:0 66615
65849 75211 1:0 66622
65849 75212 1:0 66623
65857 75210 1:0 66633
65876 75180 1:0 66746
65970 75178 1:0 66753
65971 75179 1:0 66754
65980 75177 1:0 66764
65980 75147 1:0 66877
65986 75146 1:0 66885
65990 75145 1:0 66884
66007 75144 1:0 66895
66101 75114 1:0 67008
66102 75112 1:0 67015
66111 75113 1:0 67016
66111 75111 1:0 67026
66117 75081 1:0 67139
66121 75079 1:0 67146
66150 75080 1:0 67147
66232 75078 1:0 67157
66233 75048 1:0 67270
66242 75046 1:0 67277
66242 75047 1:0 67278
66248 75045 1:0 67288
66253 75015 1:0 67401
66281 75013 1:0 67408
66363 75014 1:0 67409
66364 75012 1:0 67419
66373 74982 1:0 67532
66373 74980 1:0 67539
66379 74981 1:0 67540
66384 74979 1:0 67550
66399 348 1:0 68880
66494 76851 1:0 69151
66495 76850 1:0 69162
66495 76820 1:0 69275
66504 76818 1:0 69282
66504 76819 1:0 69283
66512 76817 1:0 69293
66531 76787 1:0 69406
67730 77863 21:0 67738
67737 77864 0:0 67738
67737 77865 21:0 67788
67788 77866 0:0 67804
67806 77896 21:0 67814
67813 77898 0:0 67814
67813 77897 21:0 67864
67864 77899 0:0 67880
67882 77929 21:0 67890
67889 77930 0:0 67890
67889 77931 21:0 67940
67940 77932 0:0 67956
67958 77962 21:0 67966
67965 77963 0:0 67966
67965 77964 21:0 68016
68016 77965 0:0 68032
68034 77995 0:0 68037
68039 77996 21:0 68056
68041 77997 0:0 68042
68056 77998 0:0 68092
68110 78028 21:0 68118
68117 78029 0:0 68118
68117 78030 21:0 68168
68168 78031 0:0 68184
68186 78061 21:0 68194
68193 78062 0:0 68194
68193 78063 21:0 68244
68244 78064 0:0 68260
68262 78094 21:0 68270
68269 78095 0:0 68270
68269 78096 0:0 68270
68270 78097 21:0 68336
68338 78127 0:0 68341
68343 78128 21:0 68360
68345 78129 0:0 68346
68360 78130 0:0 68396
68414 78160 0:0 68417
68419 78161 21:0 68436
68421 78162 0:0 68422
68436 78163 0:0 68472
68490 78193 21:0 68498
68497 78194 0:0 68498
68497 78195 0:0 68498
68498 78196 21:0 68564
68566 78226 21:0 68574
68571 78227 0:0 68574
68571 78228 0:0 68574
68574 78229 21:0 68640
68642 78259 21:0 68650
68647 78261 0:0 68650
68650 78262 21:0 68716
68718 78292 0:0 68721
68723 78294 21:0 68740
68725 78293 0:0 68726
68892 76785 1:0 69413
68893 76786 1:0 69414
68902 76784 1:0 69424
68902 76754 1:0 69537
68908 76753 1:0 69545
68921 348 21:0 68935
68929 76752 1:0 69544
68941 76751 1:0 69555
69023 76721 1:0 69668
69024 76719 1:0 69675
69033 76720 1:0 69676
69033 76718 1:0 69686
69041 76688 1:0 69799
69059 76686 1:0 69806
69154 76687 1:0 69807
69155 76685 1:0 69817
69155 76655 1:0 69930
69164 76653 1:0 69937
69164 76654 1:0 69938
69172 76652 1:0 69948
69191 76622 1:0 70061
69285 76621 1:0 70069
69286 76620 1:0 70068
69295 76619 1:0 70079
69295 76589 1:0 70192
69301 76588 1:0 70200
69305 76587 1:0 70199
69322 76586 1:0 70210
69416 76556 1:0 70323
69417 76555 1:0 70331
69426 76554 1:0 70330
69426 76553 1:0 70341
69432 76523 1:0 70454
69436 76522 1:0 70462
69465 76521 1:0 70461
69547 76520 1:0 70472
69548 76490 1:0 70585
69557 76488 1:0 70592
69557 76489 1:0 70593
69563 76487 1:0 70603
69568 76457 1:0 70716
69596 76455 1:0 70723
69678 76456 1:0 70724
69679 76454 1:0 70734
69688 76424 1:0 70847
69688 76423 1:0 70855
69694 76422 1:0 70854
69699 76421 1:0 70865
69714 349 1:0 72195
69809 78294 1:0 72467
69810 78293 1:0 72466
69810 78292 1:0 72477
69819 78262 1:0 72590
69819 78261 1:0 72598
71045 79305 21:0 71053
71052 79307 0:0 71053
71052 79306 21:0 71103
71103 79308 0:0 71119
71121 79338 21:0 71129
71128 79340 0:0 71129
71128 79339 21:0 71179
71179 79341 0:0 71195
71197 79371 21:0 71205
71204 79373 0:0 71205
71204 79372 21:0 71255
71255 79374 0:0 71271
71273 79404 21:0 71281
71280 79406 0:0 71281
71280 79405 21:0 71331
71331 79407 0:0 71347
71349 79437 21:0 71357
71356 79439 0:0 71357
71356 79438 21:0 71407
71407 79440 0:0 71423
71425 79470 21:0 71433
71432 79472 0:0 71433
71432 79471 21:0 71483
71483 79473 0:0 71499
71501 79503 21:0 71509
71508 79505 0:0 71509
71508 79504 21:0 71559
71559 79506 0:0 71575
71577 79536 0:0 71580
71582 79538 21:0 71599
71584 79537 0:0 71585
71599 79539 0:0 71635
71653 79569 0:0 71656
71658 79570 21:0 71675
71660 79571 0:0 71661
71675 79572 0:0 71711
71729 79602 21:0 71737
71736 79604 0:0 71737
71736 79603 0:0 71737
71737 79605 21:0 71803
71805 79635 0:0 71808
71810 79636 21:0 71827
71812 79637 0:0 71813
71827 79638 0:0 71863
71881 79668 21:0 71889
71886 79670 0:0 71889
71886 79669 0:0 71889
71889 79671 21:0 71955
71957 79701 21:0 71965
71964 79702 0:0 71965
71964 79703 21:0 72015
72015 79704 0:0 72031
72207 78259 1:0 72608
72208 78229 1:0 72721
72217 78227 1:0 72728
72217 78228 1:0 72729
72223 78226 1:0 72739
72236 349 21:0 72250
72244 78196 1:0 72852
72256 78194 1:0 72859
72338 78195 1:0 72860
72339 78193 1:0 72870
72348 78163 1:0 72983
72348 78161 1:0 72990
72356 78162 1:0 72991
72374 78160 1:0 73001
72469 78130 1:0 73114
72470 78128 1:0 73121
72470 78129 1:0 73122
72479 78127 1:0 73132
72479 78097 1:0 73245
72487 78096 1:0 73253
72506 78095 1:0 73252
72600 78094 1:0 73263
72601 78064 1:0 73376
72610 78062 1:0 73383
72610 78063 1:0 73384
72616 78061 1:0 73394
72620 78031 1:0 73507
72637 78030 1:0 73515
72731 78029 1:0 73514
72732 78028 1:0 73525
72741 77998 1:0 73638
72741 77996 1:0 73645
72747 77997 1:0 73646
72751 77995 1:0 73656
72780 77965 1:0 73769
72862 77964 1:0 73777
72863 77963 1:0 73776
72872 77962 1:0 73787
72872 77932 1:0 73900
72878 77931 1:0 73908
72883 77930 1:0 73907
72911 77929 1:0 73918
72993 77899 1:0 74031
72994 77897 1:0 74038
73003 77898 1:0 74039
73003 77896 1:0 74049
73009 77866 1:0 74162
73014 77865 1:0 74170
73042 77864 1:0 74169
73124 77863 1:0 74180
73125 350 1:0 75510
74360 80747 21:0 74368
74367 80748 0:0 74368
74367 80749 21:0 74418
74418 80750 0:0 74434
74436 80780 21:0 74444
74441 80781 0:0 74444
74443 80782 0:0 74444
74444 80783 21:0 74510
74512 80813 21:0 74520
74519 80815 0:0 74520
74519 80814 21:0 74570
74570 80816 0:0 74586
74588 80846 21:0 74596
74595 80847 0:0 74596
74595 80848 21:0 74646
74646 80849 0:0 74662
74664 80879 0:0 74667
74669 80881 21:0 74686
74671 80880 0:0 74672
74686 80882 0:0 74722
74740 80912 21:0 74748
74747 80914 0:0 74748
74747 80913 21:0 74798
74798 80915 0:0 74814
74816 80945 0:0 74819
74821 80946 21:0 74838
74823 80947 0:0 74824
74838 80948 0:0 74874
74892 80978 21:0 74900
74899 80980 0:0 74900
74899 80979 0:0 74900
74900 80981 21:0 74966
74968 81011 21:0 74976
74975 81012 0:0 74976
74975 81013 21:0 75026
75026 81014 0:0 75042
75044 81044 21:0 75052
75051 81045 0:0 75052
75051 81046 0:0 75052
75052 81047 21:0 75118
75125 81078 21:0 75142
75142 81080 0:0 75178
75201 81112 21:0 75218
75203 81111 0:0 75204
75218 81113 0:0 75254
75272 81143 21:0 75280
75279 81145 21:0 75330
75353 81178 21:0 75370
75429 81211 21:0 75446
75522 79704 1:0 75905
75523 79703 1:0 75913
75532 79702 1:0 75912
75532 79701 1:0 75923
75538 79671 1:0 76036
75551 350 21:0 75565
75559 79670 1:0 76044
75571 79669 1:0 76043
75653 79668 1:0 76054
75654 79638 1:0 76167
75663 79636 1:0 76174
75663 79637 1:0 76175
75671 79635 1:0 76185
75689 79605 1:0 76298
75784 79603 1:0 76305
75785 79604 1:0 76306
75785 79602 1:0 76316
75794 79572 1:0 76429
75794 79570 1:0 76436
75802 79571 1:0 76437
75821 79569 1:0 76447
75915 79539 1:0 76560
75916 79538 1:0 76568
75925 79537 1:0 76567
75925 79536 1:0 76578
75931 79506 1:0 76691
75935 79504 1:0 76698
75952 79505 1:0 76699
76046 79503 1:0 76709
76047 79473 1:0 76822
76056 79471 1:0 76829
76056 79472 1:0 76830
76062 79470 1:0 76840
76066 79440 1:0 76953
76095 79438 1:0 76960
76177 79439 1:0 76961
76178 79437 1:0 76971
76187 79407 1:0 77084
76187 79405 1:0 77091
76193 79406 1:0 77092
76198 79404 1:0 77102
76226 79374 1:0 77215
76308 79372 1:0 77222
76309 79373 1:0 77223
76318 79371 1:0 77233
76318 79341 1:0 77346
76324 79339 1:0 77353
76329 79340 1:0 77354
76357 79338 1:0 77364
76439 79308 1:0 77477
76440 79306 1:0 77484
76440 351 1:0 78825
76449 79307 1:0 77485
76449 79305 1:0 77495
76457 81211 1:0 78966
76476 81178 1:0 79097
76570 81145 1:0 79228
77675 82189 21:0 77683
77682 82190 0:0 77683
77682 82191 21:0 77733
77733 82192 0:0 77749
77751 82222 21:0 77759
77758 82224 0:0 77759
77758 82223 21:0 77809
77809 82225 0:0 77825
77827 82255 21:0 77835
77834 82256 0:0 77835
77834 82257 0:0 77835
77835 82258 21:0 77901
77903 82288 21:0 77911
77910 82290 0:0 77911
77910 82289 21:0 77961
77961 82291 0:0 77977
77979 82321 21:0 77987
77986 82322 0:0 77987
77986 82323 21:0 78037
78037 82324 0:0 78053
78055 82354 21:0 78063
78062 82355 0:0 78063
78062 82356 21:0 78113
78113 82357 0:0 78129
78131 82387 21:0 78139
78138 82388 0:0 78139
78138 82389 21:0 78189
78189 82390 0:0 78205
78207 82420 21:0 78215
78214 82422 0:0 78215
78214 82421 21:0 78265
78265 82423 0:0 78281
78283 82453 21:0 78291
78290 82454 0:0 78291
78290 82455 21:0 78341
78341 82456 0:0 78357
78359 82486 0:0 78362
78364 82487 21:0 78381
78366 82488 0:0 78367
78381 82489 0:0 78417
78435 82519 21:0 78443
78442 82521 0:0 78443
78442 82520 21:0 78493
78493 82522 0:0 78509
78511 82552 21:0 78519
78516 82554 0:0 78519
78516 82553 0:0 78519
78519 82555 21:0 78585
78587 82585 0:0 78590
78592 82587 21:0 78609
78594 82586 0:0 78595
78609 82588 0:0 78645
78663 82618 21:0 78671
78670 82619 0:0 78671
78670 82620 21:0 78721
78837 81143 1:0 79238
78838 81113 1:0 79351
78847 81111 1:0 79358
78847 81112 1:0 79359
78853 81080 1:0 79482
78866 351 21:0 78880
78874 81078 1:0 79489
78886 81047 1:0 79613
78968 81046 1:0 79621
78969 81045 1:0 79620
78978 81044 1:0 79631
78978 81014 1:0 79744
78986 81013 1:0 79752
79004 81012 1:0 79751
79099 81011 1:0 79762
79100 80981 1:0 79875
79100 80980 1:0 79883
79109 80979 1:0 79882
79109 80978 1:0 79893
79117 80948 1:0 80006
79136 80946 1:0 80013
79230 80947 1:0 80014
79231 80945 1:0 80024
79240 80915 1:0 80137
79240 80913 1:0 80144
79246 80914 1:0 80145
79250 80912 1:0 80155
79267 80882 1:0 80268
79361 80881 1:0 80276
79362 80880 1:0 80275
79371 80879 1:0 80286
79371 80849 1:0 80399
79377 80848 1:0 80407
79381 80847 1:0 80406
79410 80846 1:0 80417
79492 80816 1:0 80530
79493 80814 1:0 80537
79502 80815 1:0 80538
79502 80813 1:0 80548
79508 80783 1:0 80661
79513 80781 1:0 80668
79541 80782 1:0 80669
79623 80780 1:0 80679
79624 80750 1:0 80792
79633 80748 1:0 80799
79633 80749 1:0 80800
79639 80747 1:0 80810
79641 352 1:0 82140
79659 82620 1:0 82412
79754 82619 1:0 82411
80990 83631 21:0 80998
80997 83633 0:0 80998
80997 83632 21:0 81048
81048 83634 0:0 81064
81066 83664 21:0 81074
81073 83666 0:0 81074
81073 83665 21:0 81124
81124 83667 0:0 81140
81142 83697 21:0 81150
81149 83699 0:0 81150
81149 83698 21:0 81200
81200 83700 0:0 81216
81218 83730 21:0 81226
81225 83731 0:0 81226
81225 83732 21:0 81276
81276 83733 0:0 81292
81294 83763 21:0 81302
81301 83764 0:0 81302
81301 83765 21:0 81352
81352 83766 0:0 81368
81370 83796 21:0 81378
81377 83797 0:0 81378
81377 83798 21:0 81428
81428 83799 0:0 81444
81446 83829 21:0 81454
81453 83830 0:0 81454
81453 83831 21:0 81504
81504 83832 0:0 81520
81522 83862 21:0 81530
81529 83864 0:0 81530
81529 83863 21:0 81580
81580 83865 0:0 81596
81598 83895 21:0 81606
81603 83897 0:0 81606
81605 83896 0:0 81606
81606 83898 21:0 81672
81674 83928 0:0 81677
81679 83929 21:0 81696
81681 83930 0:0 81682
81696 83931 0:0 81732
81750 83961 0:0 81753
81755 83963 21:0 81772
81757 83962 0:0 81758
81772 83964 0:0 81808
81826 83994 21:0 81834
81833 83996 0:0 81834
81833 83995 21:0 81884
81884 83997 0:0 81900
82152 82618 1:0 82422
82153 82588 1:0 82535
82162 82586 1:0 82542
82162 82587 1:0 82543
82168 82585 1:0 82553
82181 352 21:0 82195
82189 82555 1:0 82666
82201 82553 1:0 82673
82283 82554 1:0 82674
82284 82552 1:0 82684
82293 82522 1:0 82797
82293 82520 1:0 82804
82301 82521 1:0 82805
82319 82519 1:0 82815
82414 82489 1:0 82928
82415 82487 1:0 82935
82415 82488 1:0 82936
82424 82486 1:0 82946
82424 82456 1:0 83059
82432 82455 1:0 83067
82451 82454 1:0 83066
82545 82453 1:0 83077
82546 82423 1:0 83190
82555 82421 1:0 83197
82555 82422 1:0 83198
82561 82420 1:0 83208
82565 82390 1:0 83321
82582 82389 1:0 83329
82676 82388 1:0 83328
82677 82387 1:0 83339
82686 82357 1:0 83452
82686 82356 1:0 83460
82692 82355 1:0 83459
82696 82354 1:0 83470
82725 82324 1:0 83583
82807 82323 1:0 83591
82808 82322 1:0 83590
82817 82321 1:0 83601
82817 82291 1:0 83714
82823 82289 1:0 83721
82828 82290 1:0 83722
82856 82288 1:0 83732
82938 82258 1:0 83845
82939 82257 1:0 83853
82948 82256 1:0 83852
82948 82255 1:0 83863
82954 82225 1:0 83976
82959 82223 1:0 83983
82987 82224 1:0 83984
83069 82222 1:0 83994
83070 82192 1:0 84107
83079 82190 1:0 84114
83079 82191 1:0 84115
83085 82189 1:0 84125
83087 353 1:0 85455
84305 85073 21:0 84313
84312 85074 0:0 84313
84312 85075 21:0 84363
84363 85076 0:0 84379
84381 85106 21:0 84389
84388 85107 0:0 84389
84388 85108 0:0 84389
84389 85109 21:0 84455
84457 85139 21:0 84465
84464 85140 0:0 84465
84464 85141 21:0 84515
84515 85142 0:0 84531
84533 85172 21:0 84541
84540 85174 0:0 84541
84540 85173 21:0 84591
84591 85175 0:0 84607
84609 85205 21:0 84617
84616 85206 0:0 84617
84616 85207 21:0 84667
84667 85208 0:0 84683
84685 85238 21:0 84693
84692 85239 0:0 84693
84692 85240 21:0 84743
84743 85241 0:0 84759
84761 85271 21:0 84769
84768 85272 0:0 84769
84768 85273 21:0 84819
84819 85274 0:0 84835
84837 85304 21:0 84845
84844 85305 0:0 84845
84844 85306 21:0 84895
84895 85307 0:0 84911
84913 85337 0:0 84916
84918 85338 21:0 84935
84920 85339 0:0 84921
84935 85340 0:0 84971
84989 85370 0:0 84992
84994 85371 21:0 85011
84996 85372 0:0 84997
85011 85373 0:0 85047
85065 85403 21:0 85073
85072 85405 0:0 85073
85073 85406 21:0 85139
85141 85436 21:0 85149
85148 85437 0:0 85149
85148 85438 21:0 85199
85199 85439 0:0 85215
85217 85469 21:0 85225
85222 85471 0:0 85225
85224 85470 0:0 85225
85225 85472 21:0 85291
85293 85502 0:0 85296
85298 85503 21:0 85315
85467 83997 1:0 85981
85468 83995 1:0 85988
85477 83996 1:0 85989
85477 83994 1:0 85999
85483 83964 1:0 86112
85496 353 21:0 85510
85504 83963 1:0 86120
85516 83962 1:0 86119
85598 83961 1:0 86130
85599 83931 1:0 86243
85608 83929 1:0 86250
85608 83930 1:0 86251
85616 83928 1:0 86261
85634 83898 1:0 86374
85729 83897 1:0 86382
85730 83896 1:0 86381
85730 83895 1:0 86392
85739 83865 1:0 86505
85739 83863 1:0 86512
85747 83864 1:0 86513
85766 83862 1:0 86523
85860 83832 1:0 86636
85861 83831 1:0 86644
85870 83830 1:0 86643
85870 83829 1:0 86654
85876 83799 1:0 86767
85880 83798 1:0 86775
85897 83797 1:0 86774
85991 83796 1:0 86785
85992 83766 1:0 86898
86001 83764 1:0 86905
86001 83765 1:0 86906
86007 83763 1:0 86916
86011 83733 1:0 87029
86040 83732 1:0 87037
86122 83731 1:0 87036
86123 83730 1:0 87047
86132 83700 1:0 87160
86132 83698 1:0 87167
86138 83699 1:0 87168
86143 83697 1:0 87178
86171 83667 1:0 87291
86253 83665 1:0 87298
86254 83666 1:0 87299
86263 83664 1:0 87309
86263 83634 1:0 87422
86269 83632 1:0 87429
86274 83633 1:0 87430
86302 83631 1:0 87440
86384 354 1:0 88770
86385 85503 1:0 89041
86385 85502 1:0 89052
86394 85472 1:0 89165
86394 85471 1:0 89173
86402 85470 1:0 89172
87620 86515 21:0 87628
87627 86516 0:0 87628
87627 86517 21:0 87678
87678 86518 0:0 87694
87696 86548 21:0 87704
87703 86550 0:0 87704
87703 86549 0:0 87704
87704 86551 21:0 87770
87772 86581 21:0 87780
87779 86582 0:0 87780
87779 86583 21:0 87830
87830 86584 0:0 87846
87848 86614 21:0 87856
87855 86615 0:0 87856
87855 86616 21:0 87906
87906 86617 0:0 87922
87924 86647 21:0 87932
87931 86649 0:0 87932
87931 86648 21:0 87982
87982 86650 0:0 87998
88000 86680 21:0 88008
88007 86681 0:0 88008
88007 86682 21:0 88058
88058 86683 0:0 88074
88076 86713 21:0 88084
88083 86715 0:0 88084
88083 86714 21:0 88134
88134 86716 0:0 88150
88152 86746 21:0 88160
88159 86747 0:0 88160
88159 86748 21:0 88210
88210 86749 0:0 88226
88228 86779 21:0 88236
88233 86780 0:0 88236
88233 86781 0:0 88236
88236 86782 21:0 88302
88304 86812 21:0 88312
88311 86813 0:0 88312
88311 86814 21:0 88362
88362 86815 0:0 88378
88380 86845 21:0 88388
88385 86846 0:0 88388
88385 86847 0:0 88388
88388 86848 21:0 88454
88456 86878 21:0 88464
88463 86880 0:0 88464
88463 86879 0:0 88464
88464 86881 21:0 88530
88532 86911 0:0 88535
88537 86912 21:0 88554
88539 86913 0:0 88540
88554 86914 0:0 88590
88608 86944 21:0 88616
88782 85469 1:0 89183
88783 85439 1:0 89296
88792 85437 1:0 89303
88792 85438 1:0 89304
88798 85436 1:0 89314
88811 354 21:0 88825
88819 85406 1:0 89427
88831 85405 1:0 89435
88913 85403 1:0 89445
88914 85373 1:0 89558
88923 85371 1:0 89565
88923 85372 1:0 89566
88931 85370 1:0 89576
88949 85340 1:0 89689
89044 85338 1:0 89696
89045 85339 1:0 89697
89045 85337 1:0 89707
89054 85307 1:0 89820
89054 85306 1:0 89828
89062 85305 1:0 89827
89081 85304 1:0 89838
89175 85274 1:0 89951
89176 85273 1:0 89959
89185 85272 1:0 89958
89185 85271 1:0 89969
89191 85241 1:0 90082
89195 85240 1:0 90090
89212 85239 1:0 90089
89306 85238 1:0 90100
89307 85208 1:0 90213
89316 85206 1:0 90220
89316 85207 1:0 90221
89322 85205 1:0 90231
89326 85175 1:0 90344
89355 85173 1:0 90351
89437 85174 1:0 90352
89438 85172 1:0 90362
89447 85142 1:0 90475
89447 85141 1:0 90483
89453 85140 1:0 90482
89458 85139 1:0 90493
89486 85109 1:0 90606
89568 85108 1:0 90614
89569 85107 1:0 90613
89578 85106 1:0 90624
89578 85076 1:0 90737
89584 85075 1:0 90745
89589 85074 1:0 90744
89617 85073 1:0 90755
89699 355 1:0 92085
89700 86944 1:0 92367
90935 87957 21:0 90943
90942 87958 0:0 90943
90942 87959 0:0 90943
90943 87960 21:0 91009
91011 87990 21:0 91019
91018 87992 0:0 91019
91018 87991 21:0 91069
91069 87993 0:0 91085
91087 88023 21:0 91095
91094 88024 0:0 91095
91094 88025 21:0 91145
91145 88026 0:0 91161
91163 88056 21:0 91171
91170 88057 0:0 91171
91170 88058 21:0 91221
91221 88059 0:0 91237
91239 88089 21:0 91247
91246 88091 0:0 91247
91246 88090 21:0 91297
91297 88092 0:0 91313
91315 88122 21:0 91323
91322 88124 0:0 91323
91322 88123 21:0 91373
91373 88125 0:0 91389
91391 88155 21:0 91399
91398 88156 0:0 91399
91398 88157 21:0 91449
91449 88158 0:0 91465
91467 88188 21:0 91475
91474 88189 0:0 91475
91474 88190 21:0 91525
91525 88191 0:0 91541
91543 88221 21:0 91551
91550 88223 0:0 91551
91550 88222 0:0 91551
91551 88224 21:0 91617
91619 88254 21:0 91627
91626 88255 0:0 91627
91626 88256 0:0 91627
91627 88257 21:0 91693
91695 88287 21:0 91703
91702 88288 0:0 91703
91702 88289 21:0 91753
91753 88290 0:0 91769
91771 88320 21:0 91779
91778 88322 21:0 91829
91852 88355 21:0 91869
91923 88386 0:0 91926
91928 88387 21:0 91945
92097 86914 1:0 92480
92098 86912 1:0 92487
92107 86913 1:0 92488
92107 86911 1:0 92498
92113 86881 1:0 92611
92126 355 21:0 92140
92134 86880 1:0 92619
92146 86879 1:0 92618
92228 86878 1:0 92629
92229 86848 1:0 92742
92238 86846 1:0 92749
92238 86847 1:0 92750
92246 86845 1:0 92760
92264 86815 1:0 92873
92359 86814 1:0 92881
92360 86813 1:0 92880
92360 86812 1:0 92891
92369 86782 1:0 93004
92369 86781 1:0 93012
92377 86780 1:0 93011
92396 86779 1:0 93022
92490 86749 1:0 93135
92491 86748 1:0 93143
92500 86747 1:0 93142
92500 86746 1:0 93153
92506 86716 1:0 93266
92510 86714 1:0 93273
92527 86715 1:0 93274
92621 86713 1:0 93284
92622 86683 1:0 93397
92631 86681 1:0 93404
92631 86682 1:0 93405
92637 86680 1:0 93415
92641 86650 1:0 93528
92670 86648 1:0 93535
92752 86649 1:0 93536
92753 86647 1:0 93546
92762 86617 1:0 93659
92762 86616 1:0 93667
92768 86615 1:0 93666
92773 86614 1:0 93677
92801 86584 1:0 93790
92883 86583 1:0 93798
92884 86582 1:0 93797
92893 86581 1:0 93808
92893 86551 1:0 93921
92899 86550 1:0 93929
92904 86549 1:0 93928
92932 86548 1:0 93939
93014 86518 1:0 94052
93015 86517 1:0 94060
93015 356 1:0 95400
93024 86516 1:0 94059
93024 86515 1:0 94070
94250 89399 21:0 94258
94257 89401 0:0 94258
94257 89400 21:0 94308
94308 89402 0:0 94324
94326 89432 21:0 94334
94333 89433 0:0 94334
94333 89434 21:0 94384
94384 89435 0:0 94400
94402 89465 21:0 94410
94409 89466 0:0 94410
94409 89467 0:0 94410
94410 89468 21:0 94476
94478 89498 21:0 94486
94485 89500 0:0 94486
94485 89499 21:0 94536
94536 89501 0:0 94552
94554 89531 21:0 94562
94561 89533 0:0 94562
94561 89532 21:0 94612
94612 89534 0:0 94628
94630 89564 21:0 94638
94637 89566 0:0 94638
94637 89565 21:0 94688
94688 89567 0:0 94704
94706 89597 21:0 94714
94713 89598 0:0 94714
94713 89599 21:0 94764
94764 89600 0:0 94780
94782 89630 21:0 94790
94789 89632 0:0 94790
94789 89631 21:0 94840
94840 89633 0:0 94856
94858 89663 21:0 94866
94865 89664 0:0 94866
94865 89665 21:0 94916
94916 89666 0:0 94932
94934 89696 21:0 94942
94941 89698 0:0 94942
94941 89697 21:0 94992
94992 89699 0:0 95008
95010 89729 0:0 95013
95015 89731 21:0 95032
95017 89730 0:0 95018
95032 89732 0:0 95068
95086 89762 21:0 95094
95093 89763 0:0 95094
95093 89764 21:0 95144
95144 89765 0:0 95160
95162 89795 0:0 95165
95167 89797 21:0 95184
95169 89796 0:0 95170
95184 89798 0:0 95220
95412 88387 1:0 95671
95413 88386 1:0 95682
95422 88355 1:0 95803
95422 88322 1:0 95934
95428 88320 1:0 95944
95441 356 21:0 95455
95449 88290 1:0 96057
95461 88289 1:0 96065
95543 88288 1:0 96064
95544 88287 1:0 96075
95553 88257 1:0 96188
95553 88256 1:0 96196
95561 88255 1:0 96195
95579 88254 1:0 96206
95674 88224 1:0 96319
95675 88222 1:0 96326
95675 88223 1:0 96327
95684 88221 1:0 96337
95684 88191 1:0 96450
95692 88190 1:0 96458
95711 88189 1:0 96457
95805 88188 1:0 96468
95806 88158 1:0 96581
95815 88156 1:0 96588
95815 88157 1:0 96589
95821 88155 1:0 96599
95825 88125 1:0 96712
95842 88123 1:0 96719
95936 88124 1:0 96720
95937 88122 1:0 96730
95946 88092 1:0 96843
95946 88090 1:0 96850
95952 88091 1:0 96851
95956 88089 1:0 96861
95985 88059 1:0 96974
96067 88058 1:0 96982
96068 88057 1:0 96981
96077 88056 1:0 96992
96077 88026 1:0 97105
96083 88025 1:0 97113
96088 88024 1:0 97112
96116 88023 1:0 97123
96198 87993 1:0 97236
96199 87991 1:0 97243
96208 87992 1:0 97244
96208 87990 1:0 97254
96214 87960 1:0 97367
96219 87958 1:0 97374
96247 87959 1:0 97375
96329 87957 1:0 97385
96330 89798 1:0 99110
96330 357 1:0 98715
96339 89796 1:0 99117
96339 89797 1:0 99118
97565 90841 21:0 97573
97572 90843 0:0 97573
97572 90842 21:0 97623
97623 90844 0:0 97639
97641 90874 21:0 97649
97648 90875 0:0 97649
97648 90876 21:0 97699
97699 90877 0:0 97715
97717 90907 21:0 97725
97724 90909 0:0 97725
97724 90908 21:0 97775
97775 90910 0:0 97791
97793 90940 21:0 97801
97800 90941 0:0 97801
97800 90942 21:0 97851
97851 90943 0:0 97867
97869 90973 21:0 97877
97876 90974 0:0 97877
97876 90975 21:0 97927
97927 90976 0:0 97943
97945 91006 21:0 97953
97952 91007 0:0 97953
97952 91008 21:0 98003
98003 91009 0:0 98019
98021 91039 21:0 98029
98028 91040 0:0 98029
98028 91041 21:0 98079
98079 91042 0:0 98095
98097 91072 21:0 98105
98104 91073 0:0 98105
98104 91074 21:0 98155
98155 91075 0:0 98171
98173 91105 21:0 98181
98180 91107 0:0 98181
98180 91106 21:0 98231
98231 91108 0:0 98247
98249 91138 21:0 98257
98256 91139 0:0 98257
98256 91140 21:0 98307
98307 91141 0:0 98323
98325 91171 21:0 98333
98332 91173 0:0 98333
98332 91172 21:0 98383
98383 91174 0:0 98399
98401 91204 21:0 98409
98408 91205 0:0 98409
98408 91206 21:0 98459
98459 91207 0:0 98475
98477 91237 21:0 98485
98484 91238 0:0 98485
98484 91239 21:0 98535
98535 91240 0:0 98551
98727 89795 1:0 99128
98728 89765 1:0 99241
98737 89763 1:0 99248
98737 89764 1:0 99249
98743 89762 1:0 99259
98756 357 21:0 98770
98764 89732 1:0 99372
98776 89731 1:0 99380
98858 89730 1:0 99379
98859 89729 1:0 99390
98868 89699 1:0 99503
98868 89697 1:0 99510
98876 89698 1:0 99511
98894 89696 1:0 99521
98989 89666 1:0 99634
98990 89664 1:0 99641
98990 89665 1:0 99642
98999 89663 1:0 99652
98999 89633 1:0 99765
99007 89631 1:0 99772
99026 89632 1:0 99773
99120 89630 1:0 99783
99121 89600 1:0 99896
99130 89598 1:0 99903
99130 89599 1:0 99904
99136 89597 1:0 99914
99140 89567 1:0 100027
99157 89565 1:0 100034
99251 89566 1:0 100035
99252 89564 1:0 100045
99261 89534 1:0 100158
99261 89532 1:0 100165
99267 89533 1:0 100166
99271 89531 1:0 100176
99300 89501 1:0 100289
99382 89499 1:0 100296
99383 89500 1:0 100297
99392 89498 1:0 100307
99392 89468 1:0 100420
99398 89466 1:0 100427
99403 89467 1:0 100428
99431 89465 1:0 100438
99513 89435 1:0 100551
99514 89434 1:0 100559
99523 89433 1:0 100558
99523 89432 1:0 100569
99529 89402 1:0 100682
99534 89400 1:0 100689
99562 89401 1:0 100690
99644 89399 1:0 100700
99645 358 1:0 102030
100880 92283 21:0 100888
100887 92285 0:0 100888
100887 92284 0:0 100888
100888 92286 21:0 100954
100956 92316 0:0 100959
100961 92318 21:0 100978
100963 92317 0:0 100964
100978 92319 0:0 101014
101032 92349 0:0 101035
101037 92350 21:0 101054
101039 92351 0:0 101040
101054 92352 0:0 101090
101108 92382 21:0 101116
101115 92383 0:0 101116
101115 92384 0:0 101116
101116 92385 21:0 101182
101184 92415 21:0 101192
101189 92417 0:0 101192
101189 92416 0:0 101192
101192 92418 21:0 101258
101260 92448 0:0 101263
101265 92450 21:0 101282
101267 92449 0:0 101268
101282 92451 0:0 101318
101336 92481 21:0 101344
101343 92483 0:0 101344
101343 92482 21:0 101394
101394 92484 0:0 101410
101412 92514 0:0 101415
101417 92516 21:0 101434
101419 92515 0:0 101420
101434 92517 0:0 101470
101488 92547 21:0 101496
101493 92548 0:0 101496
101493 92549 0:0 101496
101496 92550 21:0 101562
101564 92580 21:0 101572
101571 92581 0:0 101572
101571 92582 0:0 101572
101572 92583 21:0 101638
101640 92613 21:0 101648
101647 92614 0:0 101648
101647 92615 0:0 101648
101648 92616 21:0 101714
101716 92646 0:0 101719
101721 92648 21:0 101738
101723 92647 0:0 101724
101738 92649 0:0 101774
101792 92679 21:0 101800
102042 328 1:0 2725
102043 91240 1:0 102425
102043 91239 1:0 102433
102052 91238 1:0 102432
102052 91237 1:0 102443
102060 91207 1:0 102556
102071 358 21:0 102085
102079 91206 1:0 102564
102173 91205 1:0 102563
102174 91204 1:0 102574
102183 91174 1:0 102687
102183 91172 1:0 102694
102189 91173 1:0 102695
102193 91171 1:0 102705
102210 91141 1:0 102818
102304 91140 1:0 102826
102305 91139 1:0 102825
102314 91138 1:0 102836
102314 91108 1:0 102949
102320 91106 1:0 102956
102324 91107 1:0 102957
102353 91105 1:0 102967
102435 91075 1:0 103080
102436 91074 1:0 103088
102445 91073 1:0 103087
102445 91072 1:0 103098
102451 91042 1:0 103211
102456 91041 1:0 103219
102484 91040 1:0 103218
102566 91039 1:0 103229
102567 91009 1:0 103342
102576 91007 1:0 103349
102576 91008 1:0 103350
102582 91006 1:0 103360
102587 90976 1:0 103473
102615 90975 1:0 103481
102697 90974 1:0 103480
102698 90973 1:0 103491
102707 90943 1:0 103604
102707 90942 1:0 103612
102713 90941 1:0 103611
102733 90940 1:0 103622
102746 90910 1:0 103735
102828 90908 1:0 103742
102829 90909 1:0 103743
102838 90907 1:0 103753
102838 90877 1:0 103866
102846 90876 1:0 103874
102864 90875 1:0 103873
102959 90874 1:0 103884
102960 90844 1:0 103997
102960 90842 1:0 104004
102969 90843 1:0 104005
102969 90841 1:0 104015
102975 359 1:0 104128
102975 46026 1:0 104232
102979 46027 1:0 104232
102995 46029 1:0 104312
102996 46019 1:0 104236
102996 46018 1:0 104236
103008 46024 1:0 104291
103008 46028 1:0 104311
103090 46025 1:0 104292
103090 46030 1:0 104321
103091 46031 1:0 104322
103091 46173 1:0 104456
103091 46175 1:0 104456
103100 46177 1:0 104457
103100 46174 1:0 104457
103100 46176 1:0 104457
103100 46172 1:0 104457
103100 46166 1:0 104457
103100 46171 1:0 104458
103100 46165 1:0 104458
103106 46178 1:0 104543
103108 46320 1:0 104677
103111 46322 1:0 104677
103127 46324 1:0 104678
103139 46321 1:0 104678
103139 46318 1:0 104679
103221 46323 1:0 104678
103221 46319 1:0 104678
103221 46313 1:0 104678
103221 46312 1:0 104679
103222 46325 1:0 104764
103222 46468 1:0 104895
103222 46459 1:0 104899
103222 46460 1:0 104899
103231 92679 1:0 104811
103231 92648 1:0 104895
103237 46467 1:0 104964
103242 92649 1:0 105013
103258 46469 1:0 104974
103270 46465 1:0 104954
103270 46470 1:0 104975
103352 46466 1:0 104955
103352 46471 1:0 104984
103353 92647 1:0 105021
103353 46472 1:0 104985
103362 92646 1:0 105032
103362 92616 1:0 105119
103368 46614 1:0 105119
103370 46616 1:0 105119
103373 46615 1:0 105120
103388 46607 1:0 105120
103389 46617 1:0 105120
103401 46619 1:0 105120
103483 46613 1:0 105120
103483 46612 1:0 105121
103483 46606 1:0 105121
103483 46618 1:0 105205
103484 92614 1:0 105242
103493 92615 1:0 105243
103493 92613 1:0 105253
103499 92583 1:0 105337
103503 46762 1:0 105337
103504 46753 1:0 105341
103519 46761 1:0 105337
103520 46754 1:0 105341
103520 46759 1:0 105396
103532 46764 1:0 105417
103614 46760 1:0 105397
103614 46763 1:0 105416
103614 46900 1:0 105562
103615 46765 1:0 105426
103615 46766 1:0 105427
103624 92581 1:0 105463
103624 92582 1:0 105464
103630 92580 1:0 105474
103635 92550 1:0 105558
103651 46908 1:0 105558
103663 46901 1:0 105562
103663 46909 1:0 105628
103745 46910 1:0 105637
103745 46911 1:0 105638
103746 46906 1:0 105617
103746 46907 1:0 105618
103746 46912 1:0 105647
103755 92549 1:0 105685
103755 46913 1:0 105648
103761 92548 1:0 105684
103765 92547 1:0 105695
103782 92517 1:0 105711
103794 47057 1:0 105782
103876 92516 1:0 105782
103877 47055 1:0 105782
103877 47058 1:0 105783
103877 47047 1:0 105784
103877 47053 1:0 105784
103886 47056 1:0 105783
103886 47060 1:0 105783
103886 47054 1:0 105783
103886 47048 1:0 105783
103886 47059 1:0 105868
103894 92515 1:0 105905
103912 92514 1:0 105916
103913 47195 1:0 106004
103913 47194 1:0 106004
103925 47202 1:0 106000
103966 47200 1:0 106059
104007 92482 1:0 106000
104008 47201 1:0 106060
104008 47203 1:0 106070
104008 47204 1:0 106079
104017 92484 1:0 106118
104017 47205 1:0 106080
104017 47206 1:0 106089
104023 47207 1:0 106090
104028 92483 1:0 106127
104056 92481 1:0 106137
104097 47349 1:0 106224
104140 92451 1:0 106153
104141 92450 1:0 106224
104141 47341 1:0 106226
104150 47351 1:0 106224
104150 47352 1:0 106225
104150 47350 1:0 106225
104150 47353 1:0 106225
104156 47348 1:0 106225
104156 47347 1:0 106226
104156 47354 1:0 106311
104158 47342 1:0 106225
104169 359 21:0 104183
104177 92449 1:0 106347
104230 92448 1:0 106358
104243 47498 1:0 106445
104259 92418 1:0 106445
104260 47488 1:0 106447
104309 47496 1:0 106445
104318 46029 21:0 104353
104319 47501 1:0 106446
104329 47499 1:0 106446
104351 46030 0:0 104353
104352 46025 0:0 104353
104352 46028 0:0 104353
104352 46027 0:0 104353
104352 46031 0:0 104353
104352 46019 0:0 104353
104352 46024 0:0 104353
104352 46018 0:0 104353
104352 46026 0:0 104353
104354 47497 1:0 106446
104354 47489 1:0 106446
104354 47495 1:0 106446
104354 47494 1:0 106447
104354 47500 1:0 106531
104354 47644 1:0 106663
104354 47635 1:0 106667
104361 92417 1:0 106569
104362 92416 1:0 106568
104362 47636 1:0 106667
104371 92415 1:0 106579
104371 92385 1:0 106663
104377 47643 1:0 106732
104379 47645 1:0 106742
104382 47646 1:0 106743
104397 47641 1:0 106722
104397 47642 1:0 106723
104410 47647 1:0 106752
104451 47648 1:0 106753
104479 92384 1:0 106790
104480 47783 1:0 106888
104480 47782 1:0 106888
104530 92383 1:0 106789
104549 46178 21:0 104574
104550 92382 1:0 106800
104572 46174 0:0 104574
104572 46177 0:0 104574
104572 46173 0:0 104574
104572 46175 0:0 104574
104572 46176 0:0 104574
104573 46166 0:0 104574
104573 46171 0:0 104574
104573 46172 0:0 104574
104573 46165 0:0 104574
104575 92350 1:0 106884
104575 47791 1:0 106884
104575 47790 1:0 106884
104582 47792 1:0 106963
104582 47793 1:0 106964
104583 92352 1:0 107002
104583 47788 1:0 106943
104583 47789 1:0 106944
104592 92351 1:0 107011
104592 47794 1:0 106973
104592 47795 1:0 106974
104600 92349 1:0 107021
104619 92319 1:0 107037
104672 92318 1:0 107108
104685 47937 1:0 107108
104701 47939 1:0 107108
104702 47942 1:0 107109
104751 47938 1:0 107109
104761 47940 1:0 107109
104770 46325 21:0 104795
104771 47936 1:0 107109
104771 47930 1:0 107109
104771 47935 1:0 107110
104793 46323 0:0 104795
104793 46321 0:0 104795
104793 46322 0:0 104795
104793 46320 0:0 104795
104793 46324 0:0 104795
104794 46319 0:0 104795
104794 46313 0:0 104795
104794 46312 0:0 104795
104794 46318 0:0 104795
104796 92317 1:0 107231
104796 47929 1:0 107110
104796 47941 1:0 107194
104796 48084 1:0 107326
104803 92316 1:0 107242
104804 92286 1:0 107326
104804 48076 1:0 107330
104813 48077 1:0 107330
104813 48082 1:0 107385
104813 48083 1:0 107386
104813 48085 1:0 107396
104813 48086 1:0 107405
104813 48087 1:0 107406
104819 48088 1:0 107415
104821 48089 1:0 107416
104840 92284 1:0 107452
104893 92285 1:0 107453
104906 48233 1:0 107550
104922 92283 1:0 107463
104923 48229 1:0 107552
104972 48231 1:0 107550
104974 46467 21:0 105016
104982 48235 1:0 107551
104992 48234 1:0 107551
105014 46469 0:0 105016
105014 46471 0:0 105016
105015 46466 0:0 105016
105015 46459 0:0 105016
105015 46465 0:0 105016
105015 46460 0:0 105016
105015 46468 0:0 105016
105015 46470 0:0 105016
105015 46472 0:0 105016
105017 48323 1:0 107676
105017 48230 1:0 107551
105017 48224 1:0 107551
105017 48232 1:0 107551
105017 48223 1:0 107552
105017 48236 1:0 107637
105017 48324 1:0 107677
105215 46618 21:0 105237
105236 46619 0:0 105237
105236 46613 0:0 105237
105236 46607 0:0 105237
105236 46617 0:0 105237
105236 46614 0:0 105237
105236 46615 0:0 105237
105236 46616 0:0 105237
105236 46606 0:0 105237
105236 46612 0:0 105237
105423 46764 21:0 105458
105456 46761 0:0 105458
105456 46763 0:0 105458
105456 46762 0:0 105458
105457 46759 0:0 105458
105457 46765 0:0 105458
105457 46766 0:0 105458
105457 46754 0:0 105458
105457 46753 0:0 105458
105457 46760 0:0 105458
105634 46909 21:0 105679
105677 46908 0:0 105679
105677 46912 0:0 105679
105678 46900 0:0 105679
105678 46910 0:0 105679
105678 46911 0:0 105679
105678 46913 0:0 105679
105678 46906 0:0 105679
105678 46901 0:0 105679
105678 46907 0:0 105679
105878 47059 21:0 105900
105899 47060 0:0 105900
105899 47048 0:0 105900
105899 47057 0:0 105900
105899 47055 0:0 105900
105899 47056 0:0 105900
105899 47058 0:0 105900
105899 47054 0:0 105900
105899 47047 0:0 105900
105899 47053 0:0 105900
106076 47203 21:0 106121
106119 47202 0:0 106121
106119 47206 0:0 106121
106120 47205 0:0 106121
106120 47204 0:0 106121
106120 47194 0:0 106121
106120 47207 0:0 106121
106120 47195 0:0 106121
106120 47201 0:0 106121
106120 47200 0:0 106121
106317 47354 21:0 106342
106340 47351 0:0 106342
106340 47352 0:0 106342
106340 47353 0:0 106342
106340 47350 0:0 106342
106340 47349 0:0 106342
106341 47347 0:0 106342
106341 47348 0:0 106342
106341 47342 0:0 106342
106341 47341 0:0 106342
106541 47500 21:0 106563
106562 47501 0:0 106563
106562 47497 0:0 106563
106562 47498 0:0 106563
106562 47488 0:0 106563
106562 47495 0:0 106563
106562 47489 0:0 106563
106562 47496 0:0 106563
106562 47499 0:0 106563
106562 47494 0:0 106563
106742 47643 21:0 106784
106782 47645 0:0 106784
106783 47644 0:0 106784
106783 47642 0:0 106784
106783 47641 0:0 106784
106783 47636 0:0 106784
106783 47646 0:0 106784
106783 47647 0:0 106784
106783 47648 0:0 106784
106783 47635 0:0 106784
106970 47793 21:0 107005
107003 47794 0:0 107005
107004 47783 0:0 107005
107004 47782 0:0 107005
107004 47789 0:0 107005
107004 47788 0:0 107005
107004 47795 0:0 107005
107004 47792 0:0 107005
107004 47791 0:0 107005
107004 47790 0:0 107005
107204 47941 21:0 107226
107225 47942 0:0 107226
107225 47940 0:0 107226
107225 47939 0:0 107226
107225 47938 0:0 107226
107225 47937 0:0 107226
107225 47930 0:0 107226
107225 47935 0:0 107226
107225 47929 0:0 107226
107225 47936 0:0 107226
107402 48085 21:0 107447
107445 48088 0:0 107447
107446 48076 0:0 107447
107446 48077 0:0 107447
107446 48083 0:0 107447
107446 48084 0:0 107447
107446 48086 0:0 107447
107446 48082 0:0 107447
107446 48089 0:0 107447
107446 48087 0:0 107447
107643 48236 21:0 293
