49 8780 21:0 49
51 8652 21:0 88
60 8781 21:0 60
87 8654 21:0 93
88 8787 21:0 88
92 8656 21:0 104
93 8789 21:0 93
103 8790 21:0 106
103 8651 21:0 104
103 8647 21:0 104
103 8744 21:0 104
103 8655 21:0 104
106 8802 21:0 114
109 8801 21:0 109
113 8803 21:0 164
116 8794 21:0 116
125 8813 21:0 125
136 8814 21:0 136
163 8804 21:0 180
164 8818 21:0 164
164 8821 21:0 164
177 8833 21:0 177
179 8805 21:0 190
185 8834 21:0 185
189 8835 21:0 240
239 8837 21:0 256
240 8851 21:0 240
240 8853 21:0 240
240 8854 21:0 240
245 8855 21:0 245
247 8840 21:0 247
253 8866 21:0 253
255 8836 21:0 266
261 8867 21:0 261
265 8838 21:0 316
268 8860 21:0 268
277 8879 21:0 277
315 8868 21:0 332
316 8887 21:0 316
316 8884 21:0 316
316 8886 21:0 316
323 8873 21:0 323
331 8869 21:0 342
341 8870 21:0 392
344 8893 21:0 344
391 8871 21:0 408
392 8919 21:0 392
392 8917 21:0 392
392 8920 21:0 392
399 8906 21:0 399
405 8932 21:0 405
407 8901 21:0 418
413 8933 21:0 413
417 8903 21:0 468
420 8926 21:0 420
429 8945 21:0 429
440 8946 21:0 440
467 8902 21:0 484
468 8953 21:0 468
468 8952 21:0 468
468 8950 21:0 468
473 8954 21:0 473
475 8939 21:0 475
481 8965 21:0 481
483 8904 21:0 494
489 8966 21:0 489
493 8934 21:0 544
496 8959 21:0 496
505 8978 21:0 505
516 8979 21:0 516
543 8935 21:0 560
544 8985 21:0 544
544 8983 21:0 544
544 8986 21:0 544
549 8987 21:0 549
551 8972 21:0 551
557 8998 21:0 557
559 8936 21:0 570
565 8999 21:0 565
569 8937 21:0 615
572 8992 21:0 572
581 9011 21:0 581
592 9012 21:0 592
614 8967 21:0 636
620 9019 21:0 620
620 9016 21:0 620
620 9018 21:0 620
625 9020 21:0 625
627 9005 21:0 627
633 9031 21:0 633
635 8969 21:0 646
641 9032 21:0 641
645 8968 21:0 668
648 9025 21:0 648
657 9044 21:0 657
667 8970 21:0 712
668 9045 21:0 668
696 9049 21:0 696
696 9051 21:0 696
696 9052 21:0 696
701 9053 21:0 701
703 9038 21:0 703
709 9064 21:0 709
711 9000 21:0 722
717 9065 21:0 717
721 9002 21:0 744
724 9058 21:0 724
733 9077 21:0 733
743 9001 21:0 788
744 9078 21:0 744
772 9085 21:0 772
772 9082 21:0 772
772 9084 21:0 772
777 9086 21:0 777
779 9071 21:0 779
785 9097 21:0 785
787 9003 21:0 796
793 9098 21:0 793
795 9033 21:0 816
800 9091 21:0 800
809 9110 21:0 809
815 9035 21:0 864
820 9111 21:0 820
848 9117 21:0 848
848 9115 21:0 848
848 9118 21:0 848
853 9119 21:0 853
855 9104 21:0 855
861 9130 21:0 861
863 9034 21:0 869
868 9036 21:0 892
869 9131 21:0 869
876 9124 21:0 876
885 9143 21:0 885
891 9066 21:0 940
896 9144 21:0 896
924 9148 21:0 924
924 9151 21:0 924
924 9150 21:0 924
929 9152 21:0 929
931 9137 21:0 931
937 9163 21:0 937
939 9067 21:0 945
944 9068 21:0 964
945 9164 21:0 945
952 9157 21:0 952
961 9176 21:0 961
963 9069 21:0 1016
972 9177 21:0 972
1000 9183 21:0 1000
1000 9181 21:0 1000
1000 9184 21:0 1000
1005 9185 21:0 1005
1007 9170 21:0 1007
1013 9196 21:0 1013
1015 9099 21:0 1021
1020 9100 21:0 1040
1021 9197 21:0 1021
1028 9190 21:0 1028
1037 9209 21:0 1037
1039 9101 21:0 1092
1048 9210 21:0 1048
1076 9217 21:0 1076
1076 9214 21:0 1076
1076 9216 21:0 1076
1081 9218 21:0 1081
1083 9203 21:0 1083
1089 9229 21:0 1089
1091 9102 21:0 1097
1096 9132 21:0 1116
1097 9230 21:0 1097
1102 9234 21:0 1102
1104 9223 21:0 1104
1113 9242 21:0 1113
1115 9133 21:0 1168
1124 9243 21:0 1124
1152 9247 21:0 1152
1152 9250 21:0 1152
1152 9249 21:0 1152
1157 9251 21:0 1157
1159 9236 21:0 1159
1165 9262 21:0 1165
1167 9134 21:0 1173
1170 9264 21:0 1170
1172 9135 21:0 1192
1173 9263 21:0 1173
1175 9265 21:0 1175
1175 9266 21:0 1175
1178 9267 21:0 1178
1180 9256 21:0 1180
1189 9275 21:0 1189
1191 9165 21:0 1244
1200 9276 21:0 1200
1228 9282 21:0 1228
1228 9280 21:0 1228
1228 9283 21:0 1228
1233 9284 21:0 1233
1235 9269 21:0 1235
1241 9295 21:0 1241
1243 9166 21:0 1249
1246 9297 21:0 1246
1248 9167 21:0 1268
1249 9296 21:0 1249
1251 9298 21:0 1251
1251 9299 21:0 1251
1254 9300 21:0 1254
1256 9289 21:0 1256
1265 9308 21:0 1265
1267 9168 21:0 1320
1276 9309 21:0 1276
1304 9316 21:0 1304
1304 9313 21:0 1304
1304 9315 21:0 1304
1309 9317 21:0 1309
1311 9302 21:0 1311
1317 9328 21:0 1317
1319 9198 21:0 1325
1322 9330 21:0 1322
1324 9200 21:0 1344
1325 9329 21:0 1325
1327 9331 21:0 1327
1327 9332 21:0 1327
1330 9333 21:0 1330
1332 9322 21:0 1332
1341 9341 21:0 1341
1343 9199 21:0 1396
1352 9342 21:0 1352
1380 9346 21:0 1380
1380 9348 21:0 1380
1380 9349 21:0 1380
1385 9350 21:0 1385
1387 9335 21:0 1387
1393 9361 21:0 1393
1395 9201 21:0 1401
1398 9363 21:0 1398
1400 9231 21:0 1421
1401 9362 21:0 1401
1403 9364 21:0 1403
1403 9365 21:0 1403
1406 9366 21:0 1406
1408 9355 21:0 1408
1417 9374 21:0 1417
1420 9232 21:0 1473
1421 5 21:0 1421
1462 11 21:0 1462
1469 9394 21:0 1469
1472 8743 21:0 1473
1472 9375 21:0 1473
1472 8649 21:0 1473
1472 8643 21:0 1473
1472 8650 21:0 1475
1474 8922 21:0 1475
1474 9021 21:0 1475
1474 8955 21:0 1475
1474 9385 21:0 1475
1475 9397 21:0 1483
1482 9399 21:0 1533
1493 9407 21:0 1493
1497 23 21:0 1497
1532 9398 21:0 1549
1538 29 21:0 1538
1545 9427 21:0 1545
1548 9400 21:0 1559
1549 31 21:0 1549
1554 35 21:0 1554
1558 9430 21:0 1609
1569 9440 21:0 1569
1573 41 21:0 1573
1608 9432 21:0 1625
1621 9460 21:0 1621
1624 9431 21:0 1635
1630 53 21:0 1630
1634 9433 21:0 1685
1649 59 21:0 1649
1684 9463 21:0 1701
1690 65 21:0 1690
1700 9464 21:0 1711
1701 67 21:0 1701
1706 71 21:0 1706
1710 9465 21:0 1761
1721 9506 21:0 1721
1725 77 21:0 1725
1760 9466 21:0 1777
1776 9496 21:0 1787
1782 89 21:0 1782
1786 9497 21:0 1837
1787 87 21:0 1787
1836 9498 21:0 1853
1837 9547 21:0 1837
1842 101 21:0 1842
1852 9499 21:0 1863
1853 103 21:0 1853
1858 107 21:0 1858
1862 9529 21:0 1913
1863 105 21:0 1863
1877 113 21:0 1877
1912 9531 21:0 1929
1918 119 21:0 1918
1925 9592 21:0 1925
1928 9530 21:0 1939
1929 121 21:0 1929
1934 125 21:0 1934
1938 9532 21:0 1961
1939 123 21:0 1939
1950 9606 21:0 1950
1960 9562 21:0 2005
1989 9613 21:0 1989
1994 137 21:0 1994
2004 9564 21:0 2015
2005 139 21:0 2005
2010 143 21:0 2010
2010 9627 21:0 2010
2014 9563 21:0 2037
2015 141 21:0 2015
2029 149 21:0 2029
2036 9565 21:0 2081
2037 9640 21:0 2037
2070 155 21:0 2070
2070 9648 21:0 2070
2077 9658 21:0 2077
2080 9595 21:0 2091
2081 157 21:0 2081
2086 161 21:0 2086
2090 9596 21:0 2109
2091 159 21:0 2091
2105 167 21:0 2105
2108 9597 21:0 2157
2113 9673 21:0 2113
2146 173 21:0 2146
2156 9598 21:0 2164
2157 175 21:0 2157
2162 179 21:0 2162
2162 9693 21:0 2162
2163 9628 21:0 2185
2167 177 21:0 2167
2169 9686 21:0 2169
2181 185 21:0 2181
2184 9630 21:0 2233
2222 191 21:0 2222
2224 9699 21:0 2224
2230 9725 21:0 2230
2232 9629 21:0 2238
2233 193 21:0 2233
2237 9631 21:0 2257
2238 197 21:0 2238
2243 195 21:0 2243
2253 9737 21:0 2253
2254 9738 21:0 2254
2256 9661 21:0 2309
2257 203 21:0 2257
2293 9745 21:0 2293
2308 9662 21:0 2314
2309 211 21:0 2309
2313 9663 21:0 2333
2314 215 21:0 2314
2319 213 21:0 2319
2329 9770 21:0 2329
2330 9771 21:0 2330
2332 9664 21:0 2385
2369 9776 21:0 2369
2369 9779 21:0 2369
2382 9791 21:0 2382
2384 9694 21:0 2390
2385 229 21:0 2385
2389 9695 21:0 2409
2390 233 21:0 2390
2395 231 21:0 2395
2405 9803 21:0 2405
2408 9696 21:0 2461
2417 9805 21:0 2417
2445 9812 21:0 2445
2445 9811 21:0 2445
2445 9809 21:0 2445
2450 9813 21:0 2450
2457 9823 21:0 2457
2458 9824 21:0 2458
2460 9697 21:0 2466
2461 247 21:0 2461
2465 9727 21:0 2485
2466 251 21:0 2466
2471 249 21:0 2471
2473 9818 21:0 2473
2481 9836 21:0 2481
2484 9729 21:0 2537
2485 257 21:0 2485
2521 9842 21:0 2521
2526 263 21:0 2526
2526 9846 21:0 2526
2533 9856 21:0 2533
2534 9857 21:0 2534
2536 9728 21:0 2542
2537 265 21:0 2537
2541 9730 21:0 2561
2542 269 21:0 2542
2547 267 21:0 2547
2557 9869 21:0 2557
2558 9870 21:0 2558
2560 9760 21:0 2613
2561 275 21:0 2561
2569 9871 21:0 2569
2597 9878 21:0 2597
2597 9875 21:0 2597
2602 281 21:0 2602
2604 9864 21:0 2604
2609 9889 21:0 2609
2612 9762 21:0 2618
2613 283 21:0 2613
2617 9761 21:0 2637
2618 287 21:0 2618
2623 285 21:0 2623
2625 9884 21:0 2625
2633 9902 21:0 2633
2634 9903 21:0 2634
2636 9763 21:0 2689
2637 293 21:0 2637
2645 9904 21:0 2645
2673 9908 21:0 2673
2678 299 21:0 2678
2678 9912 21:0 2678
2685 9922 21:0 2685
2686 9923 21:0 2686
2688 9793 21:0 2694
2689 301 21:0 2689
2693 9795 21:0 2713
2694 305 21:0 2694
2694 9924 21:0 2694
2699 303 21:0 2699
2709 9935 21:0 2709
2710 9936 21:0 2710
2712 9794 21:0 2765
2749 9941 21:0 2749
2749 9943 21:0 2749
2754 9945 21:0 2754
2762 9950 21:0 2762
2762 9956 21:0 2762
2764 9796 21:0 2770
2765 319 21:0 2765
2769 9826 21:0 2781
2770 323 21:0 2770
2770 9957 21:0 2770
2774 336 1:0 2777
2776 9950 1:0 2776
2780 9366 1:0 2780
2780 9827 21:0 2784
2782 9964 21:0 2782
2783 9828 21:0 2791
2784 336 21:0 2784
2785 9964 1:0 2785
2786 9364 1:0 2786
2787 9365 1:0 2787
2788 9967 21:0 2788
2790 9362 1:0 2790
2790 9829 21:0 2799
2792 323 1:0 2792
2796 9967 1:0 2796
2796 9363 1:0 2796
2798 9859 21:0 2802
2800 319 1:0 2800
2801 9861 21:0 2867
2805 9361 1:0 2805
2809 9355 1:0 2809
2812 336 1:0 2812
2824 9350 1:0 2824
2832 9346 1:0 2832
2832 9348 1:0 2832
2832 9349 1:0 2832
2858 9342 1:0 2858
2866 9860 21:0 2903
2882 9341 1:0 2882
2886 9335 1:0 2886
2902 9333 1:0 2902
2902 9862 21:0 2913
2904 303 1:0 2904
2908 9331 1:0 2908
2909 9332 1:0 2909
2912 9329 1:0 2912
2912 9892 21:0 2916
2914 305 1:0 2914
2915 9894 21:0 2921
2918 9330 1:0 2918
2919 10025 21:0 2919
2920 9893 21:0 2947
2922 301 1:0 2922
2927 9328 1:0 2927
2928 10028 21:0 2928
2931 9322 1:0 2931
2946 9317 1:0 2946
2946 9895 21:0 3025
2948 299 1:0 2948
2954 9316 1:0 2954
2954 9313 1:0 2954
2954 9315 1:0 2954
2980 9309 1:0 2980
2999 293 1:0 2999
3004 9308 1:0 3004
3008 9302 1:0 3008
3024 9300 1:0 3024
3024 9925 21:0 3028
3026 285 1:0 3026
3027 9927 21:0 3035
3030 9298 1:0 3030
3031 9299 1:0 3031
3034 9296 1:0 3034
3034 9926 21:0 3043
3036 287 1:0 3036
3040 9297 1:0 3040
3042 9928 21:0 3046
3044 283 1:0 3044
3045 9958 21:0 3114
3049 9295 1:0 3049
3053 9289 1:0 3053
3068 9284 1:0 3068
3070 281 1:0 3070
3076 9282 1:0 3076
3076 9280 1:0 3076
3076 9283 1:0 3076
3102 9276 1:0 3102
3113 9959 21:0 3147
3121 275 1:0 3121
3126 9275 1:0 3126
3130 9269 1:0 3130
3146 9267 1:0 3146
3146 9960 21:0 3157
3148 267 1:0 3148
3152 9265 1:0 3152
3153 9266 1:0 3153
3156 9263 1:0 3156
3156 9961 21:0 3160
3158 269 1:0 3158
3159 336 21:0 3160
3159 9233 21:0 3168
3162 9264 1:0 3162
3163 10139 21:0 3163
3166 265 1:0 3166
3167 9369 21:0 3168
3167 9382 21:0 3168
3167 9383 21:0 3191
3171 9262 1:0 3171
3172 10142 21:0 3172
3175 9256 1:0 3175
3190 9251 1:0 3190
3190 9376 21:0 3194
3190 9233 1:0 3267
3192 263 1:0 3192
3193 9380 21:0 3236
3198 9247 1:0 3198
3198 9250 1:0 3198
3198 9249 1:0 3198
3224 9243 1:0 3224
3235 9384 21:0 3245
3243 257 1:0 3243
3244 9395 21:0 3269
3248 9242 1:0 3248
3252 9236 1:0 3252
3268 9234 1:0 3268
3268 9396 21:0 3269
3268 9389 21:0 3269
3268 9422 21:0 3272
3268 9232 1:0 3273
3270 249 1:0 3270
3271 9413 21:0 3272
3271 9409 21:0 3272
3271 9417 21:0 3279
3275 10192 21:0 3275
3278 9230 1:0 3278
3278 9415 21:0 3279
3278 9408 21:0 3279
3278 9428 21:0 3282
3278 9231 1:0 3283
3280 251 1:0 3280
3281 9402 21:0 3282
3281 9416 21:0 3282
3281 9461 21:0 3287
3286 9462 21:0 3287
3286 9429 21:0 3287
3286 9442 21:0 3290
3286 9201 1:0 3311
3288 247 1:0 3288
3289 9455 21:0 3290
3289 9446 21:0 3290
3289 9441 21:0 3313
3293 9229 1:0 3293
3294 10199 21:0 3294
3297 9223 1:0 3297
3312 9218 1:0 3312
3312 9449 21:0 3316
3312 9199 1:0 3389
3315 9448 21:0 3358
3320 9217 1:0 3320
3320 9214 1:0 3320
3320 9216 1:0 3320
3346 9210 1:0 3346
3357 9435 21:0 3367
3366 9450 21:0 3391
3370 9209 1:0 3370
3374 9203 1:0 3374
3390 9475 21:0 3391
3390 9494 21:0 3391
3390 9482 21:0 3394
3390 9200 1:0 3396
3392 231 1:0 3392
3393 9468 21:0 3394
3393 9479 21:0 3394
3393 9481 21:0 3401
3400 9197 1:0 3400
3400 9474 21:0 3401
3400 9483 21:0 3401
3400 9488 21:0 3404
3400 9198 1:0 3405
3402 233 1:0 3402
3403 9593 21:0 3404
3403 9521 21:0 3404
3403 9501 21:0 3409
3407 10253 21:0 3407
3408 9567 21:0 3409
3408 9582 21:0 3409
3408 9507 21:0 3412
3408 9168 1:0 3419
3410 229 1:0 3410
3411 9515 21:0 3412
3411 9541 21:0 3412
3411 9534 21:0 3435
3415 9196 1:0 3415
3419 9190 1:0 3419
3420 9167 1:0 3511
3434 9185 1:0 3434
3434 9528 21:0 3438
3437 9508 21:0 3486
3442 9183 1:0 3442
3442 9181 1:0 3442
3442 9184 1:0 3442
3468 9177 1:0 3468
3485 9574 21:0 3489
3488 9573 21:0 3513
3492 9176 1:0 3492
3496 9170 1:0 3496
3512 9514 21:0 3513
3512 9495 21:0 3513
3512 9554 21:0 3516
3512 9166 1:0 3517
3514 213 1:0 3514
3515 9578 21:0 3516
3515 9580 21:0 3516
3515 9587 21:0 3523
3522 9164 1:0 3522
3522 9680 21:0 3523
3522 9540 21:0 3523
3522 9705 21:0 3526
3522 9165 1:0 3527
3524 215 1:0 3524
3525 9714 21:0 3526
3525 9681 21:0 3526
3525 9594 21:0 3531
3530 9512 21:0 3531
3530 9672 21:0 3531
3530 9679 21:0 3534
3530 9135 1:0 3555
3532 211 1:0 3532
3533 9719 21:0 3534
3533 9647 21:0 3534
3533 9706 21:0 3557
3537 9163 1:0 3537
3539 9021 1:0 4043
3539 8955 1:0 4287
3539 8922 1:0 4409
3539 8790 1:0 4905
3541 9157 1:0 3541
3555 9134 1:0 3633
3556 9152 1:0 3556
3556 9545 21:0 3560
3559 9548 21:0 3608
3564 9148 1:0 3564
3564 9151 1:0 3564
3564 9150 1:0 3564
3590 9144 1:0 3590
3607 9581 21:0 3611
3609 203 1:0 3609
3609 9133 1:0 3639
3610 9692 21:0 3635
3614 9143 1:0 3614
3618 9137 1:0 3618
3634 9633 21:0 3635
3634 9677 21:0 3635
3634 9644 21:0 3638
3636 195 1:0 3636
3637 9560 21:0 3638
3637 9607 21:0 3638
3637 9858 21:0 3645
3641 10363 21:0 3641
3642 9132 1:0 3649
3643 9102 1:0 3677
3643 9101 1:0 3755
3644 9131 1:0 3644
3644 9758 21:0 3645
3644 9831 21:0 3645
3644 9780 21:0 3648
3646 197 1:0 3646
3646 9100 1:0 3761
3647 10249 21:0 3648
3647 9600 21:0 3648
3647 9845 21:0 3653
3651 9099 1:0 3771
3651 9069 1:0 3799
3652 9739 21:0 3653
3652 10256 21:0 3653
3652 9772 21:0 3656
3654 193 1:0 3654
3654 9068 1:0 3877
3655 10306 21:0 3656
3655 10135 21:0 3656
3655 9838 21:0 3679
3657 9067 1:0 3883
3659 9130 1:0 3659
3660 10370 21:0 3660
3661 9066 1:0 3893
3663 9124 1:0 3663
3677 9036 1:0 3921
3678 9119 1:0 3678
3678 9620 21:0 3682
3680 191 1:0 3680
3681 9747 21:0 3730
3686 9117 1:0 3686
3686 9115 1:0 3686
3686 9118 1:0 3686
3712 9111 1:0 3712
3727 9034 1:0 3999
3729 9844 21:0 3733
3731 185 1:0 3731
3732 9825 21:0 3757
3736 9110 1:0 3736
3740 9104 1:0 3740
3752 9035 1:0 4006
3756 9785 21:0 3757
3756 9746 21:0 3757
3756 9710 21:0 3760
3758 177 1:0 3758
3759 9614 21:0 3760
3759 9792 21:0 3760
3759 9732 21:0 3767
3763 10420 21:0 3763
3764 9033 1:0 4015
3765 9003 1:0 4043
3766 9098 1:0 3766
3766 9759 21:0 3767
3766 9626 21:0 3767
3766 9712 21:0 3770
3768 179 1:0 3768
3768 9001 1:0 4121
3769 9615 21:0 3770
3769 9897 21:0 3770
3769 10310 21:0 3775
3771 9002 1:0 4128
3773 9000 1:0 4137
3774 9890 21:0 3775
3774 9930 21:0 3775
3774 9653 21:0 3778
3776 175 1:0 3776
3776 8970 1:0 4165
3777 9968 21:0 3778
3777 9713 21:0 3778
3777 9561 21:0 3801
3779 8968 1:0 4243
3779 8969 1:0 4250
3781 9097 1:0 3781
3782 10427 21:0 3782
3785 9091 1:0 3785
3798 8967 1:0 4259
3800 9086 1:0 3800
3800 10021 21:0 3804
3802 173 1:0 3802
3803 9743 21:0 3852
3808 9085 1:0 3808
3808 9082 1:0 3808
3808 9084 1:0 3808
3834 9078 1:0 3834
3849 8937 1:0 4287
3851 9639 21:0 3855
3853 167 1:0 3853
3854 9879 21:0 3879
3858 9077 1:0 3858
3862 9071 1:0 3862
3874 8936 1:0 4365
3878 9917 21:0 3879
3878 10424 21:0 3879
3878 10196 21:0 3882
3880 159 1:0 3880
3881 319 21:0 3882
3881 9798 21:0 3882
3881 9944 21:0 3889
3885 10477 21:0 3885
3886 8935 1:0 4371
3887 8934 1:0 4381
3888 9065 1:0 3888
3888 9752 21:0 3889
3888 303 21:0 3889
3888 9646 21:0 3892
3888 8645 21:0 3889
3888 8648 21:0 3889
3888 8646 21:0 3889
3890 161 1:0 3890
3890 8904 1:0 4409
3891 265 21:0 3892
3891 10082 21:0 3892
3891 9971 21:0 3897
3893 8902 1:0 4487
3895 10481 21:0 3895
3895 8903 1:0 4494
3896 9911 21:0 3897
3896 9765 21:0 3897
3896 9659 21:0 3900
3898 157 1:0 3898
3898 8901 1:0 4503
3899 8988 21:0 3900
3899 9054 21:0 3900
3899 9877 21:0 3900
3899 9660 21:0 3900
3899 8889 21:0 3900
3899 8856 21:0 3900
3899 10340 21:0 3900
3899 8823 21:0 3900
3899 10397 21:0 3900
3899 9682 21:0 3900
3899 9583 21:0 3900
3899 9418 21:0 3900
3899 9616 21:0 3902
3901 9748 21:0 3902
3901 9517 21:0 3904
3901 9054 1:0 3921
3901 8988 1:0 4165
3901 8871 1:0 4531
3901 8889 1:0 4531
3901 8870 1:0 4609
3901 8856 1:0 4653
3901 8823 1:0 4775
3903 9064 1:0 3903
3903 9451 21:0 3904
3904 10484 21:0 3926
3907 9058 1:0 3907
3920 8869 1:0 4615
3922 9053 1:0 3922
3924 155 1:0 3924
3925 9937 21:0 3960
3930 9049 1:0 3930
3930 9051 1:0 3930
3930 9052 1:0 3930
3956 9045 1:0 3956
3959 10078 21:0 3974
3971 8868 1:0 4625
3973 9910 21:0 3979
3975 149 1:0 3975
3978 10085 21:0 4001
3980 9044 1:0 3980
3982 8838 1:0 4653
3984 9038 1:0 3984
4000 10402 21:0 4001
4000 10445 21:0 4001
4000 10345 21:0 4001
4000 10516 21:0 4001
4000 9527 21:0 4001
4000 10331 21:0 4004
4002 141 1:0 4002
4003 10274 21:0 4004
4003 10388 21:0 4004
4003 10511 21:0 4004
4003 10288 21:0 4004
4003 10231 21:0 4004
4003 10217 21:0 4004
4003 10174 21:0 4004
4003 10160 21:0 4004
4003 10117 21:0 4004
4003 10103 21:0 4004
4003 10502 21:0 4004
4003 10459 21:0 4004
4003 10513 21:0 4007
4006 10456 21:0 4008
4007 10534 21:0 4007
4007 10454 21:0 4011
4008 8836 1:0 4731
4009 8837 1:0 4738
4009 8835 1:0 4747
4010 9032 1:0 4010
4010 10003 21:0 4011
4010 9880 21:0 4011
4010 9484 21:0 4011
4010 9781 21:0 4011
4010 9847 21:0 4011
4010 9550 21:0 4011
4010 10046 21:0 4011
4010 9946 21:0 4011
4010 9649 21:0 4011
4010 9715 21:0 4011
4010 9913 21:0 4011
4010 9814 21:0 4011
4010 9989 21:0 4011
4010 10169 21:0 4011
4010 10283 21:0 4011
4010 10114 21:0 4011
4010 10171 21:0 4011
4010 10055 21:0 4011
4010 10285 21:0 4011
4010 10112 21:0 4011
4010 10226 21:0 4011
4010 10057 21:0 4011
4010 10399 21:0 4011
4010 10342 21:0 4011
4010 10060 21:0 4011
4010 10228 21:0 4011
4010 295 21:0 4011
4010 10000 21:0 4011
4010 297 21:0 4011
4010 9998 21:0 4011
4010 315 21:0 4011
4010 317 21:0 4011
4010 313 21:0 4011
4010 311 21:0 4011
4010 299 21:0 4014
4012 143 1:0 4012
4013 281 21:0 4014
4013 261 21:0 4014
4013 259 21:0 4014
4013 25 21:0 4014
4013 223 21:0 4014
4013 263 21:0 4014
4013 257 21:0 4014
4013 241 21:0 4014
4013 243 21:0 4014
4013 8880 21:0 4014
4013 275 21:0 4014
4013 293 21:0 4014
4013 277 21:0 4014
4013 279 21:0 4014
4013 97 21:0 4014
4015 97 1:0 4284
4015 8880 1:0 4528
4015 25 1:0 4749
4015 8805 1:0 4775
4015 223 1:0 5897
4017 10538 21:0 4019
4017 8804 1:0 4853
4018 8788 21:0 4019
4018 9891 21:0 4022
4020 139 1:0 4020
4020 8803 1:0 4859
4020 8788 1:0 4900
4021 8785 21:0 4022
4021 321 21:0 4022
4021 10367 21:0 4039
4023 8802 1:0 4869
4023 8785 1:0 4900
4023 321 1:0 5897
4025 9031 1:0 4025
4026 10541 21:0 4026
4027 9891 1:0 5933
4029 9025 1:0 4029
4038 49 21:0 4048
4040 10367 1:0 5897
4041 9527 1:0 5949
4044 9020 1:0 4044
4046 137 1:0 4046
4047 245 21:0 4048
4047 239 21:0 4048
4049 49 1:0 4627
4049 245 1:0 5949
4049 239 1:0 5949
4051 10559 21:0 4082
4052 9019 1:0 4052
4052 9016 1:0 4052
4052 9018 1:0 4052
4053 9910 1:0 5954
4078 9012 1:0 4078
4081 225 21:0 4082
4083 225 1:0 5885
4085 10568 21:0 4087
4086 47 21:0 4090
4091 47 1:0 4650
4094 10570 21:0 4096
4095 249 21:0 4099
4098 227 21:0 4099
4100 227 1:0 5873
4100 249 1:0 5897
4102 9011 1:0 4102
4103 10573 21:0 4123
4106 9005 1:0 4106
4122 8900 21:0 4123
4122 8827 21:0 4123
4122 9516 21:0 4126
4124 123 1:0 4124
4124 8900 1:0 4497
4124 8827 1:0 4760
4125 9837 21:0 4126
4125 9611 21:0 4126
4125 221 21:0 4126
4127 221 1:0 5873
4127 9516 1:0 5883
4127 9837 1:0 5883
4127 9611 1:0 5883
4129 10591 21:0 4133
4130 10085 1:0 5954
4132 8999 1:0 4132
4132 9726 21:0 4133
4132 9851 21:0 4136
4134 125 1:0 4134
4134 9726 1:0 5878
4135 69 21:0 4136
4135 9804 21:0 4136
4135 51 21:0 4141
4137 69 1:0 4406
4137 9851 1:0 5878
4137 9804 1:0 5878
4139 10595 21:0 4139
4140 9549 21:0 4141
4140 9950 21:0 4141
4140 10313 21:0 4144
4142 121 1:0 4142
4142 51 1:0 4528
4142 9549 1:0 5821
4142 9950 1:0 5857
4143 305 21:0 4144
4143 9778 21:0 4144
4145 305 1:0 5807
4145 9778 1:0 5807
4145 10313 1:0 5821
4147 8998 1:0 4147
4148 10598 21:0 4170
4151 8992 1:0 4151
4166 8987 1:0 4166
4168 119 1:0 4168
4173 10616 21:0 4204
4174 8985 1:0 4174
4174 8983 1:0 4174
4174 8986 1:0 4174
4200 8979 1:0 4200
4207 10625 21:0 4209
4216 10627 21:0 4218
4217 17 21:0 4221
4219 113 1:0 4219
4222 17 1:0 4863
4224 8978 1:0 4224
4225 10630 21:0 4245
4228 8972 1:0 4228
4244 33 21:0 4245
4244 283 21:0 4245
4244 251 21:0 4248
4246 105 1:0 4246
4246 33 1:0 4650
4246 283 1:0 5802
4247 8913 21:0 4248
4247 8899 21:0 4248
4249 8913 1:0 4406
4249 8899 1:0 4505
4249 251 1:0 5802
4251 10648 21:0 4255
4254 8966 1:0 4254
4254 9964 21:0 4255
4254 8912 21:0 4258
4256 107 1:0 4256
4256 9964 1:0 5797
4257 15 21:0 4258
4257 9666 21:0 4258
4257 285 21:0 4263
4259 8912 1:0 4383
4259 15 1:0 4772
4259 9666 1:0 5781
4261 10652 21:0 4261
4262 323 21:0 4263
4262 8888 21:0 4263
4262 85 21:0 4266
4264 103 1:0 4264
4264 8888 1:0 4497
4264 323 1:0 5745
4264 285 1:0 5745
4265 8846 21:0 4266
4265 8847 21:0 4266
4267 85 1:0 4375
4267 8846 1:0 4619
4267 8847 1:0 4619
4269 8965 1:0 4269
4270 10655 21:0 4292
4273 8959 1:0 4273
4288 8954 1:0 4288
4290 101 1:0 4290
4293 10655 1:0 5954
4295 10673 21:0 4326
4296 8953 1:0 4296
4296 8952 1:0 4296
4296 8950 1:0 4296
4322 8946 1:0 4322
4329 10682 21:0 4331
4338 10684 21:0 4340
4339 8820 21:0 4343
4344 8820 1:0 4749
4346 8945 1:0 4346
4347 10687 21:0 4367
4350 8939 1:0 4350
4366 8921 21:0 4367
4366 8807 21:0 4367
4366 8822 21:0 4370
4368 87 1:0 4368
4368 8921 1:0 4375
4368 8807 1:0 4741
4369 267 21:0 4370
4369 13 21:0 4370
4369 269 21:0 4377
4371 8822 1:0 4741
4371 13 1:0 4873
4371 267 1:0 5745
4373 10705 21:0 4373
4376 8933 1:0 4376
4376 211 21:0 4377
4376 8800 21:0 4377
4376 8774 21:0 4380
4378 89 1:0 4378
4378 8800 1:0 4874
4378 269 1:0 5731
4378 211 1:0 5731
4379 213 21:0 4380
4379 231 21:0 4380
4381 8774 1:0 4959
4381 213 1:0 5726
4381 231 1:0 5731
4383 10709 21:0 4385
4384 247 21:0 4385
4384 215 21:0 4388
4386 247 1:0 5726
4387 229 21:0 4388
4387 301 21:0 4388
4389 229 1:0 5705
4389 301 1:0 5721
4389 215 1:0 5726
4391 8932 1:0 4391
4392 10712 21:0 4414
4395 8926 1:0 4395
4415 10712 1:0 5802
4417 10730 21:0 4448
4418 8919 1:0 4418
4418 8917 1:0 4418
4418 8920 1:0 4418
4451 10739 21:0 4453
4460 10741 21:0 4462
4461 233 21:0 4465
4463 77 1:0 4463
4466 233 1:0 5669
4469 10744 21:0 4489
4472 8906 1:0 4472
4488 287 21:0 4489
4490 287 1:0 5669
4495 10762 21:0 4499
4500 71 1:0 4500
4500 10762 1:0 5873
4505 10766 21:0 4507
4508 67 1:0 4508
4514 10769 21:0 4536
4517 8893 1:0 4517
4534 65 1:0 4534
4537 10769 1:0 5821
4539 10787 21:0 4570
4540 8887 1:0 4540
4540 8884 1:0 4540
4540 8886 1:0 4540
4573 10796 21:0 4575
4582 10798 21:0 4584
4585 59 1:0 4585
4590 8879 1:0 4590
4591 10801 21:0 4611
4594 8873 1:0 4594
4617 10819 21:0 4621
4620 8867 1:0 4620
4622 53 1:0 4622
4627 10823 21:0 4629
4630 10823 1:0 5807
4635 8866 1:0 4635
4636 10826 21:0 4636
4639 8860 1:0 4639
4654 8855 1:0 4654
4661 10844 21:0 4692
4662 8851 1:0 4662
4662 8853 1:0 4662
4662 8854 1:0 4662
4695 10853 21:0 4697
4704 10855 21:0 4706
4707 41 1:0 4707
4713 10858 21:0 4733
4716 8840 1:0 4716
4739 10876 21:0 4739
4742 8834 1:0 4742
4744 35 1:0 4744
4749 10880 21:0 4749
4752 31 1:0 4752
4757 8833 1:0 4757
4758 10883 21:0 4758
4778 29 1:0 4778
4783 10901 21:0 4814
4784 8818 1:0 4784
4784 8821 1:0 4784
4810 8814 1:0 4810
4817 10910 21:0 4819
4826 10912 21:0 4828
4829 23 1:0 4829
4834 8813 1:0 4834
4835 10915 21:0 4855
4861 10933 21:0 4865
4864 8801 1:0 4864
4871 10937 21:0 4873
4880 10940 21:0 4880
4883 8794 1:0 4883
4898 8789 1:0 4898
4900 11 1:0 4900
4905 10958 21:0 4936
4906 8787 1:0 4906
4932 8781 1:0 4932
4939 10967 21:0 4941
4948 10969 21:0 4950
4951 5 1:0 4951
4956 8780 1:0 4956
4976 8772 21:0 4976
4984 10997 21:0 4995
4991 7 21:0 4991
4994 10990 21:0 4995
4995 10998 21:0 5028
5027 11004 21:0 5039
5038 11005 21:0 5039
5038 10991 21:0 5039
5038 5 21:0 5039
5038 10972 21:0 5039
5038 11 21:0 5041
5039 13 21:0 5039
5040 11007 21:0 5041
5041 11019 21:0 5049
5044 17 21:0 5044
5048 11021 21:0 5099
5049 15 21:0 5049
5063 23 21:0 5063
5067 25 21:0 5067
5071 27 21:0 5071
5098 11020 21:0 5115
5104 29 21:0 5104
5104 11039 21:0 5104
5114 11022 21:0 5125
5115 31 21:0 5115
5120 35 21:0 5120
5124 11052 21:0 5175
5125 33 21:0 5125
5139 41 21:0 5139
5143 43 21:0 5143
5147 45 21:0 5147
5174 11054 21:0 5191
5175 11070 21:0 5175
5180 47 21:0 5180
5190 11053 21:0 5201
5191 49 21:0 5191
5196 53 21:0 5196
5200 11055 21:0 5251
5201 51 21:0 5201
5215 59 21:0 5215
5219 61 21:0 5219
5223 63 21:0 5223
5250 11085 21:0 5267
5256 65 21:0 5256
5266 11086 21:0 5277
5267 67 21:0 5267
5272 71 21:0 5272
5276 11087 21:0 5327
5277 69 21:0 5277
5291 77 21:0 5291
5295 79 21:0 5295
5299 81 21:0 5299
5326 11088 21:0 5343
5332 83 21:0 5332
5342 11118 21:0 5353
5343 85 21:0 5343
5348 89 21:0 5348
5352 11119 21:0 5403
5353 87 21:0 5353
5367 95 21:0 5367
5371 97 21:0 5371
5375 99 21:0 5375
5402 11120 21:0 5419
5403 11170 21:0 5403
5408 101 21:0 5408
5418 11121 21:0 5429
5419 103 21:0 5419
5424 107 21:0 5424
5428 11151 21:0 5451
5429 105 21:0 5429
5443 113 21:0 5443
5447 115 21:0 5447
5450 11152 21:0 5495
5451 117 21:0 5451
5479 11203 21:0 5479
5484 119 21:0 5484
5494 11153 21:0 5502
5495 121 21:0 5495
5500 125 21:0 5500
5501 11154 21:0 5523
5505 123 21:0 5505
5519 131 21:0 5519
5522 11184 21:0 5571
5523 133 21:0 5523
5527 135 21:0 5527
5555 11235 21:0 5555
5560 137 21:0 5560
5562 11222 21:0 5562
5568 11248 21:0 5568
5570 11185 21:0 5576
5571 139 21:0 5571
5575 11186 21:0 5595
5576 143 21:0 5576
5576 11249 21:0 5576
5581 141 21:0 5581
5594 11187 21:0 5647
5595 149 21:0 5595
5599 151 21:0 5599
5603 153 21:0 5603
5636 155 21:0 5636
5646 11217 21:0 5652
5647 157 21:0 5647
5651 11219 21:0 5671
5652 161 21:0 5652
5652 11282 21:0 5652
5657 159 21:0 5657
5670 11218 21:0 5723
5671 167 21:0 5671
5675 169 21:0 5675
5679 171 21:0 5679
5679 11295 21:0 5679
5712 173 21:0 5712
5720 11314 21:0 5720
5722 11220 21:0 5728
5723 175 21:0 5723
5727 11250 21:0 5747
5728 179 21:0 5728
5733 177 21:0 5733
5744 11327 21:0 5744
5746 11252 21:0 5799
5747 185 21:0 5747
5751 187 21:0 5751
5755 189 21:0 5755
5783 11335 21:0 5783
5788 191 21:0 5788
5798 11251 21:0 5804
5799 193 21:0 5799
5803 11253 21:0 5823
5804 197 21:0 5804
5809 195 21:0 5809
5822 11283 21:0 5875
5823 203 21:0 5823
5827 205 21:0 5827
5831 207 21:0 5831
5864 209 21:0 5864
5874 11284 21:0 5880
5875 211 21:0 5875
5879 11285 21:0 5899
5880 215 21:0 5880
5885 213 21:0 5885
5896 11393 21:0 5896
5898 11286 21:0 5951
5899 221 21:0 5899
5903 223 21:0 5903
5907 225 21:0 5907
5935 11401 21:0 5935
5940 227 21:0 5940
5950 11316 21:0 5956
5951 229 21:0 5951
5955 10078 1:0 5959
5955 9937 1:0 5959
5955 9660 1:0 5959
5955 11317 21:0 5961
5956 233 21:0 5956
5960 243 1:0 5961
5960 9659 1:0 5973
5960 9765 1:0 5973
5960 9877 1:0 5973
5960 11318 21:0 6027
5961 231 21:0 5961
5962 241 1:0 5973
5974 9911 1:0 6009
5975 239 21:0 5975
5979 241 21:0 5979
5983 243 21:0 5983
5983 11427 21:0 5983
6010 9971 1:0 6025
6015 263 1:0 6025
6015 257 1:0 6025
6016 245 21:0 6016
6018 11420 21:0 6018
6024 11446 21:0 6024
6026 10082 1:0 6030
6026 265 1:0 6030
6026 10591 1:0 6030
6026 11319 21:0 6032
6027 247 21:0 6027
6031 9646 1:0 6035
6031 9752 1:0 6035
6031 303 1:0 6035
6031 261 1:0 6035
6031 11349 21:0 6037
6032 251 21:0 6032
6036 9944 1:0 6049
6036 319 1:0 6049
6036 10766 1:0 6049
6036 11351 21:0 6103
6037 249 21:0 6037
6038 259 1:0 6049
6039 11440 21:0 6039
6050 10598 1:0 6085
6051 257 21:0 6051
6055 259 21:0 6055
6059 261 21:0 6059
6059 11460 21:0 6059
6086 9798 1:0 6101
6091 275 1:0 6101
6091 281 1:0 6101
6092 263 21:0 6092
6102 10196 1:0 6106
6102 10424 1:0 6106
6102 9917 1:0 6106
6102 11350 21:0 6108
6103 265 21:0 6103
6107 10937 1:0 6111
6107 9639 1:0 6111
6107 9879 1:0 6111
6107 279 1:0 6111
6107 11352 21:0 6113
6108 269 21:0 6108
6108 11480 21:0 6108
6112 10484 1:0 6125
6112 10021 1:0 6125
6112 9743 1:0 6125
6112 11382 21:0 6179
6113 267 21:0 6113
6114 277 1:0 6125
6124 11492 21:0 6124
6126 9561 1:0 6161
6127 275 21:0 6127
6131 277 21:0 6131
6135 279 21:0 6135
6135 11493 21:0 6135
6162 10709 1:0 6177
6163 11499 21:0 6163
6167 299 1:0 6168
6167 293 1:0 6168
6168 281 21:0 6168
6169 295 1:0 6177
6176 11512 21:0 6176
6178 9968 1:0 6182
6178 10933 1:0 6182
6178 9713 1:0 6182
6178 11383 21:0 6184
6179 283 21:0 6179
6183 9653 1:0 6187
6183 9890 1:0 6187
6183 9930 1:0 6187
6183 11384 21:0 6189
6184 287 21:0 6184
6188 9897 1:0 6201
6188 10648 1:0 6201
6188 10310 1:0 6201
6188 11385 21:0 6255
6189 285 21:0 6189
6190 297 1:0 6201
6202 9615 1:0 6237
6203 293 21:0 6203
6207 295 21:0 6207
6211 297 21:0 6211
6238 9712 1:0 6253
6239 11530 21:0 6239
6243 317 1:0 6253
6243 311 1:0 6253
6244 299 21:0 6244
6244 11534 21:0 6244
6254 9626 1:0 6258
6254 9759 1:0 6258
6254 10819 1:0 6258
6254 11415 21:0 6260
6255 301 21:0 6255
6259 9732 1:0 6263
6259 9614 1:0 6263
6259 9792 1:0 6263
6259 11417 21:0 6265
6260 305 21:0 6260
6264 313 1:0 6265
6264 9710 1:0 6277
6264 10538 1:0 6277
6264 9746 1:0 6277
6264 11416 21:0 6331
6265 303 21:0 6265
6266 315 1:0 6277
6278 9785 1:0 6313
6279 311 21:0 6279
6283 313 21:0 6283
6287 315 21:0 6287
6287 11559 21:0 6287
6301 351 21:0 6301
6314 9961 1:0 6334
6315 11563 21:0 6315
6320 317 21:0 6320
6322 11552 21:0 6322
6327 11577 21:0 6327
6330 11418 21:0 6336
6331 319 21:0 6331
6335 11448 21:0 6341
6335 9960 1:0 6345
6336 323 21:0 6336
6340 9825 1:0 6345
6340 11450 21:0 6350
6340 337 1:0 6343
6343 11572 21:0 6343
6346 9959 1:0 6352
6349 9844 1:0 6356
6349 9747 1:0 6356
6349 11449 21:0 6358
6350 337 21:0 6350
6354 11588 21:0 6354
6355 11588 1:0 6355
6357 9957 1:0 6357
6357 11451 21:0 6361
6357 9958 1:0 6363
6359 323 1:0 6359
6360 9998 1:0 6365
6360 9989 1:0 6365
6360 9620 1:0 6365
6360 10003 1:0 6365
6360 10000 1:0 6365
6360 11481 21:0 6370
6366 9928 1:0 6393
6368 319 1:0 6368
6369 10306 1:0 6393
6369 9838 1:0 6393
6369 11482 21:0 6398
6374 9956 1:0 6374
6382 337 1:0 6382
6391 9946 1:0 6393
6394 9945 1:0 6394
6394 9926 1:0 6476
6396 317 1:0 6396
6397 11483 21:0 6478
6403 9941 1:0 6403
6403 9943 1:0 6403
6414 351 1:0 6414
6431 315 1:0 6431
6440 313 1:0 6440
6450 311 1:0 6450
6456 9936 1:0 6456
6462 9935 1:0 6462
6477 11484 21:0 6481
6477 9927 1:0 6484
6479 303 1:0 6479
6480 9772 1:0 6487
6480 10135 1:0 6487
6480 11514 21:0 6492
6488 9924 1:0 6488
6488 9925 1:0 6494
6490 305 1:0 6490
6491 10046 1:0 6496
6491 10060 1:0 6496
6491 10055 1:0 6496
6491 10057 1:0 6496
6491 9739 1:0 6496
6491 11516 21:0 6498
6494 10025 1:0 6494
6497 11515 21:0 6501
6497 9895 1:0 6524
6499 301 1:0 6499
6500 9845 1:0 6524
6500 10256 1:0 6524
6500 11517 21:0 6580
6504 10028 1:0 6504
6505 9923 1:0 6505
6511 9922 1:0 6511
6522 9913 1:0 6524
6525 9912 1:0 6525
6525 9893 1:0 6607
6527 299 1:0 6527
6534 9908 1:0 6534
6560 9904 1:0 6560
6562 297 1:0 6562
6571 295 1:0 6571
6579 11547 21:0 6612
6581 293 1:0 6581
6587 9903 1:0 6587
6593 9902 1:0 6593
6608 9894 1:0 6615
6610 285 1:0 6610
6611 10249 1:0 6618
6611 9600 1:0 6618
6611 11549 21:0 6620
6619 11548 21:0 6623
6619 9892 1:0 6625
6621 287 1:0 6621
6622 10103 1:0 6627
6622 10112 1:0 6627
6622 10114 1:0 6627
6622 10117 1:0 6627
6622 9780 1:0 6627
6622 11550 21:0 6632
6628 9862 1:0 6655
6630 283 1:0 6630
6631 9831 1:0 6655
6631 9758 1:0 6655
6631 11580 21:0 6660
6641 9884 1:0 6641
6642 9889 1:0 6642
6653 9880 1:0 6655
6656 9860 1:0 6738
6658 281 1:0 6658
6659 11581 21:0 6740
6665 9878 1:0 6665
6665 9875 1:0 6665
6691 9871 1:0 6691
6693 279 1:0 6693
6702 277 1:0 6702
6712 275 1:0 6712
6718 9870 1:0 6718
6723 9864 1:0 6723
6724 9869 1:0 6724
6739 11582 21:0 6743
6739 9861 1:0 6746
6741 267 1:0 6741
6742 9560 1:0 6749
6742 9858 1:0 6749
6742 11583 21:0 6754
6750 9859 1:0 6756
6752 269 1:0 6752
6753 11002 21:0 6754
6753 337 21:0 6754
6753 10171 1:0 6758
6753 10160 1:0 6758
6753 10169 1:0 6758
6753 10174 1:0 6758
6753 9607 1:0 6758
6753 11017 21:0 6760
6756 10139 1:0 6756
6757 10139 21:0 6757
6759 11006 21:0 6760
6759 11011 21:0 6760
6759 11018 21:0 6763
6759 9829 1:0 6786
6761 265 1:0 6761
6762 11083 21:0 6763
6762 11030 21:0 6763
6762 9677 1:0 6786
6762 9644 1:0 6786
6762 11031 21:0 6788
6766 10142 1:0 6766
6767 10142 21:0 6767
6767 9857 1:0 6767
6773 9856 1:0 6773
6784 9847 1:0 6786
6787 9846 1:0 6787
6787 11057 21:0 6791
6787 9828 1:0 6869
6789 263 1:0 6789
6790 11071 21:0 6832
6796 9842 1:0 6796
6824 261 1:0 6824
6831 11064 21:0 6842
6833 259 1:0 6833
6841 11024 21:0 6866
6843 257 1:0 6843
6855 9836 1:0 6855
6865 11038 21:0 6871
6870 11037 21:0 6871
6870 11035 21:0 6874
6870 9827 1:0 6876
6872 249 1:0 6872
6873 11044 21:0 6874
6873 11077 21:0 6874
6873 11063 21:0 6878
6873 9633 1:0 6880
6873 9692 1:0 6880
6876 10192 1:0 6876
6877 10192 21:0 6877
6877 11129 21:0 6882
6881 11123 21:0 6882
6881 11101 21:0 6885
6881 9826 1:0 6887
6883 251 1:0 6883
6884 11090 21:0 6885
6884 11138 21:0 6885
6884 10226 1:0 6889
6884 9581 1:0 6889
6884 10231 1:0 6889
6884 10217 1:0 6889
6884 10228 1:0 6889
6884 11110 21:0 6891
6888 10196 21:0 6888
6890 11096 21:0 6891
6890 11050 21:0 6891
6890 11072 21:0 6894
6890 9796 1:0 6917
6892 247 1:0 6892
6893 11103 21:0 6894
6893 11136 21:0 6894
6893 11051 21:0 6915
6893 9545 1:0 6917
6893 9548 1:0 6917
6897 10199 1:0 6897
6898 9824 1:0 6898
6903 9818 1:0 6903
6904 9823 1:0 6904
6914 11097 21:0 6922
6915 9814 1:0 6917
6918 9813 1:0 6918
6918 9794 1:0 7000
6920 245 1:0 6920
6921 11117 21:0 6963
6927 9812 1:0 6927
6927 9811 1:0 6927
6927 9809 1:0 6927
6953 9805 1:0 6953
6955 243 1:0 6955
6962 11130 21:0 6973
6964 241 1:0 6964
6972 11137 21:0 6995
6974 239 1:0 6974
6986 9803 1:0 6986
6994 11068 21:0 7002
7001 11084 21:0 7002
7001 11167 21:0 7005
7001 9795 1:0 7008
7003 231 1:0 7003
7004 11261 21:0 7005
7004 11281 21:0 7005
7004 11196 21:0 7009
7004 9719 1:0 7011
7004 9706 1:0 7011
7008 11209 21:0 7013
7012 11169 21:0 7013
7012 11270 21:0 7016
7012 9793 1:0 7018
7014 233 1:0 7014
7015 11156 21:0 7016
7015 11176 21:0 7016
7015 10283 1:0 7020
7015 10285 1:0 7020
7015 10288 1:0 7020
7015 9647 1:0 7020
7015 10274 1:0 7020
7015 11163 21:0 7022
7018 10253 1:0 7018
7020 9672 1:0 7048
7020 9781 1:0 7048
7020 9763 1:0 7048
7020 9748 1:0 7151
7020 10342 1:0 7151
7020 10340 1:0 7179
7020 9715 1:0 7282
7020 9682 1:0 7441
7020 9649 1:0 7572
7020 9616 1:0 7703
7020 9583 1:0 7834
7021 11182 21:0 7022
7021 11215 21:0 7022
7021 11374 21:0 7025
7023 229 1:0 7023
7023 9679 1:0 7048
7024 11380 21:0 7025
7024 11360 21:0 7025
7024 11361 21:0 7044
7026 9761 1:0 7131
7026 9762 1:0 7139
7028 9512 1:0 7142
7029 9791 1:0 7029
7031 9594 1:0 7142
7043 11367 21:0 7053
7051 227 1:0 7051
7052 11368 21:0 7094
7054 9760 1:0 7149
7058 9776 1:0 7058
7058 9779 1:0 7058
7059 9681 1:0 7151
7059 10345 1:0 7151
7059 10331 1:0 7151
7059 10402 1:0 7282
7059 9550 1:0 7965
7086 225 1:0 7086
7093 11369 21:0 7104
7095 223 1:0 7095
7103 11354 21:0 7120
7105 221 1:0 7105
7105 9730 1:0 7179
7108 10388 1:0 7282
7111 9771 1:0 7111
7113 9705 1:0 7179
7117 9770 1:0 7117
7119 11365 21:0 7133
7120 9714 1:0 7179
7128 9540 1:0 7273
7129 9680 1:0 7273
7132 11394 21:0 7133
7132 11387 21:0 7136
7134 213 1:0 7134
7135 11400 21:0 7136
7135 11402 21:0 7136
7135 11398 21:0 7139
7138 11348 21:0 7144
7141 9728 1:0 7262
7142 9729 1:0 7270
7142 9587 1:0 7282
7143 11315 21:0 7144
7143 11143 21:0 7144
7143 11288 21:0 7147
7145 215 1:0 7145
7145 9727 1:0 7280
7146 11301 21:0 7147
7146 11134 21:0 7150
7148 10399 1:0 7282
7148 9578 1:0 7310
7148 10397 1:0 7310
7148 10459 1:0 7413
7148 10454 1:0 7413
7148 10456 1:0 7413
7148 10445 1:0 7413
7148 9517 1:0 8096
7149 11308 21:0 7153
7150 10310 21:0 7150
7151 9580 1:0 7310
7151 9697 1:0 7310
7151 9696 1:0 7393
7152 11195 21:0 7153
7152 11332 21:0 7156
7154 211 1:0 7154
7154 9554 1:0 7404
7154 9514 1:0 7404
7155 11171 21:0 7156
7155 11200 21:0 7156
7155 11229 21:0 7169
7157 9695 1:0 7400
7162 9694 1:0 7411
7168 11150 21:0 7184
7169 9495 1:0 7413
7177 9573 1:0 7441
7178 9574 1:0 7441
7182 209 1:0 7182
7183 11233 21:0 7219
7189 9745 1:0 7189
7190 9664 1:0 7441
7195 10511 1:0 7544
7195 10513 1:0 7544
7195 10568 1:0 7675
7217 207 1:0 7217
7218 11228 21:0 7235
7226 205 1:0 7226
7231 10570 1:0 7675
7234 11294 21:0 7248
7236 203 1:0 7236
7242 9738 1:0 7242
7244 9663 1:0 7524
7247 11262 21:0 7264
7248 9737 1:0 7248
7249 9528 1:0 7535
7259 9508 1:0 7535
7260 9534 1:0 7544
7263 11255 21:0 7264
7263 11299 21:0 7264
7263 11162 21:0 7267
7265 195 1:0 7265
7266 11506 21:0 7267
7266 11565 21:0 7267
7266 11526 21:0 7275
7269 10363 1:0 7269
7272 9662 1:0 7531
7273 9661 1:0 7542
7273 10516 1:0 7544
7273 10502 1:0 7544
7273 10559 1:0 7675
7273 10573 1:0 7675
7274 11468 21:0 7275
7274 11545 21:0 7275
7274 11433 21:0 7278
7276 197 1:0 7276
7276 9631 1:0 7572
7277 11567 21:0 7278
7277 11558 21:0 7278
7277 11435 21:0 7284
7279 9541 1:0 7572
7279 9515 1:0 7572
7279 9507 1:0 7666
7282 9629 1:0 7655
7282 9630 1:0 7663
7283 9971 21:0 7284
7283 10078 21:0 7287
7285 193 1:0 7285
7285 9567 1:0 7666
7285 9582 1:0 7675
7286 10249 21:0 7287
7286 10025 21:0 7287
7286 11466 21:0 7297
7288 9628 1:0 7673
7290 10370 1:0 7290
7291 9725 1:0 7291
7293 9598 1:0 7703
7296 10021 21:0 7315
7298 9593 1:0 7703
7308 9501 1:0 7703
7309 9484 1:0 8199
7313 191 1:0 7313
7314 11216 21:0 7350
7321 9597 1:0 7786
7348 189 1:0 7348
7349 11473 21:0 7366
7357 187 1:0 7357
7365 11328 21:0 7374
7367 185 1:0 7367
7370 9596 1:0 7793
7373 10028 21:0 7395
7375 9521 1:0 7797
7375 9488 1:0 7797
7378 9699 1:0 7378
7390 10627 1:0 7806
7390 10625 1:0 7806
7390 10630 1:0 7806
7390 10682 1:0 7937
7390 10684 1:0 7937
7390 9451 1:0 8358
7391 9483 1:0 7806
7394 11497 21:0 7395
7394 11434 21:0 7395
7394 11479 21:0 7398
7396 177 1:0 7396
7397 11525 21:0 7398
7397 11172 21:0 7398
7397 10402 21:0 7398
7397 10388 21:0 7398
7397 11347 21:0 7406
7400 10420 1:0 7400
7403 9595 1:0 7804
7404 10616 1:0 7806
7404 9565 1:0 7834
7404 9481 1:0 7834
7404 9474 1:0 7834
7404 10687 1:0 7937
7405 9693 1:0 7405
7405 11242 21:0 7406
7405 11413 21:0 7406
7405 11204 21:0 7409
7407 179 1:0 7407
7407 9479 1:0 7928
7407 9468 1:0 7928
7408 11073 21:0 7409
7408 11106 21:0 7409
7408 3 21:0 7409
7408 10231 21:0 7409
7408 11104 21:0 7409
7408 11513 21:0 7409
7408 11139 21:0 7409
7408 11205 21:0 7409
7408 11238 21:0 7409
7408 11040 21:0 7409
7408 10399 21:0 7409
7408 10342 21:0 7412
7410 9563 1:0 7917
7411 11304 21:0 7412
7411 11271 21:0 7412
7412 10424 21:0 7415
7413 9564 1:0 7925
7413 9562 1:0 7935
7413 10739 1:0 8068
7413 9418 1:0 8489
7413 9385 1:0 8623
7414 11467 21:0 7415
7414 11533 21:0 7418
7416 175 1:0 7416
7416 9482 1:0 7937
7416 10673 1:0 7937
7416 10744 1:0 8068
7416 10741 1:0 8068
7416 10798 1:0 8199
7417 10288 21:0 7418
7417 10340 21:0 7418
7417 267 21:0 7418
7417 11341 21:0 7418
7417 10345 21:0 7418
7417 10217 21:0 7418
7417 10285 21:0 7420
7419 11337 21:0 7420
7419 11370 21:0 7422
7419 9532 1:0 7965
7419 9494 1:0 7965
7419 9475 1:0 7965
7421 10427 1:0 7421
7421 11403 21:0 7422
7422 10427 21:0 7446
7427 9686 1:0 7427
7439 9530 1:0 8048
7440 9435 1:0 8059
7444 173 1:0 7444
7445 11436 21:0 7446
7445 10283 21:0 7446
7445 10397 21:0 7446
7445 10274 21:0 7446
7445 10331 21:0 7446
7445 11568 21:0 7446
7445 11535 21:0 7446
7445 11469 21:0 7446
7445 11502 21:0 7446
7449 10445 21:0 7481
7452 9531 1:0 8056
7477 9673 1:0 7477
7479 171 1:0 7479
7480 11237 21:0 7497
7488 169 1:0 7488
7493 9450 1:0 8059
7493 10730 1:0 8068
7496 11579 21:0 7500
7498 167 1:0 7498
7499 10456 21:0 7500
7504 10459 21:0 7526
7506 9529 1:0 8066
7521 9448 1:0 8068
7522 9449 1:0 8096
7525 305 21:0 7526
7525 10174 21:0 7526
7525 10160 21:0 7526
7525 10117 21:0 7526
7525 10103 21:0 7526
7525 10060 21:0 7526
7525 10046 21:0 7526
7525 11236 21:0 7529
7527 159 1:0 7527
7528 10169 21:0 7529
7528 11381 21:0 7529
7528 11266 21:0 7529
7528 10454 21:0 7529
7528 10171 21:0 7529
7528 10228 21:0 7529
7528 9989 21:0 7537
7531 10477 1:0 7531
7534 9499 1:0 8096
7535 9441 1:0 8096
7535 9498 1:0 8179
7535 9455 1:0 8190
7535 9446 1:0 8190
7536 10477 21:0 7537
7536 10003 21:0 7537
7536 10055 21:0 7537
7536 10112 21:0 7537
7536 10057 21:0 7537
7536 11105 21:0 7537
7536 9998 21:0 7537
7536 10226 21:0 7537
7536 10306 21:0 7540
7538 161 1:0 7538
7538 10801 1:0 8199
7538 10787 1:0 8199
7538 10796 1:0 8227
7538 10844 1:0 8330
7538 10858 1:0 8330
7539 10000 21:0 7540
7539 10114 21:0 7540
7539 315 21:0 7540
7539 313 21:0 7540
7539 319 21:0 7540
7539 11519 21:0 7540
7541 9497 1:0 8186
7542 10481 1:0 7542
7543 10481 21:0 7546
7544 9496 1:0 8197
7544 9442 1:0 8199
7544 9462 1:0 8227
7545 11116 21:0 7546
7545 10199 21:0 7549
7547 157 1:0 7547
7547 9466 1:0 8227
7548 10363 21:0 7549
7548 10367 21:0 7549
7548 11447 21:0 7567
7550 9429 1:0 8227
7550 9465 1:0 8310
7559 9658 1:0 7559
7562 9464 1:0 8317
7566 11303 21:0 7577
7570 9461 1:0 8321
7571 9416 1:0 8321
7571 10853 1:0 8330
7571 10855 1:0 8330
7571 10910 1:0 8461
7571 10912 1:0 8461
7573 9648 1:0 7573
7575 155 1:0 7575
7576 297 21:0 7577
7576 317 21:0 7577
7576 311 21:0 7577
7580 10502 21:0 7612
7583 9463 1:0 8328
7608 9640 1:0 7608
7610 153 1:0 7610
7611 295 21:0 7612
7611 279 21:0 7612
7615 10511 21:0 7618
7617 293 21:0 7621
7619 151 1:0 7619
7620 277 21:0 7621
7624 9402 1:0 8330
7624 10915 1:0 8461
7624 10901 1:0 8461
7625 10513 21:0 7628
7627 9964 21:0 7631
7629 149 1:0 7629
7630 299 21:0 7631
7630 243 21:0 7631
7630 261 21:0 7631
7630 259 21:0 7631
7635 10516 21:0 7657
7652 9433 1:0 8358
7653 9428 1:0 8358
7656 301 21:0 7657
7656 10085 21:0 7657
7656 11302 21:0 7660
7658 141 1:0 7658
7659 263 21:0 7660
7659 9 21:0 7660
7659 225 21:0 7660
7659 223 21:0 7660
7659 245 21:0 7660
7659 239 21:0 7660
7659 241 21:0 7660
7659 275 21:0 7660
7659 257 21:0 7660
7659 233 21:0 7660
7659 281 21:0 7660
7661 9 1:0 8623
7662 10534 1:0 7662
7663 10534 21:0 7668
7665 9415 1:0 8358
7665 9417 1:0 8452
7665 9408 1:0 8452
7666 9431 1:0 8441
7666 9432 1:0 8449
7667 9627 1:0 7667
7667 11275 21:0 7668
7667 10082 21:0 7668
7667 283 21:0 7671
7669 143 1:0 7669
7670 11539 21:0 7671
7670 10484 21:0 7674
7672 9430 1:0 8459
7674 10538 21:0 7677
7675 9409 1:0 8461
7675 9422 1:0 8474
7675 9413 1:0 8489
7675 9400 1:0 8489
7676 11414 21:0 7677
7676 11532 21:0 7680
7678 139 1:0 7678
7678 9398 1:0 8572
7679 11500 21:0 7680
7679 11453 21:0 7680
7679 221 21:0 7680
7679 227 21:0 7680
7681 9399 1:0 8580
7681 9396 1:0 8583
7681 9389 1:0 8583
7681 11 1:0 8622
7683 10541 1:0 7683
7683 9395 1:0 8592
7684 10541 21:0 7708
7702 9397 1:0 8590
7706 137 1:0 7706
7709 10958 1:0 8623
7711 10559 21:0 7743
7713 9613 1:0 7713
7714 9384 1:0 8595
7714 9380 1:0 8595
7714 10967 1:0 8661
7741 135 1:0 7741
7746 10568 21:0 7749
7750 133 1:0 7750
7755 9382 1:0 8623
7755 9383 1:0 8623
7756 10570 21:0 7759
7758 11189 21:0 7762
7760 131 1:0 7760
7760 10969 1:0 8671
7763 9376 1:0 8623
7763 5 1:0 8674
7766 9606 1:0 7766
7766 10573 21:0 7788
7768 9369 1:0 8674
7783 9375 1:0 8682
7784 3 1:0 8687
7784 10990 1:0 8702
7787 231 21:0 7788
7787 11202 21:0 7788
7787 249 21:0 7791
7789 123 1:0 7789
7790 11431 21:0 7791
7790 11546 21:0 7791
7790 11459 21:0 7799
7796 10972 1:0 8681
7796 249 1:0 9384
7796 11431 1:0 9384
7796 11546 1:0 9384
7796 227 1:0 9593
7796 225 1:0 9602
7797 231 1:0 9398
7797 11189 1:0 9398
7797 11202 1:0 9398
7797 11453 1:0 9450
7797 11532 1:0 9455
7797 11500 1:0 9455
7798 10370 21:0 7799
7798 9968 21:0 7799
7798 11578 21:0 7802
7800 125 1:0 7800
7800 9968 1:0 9374
7800 10370 1:0 9379
7800 11459 1:0 9379
7801 251 21:0 7802
7801 11269 21:0 7802
7803 251 1:0 9322
7803 11269 1:0 9322
7803 11578 1:0 9322
7804 10595 1:0 7804
7805 10595 21:0 7808
7806 11414 1:0 9455
7806 283 1:0 9460
7806 11539 1:0 9460
7806 10484 1:0 9460
7806 11275 1:0 9474
7806 233 1:0 9474
7806 10082 1:0 9474
7806 11302 1:0 9510
7807 10253 21:0 7808
7807 11501 21:0 7811
7809 121 1:0 7809
7809 10253 1:0 9308
7809 301 1:0 9526
7810 269 21:0 7811
7810 11336 21:0 7811
7810 11321 21:0 7829
7812 11336 1:0 9303
7812 11501 1:0 9308
7812 269 1:0 9308
7812 10085 1:0 9531
7812 9964 1:0 9531
7812 11303 1:0 9531
7814 10541 1:0 9536
7815 10598 21:0 7815
7817 11447 1:0 9536
7821 9592 1:0 7821
7828 11334 21:0 7839
7830 11321 1:0 9303
7832 10363 1:0 9536
7833 11116 1:0 9550
7837 119 1:0 7837
7840 11334 1:0 9298
7842 10616 21:0 7874
7845 10367 1:0 9550
7845 10199 1:0 9550
7872 117 1:0 7872
7877 10625 21:0 7880
7881 115 1:0 7881
7887 10627 21:0 7890
7889 11149 21:0 7893
7891 113 1:0 7891
7894 11149 1:0 9282
7897 10630 21:0 7919
7918 303 21:0 7919
7918 11566 21:0 7919
7918 11407 21:0 7922
7920 105 1:0 7920
7920 303 1:0 9246
7920 11566 1:0 9246
7921 10135 21:0 7922
7921 10420 21:0 7922
7923 10420 1:0 9232
7923 10135 1:0 9232
7923 11407 1:0 9246
7925 10648 21:0 7930
7927 10534 1:0 9586
7927 221 1:0 9593
7927 11519 1:0 9602
7927 10306 1:0 9607
7928 319 1:0 9607
7928 10477 1:0 9612
7928 11105 1:0 9612
7929 10591 21:0 7930
7929 11464 21:0 7930
7929 10313 21:0 7933
7931 107 1:0 7931
7931 10591 1:0 9227
7931 11464 1:0 9232
7932 11183 21:0 7933
7932 229 21:0 7936
7934 10313 1:0 9227
7934 11183 1:0 9227
7935 10652 1:0 7935
7935 287 21:0 7939
7937 229 1:0 9222
7938 247 21:0 7939
7938 11426 21:0 7942
7940 103 1:0 7940
7940 247 1:0 9170
7940 287 1:0 9206
7941 10652 21:0 7942
7941 11268 21:0 7942
7943 10652 1:0 9156
7943 11426 1:0 9170
7943 11268 1:0 9170
7946 10655 21:0 7970
7968 101 1:0 7968
7971 10655 1:0 9303
7973 10673 21:0 8005
7975 9547 1:0 7975
8003 99 1:0 8003
8008 10682 21:0 8011
8012 97 1:0 8012
8018 10684 21:0 8021
8020 11486 21:0 8024
8022 95 1:0 8022
8025 11486 1:0 9156
8028 10687 21:0 8050
8049 321 21:0 8050
8049 213 21:0 8050
8049 285 21:0 8053
8051 87 1:0 8051
8051 213 1:0 9151
8051 321 1:0 9156
8052 323 21:0 8053
8052 265 21:0 8053
8054 265 1:0 9146
8054 323 1:0 9151
8054 285 1:0 9151
8055 10705 1:0 8055
8056 10705 21:0 8056
8062 89 1:0 8062
8067 10709 21:0 8067
8071 85 1:0 8071
8077 10712 21:0 8101
8099 83 1:0 8099
8104 10730 21:0 8136
8134 81 1:0 8134
8139 10739 21:0 8142
8143 79 1:0 8143
8149 10741 21:0 8152
8153 77 1:0 8153
8159 10744 21:0 8181
8165 9506 1:0 8165
8182 69 1:0 8182
8187 10762 21:0 8187
8193 71 1:0 8193
8198 10766 21:0 8201
8202 67 1:0 8202
8208 10769 21:0 8232
8230 65 1:0 8230
8235 10787 21:0 8267
8265 63 1:0 8265
8270 10796 21:0 8273
8274 61 1:0 8274
8280 10798 21:0 8283
8284 59 1:0 8284
8290 10801 21:0 8312
8313 51 1:0 8313
8318 10819 21:0 8323
8324 53 1:0 8324
8329 10823 21:0 8329
8333 49 1:0 8333
8338 10826 1:0 8338
8339 10826 21:0 8363
8345 9460 1:0 8345
8361 47 1:0 8361
8364 10826 1:0 9612
8366 10844 21:0 8398
8396 45 1:0 8396
8401 10853 21:0 8404
8405 43 1:0 8405
8411 10855 21:0 8414
8415 41 1:0 8415
8421 10858 21:0 8443
8427 9440 1:0 8427
8444 33 1:0 8444
8448 10876 1:0 8448
8449 10876 21:0 8454
8455 35 1:0 8455
8455 10876 1:0 9379
8459 10880 1:0 8459
8460 10880 21:0 8463
8464 31 1:0 8464
8464 10880 1:0 9358
8469 10883 1:0 8469
8470 10883 21:0 8494
8476 9427 1:0 8476
8492 29 1:0 8492
8495 10883 1:0 9607
8497 10901 21:0 8529
8527 27 1:0 8527
8532 10910 21:0 8535
8536 25 1:0 8536
8542 10912 21:0 8545
8546 23 1:0 8546
8552 10915 21:0 8574
8558 9407 1:0 8558
8575 15 1:0 8575
8580 10933 21:0 8585
8586 17 1:0 8586
8586 10933 1:0 9434
8591 10937 21:0 8594
8595 13 1:0 8595
8600 10940 1:0 8600
8601 10940 21:0 8601
8607 9394 1:0 8607
8628 10958 21:0 8660
8663 10967 21:0 8666
8667 7 1:0 8667
8673 10969 21:0 8676
8683 10972 21:0 8712
8689 9374 1:0 8689
8702 8772 1:0 8702
8713 12619 21:0 8724
8723 3 21:0 8724
8724 12620 21:0 8757
8756 12627 21:0 8768
8767 5 21:0 8768
8767 11 21:0 8768
8767 10990 21:0 8768
8767 9 21:0 8768
8767 12628 21:0 8768
8767 12613 21:0 8768
8767 7 21:0 8770
8769 12629 21:0 8770
8770 12641 21:0 8778
8773 17 21:0 8773
8773 12640 21:0 8773
8777 12643 21:0 8828
8778 15 21:0 8778
8780 12633 21:0 8780
8789 12652 21:0 8789
8800 12653 21:0 8800
8827 12642 21:0 8844
8828 12659 21:0 8828
8828 12657 21:0 8828
8828 12660 21:0 8828
8833 12661 21:0 8833
8835 12646 21:0 8835
8841 12672 21:0 8841
8843 12644 21:0 8854
8844 31 21:0 8844
8849 35 21:0 8849
8849 12673 21:0 8849
8853 12674 21:0 8904
8854 33 21:0 8854
8856 12666 21:0 8856
8865 12685 21:0 8865
8876 12686 21:0 8876
8903 12675 21:0 8920
8904 12693 21:0 8904
8904 12692 21:0 8904
8904 12690 21:0 8904
8909 12694 21:0 8909
8911 12679 21:0 8911
8917 12705 21:0 8917
8919 12676 21:0 8930
8920 49 21:0 8920
8925 53 21:0 8925
8925 12706 21:0 8925
8929 12677 21:0 8980
8930 51 21:0 8930
8932 12699 21:0 8932
8941 12718 21:0 8941
8952 12719 21:0 8952
8979 12710 21:0 8996
8980 12726 21:0 8980
8980 12723 21:0 8980
8980 12725 21:0 8980
8985 12727 21:0 8985
8987 12712 21:0 8987
8993 12738 21:0 8993
8995 12708 21:0 9006
8996 67 21:0 8996
9001 71 21:0 9001
9001 12739 21:0 9001
9005 12709 21:0 9056
9006 69 21:0 9006
9008 12732 21:0 9008
9017 12751 21:0 9017
9028 12752 21:0 9028
9055 12707 21:0 9072
9056 12759 21:0 9056
9056 12756 21:0 9056
9056 12758 21:0 9056
9061 12760 21:0 9061
9063 12745 21:0 9063
9069 12771 21:0 9069
9071 12740 21:0 9082
9072 85 21:0 9072
9077 89 21:0 9077
9077 12772 21:0 9077
9081 12741 21:0 9132
9082 87 21:0 9082
9084 12765 21:0 9084
9093 12784 21:0 9093
9104 12785 21:0 9104
9131 12742 21:0 9148
9132 12789 21:0 9132
9132 12792 21:0 9132
9132 12791 21:0 9132
9139 12778 21:0 9139
9145 12804 21:0 9145
9147 12743 21:0 9158
9148 103 21:0 9148
9153 107 21:0 9153
9153 12805 21:0 9153
9157 12773 21:0 9203
9158 105 21:0 9158
9160 12798 21:0 9160
9169 12817 21:0 9169
9180 12818 21:0 9180
9202 12774 21:0 9224
9208 12822 21:0 9208
9208 12824 21:0 9208
9208 12825 21:0 9208
9213 12826 21:0 9213
9215 12811 21:0 9215
9221 12837 21:0 9221
9223 12775 21:0 9234
9224 121 21:0 9224
9229 125 21:0 9229
9229 12838 21:0 9229
9233 12809 21:0 9256
9234 123 21:0 9234
9245 12850 21:0 9245
9255 12806 21:0 9300
9256 12851 21:0 9256
9284 12855 21:0 9284
9284 12857 21:0 9284
9284 12858 21:0 9284
9289 12859 21:0 9289
9291 12844 21:0 9291
9297 12870 21:0 9297
9299 12776 21:0 9310
9300 139 21:0 9300
9305 143 21:0 9305
9305 12871 21:0 9305
9309 12807 21:0 9328
9321 12883 21:0 9321
9327 12808 21:0 9376
9332 12884 21:0 9332
9360 12888 21:0 9360
9360 12891 21:0 9360
9365 12892 21:0 9365
9367 12877 21:0 9367
9373 12903 21:0 9373
9375 12840 21:0 9383
9381 12904 21:0 9381
9382 12839 21:0 9404
9386 159 21:0 9386
9388 12897 21:0 9388
9397 12916 21:0 9397
9403 12841 21:0 9452
9408 12917 21:0 9408
9436 12923 21:0 9436
9436 12924 21:0 9436
9436 12921 21:0 9436
9441 12925 21:0 9441
9443 12910 21:0 9443
9449 12936 21:0 9449
9451 12842 21:0 9457
9452 175 21:0 9452
9456 12872 21:0 9476
9457 179 21:0 9457
9457 12937 21:0 9457
9462 177 21:0 9462
9464 12930 21:0 9464
9473 12949 21:0 9473
9475 12873 21:0 9528
9484 12950 21:0 9484
9512 12954 21:0 9512
9512 12957 21:0 9512
9512 12956 21:0 9512
9519 12943 21:0 9519
9525 12969 21:0 9525
9527 12874 21:0 9533
9528 193 21:0 9528
9532 12875 21:0 9552
9533 197 21:0 9533
9533 12970 21:0 9533
9538 195 21:0 9538
9540 12963 21:0 9540
9549 12982 21:0 9549
9551 12905 21:0 9604
9560 12983 21:0 9560
9588 12987 21:0 9588
9588 12989 21:0 9588
9588 12990 21:0 9588
9593 12991 21:0 9593
9595 12976 21:0 9595
9601 13002 21:0 9601
9603 12907 21:0 9609
9604 211 21:0 9604
9608 12906 21:0 9628
9609 13003 21:0 9609
9613 11236 1:0 9626
9613 11381 1:0 9626
9613 11266 1:0 9626
9615 223 1:0 9626
9616 12996 21:0 9616
9625 13015 21:0 9625
9627 10481 1:0 9662
9627 12908 21:0 9680
9636 13016 21:0 9636
9663 305 1:0 9678
9664 13022 21:0 9664
9664 13020 21:0 9664
9664 13023 21:0 9664
9668 239 1:0 9678
9668 245 1:0 9678
9669 13024 21:0 9669
9671 13009 21:0 9671
9677 13035 21:0 9677
9679 10595 1:0 9683
9679 11579 1:0 9683
9679 11237 1:0 9683
9679 12938 21:0 9685
9684 267 1:0 9688
9684 10427 1:0 9688
9684 241 1:0 9688
9684 11341 1:0 9688
9684 12939 21:0 9704
9685 13036 21:0 9685
9689 11467 1:0 9702
9689 11533 1:0 9702
9689 11104 1:0 9702
9690 231 21:0 9690
9691 243 1:0 9702
9692 13029 21:0 9692
9701 13048 21:0 9701
9703 10769 1:0 9738
9703 12940 21:0 9756
9739 11513 1:0 9754
9740 13053 21:0 9740
9740 13056 21:0 9740
9740 13055 21:0 9740
9744 257 1:0 9745
9744 263 1:0 9745
9745 13057 21:0 9745
9746 259 1:0 9754
9747 13042 21:0 9747
9753 13068 21:0 9753
9755 11204 1:0 9759
9755 11413 1:0 9759
9755 10937 1:0 9759
9755 12941 21:0 9761
9760 10766 1:0 9764
9760 11242 1:0 9764
9760 10424 1:0 9764
9760 12971 21:0 9780
9761 251 21:0 9761
9765 11525 1:0 9778
9765 11347 1:0 9778
9765 10712 1:0 9778
9766 249 21:0 9766
9767 261 1:0 9778
9779 11479 1:0 9814
9779 12973 21:0 9832
9815 11434 1:0 9830
9816 13088 21:0 9816
9816 13086 21:0 9816
9816 13089 21:0 9816
9820 281 1:0 9830
9820 275 1:0 9830
9821 13090 21:0 9821
9823 13075 21:0 9823
9829 13101 21:0 9829
9831 10028 1:0 9835
9831 11497 1:0 9835
9831 11328 1:0 9835
9831 12972 21:0 9837
9832 265 21:0 9832
9836 10021 1:0 9840
9836 11473 1:0 9840
9836 11216 1:0 9840
9836 277 1:0 9840
9836 12974 21:0 9856
9837 13102 21:0 9837
9837 269 21:0 9837
9841 11466 1:0 9854
9841 10249 1:0 9854
9841 10648 1:0 9854
9842 267 21:0 9842
9843 279 1:0 9854
9844 13095 21:0 9844
9853 13114 21:0 9853
9855 10025 1:0 9890
9855 13004 21:0 9908
9864 13115 21:0 9864
9891 10819 1:0 9906
9892 13119 21:0 9892
9892 13122 21:0 9892
9892 13121 21:0 9892
9896 293 1:0 9906
9896 299 1:0 9906
9897 13123 21:0 9897
9899 13108 21:0 9899
9905 13134 21:0 9905
9907 11435 1:0 9911
9907 9971 1:0 9911
9907 10078 1:0 9911
9907 13005 21:0 9913
9908 283 21:0 9908
9912 11567 1:0 9916
9912 11558 1:0 9916
9912 295 1:0 9916
9912 11433 1:0 9916
9912 13006 21:0 9928
9913 13135 21:0 9913
9913 287 21:0 9913
9917 10538 1:0 9930
9917 11468 1:0 9930
9917 11545 1:0 9930
9918 285 21:0 9918
9919 297 1:0 9930
9920 13128 21:0 9920
9927 13007 21:0 9984
9929 13147 21:0 9929
9931 11526 1:0 9966
9940 13148 21:0 9940
9967 11565 1:0 9982
9968 13152 21:0 9968
9968 13154 21:0 9968
9972 311 1:0 9973
9972 317 1:0 9973
9974 315 1:0 9982
9983 11506 1:0 9987
9983 13037 21:0 9989
9983 6302 1:0 9987
9983 6299 1:0 9987
9988 13038 21:0 9994
9988 6300 1:0 9992
9988 6301 1:0 9992
9988 6303 1:0 9992
9991 13170 21:0 9991
9993 13039 21:0 10060
9993 6304 1:0 10006
9993 6152 1:0 10006
9993 6155 1:0 10006
9995 313 1:0 10006
10007 6156 1:0 10042
10043 11583 1:0 10063
10059 10003 1:0 10063
10059 13040 21:0 10065
10062 13202 21:0 10062
10064 13070 21:0 10070
10064 11582 1:0 10074
10067 13203 21:0 10067
10069 10114 1:0 10074
10069 13072 21:0 10079
10069 338 1:0 10072
10069 6153 1:0 10074
10070 13205 21:0 10070
10075 11581 1:0 10081
10078 13105 21:0 10087
10078 6154 1:0 10085
10078 6157 1:0 10085
10086 13106 21:0 10090
10086 11580 1:0 10092
10089 10171 1:0 10094
10089 10228 1:0 10094
10089 10226 1:0 10094
10089 9998 1:0 10094
10089 10568 1:0 10094
10089 11162 1:0 10094
10089 10055 1:0 10094
10089 10057 1:0 10094
10089 10000 1:0 10094
10089 9989 1:0 10094
10089 10169 1:0 10094
10089 10112 1:0 10094
10089 13103 21:0 10099
10095 11550 1:0 10122
10098 12639 21:0 10099
10098 12626 21:0 10099
10098 25 21:0 10103
10098 11255 1:0 10122
10098 11299 1:0 10122
10102 27 21:0 10110
10108 11572 1:0 10108
10109 11577 1:0 10109
10109 12794 21:0 10110
10109 13124 21:0 10111
10110 12860 21:0 10112
10111 12893 21:0 10112
10113 338 21:0 10127
10120 11568 1:0 10122
10123 11548 1:0 10205
10126 13071 21:0 10207
10132 11563 1:0 10132
10158 11559 1:0 10158
10190 11552 1:0 10190
10206 13073 21:0 10210
10206 11549 1:0 10213
10209 11262 1:0 10216
10209 11294 1:0 10216
10209 13104 21:0 10218
10217 11547 1:0 10223
10217 13136 21:0 10227
10220 10046 1:0 10225
10220 10454 1:0 10225
10220 11228 1:0 10225
10220 10060 1:0 10225
10220 10283 1:0 10225
10220 10103 1:0 10225
10223 11535 1:0 10225
10226 13137 21:0 10230
10226 11517 1:0 10253
10229 11150 1:0 10253
10229 11233 1:0 10253
10229 13138 21:0 10309
10247 10397 1:0 10253
10254 11534 1:0 10254
10254 11515 1:0 10336
10263 11530 1:0 10263
10308 13139 21:0 10338
10337 11516 1:0 10344
10337 13169 21:0 10349
10339 285 1:0 10339
10340 11229 1:0 10347
10340 11200 1:0 10347
10348 13171 21:0 10352
10348 11514 1:0 10354
10350 287 1:0 10350
10351 10117 1:0 10356
10351 11171 1:0 10356
10351 10160 1:0 10356
10351 10174 1:0 10356
10351 10511 1:0 10356
10351 10513 1:0 10356
10351 13204 21:0 10361
10357 11484 1:0 10384
10359 283 1:0 10359
10360 11195 1:0 10384
10360 11332 1:0 10384
10360 13172 21:0 10389
10365 11512 1:0 10365
10382 11502 1:0 10384
10385 11483 1:0 10467
10388 12624 21:0 10424
10394 11499 1:0 10394
10420 11493 1:0 10420
10423 12958 21:0 10440
10439 12831 21:0 10445
10444 12864 21:0 10469
10447 11492 1:0 10447
10468 10117 21:0 10469
10468 12793 21:0 10469
10468 293 21:0 10469
10468 10060 21:0 10469
10468 10103 21:0 10469
10468 275 21:0 10472
10468 11482 1:0 10474
10470 267 1:0 10470
10471 10112 21:0 10472
10471 281 21:0 10472
10471 315 21:0 10472
10471 12959 21:0 10472
10471 295 21:0 10472
10471 299 21:0 10472
10471 279 21:0 10472
10471 12728 21:0 10472
10471 10114 21:0 10472
10471 13157 21:0 10472
10471 13058 21:0 10472
10471 311 21:0 10472
10471 9989 21:0 10472
10471 10046 21:0 10472
10471 10003 21:0 10472
10471 317 21:0 10472
10471 13091 21:0 10472
10471 12827 21:0 10472
10471 13025 21:0 10472
10471 10000 21:0 10472
10471 10055 21:0 10472
10471 277 21:0 10472
10471 10057 21:0 10472
10471 351 21:0 10472
10471 297 21:0 10472
10471 12992 21:0 10472
10471 9998 21:0 10472
10471 12926 21:0 10472
10471 12761 21:0 10472
10471 313 21:0 10472
10471 13190 21:0 10472
10471 12695 21:0 10472
10471 12662 21:0 10472
10471 11134 1:0 10478
10471 11308 1:0 10478
10479 11480 1:0 10479
10479 11481 1:0 10485
10481 269 1:0 10481
10482 11301 1:0 10487
10482 10274 1:0 10487
10482 10331 1:0 10487
10482 10217 1:0 10487
10482 10570 1:0 10487
10482 10456 1:0 10487
10485 10139 1:0 10485
10488 11451 1:0 10515
10490 265 1:0 10490
10491 11143 1:0 10515
10491 11288 1:0 10515
10495 10142 1:0 10495
10511 351 1:0 10512
10513 11469 1:0 10515
10516 11449 1:0 10598
10520 263 21:0 10555
10551 11460 1:0 10551
10554 10160 21:0 10561
10560 261 21:0 10561
10560 10169 21:0 10564
10563 351 21:0 10564
10564 259 21:0 10571
10570 10171 21:0 10571
10578 10174 21:0 10600
10599 257 21:0 10600
10599 11450 1:0 10606
10601 249 1:0 10601
10602 11315 1:0 10609
10602 11398 1:0 10609
10605 10192 1:0 10605
10610 11448 1:0 10616
10612 251 1:0 10612
10613 10345 1:0 10618
10613 10340 1:0 10618
10613 10288 1:0 10618
10613 10231 1:0 10618
10613 11402 1:0 10618
10613 10285 1:0 10618
10616 10196 1:0 10616
10619 11418 1:0 10646
10622 11387 1:0 10646
10622 11400 1:0 10646
10627 11446 1:0 10627
10632 11440 1:0 10632
10642 351 1:0 10643
10644 11436 1:0 10646
10647 11416 1:0 10729
10654 10217 21:0 10686
10682 11427 1:0 10682
10685 245 21:0 10692
10691 243 21:0 10692
10691 10226 21:0 10695
10694 351 21:0 10695
10699 10228 21:0 10702
10701 241 21:0 10702
10705 239 21:0 10731
10714 11420 1:0 10714
10730 10231 21:0 10731
10730 11417 1:0 10737
10732 231 1:0 10732
10733 11394 1:0 10740
10733 11365 1:0 10740
10738 351 1:0 10740
10741 11415 1:0 10747
10744 11354 1:0 10749
10744 10342 1:0 10749
10744 10399 1:0 10749
10744 10402 1:0 10749
10744 10388 1:0 10749
10744 277 1:0 10749
10744 10000 1:0 10749
10744 10057 1:0 10749
10744 9998 1:0 10749
10747 11403 1:0 10749
10750 11385 1:0 10777
10753 11369 1:0 10777
10753 11368 1:0 10777
10771 297 1:0 10777
10778 11384 1:0 10860
10785 10274 21:0 10817
10787 11401 1:0 10787
10816 227 21:0 10823
10822 10283 21:0 10823
10822 225 21:0 10826
10825 351 21:0 10826
10826 223 21:0 10833
10832 10285 21:0 10833
10840 11393 1:0 10840
10840 10288 21:0 10862
10861 221 21:0 10862
10861 11383 1:0 10867
10864 11367 1:0 10871
10864 11361 1:0 10871
10869 351 1:0 10871
10872 11382 1:0 10878
10875 10112 1:0 10880
10875 313 1:0 10880
10875 11380 1:0 10880
10875 10516 1:0 10880
10875 10459 1:0 10880
10875 10573 1:0 10880
10878 10310 1:0 10878
10878 11370 1:0 10880
10881 11352 1:0 10908
10883 211 1:0 10883
10884 11374 1:0 10893
10884 11360 1:0 10908
10902 315 1:0 10908
10909 11350 1:0 10991
10935 351 21:0 10945
10948 207 21:0 10954
10953 10340 21:0 10954
10957 205 21:0 10964
10963 10342 21:0 10964
10992 11351 1:0 10999
10994 195 1:0 10994
10995 11215 1:0 11002
10995 11348 1:0 11002
11003 11349 1:0 11009
11005 197 1:0 11005
11006 10445 1:0 11011
11006 11182 1:0 11011
11006 279 1:0 11011
11006 295 1:0 11011
11006 10502 1:0 11011
11006 10559 1:0 11011
11012 11319 1:0 11039
11014 193 1:0 11014
11015 11156 1:0 11039
11015 11163 1:0 11039
11035 351 1:0 11036
11037 11337 1:0 11039
11040 11318 1:0 11122
11049 11335 1:0 11049
11066 351 21:0 11076
11082 10397 21:0 11085
11084 189 21:0 11085
11092 10399 21:0 11095
11102 11327 1:0 11102
11123 11317 1:0 11129
11125 177 1:0 11125
11126 11176 1:0 11133
11126 11270 1:0 11133
11134 11316 1:0 11140
11136 179 1:0 11136
11137 11169 1:0 11142
11137 10114 1:0 11142
11137 10625 1:0 11142
11137 10046 1:0 11142
11137 10003 1:0 11142
11137 221 1:0 11142
11143 11286 1:0 11170
11145 175 1:0 11145
11146 11196 1:0 11170
11146 11209 1:0 11170
11151 11314 1:0 11151
11166 351 1:0 11167
11168 11304 1:0 11170
11171 11285 1:0 11253
11197 351 21:0 11207
11206 11295 1:0 11206
11254 11284 1:0 11260
11256 159 1:0 11256
11257 11261 1:0 11264
11257 11281 1:0 11264
11265 11282 1:0 11265
11265 11283 1:0 11271
11268 27 1:0 11273
11268 11167 1:0 11273
11268 10627 1:0 11273
11268 281 1:0 11273
11268 9989 1:0 11273
11268 317 1:0 11273
11274 11253 1:0 11301
11277 11084 1:0 11301
11277 339 1:0 11301
11297 351 1:0 11298
11299 11271 1:0 11301
11302 11251 1:0 11384
11328 351 21:0 11338
11385 11252 1:0 11392
11388 11068 1:0 11395
11388 11137 1:0 11395
11396 11249 1:0 11396
11396 11250 1:0 11402
11398 143 1:0 11398
11399 10684 1:0 11404
11399 311 1:0 11404
11399 275 1:0 11404
11399 299 1:0 11404
11399 11130 1:0 11404
11399 25 1:0 11404
11405 11220 1:0 11432
11407 139 1:0 11407
11408 11117 1:0 11432
11408 11097 1:0 11432
11413 11248 1:0 11413
11428 351 1:0 11429
11430 11238 1:0 11432
11433 11218 1:0 11515
11442 11235 1:0 11442
11459 351 21:0 11469
11500 11222 1:0 11500
11516 11219 1:0 11523
11518 123 1:0 11518
11519 11051 1:0 11526
11519 11136 1:0 11526
11527 11217 1:0 11533
11529 125 1:0 11529
11530 10682 1:0 11535
11530 10630 1:0 11535
11530 10103 1:0 11535
11530 10616 1:0 11535
11530 10739 1:0 11535
11530 11103 1:0 11535
11536 11187 1:0 11563
11538 121 1:0 11538
11539 11050 1:0 11563
11539 11072 1:0 11563
11543 10598 1:0 11543
11559 351 1:0 11560
11561 11205 1:0 11563
11564 11186 1:0 11646
11573 11203 1:0 11573
11590 351 21:0 11600
11647 11185 1:0 11653
11649 105 1:0 11649
11650 11110 1:0 11657
11650 11096 1:0 11657
11658 11184 1:0 11664
11660 107 1:0 11660
11661 10687 1:0 11666
11661 10798 1:0 11666
11661 10117 1:0 11666
11661 10741 1:0 11666
11661 11138 1:0 11666
11661 10673 1:0 11666
11667 11154 1:0 11694
11669 103 1:0 11669
11670 11090 1:0 11694
11670 11101 1:0 11694
11690 351 1:0 11691
11692 11172 1:0 11694
11695 11153 1:0 11777
11704 11170 1:0 11704
11721 351 21:0 11731
11778 11152 1:0 11784
11780 87 1:0 11780
11781 11129 1:0 11788
11781 11123 1:0 11788
11784 10705 1:0 11784
11789 11151 1:0 11795
11791 89 1:0 11791
11792 11063 1:0 11797
11792 10730 1:0 11797
11792 10744 1:0 11797
11792 10060 1:0 11797
11792 10796 1:0 11797
11792 10855 1:0 11797
11795 10709 1:0 11795
11798 11121 1:0 11825
11800 85 1:0 11800
11801 11077 1:0 11825
11801 11044 1:0 11825
11821 351 1:0 11822
11823 11139 1:0 11825
11826 11120 1:0 11908
11852 351 21:0 11862
11909 11119 1:0 11915
11911 69 1:0 11911
11912 11037 1:0 11919
11912 11035 1:0 11919
11915 10762 1:0 11915
11920 11118 1:0 11926
11922 71 1:0 11922
11923 10787 1:0 11928
11923 10910 1:0 11928
11923 10801 1:0 11928
11923 293 1:0 11928
11923 10853 1:0 11928
11923 11038 1:0 11928
11929 11088 1:0 11956
11931 67 1:0 11931
11932 11024 1:0 11956
11932 11064 1:0 11956
11952 351 1:0 11953
11954 11106 1:0 11956
11957 11087 1:0 12039
11983 351 21:0 11993
12040 11086 1:0 12046
12042 51 1:0 12042
12043 11071 1:0 12050
12043 11057 1:0 12050
12051 11085 1:0 12057
12053 53 1:0 12053
12054 10858 1:0 12059
12054 10844 1:0 12059
12054 10912 1:0 12059
12054 11083 1:0 12059
12054 7 1:0 12059
12054 6144 1:0 12059
12057 10823 1:0 12057
12060 11055 1:0 12087
12062 49 1:0 12062
12063 11030 1:0 12087
12063 11031 1:0 12087
12083 351 1:0 12084
12085 11073 1:0 12087
12088 11053 1:0 12170
12097 11070 1:0 12097
12114 351 21:0 12124
12171 11054 1:0 12178
12173 33 1:0 12173
12174 11011 1:0 12181
12174 11018 1:0 12181
12182 11052 1:0 12188
12184 35 1:0 12184
12185 10901 1:0 12190
12185 10915 1:0 12190
12185 11006 1:0 12190
12185 10969 1:0 12190
12185 11 1:0 12190
12185 9 1:0 12190
12191 11022 1:0 12218
12193 31 1:0 12193
12194 11002 1:0 12218
12194 11017 1:0 12218
12214 351 1:0 12215
12216 11040 1:0 12218
12219 11039 1:0 12219
12219 11020 1:0 12301
12245 351 21:0 12255
12302 11021 1:0 12309
12304 15 1:0 12304
12305 11005 1:0 12312
12305 10991 1:0 12312
12310 11007 1:0 12312
12310 351 1:0 12312
12313 11019 1:0 12319
12315 17 1:0 12315
12316 5 1:0 12321
12316 10958 1:0 12321
12316 10972 1:0 12321
12316 11004 1:0 12321
12316 10990 1:0 12321
12322 13172 1:0 12349
12325 10997 1:0 12349
12325 10998 1:0 12349
12329 10940 1:0 12329
12343 10967 1:0 12349
12350 13204 1:0 12434
12354 11 21:0 12389
12388 10958 21:0 12395
12394 9 21:0 12395
12394 10967 21:0 12398
12397 351 21:0 12398
12402 10969 21:0 12405
12404 7 21:0 12405
12428 10055 1:0 12434
12433 10990 21:0 12436
12435 13205 1:0 12435
12435 5 21:0 12436
12435 10972 21:0 12436
12435 13171 1:0 12445
12438 12864 1:0 12445
12438 12793 1:0 12445
12442 13203 1:0 12442
12443 351 1:0 12445
12446 13169 1:0 12454
12449 12831 1:0 12454
12449 6145 1:0 12454
12449 6151 1:0 12454
12449 6148 1:0 12454
12449 6149 1:0 12454
12449 6150 1:0 12454
12452 13190 1:0 12454
12453 13202 1:0 12453
12455 13139 1:0 12482
12458 12958 1:0 12482
12458 6446 1:0 12482
12473 339 21:0 12487
12476 6146 1:0 12482
12483 13138 1:0 12655
12509 351 21:0 12519
12561 6147 1:0 12576
12563 6294 1:0 12609
12563 6297 1:0 12655
12582 6147 21:0 12607
12606 6146 21:0 12614
12613 6149 21:0 12619
12618 6148 21:0 12627
12632 6157 21:0 12657
12635 13137 1:0 12666
12656 6154 21:0 12657
12656 6153 21:0 12660
12658 6449 1:0 12666
12658 6451 1:0 12666
12659 6156 21:0 12660
12659 6155 21:0 12660
12659 6152 21:0 12664
12663 13170 1:0 12663
12663 6151 21:0 12668
12665 351 1:0 12700
12665 13157 1:0 12703
12665 13124 1:0 12924
12665 13091 1:0 13148
12665 6293 1:0 12675
12665 6296 1:0 12675
12665 6292 1:0 12675
12665 6298 1:0 12675
12665 6291 1:0 12675
12665 6295 1:0 12806
12666 13136 1:0 12675
12666 6450 1:0 12675
12666 6447 1:0 12703
12666 6448 1:0 12703
12667 6145 21:0 12668
12667 6144 21:0 12668
12667 323 21:0 12668
12667 6150 21:0 12668
12667 319 21:0 12671
12669 323 1:0 1397
12670 317 21:0 12671
12670 311 21:0 12671
12670 321 21:0 12671
12670 313 21:0 12671
12670 315 21:0 12671
12672 311 1:0 1340
12672 313 1:0 1344
12672 315 1:0 1346
12672 317 1:0 1378
12672 319 1:0 1392
12672 321 1:0 1402
12675 13104 1:0 12703
12675 13073 1:0 12876
12681 13058 1:0 13366
12681 6441 1:0 12830
12681 6438 1:0 12876
12681 6445 1:0 12896
12681 6442 1:0 12896
12681 6443 1:0 12896
12681 6440 1:0 13017
12686 13071 1:0 12887
12701 6598 1:0 12887
12702 6597 1:0 12887
12713 13152 1:0 12713
12713 13154 1:0 12713
12739 13148 1:0 12739
12755 13103 1:0 12896
12763 6444 1:0 12896
12766 13147 1:0 12766
12768 10399 1:0 13051
12768 10288 1:0 13097
12768 189 1:0 13117
12768 6439 1:0 12896
12783 6596 1:0 12896
12793 6292 21:0 12845
12834 13106 1:0 12924
12844 6295 21:0 12852
12844 10160 1:0 13117
12853 6304 21:0 12878
12877 6301 21:0 12878
12877 6300 21:0 12881
12880 6299 21:0 12881
12880 6303 21:0 12881
12880 6302 21:0 12885
12884 6298 21:0 12889
12886 12624 1:0 13108
12886 6595 1:0 12924
12886 6594 1:0 12924
12886 6593 1:0 13108
12887 13105 1:0 13097
12887 13072 1:0 13108
12888 13135 1:0 12888
12888 6294 21:0 12889
12888 6293 21:0 12889
12888 6296 21:0 12889
12888 6297 21:0 12889
12888 6291 21:0 12889
12896 13070 1:0 13117
12896 12639 1:0 13117
12896 10174 1:0 13117
12896 257 1:0 13117
12896 10342 1:0 13117
12896 10340 1:0 13120
12896 12626 1:0 13120
12896 205 1:0 13120
12896 263 1:0 13120
12896 10285 1:0 13138
12896 223 1:0 13145
12896 261 1:0 13148
12896 259 1:0 13148
12896 10171 1:0 13148
12896 6586 1:0 13120
12896 6592 1:0 13120
12896 6591 1:0 13148
12902 6892 1:0 13120
12902 6887 1:0 13148
12902 6890 1:0 13148
12904 6889 1:0 13148
12905 13134 1:0 12905
12907 10169 1:0 13186
12907 225 1:0 13272
12907 227 1:0 13318
12907 241 1:0 13321
12907 10283 1:0 13321
12907 6585 1:0 13148
12907 6589 1:0 13189
12907 6587 1:0 13189
12907 6590 1:0 13202
12907 6588 1:0 13202
12910 13128 1:0 12910
12922 6891 1:0 13189
12923 6743 1:0 13202
12925 13123 1:0 12925
12934 13119 1:0 12934
12934 13122 1:0 12934
12934 13121 1:0 12934
12935 10231 1:0 13321
12935 239 1:0 13321
12935 10274 1:0 13321
12935 13025 1:0 13587
12935 6745 1:0 13318
12960 13115 1:0 12960
12976 6742 1:0 13321
12976 6740 1:0 13321
12984 10228 1:0 13329
12984 10226 1:0 13332
12984 243 1:0 13332
12987 13114 1:0 12987
12989 6888 1:0 13329
12992 13108 1:0 12992
13004 6741 1:0 13329
13005 245 1:0 13332
13005 10217 1:0 13332
13005 6744 1:0 13329
13005 6733 1:0 13332
13006 7182 1:0 13332
13027 6440 21:0 13050
13054 6447 21:0 13099
13055 7186 1:0 13332
13065 6732 1:0 13338
13065 6738 1:0 13338
13065 6735 1:0 13338
13065 6736 1:0 13338
13065 6734 1:0 13338
13065 6739 1:0 13338
13065 6737 1:0 13470
13098 6448 21:0 13099
13098 6450 21:0 13099
13098 6449 21:0 13102
13101 6451 21:0 13102
13101 6446 21:0 13102
13101 6444 21:0 13107
13106 6445 21:0 13110
13107 7035 1:0 13338
13107 7037 1:0 13338
13107 8213 1:0 13366
13107 7181 1:0 13366
13108 13040 1:0 13366
13108 6883 1:0 13493
13108 6879 1:0 13539
13108 7479 1:0 13550
13108 7623 1:0 13550
13108 6882 1:0 13559
13108 6880 1:0 13559
13108 6886 1:0 13559
13108 6885 1:0 13559
13108 6881 1:0 13559
13109 13102 1:0 13109
13109 6442 21:0 13110
13109 6443 21:0 13110
13109 6439 21:0 13110
13109 6438 21:0 13110
13109 6441 21:0 13110
13117 13039 1:0 13539
13117 13038 1:0 13546
13125 13037 1:0 13557
13126 13101 1:0 13126
13128 7039 1:0 13559
13131 13095 1:0 13131
13143 7329 1:0 13587
13144 12992 1:0 13780
13146 13090 1:0 13146
13155 13088 1:0 13155
13155 13086 1:0 13155
13155 13089 1:0 13155
13197 13007 1:0 13587
13205 7627 1:0 13587
13210 207 1:0 13714
13210 6884 1:0 13691
13210 7027 1:0 13760
13210 7029 1:0 13780
13210 7026 1:0 13780
13213 13075 1:0 13213
13227 13006 1:0 13760
13255 6590 21:0 13271
13270 6588 21:0 13277
13276 7480 1:0 13771
13278 6593 21:0 13320
13278 7031 1:0 13780
13286 7034 1:0 13771
13319 6595 21:0 13320
13319 6594 21:0 13320
13319 6596 21:0 13323
13322 6598 21:0 13323
13322 6597 21:0 13323
13322 6591 21:0 13328
13327 6585 21:0 13331
13328 13005 1:0 13767
13329 13004 1:0 13778
13329 10397 1:0 13935
13329 12959 1:0 14001
13329 7032 1:0 13780
13329 7033 1:0 13780
13329 7038 1:0 13780
13329 7331 1:0 13808
13329 7030 1:0 13808
13329 7028 1:0 13901
13329 7180 1:0 13981
13329 7175 1:0 14001
13329 7177 1:0 14001
13330 6589 21:0 13331
13330 6587 21:0 13331
13330 6592 21:0 13331
13330 6586 21:0 13331
13338 12974 1:0 13808
13338 7036 1:0 13808
13344 12972 1:0 13981
13347 13068 1:0 13347
13349 12973 1:0 13989
13364 7477 1:0 13992
13365 7183 1:0 13992
13367 13057 1:0 13367
13376 13053 1:0 13376
13376 13056 1:0 13376
13376 13055 1:0 13376
13426 12971 1:0 13999
13429 13048 1:0 13429
13431 7184 1:0 14001
13434 13042 1:0 13434
13446 7174 1:0 14001
13446 7173 1:0 14001
13446 7179 1:0 14001
13476 6737 21:0 13492
13496 6741 21:0 13541
13497 12941 1:0 14029
13507 7476 1:0 14029
13540 6744 21:0 13541
13540 6740 21:0 13541
13540 6742 21:0 13544
13543 6743 21:0 13544
13543 6745 21:0 13544
13543 6738 21:0 13549
13548 6739 21:0 13552
13549 7185 1:0 14029
13549 7176 1:0 14029
13549 7178 1:0 14133
13549 7323 1:0 14156
13549 7327 1:0 14202
13549 7478 1:0 14213
13549 7321 1:0 14222
13549 7320 1:0 14222
13549 7326 1:0 14222
13550 12940 1:0 14202
13550 12939 1:0 14209
13551 13036 1:0 13551
13551 6733 21:0 13552
13551 6735 21:0 13552
13551 6734 21:0 13552
13551 6732 21:0 13552
13551 6736 21:0 13552
13559 12938 1:0 14220
13559 12926 1:0 14250
13559 12893 1:0 14471
13559 7333 1:0 14213
13559 7324 1:0 14222
13559 7322 1:0 14222
13559 7330 1:0 14222
13559 7325 1:0 14354
13559 7471 1:0 14377
13559 7473 1:0 14423
13559 7469 1:0 14443
13559 7470 1:0 14443
13559 7474 1:0 14443
13565 12908 1:0 14250
13567 7332 1:0 14250
13568 13035 1:0 13568
13570 7328 1:0 14250
13573 13029 1:0 13573
13588 13024 1:0 13588
13597 13022 1:0 13597
13597 13020 1:0 13597
13597 13023 1:0 13597
13598 12906 1:0 14423
13623 13016 1:0 13623
13639 7472 1:0 14575
13650 13015 1:0 13650
13655 13009 1:0 13655
13667 12907 1:0 14431
13668 8358 1:0 14434
13668 7475 1:0 14434
13669 7468 1:0 14443
13669 7467 1:0 14443
13669 7618 1:0 14598
13669 7619 1:0 14664
13697 6884 21:0 13713
13717 6888 21:0 13762
13718 7770 1:0 14443
13728 7625 1:0 14471
13761 6889 21:0 13762
13761 6891 21:0 13762
13761 6887 21:0 13765
13764 6892 21:0 13765
13764 6890 21:0 13765
13764 6885 21:0 13770
13769 6886 21:0 13773
13770 12905 1:0 14441
13771 12875 1:0 14471
13771 8508 1:0 14471
13771 7621 1:0 14644
13771 7626 1:0 14655
13771 7769 1:0 14655
13772 13003 1:0 13772
13772 6879 21:0 13773
13772 6880 21:0 13773
13772 6881 21:0 13773
13772 6882 21:0 13773
13772 6883 21:0 13773
13780 12874 1:0 14644
13780 12873 1:0 14651
13788 12872 1:0 14662
13789 13002 1:0 13789
13791 7614 1:0 14664
13791 7620 1:0 14664
13791 7615 1:0 14664
13791 7617 1:0 14664
13794 12996 1:0 13794
13806 7919 1:0 14664
13807 7624 1:0 14692
13809 12991 1:0 13809
13818 12987 1:0 13818
13818 12989 1:0 13818
13818 12990 1:0 13818
13844 12983 1:0 13844
13860 12842 1:0 14692
13868 12860 1:0 14692
13868 12827 1:0 14913
13868 12794 1:0 15134
13868 12761 1:0 15355
13868 12728 1:0 15576
13868 12695 1:0 15797
13868 12662 1:0 16018
13868 12629 1:0 16242
13868 7616 1:0 14785
13868 7763 1:0 14819
13868 7764 1:0 14885
13871 12982 1:0 13871
13873 7622 1:0 14692
13876 12976 1:0 13876
13888 7762 1:0 14865
13888 7761 1:0 14885
13888 7765 1:0 14885
13888 7766 1:0 15017
13898 7027 21:0 13950
13939 12841 1:0 14865
13949 8068 1:0 14876
13951 7036 21:0 13983
13951 7767 1:0 14885
13982 7038 21:0 13983
13982 7034 21:0 13983
13982 7039 21:0 13986
13985 7035 21:0 13986
13985 7037 21:0 13986
13985 7026 21:0 13994
13991 12840 1:0 14872
13992 12839 1:0 14883
13992 7772 1:0 14876
13992 7774 1:0 14885
13992 7768 1:0 14885
13992 7912 1:0 15040
13992 7914 1:0 15086
13992 7911 1:0 15106
13992 7908 1:0 15106
13992 7910 1:0 15106
13992 7913 1:0 15238
13993 12970 1:0 13993
13993 7033 21:0 13994
13993 7030 21:0 13994
13993 7029 21:0 13994
13993 7032 21:0 13994
13993 7028 21:0 13994
13993 7031 21:0 13994
14001 12808 1:0 14913
14001 7771 1:0 14913
14001 7773 1:0 14913
14007 12809 1:0 15086
14010 12969 1:0 14010
14015 12963 1:0 14015
14027 12807 1:0 15093
14028 7917 1:0 15097
14039 12954 1:0 14039
14039 12957 1:0 14039
14039 12956 1:0 14039
14040 7916 1:0 15097
14065 12950 1:0 14065
14092 12949 1:0 14092
14094 12806 1:0 15104
14097 12943 1:0 14097
14109 7921 1:0 15106
14110 7915 1:0 15106
14110 7909 1:0 15106
14110 7918 1:0 15134
14110 8059 1:0 15261
14110 8057 1:0 15327
14111 7920 1:0 15134
14152 7179 21:0 14178
14160 8061 1:0 15307
14170 8064 1:0 15318
14182 7185 21:0 14204
14203 7184 21:0 14204
14203 7183 21:0 14207
14206 7186 21:0 14207
14206 7181 21:0 14207
14206 7182 21:0 14212
14211 7174 21:0 14215
14212 12776 1:0 15134
14213 12775 1:0 15307
14213 12774 1:0 15314
14214 12937 1:0 14214
14214 7173 21:0 14215
14214 7180 21:0 14215
14214 7178 21:0 14215
14214 7176 21:0 14215
14214 7177 21:0 14215
14214 7175 21:0 14215
14222 12773 1:0 15325
14222 8066 1:0 15318
14222 8056 1:0 15327
14222 8065 1:0 15327
14222 8058 1:0 15327
14222 8055 1:0 15327
14222 8062 1:0 15327
14222 8060 1:0 15459
14222 8207 1:0 15482
14228 12743 1:0 15355
14230 8067 1:0 15355
14231 12936 1:0 14231
14233 8063 1:0 15355
14236 12930 1:0 14236
14251 12925 1:0 14251
14260 12923 1:0 14260
14260 12924 1:0 14260
14260 12921 1:0 14260
14261 12742 1:0 15528
14286 12917 1:0 14286
14302 8202 1:0 15528
14302 8212 1:0 15539
14302 8204 1:0 15548
14302 8209 1:0 15548
14302 8205 1:0 15548
14302 8206 1:0 15679
14313 12916 1:0 14313
14318 12910 1:0 14318
14331 12741 1:0 15535
14332 8214 1:0 15539
14373 7326 21:0 14399
14381 8208 1:0 15548
14391 8215 1:0 15548
14403 7332 21:0 14425
14424 7328 21:0 14425
14424 7330 21:0 14428
14427 7333 21:0 14428
14427 7331 21:0 14428
14427 7329 21:0 14433
14432 7320 21:0 14436
14433 12740 1:0 15546
14434 12709 1:0 15576
14434 8203 1:0 15548
14434 8210 1:0 15576
14434 8211 1:0 15576
14434 8351 1:0 15703
14434 8350 1:0 15749
14434 8360 1:0 15760
14434 8349 1:0 15769
14434 8352 1:0 15769
14434 8354 1:0 15769
14434 8353 1:0 15900
14435 12904 1:0 14435
14435 7327 21:0 14436
14435 7321 21:0 14436
14435 7325 21:0 14436
14435 7323 21:0 14436
14435 7324 21:0 14436
14435 7322 21:0 14436
14443 12710 1:0 15749
14443 12708 1:0 15756
14449 8362 1:0 15760
14452 12903 1:0 14452
14454 12707 1:0 15767
14457 12897 1:0 14457
14469 8361 1:0 15769
14470 8355 1:0 15769
14470 8356 1:0 15769
14470 8500 1:0 15924
14470 8499 1:0 15990
14470 8498 1:0 15990
14472 12892 1:0 14472
14481 12888 1:0 14481
14481 12891 1:0 14481
14507 12884 1:0 14507
14523 12677 1:0 15797
14534 12883 1:0 14534
14536 8359 1:0 15797
14539 12877 1:0 14539
14551 8357 1:0 15797
14581 7472 21:0 14597
14596 7470 21:0 14603
14602 12676 1:0 15970
14604 7475 21:0 14646
14604 8501 1:0 16122
14612 8503 1:0 15970
14612 8497 1:0 15990
14612 8496 1:0 15990
14612 8502 1:0 15990
14645 7478 21:0 14646
14645 7476 21:0 14646
14645 7477 21:0 14649
14648 7480 21:0 14649
14648 7479 21:0 14649
14648 7467 21:0 14657
14654 12675 1:0 15977
14655 12674 1:0 15988
14655 8504 1:0 15981
14655 8507 1:0 15981
14655 8509 1:0 15990
14656 12871 1:0 14656
14656 7473 21:0 14657
14656 7474 21:0 14657
14656 7469 21:0 14657
14656 7471 21:0 14657
14656 7468 21:0 14657
14658 10990 1:0 16211
14664 12644 1:0 16018
14664 10972 1:0 16191
14664 5 1:0 16211
14664 10958 1:0 16211
14664 8505 1:0 16018
14664 8506 1:0 16018
14670 12642 1:0 16191
14673 12870 1:0 14673
14691 12643 1:0 16199
14693 12859 1:0 14693
14702 12855 1:0 14702
14702 12857 1:0 14702
14702 12858 1:0 14702
14703 12613 1:0 16202
14703 12628 1:0 16202
14728 12851 1:0 14728
14744 8650 1:0 16214
14755 12850 1:0 14755
14760 12844 1:0 14760
14772 12641 1:0 16209
14773 12627 1:0 16211
14773 12620 1:0 16214
14774 7 1:0 16214
14774 11 1:0 16214
14774 10969 1:0 16232
14774 10967 1:0 16239
14774 8643 1:0 16214
14795 7616 21:0 14818
14817 7619 21:0 14824
14823 12619 1:0 16214
14825 7622 21:0 14867
14825 8645 1:0 16242
14833 8656 1:0 16242
14866 7626 21:0 14867
14866 7624 21:0 14867
14866 7625 21:0 14870
14869 7623 21:0 14870
14869 7627 21:0 14870
14869 7620 21:0 14875
14874 7615 21:0 14878
14875 9 1:0 16242
14875 3 1:0 16283
14875 8743 1:0 16382
14875 8649 1:0 16242
14875 8646 1:0 16242
14875 8644 1:0 16242
14875 8655 1:0 16242
14875 8651 1:0 16242
14875 8654 1:0 16283
14875 8647 1:0 16296
14875 8648 1:0 16296
14876 8652 1:0 16296
14876 8653 1:0 16372
14876 8744 1:0 16423
14877 12838 1:0 14877
14877 7618 21:0 14878
14877 7621 21:0 14878
14877 7617 21:0 14878
14877 7614 21:0 14878
14894 12837 1:0 14894
14914 12826 1:0 14914
14923 12822 1:0 14923
14923 12824 1:0 14923
14923 12825 1:0 14923
14949 12818 1:0 14949
14976 12817 1:0 14976
14981 12811 1:0 14981
15006 7761 21:0 15057
15056 7766 21:0 15063
15066 7773 21:0 15088
15087 7771 21:0 15088
15087 7774 21:0 15091
15090 7769 21:0 15091
15090 7772 21:0 15091
15090 7770 21:0 15096
15095 7767 21:0 15099
15098 12805 1:0 15098
15098 7762 21:0 15099
15098 7764 21:0 15099
15098 7763 21:0 15099
15098 7765 21:0 15099
15098 7768 21:0 15099
15115 12804 1:0 15115
15120 12798 1:0 15120
15144 12789 1:0 15144
15144 12792 1:0 15144
15144 12791 1:0 15144
15170 12785 1:0 15170
15197 12784 1:0 15197
15202 12778 1:0 15202
15227 7908 21:0 15278
15277 7913 21:0 15284
15287 7920 21:0 15309
15308 7918 21:0 15309
15308 7921 21:0 15312
15311 7917 21:0 15312
15311 7916 21:0 15312
15311 7919 21:0 15317
15316 7909 21:0 15320
15319 12772 1:0 15319
15319 7915 21:0 15320
15319 7910 21:0 15320
15319 7914 21:0 15320
15319 7911 21:0 15320
15319 7912 21:0 15320
15336 12771 1:0 15336
15341 12765 1:0 15341
15356 12760 1:0 15356
15365 12759 1:0 15365
15365 12756 1:0 15365
15365 12758 1:0 15365
15391 12752 1:0 15391
15418 12751 1:0 15418
15423 12745 1:0 15423
15458 8057 21:0 15481
15480 8058 21:0 15487
15488 8063 21:0 15530
15529 8067 21:0 15530
15529 8065 21:0 15530
15529 8064 21:0 15533
15532 8068 21:0 15533
15532 8066 21:0 15533
15532 8062 21:0 15541
15540 12739 1:0 15540
15540 8061 21:0 15541
15540 8059 21:0 15541
15540 8055 21:0 15541
15540 8060 21:0 15541
15540 8056 21:0 15541
15557 12738 1:0 15557
15562 12732 1:0 15562
15577 12727 1:0 15577
15586 12726 1:0 15586
15586 12723 1:0 15586
15586 12725 1:0 15586
15612 12719 1:0 15612
15639 12718 1:0 15639
15644 12712 1:0 15644
15679 8204 21:0 15702
15701 8205 21:0 15708
15709 8210 21:0 15751
15750 8211 21:0 15751
15750 8215 21:0 15751
15750 8212 21:0 15754
15753 8213 21:0 15754
15753 8214 21:0 15754
15753 8208 21:0 15762
15761 12706 1:0 15761
15761 8207 21:0 15762
15761 8206 21:0 15762
15761 8202 21:0 15762
15761 8209 21:0 15762
15761 8203 21:0 15762
15778 12705 1:0 15778
15783 12699 1:0 15783
15798 12694 1:0 15798
15807 12693 1:0 15807
15807 12692 1:0 15807
15807 12690 1:0 15807
15833 12686 1:0 15833
15860 12685 1:0 15860
15865 12679 1:0 15865
15897 8352 21:0 15922
15921 8353 21:0 15929
15930 8357 21:0 15972
15971 8361 21:0 15972
15971 8359 21:0 15972
15971 8360 21:0 15975
15974 8362 21:0 15975
15974 8358 21:0 15975
15974 8349 21:0 15983
15982 12673 1:0 15982
15982 8354 21:0 15983
15982 8350 21:0 15983
15982 8351 21:0 15983
15982 8356 21:0 15983
15982 8355 21:0 15983
15999 12672 1:0 15999
16004 12666 1:0 16004
16019 12661 1:0 16019
16028 12659 1:0 16028
16028 12657 1:0 16028
16028 12660 1:0 16028
16054 12653 1:0 16054
16081 12652 1:0 16081
16086 12646 1:0 16086
16108 8497 21:0 16160
16161 8506 21:0 16193
16192 8505 21:0 16193
16192 8509 21:0 16193
16192 8504 21:0 16196
16195 8507 21:0 16196
16195 8508 21:0 16196
16195 8502 21:0 16204
16203 12640 1:0 16203
16203 8503 21:0 16204
16203 8500 21:0 16204
16203 8498 21:0 16204
16203 8499 21:0 16204
16203 8501 21:0 16204
16203 8496 21:0 16204
16225 12633 1:0 16225
16329 8644 21:0 16381
16382 8653 21:0 52
