49 8780 21:0 49
55 8652 21:0 88
87 8654 21:0 93
88 8787 21:0 88
88 8785 21:0 88
88 8788 21:0 88
92 8651 21:0 104
93 8789 21:0 93
95 8774 21:0 95
101 8800 21:0 101
103 8653 21:0 104
103 8656 21:0 104
103 8744 21:0 106
105 8790 21:0 106
106 8802 21:0 114
109 8801 21:0 109
113 8804 21:0 164
116 8794 21:0 116
136 8814 21:0 136
163 8803 21:0 180
164 8820 21:0 164
169 8822 21:0 169
177 8833 21:0 177
179 8805 21:0 190
185 8834 21:0 185
189 8835 21:0 240
192 8827 21:0 192
201 8846 21:0 201
239 8837 21:0 256
240 8853 21:0 240
240 8854 21:0 240
240 8851 21:0 240
247 8840 21:0 247
253 8866 21:0 253
255 8836 21:0 266
261 8867 21:0 261
265 8838 21:0 316
268 8860 21:0 268
277 8879 21:0 277
288 8880 21:0 288
315 8868 21:0 332
316 8887 21:0 316
316 8884 21:0 316
316 8886 21:0 316
321 8888 21:0 321
323 8873 21:0 323
329 8899 21:0 329
331 8870 21:0 342
337 8900 21:0 337
341 8869 21:0 392
344 8893 21:0 344
353 8912 21:0 353
364 8913 21:0 364
391 8871 21:0 408
392 8917 21:0 392
392 8919 21:0 392
392 8920 21:0 392
397 8921 21:0 397
399 8906 21:0 399
405 8932 21:0 405
407 8901 21:0 418
417 8902 21:0 468
420 8926 21:0 420
429 8945 21:0 429
440 8946 21:0 440
467 8903 21:0 484
468 8953 21:0 468
468 8952 21:0 468
475 8939 21:0 475
483 8904 21:0 494
489 8966 21:0 489
493 8934 21:0 544
496 8959 21:0 496
505 8978 21:0 505
543 8935 21:0 560
544 8983 21:0 544
544 8986 21:0 544
544 8985 21:0 544
549 8987 21:0 549
551 8972 21:0 551
557 8998 21:0 557
559 8936 21:0 570
565 8999 21:0 565
569 8937 21:0 615
572 8992 21:0 572
581 9011 21:0 581
592 9012 21:0 592
614 8967 21:0 636
620 9016 21:0 620
620 9019 21:0 620
620 9018 21:0 620
625 9020 21:0 625
627 9005 21:0 627
633 9031 21:0 633
635 8969 21:0 646
641 9032 21:0 641
645 8968 21:0 668
648 9025 21:0 648
657 9044 21:0 657
667 8970 21:0 712
668 9045 21:0 668
696 9051 21:0 696
696 9052 21:0 696
696 9049 21:0 696
701 9053 21:0 701
703 9038 21:0 703
709 9064 21:0 709
711 9000 21:0 722
717 9065 21:0 717
721 9001 21:0 744
724 9058 21:0 724
733 9077 21:0 733
743 9002 21:0 788
744 9078 21:0 744
772 9085 21:0 772
772 9084 21:0 772
772 9082 21:0 772
777 9086 21:0 777
779 9071 21:0 779
785 9097 21:0 785
787 9003 21:0 796
793 9098 21:0 793
795 9033 21:0 816
800 9091 21:0 800
809 9110 21:0 809
815 9034 21:0 864
820 9111 21:0 820
848 9115 21:0 848
848 9118 21:0 848
848 9117 21:0 848
853 9119 21:0 853
855 9104 21:0 855
861 9130 21:0 861
863 9035 21:0 869
868 9036 21:0 892
869 9131 21:0 869
876 9124 21:0 876
885 9143 21:0 885
891 9066 21:0 940
896 9144 21:0 896
924 9150 21:0 924
924 9148 21:0 924
924 9151 21:0 924
929 9152 21:0 929
931 9137 21:0 931
937 9163 21:0 937
939 9068 21:0 945
944 9067 21:0 964
945 9164 21:0 945
952 9157 21:0 952
961 9176 21:0 961
963 9069 21:0 1016
972 9177 21:0 972
1000 9183 21:0 1000
1000 9181 21:0 1000
1000 9184 21:0 1000
1005 9185 21:0 1005
1007 9170 21:0 1007
1013 9196 21:0 1013
1015 9099 21:0 1021
1020 9101 21:0 1040
1021 9197 21:0 1021
1028 9190 21:0 1028
1037 9209 21:0 1037
1039 9100 21:0 1092
1048 9210 21:0 1048
1076 9214 21:0 1076
1076 9216 21:0 1076
1076 9217 21:0 1076
1081 9218 21:0 1081
1083 9203 21:0 1083
1089 9229 21:0 1089
1091 9102 21:0 1097
1096 9132 21:0 1116
1097 9230 21:0 1097
1102 9234 21:0 1102
1104 9223 21:0 1104
1113 9242 21:0 1113
1115 9134 21:0 1168
1124 9243 21:0 1124
1152 9249 21:0 1152
1152 9247 21:0 1152
1152 9250 21:0 1152
1157 9251 21:0 1157
1159 9236 21:0 1159
1165 9262 21:0 1165
1167 9133 21:0 1173
1170 9264 21:0 1170
1172 9135 21:0 1192
1173 9263 21:0 1173
1175 9265 21:0 1175
1175 9266 21:0 1175
1178 9267 21:0 1178
1180 9256 21:0 1180
1189 9275 21:0 1189
1191 9165 21:0 1244
1200 9276 21:0 1200
1228 9282 21:0 1228
1228 9283 21:0 1228
1228 9280 21:0 1228
1233 9284 21:0 1233
1235 9269 21:0 1235
1241 9295 21:0 1241
1243 9166 21:0 1249
1246 9297 21:0 1246
1248 9167 21:0 1268
1249 9296 21:0 1249
1251 9298 21:0 1251
1251 9299 21:0 1251
1254 9300 21:0 1254
1256 9289 21:0 1256
1265 9308 21:0 1265
1267 9168 21:0 1320
1276 9309 21:0 1276
1304 9316 21:0 1304
1304 9313 21:0 1304
1304 9315 21:0 1304
1309 9317 21:0 1309
1311 9302 21:0 1311
1317 9328 21:0 1317
1319 9198 21:0 1325
1322 9330 21:0 1322
1324 9200 21:0 1344
1325 9329 21:0 1325
1327 9331 21:0 1327
1327 9332 21:0 1327
1330 9333 21:0 1330
1332 9322 21:0 1332
1341 9341 21:0 1341
1343 9199 21:0 1396
1352 9342 21:0 1352
1380 9346 21:0 1380
1380 9349 21:0 1380
1380 9348 21:0 1380
1385 9350 21:0 1385
1387 9335 21:0 1387
1393 9361 21:0 1393
1395 9201 21:0 1401
1398 9363 21:0 1398
1400 9231 21:0 1421
1401 9362 21:0 1401
1403 9364 21:0 1403
1403 9365 21:0 1403
1406 321 21:0 1406
1406 9366 21:0 1406
1408 9355 21:0 1408
1420 9232 21:0 1473
1462 11 21:0 1462
1472 9369 21:0 1473
1472 8743 21:0 1473
1472 8649 21:0 1473
1472 8644 21:0 1473
1472 8645 21:0 1473
1472 8647 21:0 1473
1472 8646 21:0 1473
1472 8648 21:0 1475
1473 13 21:0 1473
1474 9120 21:0 1475
1474 8988 21:0 1475
1474 8856 21:0 1475
1474 9385 21:0 1475
1475 9397 21:0 1483
1482 9398 21:0 1533
1483 15 21:0 1483
1532 9399 21:0 1549
1548 9400 21:0 1559
1554 35 21:0 1554
1558 9430 21:0 1609
1559 33 21:0 1559
1608 9432 21:0 1625
1614 47 21:0 1614
1624 9431 21:0 1635
1625 49 21:0 1625
1630 53 21:0 1630
1634 9433 21:0 1685
1635 51 21:0 1635
1684 9463 21:0 1701
1700 9465 21:0 1711
1701 67 21:0 1701
1706 71 21:0 1706
1710 9464 21:0 1761
1711 69 21:0 1711
1725 77 21:0 1725
1760 9466 21:0 1777
1766 83 21:0 1766
1776 9496 21:0 1787
1777 85 21:0 1777
1782 89 21:0 1782
1786 9498 21:0 1837
1787 87 21:0 1787
1801 95 21:0 1801
1809 9541 21:0 1809
1836 9497 21:0 1853
1837 9547 21:0 1837
1842 101 21:0 1842
1850 9560 21:0 1850
1852 9499 21:0 1863
1853 103 21:0 1853
1862 9529 21:0 1913
1863 105 21:0 1863
1877 113 21:0 1877
1912 9530 21:0 1929
1913 9578 21:0 1913
1918 119 21:0 1918
1928 9531 21:0 1939
1929 121 21:0 1929
1934 125 21:0 1934
1938 9532 21:0 1961
1939 123 21:0 1939
1950 9606 21:0 1950
1953 131 21:0 1953
1960 9562 21:0 2005
2004 9563 21:0 2015
2005 139 21:0 2005
2010 143 21:0 2010
2014 9564 21:0 2037
2015 141 21:0 2015
2026 9639 21:0 2026
2029 149 21:0 2029
2036 9565 21:0 2081
2070 9648 21:0 2070
2080 9595 21:0 2091
2081 157 21:0 2081
2086 161 21:0 2086
2090 9596 21:0 2109
2091 159 21:0 2091
2108 9597 21:0 2157
2141 9680 21:0 2141
2146 9681 21:0 2146
2154 9692 21:0 2154
2156 9598 21:0 2164
2157 175 21:0 2157
2162 179 21:0 2162
2162 9693 21:0 2162
2163 9628 21:0 2185
2167 177 21:0 2167
2178 9705 21:0 2178
2181 185 21:0 2181
2184 9630 21:0 2233
2232 9629 21:0 2238
2233 193 21:0 2233
2237 9631 21:0 2257
2238 197 21:0 2238
2238 9726 21:0 2238
2243 195 21:0 2243
2256 9661 21:0 2309
2293 9743 21:0 2293
2300 9732 21:0 2300
2308 9663 21:0 2314
2309 211 21:0 2309
2313 9662 21:0 2333
2314 215 21:0 2314
2314 9759 21:0 2314
2319 213 21:0 2319
2332 9664 21:0 2385
2333 221 21:0 2333
2369 9778 21:0 2369
2374 227 21:0 2374
2384 9694 21:0 2390
2385 229 21:0 2385
2389 9696 21:0 2409
2390 233 21:0 2390
2395 231 21:0 2395
2408 9695 21:0 2461
2409 239 21:0 2409
2417 9805 21:0 2417
2445 9811 21:0 2445
2445 9812 21:0 2445
2450 245 21:0 2450
2450 9813 21:0 2450
2452 9798 21:0 2452
2458 9824 21:0 2458
2460 9697 21:0 2466
2461 247 21:0 2461
2465 9727 21:0 2485
2466 251 21:0 2466
2466 9825 21:0 2466
2471 249 21:0 2471
2484 9729 21:0 2537
2485 257 21:0 2485
2521 9845 21:0 2521
2528 9831 21:0 2528
2536 9728 21:0 2542
2537 265 21:0 2537
2541 9730 21:0 2561
2542 269 21:0 2542
2542 9858 21:0 2542
2547 267 21:0 2547
2558 9870 21:0 2558
2560 9760 21:0 2613
2597 9877 21:0 2597
2597 9878 21:0 2597
2602 281 21:0 2602
2604 9864 21:0 2604
2610 9890 21:0 2610
2612 9762 21:0 2618
2613 283 21:0 2613
2617 9761 21:0 2637
2618 287 21:0 2618
2623 285 21:0 2623
2636 9763 21:0 2689
2645 9904 21:0 2645
2678 9912 21:0 2678
2686 9923 21:0 2686
2688 9793 21:0 2694
2689 301 21:0 2689
2693 9795 21:0 2713
2694 305 21:0 2694
2699 303 21:0 2699
2712 9794 21:0 2765
2713 311 21:0 2713
2749 9944 21:0 2749
2762 9950 21:0 2762
2764 9796 21:0 2770
2765 319 21:0 2765
2767 9959 21:0 2767
2769 9826 21:0 2781
2770 323 21:0 2770
2770 9957 21:0 2770
2771 9959 1:0 2771
2772 321 1:0 2772
2774 336 1:0 2777
2776 9950 1:0 2776
2780 9366 1:0 2780
2780 9827 21:0 2784
2783 9828 21:0 2791
2784 336 21:0 2784
2786 9364 1:0 2786
2787 9365 1:0 2787
2788 9967 21:0 2788
2790 9362 1:0 2790
2790 9829 21:0 2799
2792 323 1:0 2792
2796 9967 1:0 2796
2796 9363 1:0 2796
2797 9968 21:0 2797
2798 9859 21:0 2802
2800 319 1:0 2800
2801 9861 21:0 2867
2805 9361 1:0 2805
2809 9355 1:0 2809
2812 336 1:0 2812
2824 9350 1:0 2824
2832 9346 1:0 2832
2832 9349 1:0 2832
2832 9348 1:0 2832
2858 9342 1:0 2858
2866 9860 21:0 2903
2877 311 1:0 2877
2882 9341 1:0 2882
2886 9335 1:0 2886
2902 9333 1:0 2902
2902 9862 21:0 2913
2904 303 1:0 2904
2908 9331 1:0 2908
2909 10021 21:0 2909
2909 9332 1:0 2909
2912 9329 1:0 2912
2912 9892 21:0 2916
2914 305 1:0 2914
2915 9894 21:0 2921
2918 9330 1:0 2918
2919 10025 21:0 2919
2920 9893 21:0 2947
2922 301 1:0 2922
2927 9328 1:0 2927
2928 10028 21:0 2928
2931 9322 1:0 2931
2946 9317 1:0 2946
2946 9895 21:0 3025
2954 9316 1:0 2954
2954 9313 1:0 2954
2954 9315 1:0 2954
2980 9309 1:0 2980
3004 9308 1:0 3004
3008 9302 1:0 3008
3024 9300 1:0 3024
3024 9925 21:0 3028
3026 285 1:0 3026
3027 9926 21:0 3035
3030 9298 1:0 3030
3031 10078 21:0 3031
3031 9299 1:0 3031
3034 9296 1:0 3034
3034 9927 21:0 3043
3036 287 1:0 3036
3040 9297 1:0 3040
3041 10082 21:0 3041
3042 9928 21:0 3046
3044 283 1:0 3044
3045 9958 21:0 3114
3049 9295 1:0 3049
3053 9289 1:0 3053
3068 9284 1:0 3068
3070 281 1:0 3070
3076 9282 1:0 3076
3076 9283 1:0 3076
3076 9280 1:0 3076
3102 9276 1:0 3102
3113 9960 21:0 3147
3126 9275 1:0 3126
3130 9269 1:0 3130
3146 9267 1:0 3146
3146 9959 21:0 3157
3148 267 1:0 3148
3152 9265 1:0 3152
3153 9266 1:0 3153
3156 9263 1:0 3156
3156 9961 21:0 3160
3158 269 1:0 3158
3159 336 21:0 3160
3159 9233 21:0 3168
3162 9264 1:0 3162
3166 265 1:0 3166
3167 9375 21:0 3168
3167 9380 21:0 3168
3167 9382 21:0 3191
3171 9262 1:0 3171
3175 9256 1:0 3175
3190 9251 1:0 3190
3190 9376 21:0 3194
3190 9233 1:0 3267
3193 9383 21:0 3236
3198 9249 1:0 3198
3198 9247 1:0 3198
3198 9250 1:0 3198
3224 9243 1:0 3224
3235 9395 21:0 3245
3243 257 1:0 3243
3244 9384 21:0 3269
3248 9242 1:0 3248
3252 9236 1:0 3252
3268 9234 1:0 3268
3268 9396 21:0 3269
3268 9389 21:0 3269
3268 9415 21:0 3272
3268 9232 1:0 3273
3270 249 1:0 3270
3271 9413 21:0 3272
3271 9402 21:0 3272
3271 9428 21:0 3279
3278 9230 1:0 3278
3278 9417 21:0 3279
3278 9408 21:0 3279
3278 9416 21:0 3282
3278 9231 1:0 3283
3280 251 1:0 3280
3281 9422 21:0 3282
3281 9409 21:0 3282
3281 9448 21:0 3287
3285 10196 21:0 3285
3286 9449 21:0 3287
3286 9450 21:0 3287
3286 9435 21:0 3290
3286 9201 1:0 3311
3288 247 1:0 3288
3289 9461 21:0 3290
3289 9441 21:0 3290
3289 9446 21:0 3313
3293 9229 1:0 3293
3294 10199 21:0 3294
3297 9223 1:0 3297
3312 9218 1:0 3312
3312 9462 21:0 3316
3312 9199 1:0 3389
3314 245 1:0 3314
3315 9429 21:0 3358
3320 9214 1:0 3320
3320 9216 1:0 3320
3320 9217 1:0 3320
3346 9210 1:0 3346
3357 9455 21:0 3367
3365 239 1:0 3365
3366 9442 21:0 3391
3370 9209 1:0 3370
3374 9203 1:0 3374
3390 9474 21:0 3391
3390 9483 21:0 3391
3390 9481 21:0 3394
3390 9200 1:0 3396
3392 231 1:0 3392
3393 9494 21:0 3394
3393 9488 21:0 3394
3393 9482 21:0 3401
3400 9197 1:0 3400
3400 9468 21:0 3401
3400 9479 21:0 3401
3400 9475 21:0 3404
3400 9198 1:0 3405
3402 233 1:0 3402
3403 9507 21:0 3404
3403 9561 21:0 3404
3403 9512 21:0 3409
3407 10253 21:0 3407
3408 9534 21:0 3409
3408 9540 21:0 3409
3408 9514 21:0 3412
3408 9168 1:0 3419
3410 229 1:0 3410
3411 9548 21:0 3412
3411 9573 21:0 3412
3411 9516 21:0 3435
3415 9196 1:0 3415
3416 10256 21:0 3416
3419 9190 1:0 3419
3420 9167 1:0 3511
3434 9185 1:0 3434
3434 9582 21:0 3438
3436 227 1:0 3436
3437 9587 21:0 3486
3442 9183 1:0 3442
3442 9181 1:0 3442
3442 9184 1:0 3442
3468 9177 1:0 3468
3485 9574 21:0 3489
3487 221 1:0 3487
3488 9495 21:0 3513
3492 9176 1:0 3492
3496 9170 1:0 3496
3512 9580 21:0 3513
3512 9515 21:0 3513
3512 9567 21:0 3516
3512 9166 1:0 3517
3514 213 1:0 3514
3515 9594 21:0 3516
3515 9521 21:0 3516
3515 9593 21:0 3523
3519 10306 21:0 3519
3522 9164 1:0 3522
3522 9633 21:0 3523
3522 9647 21:0 3523
3522 9660 21:0 3526
3522 9165 1:0 3527
3524 215 1:0 3524
3525 9666 21:0 3526
3525 9581 21:0 3526
3525 9549 21:0 3531
3530 9699 21:0 3531
3530 9611 21:0 3531
3530 9713 21:0 3534
3530 9135 1:0 3555
3532 211 1:0 3532
3533 9677 21:0 3534
3533 9646 21:0 3534
3533 9545 21:0 3557
3537 9163 1:0 3537
3539 9120 1:0 3677
3539 8988 1:0 4165
3539 8856 1:0 4653
3539 8790 1:0 4905
3541 9157 1:0 3541
3555 9133 1:0 3633
3556 9152 1:0 3556
3556 9712 21:0 3560
3559 9686 21:0 3608
3564 9150 1:0 3564
3564 9148 1:0 3564
3564 9151 1:0 3564
3590 9144 1:0 3590
3607 9725 21:0 3611
3609 9134 1:0 3640
3610 9626 21:0 3635
3614 9143 1:0 3614
3618 9137 1:0 3618
3634 9508 21:0 3635
3634 9613 21:0 3635
3634 9627 21:0 3638
3636 195 1:0 3636
3637 9710 21:0 3638
3637 9739 21:0 3638
3637 9785 21:0 3645
3641 10363 21:0 3641
3642 9132 1:0 3649
3643 9102 1:0 3677
3643 9100 1:0 3755
3644 9131 1:0 3644
3644 9838 21:0 3645
3644 9640 21:0 3645
3644 10135 21:0 3648
3646 197 1:0 3646
3646 9101 1:0 3762
3647 9738 21:0 3648
3647 9528 21:0 3648
3647 9765 21:0 3653
3651 9099 1:0 3771
3651 9069 1:0 3799
3652 9758 21:0 3653
3652 9719 21:0 3653
3652 9846 21:0 3656
3654 193 1:0 3654
3654 9067 1:0 3877
3655 9672 21:0 3656
3655 9501 21:0 3656
3655 9747 21:0 3679
3657 9068 1:0 3884
3659 9130 1:0 3659
3661 9066 1:0 3893
3663 9124 1:0 3663
3677 9036 1:0 3921
3678 9119 1:0 3678
3678 9615 21:0 3682
3681 9792 21:0 3730
3686 9115 1:0 3686
3686 9118 1:0 3686
3686 9117 1:0 3686
3712 9111 1:0 3712
3727 9035 1:0 3999
3729 9844 21:0 3733
3731 185 1:0 3731
3732 9714 21:0 3757
3736 9110 1:0 3736
3740 9104 1:0 3740
3752 9034 1:0 4005
3756 9772 21:0 3757
3756 9804 21:0 3757
3756 9943 21:0 3760
3756 8643 21:0 3757
3758 177 1:0 3758
3759 9924 21:0 3760
3759 9917 21:0 3760
3759 10142 21:0 3767
3763 10420 21:0 3763
3764 9033 1:0 4015
3765 9003 1:0 4043
3766 9098 1:0 3766
3766 10249 21:0 3767
3766 9818 21:0 3767
3766 10370 21:0 3770
3768 179 1:0 3768
3768 9002 1:0 4121
3769 9950 21:0 3770
3769 9937 21:0 3770
3769 9956 21:0 3775
3771 9001 1:0 4127
3773 10424 21:0 3773
3773 9000 1:0 4137
3774 9971 21:0 3775
3774 9936 21:0 3775
3774 9908 21:0 3778
3776 175 1:0 3776
3776 8970 1:0 4165
3777 9780 21:0 3778
3777 9745 21:0 3778
3777 9809 21:0 3801
3779 8968 1:0 4243
3779 8969 1:0 4250
3781 9097 1:0 3781
3785 9091 1:0 3785
3798 8967 1:0 4259
3800 9086 1:0 3800
3800 9871 21:0 3835
3808 9085 1:0 3808
3808 9084 1:0 3808
3808 9082 1:0 3808
3834 9078 1:0 3834
3834 9673 21:0 3852
3849 8937 1:0 4287
3851 9771 21:0 3855
3854 9620 21:0 3879
3858 9077 1:0 3858
3862 9071 1:0 3862
3874 8936 1:0 4365
3878 9554 21:0 3879
3878 9653 21:0 3879
3878 9945 21:0 3882
3880 159 1:0 3880
3881 9659 21:0 3882
3881 9527 21:0 3882
3881 9911 21:0 3889
3885 10477 21:0 3885
3886 8935 1:0 4371
3887 8934 1:0 4381
3888 9065 1:0 3888
3888 9614 21:0 3889
3888 10310 21:0 3889
3888 305 21:0 3892
3890 161 1:0 3890
3890 8904 1:0 4409
3891 9875 21:0 3892
3891 9897 21:0 3892
3891 9910 21:0 3897
3893 8903 1:0 4487
3895 8902 1:0 4493
3896 10139 21:0 3897
3896 9930 21:0 3897
3896 9679 21:0 3900
3898 157 1:0 3898
3898 8901 1:0 4503
3899 9964 21:0 3900
3899 9903 21:0 3900
3899 10313 21:0 3923
3901 8871 1:0 4531
3901 8869 1:0 4609
3903 9064 1:0 3903
3904 10484 21:0 3904
3907 9058 1:0 3907
3920 8870 1:0 4616
3922 9053 1:0 3922
3922 9776 21:0 3957
3930 9051 1:0 3930
3930 9052 1:0 3930
3930 9049 1:0 3930
3956 9045 1:0 3956
3956 303 21:0 3974
3971 8868 1:0 4625
3973 301 21:0 3977
3975 149 1:0 3975
3976 9600 21:0 4001
3980 9044 1:0 3980
3982 8838 1:0 4653
3984 9038 1:0 3984
4000 9746 21:0 4001
4000 9851 21:0 4001
4000 9891 21:0 4004
4002 141 1:0 4002
4003 9941 21:0 4004
4003 10085 21:0 4004
4003 10502 21:0 4007
4006 8922 21:0 4007
4006 8823 21:0 4007
4006 9021 21:0 4007
4006 8889 21:0 4007
4006 8955 21:0 4007
4007 10534 21:0 4011
4008 9021 1:0 4043
4008 8955 1:0 4287
4008 8922 1:0 4409
4008 8889 1:0 4531
4008 8836 1:0 4731
4008 8823 1:0 4775
4009 8837 1:0 4738
4009 8835 1:0 4747
4010 9032 1:0 4010
4010 9644 21:0 4011
4010 321 21:0 4014
4012 143 1:0 4012
4013 9879 21:0 4014
4013 10345 21:0 4014
4013 10516 21:0 4014
4013 10402 21:0 4014
4013 267 21:0 4014
4013 10388 21:0 4019
4015 8805 1:0 4775
4017 10538 21:0 4017
4017 8803 1:0 4853
4017 8804 1:0 4860
4018 10228 21:0 4019
4018 10445 21:0 4019
4018 9682 21:0 4019
4018 10288 21:0 4019
4018 10274 21:0 4019
4018 9781 21:0 4019
4018 10283 21:0 4019
4018 10285 21:0 4019
4018 9814 21:0 4019
4018 10231 21:0 4019
4018 10226 21:0 4019
4018 10217 21:0 4019
4018 9847 21:0 4019
4018 10171 21:0 4019
4018 10169 21:0 4019
4018 9451 21:0 4019
4018 9517 21:0 4019
4018 10513 21:0 4019
4018 10340 21:0 4019
4018 10399 21:0 4019
4018 9748 21:0 4019
4018 10397 21:0 4019
4018 10331 21:0 4019
4018 10456 21:0 4019
4018 10459 21:0 4019
4018 9484 21:0 4019
4018 9715 21:0 4019
4018 9583 21:0 4019
4018 10454 21:0 4019
4018 9550 21:0 4019
4018 10342 21:0 4019
4018 9616 21:0 4019
4018 9418 21:0 4019
4018 10511 21:0 4019
4018 9649 21:0 4019
4018 10160 21:0 4022
4020 139 1:0 4020
4020 9879 1:0 5883
4020 267 1:0 5883
4020 321 1:0 5897
4021 315 21:0 4022
4021 317 21:0 4022
4021 311 21:0 4022
4021 313 21:0 4022
4021 10000 21:0 4022
4021 10003 21:0 4022
4021 9989 21:0 4022
4021 9998 21:0 4022
4021 9946 21:0 4022
4021 10055 21:0 4022
4021 10046 21:0 4022
4021 10057 21:0 4022
4021 10060 21:0 4022
4021 9913 21:0 4022
4021 10103 21:0 4022
4021 10114 21:0 4022
4021 10112 21:0 4022
4021 10117 21:0 4022
4021 9880 21:0 4022
4021 10174 21:0 4022
4021 297 21:0 4024
4023 295 21:0 4031
4023 8802 1:0 4869
4023 9941 1:0 5897
4023 9644 1:0 5897
4025 9031 1:0 4025
4027 10085 1:0 5933
4029 9025 1:0 4029
4030 293 21:0 4045
4041 9891 1:0 5949
4042 9746 1:0 5954
4042 9851 1:0 5954
4044 9020 1:0 4044
4044 299 21:0 4045
4044 279 21:0 4045
4044 277 21:0 4045
4044 275 21:0 4048
4047 281 21:0 4048
4047 259 21:0 4048
4047 261 21:0 4048
4047 263 21:0 4048
4047 243 21:0 4048
4051 10559 21:0 4082
4052 9016 1:0 4052
4052 9019 1:0 4052
4052 9018 1:0 4052
4053 9600 1:0 5954
4078 9012 1:0 4078
4081 241 21:0 4082
4081 61 21:0 4082
4083 61 1:0 4528
4085 10568 21:0 4087
4086 257 21:0 4090
4089 63 21:0 4090
4091 63 1:0 4519
4094 10570 21:0 4096
4095 9607 21:0 4099
4097 131 1:0 4097
4098 117 21:0 4099
4098 225 21:0 4099
4098 99 21:0 4099
4098 23 21:0 4099
4100 117 1:0 4162
4100 99 1:0 4261
4100 23 1:0 4749
4100 9607 1:0 5878
4100 225 1:0 5897
4102 9011 1:0 4102
4103 10573 21:0 4123
4106 9005 1:0 4106
4122 8818 21:0 4123
4122 8965 21:0 4123
4122 9791 21:0 4126
4124 123 1:0 4124
4124 8965 1:0 4268
4124 8818 1:0 4772
4125 9837 21:0 4126
4125 8855 21:0 4126
4125 8821 21:0 4133
4127 8855 1:0 4650
4127 9837 1:0 5873
4127 9791 1:0 5878
4129 10591 21:0 4129
4132 8999 1:0 4132
4132 215 21:0 4133
4132 8979 21:0 4133
4132 10367 21:0 4136
4134 125 1:0 4134
4134 8979 1:0 4162
4134 8821 1:0 4772
4134 215 1:0 5857
4135 31 21:0 4136
4135 9752 21:0 4136
4135 10541 21:0 4141
4137 31 1:0 4749
4137 10367 1:0 5821
4137 9752 1:0 5821
4140 107 21:0 4141
4140 17 21:0 4141
4140 8781 21:0 4144
4142 121 1:0 4142
4142 107 1:0 4253
4142 17 1:0 4863
4142 10541 1:0 5821
4143 239 21:0 4144
4143 9884 21:0 4144
4143 9706 21:0 4144
4143 65 21:0 4144
4145 65 1:0 4512
4145 8781 1:0 4900
4145 9884 1:0 5807
4145 9706 1:0 5807
4145 239 1:0 5949
4147 8998 1:0 4147
4148 10598 21:0 4170
4151 8992 1:0 4151
4166 8987 1:0 4166
4168 119 1:0 4168
4169 227 21:0 4170
4171 227 1:0 5873
4173 10616 21:0 4204
4174 8983 1:0 4174
4174 8986 1:0 4174
4174 8985 1:0 4174
4207 10625 21:0 4209
4216 10627 21:0 4218
4217 10481 21:0 4221
4219 113 1:0 4219
4222 10481 1:0 5807
4224 8978 1:0 4224
4225 10630 21:0 4245
4228 8972 1:0 4228
4244 9779 21:0 4245
4244 10595 21:0 4245
4244 9857 21:0 4248
4246 105 1:0 4246
4246 10595 1:0 5802
4246 9779 1:0 5802
4247 8933 21:0 4248
4247 8950 21:0 4248
4247 8813 21:0 4255
4249 8950 1:0 4284
4249 8933 1:0 4375
4249 9857 1:0 5802
4251 10648 21:0 4251
4254 8966 1:0 4254
4254 8847 21:0 4255
4254 8954 21:0 4255
4254 8807 21:0 4258
4256 8954 1:0 4261
4256 8847 1:0 4650
4256 8813 1:0 4741
4257 10427 21:0 4258
4257 9842 21:0 4258
4257 323 21:0 4263
4259 8807 1:0 4741
4259 10427 1:0 5745
4259 9842 1:0 5781
4261 10652 21:0 4261
4262 283 21:0 4263
4262 10192 21:0 4263
4262 287 21:0 4266
4264 103 1:0 4264
4264 283 1:0 5731
4264 10192 1:0 5731
4264 323 1:0 5745
4265 211 21:0 4266
4265 269 21:0 4266
4267 211 1:0 5726
4267 269 1:0 5726
4267 287 1:0 5731
4270 10655 21:0 4292
4273 8959 1:0 4273
4290 101 1:0 4290
4293 10655 1:0 5745
4295 10673 21:0 4326
4296 8953 1:0 4296
4296 8952 1:0 4296
4322 8946 1:0 4322
4329 10682 21:0 4331
4338 10684 21:0 4340
4341 95 1:0 4341
4346 8945 1:0 4346
4347 10687 21:0 4367
4350 8939 1:0 4350
4368 87 1:0 4368
4373 10705 21:0 4373
4378 89 1:0 4378
4383 10709 21:0 4385
4386 85 1:0 4386
4391 8932 1:0 4391
4392 10712 21:0 4414
4395 8926 1:0 4395
4410 8921 1:0 4410
4412 83 1:0 4412
4415 10712 1:0 5797
4417 10730 21:0 4448
4418 8917 1:0 4418
4418 8919 1:0 4418
4418 8920 1:0 4418
4444 8913 1:0 4444
4451 10739 21:0 4453
4460 10741 21:0 4462
4463 77 1:0 4463
4468 8912 1:0 4468
4469 10744 21:0 4489
4472 8906 1:0 4472
4490 69 1:0 4490
4495 10762 21:0 4499
4498 8900 1:0 4498
4500 71 1:0 4500
4500 10762 1:0 5878
4505 10766 21:0 4505
4508 67 1:0 4508
4513 8899 1:0 4513
4514 10769 21:0 4514
4517 8893 1:0 4517
4532 8888 1:0 4532
4539 10787 21:0 4570
4540 8887 1:0 4540
4540 8884 1:0 4540
4540 8886 1:0 4540
4566 8880 1:0 4566
4573 10796 21:0 4575
4582 10798 21:0 4584
4590 8879 1:0 4590
4591 10801 21:0 4611
4594 8873 1:0 4594
4612 51 1:0 4612
4617 10819 21:0 4621
4620 8867 1:0 4620
4622 53 1:0 4622
4622 10819 1:0 5883
4627 10823 21:0 4629
4630 49 1:0 4630
4635 8866 1:0 4635
4636 10826 21:0 4636
4639 8860 1:0 4639
4656 47 1:0 4656
4661 10844 21:0 4692
4662 8853 1:0 4662
4662 8854 1:0 4662
4662 8851 1:0 4662
4695 10853 21:0 4697
4704 10855 21:0 4706
4712 8846 1:0 4712
4713 10858 21:0 4733
4716 8840 1:0 4716
4734 33 1:0 4734
4739 10876 21:0 4743
4742 8834 1:0 4742
4744 35 1:0 4744
4749 10880 21:0 4751
4757 8833 1:0 4757
4758 10883 21:0 4780
4761 8827 1:0 4761
4776 8822 1:0 4776
4783 10901 21:0 4814
4784 8820 1:0 4784
4810 8814 1:0 4810
4817 10910 21:0 4819
4826 10912 21:0 4828
4835 10915 21:0 4855
4856 15 1:0 4856
4861 10933 21:0 4861
4864 8801 1:0 4864
4871 10937 21:0 4871
4874 13 1:0 4874
4879 8800 1:0 4879
4880 10940 21:0 4902
4883 8794 1:0 4883
4898 8789 1:0 4898
4900 11 1:0 4900
4905 10958 21:0 4936
4906 8787 1:0 4906
4906 8785 1:0 4906
4906 8788 1:0 4906
4939 10967 21:0 4941
4948 10969 21:0 4950
4956 8780 1:0 4956
4960 8774 1:0 4960
4984 10997 21:0 4995
4994 7 21:0 4995
4995 10998 21:0 5028
5027 11004 21:0 5039
5038 11 21:0 5039
5038 5 21:0 5039
5038 11006 21:0 5039
5038 11005 21:0 5039
5038 11007 21:0 5039
5038 10972 21:0 5041
5039 13 21:0 5039
5041 11019 21:0 5049
5044 17 21:0 5044
5048 11020 21:0 5099
5049 15 21:0 5049
5098 11021 21:0 5115
5114 11022 21:0 5125
5115 31 21:0 5115
5120 35 21:0 5120
5124 11052 21:0 5175
5125 33 21:0 5125
5174 11053 21:0 5191
5190 11054 21:0 5201
5191 49 21:0 5191
5196 53 21:0 5196
5200 11055 21:0 5251
5201 51 21:0 5201
5250 11085 21:0 5267
5266 11087 21:0 5277
5267 67 21:0 5267
5272 71 21:0 5272
5276 11086 21:0 5327
5277 69 21:0 5277
5326 11088 21:0 5343
5342 11118 21:0 5353
5343 85 21:0 5343
5348 89 21:0 5348
5352 11119 21:0 5403
5353 87 21:0 5353
5355 11143 21:0 5355
5402 11120 21:0 5419
5403 11169 21:0 5403
5418 11121 21:0 5429
5419 103 21:0 5419
5424 107 21:0 5424
5424 11183 21:0 5424
5428 11151 21:0 5451
5429 105 21:0 5429
5450 11153 21:0 5495
5494 11152 21:0 5502
5495 121 21:0 5495
5500 125 21:0 5500
5501 11154 21:0 5523
5505 123 21:0 5505
5516 11228 21:0 5516
5522 11184 21:0 5571
5527 11229 21:0 5527
5560 11237 21:0 5560
5568 11248 21:0 5568
5570 11186 21:0 5576
5571 139 21:0 5571
5575 11185 21:0 5595
5576 143 21:0 5576
5576 11249 21:0 5576
5581 141 21:0 5581
5592 11261 21:0 5592
5594 11187 21:0 5647
5631 11269 21:0 5631
5631 11266 21:0 5631
5638 11255 21:0 5638
5646 11217 21:0 5652
5647 157 21:0 5647
5651 11218 21:0 5671
5652 161 21:0 5652
5652 11282 21:0 5652
5657 159 21:0 5657
5668 11294 21:0 5668
5670 11219 21:0 5723
5679 11295 21:0 5679
5707 11302 21:0 5707
5714 11288 21:0 5714
5722 11220 21:0 5728
5723 175 21:0 5723
5727 11250 21:0 5747
5728 179 21:0 5728
5733 177 21:0 5733
5746 11251 21:0 5799
5783 11332 21:0 5783
5788 11336 21:0 5788
5796 11347 21:0 5796
5798 11252 21:0 5804
5799 193 21:0 5799
5803 11253 21:0 5823
5804 197 21:0 5804
5809 195 21:0 5809
5811 11341 21:0 5811
5822 11283 21:0 5875
5874 11284 21:0 5880
5875 211 21:0 5875
5879 11285 21:0 5899
5880 215 21:0 5880
5880 11381 21:0 5880
5885 213 21:0 5885
5896 11393 21:0 5896
5898 11286 21:0 5951
5935 11398 21:0 5935
5940 11402 21:0 5940
5950 11316 21:0 5956
5951 229 21:0 5951
5955 303 1:0 5959
5955 301 1:0 5959
5955 9776 1:0 5959
5955 11318 21:0 5961
5956 233 21:0 5956
5960 241 1:0 5961
5960 9964 1:0 5973
5960 10313 1:0 5973
5960 9903 1:0 5973
5960 11317 21:0 6027
5961 231 21:0 5961
5962 243 1:0 5973
5972 11426 21:0 5972
5974 9679 1:0 6009
5983 11427 21:0 5983
6010 9930 1:0 6025
6011 11434 21:0 6011
6011 11433 21:0 6011
6015 257 1:0 6025
6015 263 1:0 6025
6016 11435 21:0 6016
6018 11420 21:0 6018
6024 11446 21:0 6024
6026 9897 1:0 6030
6026 9910 1:0 6030
6026 10139 1:0 6030
6026 11319 21:0 6032
6027 247 21:0 6027
6031 9875 1:0 6035
6031 9614 1:0 6035
6031 305 1:0 6035
6031 261 1:0 6035
6031 11349 21:0 6037
6032 251 21:0 6032
6036 9911 1:0 6049
6036 10310 1:0 6049
6036 9659 1:0 6049
6036 11350 21:0 6103
6037 249 21:0 6037
6038 259 1:0 6049
6039 11440 21:0 6039
6050 9527 1:0 6085
6086 9945 1:0 6101
6087 11467 21:0 6087
6087 11464 21:0 6087
6091 275 1:0 6101
6091 281 1:0 6101
6092 11468 21:0 6092
6100 11479 21:0 6100
6102 9554 1:0 6106
6102 9653 1:0 6106
6102 9620 1:0 6106
6102 11351 21:0 6108
6103 265 21:0 6103
6107 9771 1:0 6111
6107 9673 1:0 6111
6107 277 1:0 6111
6107 10883 1:0 6111
6107 11352 21:0 6113
6108 269 21:0 6108
6108 11480 21:0 6108
6112 9809 1:0 6125
6112 9780 1:0 6125
6112 9871 1:0 6125
6112 11382 21:0 6179
6113 267 21:0 6113
6114 279 1:0 6125
6126 9745 1:0 6161
6162 10709 1:0 6177
6163 11497 21:0 6163
6163 11500 21:0 6163
6167 299 1:0 6168
6167 293 1:0 6168
6168 11501 21:0 6168
6169 295 1:0 6177
6176 11512 21:0 6176
6178 9971 1:0 6182
6178 9908 1:0 6182
6178 9936 1:0 6182
6178 11383 21:0 6184
6179 283 21:0 6179
6183 9950 1:0 6187
6183 9956 1:0 6187
6183 10940 1:0 6187
6183 11384 21:0 6189
6184 287 21:0 6184
6184 11513 21:0 6184
6188 10823 1:0 6201
6188 9937 1:0 6201
6188 10370 1:0 6201
6188 11385 21:0 6255
6189 285 21:0 6189
6190 297 1:0 6201
6200 11525 21:0 6200
6202 10880 1:0 6237
6211 11526 21:0 6211
6238 10249 1:0 6253
6243 311 1:0 6253
6243 317 1:0 6253
6254 10142 1:0 6258
6254 9818 1:0 6258
6254 10876 1:0 6258
6254 11415 21:0 6260
6259 10534 1:0 6263
6259 9924 1:0 6263
6259 10598 1:0 6263
6259 11416 21:0 6265
6260 11546 21:0 6260
6264 315 1:0 6265
6264 9943 1:0 6277
6264 9772 1:0 6277
6264 9917 1:0 6277
6264 11417 21:0 6331
6266 313 1:0 6277
6267 11539 21:0 6267
6276 11558 21:0 6276
6278 9804 1:0 6313
6287 11559 21:0 6287
6314 9961 1:0 6334
6315 11563 21:0 6315
6315 11566 21:0 6315
6328 11578 21:0 6328
6330 11418 21:0 6336
6335 11448 21:0 6341
6335 9959 1:0 6345
6336 11579 21:0 6336
6340 9714 1:0 6345
6340 11449 21:0 6350
6340 337 1:0 6343
6346 9960 1:0 6353
6349 9792 1:0 6356
6349 9844 1:0 6356
6349 11450 21:0 6358
6357 9957 1:0 6357
6357 11451 21:0 6361
6357 9958 1:0 6363
6360 10003 1:0 6365
6360 10000 1:0 6365
6360 9989 1:0 6365
6360 9998 1:0 6365
6360 9615 1:0 6365
6360 11481 21:0 6370
6363 9968 1:0 6363
6366 9928 1:0 6393
6369 9747 1:0 6393
6369 9501 1:0 6393
6369 11483 21:0 6398
6374 9971 21:0 6374
6391 9946 1:0 6393
6394 9927 1:0 6476
6397 11482 21:0 6478
6403 9944 1:0 6403
6477 11484 21:0 6481
6477 9926 1:0 6483
6480 9672 1:0 6487
6480 9846 1:0 6487
6480 11514 21:0 6492
6483 10021 1:0 6483
6488 9925 1:0 6494
6491 10055 1:0 6496
6491 9758 1:0 6496
6491 10057 1:0 6496
6491 10060 1:0 6496
6491 10046 1:0 6496
6491 11516 21:0 6498
6494 10025 1:0 6494
6495 10025 21:0 6495
6497 11515 21:0 6501
6497 9895 1:0 6524
6500 9765 1:0 6524
6500 9719 1:0 6524
6500 11517 21:0 6580
6504 10028 1:0 6504
6505 9923 1:0 6505
6522 9913 1:0 6524
6525 9912 1:0 6525
6525 9893 1:0 6607
6560 9904 1:0 6560
6579 11547 21:0 6612
6608 9894 1:0 6615
6610 285 1:0 6610
6611 9528 1:0 6618
6611 9738 1:0 6618
6611 11548 21:0 6620
6614 10078 1:0 6614
6615 10078 21:0 6615
6619 11549 21:0 6623
6619 9892 1:0 6625
6621 287 1:0 6621
6622 10135 1:0 6627
6622 10117 1:0 6627
6622 10112 1:0 6627
6622 10114 1:0 6627
6622 10103 1:0 6627
6622 11550 21:0 6632
6625 10082 1:0 6625
6628 9862 1:0 6655
6630 283 1:0 6630
6631 9640 1:0 6655
6631 9838 1:0 6655
6631 11580 21:0 6660
6636 9890 1:0 6636
6653 9880 1:0 6655
6656 9860 1:0 6738
6659 11582 21:0 6740
6665 9877 1:0 6665
6665 9878 1:0 6665
6718 9870 1:0 6718
6723 9864 1:0 6723
6739 11581 21:0 6743
6739 9861 1:0 6746
6741 267 1:0 6741
6742 9739 1:0 6749
6742 9785 1:0 6749
6742 11583 21:0 6754
6750 9858 1:0 6750
6750 9859 1:0 6756
6752 269 1:0 6752
6753 337 21:0 6754
6753 10991 21:0 6754
6753 10169 1:0 6758
6753 10171 1:0 6758
6753 10160 1:0 6758
6753 9710 1:0 6758
6753 10174 1:0 6758
6753 11002 21:0 6760
6759 11017 21:0 6760
6759 11011 21:0 6760
6759 11018 21:0 6763
6759 9829 1:0 6786
6761 265 1:0 6761
6762 11031 21:0 6763
6762 11051 21:0 6763
6762 9627 1:0 6786
6762 9613 1:0 6786
6762 11064 21:0 6788
6784 9847 1:0 6786
6787 11050 21:0 6791
6787 9828 1:0 6869
6790 11038 21:0 6832
6796 9845 1:0 6796
6831 11039 21:0 6842
6841 11030 21:0 6866
6854 9831 1:0 6854
6865 11063 21:0 6871
6870 11044 21:0 6871
6870 11083 21:0 6874
6870 9827 1:0 6876
6872 249 1:0 6872
6873 11037 21:0 6874
6873 11105 21:0 6874
6873 11070 21:0 6878
6873 9508 1:0 6880
6873 9626 1:0 6880
6877 10192 21:0 6877
6877 11101 21:0 6882
6881 9825 1:0 6881
6881 11090 21:0 6882
6881 11116 21:0 6885
6881 9826 1:0 6887
6883 251 1:0 6883
6884 11123 21:0 6885
6884 11024 21:0 6885
6884 10217 1:0 6889
6884 10226 1:0 6889
6884 10228 1:0 6889
6884 10231 1:0 6889
6884 9725 1:0 6889
6884 11096 21:0 6891
6887 10196 1:0 6887
6888 10196 21:0 6888
6890 11077 21:0 6891
6890 11104 21:0 6891
6890 11084 21:0 6894
6890 9796 1:0 6917
6892 247 1:0 6892
6893 11130 21:0 6894
6893 11134 21:0 6894
6893 11057 21:0 6915
6893 9712 1:0 6917
6893 9686 1:0 6917
6897 10199 1:0 6897
6898 10199 21:0 6898
6898 9824 1:0 6898
6914 11117 21:0 6922
6915 9814 1:0 6917
6918 9813 1:0 6918
6918 9794 1:0 7000
6921 11129 21:0 6963
6927 9811 1:0 6927
6927 9812 1:0 6927
6953 9805 1:0 6953
6962 11136 21:0 6973
6972 11103 21:0 6995
6985 9798 1:0 6985
6994 11138 21:0 7002
7001 11071 21:0 7002
7001 11162 21:0 7005
7001 9795 1:0 7008
7003 231 1:0 7003
7004 11242 21:0 7005
7004 11163 21:0 7005
7004 11182 21:0 7009
7004 9677 1:0 7011
7004 9545 1:0 7011
7008 11156 21:0 7013
7012 11215 21:0 7013
7012 11110 21:0 7016
7012 9793 1:0 7018
7014 233 1:0 7014
7015 11262 21:0 7016
7015 11068 21:0 7016
7015 9646 1:0 7020
7015 10288 1:0 7020
7015 10274 1:0 7020
7015 10283 1:0 7020
7015 10285 1:0 7020
7015 11072 21:0 7022
7018 10253 1:0 7018
7020 9763 1:0 7048
7020 9781 1:0 7048
7020 9713 1:0 7048
7020 10342 1:0 7151
7020 9748 1:0 7179
7020 9715 1:0 7282
7020 9682 1:0 7441
7020 9649 1:0 7572
7020 9616 1:0 7703
7021 11233 21:0 7022
7021 11209 21:0 7022
7021 11360 21:0 7025
7023 229 1:0 7023
7023 9611 1:0 7048
7024 11368 21:0 7025
7024 11354 21:0 7025
7024 11380 21:0 7044
7026 9761 1:0 7131
7026 9762 1:0 7139
7028 10256 1:0 7028
7028 9699 1:0 7142
7031 9549 1:0 7142
7043 11365 21:0 7053
7052 11361 21:0 7094
7054 9760 1:0 7149
7058 9778 1:0 7058
7059 10331 1:0 7151
7059 10345 1:0 7151
7059 10340 1:0 7151
7059 9581 1:0 7151
7059 10399 1:0 7282
7059 10397 1:0 7310
7059 10456 1:0 7413
7059 9583 1:0 7834
7093 11369 21:0 7104
7103 11374 21:0 7120
7105 9730 1:0 7179
7108 10402 1:0 7282
7113 9660 1:0 7179
7119 11367 21:0 7133
7120 9666 1:0 7179
7128 9633 1:0 7273
7129 9647 1:0 7273
7132 11401 21:0 7133
7132 11400 21:0 7136
7134 213 1:0 7134
7135 11407 21:0 7136
7135 11413 21:0 7136
7135 11387 21:0 7139
7138 10306 1:0 7138
7138 11299 21:0 7144
7141 9728 1:0 7262
7142 9729 1:0 7270
7142 9593 1:0 7282
7143 9759 1:0 7143
7143 11328 21:0 7144
7143 11204 21:0 7144
7143 11308 21:0 7147
7145 215 1:0 7145
7145 9727 1:0 7280
7146 11097 21:0 7147
7146 11321 21:0 7150
7148 10388 1:0 7282
7148 9594 1:0 7310
7148 10445 1:0 7413
7148 10454 1:0 7413
7148 10459 1:0 7413
7148 10513 1:0 7544
7148 10511 1:0 7544
7148 9550 1:0 7965
7149 11303 21:0 7153
7150 10310 21:0 7150
7151 9697 1:0 7310
7151 9521 1:0 7310
7151 9695 1:0 7393
7152 11189 21:0 7153
7152 11235 21:0 7156
7154 211 1:0 7154
7154 9567 1:0 7404
7154 9515 1:0 7404
7155 11176 21:0 7156
7155 11327 21:0 7156
7155 11301 21:0 7169
7157 9696 1:0 7401
7160 10313 21:0 7160
7162 9694 1:0 7411
7168 11236 21:0 7184
7169 9580 1:0 7413
7177 9574 1:0 7441
7183 11222 21:0 7219
7189 9743 1:0 7189
7190 9664 1:0 7441
7195 9495 1:0 7441
7218 11348 21:0 7235
7231 10570 1:0 7675
7234 11149 21:0 7248
7244 9662 1:0 7524
7247 9732 1:0 7247
7247 11195 21:0 7264
7249 9582 1:0 7535
7259 9587 1:0 7535
7260 9516 1:0 7544
7263 11216 21:0 7264
7263 11171 21:0 7264
7263 11315 21:0 7267
7265 195 1:0 7265
7266 11466 21:0 7267
7266 11552 21:0 7267
7266 11268 21:0 7275
7269 10363 1:0 7269
7272 9663 1:0 7532
7273 9661 1:0 7542
7273 10502 1:0 7544
7273 10516 1:0 7544
7273 10559 1:0 7675
7273 10568 1:0 7675
7273 10625 1:0 7806
7273 10627 1:0 7806
7273 9517 1:0 8096
7274 9726 1:0 7274
7274 10135 21:0 7275
7274 11453 21:0 7275
7274 11137 21:0 7278
7276 197 1:0 7276
7276 9631 1:0 7572
7277 11035 21:0 7278
7277 11565 21:0 7278
7277 11492 21:0 7284
7279 9573 1:0 7572
7279 9548 1:0 7572
7279 9514 1:0 7666
7282 9629 1:0 7655
7282 9630 1:0 7663
7283 11167 21:0 7284
7283 11447 21:0 7287
7285 193 1:0 7285
7285 9540 1:0 7666
7285 9534 1:0 7675
7286 11533 21:0 7287
7286 11532 21:0 7287
7286 11270 21:0 7297
7288 9628 1:0 7673
7288 10573 1:0 7675
7288 10616 1:0 7806
7288 10630 1:0 7806
7296 10139 21:0 7315
7298 9598 1:0 7703
7308 9512 1:0 7703
7309 9507 1:0 7703
7314 10363 21:0 7350
7321 9597 1:0 7786
7326 10687 1:0 7937
7349 10367 21:0 7366
7362 9475 1:0 7797
7362 10684 1:0 7937
7365 305 21:0 7374
7373 9705 1:0 7373
7373 11150 21:0 7395
7375 9596 1:0 7793
7390 9561 1:0 7797
7391 9479 1:0 7806
7394 285 21:0 7395
7394 11545 21:0 7395
7394 11519 21:0 7398
7396 177 1:0 7396
7397 11314 21:0 7398
7397 11431 21:0 7398
7397 11499 21:0 7406
7400 10420 1:0 7400
7403 9595 1:0 7804
7404 9565 1:0 7834
7404 9482 1:0 7834
7404 9468 1:0 7834
7404 9488 1:0 7928
7405 9693 1:0 7405
7405 319 21:0 7406
7405 10420 21:0 7406
7405 10142 21:0 7409
7407 179 1:0 7407
7407 9494 1:0 7928
7407 10682 1:0 7937
7408 11205 21:0 7409
7408 11139 21:0 7409
7408 11271 21:0 7409
7408 11106 21:0 7409
7408 11073 21:0 7409
7408 11040 21:0 7409
7408 11172 21:0 7409
7408 11460 21:0 7409
7408 11275 21:0 7409
7408 11238 21:0 7409
7408 11304 21:0 7412
7410 9564 1:0 7917
7411 10424 1:0 7411
7411 11337 21:0 7412
7412 10424 21:0 7415
7413 9563 1:0 7924
7413 9562 1:0 7935
7413 9484 1:0 8199
7413 9451 1:0 8358
7414 9968 21:0 7415
7414 9964 21:0 7418
7416 175 1:0 7416
7416 9481 1:0 7937
7416 10673 1:0 7937
7417 11493 21:0 7418
7417 11567 21:0 7418
7417 11335 21:0 7436
7419 9532 1:0 7965
7419 9474 1:0 7965
7419 9483 1:0 7965
7422 10427 21:0 7422
7422 9692 1:0 7422
7435 11459 21:0 7446
7439 9531 1:0 8048
7440 9442 1:0 8059
7440 9455 1:0 8059
7442 9681 1:0 7442
7445 10388 21:0 7446
7445 11370 21:0 7446
7445 10402 21:0 7446
7445 10397 21:0 7446
7445 11403 21:0 7449
7449 10445 21:0 7481
7451 9680 1:0 7451
7452 9530 1:0 8055
7480 10345 21:0 7487
7486 10331 21:0 7490
7489 10288 21:0 7497
7493 10741 1:0 8068
7493 10744 1:0 8068
7493 10730 1:0 8068
7493 10739 1:0 8068
7493 10796 1:0 8196
7496 10274 21:0 7497
7496 11203 21:0 7500
7499 11436 21:0 7500
7499 11469 21:0 7500
7499 11502 21:0 7500
7499 10454 21:0 7500
7499 11535 21:0 7502
7501 11568 21:0 7502
7504 10459 21:0 7526
7506 9529 1:0 8066
7521 9429 1:0 8068
7522 9446 1:0 8096
7522 10798 1:0 8227
7525 11200 21:0 7526
7525 11534 21:0 7526
7525 321 21:0 7529
7527 159 1:0 7527
7528 10228 21:0 7529
7528 10226 21:0 7529
7528 10231 21:0 7529
7528 11394 21:0 7529
7528 11281 21:0 7529
7528 10342 21:0 7529
7528 10399 21:0 7529
7528 10456 21:0 7529
7528 10171 21:0 7529
7528 10283 21:0 7529
7528 10340 21:0 7529
7528 10285 21:0 7529
7531 10477 1:0 7531
7532 10477 21:0 7537
7534 9499 1:0 8096
7535 9462 1:0 8096
7535 9497 1:0 8179
7536 11486 21:0 7537
7536 10306 21:0 7537
7536 11170 21:0 7540
7538 161 1:0 7538
7538 9498 1:0 8187
7539 11506 21:0 7540
7539 11572 21:0 7543
7541 9441 1:0 8190
7541 9461 1:0 8190
7542 11473 21:0 7546
7543 10481 21:0 7543
7544 10787 1:0 8196
7544 9496 1:0 8197
7544 10801 1:0 8199
7544 9435 1:0 8199
7544 9450 1:0 8227
7544 10855 1:0 8330
7544 10853 1:0 8330
7544 10910 1:0 8461
7544 10912 1:0 8461
7544 9418 1:0 8489
7545 10253 21:0 7546
7545 11414 21:0 7549
7547 157 1:0 7547
7547 9466 1:0 8227
7548 10160 21:0 7549
7548 10117 21:0 7549
7548 10112 21:0 7549
7548 10103 21:0 7549
7548 10174 21:0 7549
7548 9998 21:0 7549
7548 10114 21:0 7549
7548 10057 21:0 7549
7548 10055 21:0 7549
7548 10046 21:0 7549
7548 10060 21:0 7549
7548 313 21:0 7549
7548 315 21:0 7549
7548 10000 21:0 7549
7548 10003 21:0 7549
7548 10169 21:0 7549
7548 10217 21:0 7549
7548 9989 21:0 7549
7548 317 21:0 7571
7550 9449 1:0 8227
7550 9464 1:0 8310
7552 10484 1:0 7552
7553 10484 21:0 7553
7555 9465 1:0 8318
7570 311 21:0 7574
7570 9448 1:0 8321
7571 9422 1:0 8321
7571 10858 1:0 8330
7571 10844 1:0 8330
7573 9648 1:0 7573
7573 293 21:0 7574
7573 295 21:0 7574
7573 297 21:0 7574
7573 299 21:0 7577
7576 275 21:0 7577
7576 277 21:0 7577
7576 279 21:0 7577
7576 281 21:0 7577
7580 10502 21:0 7612
7583 9463 1:0 8328
7611 259 21:0 7612
7611 261 21:0 7612
7615 10511 21:0 7618
7617 257 21:0 7621
7620 243 21:0 7621
7624 9409 1:0 8330
7624 10901 1:0 8461
7624 9385 1:0 8623
7625 10513 21:0 7628
7627 245 21:0 7628
7627 263 21:0 7628
7627 241 21:0 7628
7627 239 21:0 7631
7630 65 21:0 7631
7630 223 21:0 7631
7630 225 21:0 7631
7630 23 21:0 7631
7632 65 1:0 8196
7635 9639 1:0 7635
7635 10516 21:0 7657
7652 9433 1:0 8358
7653 23 1:0 8461
7656 59 21:0 7657
7656 11202 21:0 7657
7656 287 21:0 7657
7656 251 21:0 7660
7658 141 1:0 7658
7658 59 1:0 8068
7659 283 21:0 7660
7659 29 21:0 7660
7659 115 21:0 7660
7659 10021 21:0 7660
7659 47 21:0 7660
7661 115 1:0 7806
7661 47 1:0 7937
7661 29 1:0 8330
7663 10534 21:0 7668
7665 9408 1:0 8358
7665 9416 1:0 8358
7665 9417 1:0 8452
7666 9431 1:0 8441
7666 9432 1:0 8449
7667 11196 21:0 7668
7667 10085 21:0 7668
7667 10028 21:0 7671
7669 143 1:0 7669
7669 9428 1:0 8452
7669 9402 1:0 8461
7670 10249 21:0 7671
7670 11530 21:0 7674
7672 10915 1:0 8461
7672 9413 1:0 8489
7672 11 1:0 8622
7672 10958 1:0 8623
7672 7 1:0 8664
7673 10538 1:0 7673
7673 97 21:0 7677
7674 10538 21:0 7674
7675 9430 1:0 8459
7675 9400 1:0 8489
7675 9415 1:0 8489
7676 11334 21:0 7677
7676 231 21:0 7677
7676 3 21:0 7677
7676 229 21:0 7680
7678 139 1:0 7678
7678 97 1:0 7806
7679 249 21:0 7680
7681 9399 1:0 8572
7683 9398 1:0 8579
7684 10541 21:0 7684
7686 9396 1:0 8583
7701 9389 1:0 8583
7702 9384 1:0 8592
7711 10559 21:0 7743
7714 9383 1:0 8595
7714 9395 1:0 8595
7746 10568 21:0 7749
7756 10570 21:0 7759
7766 9606 1:0 7766
7766 10573 21:0 7788
7789 123 1:0 7789
7793 10591 1:0 7793
7794 10591 21:0 7794
7796 9397 1:0 8590
7797 9376 1:0 8623
7797 9382 1:0 8623
7797 9380 1:0 8623
7797 10967 1:0 8661
7797 10969 1:0 8671
7797 9375 1:0 8674
7797 5 1:0 8674
7797 10972 1:0 8681
7797 9369 1:0 8687
7797 3 1:0 8703
7800 125 1:0 7800
7805 10595 21:0 7808
7806 249 1:0 9450
7806 231 1:0 9455
7806 229 1:0 9455
7806 11334 1:0 9455
7806 10028 1:0 9460
7806 10249 1:0 9460
7806 11530 1:0 9460
7806 11196 1:0 9474
7809 121 1:0 7809
7809 10085 1:0 9526
7812 283 1:0 9531
7812 10021 1:0 9531
7812 251 1:0 9531
7814 287 1:0 9536
7815 10598 21:0 7839
7817 11202 1:0 9536
7832 11414 1:0 9550
7833 11473 1:0 9550
7833 10253 1:0 9550
7840 225 1:0 9602
7842 10616 21:0 7874
7844 9578 1:0 7844
7845 11572 1:0 9586
7877 10625 21:0 7880
7887 10627 21:0 7890
7897 10630 21:0 7919
7920 105 1:0 7920
7924 10648 1:0 7924
7925 10648 21:0 7930
7927 11506 1:0 9602
7927 11170 1:0 9607
7927 10595 1:0 9607
7927 11486 1:0 9612
7928 10534 1:0 9612
7931 107 1:0 7931
7935 10652 1:0 7935
7936 10652 21:0 7936
7940 103 1:0 7940
7946 9560 1:0 7946
7946 10655 21:0 7970
7971 10655 1:0 9474
7973 10673 21:0 8005
7975 9547 1:0 7975
8001 9541 1:0 8001
8008 10682 21:0 8011
8018 10684 21:0 8021
8028 10687 21:0 8050
8051 87 1:0 8051
8055 10705 1:0 8055
8056 10705 21:0 8061
8062 89 1:0 8062
8062 10705 1:0 9536
8067 10709 21:0 8070
8071 85 1:0 8071
8071 10709 1:0 9607
8077 10712 21:0 8077
8104 10730 21:0 8136
8139 10739 21:0 8142
8149 10741 21:0 8152
8159 10744 21:0 8181
8182 69 1:0 8182
8187 10762 21:0 8187
8193 71 1:0 8193
8197 10766 1:0 8197
8198 10766 21:0 8201
8202 67 1:0 8202
8202 10766 1:0 9474
8207 10769 1:0 8207
8235 10787 21:0 8267
8270 10796 21:0 8273
8280 10798 21:0 8283
8290 10801 21:0 8312
8313 51 1:0 8313
8318 10819 21:0 8323
8324 53 1:0 8324
8333 49 1:0 8333
8338 10826 1:0 8338
8339 10826 21:0 8363
8364 10826 1:0 9510
8366 10844 21:0 8398
8401 10853 21:0 8404
8411 10855 21:0 8414
8421 10858 21:0 8443
8444 33 1:0 8444
8449 10876 21:0 8454
8455 35 1:0 8455
8460 10880 21:0 8460
8464 31 1:0 8464
8497 10901 21:0 8529
8532 10910 21:0 8535
8542 10912 21:0 8545
8552 10915 21:0 8574
8575 15 1:0 8575
8579 10933 1:0 8579
8580 10933 21:0 8585
8586 17 1:0 8586
8586 10933 1:0 9612
8590 10937 1:0 8590
8591 10937 21:0 8591
8595 13 1:0 8595
8601 10940 21:0 8625
8628 10958 21:0 8660
8663 10967 21:0 8666
8673 10969 21:0 8676
8683 10972 21:0 8712
8713 12619 21:0 8724
8723 3 21:0 8724
8724 12620 21:0 8757
8756 12629 21:0 8757
8756 10990 21:0 8757
8756 9 21:0 8757
8756 7 21:0 8757
8756 5 21:0 8757
8757 12628 21:0 8768
8767 12613 21:0 8768
8767 12624 21:0 8768
8768 13 21:0 8768
8770 12641 21:0 8778
8773 17 21:0 8773
8773 12640 21:0 8773
8777 12643 21:0 8828
8780 12633 21:0 8780
8789 12652 21:0 8789
8827 12642 21:0 8844
8828 12657 21:0 8828
8828 12660 21:0 8828
8833 12661 21:0 8833
8835 12646 21:0 8835
8841 12672 21:0 8841
8843 12644 21:0 8854
8849 12673 21:0 8849
8853 12674 21:0 8904
8856 12666 21:0 8856
8865 12685 21:0 8865
8876 12686 21:0 8876
8903 12675 21:0 8920
8904 12690 21:0 8904
8904 12693 21:0 8904
8904 12692 21:0 8904
8909 12694 21:0 8909
8911 12679 21:0 8911
8917 12705 21:0 8917
8919 12676 21:0 8930
8920 49 21:0 8920
8925 12706 21:0 8925
8925 53 21:0 8925
8929 12677 21:0 8980
8930 51 21:0 8930
8932 12699 21:0 8932
8941 12718 21:0 8941
8979 12708 21:0 8996
8980 12726 21:0 8980
8980 12723 21:0 8980
8985 12727 21:0 8985
8987 12712 21:0 8987
8993 12738 21:0 8993
8995 12707 21:0 9006
8996 67 21:0 8996
9001 71 21:0 9001
9001 12739 21:0 9001
9005 12710 21:0 9056
9006 69 21:0 9006
9008 12732 21:0 9008
9017 12751 21:0 9017
9028 12752 21:0 9028
9055 12709 21:0 9072
9056 12759 21:0 9056
9056 12758 21:0 9056
9056 12756 21:0 9056
9061 12760 21:0 9061
9063 12745 21:0 9063
9069 12771 21:0 9069
9071 12740 21:0 9082
9072 85 21:0 9072
9077 89 21:0 9077
9077 12772 21:0 9077
9081 12741 21:0 9132
9082 87 21:0 9082
9084 12765 21:0 9084
9093 12784 21:0 9093
9104 12785 21:0 9104
9131 12742 21:0 9148
9132 12792 21:0 9132
9132 12789 21:0 9132
9132 12791 21:0 9132
9137 12793 21:0 9137
9145 12804 21:0 9145
9147 12743 21:0 9158
9148 103 21:0 9148
9153 107 21:0 9153
9153 12805 21:0 9153
9157 12773 21:0 9203
9160 12798 21:0 9160
9169 12817 21:0 9169
9180 12818 21:0 9180
9202 12774 21:0 9224
9208 12825 21:0 9208
9208 12824 21:0 9208
9208 12822 21:0 9208
9215 12811 21:0 9215
9221 12837 21:0 9221
9223 12775 21:0 9234
9229 125 21:0 9229
9229 12838 21:0 9229
9233 12809 21:0 9256
9234 123 21:0 9234
9236 12831 21:0 9236
9245 12850 21:0 9245
9255 12807 21:0 9300
9284 12855 21:0 9284
9284 12857 21:0 9284
9284 12858 21:0 9284
9289 12859 21:0 9289
9291 12844 21:0 9291
9297 12870 21:0 9297
9299 12808 21:0 9310
9300 139 21:0 9300
9305 143 21:0 9305
9305 12871 21:0 9305
9309 12806 21:0 9328
9310 141 21:0 9310
9312 12864 21:0 9312
9321 12883 21:0 9321
9327 12776 21:0 9376
9332 12884 21:0 9332
9360 12888 21:0 9360
9360 12891 21:0 9360
9365 12892 21:0 9365
9367 12877 21:0 9367
9375 12841 21:0 9383
9381 12904 21:0 9381
9382 12839 21:0 9404
9388 12897 21:0 9388
9397 12916 21:0 9397
9403 12842 21:0 9452
9408 12917 21:0 9408
9436 12923 21:0 9436
9436 12921 21:0 9436
9436 12924 21:0 9436
9443 12910 21:0 9443
9449 12936 21:0 9449
9451 12840 21:0 9457
9452 175 21:0 9452
9456 12872 21:0 9476
9457 12937 21:0 9457
9457 179 21:0 9457
9462 177 21:0 9462
9473 12949 21:0 9473
9475 12873 21:0 9528
9484 12950 21:0 9484
9512 12956 21:0 9512
9512 12954 21:0 9512
9512 12957 21:0 9512
9517 12958 21:0 9517
9519 12943 21:0 9519
9525 12969 21:0 9525
9527 12874 21:0 9533
9528 193 21:0 9528
9532 12875 21:0 9552
9533 197 21:0 9533
9533 12970 21:0 9533
9538 195 21:0 9538
9540 12963 21:0 9540
9549 12982 21:0 9549
9551 12905 21:0 9604
9560 12983 21:0 9560
9588 12990 21:0 9588
9588 12989 21:0 9588
9593 12991 21:0 9593
9601 13002 21:0 9601
9603 12906 21:0 9609
9604 211 21:0 9604
9608 12907 21:0 9628
9609 13003 21:0 9609
9613 10306 1:0 9626
9613 11281 1:0 9626
9613 11394 1:0 9626
9615 223 1:0 9626
9616 12996 21:0 9616
9625 13015 21:0 9625
9627 10876 1:0 9662
9627 12908 21:0 9680
9636 13016 21:0 9636
9663 10648 1:0 9678
9664 13020 21:0 9664
9664 13022 21:0 9664
9664 13023 21:0 9664
9668 239 1:0 9678
9668 245 1:0 9678
9669 13024 21:0 9669
9671 13009 21:0 9671
9677 13035 21:0 9677
9679 11534 1:0 9683
9679 321 1:0 9683
9679 11200 1:0 9683
9679 12938 21:0 9685
9680 229 21:0 9680
9684 11203 1:0 9688
9684 241 1:0 9688
9684 11335 1:0 9688
9684 11459 1:0 9688
9684 12939 21:0 9704
9685 233 21:0 9685
9685 13036 21:0 9685
9689 9964 1:0 9702
9689 11493 1:0 9702
9689 11567 1:0 9702
9690 231 21:0 9690
9691 243 1:0 9702
9701 13048 21:0 9701
9703 9968 1:0 9738
9703 12940 21:0 9756
9712 13049 21:0 9712
9739 11460 1:0 9754
9740 13055 21:0 9740
9740 13053 21:0 9740
9740 13056 21:0 9740
9744 257 1:0 9745
9744 263 1:0 9745
9745 13057 21:0 9745
9746 259 1:0 9754
9747 13042 21:0 9747
9755 10420 1:0 9759
9755 10142 1:0 9759
9755 11275 1:0 9759
9755 12941 21:0 9761
9756 247 21:0 9756
9760 11499 1:0 9764
9760 319 1:0 9764
9760 11431 1:0 9764
9760 12971 21:0 9780
9761 251 21:0 9761
9765 11519 1:0 9778
9765 10424 1:0 9778
9765 11314 1:0 9778
9767 261 1:0 9778
9777 13081 21:0 9777
9779 11545 1:0 9814
9779 12972 21:0 9832
9788 13082 21:0 9788
9815 285 1:0 9830
9816 13086 21:0 9816
9816 13088 21:0 9816
9820 281 1:0 9830
9820 275 1:0 9830
9821 13090 21:0 9821
9829 13101 21:0 9829
9831 305 1:0 9835
9831 10598 1:0 9835
9831 11150 1:0 9835
9831 12973 21:0 9837
9832 265 21:0 9832
9836 279 1:0 9840
9836 10139 1:0 9840
9836 10363 1:0 9840
9836 10367 1:0 9840
9836 12974 21:0 9856
9837 13102 21:0 9837
9837 269 21:0 9837
9841 10819 1:0 9854
9841 11533 1:0 9854
9841 11270 1:0 9854
9843 277 1:0 9854
9855 11532 1:0 9890
9855 13004 21:0 9908
9891 11447 1:0 9906
9896 293 1:0 9906
9896 299 1:0 9906
9907 10940 1:0 9911
9907 11167 1:0 9911
9907 11492 1:0 9911
9907 13006 21:0 9913
9912 11565 1:0 9916
9912 11137 1:0 9916
9912 11035 1:0 9916
9912 297 1:0 9916
9912 13005 21:0 9928
9917 10135 1:0 9930
9917 10477 1:0 9930
9917 11453 1:0 9930
9919 295 1:0 9930
9927 13007 21:0 9984
9931 11268 1:0 9966
9967 11466 1:0 9982
9972 311 1:0 9973
9972 317 1:0 9973
9974 313 1:0 9982
9981 13167 21:0 9981
9983 11552 1:0 9987
9983 13037 21:0 9989
9983 6303 1:0 9987
9983 6301 1:0 9987
9988 13038 21:0 9994
9988 6302 1:0 9992
9988 6304 1:0 9992
9988 6299 1:0 9992
9991 13170 21:0 9991
9993 13039 21:0 10060
9993 6300 1:0 10006
9993 6156 1:0 10006
9993 6152 1:0 10006
9994 13172 21:0 9994
9995 315 1:0 10006
10007 6154 1:0 10042
10043 11583 1:0 10063
10059 13040 21:0 10065
10062 13202 21:0 10062
10064 13072 21:0 10070
10064 11581 1:0 10074
10069 13071 21:0 10079
10069 338 1:0 10072
10069 6155 1:0 10074
10070 13205 21:0 10070
10075 11582 1:0 10082
10078 13070 21:0 10087
10078 6153 1:0 10085
10078 6157 1:0 10085
10086 11579 1:0 10086
10086 13104 21:0 10090
10086 11580 1:0 10092
10089 11315 1:0 10094
10089 9989 1:0 10094
10089 9998 1:0 10094
10089 10003 1:0 10094
10089 10000 1:0 10094
10089 13103 21:0 10099
10095 11550 1:0 10122
10098 13124 21:0 10099
10098 12827 21:0 10099
10098 13025 21:0 10099
10098 12794 21:0 10099
10098 12639 21:0 10099
10098 12626 21:0 10099
10098 12926 21:0 10101
10098 11216 1:0 10122
10098 11171 1:0 10122
10100 12959 21:0 10101
10100 12761 21:0 10103
10102 9971 1:0 10102
10102 12893 21:0 10103
10102 12728 21:0 10104
10103 11578 1:0 10103
10103 12860 21:0 10104
10103 12992 21:0 10105
10104 13157 21:0 10105
10104 13091 21:0 10106
10105 13058 21:0 10109
10108 12695 21:0 10109
10108 12662 21:0 10110
10109 13190 21:0 10110
10109 351 21:0 10112
10113 338 21:0 10127
10118 351 1:0 10119
10120 11568 1:0 10122
10123 11549 1:0 10205
10126 13105 21:0 10207
10132 11563 1:0 10132
10132 11566 1:0 10132
10158 11559 1:0 10158
10185 11558 1:0 10185
10206 13073 21:0 10210
10206 11548 1:0 10212
10209 11149 1:0 10216
10209 11195 1:0 10216
10209 13106 21:0 10218
10217 11546 1:0 10217
10217 11547 1:0 10223
10217 13136 21:0 10227
10220 10057 1:0 10225
10220 11348 1:0 10225
10220 10055 1:0 10225
10220 10046 1:0 10225
10220 10060 1:0 10225
10223 10025 1:0 10223
10226 13138 21:0 10230
10226 11517 1:0 10253
10229 11222 1:0 10253
10229 11236 1:0 10253
10229 13137 21:0 10309
10239 11539 1:0 10239
10251 11535 1:0 10253
10254 11515 1:0 10336
10289 11526 1:0 10289
10308 13139 21:0 10338
10316 11525 1:0 10316
10337 11516 1:0 10344
10337 13169 21:0 10349
10340 11176 1:0 10347
10340 11301 1:0 10347
10343 10078 1:0 10343
10348 11513 1:0 10348
10348 13171 21:0 10352
10348 11514 1:0 10354
10351 10117 1:0 10356
10351 10112 1:0 10356
10351 11327 1:0 10356
10351 10114 1:0 10356
10351 10103 1:0 10356
10351 13203 21:0 10361
10357 11484 1:0 10384
10360 11235 1:0 10384
10360 11189 1:0 10384
10360 13204 21:0 10389
10365 11512 1:0 10365
10382 11502 1:0 10384
10385 11501 1:0 10385
10385 11482 1:0 10467
10388 12627 21:0 10424
10394 11497 1:0 10394
10394 11500 1:0 10394
10423 12653 21:0 10440
10439 13075 21:0 10445
10444 12925 21:0 10469
10468 151 21:0 10469
10468 313 21:0 10469
10468 97 21:0 10469
10468 10057 21:0 10469
10468 43 21:0 10469
10468 10114 21:0 10469
10468 295 21:0 10469
10468 279 21:0 10469
10468 45 21:0 10469
10468 10055 21:0 10469
10468 12987 21:0 10469
10468 315 21:0 10469
10468 27 21:0 10469
10468 63 21:0 10469
10468 297 21:0 10469
10468 25 21:0 10469
10468 117 21:0 10469
10468 99 21:0 10469
10468 10000 21:0 10472
10468 11483 1:0 10475
10471 277 21:0 10472
10471 351 21:0 10472
10471 135 21:0 10472
10471 10112 21:0 10472
10471 189 21:0 10472
10471 207 21:0 10472
10471 81 21:0 10472
10471 205 21:0 10472
10471 79 21:0 10472
10471 9998 21:0 10472
10471 61 21:0 10472
10471 133 21:0 10472
10471 115 21:0 10472
10471 11321 1:0 10478
10471 11303 1:0 10478
10479 11480 1:0 10479
10479 11481 1:0 10485
10481 269 1:0 10481
10482 277 1:0 10487
10482 10112 1:0 10487
10482 11097 1:0 10487
10482 10171 1:0 10487
10482 10169 1:0 10487
10482 189 1:0 10487
10482 135 1:0 10487
10482 10174 1:0 10487
10482 10160 1:0 10487
10488 11451 1:0 10515
10490 265 1:0 10490
10491 11204 1:0 10515
10491 11308 1:0 10515
10496 11479 1:0 10496
10511 351 1:0 10512
10513 11469 1:0 10515
10516 11468 1:0 10516
10516 11450 1:0 10598
10520 263 21:0 10555
10525 11467 1:0 10525
10525 11464 1:0 10525
10554 10160 21:0 10561
10560 10169 21:0 10561
10560 261 21:0 10564
10563 351 21:0 10564
10568 10171 21:0 10571
10570 259 21:0 10571
10574 257 21:0 10600
10599 10174 21:0 10600
10599 11449 1:0 10605
10602 11387 1:0 10609
10602 11328 1:0 10609
10605 10192 1:0 10605
10610 11448 1:0 10616
10612 251 1:0 10612
10613 10226 1:0 10618
10613 10231 1:0 10618
10613 10228 1:0 10618
10613 10217 1:0 10618
10613 79 1:0 10618
10613 205 1:0 10618
10613 11413 1:0 10618
10613 81 1:0 10618
10613 207 1:0 10618
10616 10196 1:0 10616
10619 11418 1:0 10646
10621 247 1:0 10621
10622 11407 1:0 10646
10622 11400 1:0 10646
10626 10199 1:0 10626
10627 11446 1:0 10627
10632 11440 1:0 10632
10642 351 1:0 10643
10644 11436 1:0 10646
10647 11435 1:0 10647
10647 11417 1:0 10729
10651 245 21:0 10686
10656 11434 1:0 10656
10656 11433 1:0 10656
10682 11427 1:0 10682
10685 10217 21:0 10692
10691 10226 21:0 10692
10691 243 21:0 10695
10694 351 21:0 10695
10695 241 21:0 10702
10701 10228 21:0 10702
10705 239 21:0 10731
10709 11426 1:0 10709
10714 11420 1:0 10714
10730 10231 21:0 10731
10730 11416 1:0 10736
10732 231 1:0 10732
10733 11401 1:0 10740
10733 11367 1:0 10740
10741 11415 1:0 10747
10743 233 1:0 10743
10744 9998 1:0 10749
10744 10288 1:0 10749
10744 10274 1:0 10749
10744 133 1:0 10749
10744 11374 1:0 10749
10744 10285 1:0 10749
10744 115 1:0 10749
10744 10283 1:0 10749
10744 61 1:0 10749
10750 11385 1:0 10777
10752 229 1:0 10752
10753 11369 1:0 10777
10753 11361 1:0 10777
10773 351 1:0 10774
10775 11403 1:0 10777
10778 11402 1:0 10778
10778 11384 1:0 10860
10785 10274 21:0 10817
10787 11398 1:0 10787
10816 227 21:0 10823
10822 10283 21:0 10823
10822 225 21:0 10826
10825 351 21:0 10826
10826 223 21:0 10833
10832 10285 21:0 10833
10836 221 21:0 10862
10840 11393 1:0 10840
10861 10288 21:0 10862
10861 11383 1:0 10867
10864 11365 1:0 10871
10864 11380 1:0 10871
10872 11381 1:0 10872
10872 11382 1:0 10878
10875 10345 1:0 10880
10875 99 1:0 10880
10875 11354 1:0 10880
10875 10342 1:0 10880
10875 10000 1:0 10880
10875 10340 1:0 10880
10875 97 1:0 10880
10875 151 1:0 10880
10875 10331 1:0 10880
10878 10310 1:0 10878
10881 11352 1:0 10908
10883 211 1:0 10883
10884 11360 1:0 10908
10884 11368 1:0 10908
10888 10313 1:0 10888
10904 351 1:0 10905
10906 11370 1:0 10908
10909 11351 1:0 10991
10913 209 21:0 10948
10947 10331 21:0 10954
10953 10340 21:0 10954
10953 207 21:0 10957
10956 351 21:0 10957
10957 205 21:0 10964
10963 10342 21:0 10964
10992 11350 1:0 10998
10994 195 1:0 10994
10995 11299 1:0 11002
10995 11209 1:0 11002
11003 11349 1:0 11009
11005 197 1:0 11005
11006 297 1:0 11011
11006 10402 1:0 11011
11006 10399 1:0 11011
11006 10397 1:0 11011
11006 10057 1:0 11011
11006 11233 1:0 11011
11006 10388 1:0 11011
11006 117 1:0 11011
11006 25 1:0 11011
11012 11319 1:0 11039
11014 193 1:0 11014
11015 11072 1:0 11039
11015 11068 1:0 11039
11020 11347 1:0 11020
11025 11341 1:0 11025
11035 351 1:0 11036
11037 11337 1:0 11039
11040 11336 1:0 11040
11040 11317 1:0 11122
11049 11332 1:0 11049
11066 351 21:0 11076
11082 10397 21:0 11085
11084 189 21:0 11085
11092 10399 21:0 11095
11094 187 21:0 11095
11123 11318 1:0 11130
11125 177 1:0 11125
11126 11110 1:0 11133
11126 11262 1:0 11133
11134 11316 1:0 11140
11136 179 1:0 11136
11137 10445 1:0 11142
11137 43 1:0 11142
11137 315 1:0 11142
11137 10459 1:0 11142
11137 63 1:0 11142
11137 27 1:0 11142
11137 11215 1:0 11142
11137 10456 1:0 11142
11137 10454 1:0 11142
11143 11286 1:0 11170
11145 175 1:0 11145
11146 11182 1:0 11170
11146 11156 1:0 11170
11150 10427 1:0 11150
11166 351 1:0 11167
11168 11304 1:0 11170
11171 11285 1:0 11253
11180 11302 1:0 11180
11197 351 21:0 11207
11206 11295 1:0 11206
11210 171 21:0 11216
11215 10454 21:0 11216
11223 10456 21:0 11226
11225 169 21:0 11226
11233 11294 1:0 11233
11238 11288 1:0 11238
11254 11284 1:0 11260
11257 11163 1:0 11264
11257 11242 1:0 11264
11265 11282 1:0 11265
11265 11283 1:0 11271
11268 313 1:0 11273
11268 279 1:0 11273
11268 10511 1:0 11273
11268 11162 1:0 11273
11268 10513 1:0 11273
11268 10114 1:0 11273
11268 295 1:0 11273
11268 10516 1:0 11273
11268 10502 1:0 11273
11271 10481 1:0 11271
11274 11253 1:0 11301
11277 11071 1:0 11301
11277 339 1:0 11301
11281 10484 1:0 11281
11297 351 1:0 11298
11299 11271 1:0 11301
11302 11252 1:0 11384
11311 11269 1:0 11311
11311 11266 1:0 11311
11328 351 21:0 11338
11344 10511 21:0 11347
11346 153 21:0 11347
11364 11261 1:0 11364
11369 11255 1:0 11369
11385 11251 1:0 11391
11387 141 1:0 11387
11388 11103 1:0 11395
11388 11138 1:0 11395
11396 11249 1:0 11396
11396 11250 1:0 11402
11398 143 1:0 11398
11399 45 1:0 11404
11399 153 1:0 11404
11399 10511 1:0 11404
11399 169 1:0 11404
11399 10573 1:0 11404
11399 11136 1:0 11404
11399 10568 1:0 11404
11399 10570 1:0 11404
11399 10559 1:0 11404
11402 10538 1:0 11402
11405 11220 1:0 11432
11407 139 1:0 11407
11408 11129 1:0 11432
11408 11117 1:0 11432
11412 10541 1:0 11412
11413 11248 1:0 11413
11428 351 1:0 11429
11430 11238 1:0 11432
11433 11237 1:0 11433
11433 11219 1:0 11515
11459 351 21:0 11469
11468 11229 1:0 11468
11495 11228 1:0 11495
11516 11218 1:0 11522
11518 123 1:0 11518
11519 11130 1:0 11526
11519 11057 1:0 11526
11522 10591 1:0 11522
11527 11217 1:0 11533
11529 125 1:0 11529
11530 10454 1:0 11535
11530 10616 1:0 11535
11530 10627 1:0 11535
11530 187 1:0 11535
11530 171 1:0 11535
11530 11134 1:0 11535
11530 10456 1:0 11535
11530 10625 1:0 11535
11530 10630 1:0 11535
11536 11187 1:0 11563
11539 11084 1:0 11563
11539 11104 1:0 11563
11559 351 1:0 11560
11561 11205 1:0 11563
11564 11185 1:0 11646
11590 351 21:0 11600
11647 11186 1:0 11654
11650 11077 1:0 11657
11650 11096 1:0 11657
11658 11183 1:0 11658
11658 11184 1:0 11664
11660 107 1:0 11660
11661 10687 1:0 11666
11661 10673 1:0 11666
11661 10684 1:0 11666
11661 11123 1:0 11666
11661 10682 1:0 11666
11661 10331 1:0 11666
11664 10652 1:0 11664
11667 11154 1:0 11694
11669 103 1:0 11669
11670 11024 1:0 11694
11670 11116 1:0 11694
11690 351 1:0 11691
11692 11172 1:0 11694
11695 11152 1:0 11777
11704 11169 1:0 11704
11721 351 21:0 11731
11778 11153 1:0 11785
11780 87 1:0 11780
11781 11090 1:0 11788
11781 11101 1:0 11788
11789 11151 1:0 11795
11791 89 1:0 11791
11792 209 1:0 11797
11792 11070 1:0 11797
11792 10739 1:0 11797
11792 10730 1:0 11797
11792 10744 1:0 11797
11792 10741 1:0 11797
11798 11121 1:0 11825
11800 85 1:0 11800
11801 11037 1:0 11825
11801 11105 1:0 11825
11805 10712 1:0 11805
11811 11143 1:0 11811
11821 351 1:0 11822
11823 11139 1:0 11825
11826 11120 1:0 11908
11852 351 21:0 11862
11909 11119 1:0 11915
11911 69 1:0 11911
11912 11083 1:0 11919
11912 11044 1:0 11919
11915 10762 1:0 11915
11920 11118 1:0 11926
11922 71 1:0 11922
11923 10787 1:0 11928
11923 10801 1:0 11928
11923 10796 1:0 11928
11923 11063 1:0 11928
11923 10288 1:0 11928
11923 10798 1:0 11928
11929 11088 1:0 11956
11931 67 1:0 11931
11932 11039 1:0 11956
11932 11030 1:0 11956
11952 351 1:0 11953
11954 11106 1:0 11956
11957 11086 1:0 12039
11983 351 21:0 11993
12040 11087 1:0 12047
12042 51 1:0 12042
12043 11050 1:0 12050
12043 11038 1:0 12050
12051 11085 1:0 12057
12053 53 1:0 12053
12054 10912 1:0 12059
12054 10858 1:0 12059
12054 10844 1:0 12059
12054 10853 1:0 12059
12054 10855 1:0 12059
12054 10910 1:0 12059
12054 10969 1:0 12059
12054 10967 1:0 12059
12054 11064 1:0 12059
12060 11055 1:0 12087
12062 49 1:0 12062
12063 11051 1:0 12087
12063 11031 1:0 12087
12083 351 1:0 12084
12085 11073 1:0 12087
12088 11054 1:0 12170
12114 351 21:0 12124
12171 11053 1:0 12177
12174 11018 1:0 12181
12174 11011 1:0 12181
12182 11052 1:0 12188
12185 11017 1:0 12190
12185 10901 1:0 12190
12185 10915 1:0 12190
12185 7 1:0 12190
12185 9 1:0 12190
12185 6151 1:0 12190
12188 10880 1:0 12188
12191 11022 1:0 12218
12194 11002 1:0 12218
12194 10991 1:0 12218
12214 351 1:0 12215
12216 11040 1:0 12218
12219 11021 1:0 12301
12245 351 21:0 12255
12302 11020 1:0 12308
12305 11006 1:0 12312
12305 11005 1:0 12312
12313 11019 1:0 12319
12315 17 1:0 12315
12316 5 1:0 12321
12316 10972 1:0 12321
12316 11004 1:0 12321
12316 10990 1:0 12321
12316 10958 1:0 12321
12319 10937 1:0 12319
12322 13204 1:0 12349
12324 13 1:0 12324
12325 10998 1:0 12349
12325 10997 1:0 12349
12345 351 1:0 12346
12347 11007 1:0 12349
12350 13203 1:0 12434
12357 10958 21:0 12389
12388 11 21:0 12395
12394 9 21:0 12395
12394 10967 21:0 12398
12397 351 21:0 12398
12402 10969 21:0 12405
12404 7 21:0 12405
12428 10055 1:0 12434
12433 10990 21:0 12436
12435 13205 1:0 12435
12435 10972 21:0 12436
12435 5 21:0 12436
12435 13171 1:0 12445
12438 12987 1:0 12445
12438 12925 1:0 12445
12443 351 1:0 12445
12446 13169 1:0 12454
12449 13075 1:0 12454
12449 6144 1:0 12454
12449 6150 1:0 12454
12449 6149 1:0 12454
12449 6145 1:0 12454
12449 6148 1:0 12454
12452 13190 1:0 12454
12453 13202 1:0 12453
12455 13139 1:0 12482
12458 12653 1:0 12482
12458 6450 1:0 12482
12473 339 21:0 12487
12476 6146 1:0 12482
12483 13137 1:0 12655
12509 351 21:0 12519
12561 6147 1:0 12576
12563 6293 1:0 12609
12563 6292 1:0 12655
12582 6147 21:0 12607
12612 6153 21:0 12657
12635 13138 1:0 12666
12656 13172 1:0 12656
12656 6155 21:0 12657
12656 6157 21:0 12657
12656 6154 21:0 12660
12658 6451 1:0 12666
12658 6448 1:0 12666
12659 6156 21:0 12660
12659 6152 21:0 12660
12659 6146 21:0 12660
12659 6148 21:0 12660
12659 6149 21:0 12664
12663 13170 1:0 12663
12663 6144 21:0 12668
12665 351 1:0 12700
12665 13157 1:0 12703
12665 13124 1:0 12924
12665 13091 1:0 13148
12665 6296 1:0 12675
12665 6291 1:0 12675
12665 6294 1:0 12675
12665 6298 1:0 12675
12665 6297 1:0 12675
12665 6295 1:0 12806
12666 13136 1:0 12675
12666 6446 1:0 12675
12666 6447 1:0 12703
12666 6449 1:0 12703
12667 6145 21:0 12668
12667 313 21:0 12668
12667 321 21:0 12668
12667 315 21:0 12668
12667 311 21:0 12668
12667 6151 21:0 12668
12667 6150 21:0 12668
12669 311 1:0 1340
12669 313 1:0 1344
12669 315 1:0 1348
12669 321 1:0 1402
12675 13106 1:0 12703
12675 13073 1:0 12876
12681 13058 1:0 13366
12681 6440 1:0 12830
12681 6444 1:0 12876
12681 6442 1:0 12896
12681 6439 1:0 12896
12681 6441 1:0 12896
12681 6443 1:0 13028
12684 13167 1:0 12684
12686 13105 1:0 12887
12701 6594 1:0 12887
12702 6595 1:0 12887
12755 13103 1:0 12896
12763 6445 1:0 12896
12768 6597 1:0 12896
12783 10399 1:0 13051
12783 221 1:0 13097
12783 189 1:0 13117
12783 6438 1:0 12896
12816 6295 21:0 12830
12833 6300 21:0 12878
12834 13104 1:0 12924
12844 6593 1:0 12924
12877 6299 21:0 12878
12877 6302 21:0 12878
12877 6304 21:0 12881
12880 6301 21:0 12881
12880 6303 21:0 12881
12880 6298 21:0 12886
12885 6297 21:0 12889
12886 12627 1:0 13108
12886 10174 1:0 13117
12886 6596 1:0 12924
12886 6598 1:0 13108
12887 13070 1:0 13097
12887 13071 1:0 13108
12888 6292 21:0 12889
12888 6296 21:0 12889
12888 6291 21:0 12889
12888 6293 21:0 12889
12888 6294 21:0 12889
12896 12626 1:0 13117
12896 10342 1:0 13117
12896 10160 1:0 13117
12896 257 1:0 13117
12896 13072 1:0 13117
12896 207 1:0 13120
12896 205 1:0 13120
12896 263 1:0 13120
12896 10285 1:0 13138
12896 223 1:0 13145
12896 261 1:0 13148
12896 259 1:0 13148
12896 10171 1:0 13148
12896 6585 1:0 13120
12896 6890 1:0 13120
12896 6592 1:0 13120
12896 6591 1:0 13148
12902 12639 1:0 13120
12902 6891 1:0 13148
12902 6889 1:0 13148
12904 6888 1:0 13148
12907 10169 1:0 13186
12907 225 1:0 13272
12907 227 1:0 13318
12907 10228 1:0 13321
12907 10283 1:0 13321
12907 6586 1:0 13148
12907 6587 1:0 13189
12907 6590 1:0 13189
12907 6589 1:0 13202
12907 6588 1:0 13202
12922 6892 1:0 13189
12923 6743 1:0 13202
12935 10231 1:0 13321
12935 10274 1:0 13321
12935 239 1:0 13321
12935 13025 1:0 13587
12935 6742 1:0 13318
12976 6745 1:0 13321
12976 6740 1:0 13321
12984 241 1:0 13329
12984 10226 1:0 13332
12984 243 1:0 13332
12989 6741 1:0 13329
13004 6887 1:0 13329
13005 6744 1:0 13329
13005 7035 1:0 13332
13006 245 1:0 13332
13006 10217 1:0 13332
13006 6739 1:0 13332
13034 6443 21:0 13050
13049 6442 21:0 13056
13055 6441 21:0 13063
13055 7772 1:0 13332
13057 6735 1:0 13338
13064 6449 21:0 13099
13064 6736 1:0 13338
13065 7036 1:0 13338
13098 6446 21:0 13099
13098 6447 21:0 13099
13098 6451 21:0 13102
13101 6448 21:0 13102
13101 6450 21:0 13102
13101 6439 21:0 13110
13107 6738 1:0 13338
13107 6734 1:0 13338
13107 6732 1:0 13338
13107 6733 1:0 13338
13107 7920 1:0 13338
13107 7184 1:0 13366
13107 7770 1:0 13366
13107 6737 1:0 13470
13107 6883 1:0 13493
13107 6882 1:0 13559
13108 13040 1:0 13366
13108 6879 1:0 13539
13108 7037 1:0 13550
13108 7186 1:0 13550
13108 6886 1:0 13559
13108 6880 1:0 13559
13108 6881 1:0 13559
13109 13102 1:0 13109
13109 6440 21:0 13110
13109 6445 21:0 13110
13109 6438 21:0 13110
13109 6444 21:0 13110
13111 6885 1:0 13559
13117 13039 1:0 13539
13117 13038 1:0 13546
13125 13037 1:0 13557
13126 13101 1:0 13126
13128 7034 1:0 13559
13143 7181 1:0 13587
13144 12992 1:0 13780
13146 13090 1:0 13146
13155 13086 1:0 13155
13155 13088 1:0 13155
13181 13082 1:0 13181
13197 13007 1:0 13587
13205 7038 1:0 13587
13208 13081 1:0 13208
13210 10340 1:0 13714
13210 6884 1:0 13691
13210 7026 1:0 13760
13210 7027 1:0 13780
13227 13005 1:0 13760
13268 6591 21:0 13294
13276 7479 1:0 13771
13286 7030 1:0 13780
13286 7031 1:0 13780
13286 7028 1:0 13808
13286 7029 1:0 13902
13295 6598 21:0 13320
13319 6596 21:0 13320
13319 6593 21:0 13323
13322 6594 21:0 13323
13322 6597 21:0 13323
13322 6595 21:0 13327
13326 6586 21:0 13331
13328 13006 1:0 13768
13328 7039 1:0 13771
13329 13004 1:0 13778
13329 10397 1:0 13935
13329 12959 1:0 14001
13329 7032 1:0 13780
13329 7033 1:0 13780
13329 7183 1:0 13780
13329 7182 1:0 13808
13329 7173 1:0 13981
13329 7178 1:0 14001
13329 7177 1:0 14001
13330 6585 21:0 13331
13330 6589 21:0 13331
13330 6588 21:0 13331
13330 6592 21:0 13331
13330 6590 21:0 13331
13330 6587 21:0 13331
13338 12974 1:0 13808
13338 7185 1:0 13808
13344 12973 1:0 13981
13349 12972 1:0 13988
13364 7480 1:0 13992
13365 7475 1:0 13992
13367 13057 1:0 13367
13376 13055 1:0 13376
13376 13053 1:0 13376
13376 13056 1:0 13376
13377 7176 1:0 14029
13402 13049 1:0 13402
13426 12971 1:0 13999
13429 13048 1:0 13429
13431 7180 1:0 14001
13431 7179 1:0 14001
13431 7174 1:0 14001
13431 7175 1:0 14122
13431 7322 1:0 14156
13434 13042 1:0 13434
13446 7478 1:0 14001
13489 6738 21:0 13515
13507 12941 1:0 14029
13519 6744 21:0 13541
13540 6741 21:0 13541
13540 6745 21:0 13544
13543 6742 21:0 13544
13543 6740 21:0 13544
13543 6743 21:0 13549
13548 6733 21:0 13552
13549 12926 1:0 14250
13549 12893 1:0 14471
13549 7476 1:0 14029
13549 7328 1:0 14029
13549 7326 1:0 14202
13549 7329 1:0 14213
13549 7327 1:0 14222
13549 7323 1:0 14222
13549 7325 1:0 14222
13549 7320 1:0 14222
13549 7324 1:0 14353
13550 12940 1:0 14202
13550 12939 1:0 14209
13551 13036 1:0 13551
13551 6739 21:0 13552
13551 6737 21:0 13552
13551 6732 21:0 13552
13551 6736 21:0 13552
13551 6734 21:0 13552
13551 6735 21:0 13552
13559 12938 1:0 14220
13559 7332 1:0 14213
13559 7321 1:0 14222
13559 7333 1:0 14222
13559 7469 1:0 14377
13559 7467 1:0 14423
13559 7468 1:0 14443
13559 7471 1:0 14443
13559 7472 1:0 14443
13565 12908 1:0 14250
13567 7330 1:0 14250
13568 13035 1:0 13568
13570 7331 1:0 14250
13588 13024 1:0 13588
13597 13020 1:0 13597
13597 13022 1:0 13597
13597 13023 1:0 13597
13598 12907 1:0 14423
13623 13016 1:0 13623
13639 7470 1:0 14565
13650 13015 1:0 13650
13655 13009 1:0 13655
13667 12906 1:0 14430
13668 7477 1:0 14434
13668 7769 1:0 14434
13669 7474 1:0 14443
13669 7473 1:0 14443
13669 7617 1:0 14598
13669 7616 1:0 14664
13697 6884 21:0 13713
13712 6882 21:0 13719
13718 8063 1:0 14443
13720 6887 21:0 13762
13728 8064 1:0 14471
13761 6888 21:0 13762
13761 6892 21:0 13762
13761 6889 21:0 13765
13764 6891 21:0 13765
13764 6890 21:0 13765
13764 6880 21:0 13770
13769 6886 21:0 13773
13770 12905 1:0 14441
13771 12875 1:0 14471
13771 7626 1:0 14471
13771 7620 1:0 14644
13771 7625 1:0 14655
13771 7622 1:0 14655
13772 13003 1:0 13772
13772 6881 21:0 13773
13772 6885 21:0 13773
13772 6883 21:0 13773
13772 6879 21:0 13773
13780 12874 1:0 14644
13780 12873 1:0 14651
13788 12872 1:0 14662
13789 13002 1:0 13789
13791 7624 1:0 14664
13794 12996 1:0 13794
13806 7615 1:0 14664
13806 7621 1:0 14664
13806 7614 1:0 14664
13806 7618 1:0 14664
13807 7623 1:0 14692
13809 12991 1:0 13809
13818 12990 1:0 13818
13818 12989 1:0 13818
13844 12983 1:0 13844
13860 12840 1:0 14692
13868 12860 1:0 14692
13868 12827 1:0 14913
13868 12794 1:0 15134
13868 12761 1:0 15355
13868 12728 1:0 15576
13868 12695 1:0 15797
13868 12662 1:0 16018
13868 12629 1:0 16242
13868 7619 1:0 14796
13868 7765 1:0 14819
13871 12982 1:0 13871
13873 7627 1:0 14692
13888 7768 1:0 14865
13888 7762 1:0 14885
13898 7027 21:0 13950
13939 12842 1:0 14865
13949 7029 21:0 13957
13949 7761 1:0 14885
13949 7767 1:0 14885
13958 7039 21:0 13983
13982 7038 21:0 13983
13982 7034 21:0 13986
13985 7036 21:0 13986
13985 7037 21:0 13986
13985 7035 21:0 13990
13989 7033 21:0 13994
13991 12841 1:0 14873
13991 7773 1:0 14876
13992 12839 1:0 14883
13992 7919 1:0 14876
13992 8362 1:0 14885
13992 7763 1:0 14885
13992 7764 1:0 14885
13992 7766 1:0 15017
13992 7910 1:0 15040
13992 7908 1:0 15086
13992 7911 1:0 15106
13992 7914 1:0 15106
13992 7912 1:0 15106
13992 7913 1:0 15238
13993 12970 1:0 13993
13993 7028 21:0 13994
13993 7031 21:0 13994
13993 7026 21:0 13994
13993 7030 21:0 13994
13993 7032 21:0 13994
14001 12808 1:0 14913
14001 7774 1:0 14913
14001 7771 1:0 14913
14007 12809 1:0 15086
14010 12969 1:0 14010
14015 12963 1:0 14015
14027 12807 1:0 15093
14028 7918 1:0 15097
14030 12958 1:0 14030
14039 12956 1:0 14039
14039 12954 1:0 14039
14039 12957 1:0 14039
14040 8212 1:0 15097
14065 12950 1:0 14065
14092 12949 1:0 14092
14094 12806 1:0 15104
14097 12943 1:0 14097
14109 7917 1:0 15106
14110 7915 1:0 15106
14110 7909 1:0 15106
14110 7921 1:0 15134
14110 8060 1:0 15261
14110 8058 1:0 15327
14111 7916 1:0 15134
14149 7180 21:0 14176
14160 8062 1:0 15307
14170 8066 1:0 15318
14182 7185 21:0 14204
14203 7182 21:0 14204
14203 7183 21:0 14207
14206 7186 21:0 14207
14206 7181 21:0 14207
14206 7184 21:0 14212
14211 7179 21:0 14215
14212 12776 1:0 15134
14213 12775 1:0 15307
14213 12774 1:0 15314
14214 12937 1:0 14214
14214 7176 21:0 14215
14214 7175 21:0 14215
14214 7177 21:0 14215
14214 7174 21:0 14215
14214 7178 21:0 14215
14214 7173 21:0 14215
14222 12773 1:0 15325
14222 8213 1:0 15318
14222 8061 1:0 15327
14222 8056 1:0 15327
14222 8055 1:0 15327
14222 8067 1:0 15327
14222 8057 1:0 15327
14222 8059 1:0 15458
14222 8207 1:0 15482
14228 12743 1:0 15355
14230 8068 1:0 15355
14231 12936 1:0 14231
14233 8065 1:0 15355
14260 12923 1:0 14260
14260 12921 1:0 14260
14260 12924 1:0 14260
14261 12742 1:0 15528
14286 12917 1:0 14286
14302 8208 1:0 15528
14302 8506 1:0 15539
14302 8203 1:0 15548
14302 8205 1:0 15548
14302 8204 1:0 15548
14302 8206 1:0 15679
14313 12916 1:0 14313
14318 12910 1:0 14318
14331 12741 1:0 15535
14332 8215 1:0 15539
14340 7321 21:0 14392
14381 8210 1:0 15548
14391 8202 1:0 15548
14391 8209 1:0 15548
14391 8352 1:0 15703
14391 8349 1:0 15749
14391 8351 1:0 15769
14391 8353 1:0 15769
14391 8354 1:0 15901
14393 7330 21:0 14425
14393 8356 1:0 15769
14424 7331 21:0 14425
14424 7333 21:0 14425
14424 7332 21:0 14428
14427 7329 21:0 14428
14427 7328 21:0 14428
14427 7327 21:0 14436
14433 12740 1:0 15546
14434 12709 1:0 15576
14434 8214 1:0 15576
14434 8211 1:0 15576
14434 8361 1:0 15760
14435 12904 1:0 14435
14435 7320 21:0 14436
14435 7324 21:0 14436
14435 7326 21:0 14436
14435 7325 21:0 14436
14435 7323 21:0 14436
14435 7322 21:0 14436
14443 12710 1:0 15749
14443 12708 1:0 15756
14449 8359 1:0 15760
14454 12707 1:0 15767
14457 12897 1:0 14457
14469 8355 1:0 15769
14469 8350 1:0 15769
14469 8501 1:0 15924
14469 8498 1:0 15990
14470 8358 1:0 15769
14472 12892 1:0 14472
14481 12888 1:0 14481
14481 12891 1:0 14481
14507 12884 1:0 14507
14523 12677 1:0 15797
14534 12883 1:0 14534
14536 8357 1:0 15797
14539 12877 1:0 14539
14551 8360 1:0 15797
14561 7468 21:0 14613
14602 12676 1:0 15970
14612 8496 1:0 15970
14614 7477 21:0 14646
14614 8505 1:0 15981
14645 7478 21:0 14646
14645 7476 21:0 14646
14645 7475 21:0 14649
14648 7480 21:0 14649
14648 7479 21:0 14649
14648 7473 21:0 14657
14654 12675 1:0 15977
14655 12674 1:0 15988
14655 10990 1:0 16214
14655 8508 1:0 15981
14655 8499 1:0 15990
14655 8507 1:0 15990
14655 8502 1:0 15990
14655 8497 1:0 15990
14655 8503 1:0 15990
14655 8500 1:0 16121
14656 12871 1:0 14656
14656 7471 21:0 14657
14656 7469 21:0 14657
14656 7474 21:0 14657
14656 7470 21:0 14657
14656 7467 21:0 14657
14656 7472 21:0 14657
14664 12644 1:0 16018
14664 8504 1:0 16018
14664 8509 1:0 16018
14670 12642 1:0 16191
14673 12870 1:0 14673
14678 12864 1:0 14678
14690 12643 1:0 16199
14691 12624 1:0 16202
14693 12859 1:0 14693
14702 12855 1:0 14702
14702 12857 1:0 14702
14702 12858 1:0 14702
14703 12613 1:0 16202
14755 12850 1:0 14755
14757 12641 1:0 16209
14760 12844 1:0 14760
14772 12628 1:0 16211
14773 5 1:0 16211
14773 10972 1:0 16211
14773 11 1:0 16211
14773 10958 1:0 16214
14773 7 1:0 16232
14773 10969 1:0 16239
14773 8649 1:0 16214
14773 8643 1:0 16214
14774 12619 1:0 16214
14812 7621 21:0 14839
14823 12620 1:0 16214
14833 8650 1:0 16242
14842 7627 21:0 14867
14866 7623 21:0 14867
14866 7624 21:0 14870
14869 7622 21:0 14870
14869 7625 21:0 14870
14869 7626 21:0 14874
14873 7615 21:0 14878
14875 3 1:0 16242
14875 9 1:0 16242
14875 10967 1:0 16280
14875 8743 1:0 16382
14875 8644 1:0 16242
14875 8653 1:0 16242
14875 8651 1:0 16242
14875 8656 1:0 16242
14875 8654 1:0 16283
14875 8645 1:0 16283
14875 8648 1:0 16283
14875 8647 1:0 16296
14875 8646 1:0 16296
14876 8652 1:0 16296
14876 8655 1:0 16382
14876 8744 1:0 16423
14877 12838 1:0 14877
14877 7619 21:0 14878
14877 7617 21:0 14878
14877 7614 21:0 14878
14877 7618 21:0 14878
14877 7620 21:0 14878
14877 7616 21:0 14878
14894 12837 1:0 14894
14899 12831 1:0 14899
14923 12825 1:0 14923
14923 12824 1:0 14923
14923 12822 1:0 14923
14949 12818 1:0 14949
14976 12817 1:0 14976
14981 12811 1:0 14981
15003 7762 21:0 15055
15056 7771 21:0 15088
15087 7774 21:0 15088
15087 7773 21:0 15088
15087 7769 21:0 15091
15090 7770 21:0 15091
15090 7772 21:0 15091
15090 7767 21:0 15099
15098 12805 1:0 15098
15098 7761 21:0 15099
15098 7764 21:0 15099
15098 7765 21:0 15099
15098 7763 21:0 15099
15098 7768 21:0 15099
15098 7766 21:0 15099
15115 12804 1:0 15115
15120 12798 1:0 15120
15135 12793 1:0 15135
15144 12792 1:0 15144
15144 12789 1:0 15144
15144 12791 1:0 15144
15170 12785 1:0 15170
15197 12784 1:0 15197
15224 7909 21:0 15276
15275 7913 21:0 15283
15284 7921 21:0 15309
15308 7916 21:0 15309
15308 7917 21:0 15312
15311 7919 21:0 15312
15311 7918 21:0 15312
15311 7920 21:0 15316
15315 7915 21:0 15320
15319 12772 1:0 15319
15319 7910 21:0 15320
15319 7908 21:0 15320
15319 7911 21:0 15320
15319 7912 21:0 15320
15319 7914 21:0 15320
15336 12771 1:0 15336
15341 12765 1:0 15341
15356 12760 1:0 15356
15365 12759 1:0 15365
15365 12758 1:0 15365
15365 12756 1:0 15365
15391 12752 1:0 15391
15418 12751 1:0 15418
15423 12745 1:0 15423
15445 8056 21:0 15497
15498 8065 21:0 15530
15529 8067 21:0 15530
15529 8068 21:0 15530
15529 8066 21:0 15533
15532 8064 21:0 15533
15532 8063 21:0 15533
15532 8061 21:0 15541
15540 12739 1:0 15540
15540 8055 21:0 15541
15540 8059 21:0 15541
15540 8057 21:0 15541
15540 8058 21:0 15541
15540 8060 21:0 15541
15540 8062 21:0 15541
15557 12738 1:0 15557
15562 12732 1:0 15562
15577 12727 1:0 15577
15586 12726 1:0 15586
15586 12723 1:0 15586
15639 12718 1:0 15639
15644 12712 1:0 15644
15669 8202 21:0 15720
15719 8206 21:0 15726
15729 8214 21:0 15751
15750 8211 21:0 15751
15750 8210 21:0 15754
15753 8213 21:0 15754
15753 8215 21:0 15754
15753 8212 21:0 15759
15758 8203 21:0 15762
15761 12706 1:0 15761
15761 8205 21:0 15762
15761 8209 21:0 15762
15761 8204 21:0 15762
15761 8207 21:0 15762
15761 8208 21:0 15762
15778 12705 1:0 15778
15783 12699 1:0 15783
15798 12694 1:0 15798
15807 12690 1:0 15807
15807 12693 1:0 15807
15807 12692 1:0 15807
15833 12686 1:0 15833
15860 12685 1:0 15860
15865 12679 1:0 15865
15907 8354 21:0 15923
15922 8353 21:0 15929
15930 8357 21:0 15972
15971 8360 21:0 15972
15971 8358 21:0 15972
15971 8361 21:0 15975
15974 8359 21:0 15975
15974 8362 21:0 15975
15974 8350 21:0 15983
15982 12673 1:0 15982
15982 8352 21:0 15983
15982 8351 21:0 15983
15982 8356 21:0 15983
15982 8349 21:0 15983
15982 8355 21:0 15983
15999 12672 1:0 15999
16004 12666 1:0 16004
16019 12661 1:0 16019
16028 12657 1:0 16028
16028 12660 1:0 16028
16081 12652 1:0 16081
16086 12646 1:0 16086
16118 8499 21:0 16143
16142 8498 21:0 16150
16151 8504 21:0 16193
16192 8509 21:0 16193
16192 8507 21:0 16193
16192 8505 21:0 16196
16195 8508 21:0 16196
16195 8506 21:0 16196
16195 8497 21:0 16204
16203 12640 1:0 16203
16203 8500 21:0 16204
16203 8501 21:0 16204
16203 8502 21:0 16204
16203 8503 21:0 16204
16203 8496 21:0 16204
16225 12633 1:0 16225
16359 8650 21:0 16386
16392 8655 21:0 56
