90 13812 21:0 95
94 13723 21:0 139
138 13719 21:0 139
138 13718 21:0 144
143 13711 21:0 144
143 13813 21:0 144
143 13710 21:0 144
143 13720 21:0 149
148 13721 21:0 156
155 305 21:0 167
1309 14393 21:0 1319
3286 298 21:0 3304
3430 15389 21:0 3438
3511 15424 21:0 3528
3582 15455 21:0 3590
3589 15456 21:0 3640
3639 15458 21:0 3656
3663 15490 21:0 3680
3734 15521 21:0 3742
3742 15524 21:0 3808
3894 15590 21:0 3960
3959 15588 21:0 3965
3964 15620 21:0 3970
4119 15688 21:0 4136
4274 15755 21:0 4340
4339 15753 21:0 4345
4347 15787 21:0 4364
4363 15788 21:0 4416
4563 15788 1:0 4815
4564 15787 1:0 4823
4573 15755 1:0 4946
4573 15753 1:0 4953
4579 15688 1:0 5216
4599 15620 1:0 5488
4612 15590 1:0 5601
4694 15588 1:0 5608
4695 15524 1:0 5863
4704 15521 1:0 5881
4704 15490 1:0 6002
4712 15458 1:0 6125
4730 15456 1:0 6132
4825 15455 1:0 6143
4826 15424 1:0 6264
4826 15389 1:0 6405
4835 300 1:0 6647
6645 299 21:0 6663
6713 16827 21:0 6721
6789 16860 21:0 6797
6946 16927 21:0 6963
6962 16926 21:0 7015
7014 16929 21:0 7020
7022 16960 21:0 7039
7101 16995 21:0 7167
7166 16993 21:0 7172
7177 17028 21:0 7243
7250 17059 21:0 7267
7266 17058 21:0 7319
7473 17157 21:0 7481
7480 17159 21:0 7531
7557 17193 21:0 7623
7622 17191 21:0 7628
7777 17289 21:0 7785
7922 17289 1:0 8061
7923 17193 1:0 8436
7932 17191 1:0 8443
7932 17159 1:0 8575
7940 17157 1:0 8585
7958 17059 1:0 8967
8053 17058 1:0 8978
8054 17028 1:0 9091
8054 16995 1:0 9222
8063 16993 1:0 9229
8063 16960 1:0 9360
8071 16929 1:0 9484
8090 16927 1:0 9491
8102 301 1:0 10006
8184 16926 1:0 9502
8185 16860 1:0 9764
8194 16827 1:0 9895
10004 300 21:0 10022
10077 18300 21:0 10094
10148 18331 21:0 10156
10156 18334 21:0 10222
10229 18365 21:0 10246
10305 18398 21:0 10322
10321 18397 21:0 10374
10376 18430 21:0 10384
10457 18464 21:0 10474
10609 18530 21:0 10626
10685 18564 21:0 10702
10837 18629 21:0 10854
10908 18661 21:0 10916
10915 18662 21:0 10966
10984 18694 21:0 10992
10991 18695 21:0 11042
11141 18761 21:0 11158
11212 18793 21:0 11220
11281 18793 1:0 11289
11282 18761 1:0 11409
11282 18695 1:0 11671
11291 18694 1:0 11682
11291 18662 1:0 11802
11299 18661 1:0 11813
11318 18629 1:0 11933
11412 18564 1:0 12196
11413 18530 1:0 12326
11422 18464 1:0 12588
11422 18430 1:0 12730
11428 18398 1:0 12850
11432 18397 1:0 12861
11449 18365 1:0 12981
11461 302 1:0 13365
11543 18334 1:0 13105
11544 18331 1:0 13123
11553 18300 1:0 13244
13363 301 21:0 13381
13439 19772 21:0 13505
13583 19835 21:0 13591
13740 19903 21:0 13757
13756 19902 21:0 13809
13811 19934 21:0 13819
13818 19935 21:0 13869
13887 19967 21:0 13895
13894 19968 21:0 13945
13944 19970 21:0 13961
14044 20035 21:0 14061
14123 20069 21:0 14189
14199 20102 21:0 14265
14272 20133 21:0 14289
14288 20132 21:0 14341
14348 20166 21:0 14365
14364 20168 21:0 14417
14424 20199 21:0 14441
14640 20199 1:0 14899
14641 20168 1:0 15023
14650 20166 1:0 15030
14650 20133 1:0 15161
14656 20132 1:0 15172
14660 20102 1:0 15285
14677 20069 1:0 15416
14771 20035 1:0 15555
14772 19970 1:0 15809
14781 19968 1:0 15816
14781 19967 1:0 15827
14787 19935 1:0 15947
14791 19934 1:0 15958
14792 303 1:0 16724
14820 19902 1:0 16071
14902 19903 1:0 16079
14903 19835 1:0 16351
14912 19772 1:0 16595
16722 302 21:0 16740
16795 21242 21:0 16812
16866 21273 21:0 16874
16942 21306 21:0 16950
17099 21374 21:0 17116
17115 21373 21:0 17168
17170 21405 21:0 17178
17177 21372 21:0 17228
17227 21407 21:0 17244
17322 21471 21:0 17330
17330 21474 21:0 17396
17395 21472 21:0 17401
17403 21506 21:0 17420
17419 21504 21:0 17472
17479 21538 21:0 17496
17550 21570 21:0 17558
17631 21604 21:0 17648
17854 21702 21:0 17862
17999 21702 1:0 18138
18000 21604 1:0 18520
18009 21570 1:0 18662
18009 21538 1:0 18782
18015 21506 1:0 18914
18019 21504 1:0 18924
18048 21474 1:0 19037
18130 21472 1:0 19044
18131 21471 1:0 19055
18140 21407 1:0 19307
18140 21405 1:0 19317
18146 21373 1:0 19430
18151 21374 1:0 19438
18179 21372 1:0 19448
18220 304 1:0 20083
18261 21306 1:0 19710
18262 21273 1:0 19841
18271 21242 1:0 19962
20081 303 21:0 20099
20154 22712 21:0 20171
20170 22711 21:0 20223
20222 22713 21:0 20228
20227 22714 21:0 20247
20309 22780 21:0 20375
20534 22877 21:0 20551
20610 22910 21:0 20627
20626 22911 21:0 20679
20838 23010 21:0 20855
20909 23041 21:0 20917
20985 23074 21:0 20993
20993 23077 21:0 21059
21058 23076 21:0 21064
21142 23142 21:0 21159
21158 23143 21:0 21211
21218 23175 21:0 21235
21234 23173 21:0 21287
21358 23175 1:0 21487
21359 23173 1:0 21497
21368 23143 1:0 21610
21368 23142 1:0 21618
21374 23077 1:0 21872
21379 23076 1:0 21880
21407 23074 1:0 21890
21489 23041 1:0 22021
21490 23010 1:0 22142
21499 22911 1:0 22527
21499 22910 1:0 22534
21505 22877 1:0 22665
21525 22780 1:0 23051
21538 22714 1:0 23233
21620 22713 1:0 23313
21621 22712 1:0 23320
21621 305 1:0 23442
21630 22711 1:0 23331
21630 11653 1:0 25070
23440 304 21:0 23458
23589 24217 21:0 23606
23817 24316 21:0 23834
23833 24315 21:0 23886
23888 24347 21:0 23896
23895 24348 21:0 23946
23945 24350 21:0 23962
23969 24381 21:0 23986
24040 24413 21:0 24048
24048 24416 21:0 24114
24113 24414 21:0 24119
24118 24415 21:0 24124
24197 24480 21:0 24214
24349 24546 21:0 24366
24425 24579 21:0 24442
24441 24580 21:0 24494
24504 24614 21:0 24570
24569 24613 21:0 24575
24727 299 1:0 3288
24727 11515 1:0 24737
24728 11514 1:0 24740
24728 11513 1:0 24750
24728 11516 1:0 24778
24737 24614 1:0 24949
24737 11518 1:0 24822
24737 11517 1:0 24908
24743 11661 1:0 24952
24745 11662 1:0 24958
24748 11664 1:0 24961
24764 11665 1:0 24971
24776 11663 1:0 24999
24817 11660 1:0 25043
24846 24613 1:0 25162
24896 24580 1:0 25173
24906 11807 1:0 25179
24916 11808 1:0 25182
24918 11517 21:0 24940
24939 11518 21:0 24943
24942 11516 21:0 24943
24942 11513 21:0 24951
24948 11809 1:0 25192
24948 11810 1:0 25220
24949 11812 1:0 25264
24949 11811 1:0 25350
24949 11958 1:0 25400
24950 11514 21:0 24954
24953 11515 21:0 24954
24955 24579 1:0 25387
24958 11957 1:0 25403
24958 11954 1:0 25413
24958 11955 1:0 25441
24958 11956 1:0 25485
24964 11959 1:0 25572
24969 24546 1:0 25608
24984 12102 1:0 25621
24997 12106 1:0 25624
25038 12103 1:0 25652
25051 12105 1:0 25652
25066 12101 1:0 25703
25067 12104 1:0 25783
25068 12241 1:0 25855
25076 11653 21:0 25122
25117 12394 1:0 26076
25121 11660 21:0 25161
25127 24350 1:0 25825
25137 12249 1:0 25842
25160 11663 21:0 25164
25163 11665 21:0 25164
25163 11664 21:0 25172
25169 24480 1:0 25836
25170 12248 1:0 25845
25170 12250 1:0 25855
25170 12252 1:0 25883
25171 11662 21:0 25175
25173 12387 1:0 26076
25173 12540 1:0 26287
25174 11661 21:0 25175
25176 12251 1:0 25927
25176 12253 1:0 26014
25179 24415 1:0 26057
25179 12397 1:0 26063
25179 12396 1:0 26066
25185 12400 1:0 26076
25187 12395 1:0 26104
25190 12398 1:0 26148
25206 12399 1:0 26234
25259 24416 1:0 26278
25272 12546 1:0 26284
25288 12543 1:0 26287
25289 12544 1:0 26315
25338 12545 1:0 26315
25348 12547 1:0 26366
25358 12542 1:0 26435
25360 11811 21:0 25382
25381 11812 21:0 25385
25384 11810 21:0 25385
25384 11809 21:0 25393
25390 24414 1:0 26492
25391 24413 1:0 26499
25391 12691 1:0 26505
25392 11808 21:0 25396
25394 12688 1:0 26508
25395 11807 21:0 25396
25397 12692 1:0 26508
25397 12690 1:0 26536
25400 12694 1:0 26536
25400 12693 1:0 26587
25400 12689 1:0 26656
25406 24381 1:0 26713
25411 24348 1:0 26720
25427 12837 1:0 26726
25439 12836 1:0 26729
25480 12841 1:0 26757
25493 12839 1:0 26757
25509 12840 1:0 26808
25510 12838 1:0 26887
25569 24315 1:0 26930
25578 11959 21:0 25603
25579 12988 1:0 26947
25602 11956 21:0 25606
25605 11955 21:0 25606
25605 11954 21:0 25614
25611 24347 1:0 26941
25612 12984 1:0 26950
25612 12985 1:0 26960
25612 12982 1:0 26960
25612 12981 1:0 26960
25613 11957 21:0 25617
25615 12986 1:0 26988
25616 11958 21:0 25617
25618 12983 1:0 27032
25618 12987 1:0 27118
25621 24316 1:0 27156
25621 13135 1:0 27168
25621 13122 1:0 27168
25621 13123 1:0 27171
25627 13131 1:0 27171
25629 13133 1:0 27199
25632 13134 1:0 27199
25647 13132 1:0 27250
25660 13130 1:0 27319
25701 13279 1:0 27389
25714 13277 1:0 27392
25729 13282 1:0 27402
25730 13276 1:0 27402
25731 13280 1:0 27430
25780 13278 1:0 27474
25789 12104 21:0 25824
25790 13281 1:0 27560
25800 13428 1:0 27604
25823 12101 21:0 25827
25826 12105 21:0 25827
25826 12103 21:0 25835
25832 13424 1:0 27610
25832 13422 1:0 27613
25832 13417 1:0 27613
25832 13416 1:0 27613
25832 13423 1:0 27613
25833 13429 1:0 27641
25833 13427 1:0 27641
25833 13425 1:0 27692
25834 12106 21:0 25838
25836 13570 1:0 27859
25837 12102 21:0 25838
25839 13426 1:0 27771
25839 13576 1:0 27825
25842 24217 1:0 27819
25842 13575 1:0 27831
25842 13574 1:0 27834
25848 14393 1:0 28052
25848 13563 1:0 27862
25848 13571 1:0 27862
25852 13573 1:0 27913
25853 13813 1:0 28055
25868 13572 1:0 27983
25869 298 1:0 28046
25881 13721 1:0 28052
25922 13720 1:0 28055
25930 13710 1:0 28055
25950 13718 1:0 28065
25951 13716 1:0 28065
25951 13711 1:0 28065
25952 13719 1:0 28093
25960 12241 21:0 26006
26001 13723 1:0 28137
26003 13812 1:0 28264
26011 13722 1:0 28223
26020 12253 21:0 26045
26044 12251 21:0 26048
26047 12252 21:0 26048
26047 12250 21:0 26056
26055 12248 21:0 26059
26058 12249 21:0 26059
26211 12394 21:0 26236
26244 12399 21:0 26266
26265 12398 21:0 26269
26268 12395 21:0 26269
26268 12400 21:0 26277
26276 12396 21:0 26280
26279 12397 21:0 26280
26279 12387 21:0 26286
26445 12542 21:0 26487
26486 12547 21:0 26490
26489 12544 21:0 26490
26489 12545 21:0 26498
26497 12543 21:0 26501
26500 12546 21:0 26501
26500 12540 21:0 26501
26666 12689 21:0 26708
26707 12693 21:0 26711
26710 12694 21:0 26711
26710 12690 21:0 26719
26718 12692 21:0 26722
26721 12688 21:0 26722
26721 12691 21:0 26722
26897 12838 21:0 26929
26928 12840 21:0 26932
26931 12841 21:0 26932
26931 12839 21:0 26940
26939 12836 21:0 26943
26942 12837 21:0 26943
27098 12981 21:0 27122
27128 12987 21:0 27150
27149 12983 21:0 27153
27152 12986 21:0 27153
27152 12985 21:0 27161
27160 12982 21:0 27161
27160 12984 21:0 27164
27163 12988 21:0 27170
27329 13130 21:0 27371
27370 13132 21:0 27374
27373 13134 21:0 27374
27373 13133 21:0 27382
27381 13131 21:0 27385
27384 13123 21:0 27385
27384 13122 21:0 27385
27384 13135 21:0 27391
27537 13276 21:0 27562
27570 13281 21:0 27592
27591 13278 21:0 27595
27594 13280 21:0 27595
27594 13282 21:0 27603
27602 13277 21:0 27606
27605 13279 21:0 27606
27728 13417 21:0 27774
27781 13426 21:0 27813
27812 13425 21:0 27816
27815 13429 21:0 27816
27815 13427 21:0 27824
27823 13422 21:0 27824
27823 13423 21:0 27824
27823 13424 21:0 27827
27826 13428 21:0 27833
27832 13416 21:0 27833
27989 13572 21:0 28034
28033 13573 21:0 28037
28036 13563 21:0 28037
28036 13571 21:0 28037
28036 13574 21:0 28045
28044 13575 21:0 28048
28047 13570 21:0 28048
28047 13576 21:0 28054
28203 13716 21:0 28227
28233 13722 21:0 91
