0 13844 21:0 129
128 13754 0:0 151
128 13750 0:0 151
128 13752 0:0 151
129 13751 0:0 151
129 13753 0:0 151
1373 14457 21:0 1383
3350 298 21:0 3390
18063 304 1:0 20147
18063 11550 1:0 24973
20213 22775 21:0 20221
20218 22776 0:0 20221
20221 22778 21:0 20287
20222 22776 1:0 23384
20288 22778 1:0 23377
20598 22942 21:0 20656
20657 22942 1:0 22730
20750 23008 21:0 20808
20807 23009 0:0 20819
20809 23008 1:0 22468
20820 23009 1:0 22460
21049 23138 0:0 21052
21053 23138 1:0 21954
21054 23140 21:0 21112
21113 23140 1:0 21944
21130 23172 21:0 21188
21189 23172 1:0 21812
21206 23205 21:0 21264
21265 23205 1:0 21681
21422 22775 1:0 23395
21423 11546 1:0 24887
21423 11695 1:0 25142
21423 11691 1:0 25164
23504 304 21:0 23544
23732 24315 21:0 23798
24408 24609 21:0 24416
24791 11684 1:0 25133
24791 11840 1:0 25395
24792 11844 1:0 25330
24792 11842 1:0 25330
24792 11841 1:0 25330
24801 11839 1:0 25330
24801 11984 1:0 25605
24801 11985 1:0 25606
24801 11986 1:0 25615
24801 11987 1:0 25616
24807 11988 1:0 25625
24807 11990 1:0 25635
24811 11991 1:0 25636
24840 24609 1:0 25683
24881 12134 1:0 25802
24889 12133 1:0 25802
24909 12136 1:0 25802
24910 12135 1:0 25802
24910 12132 1:0 25827
24911 12125 1:0 25796
24960 12126 1:0 25797
24960 12131 1:0 25802
24960 12279 1:0 26048
24970 12137 1:0 25856
24979 11550 21:0 25004
25002 11546 0:0 25004
25012 12138 1:0 25857
25012 12280 1:0 26057
25013 12272 1:0 26017
25013 12273 1:0 26018
25013 12281 1:0 26058
25013 12282 1:0 26067
25022 12278 1:0 26047
25022 12283 1:0 26068
25022 12284 1:0 26077
25022 12419 1:0 26238
25022 12426 1:0 26269
25022 12427 1:0 26278
25028 12420 1:0 26239
25028 12425 1:0 26268
25028 12428 1:0 26279
25032 12429 1:0 26288
25048 12430 1:0 26289
25061 12431 1:0 26298
25102 12432 1:0 26299
25110 12576 1:0 26433
25115 12567 1:0 26460
25131 12574 1:0 26499
25131 12575 1:0 26500
25132 12566 1:0 26459
25141 12572 1:0 26489
25143 11684 0:0 25169
25170 11691 21:0 25217
25181 12577 1:0 26510
25191 12573 1:0 26490
25216 11695 0:0 25225
25233 12578 1:0 26519
25233 12579 1:0 26520
25234 12723 1:0 26654
25234 12714 1:0 26681
25234 12721 1:0 26720
25243 12713 1:0 26680
25243 12719 1:0 26710
25243 12720 1:0 26711
25243 12724 1:0 26731
25243 12726 1:0 26741
25243 12873 1:0 26907
25243 12867 1:0 26932
25249 12872 1:0 26907
25251 12869 1:0 26907
25254 12868 1:0 26907
25270 12870 1:0 26907
25282 12860 1:0 26901
25282 12871 1:0 26907
25323 12861 1:0 26902
25323 12866 1:0 26907
25336 13020 1:0 27096
25351 13007 1:0 27122
25351 13008 1:0 27123
25352 13013 1:0 27152
25352 13015 1:0 27162
25353 13014 1:0 27153
25401 11840 21:0 25446
25402 13016 1:0 27163
25412 13017 1:0 27172
25422 13018 1:0 27173
25444 11839 0:0 25446
25444 11841 0:0 25446
25445 11842 0:0 25446
25445 11844 0:0 25446
25447 13166 1:0 27317
25447 13154 1:0 27343
25447 13155 1:0 27344
25447 13160 1:0 27373
25454 13162 1:0 27383
25454 13163 1:0 27384
25455 13161 1:0 27374
25455 13164 1:0 27393
25455 13165 1:0 27394
25455 13301 1:0 27564
25464 24315 1:0 27484
25464 13311 1:0 27538
25464 13309 1:0 27604
25470 13302 1:0 27565
25470 13310 1:0 27605
25474 13312 1:0 27615
25475 13307 1:0 27594
25475 13308 1:0 27595
25490 13455 1:0 27816
25491 13313 1:0 27624
25503 13314 1:0 27625
25544 13456 1:0 27825
25552 13448 1:0 27785
25572 13457 1:0 27826
25573 13449 1:0 27786
25573 13459 1:0 27836
25574 13454 1:0 27815
25615 11984 21:0 25667
25623 13460 1:0 27845
25633 13461 1:0 27846
25643 13605 1:0 27980
25665 11990 0:0 25667
25666 11988 0:0 25667
25666 11987 0:0 25667
25666 11991 0:0 25667
25666 11985 0:0 25667
25666 11986 0:0 25667
25668 13595 1:0 28006
25668 13596 1:0 28007
25668 13603 1:0 28046
25668 13604 1:0 28047
25675 13601 1:0 28036
25675 13602 1:0 28037
25675 13607 1:0 28066
25675 13743 1:0 28228
25676 298 1:0 28201
25676 13608 1:0 28067
25676 13750 1:0 28223
25685 14457 1:0 28289
25685 13844 1:0 28328
25685 13754 1:0 28223
25685 13752 1:0 28223
25685 13742 1:0 28227
25685 13748 1:0 28257
25685 13751 1:0 28268
25691 13749 1:0 28258
25691 13753 1:0 28278
25803 12126 0:0 25828
25833 12132 21:0 25880
25879 12138 0:0 25888
25879 12133 0:0 25888
25879 12136 0:0 25888
25880 12125 0:0 25888
25880 12131 0:0 25888
25887 12137 0:0 25888
25887 12134 0:0 25888
25887 12135 0:0 25888
26054 12279 21:0 26101
26100 12283 0:0 26109
26101 12278 0:0 26109
26101 12273 0:0 26109
26101 12272 0:0 26109
26101 12282 0:0 26109
26108 12281 0:0 26109
26108 12284 0:0 26109
26108 12280 0:0 26109
26275 12426 21:0 26322
26321 12425 0:0 26330
26321 12419 0:0 26330
26321 12431 0:0 26330
26321 12420 0:0 26330
26322 12429 0:0 26330
26329 12432 0:0 26330
26329 12428 0:0 26330
26329 12430 0:0 26330
26329 12427 0:0 26330
26466 12567 21:0 26523
26522 12576 21:0 26551
26522 12575 0:0 26551
26549 12574 0:0 26551
26549 12572 0:0 26551
26550 12578 0:0 26551
26550 12566 0:0 26551
26550 12573 0:0 26551
26550 12577 0:0 26551
26550 12579 0:0 26551
26687 12714 21:0 26744
26743 12720 0:0 26753
26743 12723 21:0 26772
26744 12719 0:0 26759
26744 12713 0:0 26759
26771 12726 0:0 26772
26771 12724 0:0 26772
26771 12721 0:0 26772
26908 12861 0:0 26932
26911 12860 0:0 26937
26938 12867 21:0 26985
26984 12871 0:0 26993
26984 12873 0:0 26993
26985 12868 0:0 26993
26985 12866 0:0 26993
26992 12870 0:0 26993
26992 12872 0:0 26993
26992 12869 0:0 26993
27132 13007 21:0 27188
27187 13008 0:0 27202
27187 13014 0:0 27202
27187 13016 0:0 27214
27188 13013 0:0 27205
27193 13020 21:0 27214
27213 13018 0:0 27214
27213 13015 0:0 27214
27213 13017 0:0 27214
27353 13154 21:0 27409
27408 13161 0:0 27422
27408 13155 0:0 27422
27409 13160 0:0 27426
27413 13166 21:0 27435
27433 13163 0:0 27435
27434 13164 0:0 27435
27434 13165 0:0 27435
27434 13162 0:0 27435
27574 13301 21:0 27630
27629 13308 0:0 27643
27629 13311 21:0 27656
27630 13302 0:0 27647
27630 13307 0:0 27647
27655 13313 0:0 27656
27655 13310 0:0 27656
27655 13312 0:0 27656
27655 13309 0:0 27656
27655 13314 0:0 27656
27822 13455 21:0 27869
27868 13457 0:0 27877
27869 13461 0:0 27877
27869 13449 0:0 27877
27869 13448 0:0 27877
27869 13454 0:0 27877
27876 13456 0:0 27877
27876 13459 0:0 27877
27876 13460 0:0 27877
28013 13596 21:0 28070
28069 13602 0:0 28079
28069 13605 21:0 28098
28070 13601 0:0 28085
28070 13595 0:0 28085
28097 13604 0:0 28098
28097 13607 0:0 28098
28097 13603 0:0 28098
28097 13608 0:0 28098
28234 13743 21:0 28291
28290 13742 0:0 28300
28290 13749 0:0 28300
28291 13748 0:0 28306
