158 25063 0:0 160
158 25064 0:0 160
158 25065 0:0 160
158 25067 0:0 160
159 25062 0:0 160
159 25068 0:0 160
159 25055 0:0 160
159 25056 0:0 160
159 25061 0:0 160
219 25263 21:0 236
236 25265 0:0 274
374 25331 21:0 440
447 25363 21:0 464
518 25394 21:0 526
675 25462 0:0 678
678 25463 21:0 744
827 25527 21:0 844
906 25562 21:0 972
1050 25625 0:0 1053
1055 25627 21:0 1072
1126 25658 21:0 1134
1207 25693 21:0 1224
1431 25791 21:0 1439
1436 25793 0:0 1439
1436 25792 0:0 1439
1439 25794 21:0 1505
1507 25824 21:0 1515
1512 25825 0:0 1515
1512 25826 0:0 1515
1515 25827 21:0 1581
1583 25857 0:0 1586
1588 25858 21:0 1605
1590 25859 0:0 1591
1605 25860 0:0 1641
1659 25890 21:0 1667
1666 25891 0:0 1667
1666 25892 21:0 1717
1717 25893 0:0 1733
1735 25923 0:0 1738
1740 25924 21:0 1757
1742 25925 0:0 1743
1757 25926 0:0 1793
1811 25956 21:0 1819
1818 25957 0:0 1819
1818 25958 21:0 1869
1869 25959 0:0 1885
1887 25989 21:0 1895
1894 25991 0:0 1895
1894 25990 21:0 1945
1945 25992 0:0 1961
1963 26022 21:0 1971
1970 26024 0:0 1971
1970 26023 21:0 2021
2021 26025 0:0 2037
2039 26055 21:0 2047
2046 26056 0:0 2047
2046 26057 21:0 2097
2097 26058 0:0 2113
2115 26088 21:0 2123
2122 26090 0:0 2123
2122 26089 21:0 2173
2173 26091 0:0 2189
2191 26121 21:0 2199
2198 26122 0:0 2199
2198 26123 21:0 2249
2249 26124 0:0 2265
2267 26154 21:0 2275
2274 26155 0:0 2275
2274 26156 21:0 2325
2325 26157 0:0 2341
2343 26187 21:0 2351
2350 26189 0:0 2351
2350 26188 21:0 2401
2401 26190 0:0 2417
2419 26220 21:0 2427
2426 26222 0:0 2427
2426 26221 21:0 2477
2477 26223 0:0 2493
2495 26253 21:0 2503
2502 26254 0:0 2503
2502 26255 21:0 2553
2592 25693 1:0 2834
2593 25658 1:0 2965
2601 25627 1:0 3078
2601 25625 1:0 3087
2618 312 21:0 2632
2625 25562 1:0 3315
2714 25527 1:0 3443
2715 25463 1:0 3681
2723 25462 1:0 3688
2723 25394 1:0 3941
2733 25363 1:0 4054
2747 313 1:0 5751
2836 25331 1:0 4169
2837 25265 1:0 4413
2845 25263 1:0 4419
2851 26255 1:0 5892
2869 26254 1:0 5891
2958 26253 1:0 5902
4601 27233 0:0 4604
4606 27234 21:0 4623
4608 27235 0:0 4609
4623 27236 0:0 4659
4677 27266 21:0 4685
4684 27268 0:0 4685
4684 27267 21:0 4735
4735 27269 0:0 4751
4753 27299 21:0 4761
4760 27300 0:0 4761
4760 27301 21:0 4811
4811 27302 0:0 4827
4829 27332 21:0 4837
4836 27333 0:0 4837
4836 27334 21:0 4887
4887 27335 0:0 4903
4905 27365 21:0 4913
4912 27366 0:0 4913
4912 27367 21:0 4963
4963 27368 0:0 4979
4981 27398 21:0 4989
4988 27399 0:0 4989
4988 27400 21:0 5039
5039 27401 0:0 5055
5057 27431 21:0 5065
5064 27432 0:0 5065
5064 27433 21:0 5115
5115 27434 0:0 5131
5133 27464 21:0 5141
5140 27465 0:0 5141
5140 27466 21:0 5191
5191 27467 0:0 5207
5209 27497 21:0 5217
5216 27499 21:0 5267
5267 27500 0:0 5283
5290 27531 0:0 5293
5293 27533 21:0 5359
5361 27563 21:0 5369
5368 27565 21:0 5419
5437 27596 21:0 5445
5513 27629 21:0 5521
5594 27664 21:0 5611
5596 27663 0:0 5597
5665 27695 0:0 5668
5670 27696 21:0 5687
5763 26223 1:0 6015
5764 26221 1:0 6022
5773 26222 1:0 6023
5773 26220 1:0 6033
5781 26190 1:0 6146
5792 313 21:0 5806
5800 26188 1:0 6153
5894 26189 1:0 6154
5895 26187 1:0 6164
5895 26157 1:0 6277
5904 26155 1:0 6284
5904 26156 1:0 6285
5912 26154 1:0 6295
5931 26124 1:0 6408
6025 26123 1:0 6416
6026 26122 1:0 6415
6035 26121 1:0 6426
6035 26091 1:0 6539
6041 26089 1:0 6546
6045 26090 1:0 6547
6062 26088 1:0 6557
6156 26058 1:0 6670
6157 26057 1:0 6678
6166 26056 1:0 6677
6166 26055 1:0 6688
6172 26025 1:0 6801
6176 26023 1:0 6808
6205 26024 1:0 6809
6287 26022 1:0 6819
6288 25992 1:0 6932
6297 25990 1:0 6939
6297 25991 1:0 6940
6303 25989 1:0 6950
6308 25959 1:0 7063
6336 25958 1:0 7071
6418 25957 1:0 7070
6419 25956 1:0 7081
6428 25926 1:0 7194
6428 25924 1:0 7201
6434 25925 1:0 7202
6439 25923 1:0 7212
6467 25893 1:0 7325
6549 25892 1:0 7333
6550 25891 1:0 7332
6559 25890 1:0 7343
6559 25860 1:0 7456
6565 25858 1:0 7463
6585 25859 1:0 7464
6598 25857 1:0 7474
6680 25827 1:0 7587
6681 25825 1:0 7594
6690 25826 1:0 7595
6690 25824 1:0 7605
6698 25794 1:0 7718
6716 25792 1:0 7725
6717 314 1:0 9066
6811 25793 1:0 7726
6812 25791 1:0 7736
7916 28675 0:0 7919
7921 28677 21:0 7938
7923 28676 0:0 7924
7938 28678 0:0 7974
7992 28708 21:0 8000
7999 28709 0:0 8000
7999 28710 21:0 8050
8050 28711 0:0 8066
8068 28741 21:0 8076
8075 28743 0:0 8076
8075 28742 21:0 8126
8126 28744 0:0 8142
8144 28774 21:0 8152
8151 28775 0:0 8152
8151 28776 21:0 8202
8202 28777 0:0 8218
8220 28807 21:0 8228
8227 28808 0:0 8228
8227 28809 0:0 8228
8228 28810 21:0 8294
8296 28840 21:0 8304
8303 28841 0:0 8304
8303 28842 21:0 8354
8354 28843 0:0 8370
8372 28873 21:0 8380
8379 28874 0:0 8380
8379 28875 21:0 8430
8430 28876 0:0 8446
8448 28906 21:0 8456
8455 28908 0:0 8456
8455 28907 21:0 8506
8506 28909 0:0 8522
8524 28939 21:0 8532
8529 28940 0:0 8532
8531 28941 0:0 8532
8532 28942 21:0 8598
8600 28972 21:0 8608
8607 28973 0:0 8608
8607 28974 0:0 8608
8608 28975 21:0 8674
8676 29005 21:0 8684
8683 29007 0:0 8684
8683 29006 21:0 8734
8734 29008 0:0 8750
8752 29038 0:0 8755
8757 29039 21:0 8774
8759 29040 0:0 8760
8774 29041 0:0 8810
8828 29071 21:0 8836
8835 29073 0:0 8836
8835 29072 0:0 8836
8836 29074 21:0 8902
8904 29104 0:0 8907
8909 29105 21:0 8926
8911 29106 0:0 8912
8926 29107 0:0 8962
9078 27696 1:0 9206
9079 27695 1:0 9217
9088 27663 1:0 9337
9088 27664 1:0 9338
9096 27629 1:0 9479
9107 314 21:0 9121
9115 27596 1:0 9610
9209 27565 1:0 9731
9210 27563 1:0 9741
9210 27533 1:0 9854
9219 27531 1:0 9861
9219 27500 1:0 9985
9227 27499 1:0 9993
9246 27497 1:0 10003
9340 27467 1:0 10116
9341 27466 1:0 10124
9350 27465 1:0 10123
9350 27464 1:0 10134
9356 27434 1:0 10247
9360 27433 1:0 10255
9377 27432 1:0 10254
9471 27431 1:0 10265
9472 27401 1:0 10378
9481 27399 1:0 10385
9481 27400 1:0 10386
9487 27398 1:0 10396
9491 27368 1:0 10509
9520 27367 1:0 10517
9602 27366 1:0 10516
9603 27365 1:0 10527
9612 27335 1:0 10640
9612 27334 1:0 10648
9618 27333 1:0 10647
9623 27332 1:0 10658
9651 27302 1:0 10771
9733 27301 1:0 10779
9734 27300 1:0 10778
9743 27299 1:0 10789
9743 27269 1:0 10902
9749 27267 1:0 10909
9754 27268 1:0 10910
9782 27266 1:0 10920
9864 27236 1:0 11033
9865 27234 1:0 11040
9865 315 1:0 12381
9874 27235 1:0 11041
9874 27233 1:0 11051
9882 29107 1:0 12645
9901 29105 1:0 12652
9995 29106 1:0 12653
11231 30117 21:0 11239
11238 30118 0:0 11239
11238 30119 0:0 11239
11239 30120 21:0 11305
11307 30150 21:0 11315
11314 30152 0:0 11315
11314 30151 21:0 11365
11365 30153 0:0 11381
11383 30183 21:0 11391
11390 30184 0:0 11391
11390 30185 21:0 11441
11441 30186 0:0 11457
11459 30216 21:0 11467
11466 30217 0:0 11467
11466 30218 0:0 11467
11467 30219 21:0 11533
11535 30249 21:0 11543
11542 30251 0:0 11543
11542 30250 21:0 11593
11593 30252 0:0 11609
11611 30282 21:0 11619
11618 30284 0:0 11619
11618 30283 21:0 11669
11669 30285 0:0 11685
11687 30315 21:0 11695
11694 30316 0:0 11695
11694 30317 21:0 11745
11745 30318 0:0 11761
11763 30348 21:0 11771
11770 30350 0:0 11771
11770 30349 21:0 11821
11821 30351 0:0 11837
11839 30381 0:0 11842
11844 30383 21:0 11861
11846 30382 0:0 11847
11861 30384 0:0 11897
11915 30414 0:0 11918
11920 30415 21:0 11937
11922 30416 0:0 11923
11937 30417 0:0 11973
11991 30447 21:0 11999
11999 30450 21:0 12065
12072 30481 0:0 12075
12072 30482 0:0 12075
12075 30483 21:0 12141
12143 30513 21:0 12151
12150 30514 21:0 12201
12224 30547 21:0 12241
12393 29104 1:0 12663
12394 29074 1:0 12776
12403 29072 1:0 12783
12403 29073 1:0 12784
12411 29071 1:0 12794
12422 315 21:0 12436
12430 29041 1:0 12907
12524 29039 1:0 12914
12525 29040 1:0 12915
12525 29038 1:0 12925
12534 29008 1:0 13038
12534 29006 1:0 13045
12542 29007 1:0 13046
12561 29005 1:0 13056
12655 28975 1:0 13169
12656 28974 1:0 13177
12665 28973 1:0 13176
12665 28972 1:0 13187
12671 28942 1:0 13300
12675 28941 1:0 13308
12692 28940 1:0 13307
12786 28939 1:0 13318
12787 28909 1:0 13431
12796 28907 1:0 13438
12796 28908 1:0 13439
12802 28906 1:0 13449
12806 28876 1:0 13562
12835 28875 1:0 13570
12917 28874 1:0 13569
12918 28873 1:0 13580
12927 28843 1:0 13693
12927 28842 1:0 13701
12933 28841 1:0 13700
12938 28840 1:0 13711
12966 28810 1:0 13824
13048 28809 1:0 13832
13049 28808 1:0 13831
13058 28807 1:0 13842
13058 28777 1:0 13955
13064 28776 1:0 13963
13069 28775 1:0 13962
13097 28774 1:0 13973
13179 28744 1:0 14086
13180 28742 1:0 14093
13189 28743 1:0 14094
13189 28741 1:0 14104
13195 28711 1:0 14217
13215 28710 1:0 14225
13228 28709 1:0 14224
13310 28708 1:0 14235
13311 28678 1:0 14348
13320 28676 1:0 14355
13320 28677 1:0 14356
13328 28675 1:0 14366
13330 316 1:0 15696
14546 31559 21:0 14554
14551 31561 0:0 14554
14553 31560 0:0 14554
14554 31562 21:0 14620
14622 31592 21:0 14630
14629 31593 0:0 14630
14629 31594 21:0 14680
14680 31595 0:0 14696
14698 31625 21:0 14706
14705 31627 0:0 14706
14705 31626 21:0 14756
14756 31628 0:0 14772
14774 31658 21:0 14782
14781 31659 0:0 14782
14781 31660 21:0 14832
14832 31661 0:0 14848
14850 31691 21:0 14858
14857 31693 0:0 14858
14857 31692 21:0 14908
14908 31694 0:0 14924
14926 31724 21:0 14934
14933 31726 0:0 14934
14933 31725 21:0 14984
14984 31727 0:0 15000
15002 31757 21:0 15010
15009 31758 0:0 15010
15009 31759 21:0 15060
15060 31760 0:0 15076
15078 31790 21:0 15086
15085 31792 0:0 15086
15085 31791 21:0 15136
15136 31793 0:0 15152
15154 31823 21:0 15162
15161 31824 0:0 15162
15161 31825 0:0 15162
15162 31826 21:0 15228
15230 31856 0:0 15233
15235 31858 21:0 15252
15237 31857 0:0 15238
15252 31859 0:0 15288
15306 31889 0:0 15309
15311 31890 21:0 15328
15313 31891 0:0 15314
15328 31892 0:0 15365
15382 31922 21:0 15390
15389 31923 21:0 15440
15458 31955 0:0 15461
15463 31956 21:0 15480
15465 31957 0:0 15466
15480 31958 0:0 15517
15539 31990 21:0 15556
15541 31989 0:0 15542
15556 31991 0:0 15592
15708 30547 1:0 15967
15709 30514 1:0 16098
15718 30513 1:0 16109
15718 30483 1:0 16222
15726 30481 1:0 16229
15737 316 21:0 15751
15745 30482 1:0 16230
15839 30450 1:0 16353
15840 30447 1:0 16371
15840 30417 1:0 16484
15849 30415 1:0 16491
15849 30416 1:0 16492
15857 30414 1:0 16502
15876 30384 1:0 16615
15970 30383 1:0 16623
15971 30382 1:0 16622
15980 30381 1:0 16633
15980 30351 1:0 16746
15986 30349 1:0 16753
15990 30350 1:0 16754
16007 30348 1:0 16764
16101 30318 1:0 16877
16102 30317 1:0 16885
16111 30316 1:0 16884
16111 30315 1:0 16895
16117 30285 1:0 17008
16121 30283 1:0 17015
16150 30284 1:0 17016
16232 30282 1:0 17026
16233 30252 1:0 17139
16242 30250 1:0 17146
16242 30251 1:0 17147
16248 30249 1:0 17157
16253 30219 1:0 17270
16281 30218 1:0 17278
16363 30217 1:0 17277
16364 30216 1:0 17288
16373 30186 1:0 17401
16373 30185 1:0 17409
16379 30184 1:0 17408
16384 30183 1:0 17419
16412 30153 1:0 17532
16494 30151 1:0 17539
16495 30152 1:0 17540
16504 30150 1:0 17550
16504 30120 1:0 17663
16510 30119 1:0 17671
16530 30118 1:0 17670
16543 30117 1:0 17681
16625 317 1:0 19011
16626 31991 1:0 19275
16635 31989 1:0 19282
16635 31990 1:0 19283
16641 31958 1:0 19406
16645 31956 1:0 19413
16662 31957 1:0 19414
16756 31955 1:0 19424
17861 33001 21:0 17869
17866 33002 0:0 17869
17866 33003 0:0 17869
17869 33004 21:0 17935
17937 33034 21:0 17945
17944 33036 0:0 17945
17944 33035 21:0 17995
17995 33037 0:0 18011
18013 33067 21:0 18021
18020 33069 0:0 18021
18020 33068 21:0 18071
18071 33070 0:0 18087
18089 33100 21:0 18097
18096 33102 0:0 18097
18096 33101 21:0 18147
18147 33103 0:0 18163
18165 33133 21:0 18173
18172 33134 0:0 18173
18172 33135 21:0 18223
18223 33136 0:0 18239
18241 33166 21:0 18249
18248 33168 0:0 18249
18248 33167 21:0 18299
18299 33169 0:0 18315
18317 33199 21:0 18325
18324 33201 0:0 18325
18324 33200 21:0 18375
18375 33202 0:0 18391
18393 33232 21:0 18401
18400 33233 0:0 18401
18400 33234 21:0 18451
18451 33235 0:0 18467
18469 33265 21:0 18477
18476 33266 0:0 18477
18476 33267 21:0 18527
18527 33268 0:0 18543
18545 33298 21:0 18553
18550 33300 0:0 18553
18552 33299 0:0 18553
18553 33301 21:0 18619
18621 33331 0:0 18624
18626 33333 21:0 18643
18628 33332 0:0 18629
18643 33334 0:0 18680
18697 33364 0:0 18700
18702 33366 21:0 18719
18704 33365 0:0 18705
18719 33367 0:0 18757
18773 33397 21:0 18781
18778 33399 0:0 18781
18780 33398 0:0 18781
18781 33400 21:0 18847
18849 33430 21:0 18857
18856 33431 21:0 18907
18907 33433 0:0 18923
19023 31923 1:0 19544
19024 31922 1:0 19555
19033 31892 1:0 19668
19033 31890 1:0 19675
19041 31891 1:0 19676
19052 317 21:0 19066
19060 31889 1:0 19686
19154 31859 1:0 19799
19155 31857 1:0 19806
19155 31858 1:0 19807
19164 31856 1:0 19817
19164 31826 1:0 19930
19172 31824 1:0 19937
19191 31825 1:0 19938
19285 31823 1:0 19948
19286 31793 1:0 20061
19295 31791 1:0 20068
19295 31792 1:0 20069
19301 31790 1:0 20079
19305 31760 1:0 20192
19322 31759 1:0 20200
19416 31758 1:0 20199
19417 31757 1:0 20210
19426 31727 1:0 20323
19426 31725 1:0 20330
19432 31726 1:0 20331
19436 31724 1:0 20341
19465 31694 1:0 20454
19547 31692 1:0 20461
19548 31693 1:0 20462
19557 31691 1:0 20472
19557 31661 1:0 20585
19563 31660 1:0 20593
19568 31659 1:0 20592
19596 31658 1:0 20603
19678 31628 1:0 20716
19679 31626 1:0 20723
19688 31627 1:0 20724
19688 31625 1:0 20734
19694 31595 1:0 20847
19699 31594 1:0 20855
19727 31593 1:0 20854
19809 31592 1:0 20865
19810 31562 1:0 20978
19819 31560 1:0 20985
19819 31561 1:0 20986
19825 31559 1:0 20996
19827 318 1:0 22326
21176 34443 21:0 21184
21181 34445 0:0 21184
21183 34444 0:0 21184
21184 34446 21:0 21250
21252 34476 21:0 21260
21259 34478 0:0 21260
21259 34477 21:0 21310
21310 34479 0:0 21326
21328 34509 21:0 21336
21335 34510 0:0 21336
21335 34511 21:0 21386
21386 34512 0:0 21402
21404 34542 21:0 21412
21411 34543 0:0 21412
21411 34544 21:0 21462
21462 34545 0:0 21478
21480 34575 21:0 21488
21487 34576 0:0 21488
21487 34577 21:0 21538
21538 34578 0:0 21554
21556 34608 21:0 21564
21563 34609 0:0 21564
21563 34610 21:0 21614
21614 34611 0:0 21630
21632 34641 21:0 21640
21639 34643 0:0 21640
21639 34642 21:0 21690
21690 34644 0:0 21706
21708 34674 21:0 21716
21715 34676 0:0 21716
21715 34675 0:0 21716
21716 34677 21:0 21782
21784 34707 0:0 21787
21789 34709 21:0 21806
21791 34708 0:0 21792
21806 34710 0:0 21844
21860 34740 0:0 21863
21865 34742 21:0 21882
21867 34741 0:0 21868
21882 34743 0:0 21919
21941 34775 21:0 21958
21943 34774 0:0 21944
21958 34776 0:0 21994
22012 34806 21:0 22020
22093 34840 21:0 22110
22110 34842 0:0 22148
22338 33433 1:0 22590
22339 33431 1:0 22597
22348 33430 1:0 22608
22348 33400 1:0 22721
22356 33399 1:0 22729
22367 318 21:0 22381
22375 33398 1:0 22728
22469 33397 1:0 22739
22470 33367 1:0 22852
22470 33366 1:0 22860
22479 33365 1:0 22859
22479 33364 1:0 22870
22487 33334 1:0 22983
22506 33333 1:0 22991
22600 33332 1:0 22990
22601 33331 1:0 23001
22610 33301 1:0 23114
22610 33300 1:0 23122
22616 33299 1:0 23121
22620 33298 1:0 23132
22637 33268 1:0 23245
22731 33267 1:0 23253
22732 33266 1:0 23252
22741 33265 1:0 23263
22741 33235 1:0 23376
22747 33234 1:0 23384
22751 33233 1:0 23383
22780 33232 1:0 23394
22862 33202 1:0 23507
22863 33200 1:0 23514
22872 33201 1:0 23515
22872 33199 1:0 23525
22878 33169 1:0 23638
22883 33167 1:0 23645
22911 33168 1:0 23646
22993 33166 1:0 23656
22994 33136 1:0 23769
23003 33134 1:0 23776
23003 33135 1:0 23777
23009 33133 1:0 23787
23014 33103 1:0 23900
23042 33101 1:0 23907
23124 33102 1:0 23908
23125 33100 1:0 23918
23134 33070 1:0 24031
23134 33068 1:0 24038
23140 33069 1:0 24039
23160 33067 1:0 24049
23173 33037 1:0 24162
23255 33035 1:0 24169
23256 33036 1:0 24170
23265 33034 1:0 24180
23265 33004 1:0 24293
23273 33002 1:0 24300
23291 33003 1:0 24301
23292 319 1:0 25641
23386 33001 1:0 24311
23387 34842 1:0 26036
23396 34840 1:0 26043
23396 34806 1:0 26185
24491 35885 21:0 24499
24496 35887 0:0 24499
24496 35886 0:0 24499
24499 35888 21:0 24565
24567 35918 21:0 24575
24574 35919 0:0 24575
24574 35920 21:0 24625
24625 35921 0:0 24641
24643 35951 21:0 24651
24650 35953 0:0 24651
24650 35952 21:0 24701
24701 35954 0:0 24717
24719 35984 21:0 24727
24726 35986 0:0 24727
24726 35985 21:0 24777
24777 35987 0:0 24793
24795 36017 21:0 24803
24802 36019 0:0 24803
24802 36018 21:0 24853
24853 36020 0:0 24869
24871 36050 21:0 24879
24878 36052 0:0 24879
24878 36051 21:0 24929
24929 36053 0:0 24945
24947 36083 21:0 24955
24954 36084 0:0 24955
24954 36085 21:0 25005
25005 36086 0:0 25021
25023 36116 21:0 25031
25030 36118 0:0 25031
25030 36117 0:0 25031
25031 36119 21:0 25097
25099 36149 21:0 25107
25106 36151 0:0 25107
25106 36150 21:0 25157
25157 36152 0:0 25173
25175 36182 21:0 25183
25182 36184 0:0 25183
25182 36183 0:0 25183
25183 36185 21:0 25249
25251 36215 0:0 25254
25256 36217 21:0 25273
25258 36216 0:0 25259
25273 36218 0:0 25310
25327 36248 21:0 25335
25334 36250 0:0 25335
25334 36249 21:0 25385
25385 36251 0:0 25401
25403 36281 21:0 25411
25410 36282 0:0 25411
25410 36283 21:0 25461
25461 36284 0:0 25477
25479 36314 0:0 25482
25484 36315 21:0 25501
25486 36316 0:0 25487
25501 36317 0:0 25538
25555 36347 21:0 25563
25562 36348 21:0 25613
25653 34776 1:0 26298
25654 34775 1:0 26306
25663 34774 1:0 26305
25663 34743 1:0 26429
25671 34742 1:0 26437
25682 319 21:0 25696
25690 34741 1:0 26436
25784 34740 1:0 26447
25785 34710 1:0 26560
25785 34709 1:0 26568
25794 34708 1:0 26567
25794 34707 1:0 26578
25802 34677 1:0 26691
25821 34676 1:0 26699
25915 34675 1:0 26698
25916 34674 1:0 26709
25925 34644 1:0 26822
25925 34642 1:0 26829
25931 34643 1:0 26830
25935 34641 1:0 26840
25952 34611 1:0 26953
26046 34610 1:0 26961
26047 34609 1:0 26960
26056 34608 1:0 26971
26056 34578 1:0 27084
26062 34577 1:0 27092
26066 34576 1:0 27091
26095 34575 1:0 27102
26177 34545 1:0 27215
26178 34544 1:0 27223
26187 34543 1:0 27222
26187 34542 1:0 27233
26193 34512 1:0 27346
26198 34511 1:0 27354
26226 34510 1:0 27353
26308 34509 1:0 27364
26309 34479 1:0 27477
26318 34477 1:0 27484
26318 34478 1:0 27485
26324 34476 1:0 27495
26329 34446 1:0 27608
26357 34445 1:0 27616
26439 34444 1:0 27615
26440 34443 1:0 27626
26440 320 1:0 28956
26449 36348 1:0 29096
27806 37327 21:0 27814
27813 37329 0:0 27814
27813 37328 0:0 27814
27814 37330 21:0 27880
27882 37360 21:0 27890
27889 37361 0:0 27890
27889 37362 21:0 27940
27940 37363 0:0 27956
27958 37393 21:0 27966
27965 37395 0:0 27966
27965 37394 21:0 28016
28016 37396 0:0 28032
28034 37426 21:0 28042
28041 37428 0:0 28042
28042 37429 21:0 28108
28110 37459 21:0 28118
28117 37460 0:0 28118
28117 37461 21:0 28168
28168 37462 0:0 28184
28186 37492 21:0 28194
28193 37493 0:0 28194
28193 37494 21:0 28244
28244 37495 0:0 28260
28262 37525 21:0 28270
28269 37526 0:0 28270
28269 37527 21:0 28320
28320 37528 0:0 28336
28338 37558 21:0 28346
28345 37559 0:0 28346
28345 37560 21:0 28396
28396 37561 0:0 28412
28414 37591 21:0 28422
28421 37593 0:0 28422
28421 37592 0:0 28422
28422 37594 21:0 28488
28490 37624 0:0 28493
28495 37625 21:0 28512
28497 37626 0:0 28498
28512 37627 0:0 28550
28574 37660 21:0 28640
28647 37692 21:0 28664
28718 37723 21:0 28726
28725 37724 21:0 28776
28799 37757 21:0 28816
28968 36347 1:0 29107
28969 36317 1:0 29220
28978 36315 1:0 29227
28978 36316 1:0 29228
28986 36314 1:0 29238
28997 320 21:0 29011
29005 36284 1:0 29351
29099 36283 1:0 29359
29100 36282 1:0 29358
29100 36281 1:0 29369
29109 36251 1:0 29482
29109 36249 1:0 29489
29117 36250 1:0 29490
29136 36248 1:0 29500
29230 36218 1:0 29613
29231 36217 1:0 29621
29240 36216 1:0 29620
29240 36215 1:0 29631
29246 36185 1:0 29744
29250 36184 1:0 29752
29267 36183 1:0 29751
29361 36182 1:0 29762
29362 36152 1:0 29875
29371 36150 1:0 29882
29371 36151 1:0 29883
29377 36149 1:0 29893
29381 36119 1:0 30006
29410 36118 1:0 30014
29492 36117 1:0 30013
29493 36116 1:0 30024
29502 36086 1:0 30137
29502 36085 1:0 30145
29508 36084 1:0 30144
29513 36083 1:0 30155
29541 36053 1:0 30268
29623 36051 1:0 30275
29624 36052 1:0 30276
29633 36050 1:0 30286
29633 36020 1:0 30399
29639 36018 1:0 30406
29644 36019 1:0 30407
29672 36017 1:0 30417
29754 35987 1:0 30530
29755 35985 1:0 30537
29764 35986 1:0 30538
29764 35984 1:0 30548
29770 35954 1:0 30661
29790 35952 1:0 30668
29803 35953 1:0 30669
29885 35951 1:0 30679
29886 35921 1:0 30792
29895 35919 1:0 30799
29895 35920 1:0 30800
29903 35918 1:0 30810
29921 35888 1:0 30923
30016 35886 1:0 30930
30017 35887 1:0 30931
30017 35885 1:0 30941
30026 321 1:0 32271
31121 38769 21:0 31129
31128 38770 0:0 31129
31128 38771 0:0 31129
31129 38772 21:0 31195
31197 38802 21:0 31205
31204 38803 0:0 31205
31204 38804 21:0 31255
31255 38805 0:0 31271
31273 38835 21:0 31281
31280 38837 0:0 31281
31280 38836 21:0 31331
31331 38838 0:0 31347
31349 38868 21:0 31357
31356 38870 0:0 31357
31356 38869 21:0 31407
31407 38871 0:0 31423
31425 38901 21:0 31433
31432 38902 0:0 31433
31432 38903 21:0 31483
31483 38904 0:0 31499
31501 38934 21:0 31509
31508 38936 0:0 31509
31508 38935 21:0 31559
31559 38937 0:0 31575
31577 38967 21:0 31585
31584 38969 0:0 31585
31584 38968 21:0 31635
31635 38970 0:0 31651
31653 39000 21:0 31661
31660 39001 0:0 31661
31660 39002 21:0 31711
31711 39003 0:0 31727
31729 39033 0:0 31732
31734 39035 21:0 31751
31736 39034 0:0 31737
31751 39036 0:0 31788
31805 39066 21:0 31813
31810 39067 0:0 31813
31812 39068 0:0 31813
31813 39069 21:0 31879
31881 39099 21:0 31889
31888 39100 0:0 31889
31888 39101 0:0 31889
31889 39102 21:0 31955
31957 39132 0:0 31960
31962 39133 21:0 31979
31964 39134 0:0 31965
31979 39135 0:0 32016
32033 39165 21:0 32041
32040 39167 0:0 32041
32040 39166 21:0 32091
32091 39168 0:0 32107
32109 39198 21:0 32117
32116 39200 0:0 32117
32116 39199 21:0 32167
32167 39201 0:0 32183
32185 39231 21:0 32193
32283 37757 1:0 32542
32284 37724 1:0 32673
32293 37723 1:0 32684
32293 37692 1:0 32805
32301 37660 1:0 32928
32312 321 21:0 32326
32320 37627 1:0 33059
32414 37625 1:0 33066
32415 37626 1:0 33067
32415 37624 1:0 33077
32424 37594 1:0 33190
32424 37593 1:0 33198
32432 37592 1:0 33197
32451 37591 1:0 33208
32545 37561 1:0 33321
32546 37560 1:0 33329
32555 37559 1:0 33328
32555 37558 1:0 33339
32561 37528 1:0 33452
32565 37527 1:0 33460
32582 37526 1:0 33459
32676 37525 1:0 33470
32677 37495 1:0 33583
32686 37493 1:0 33590
32686 37494 1:0 33591
32692 37492 1:0 33601
32696 37462 1:0 33714
32725 37461 1:0 33722
32807 37460 1:0 33721
32808 37459 1:0 33732
32817 37429 1:0 33845
32817 37428 1:0 33853
32823 37426 1:0 33863
32828 37396 1:0 33976
32856 37394 1:0 33983
32938 37395 1:0 33984
32939 37393 1:0 33994
32948 37363 1:0 34107
32948 37362 1:0 34115
32954 37361 1:0 34114
32959 37360 1:0 34125
32987 37330 1:0 34238
33069 37328 1:0 34245
33070 37329 1:0 34246
33070 322 1:0 35586
33079 37327 1:0 34256
33079 39231 1:0 35737
33087 39201 1:0 35850
33106 39199 1:0 35857
33200 39200 1:0 35858
34436 40211 21:0 34444
34443 40213 0:0 34444
34443 40212 0:0 34444
34444 40214 21:0 34510
34512 40244 21:0 34520
34519 40246 0:0 34520
34519 40245 21:0 34570
34570 40247 0:0 34586
34588 40277 21:0 34596
34595 40279 0:0 34596
34595 40278 0:0 34596
34596 40280 21:0 34662
34664 40310 21:0 34672
34671 40312 0:0 34672
34671 40311 0:0 34672
34672 40313 21:0 34738
34740 40343 21:0 34748
34747 40345 0:0 34748
34747 40344 21:0 34798
34798 40346 0:0 34814
34816 40376 21:0 34824
34823 40377 0:0 34824
34823 40378 21:0 34874
34874 40379 0:0 34890
34892 40409 21:0 34900
34899 40411 0:0 34900
34899 40410 21:0 34950
34950 40412 0:0 34966
34968 40442 21:0 34976
34975 40444 0:0 34976
34975 40443 0:0 34976
34976 40445 21:0 35042
35044 40475 21:0 35052
35049 40477 0:0 35052
35049 40476 0:0 35052
35052 40478 21:0 35118
35120 40508 0:0 35123
35125 40510 21:0 35142
35127 40509 0:0 35128
35201 40543 21:0 35218
35272 40574 0:0 35275
35277 40575 21:0 35294
35279 40576 0:0 35280
35294 40577 0:0 35330
35348 40607 21:0 35356
35355 40608 0:0 35356
35355 40609 21:0 35406
35429 40642 21:0 35446
35598 39198 1:0 35868
35599 39168 1:0 35981
35608 39166 1:0 35988
35608 39167 1:0 35989
35616 39165 1:0 35999
35627 322 21:0 35641
35635 39135 1:0 36112
35729 39133 1:0 36119
35730 39134 1:0 36120
35730 39132 1:0 36130
35739 39102 1:0 36243
35739 39100 1:0 36250
35747 39101 1:0 36251
35766 39099 1:0 36261
35860 39069 1:0 36374
35861 39067 1:0 36381
35870 39068 1:0 36382
35870 39066 1:0 36392
35876 39036 1:0 36505
35880 39035 1:0 36513
35897 39034 1:0 36512
35991 39033 1:0 36523
35992 39003 1:0 36636
36001 39001 1:0 36643
36001 39002 1:0 36644
36007 39000 1:0 36654
36011 38970 1:0 36767
36040 38968 1:0 36774
36122 38969 1:0 36775
36123 38967 1:0 36785
36132 38937 1:0 36898
36132 38935 1:0 36905
36138 38936 1:0 36906
36143 38934 1:0 36916
36171 38904 1:0 37029
36253 38903 1:0 37037
36254 38902 1:0 37036
36263 38901 1:0 37047
36263 38871 1:0 37160
36269 38869 1:0 37167
36274 38870 1:0 37168
36302 38868 1:0 37178
36384 38838 1:0 37291
36385 38836 1:0 37298
36394 38837 1:0 37299
36394 38835 1:0 37309
36400 38805 1:0 37422
36420 38804 1:0 37430
36433 38803 1:0 37429
36515 38802 1:0 37440
36516 38772 1:0 37553
36525 38770 1:0 37560
36525 38771 1:0 37561
36533 38769 1:0 37571
36535 323 1:0 38901
37751 41653 0:0 37754
37756 41654 21:0 37773
37758 41655 0:0 37759
37773 41656 0:0 37809
37827 41686 21:0 37835
37834 41687 0:0 37835
37834 41688 21:0 37885
37885 41689 0:0 37901
37903 41719 21:0 37911
37910 41721 0:0 37911
37910 41720 21:0 37961
37961 41722 0:0 37977
37979 41752 21:0 37987
37986 41753 0:0 37987
37986 41754 21:0 38037
38037 41755 0:0 38053
38055 41785 21:0 38063
38062 41786 0:0 38063
38062 41787 21:0 38113
38113 41788 0:0 38129
38131 41818 21:0 38139
38138 41819 0:0 38139
38138 41820 21:0 38189
38189 41821 0:0 38205
38207 41851 21:0 38215
38214 41852 0:0 38215
38214 41853 21:0 38265
38265 41854 0:0 38281
38283 41884 21:0 38291
38290 41886 0:0 38291
38290 41885 0:0 38291
38291 41887 21:0 38357
38359 41917 21:0 38367
38364 41918 0:0 38367
38366 41919 0:0 38367
38367 41920 21:0 38433
38435 41950 0:0 38438
38440 41951 21:0 38457
38442 41952 0:0 38443
38457 41953 0:0 38493
38511 41983 21:0 38519
38518 41984 0:0 38519
38518 41985 0:0 38519
38519 41986 21:0 38585
38587 42016 21:0 38595
38594 42017 0:0 38595
38594 42018 21:0 38645
38645 42019 0:0 38661
38663 42049 21:0 38671
38670 42051 0:0 38671
38670 42050 21:0 38721
38721 42052 0:0 38737
38739 42082 21:0 38747
38913 40642 1:0 39173
38914 40609 1:0 39304
38923 40608 1:0 39303
38923 40607 1:0 39314
38931 40577 1:0 39427
38942 323 21:0 38956
38950 40575 1:0 39434
39044 40576 1:0 39435
39045 40574 1:0 39445
39045 40543 1:0 39566
39054 40509 1:0 39696
39054 40510 1:0 39697
39062 40508 1:0 39707
39081 40478 1:0 39820
39175 40476 1:0 39827
39176 40477 1:0 39828
39185 40475 1:0 39838
39185 40445 1:0 39951
39191 40444 1:0 39959
39195 40443 1:0 39958
39212 40442 1:0 39969
39306 40412 1:0 40082
39307 40410 1:0 40089
39316 40411 1:0 40090
39316 40409 1:0 40100
39322 40379 1:0 40213
39326 40378 1:0 40221
39355 40377 1:0 40220
39437 40376 1:0 40231
39438 40346 1:0 40344
39447 40344 1:0 40351
39447 40345 1:0 40352
39453 40343 1:0 40362
39458 40313 1:0 40475
39486 40312 1:0 40483
39568 40311 1:0 40482
39569 40310 1:0 40493
39578 40280 1:0 40606
39578 40279 1:0 40614
39584 40278 1:0 40613
39589 40277 1:0 40624
39617 40247 1:0 40737
39699 40245 1:0 40744
39700 40246 1:0 40745
39709 40244 1:0 40755
39709 40214 1:0 40868
39715 40212 1:0 40875
39735 40213 1:0 40876
39748 40211 1:0 40886
39830 324 1:0 42216
41066 43095 21:0 41074
41073 43097 0:0 41074
41074 43098 21:0 41140
41142 43128 21:0 41150
41149 43130 0:0 41150
41149 43129 21:0 41200
41200 43131 0:0 41216
41218 43161 21:0 41226
41225 43163 0:0 41226
41225 43162 0:0 41226
41226 43164 21:0 41292
41294 43194 21:0 41302
41301 43195 0:0 41302
41301 43196 21:0 41352
41352 43197 0:0 41368
41370 43227 21:0 41378
41377 43229 0:0 41378
41377 43228 21:0 41428
41428 43230 0:0 41444
41446 43260 21:0 41454
41453 43262 0:0 41454
41453 43261 21:0 41504
41504 43263 0:0 41520
41522 43293 21:0 41530
41529 43295 0:0 41530
41529 43294 0:0 41530
41530 43296 21:0 41596
41598 43326 21:0 41606
41605 43327 0:0 41606
41605 43328 21:0 41656
41656 43329 0:0 41672
41674 43359 21:0 41682
41681 43360 21:0 41732
41732 43362 0:0 41748
41750 43392 21:0 41758
41757 43394 0:0 41758
41757 43393 21:0 41808
41831 43427 21:0 41848
41848 43428 0:0 41884
41910 43461 21:0 41976
41983 43492 0:0 41986
41983 43493 0:0 41986
41986 43494 21:0 42052
42054 43524 21:0 42062
42059 43525 0:0 42062
42062 43527 21:0 42128
42135 43558 21:0 42152
42137 43559 0:0 42138
42228 42082 1:0 42498
42229 42052 1:0 42611
42238 42050 1:0 42618
42238 42051 1:0 42619
42246 42049 1:0 42629
42257 324 21:0 42271
42265 42019 1:0 42742
42359 42018 1:0 42750
42360 42017 1:0 42749
42360 42016 1:0 42760
42369 41986 1:0 42873
42369 41984 1:0 42880
42377 41985 1:0 42881
42396 41983 1:0 42891
42490 41953 1:0 43004
42491 41951 1:0 43011
42500 41952 1:0 43012
42500 41950 1:0 43022
42506 41920 1:0 43135
42510 41918 1:0 43142
42527 41919 1:0 43143
42621 41917 1:0 43153
42622 41887 1:0 43266
42631 41885 1:0 43273
42631 41886 1:0 43274
42637 41884 1:0 43284
42641 41854 1:0 43397
42670 41853 1:0 43405
42752 41852 1:0 43404
42753 41851 1:0 43415
42762 41821 1:0 43528
42762 41820 1:0 43536
42768 41819 1:0 43535
42773 41818 1:0 43546
42801 41788 1:0 43659
42883 41787 1:0 43667
42884 41786 1:0 43666
42893 41785 1:0 43677
42893 41755 1:0 43790
42899 41754 1:0 43798
42904 41753 1:0 43797
42932 41752 1:0 43808
43014 41722 1:0 43921
43015 41720 1:0 43928
43024 41721 1:0 43929
43024 41719 1:0 43939
43030 41689 1:0 44052
43050 41688 1:0 44060
43063 41687 1:0 44059
43145 41686 1:0 44070
43146 41656 1:0 44183
43155 41654 1:0 44190
43155 41655 1:0 44191
43163 41653 1:0 44201
43165 325 1:0 45531
43182 43558 1:0 45671
43276 43559 1:0 45672
43277 43527 1:0 45795
43286 43525 1:0 45802
43286 43524 1:0 45813
43292 43494 1:0 45926
43296 43493 1:0 45934
44381 44537 21:0 44389
44388 44538 0:0 44389
44388 44539 0:0 44389
44389 44540 21:0 44455
44457 44570 21:0 44465
44464 44571 0:0 44465
44464 44572 21:0 44515
44515 44573 0:0 44531
44533 44603 21:0 44541
44540 44604 0:0 44541
44540 44605 21:0 44591
44591 44606 0:0 44607
44609 44636 21:0 44617
44616 44637 0:0 44617
44616 44638 21:0 44667
44667 44639 0:0 44683
44685 44669 21:0 44693
44692 44670 0:0 44693
44692 44671 21:0 44743
44743 44672 0:0 44759
44761 44702 21:0 44769
44768 44703 0:0 44769
44768 44704 21:0 44819
44819 44705 0:0 44835
44837 44735 21:0 44845
44844 44737 0:0 44845
44844 44736 21:0 44895
44895 44738 0:0 44911
44913 44768 21:0 44921
44920 44770 0:0 44921
44920 44769 0:0 44921
44921 44771 21:0 44987
44989 44801 21:0 44997
44996 44802 0:0 44997
44996 44803 21:0 45047
45047 44804 0:0 45063
45065 44834 21:0 45073
45072 44836 0:0 45073
45072 44835 21:0 45123
45123 44837 0:0 45139
45141 44867 21:0 45149
45148 44868 0:0 45149
45148 44869 21:0 45199
45199 44870 0:0 45215
45217 44900 21:0 45225
45224 44901 0:0 45225
45224 44902 21:0 45275
45275 44903 0:0 45291
45293 44933 21:0 45301
45300 44934 0:0 45301
45300 44935 21:0 45351
45351 44936 0:0 45367
45369 44966 21:0 45377
45376 44968 0:0 45377
45376 44967 21:0 45427
45427 44969 0:0 45443
45445 44999 21:0 45453
45452 45000 0:0 45453
45452 45001 0:0 45453
45453 45002 21:0 45519
45543 43492 1:0 45933
45544 43461 1:0 46057
45553 43428 1:0 46188
45553 43427 1:0 46196
45561 43393 1:0 46326
45572 325 21:0 45586
45580 43394 1:0 46327
45674 43392 1:0 46337
45675 43362 1:0 46450
45675 43360 1:0 46457
45684 43359 1:0 46468
45684 43329 1:0 46581
45692 43328 1:0 46589
45711 43327 1:0 46588
45805 43326 1:0 46599
45806 43296 1:0 46712
45815 43294 1:0 46719
45815 43295 1:0 46720
45821 43293 1:0 46730
45825 43263 1:0 46843
45842 43261 1:0 46850
45936 43262 1:0 46851
45937 43260 1:0 46861
45946 43230 1:0 46974
45946 43228 1:0 46981
45952 43229 1:0 46982
45956 43227 1:0 46992
45985 43197 1:0 47105
46067 43196 1:0 47113
46068 43195 1:0 47112
46077 43194 1:0 47123
46077 43164 1:0 47236
46083 43162 1:0 47243
46088 43163 1:0 47244
46116 43161 1:0 47254
46198 43131 1:0 47367
46199 43129 1:0 47374
46208 43130 1:0 47375
46208 43128 1:0 47385
46214 43098 1:0 47498
46219 43097 1:0 47506
46247 43095 1:0 47516
46329 326 1:0 48846
47696 45979 21:0 47704
47703 45980 0:0 47704
47703 45981 21:0 47754
47772 46012 21:0 47780
47779 46014 0:0 47780
47779 46013 21:0 47830
47830 46015 0:0 47846
47848 46045 21:0 47856
47855 46046 0:0 47856
47856 46048 21:0 47922
47924 46078 0:0 47927
47929 46080 21:0 47946
47931 46079 0:0 47932
47946 46081 0:0 47982
48000 46111 0:0 48003
48005 46113 21:0 48022
48007 46112 0:0 48008
48022 46114 0:0 48059
48081 46145 21:0 48098
48083 46146 0:0 48084
48098 46147 0:0 48134
48152 46177 0:0 48155
48157 46178 21:0 48174
48159 46179 0:0 48160
48174 46180 0:0 48210
48228 46210 21:0 48236
48233 46212 0:0 48236
48235 46211 0:0 48236
48236 46213 21:0 48302
48304 46243 21:0 48312
48311 46245 21:0 48362
48362 46246 0:0 48378
48385 46278 21:0 48402
48387 46277 0:0 48388
48402 46279 0:0 48438
48456 46309 0:0 48459
48461 46310 21:0 48478
48478 46312 0:0 48515
48540 46345 21:0 48606
48613 46377 21:0 48630
48692 46411 21:0 48758
48858 312 1:0 2581
48859 45002 1:0 48979
48868 45000 1:0 48986
48868 45001 1:0 48987
48874 44999 1:0 48997
48878 44969 1:0 49110
48887 326 21:0 48901
48902 44967 1:0 49117
48989 44968 1:0 49118
48990 44966 1:0 49128
48999 44936 1:0 49241
48999 44935 1:0 49249
49005 44934 1:0 49248
49009 44933 1:0 49259
49038 44903 1:0 49372
49120 44902 1:0 49380
49121 44901 1:0 49379
49130 44900 1:0 49390
49130 44870 1:0 49503
49136 44869 1:0 49511
49141 44868 1:0 49510
49169 44867 1:0 49521
49251 44837 1:0 49634
49252 44835 1:0 49641
49261 44836 1:0 49642
49261 44834 1:0 49652
49267 44804 1:0 49765
49272 44803 1:0 49773
49300 44802 1:0 49772
49382 44801 1:0 49783
49383 44771 1:0 49896
49392 44769 1:0 49903
49392 44770 1:0 49904
49398 44768 1:0 49914
49418 44738 1:0 50027
49431 44736 1:0 50034
49513 44737 1:0 50035
49514 44735 1:0 50045
49523 44705 1:0 50158
49523 44704 1:0 50166
49531 44703 1:0 50165
49549 44702 1:0 50176
49644 44672 1:0 50289
49645 44670 1:0 50296
49645 44671 1:0 50297
49654 44669 1:0 50307
49654 44639 1:0 50420
49662 44638 1:0 50428
49681 44637 1:0 50427
49775 44636 1:0 50438
49776 44606 1:0 50551
49785 44604 1:0 50558
49785 44605 1:0 50559
49791 44603 1:0 50569
49795 44573 1:0 50682
49812 44572 1:0 50690
49906 44571 1:0 50689
49907 44570 1:0 50700
49916 44540 1:0 50813
49916 44538 1:0 50820
49922 44539 1:0 50821
49926 44537 1:0 50831
49927 327 1:0 50944
49943 22860 1:0 51051
49955 22858 1:0 51051
49955 22851 1:0 51052
50037 22859 1:0 51052
50037 22862 1:0 51052
50038 22861 1:0 51052
50038 22857 1:0 51052
50038 22863 1:0 51138
50047 46411 1:0 51269
50047 22856 1:0 51053
50047 22850 1:0 51053
50047 23006 1:0 51269
50053 23005 1:0 51269
50053 23007 1:0 51348
50055 22998 1:0 51273
50055 22997 1:0 51273
50058 23008 1:0 51349
50073 23003 1:0 51328
50073 23004 1:0 51329
50086 23009 1:0 51358
50168 23010 1:0 51359
50168 23152 1:0 51493
50169 46377 1:0 51493
50169 23154 1:0 51493
50178 23153 1:0 51494
50178 23155 1:0 51494
50178 23157 1:0 51494
50178 23151 1:0 51494
50178 23145 1:0 51494
50178 23144 1:0 51495
50178 23150 1:0 51495
50184 23156 1:0 51579
50189 46345 1:0 51711
50205 23300 1:0 51711
50217 23292 1:0 51715
50217 23299 1:0 51780
50299 23291 1:0 51715
50299 23297 1:0 51770
50299 23298 1:0 51771
50299 23301 1:0 51790
50300 23302 1:0 51791
50300 23303 1:0 51800
50309 46312 1:0 51863
50309 23304 1:0 51801
50309 23446 1:0 51935
50315 46310 1:0 51935
50319 23448 1:0 51935
50335 23450 1:0 51936
50336 23439 1:0 51936
50336 23444 1:0 51937
50348 23447 1:0 51936
50348 23445 1:0 51936
50430 23449 1:0 51936
50430 23451 1:0 52022
50431 46309 1:0 52069
50431 23438 1:0 51937
50440 46278 1:0 52153
50440 23594 1:0 52153
50440 23593 1:0 52153
50446 23586 1:0 52157
50446 23585 1:0 52157
50446 23596 1:0 52233
50466 46279 1:0 52271
50467 23591 1:0 52212
50467 23592 1:0 52213
50479 23595 1:0 52232
50479 23733 1:0 52379
50561 23597 1:0 52242
50561 23598 1:0 52243
50562 46277 1:0 52279
50562 23732 1:0 52379
50571 46245 1:0 52374
50571 23740 1:0 52375
50571 23741 1:0 52444
50579 46246 1:0 52492
50582 23742 1:0 52453
50597 23738 1:0 52433
50598 23743 1:0 52454
50610 23739 1:0 52434
50610 23880 1:0 52599
50692 23744 1:0 52463
50692 23745 1:0 52464
50693 46243 1:0 52511
50693 23889 1:0 52598
50702 46213 1:0 52598
50702 23887 1:0 52598
50702 23890 1:0 52599
50708 23891 1:0 52599
50710 23888 1:0 52599
50712 23885 1:0 52600
50713 23886 1:0 52599
50713 23879 1:0 52600
50728 24027 1:0 52820
50729 23892 1:0 52685
50741 24034 1:0 52816
50823 46212 1:0 52722
50824 46211 1:0 52721
50824 24026 1:0 52820
50824 24032 1:0 52875
50833 46210 1:0 52732
50833 46178 1:0 52816
50839 24035 1:0 52886
50844 46180 1:0 52934
50860 24036 1:0 52895
50872 24033 1:0 52876
50872 24037 1:0 52896
50956 24038 1:0 52905
50956 24039 1:0 52906
50957 46179 1:0 52943
50957 24182 1:0 53037
50966 46177 1:0 52953
50966 46145 1:0 53037
50972 24181 1:0 53037
50974 24184 1:0 53117
50976 24174 1:0 53041
50985 327 21:0 50999
50992 24173 1:0 53041
50992 24179 1:0 53096
50993 24180 1:0 53097
51005 46147 1:0 53155
51046 24183 1:0 53116
51054 24321 1:0 53262
51074 24185 1:0 53126
51075 24186 1:0 53127
51075 24320 1:0 53262
51076 24326 1:0 53317
51135 46146 1:0 53164
51144 22863 21:0 51169
51145 24329 1:0 53258
51167 22861 0:0 51169
51167 22862 0:0 51169
51167 22859 0:0 51169
51167 22858 0:0 51169
51167 22860 0:0 51169
51168 22856 0:0 51169
51168 22851 0:0 51169
51168 22857 0:0 51169
51168 22850 0:0 51169
51170 46113 1:0 53258
51170 24328 1:0 53258
51170 24331 1:0 53338
51177 46114 1:0 53376
51178 24327 1:0 53318
51178 24330 1:0 53337
51178 24332 1:0 53347
51178 24467 1:0 53483
51187 46112 1:0 53384
51187 24333 1:0 53348
51193 46111 1:0 53395
51198 46080 1:0 53479
51214 24476 1:0 53479
51226 24475 1:0 53479
51267 24478 1:0 53559
51275 24468 1:0 53483
51280 24473 1:0 53538
51296 46081 1:0 53597
51297 24474 1:0 53539
51346 24477 1:0 53558
51356 24479 1:0 53568
51358 23007 21:0 51390
51366 24480 1:0 53569
51388 23009 0:0 51390
51389 23006 0:0 51390
51389 22997 0:0 51390
51389 23004 0:0 51390
51389 23003 0:0 51390
51389 22998 0:0 51390
51389 23005 0:0 51390
51389 23010 0:0 51390
51389 23008 0:0 51390
51391 46079 1:0 53605
51391 46078 1:0 53616
51391 24615 1:0 53705
51398 46048 1:0 53700
51399 24623 1:0 53701
51399 24622 1:0 53701
51399 24614 1:0 53705
51408 24620 1:0 53759
51408 24621 1:0 53760
51408 24624 1:0 53779
51408 24625 1:0 53780
51408 24626 1:0 53789
51414 24627 1:0 53790
51418 46046 1:0 53826
51447 46045 1:0 53837
51496 46015 1:0 53852
51501 24767 1:0 53926
51517 46013 1:0 53924
51518 24761 1:0 53926
51567 24771 1:0 53924
51577 24769 1:0 53924
51587 24772 1:0 53925
51589 23156 21:0 51611
51610 23151 0:0 51611
51610 23145 0:0 51611
51610 23153 0:0 51611
51610 23157 0:0 51611
51610 23155 0:0 51611
51610 23154 0:0 51611
51610 23144 0:0 51611
51610 23150 0:0 51611
51610 23152 0:0 51611
51612 24774 1:0 53925
51612 24770 1:0 53925
51612 24768 1:0 53925
51612 24762 1:0 53925
51612 24773 1:0 54010
51619 46014 1:0 54048
51620 46012 1:0 54058
51620 24916 1:0 54142
51629 45981 1:0 54142
51629 24909 1:0 54146
51629 24908 1:0 54146
51629 24914 1:0 54201
51629 24917 1:0 54212
51635 24918 1:0 54221
51637 24919 1:0 54222
51639 24915 1:0 54202
51655 24920 1:0 54231
51656 24921 1:0 54232
51709 45980 1:0 54268
51738 45979 1:0 54279
51739 25063 1:0 54364
51788 25064 1:0 54364
51790 23299 21:0 51832
51798 25066 1:0 54443
51808 25055 1:0 54368
51808 25056 1:0 54368
51808 25061 1:0 54422
51830 23303 0:0 51832
51831 23291 0:0 51832
51831 23302 0:0 51832
51831 23304 0:0 51832
51831 23300 0:0 51832
51831 23292 0:0 51832
51831 23298 0:0 51832
51831 23297 0:0 51832
51831 23301 0:0 51832
51833 25062 1:0 54423
51833 25065 1:0 54442
51833 25067 1:0 54452
51833 25068 1:0 54453
52028 23451 21:0 52053
52051 23449 0:0 52053
52051 23446 0:0 52053
52051 23439 0:0 52053
52051 23450 0:0 52053
52051 23448 0:0 52053
52051 23447 0:0 52053
52052 23445 0:0 52053
52052 23444 0:0 52053
52052 23438 0:0 52053
52239 23596 21:0 52274
52272 23595 0:0 52274
52273 23597 0:0 52274
52273 23592 0:0 52274
52273 23585 0:0 52274
52273 23593 0:0 52274
52273 23594 0:0 52274
52273 23598 0:0 52274
52273 23586 0:0 52274
52273 23591 0:0 52274
52450 23741 21:0 52495
52493 23744 0:0 52495
52494 23733 0:0 52495
52494 23738 0:0 52495
52494 23732 0:0 52495
52494 23739 0:0 52495
52494 23742 0:0 52495
52494 23740 0:0 52495
52494 23743 0:0 52495
52494 23745 0:0 52495
52691 23892 21:0 52716
52714 23891 0:0 52716
52714 23889 0:0 52716
52714 23888 0:0 52716
52714 23890 0:0 52716
52714 23879 0:0 52716
52714 23887 0:0 52716
52715 23886 0:0 52716
52715 23885 0:0 52716
52715 23880 0:0 52716
52892 24035 21:0 52937
52935 24034 0:0 52937
52935 24036 0:0 52937
52936 24026 0:0 52937
52936 24037 0:0 52937
52936 24039 0:0 52937
52936 24038 0:0 52937
52936 24027 0:0 52937
52936 24033 0:0 52937
52936 24032 0:0 52937
53123 24184 21:0 53158
53156 24185 0:0 53158
53157 24186 0:0 53158
53157 24180 0:0 53158
53157 24182 0:0 53158
53157 24179 0:0 53158
53157 24173 0:0 53158
53157 24183 0:0 53158
53157 24181 0:0 53158
53157 24174 0:0 53158
53344 24331 21:0 53379
53377 24329 0:0 53379
53377 24332 0:0 53379
53377 24328 0:0 53379
53378 24320 0:0 53379
53378 24327 0:0 53379
53378 24333 0:0 53379
53378 24330 0:0 53379
53378 24321 0:0 53379
53378 24326 0:0 53379
53565 24478 21:0 53600
53598 24479 0:0 53600
53599 24476 0:0 53600
53599 24480 0:0 53600
53599 24475 0:0 53600
53599 24477 0:0 53600
53599 24473 0:0 53600
53599 24468 0:0 53600
53599 24474 0:0 53600
53599 24467 0:0 53600
53789 24624 21:0 53821
53819 24626 0:0 53821
53820 24621 0:0 53821
53820 24622 0:0 53821
53820 24627 0:0 53821
53820 24615 0:0 53821
53820 24614 0:0 53821
53820 24623 0:0 53821
53820 24625 0:0 53821
53820 24620 0:0 53821
54020 24773 21:0 54042
54041 24771 0:0 54042
54041 24770 0:0 54042
54041 24772 0:0 54042
54041 24769 0:0 54042
54041 24762 0:0 54042
54041 24768 0:0 54042
54041 24761 0:0 54042
54041 24774 0:0 54042
54041 24767 0:0 54042
54218 24917 21:0 54263
54261 24918 0:0 54263
54262 24916 0:0 54263
54262 24920 0:0 54263
54262 24914 0:0 54263
54262 24921 0:0 54263
54262 24908 0:0 54263
54262 24909 0:0 54263
54262 24915 0:0 54263
54262 24919 0:0 54263
54449 25066 21:0 160
