58 7819 21:0 103
102 7908 21:0 103
102 7814 21:0 103
102 7909 21:0 103
102 7815 21:0 108
1273 8473 21:0 1283
3402 9472 21:0 3468
3467 9470 21:0 3473
3478 9505 21:0 3544
3546 9535 21:0 3554
3931 9701 21:0 3948
4002 9733 21:0 4010
4010 9736 21:0 4076
4078 9766 21:0 4086
4527 9766 1:0 5190
4528 9736 1:0 5303
4537 9733 1:0 5321
4537 9701 1:0 5441
4543 9535 1:0 6107
4548 9505 1:0 6220
4576 9472 1:0 6351
4658 9470 1:0 6358
6685 10910 21:0 6751
6758 10942 21:0 6775
7062 11073 21:0 7079
7138 11106 21:0 7155
7154 11108 21:0 7207
7285 11171 21:0 7293
7366 11205 21:0 7383
7518 11272 21:0 7535
7886 11272 1:0 8408
7887 11205 1:0 8669
7896 11171 1:0 8811
7896 11108 1:0 9055
7902 11106 1:0 9062
7907 11073 1:0 9193
7922 5602 1:0 11296
7935 10942 1:0 9718
8017 10910 1:0 9841
10041 12380 21:0 10058
10057 12378 21:0 10110
10492 12576 21:0 10500
10652 12645 21:0 10718
10725 12677 21:0 10742
10801 12710 21:0 10818
10880 12744 21:0 10946
11029 12808 21:0 11046
11255 5610 1:0 11347
11255 5612 1:0 11427
11256 5761 1:0 11514
11256 5749 1:0 11517
11256 5756 1:0 11568
11265 12808 1:0 11694
11265 5759 1:0 11648
11265 5905 1:0 11710
11271 5895 1:0 11738
11271 5903 1:0 11738
11275 5907 1:0 11789
11291 5906 1:0 11869
11304 12744 1:0 11931
11345 6053 1:0 11931
11353 6043 1:0 12040
11373 6054 1:0 11939
11374 6050 1:0 11966
11374 6343 1:0 12445
11383 5602 21:0 11429
11424 6055 1:0 12013
11433 5612 21:0 11468
11434 6201 1:0 12149
11467 5610 21:0 11471
11476 6197 1:0 12152
11476 6200 1:0 12180
11477 6199 1:0 12180
11477 6202 1:0 12231
11477 6198 1:0 12301
11486 12710 1:0 12358
11486 6344 1:0 12370
11486 6346 1:0 12373
11492 6348 1:0 12398
11494 6349 1:0 12445
11497 6347 1:0 12456
11512 6342 1:0 12511
11525 12677 1:0 12579
11566 6483 1:0 12591
11594 12645 1:0 12585
11595 6493 1:0 12591
11596 6489 1:0 12594
11604 5749 21:0 11650
11645 6494 1:0 12594
11647 6630 1:0 12824
11654 5759 21:0 11689
11655 6496 1:0 12622
11665 6495 1:0 12622
11688 5756 21:0 11692
11691 5761 21:0 11692
11697 6491 1:0 12673
11697 6492 1:0 12743
11698 6641 1:0 12812
11698 6638 1:0 12815
11707 6640 1:0 12824
11707 6642 1:0 12851
11707 6639 1:0 12897
11707 6643 1:0 12984
11713 6789 1:0 13033
11713 6785 1:0 13036
11717 6787 1:0 13061
11718 6784 1:0 13064
11718 6777 1:0 13073
11734 6788 1:0 13118
11746 6790 1:0 13205
11787 6936 1:0 13245
11816 12576 1:0 13252
11817 6934 1:0 13254
11828 5895 21:0 11872
11866 6935 1:0 13257
11868 6925 1:0 13282
11875 5906 21:0 11910
11876 6932 1:0 13285
11886 6924 1:0 13285
11886 7072 1:0 13557
11886 7219 1:0 13699
11909 5907 21:0 11913
11912 5903 21:0 11913
11912 5905 21:0 11921
11918 6937 1:0 13336
11918 6933 1:0 13406
11919 7082 1:0 13478
11919 7083 1:0 13503
11919 7084 1:0 13541
11928 7079 1:0 13626
11928 7231 1:0 13696
11928 7229 1:0 13699
11928 7230 1:0 13727
11934 7226 1:0 13727
11934 7228 1:0 13778
11938 7227 1:0 13848
11954 7378 1:0 13917
11967 7377 1:0 13920
12008 7373 1:0 13945
12016 7375 1:0 13983
12021 7372 1:0 13999
12037 7374 1:0 14069
12037 7525 1:0 14132
12038 7519 1:0 14166
12046 6043 21:0 12092
12087 7523 1:0 14138
12089 7518 1:0 14220
12097 7520 1:0 14141
12106 6055 21:0 12131
12107 7521 1:0 14166
12130 6050 21:0 12134
12133 6054 21:0 12134
12133 6053 21:0 12142
12139 7524 1:0 14204
12139 7522 1:0 14299
12140 7672 1:0 14359
12140 7671 1:0 14362
12140 7659 1:0 14362
12140 7909 1:0 14611
12143 7669 1:0 14390
12149 7668 1:0 14390
12149 7667 1:0 14441
12149 7670 1:0 14521
12155 12380 1:0 14568
12160 12378 1:0 14578
12175 7908 1:0 14792
12176 7815 1:0 14583
12188 7814 1:0 14608
12229 8473 1:0 14619
12237 7819 1:0 14665
12257 7818 1:0 14751
12307 6198 21:0 12352
12351 6202 21:0 12355
12354 6199 21:0 12355
12354 6200 21:0 12363
12362 6197 21:0 12366
12365 6201 21:0 12366
12521 6342 21:0 12545
12544 6347 21:0 12573
12572 6349 21:0 12576
12575 6348 21:0 12576
12575 6343 21:0 12584
12583 6346 21:0 12584
12583 6344 21:0 12587
12749 6492 21:0 12794
12793 6491 21:0 12797
12796 6496 21:0 12797
12796 6495 21:0 12805
12804 6494 21:0 12808
12807 6483 21:0 12808
12807 6489 21:0 12808
12807 6493 21:0 12814
12933 6630 21:0 12977
12990 6643 21:0 13015
13014 6639 21:0 13018
13017 6642 21:0 13018
13017 6640 21:0 13026
13025 6638 21:0 13029
13028 6641 21:0 13029
13154 6777 21:0 13198
13211 6790 21:0 13236
13235 6788 21:0 13239
13238 6784 21:0 13239
13238 6787 21:0 13247
13246 6785 21:0 13247
13246 6789 21:0 13250
13412 6933 21:0 13457
13456 6937 21:0 13460
13459 6932 21:0 13460
13459 6924 21:0 13460
13459 6925 21:0 13468
13467 6935 21:0 13468
13467 6934 21:0 13471
13470 6936 21:0 13477
13636 7079 21:0 13678
13677 7072 21:0 13678
13677 7084 21:0 13681
13680 7083 21:0 13681
13680 7082 21:0 13689
13854 7227 21:0 13899
13898 7228 21:0 13902
13901 7226 21:0 13902
13901 7230 21:0 13910
13909 7219 21:0 13910
13909 7229 21:0 13913
13912 7231 21:0 13913
14075 7374 21:0 14120
14119 7372 21:0 14120
14119 7375 21:0 14123
14122 7373 21:0 14123
14122 7377 21:0 14131
14130 7378 21:0 14134
14309 7522 21:0 14341
14340 7518 21:0 14341
14340 7524 21:0 14344
14343 7519 21:0 14344
14343 7521 21:0 14352
14351 7520 21:0 14352
14351 7523 21:0 14355
14354 7525 21:0 14361
14480 7659 21:0 14524
14527 7670 21:0 14562
14561 7667 21:0 14565
14564 7669 21:0 14565
14564 7668 21:0 14573
14572 7671 21:0 14576
14575 7672 21:0 14576
14761 7818 21:0 59
