128 13844 0:0 130
149 13845 0:0 151
149 13750 0:0 151
150 13752 0:0 151
150 13754 0:0 151
150 13755 0:0 151
150 13751 0:0 155
154 305 0:0 168
1373 14457 21:0 1383
3350 298 21:0 3368
3730 15555 21:0 3796
3950 15651 21:0 3958
4259 15785 21:0 4276
4627 15785 1:0 5149
4628 15651 1:0 5683
4628 300 1:0 6711
4637 15555 1:0 6058
6709 299 21:0 6727
6777 16891 21:0 6785
7086 17024 21:0 7103
7469 17191 21:0 7535
7986 17191 1:0 8762
7987 17024 1:0 9424
7996 16891 1:0 9959
7996 301 1:0 10070
10068 300 21:0 10086
10445 18496 21:0 10462
10972 18725 0:0 10975
10977 18727 21:0 10994
11124 18791 21:0 11132
11345 18791 1:0 11615
11346 18727 1:0 11867
11346 18725 1:0 11877
11355 18496 1:0 12784
11355 302 1:0 13429
11355 303 1:0 16788
11355 304 1:0 20147
13427 301 21:0 13445
13731 19935 21:0 13797
14187 20133 21:0 14253
14564 20297 0:0 14567
14567 20298 21:0 14633
14704 20298 1:0 14825
14705 20297 1:0 14833
14705 305 1:0 23506
14714 20133 1:0 15480
14714 19935 1:0 16266
16786 302 21:0 16804
17847 21735 21:0 17864
17864 21736 0:0 17905
17918 21766 21:0 17926
17925 21768 21:0 17976
18063 21768 1:0 18192
18064 21766 1:0 18202
18073 21736 1:0 18315
18073 21735 1:0 18323
20145 303 21:0 20163
20213 22775 21:0 20221
20220 22777 0:0 20221
20220 22776 21:0 20263
20263 22778 0:0 20276
20289 22808 21:0 20297
20296 22810 0:0 20297
20296 22809 21:0 20347
20298 22810 1:0 23254
20298 22808 1:0 23264
20347 22811 0:0 20363
20348 22809 1:0 23253
20364 22811 1:0 23246
20365 22841 21:0 20373
20374 22841 1:0 23133
20674 22974 21:0 20691
20692 22974 1:0 22598
21422 22778 1:0 23377
21423 22776 1:0 23384
21423 11831 1:0 25354
21432 22777 1:0 23385
21432 22775 1:0 23395
23504 304 21:0 23522
24104 24477 21:0 24112
24112 24480 21:0 24178
24489 24644 21:0 24506
24491 24643 0:0 24492
24791 299 1:0 3352
24791 11545 1:0 24886
24792 11547 1:0 24886
24792 11548 1:0 24887
24792 11546 1:0 24887
24801 11550 1:0 24887
24801 11549 1:0 24972
24801 11693 1:0 25104
24801 11692 1:0 25104
24807 11694 1:0 25183
24809 11695 1:0 25184
24812 11696 1:0 25193
24828 11697 1:0 25194
24881 24644 1:0 25282
24894 11840 1:0 25328
24910 11839 1:0 25394
24911 11841 1:0 25404
24960 11842 1:0 25405
24970 11843 1:0 25414
24980 11844 1:0 25415
24982 11549 21:0 25004
25003 11545 0:0 25004
25003 11548 0:0 25004
25003 11546 0:0 25004
25003 11550 0:0 25004
25003 11547 0:0 25004
25005 24643 1:0 25451
25005 11987 1:0 25547
25012 11986 1:0 25615
25012 11988 1:0 25625
25013 11989 1:0 25626
25013 11990 1:0 25635
25013 12125 1:0 25772
25022 11991 1:0 25636
25022 12135 1:0 25772
25022 12133 1:0 25773
25022 12136 1:0 25773
25028 12134 1:0 25773
25030 12137 1:0 25773
25032 12131 1:0 25826
25048 12138 1:0 25857
25049 12282 1:0 25993
25061 12283 1:0 25993
25102 12278 1:0 25993
25102 12272 1:0 25993
25102 12273 1:0 25994
25115 12284 1:0 25993
25131 12281 1:0 25993
25132 12285 1:0 25993
25181 12280 1:0 25993
25191 12279 1:0 26048
25191 12419 1:0 26238
25191 12420 1:0 26239
25193 11694 21:0 25225
25201 12428 1:0 26212
25223 11696 0:0 25225
25224 11693 0:0 25225
25224 11697 0:0 25225
25224 11695 0:0 25225
25224 11692 0:0 25225
25226 12427 1:0 26278
25226 12429 1:0 26288
25226 12430 1:0 26289
25233 12432 1:0 26290
25233 12431 1:0 26290
25234 24480 1:0 26423
25234 12425 1:0 26268
25234 12426 1:0 26269
25243 12574 1:0 26435
25243 12577 1:0 26435
25243 12572 1:0 26435
25243 12579 1:0 26435
25243 12566 1:0 26435
25243 12567 1:0 26436
25249 12578 1:0 26435
25251 12576 1:0 26435
25254 12575 1:0 26435
25269 12573 1:0 26490
25282 24477 1:0 26567
25323 12726 1:0 26654
25331 12714 1:0 26681
25351 12721 1:0 26720
25352 12713 1:0 26680
25352 12722 1:0 26721
25353 12719 1:0 26710
25364 11831 21:0 25408
25402 12723 1:0 26730
25404 12720 1:0 26711
25407 11840 21:0 25446
25412 12724 1:0 26731
25422 12725 1:0 26731
25445 11839 0:0 25446
25445 11842 0:0 25446
25445 11841 0:0 25446
25445 11843 0:0 25446
25445 11844 0:0 25446
25447 12871 1:0 26877
25447 12868 1:0 26877
25447 12872 1:0 26877
25454 12870 1:0 26877
25454 12869 1:0 26877
25455 12873 1:0 26877
25455 12860 1:0 26877
25455 12861 1:0 26878
25455 12867 1:0 26878
25455 12866 1:0 26931
25455 13014 1:0 27098
25464 13018 1:0 27098
25464 13019 1:0 27098
25464 13016 1:0 27098
25464 13020 1:0 27098
25470 13017 1:0 27098
25470 13008 1:0 27099
25472 13007 1:0 27098
25472 13013 1:0 27152
25475 13015 1:0 27098
25490 13155 1:0 27320
25491 13165 1:0 27319
25503 13160 1:0 27319
25503 13154 1:0 27319
25544 13167 1:0 27319
25557 13164 1:0 27319
25573 13163 1:0 27319
25573 13166 1:0 27319
25574 13161 1:0 27374
25623 13162 1:0 27319
25625 11986 21:0 25667
25633 13314 1:0 27540
25643 13313 1:0 27540
25665 11990 0:0 25667
25665 11988 0:0 25667
25666 11987 0:0 25667
25666 11991 0:0 25667
25666 11989 0:0 25667
25668 13309 1:0 27540
25668 13310 1:0 27540
25668 13301 1:0 27540
25668 13308 1:0 27541
25668 13302 1:0 27541
25675 13311 1:0 27540
25675 13312 1:0 27540
25676 13307 1:0 27594
25676 13461 1:0 27759
25676 13448 1:0 27785
25676 13456 1:0 27825
25685 13449 1:0 27786
25685 13454 1:0 27815
25685 13455 1:0 27816
25685 13457 1:0 27826
25685 13458 1:0 27835
25685 13459 1:0 27836
25691 13460 1:0 27837
25693 13606 1:0 27982
25695 13596 1:0 27983
25711 13605 1:0 27982
25712 13604 1:0 27982
25724 13608 1:0 27982
25765 13595 1:0 27982
25773 13603 1:0 27982
25778 13844 1:0 28328
25793 13607 1:0 27982
25794 298 1:0 28179
25794 13602 1:0 27983
25794 13601 1:0 28036
25795 14457 1:0 28191
25836 12131 21:0 25860
25844 13753 1:0 28204
25854 13748 1:0 28204
25856 13755 1:0 28205
25859 12135 21:0 25888
25864 13750 1:0 28205
25887 12125 0:0 25888
25887 12138 0:0 25888
25887 12136 0:0 25888
25887 12134 0:0 25888
25887 12133 0:0 25888
25887 12137 0:0 25888
25889 13742 1:0 28205
25889 13752 1:0 28205
25889 13754 1:0 28205
25889 13751 1:0 28205
25896 13743 1:0 28204
25896 13749 1:0 28258
25896 13845 1:0 28329
26024 12273 0:0 26049
26027 12272 0:0 26054
26054 12279 21:0 26079
26078 12282 21:0 26109
26079 12278 0:0 26087
26107 12280 0:0 26109
26107 12281 0:0 26109
26108 12284 0:0 26109
26108 12283 0:0 26109
26108 12285 0:0 26109
26248 12419 21:0 26292
26291 12426 0:0 26300
26291 12428 21:0 26330
26292 12425 0:0 26300
26292 12420 0:0 26300
26329 12430 0:0 26330
26329 12427 0:0 26330
26329 12429 0:0 26330
26329 12431 0:0 26330
26329 12432 0:0 26333
26466 12567 0:0 26491
26469 12566 0:0 26495
26496 12573 21:0 26522
26521 12572 0:0 26529
26526 12579 21:0 26551
26549 12574 0:0 26551
26549 12578 0:0 26551
26549 12576 0:0 26551
26550 12575 0:0 26551
26550 12577 0:0 26551
26687 12714 21:0 26733
26732 12719 0:0 26740
26732 12713 0:0 26740
26733 12720 0:0 26741
26747 12726 21:0 26772
26770 12723 0:0 26772
26771 12722 0:0 26772
26771 12721 0:0 26772
26771 12724 0:0 26772
26771 12725 0:0 26775
26908 12861 0:0 26933
26911 12860 0:0 26937
26941 12866 21:0 26965
26964 12867 0:0 26975
26964 12871 21:0 26993
26964 12869 0:0 26993
26991 12870 0:0 26993
26992 12868 0:0 26993
26992 12872 0:0 26993
26992 12873 0:0 26993
27129 13008 0:0 27154
27132 13007 0:0 27158
27162 13013 21:0 27186
27185 13014 0:0 27196
27185 13018 21:0 27214
27185 13016 0:0 27214
27212 13017 0:0 27214
27213 13015 0:0 27214
27213 13020 0:0 27214
27213 13019 0:0 27214
27350 13155 0:0 27375
27353 13154 0:0 27379
27380 13161 21:0 27405
27404 13165 21:0 27435
27405 13160 0:0 27413
27433 13162 0:0 27435
27433 13166 0:0 27435
27434 13163 0:0 27435
27434 13167 0:0 27435
27434 13164 0:0 27435
27571 13302 0:0 27596
27574 13301 0:0 27600
27604 13307 21:0 27628
27627 13308 0:0 27638
27631 13314 21:0 27656
27654 13312 0:0 27656
27654 13311 0:0 27656
27654 13309 0:0 27656
27655 13310 0:0 27656
27655 13313 0:0 27656
27795 13448 21:0 27839
27838 13455 0:0 27847
27838 13449 0:0 27847
27839 13454 0:0 27847
27852 13461 21:0 27877
27875 13457 0:0 27877
27875 13459 0:0 27877
27876 13456 0:0 27877
27876 13458 0:0 27877
27876 13460 0:0 27880
28013 13596 0:0 28038
28016 13595 0:0 28042
28046 13601 21:0 28070
28069 13602 0:0 28080
28069 13606 21:0 28098
28096 13603 0:0 28098
28096 13607 0:0 28098
28097 13604 0:0 28098
28097 13605 0:0 28098
28097 13608 0:0 28098
28234 13743 0:0 28259
28237 13742 0:0 28263
28264 13749 21:0 28289
28288 13753 21:0 151
28289 13748 0:0 28297
