0 25620 21:0 129
127 25621 0:0 129
128 25529 0:0 159
129 25527 0:0 159
151 25526 0:0 159
158 313 0:0 159
158 25531 0:0 163
1381 26233 21:0 1391
3358 298 21:0 3398
4594 27704 21:0 4604
6717 299 21:0 6757
10076 300 21:0 10115
20153 303 21:0 20190
41584 299 1:0 3360
41584 300 1:0 6719
41584 303 1:0 16796
44654 45247 21:0 44720
44874 45343 21:0 44882
44883 45343 1:0 44951
44943 45247 1:0 45326
44944 312 1:0 47027
44944 313 1:0 50386
48089 46751 21:0 48155
48162 46783 21:0 48220
48302 46783 1:0 48431
48303 46751 1:0 48554
48303 23322 1:0 51833
48312 23324 1:0 51767
48312 23323 1:0 51767
48312 23325 1:0 51767
48312 23314 1:0 51767
48312 23313 1:0 51768
48312 23319 1:0 51768
50384 312 21:0 50424
50533 47825 21:0 50591
50604 47856 21:0 50612
50764 47925 21:0 50830
50908 47988 21:0 50916
51671 23321 1:0 51767
51671 23326 1:0 51767
51672 23320 1:0 51767
51672 23468 1:0 51989
51672 23472 1:0 52073
51681 23471 1:0 51988
51681 23473 1:0 51988
51681 23469 1:0 51988
51681 23470 1:0 51989
51687 23461 1:0 51988
51687 23467 1:0 51988
51687 23466 1:0 51989
51687 23460 1:0 51989
51689 23618 1:0 52285
51691 23613 1:0 52210
51692 23607 1:0 52210
51707 23616 1:0 52210
51708 23608 1:0 52209
51720 23615 1:0 52210
51761 23620 1:0 52210
51774 23619 1:0 52210
51789 23614 1:0 52209
51789 23754 1:0 52431
51790 23617 1:0 52209
51790 23761 1:0 52430
51791 23760 1:0 52431
51839 23322 21:0 51884
51840 23762 1:0 52495
51850 23763 1:0 52430
51860 23766 1:0 52430
51882 23325 0:0 51884
51882 23323 0:0 51884
51883 23313 0:0 51884
51883 23320 0:0 51884
51883 23324 0:0 51884
51883 23319 0:0 51884
51883 23326 0:0 51884
51883 23321 0:0 51884
51883 23314 0:0 51884
51885 23765 1:0 52430
51885 23755 1:0 52430
51885 23767 1:0 52430
51885 23764 1:0 52430
51885 23901 1:0 52676
51885 23902 1:0 52677
51885 23908 1:0 52707
51892 23909 1:0 52716
51892 23910 1:0 52717
51893 23907 1:0 52706
51893 23911 1:0 52726
51893 23912 1:0 52727
51902 23913 1:0 52736
51902 23914 1:0 52737
51902 24056 1:0 52906
51902 24060 1:0 52906
51908 24059 1:0 52906
51910 24057 1:0 52906
51913 24058 1:0 52906
51928 24048 1:0 52897
51928 24055 1:0 52928
51929 24049 1:0 52898
51929 24054 1:0 52906
51941 24061 1:0 52958
51982 24208 1:0 53092
51990 24195 1:0 53118
51995 24196 1:0 53119
52010 24203 1:0 53158
52011 24204 1:0 53159
52012 24201 1:0 53148
52061 24205 1:0 53168
52071 24206 1:0 53169
52081 24202 1:0 53149
52081 24342 1:0 53339
52081 24343 1:0 53340
52081 24348 1:0 53369
52083 23472 21:0 52105
52104 23470 0:0 52105
52104 23471 0:0 52105
52104 23469 0:0 52105
52104 23473 0:0 52105
52104 23468 0:0 52105
52104 23467 0:0 52105
52104 23461 0:0 52105
52104 23460 0:0 52105
52104 23466 0:0 52105
52106 24207 1:0 53178
52106 24354 1:0 53345
52106 24351 1:0 53345
52106 24352 1:0 53345
52113 24353 1:0 53345
52113 24350 1:0 53345
52114 24349 1:0 53345
52114 24355 1:0 53345
52114 24499 1:0 53566
52114 24496 1:0 53591
52123 24489 1:0 53560
52123 24490 1:0 53561
52123 24495 1:0 53566
52123 24497 1:0 53566
52123 24498 1:0 53566
52123 24500 1:0 53566
52129 24501 1:0 53620
52131 24502 1:0 53621
52133 24643 1:0 53812
52150 47988 1:0 53668
52162 24644 1:0 53821
52203 24645 1:0 53822
52211 24636 1:0 53781
52216 24637 1:0 53782
52232 24646 1:0 53831
52232 24647 1:0 53832
52233 24642 1:0 53811
52271 23614 0:0 52280
52281 24790 1:0 54033
52282 24648 1:0 53841
52291 23618 21:0 52326
52292 24649 1:0 53842
52302 24793 1:0 54011
52324 23615 0:0 52326
52324 23617 0:0 52326
52324 23619 0:0 52326
52325 23616 0:0 52326
52325 23608 0:0 52326
52325 23613 0:0 52326
52325 23607 0:0 52326
52325 23620 0:0 52326
52327 47925 1:0 53976
52327 24783 1:0 54002
52327 24784 1:0 54003
52327 24792 1:0 54011
52327 24789 1:0 54011
52334 24794 1:0 54011
52334 24795 1:0 54011
52335 24791 1:0 54011
52335 24796 1:0 54063
52335 24930 1:0 54223
52344 24943 1:0 54197
52344 24931 1:0 54224
52344 24936 1:0 54253
52344 24938 1:0 54263
52344 24939 1:0 54264
52350 24940 1:0 54273
52350 24941 1:0 54274
52352 24937 1:0 54254
52352 25077 1:0 54444
52355 24942 1:0 54283
52371 25088 1:0 54418
52383 25085 1:0 54484
52424 25086 1:0 54485
52432 25078 1:0 54445
52437 25083 1:0 54474
52452 25087 1:0 54494
52453 25084 1:0 54475
52454 25089 1:0 54504
52503 25090 1:0 54505
52505 23762 21:0 52547
52523 47856 1:0 54552
52545 23760 0:0 52547
52545 23764 0:0 52547
52545 23766 0:0 52547
52546 23761 0:0 52547
52546 23754 0:0 52547
52546 23765 0:0 52547
52546 23767 0:0 52547
52546 23763 0:0 52547
52546 23755 0:0 52547
52548 47825 1:0 54639
52548 25224 1:0 54665
52548 25232 1:0 54705
52548 25233 1:0 54706
52555 25225 1:0 54666
52555 25230 1:0 54695
52555 25231 1:0 54696
52555 25234 1:0 54715
52556 25235 1:0 54716
52556 25236 1:0 54725
52556 25371 1:0 54886
52556 25372 1:0 54887
52565 25237 1:0 54726
52565 25383 1:0 54860
52565 25379 1:0 54926
52565 25380 1:0 54927
52571 25381 1:0 54936
52573 25382 1:0 54937
52575 25377 1:0 54916
52576 25378 1:0 54917
52591 25384 1:0 54947
52592 27704 1:0 55059
52592 25525 1:0 55138
52604 298 1:0 55081
52604 26233 1:0 55159
52645 25531 1:0 55088
52658 25526 1:0 55147
52673 25518 1:0 55107
52673 25519 1:0 55108
52674 25527 1:0 55148
52675 25524 1:0 55137
52713 23908 21:0 52760
52724 25528 1:0 55157
52734 25529 1:0 55158
52744 25530 1:0 55167
52746 25620 1:0 55189
52746 25621 1:0 55160
52760 23901 0:0 52768
52760 23902 0:0 52768
52760 23907 0:0 52768
52760 23911 0:0 52768
52760 23912 0:0 52768
52767 23909 0:0 52768
52767 23914 0:0 52768
52767 23910 0:0 52768
52767 23913 0:0 52768
52907 24048 0:0 52933
52934 24055 21:0 52981
52980 24056 0:0 52989
52980 24060 0:0 52989
52980 24061 0:0 52989
52981 24049 0:0 52989
52981 24054 0:0 52989
52988 24058 0:0 52989
52988 24059 0:0 52989
52988 24057 0:0 52989
53128 24195 21:0 53184
53183 24202 0:0 53197
53184 24201 0:0 53201
53184 24196 0:0 53201
53185 24208 21:0 53210
53208 24203 0:0 53210
53209 24205 0:0 53210
53209 24207 0:0 53210
53209 24206 0:0 53210
53209 24204 0:0 53210
53346 24343 0:0 53371
53349 24342 0:0 53375
53379 24348 21:0 53430
53429 24354 0:0 53431
53430 24350 0:0 53431
53430 24355 0:0 53431
53430 24351 0:0 53431
53430 24353 0:0 53431
53430 24349 0:0 53431
53430 24352 0:0 53431
53567 24490 0:0 53591
53597 24496 21:0 53644
53643 24502 0:0 53652
53643 24500 0:0 53652
53643 24497 0:0 53652
53644 24489 0:0 53652
53644 24495 0:0 53652
53651 24499 0:0 53652
53651 24501 0:0 53652
53651 24498 0:0 53652
53818 24643 21:0 53865
53865 24636 0:0 53873
53865 24644 0:0 53873
53865 24648 0:0 53873
53865 24637 0:0 53873
53865 24642 0:0 53873
53872 24646 0:0 53873
53872 24647 0:0 53873
53872 24649 0:0 53873
53872 24645 0:0 53873
54012 24783 0:0 54037
54039 24790 21:0 54086
54085 24796 0:0 54094
54086 24789 0:0 54094
54086 24784 0:0 54094
54086 24791 0:0 54094
54086 24795 0:0 54094
54093 24792 0:0 54094
54093 24794 0:0 54094
54093 24793 0:0 54094
54233 24930 21:0 54289
54288 24931 0:0 54303
54288 24937 0:0 54303
54289 24936 0:0 54306
54290 24943 21:0 54315
54313 24941 0:0 54315
54314 24940 0:0 54315
54314 24939 0:0 54315
54314 24942 0:0 54315
54314 24938 0:0 54315
54454 25077 21:0 54510
54509 25084 0:0 54523
54509 25088 21:0 54536
54510 25078 0:0 54527
54510 25083 0:0 54527
54535 25089 0:0 54536
54535 25090 0:0 54536
54535 25086 0:0 54536
54535 25085 0:0 54536
54535 25087 0:0 54536
54675 25224 21:0 54731
54730 25231 0:0 54744
54731 25230 0:0 54748
54731 25225 0:0 54748
54731 25232 0:0 54757
54733 25235 0:0 54757
54756 25233 0:0 54757
54756 25236 0:0 54757
54756 25237 0:0 54757
54756 25234 0:0 54757
54896 25371 21:0 54952
54951 25378 0:0 54965
54952 25377 0:0 54969
54952 25372 0:0 54969
54956 25383 21:0 54978
54977 25382 0:0 54978
54977 25381 0:0 54978
54977 25380 0:0 54978
54977 25384 0:0 54978
54977 25379 0:0 54978
55144 25525 21:0 55191
55190 25530 0:0 55197
55191 25518 0:0 55197
55191 25519 0:0 55197
55191 25528 0:0 55197
55191 25524 0:0 55197
