50 7691 0:0 52
50 7690 0:0 52
50 7692 0:0 52
51 7687 0:0 52
51 7688 0:0 56
55 7689 0:0 79
106 7838 21:0 114
182 7871 0:0 185
187 7873 21:0 245
244 7874 0:0 256
263 7906 0:0 266
266 7907 21:0 332
334 7937 21:0 342
341 7939 0:0 342
342 7940 21:0 408
415 7971 21:0 473
417 7972 0:0 418
472 7973 0:0 484
491 8005 21:0 549
493 8004 0:0 494
643 8071 0:0 646
646 8072 21:0 712
795 8136 21:0 853
871 8170 21:0 929
873 8169 0:0 874
947 8203 21:0 1005
1023 8235 21:0 1081
1080 8237 0:0 1092
1323 8367 21:0 1331
1330 8368 0:0 1331
1330 8369 21:0 1397
1395 8370 0:0 1397
1399 8400 21:0 1407
1406 8401 0:0 1407
1406 8402 21:0 1473
1471 8403 0:0 1473
1475 8433 21:0 1483
1482 8434 0:0 1483
1482 8435 21:0 1549
1547 8436 0:0 1549
1551 8466 21:0 1559
1558 8468 0:0 1559
1558 8467 21:0 1625
1623 8469 0:0 1625
1627 8499 21:0 1635
1634 8501 0:0 1635
1634 8500 21:0 1701
1699 8502 0:0 1701
1703 8532 21:0 1711
1710 8534 0:0 1711
1710 8533 21:0 1777
1775 8535 0:0 1777
1779 8565 21:0 1787
1786 8567 0:0 1787
1786 8566 21:0 1853
1851 8568 0:0 1853
1855 8598 21:0 1863
1862 8599 0:0 1863
1862 8600 21:0 1929
1927 8601 0:0 1929
1931 8631 21:0 1939
1938 8632 0:0 1939
1938 8633 21:0 2005
2003 8634 0:0 2005
2007 8664 21:0 2015
2014 8666 0:0 2015
2014 8665 21:0 2081
2079 8667 0:0 2081
2083 8697 21:0 2091
2090 8699 0:0 2091
2090 8698 21:0 2157
2155 8700 0:0 2157
2159 8730 21:0 2167
2166 8731 0:0 2167
2166 8732 0:0 2167
2167 8733 21:0 2233
2235 8763 21:0 2243
2242 8764 0:0 2243
2242 8765 0:0 2243
2243 8766 21:0 2309
2311 8796 21:0 2319
2318 8798 0:0 2319
2318 8797 0:0 2319
2319 8799 21:0 2385
2392 8830 21:0 2450
2449 8832 0:0 2461
2484 8237 1:0 2841
2485 8235 1:0 2847
2493 8203 1:0 2970
2499 8170 1:0 3092
2606 8169 1:0 3091
2607 8136 1:0 3213
2607 8072 1:0 3451
2615 8071 1:0 3458
2621 8005 1:0 3702
2728 8004 1:0 3701
2729 7973 1:0 3817
2729 7971 1:0 3823
2737 7972 1:0 3824
2743 7940 1:0 3939
2850 7939 1:0 3946
2851 7937 1:0 3955
2851 7907 1:0 4061
2859 7906 1:0 4068
2865 7874 1:0 4183
2972 7873 1:0 4190
2973 7871 1:0 4199
2973 7838 1:0 4321
2981 8832 1:0 5776
2987 8830 1:0 5783
3094 8799 1:0 5907
3095 8797 1:0 5914
3095 8798 1:0 5915
3103 8796 1:0 5925
4493 9809 21:0 4501
4500 9810 0:0 4501
4500 9811 21:0 4567
4565 9812 0:0 4567
4569 9842 21:0 4577
4576 9844 0:0 4577
4576 9843 21:0 4643
4641 9845 0:0 4643
4645 9875 21:0 4653
4652 9876 0:0 4653
4652 9877 21:0 4719
4717 9878 0:0 4719
4721 9908 21:0 4729
4728 9909 0:0 4729
4728 9910 21:0 4795
4793 9911 0:0 4795
4797 9941 21:0 4805
4804 9942 0:0 4805
4804 9943 21:0 4871
4869 9944 0:0 4871
4873 9974 21:0 4881
4880 9975 0:0 4881
4880 9976 21:0 4947
4945 9977 0:0 4947
4949 10007 21:0 4957
4956 10008 0:0 4957
4956 10009 21:0 5023
5021 10010 0:0 5023
5025 10040 21:0 5033
5032 10042 0:0 5033
5032 10041 21:0 5099
5097 10043 0:0 5099
5101 10073 21:0 5109
5108 10075 0:0 5109
5108 10074 21:0 5175
5173 10076 0:0 5175
5177 10106 21:0 5185
5184 10108 0:0 5185
5184 10107 21:0 5251
5249 10109 0:0 5251
5253 10139 21:0 5261
5260 10140 0:0 5261
5260 10141 21:0 5327
5325 10142 0:0 5327
5329 10172 21:0 5337
5336 10173 0:0 5337
5336 10174 0:0 5337
5337 10175 21:0 5403
5405 10205 21:0 5413
5412 10207 0:0 5413
5412 10206 21:0 5479
5477 10208 0:0 5479
5481 10238 21:0 5489
5488 10239 0:0 5489
5488 10240 21:0 5555
5553 10241 0:0 5555
5557 10271 21:0 5565
5564 10273 21:0 5631
5655 8766 1:0 6038
5656 8764 1:0 6045
5656 8765 1:0 6046
5665 8763 1:0 6056
5665 8733 1:0 6169
5673 8732 1:0 6177
5704 8731 1:0 6176
5786 8730 1:0 6187
5787 8700 1:0 6300
5796 8698 1:0 6307
5796 8699 1:0 6308
5802 8697 1:0 6318
5807 8667 1:0 6431
5835 8665 1:0 6438
5917 8666 1:0 6439
5918 8664 1:0 6449
5927 8634 1:0 6562
5927 8633 1:0 6570
5933 8632 1:0 6569
5938 8631 1:0 6580
5966 8601 1:0 6693
6048 8600 1:0 6701
6049 8599 1:0 6700
6058 8598 1:0 6711
6058 8568 1:0 6824
6064 8566 1:0 6831
6084 8567 1:0 6832
6097 8565 1:0 6842
6179 8535 1:0 6955
6180 8533 1:0 6962
6189 8534 1:0 6963
6189 8532 1:0 6973
6195 8502 1:0 7086
6215 8500 1:0 7093
6310 8501 1:0 7094
6311 8499 1:0 7104
6311 8469 1:0 7217
6320 8467 1:0 7224
6320 8468 1:0 7225
6328 8466 1:0 7235
6347 8436 1:0 7348
6441 8435 1:0 7356
6442 8434 1:0 7355
6442 8433 1:0 7366
6451 8403 1:0 7479
6451 8402 1:0 7487
6459 8401 1:0 7486
6478 8400 1:0 7497
6572 8370 1:0 7610
6573 8369 1:0 7618
6582 8368 1:0 7617
6582 8367 1:0 7628
7808 11251 21:0 7816
7813 11252 0:0 7816
7815 11253 0:0 7816
7816 11254 21:0 7882
7884 11284 0:0 7887
7889 11286 21:0 7947
7891 11285 0:0 7892
7946 11287 0:0 7958
7960 11317 21:0 7968
7965 11318 0:0 7968
7967 11319 0:0 7968
7968 11320 21:0 8034
8036 11350 21:0 8044
8043 11351 21:0 8110
8108 11353 0:0 8110
8112 11383 0:0 8115
8117 11385 21:0 8175
8119 11384 0:0 8120
8174 11386 0:0 8186
8188 11416 0:0 8191
8193 11418 21:0 8251
8195 11417 0:0 8196
8250 11419 0:0 8262
8264 11449 0:0 8267
8269 11450 21:0 8327
8271 11451 0:0 8272
8326 11452 0:0 8338
8340 11482 21:0 8348
8347 11483 0:0 8348
8347 11484 21:0 8414
8412 11485 0:0 8414
8416 11515 0:0 8419
8421 11517 21:0 8479
8423 11516 0:0 8424
8497 11550 0:0 8500
8497 11549 0:0 8500
8500 11551 21:0 8566
8568 11581 21:0 8576
8575 11582 0:0 8576
8575 11583 0:0 8576
8576 11584 21:0 8642
8644 11614 21:0 8652
8651 11615 0:0 8652
8652 11617 21:0 8718
8720 11647 0:0 8723
8725 11649 21:0 8783
8727 11648 0:0 8728
8782 11650 0:0 8794
8801 11682 21:0 8859
8858 11683 0:0 8870
8877 11714 21:0 8935
8953 11747 21:0 8962
8970 10273 1:0 9099
8971 10271 1:0 9109
8971 10241 1:0 9222
8980 10239 1:0 9229
8980 10240 1:0 9230
8988 10238 1:0 9240
9019 10208 1:0 9353
9101 10206 1:0 9360
9102 10207 1:0 9361
9111 10205 1:0 9371
9111 10175 1:0 9484
9117 10173 1:0 9491
9122 10174 1:0 9492
9150 10172 1:0 9502
9232 10142 1:0 9615
9233 10141 1:0 9623
9242 10140 1:0 9622
9242 10139 1:0 9633
9248 10109 1:0 9746
9253 10107 1:0 9753
9281 10108 1:0 9754
9363 10106 1:0 9764
9364 10076 1:0 9877
9373 10074 1:0 9884
9373 10075 1:0 9885
9379 10073 1:0 9895
9399 10043 1:0 10008
9412 10041 1:0 10015
9494 10042 1:0 10016
9495 10040 1:0 10026
9504 10010 1:0 10139
9504 10009 1:0 10147
9510 10008 1:0 10146
9530 10007 1:0 10157
9625 9977 1:0 10270
9626 9975 1:0 10277
9626 9976 1:0 10278
9635 9974 1:0 10288
9635 9944 1:0 10401
9643 9943 1:0 10409
9662 9942 1:0 10408
9756 9941 1:0 10419
9757 9911 1:0 10532
9757 9910 1:0 10540
9766 9909 1:0 10539
9766 9908 1:0 10550
9774 9878 1:0 10663
9793 9877 1:0 10671
9887 9876 1:0 10670
9888 9875 1:0 10681
9897 9845 1:0 10794
9897 9843 1:0 10801
9903 9844 1:0 10802
9907 9842 1:0 10812
9908 5480 1:0 11165
9936 9812 1:0 10925
10018 9811 1:0 10933
10019 9810 1:0 10932
10028 9809 1:0 10943
10028 11747 1:0 11065
10034 11714 1:0 11160
10036 5487 1:0 11250
10039 5482 1:0 11165
10054 5622 1:0 11381
10055 5483 1:0 11164
10067 5484 1:0 11165
10149 5485 1:0 11164
10149 5486 1:0 11165
10150 11682 1:0 11362
10150 5627 1:0 11386
10159 11683 1:0 11362
10159 5632 1:0 11385
10159 5633 1:0 11470
10165 5634 1:0 11385
10167 5631 1:0 11386
10170 5629 1:0 11386
10186 5630 1:0 11385
10198 5781 1:0 11692
10280 11650 1:0 11524
10281 11649 1:0 11602
10281 5778 1:0 11607
10290 5777 1:0 11606
10290 5779 1:0 11606
10290 5780 1:0 11607
10290 5776 1:0 11607
10298 11648 1:0 11728
10317 11647 1:0 11739
10329 5922 1:0 11827
10329 5925 1:0 11902
10411 11617 1:0 11816
10412 5928 1:0 11827
10412 5923 1:0 11828
10421 5924 1:0 11827
10421 5926 1:0 11827
10421 5927 1:0 11827
10427 11615 1:0 11949
10432 11614 1:0 11960
10460 11584 1:0 12034
10542 6071 1:0 12048
10542 6070 1:0 12113
10543 6075 1:0 12048
10543 6072 1:0 12048
10543 6073 1:0 12048
10552 11583 1:0 12171
10552 6074 1:0 12048
10558 11582 1:0 12170
10563 11581 1:0 12181
10591 11551 1:0 12255
10673 6220 1:0 12269
10673 6218 1:0 12335
10674 6219 1:0 12269
10674 6221 1:0 12269
10683 11550 1:0 12392
10683 6217 1:0 12269
10683 6222 1:0 12269
10689 11549 1:0 12391
10709 11517 1:0 12476
10710 6365 1:0 12556
10722 6369 1:0 12490
10804 6366 1:0 12490
10804 6364 1:0 12490
10805 6367 1:0 12490
10805 6368 1:0 12490
10805 6362 1:0 12491
10805 6509 1:0 12712
10814 11516 1:0 12612
10814 11515 1:0 12623
10822 11484 1:0 12700
10841 11485 1:0 12629
10853 6514 1:0 12787
10935 6515 1:0 12711
10935 6511 1:0 12712
10936 6516 1:0 12711
10936 6513 1:0 12711
10945 11483 1:0 12833
10945 6512 1:0 12711
10951 11482 1:0 12844
10955 11452 1:0 12928
10956 6656 1:0 12933
10971 6662 1:0 13017
10984 6661 1:0 12932
11025 6663 1:0 12932
11068 6659 1:0 12932
11068 6660 1:0 12933
11069 6658 1:0 12933
11078 11450 1:0 13054
11078 11451 1:0 13055
11084 11449 1:0 13065
11088 11419 1:0 13071
11117 11418 1:0 13142
11158 6807 1:0 13228
11171 6806 1:0 13153
11187 6805 1:0 13154
11188 6809 1:0 13153
11237 5480 0:0 11246
11237 6808 1:0 13153
11247 6810 1:0 13153
11256 5487 21:0 11281
11279 5484 0:0 11281
11279 5486 0:0 11281
11279 5483 0:0 11281
11279 5482 0:0 11281
11280 5485 0:0 11281
11282 11417 1:0 13275
11282 11416 1:0 13286
11289 11385 1:0 13363
11290 11386 1:0 13292
11290 6954 1:0 13449
11299 6957 1:0 13374
11299 6945 1:0 13374
11299 6956 1:0 13374
11299 6953 1:0 13374
11299 6944 1:0 13375
11299 6950 1:0 13375
11305 6952 1:0 13375
11307 6955 1:0 13374
11326 11384 1:0 13496
11379 11383 1:0 13507
11408 11351 1:0 13581
11417 5622 21:0 11474
11458 11353 1:0 13513
11468 7100 1:0 13661
11478 7101 1:0 13595
11480 5633 21:0 11502
11501 5627 0:0 11502
11501 5632 0:0 11502
11501 5631 0:0 11502
11501 5634 0:0 11502
11501 5630 0:0 11502
11501 5629 0:0 11502
11503 7102 1:0 13595
11503 7099 1:0 13595
11503 7103 1:0 13595
11510 7104 1:0 13595
11511 11350 1:0 13728
11511 11320 1:0 13812
11520 7245 1:0 13816
11520 7246 1:0 13817
11520 7250 1:0 13817
11520 7244 1:0 13817
11520 7251 1:0 13902
11526 7249 1:0 13816
11526 7248 1:0 13817
11530 7247 1:0 13816
11559 11319 1:0 13939
11608 11318 1:0 13938
11629 11317 1:0 13949
11689 11286 1:0 14026
11698 5781 21:0 11723
11699 7396 1:0 14113
11721 5780 0:0 11723
11721 5779 0:0 11723
11721 5777 0:0 11723
11721 5776 0:0 11723
11722 5778 0:0 11723
11724 11287 1:0 13955
11724 7394 1:0 14037
11731 7397 1:0 14037
11731 7395 1:0 14037
11732 7398 1:0 14037
11732 7393 1:0 14038
11741 11285 1:0 14159
11741 11284 1:0 14170
11747 11254 1:0 14254
11749 7544 1:0 14343
11752 7541 1:0 14258
11768 7540 1:0 14259
11780 7545 1:0 14258
11821 7538 1:0 14259
11829 7542 1:0 14259
11849 7543 1:0 14258
11900 11253 1:0 14381
11912 5925 21:0 11944
11920 11252 1:0 14380
11942 5927 0:0 11944
11943 5924 0:0 11944
11943 5928 0:0 11944
11943 5923 0:0 11944
11943 5926 0:0 11944
11943 5922 0:0 11944
11945 11251 1:0 14391
11945 7687 1:0 14544
11945 7688 1:0 14545
11952 7689 1:0 14554
11952 7690 1:0 14555
11953 7691 1:0 14564
11953 7692 1:0 14565
11953 7780 1:0 14605
12123 6070 21:0 12165
12163 6074 0:0 12165
12163 6072 0:0 12165
12164 6071 0:0 12165
12164 6073 0:0 12165
12164 6075 0:0 12165
12341 6218 21:0 12386
12384 6219 0:0 12386
12384 6221 0:0 12386
12384 6217 0:0 12386
12385 6220 0:0 12386
12385 6222 0:0 12386
12562 6365 21:0 12607
12605 6368 0:0 12607
12605 6366 0:0 12607
12606 6369 0:0 12607
12606 6367 0:0 12607
12606 6364 0:0 12607
12606 6362 0:0 12607
12784 6509 0:0 12793
12793 6514 21:0 12828
12826 6511 0:0 12828
12826 6513 0:0 12828
12826 6512 0:0 12828
12826 6515 0:0 12828
12827 6516 0:0 12828
13005 6656 0:0 13014
13027 6662 21:0 13049
13048 6659 0:0 13049
13048 6661 0:0 13049
13048 6660 0:0 13049
13048 6658 0:0 13049
13048 6663 0:0 13049
13238 6807 21:0 13270
13268 6809 0:0 13270
13269 6805 0:0 13270
13269 6810 0:0 13270
13269 6806 0:0 13270
13269 6808 0:0 13270
13459 6954 21:0 13491
13489 6956 0:0 13491
13490 6955 0:0 13491
13490 6944 0:0 13491
13490 6945 0:0 13491
13490 6950 0:0 13491
13490 6957 0:0 13491
13490 6953 0:0 13491
13490 6952 0:0 13491
13667 7100 21:0 13712
13710 7103 0:0 13712
13710 7099 0:0 13712
13710 7101 0:0 13712
13711 7104 0:0 13712
13711 7102 0:0 13712
13908 7251 21:0 13933
13931 7250 0:0 13933
13931 7249 0:0 13933
13931 7248 0:0 13933
13931 7247 0:0 13933
13932 7246 0:0 13933
13932 7245 0:0 13933
13932 7244 0:0 13933
14119 7396 21:0 14154
14152 7395 0:0 14154
14152 7394 0:0 14154
14152 7393 0:0 14154
14153 7397 0:0 14154
14153 7398 0:0 14154
14353 7544 21:0 14375
14374 7540 0:0 14375
14374 7545 0:0 14375
14374 7541 0:0 14375
14374 7538 0:0 14375
14374 7542 0:0 14375
14374 7543 0:0 14375
14611 7780 21:0 52
