255 48324 0:0 257
255 48226 0:0 257
256 48323 0:0 257
256 48227 0:0 257
256 48225 0:0 257
256 48229 0:0 258
256 48223 0:0 258
257 48230 0:0 259
257 48224 0:0 259
292 48231 0:0 304
292 48232 0:0 304
292 48233 0:0 304
292 48234 0:0 304
292 48235 0:0 304
358 48494 21:0 366
365 48496 21:0 416
434 48527 21:0 442
441 48528 0:0 442
441 48529 21:0 492
510 48560 21:0 518
518 48563 21:0 584
586 48593 21:0 594
594 48596 21:0 660
662 48626 0:0 665
667 48628 21:0 684
669 48627 0:0 670
738 48659 21:0 746
745 48660 21:0 796
819 48694 21:0 836
895 48726 0:0 898
898 48728 21:0 964
966 48758 0:0 969
971 48760 21:0 988
988 48761 0:0 1024
1047 48793 21:0 1064
1123 48826 21:0 1140
1194 48857 21:0 1202
1201 48858 21:0 1252
1252 48860 0:0 1268
1269 48860 1:0 3215
1575 49023 21:0 1583
1582 49025 0:0 1583
1582 49024 21:0 1628
1627 49026 0:0 1638
1651 49056 21:0 1659
1658 49058 0:0 1659
1658 49057 21:0 1709
1709 49059 0:0 1725
1727 49089 21:0 1735
1734 49090 0:0 1735
1734 49091 21:0 1785
1785 49092 0:0 1801
1803 49122 21:0 1811
1810 49124 0:0 1811
1810 49123 0:0 1811
1811 49125 21:0 1877
1879 49155 0:0 1882
1884 49156 21:0 1901
1886 49157 0:0 1887
1901 49158 0:0 1937
1955 49188 21:0 1963
1962 49189 0:0 1963
1962 49190 21:0 2013
2013 49191 0:0 2029
2031 49221 21:0 2039
2038 49222 0:0 2039
2038 49223 21:0 2089
2089 49224 0:0 2105
2107 49254 21:0 2115
2114 49256 0:0 2115
2114 49255 21:0 2165
2165 49257 0:0 2181
2183 49287 21:0 2191
2190 49289 0:0 2191
2190 49288 21:0 2241
2241 49290 0:0 2257
2259 49320 21:0 2267
2266 49322 0:0 2267
2266 49321 21:0 2317
2317 49323 0:0 2333
2335 49353 21:0 2343
2342 49354 0:0 2343
2342 49355 21:0 2393
2393 49356 0:0 2409
2411 49386 21:0 2419
2418 49387 0:0 2419
2418 49388 21:0 2469
2469 49389 0:0 2485
2487 49419 21:0 2495
2494 49421 0:0 2495
2494 49420 21:0 2545
2545 49422 0:0 2561
2563 49452 21:0 2571
2570 49453 0:0 2571
2570 49454 21:0 2621
2736 48858 1:0 3221
2737 48857 1:0 3231
2745 48826 1:0 3344
2745 48793 1:0 3466
2762 328 21:0 2776
2769 48761 1:0 3581
2858 48760 1:0 3588
2859 48758 1:0 3597
2867 48728 1:0 3703
2867 48726 1:0 3709
2877 48694 1:0 3832
2980 48660 1:0 3953
2981 48659 1:0 3963
2989 48627 1:0 4075
2989 48628 1:0 4076
2999 48626 1:0 4085
3102 48596 1:0 4191
3103 48593 1:0 4207
3111 48563 1:0 4313
3111 48560 1:0 4329
3121 48529 1:0 4442
3224 48528 1:0 4441
3225 48527 1:0 4451
3233 48496 1:0 4564
3233 48494 1:0 4573
3239 329 1:0 5895
3257 49454 1:0 6167
4745 50465 21:0 4753
4752 50467 0:0 4753
4752 50466 21:0 4803
4803 50468 0:0 4819
4821 50498 21:0 4829
4828 50500 0:0 4829
4828 50499 21:0 4879
4879 50501 0:0 4895
4897 50531 21:0 4905
4904 50533 0:0 4905
4904 50532 21:0 4955
4955 50534 0:0 4971
4973 50564 21:0 4981
4980 50566 0:0 4981
4980 50565 21:0 5031
5031 50567 0:0 5047
5049 50597 21:0 5057
5056 50599 0:0 5057
5056 50598 21:0 5107
5107 50600 0:0 5123
5125 50630 21:0 5133
5132 50631 0:0 5133
5132 50632 21:0 5183
5183 50633 0:0 5199
5201 50663 21:0 5209
5208 50664 0:0 5209
5208 50665 21:0 5259
5259 50666 0:0 5275
5277 50696 21:0 5285
5284 50698 0:0 5285
5284 50697 21:0 5335
5335 50699 0:0 5351
5353 50729 21:0 5361
5360 50730 0:0 5361
5360 50731 0:0 5361
5361 50732 21:0 5427
5429 50762 0:0 5432
5434 50763 21:0 5451
5436 50764 0:0 5437
5451 50765 0:0 5487
5505 50795 21:0 5513
5510 50797 0:0 5513
5510 50796 0:0 5513
5513 50798 21:0 5579
5581 50828 21:0 5589
5588 50830 0:0 5589
5588 50829 21:0 5639
5657 50861 21:0 5665
5738 50895 21:0 5755
5740 50896 0:0 5741
5755 50897 0:0 5791
5809 50927 0:0 5812
5814 50929 21:0 5831
5816 50928 0:0 5817
5907 49453 1:0 6166
5908 49452 1:0 6177
5917 49422 1:0 6290
5917 49420 1:0 6297
5925 49421 1:0 6298
5936 329 21:0 5950
5944 49419 1:0 6308
6038 49389 1:0 6421
6039 49387 1:0 6428
6039 49388 1:0 6429
6048 49386 1:0 6439
6048 49356 1:0 6552
6056 49355 1:0 6560
6075 49354 1:0 6559
6169 49353 1:0 6570
6170 49323 1:0 6683
6179 49321 1:0 6690
6179 49322 1:0 6691
6185 49320 1:0 6701
6189 49290 1:0 6814
6206 49288 1:0 6821
6300 49289 1:0 6822
6301 49287 1:0 6832
6310 49257 1:0 6945
6310 49255 1:0 6952
6316 49256 1:0 6953
6320 49254 1:0 6963
6349 49224 1:0 7076
6431 49223 1:0 7084
6432 49222 1:0 7083
6441 49221 1:0 7094
6441 49191 1:0 7207
6447 49190 1:0 7215
6452 49189 1:0 7214
6480 49188 1:0 7225
6562 49158 1:0 7338
6563 49156 1:0 7345
6572 49157 1:0 7346
6572 49155 1:0 7356
6578 49125 1:0 7469
6583 49124 1:0 7477
6611 49123 1:0 7476
6693 49122 1:0 7487
6694 49092 1:0 7600
6703 49090 1:0 7607
6703 49091 1:0 7608
6709 49089 1:0 7618
6729 49059 1:0 7731
6783 49057 1:0 7738
6824 49058 1:0 7739
6825 49056 1:0 7749
6834 49026 1:0 7862
6834 49024 1:0 7869
6842 49025 1:0 7870
6860 49023 1:0 7880
6861 330 1:0 9210
6955 50929 1:0 9351
6956 50928 1:0 9350
8060 51907 21:0 8068
8067 51908 0:0 8068
8067 51909 21:0 8118
8118 51910 0:0 8134
8136 51940 21:0 8144
8143 51941 0:0 8144
8143 51942 21:0 8194
8194 51943 0:0 8210
8212 51973 21:0 8220
8219 51975 0:0 8220
8219 51974 21:0 8270
8270 51976 0:0 8286
8288 52006 21:0 8296
8295 52008 0:0 8296
8295 52007 21:0 8346
8346 52009 0:0 8362
8364 52039 21:0 8372
8371 52041 0:0 8372
8371 52040 21:0 8422
8422 52042 0:0 8438
8440 52072 21:0 8448
8447 52073 0:0 8448
8447 52074 21:0 8498
8498 52075 0:0 8514
8516 52105 21:0 8524
8523 52107 0:0 8524
8523 52106 21:0 8574
8574 52108 0:0 8590
8592 52138 0:0 8595
8597 52140 21:0 8614
8599 52139 0:0 8600
8614 52141 0:0 8650
8668 52171 21:0 8676
8675 52172 0:0 8676
8675 52173 21:0 8726
8726 52174 0:0 8742
8744 52204 21:0 8752
8751 52206 0:0 8752
8751 52205 21:0 8802
8802 52207 0:0 8818
8820 52237 0:0 8823
8825 52238 21:0 8842
8827 52239 0:0 8828
8842 52240 0:0 8878
8896 52270 21:0 8904
8903 52271 0:0 8904
8903 52272 21:0 8954
8954 52273 0:0 8970
8972 52303 0:0 8975
8977 52305 21:0 8994
8979 52304 0:0 8980
8994 52306 0:0 9030
9048 52336 21:0 9056
9055 52338 0:0 9056
9055 52337 21:0 9106
9106 52339 0:0 9122
9222 50927 1:0 9361
9223 50897 1:0 9474
9232 50895 1:0 9481
9232 50896 1:0 9482
9240 50861 1:0 9623
9251 330 21:0 9265
9259 50829 1:0 9743
9353 50830 1:0 9744
9354 50828 1:0 9754
9354 50798 1:0 9867
9363 50796 1:0 9874
9363 50797 1:0 9875
9371 50795 1:0 9885
9390 50765 1:0 9998
9484 50763 1:0 10005
9485 50764 1:0 10006
9494 50762 1:0 10016
9494 50732 1:0 10129
9500 50731 1:0 10137
9504 50730 1:0 10136
9521 50729 1:0 10147
9615 50699 1:0 10260
9616 50697 1:0 10267
9625 50698 1:0 10268
9625 50696 1:0 10278
9631 50666 1:0 10391
9635 50665 1:0 10399
9664 50664 1:0 10398
9746 50663 1:0 10409
9747 50633 1:0 10522
9756 50631 1:0 10529
9756 50632 1:0 10530
9762 50630 1:0 10540
9767 50600 1:0 10653
9795 50598 1:0 10660
9877 50599 1:0 10661
9878 50597 1:0 10671
9887 50567 1:0 10784
9887 50565 1:0 10791
9893 50566 1:0 10792
9898 50564 1:0 10802
9926 50534 1:0 10915
10008 50532 1:0 10922
10009 50533 1:0 10923
10018 50531 1:0 10933
10018 50501 1:0 11046
10024 50499 1:0 11053
10044 50500 1:0 11054
10098 50498 1:0 11064
10139 50468 1:0 11177
10140 50466 1:0 11184
10149 50467 1:0 11185
10149 50465 1:0 11195
10155 331 1:0 12525
11375 53349 21:0 11383
11382 53351 0:0 11383
11382 53350 21:0 11433
11433 53352 0:0 11449
11451 53382 21:0 11459
11458 53384 0:0 11459
11458 53383 21:0 11509
11509 53385 0:0 11525
11527 53415 21:0 11535
11534 53417 0:0 11535
11534 53416 21:0 11585
11585 53418 0:0 11601
11603 53448 21:0 11611
11610 53450 0:0 11611
11610 53449 21:0 11661
11661 53451 0:0 11677
11679 53481 21:0 11687
11686 53482 0:0 11687
11686 53483 21:0 11737
11737 53484 0:0 11753
11755 53514 21:0 11763
11762 53516 0:0 11763
11762 53515 21:0 11813
11813 53517 0:0 11829
11831 53547 21:0 11839
11838 53548 0:0 11839
11838 53549 0:0 11839
11839 53550 21:0 11905
11907 53580 21:0 11915
11914 53581 0:0 11915
11914 53582 21:0 11965
11965 53583 0:0 11981
11983 53613 0:0 11986
11988 53615 21:0 12005
11990 53614 0:0 11991
12005 53616 0:0 12041
12059 53646 21:0 12067
12066 53648 0:0 12067
12066 53647 21:0 12117
12117 53649 0:0 12133
12135 53679 21:0 12143
12142 53680 0:0 12143
12142 53681 0:0 12143
12143 53682 21:0 12209
12211 53712 21:0 12219
12216 53714 0:0 12219
12218 53713 0:0 12219
12219 53715 21:0 12285
12287 53745 21:0 12295
12294 53747 0:0 12295
12294 53746 21:0 12345
12345 53748 0:0 12361
12537 52339 1:0 12789
12538 52337 1:0 12796
12547 52338 1:0 12797
12547 52336 1:0 12807
12555 52306 1:0 12920
12566 331 21:0 12580
12574 52305 1:0 12928
12668 52304 1:0 12927
12669 52303 1:0 12938
12669 52273 1:0 13051
12678 52271 1:0 13058
12678 52272 1:0 13059
12686 52270 1:0 13069
12705 52240 1:0 13182
12799 52238 1:0 13189
12800 52239 1:0 13190
12809 52237 1:0 13200
12809 52207 1:0 13313
12815 52205 1:0 13320
12819 52206 1:0 13321
12836 52204 1:0 13331
12930 52174 1:0 13444
12931 52173 1:0 13452
12940 52172 1:0 13451
12940 52171 1:0 13462
12946 52141 1:0 13575
12950 52140 1:0 13583
12979 52139 1:0 13582
13061 52138 1:0 13593
13062 52108 1:0 13706
13071 52106 1:0 13713
13071 52107 1:0 13714
13077 52105 1:0 13724
13082 52075 1:0 13837
13110 52074 1:0 13845
13192 52073 1:0 13844
13193 52072 1:0 13855
13202 52042 1:0 13968
13202 52040 1:0 13975
13208 52041 1:0 13976
13213 52039 1:0 13986
13241 52009 1:0 14099
13323 52007 1:0 14106
13324 52008 1:0 14107
13333 52006 1:0 14117
13333 51976 1:0 14230
13339 51974 1:0 14237
13359 51975 1:0 14238
13413 51973 1:0 14248
13454 51943 1:0 14361
13455 51942 1:0 14369
13464 51941 1:0 14368
13464 51940 1:0 14379
13472 51910 1:0 14492
13490 51909 1:0 14500
13491 332 1:0 15840
13585 51908 1:0 14499
13586 51907 1:0 14510
13595 53748 1:0 16235
14690 54791 21:0 14698
14697 54792 0:0 14698
14697 54793 21:0 14748
14748 54794 0:0 14764
14766 54824 21:0 14774
14773 54825 0:0 14774
14773 54826 21:0 14824
14824 54827 0:0 14840
14842 54857 21:0 14850
14849 54858 0:0 14850
14849 54859 21:0 14900
14900 54860 0:0 14916
14918 54890 21:0 14926
14925 54892 0:0 14926
14925 54891 21:0 14976
14976 54893 0:0 14992
14994 54923 21:0 15002
15001 54924 0:0 15002
15001 54925 21:0 15052
15052 54926 0:0 15068
15070 54956 21:0 15078
15077 54958 0:0 15078
15077 54957 21:0 15128
15128 54959 0:0 15144
15146 54989 21:0 15154
15153 54990 0:0 15154
15153 54991 21:0 15204
15204 54992 0:0 15220
15222 55022 21:0 15230
15229 55024 0:0 15230
15229 55023 21:0 15280
15280 55025 0:0 15296
15298 55055 0:0 15301
15303 55057 21:0 15320
15305 55056 0:0 15306
15320 55058 0:0 15356
15374 55088 0:0 15377
15379 55090 21:0 15396
15381 55089 0:0 15382
15396 55091 0:0 15432
15450 55121 21:0 15458
15457 55122 0:0 15458
15457 55123 0:0 15458
15458 55124 21:0 15524
15526 55154 0:0 15529
15531 55156 21:0 15548
15533 55155 0:0 15534
15548 55157 0:0 15584
15602 55187 0:0 15605
15607 55189 21:0 15624
15609 55188 0:0 15610
15624 55190 0:0 15660
15678 55220 0:0 15681
15683 55221 21:0 15700
15685 55222 0:0 15686
15700 55223 0:0 15736
15754 55253 21:0 15762
15852 53746 1:0 16242
15853 53747 1:0 16243
15862 53745 1:0 16253
15862 53715 1:0 16366
15870 53714 1:0 16374
15881 332 21:0 15895
15889 53713 1:0 16373
15983 53712 1:0 16384
15984 53682 1:0 16497
15984 53680 1:0 16504
15993 53681 1:0 16505
15993 53679 1:0 16515
16001 53649 1:0 16628
16020 53647 1:0 16635
16114 53648 1:0 16636
16115 53646 1:0 16646
16124 53616 1:0 16759
16124 53615 1:0 16767
16130 53614 1:0 16766
16134 53613 1:0 16777
16151 53583 1:0 16890
16245 53582 1:0 16898
16246 53581 1:0 16897
16255 53580 1:0 16908
16255 53550 1:0 17021
16261 53549 1:0 17029
16265 53548 1:0 17028
16294 53547 1:0 17039
16376 53517 1:0 17152
16377 53515 1:0 17159
16386 53516 1:0 17160
16386 53514 1:0 17170
16392 53484 1:0 17283
16397 53483 1:0 17291
16425 53482 1:0 17290
16507 53481 1:0 17301
16508 53451 1:0 17414
16517 53449 1:0 17421
16517 53450 1:0 17422
16523 53448 1:0 17432
16528 53418 1:0 17545
16556 53416 1:0 17552
16638 53417 1:0 17553
16639 53415 1:0 17563
16648 53385 1:0 17676
16648 53383 1:0 17683
16654 53384 1:0 17684
16674 53382 1:0 17694
16728 53352 1:0 17807
16769 53350 1:0 17814
16770 53351 1:0 17815
16779 53349 1:0 17825
16779 333 1:0 19155
16785 55253 1:0 19306
16789 55223 1:0 19419
16806 55221 1:0 19426
16900 55222 1:0 19427
16901 55220 1:0 19437
16910 55190 1:0 19550
18005 56233 21:0 18013
18012 56235 0:0 18013
18012 56234 21:0 18063
18063 56236 0:0 18079
18081 56266 21:0 18089
18088 56268 0:0 18089
18088 56267 21:0 18139
18139 56269 0:0 18155
18157 56299 21:0 18165
18164 56300 0:0 18165
18164 56301 21:0 18215
18215 56302 0:0 18231
18233 56332 21:0 18241
18240 56333 0:0 18241
18240 56334 21:0 18291
18291 56335 0:0 18307
18309 56365 21:0 18317
18316 56366 0:0 18317
18316 56367 21:0 18367
18367 56368 0:0 18383
18385 56398 21:0 18393
18392 56399 0:0 18393
18392 56400 21:0 18443
18443 56401 0:0 18459
18461 56431 21:0 18469
18468 56432 0:0 18469
18468 56433 21:0 18519
18519 56434 0:0 18535
18537 56464 21:0 18545
18544 56465 0:0 18545
18544 56466 21:0 18595
18595 56467 0:0 18611
18613 56497 0:0 18616
18618 56498 21:0 18635
18620 56499 0:0 18621
18635 56500 0:0 18671
18689 56530 21:0 18697
18694 56532 0:0 18697
18696 56531 0:0 18697
18697 56533 21:0 18763
18765 56563 21:0 18773
18772 56564 0:0 18773
18772 56565 21:0 18823
18823 56566 0:0 18839
18841 56596 21:0 18849
18848 56597 0:0 18849
18848 56598 21:0 18899
18899 56599 0:0 18915
18917 56629 21:0 18925
18924 56630 0:0 18925
18924 56631 21:0 18975
18993 56662 0:0 18996
18998 56663 21:0 19015
19000 56664 0:0 19001
19015 56665 0:0 19051
19069 56695 21:0 19077
19077 56698 21:0 19143
19167 55189 1:0 19558
19168 55188 1:0 19557
19177 55187 1:0 19568
19177 55157 1:0 19681
19185 55156 1:0 19689
19196 333 21:0 19210
19204 55155 1:0 19688
19298 55154 1:0 19699
19299 55124 1:0 19812
19299 55122 1:0 19819
19308 55123 1:0 19820
19308 55121 1:0 19830
19316 55091 1:0 19943
19335 55090 1:0 19951
19429 55089 1:0 19950
19430 55088 1:0 19961
19439 55058 1:0 20074
19439 55057 1:0 20082
19445 55056 1:0 20081
19449 55055 1:0 20092
19466 55025 1:0 20205
19560 55023 1:0 20212
19561 55024 1:0 20213
19570 55022 1:0 20223
19570 54992 1:0 20336
19576 54991 1:0 20344
19580 54990 1:0 20343
19609 54989 1:0 20354
19691 54959 1:0 20467
19692 54957 1:0 20474
19701 54958 1:0 20475
19701 54956 1:0 20485
19707 54926 1:0 20598
19712 54925 1:0 20606
19740 54924 1:0 20605
19822 54923 1:0 20616
19823 54893 1:0 20729
19832 54891 1:0 20736
19832 54892 1:0 20737
19838 54890 1:0 20747
19843 54860 1:0 20860
19871 54859 1:0 20868
19953 54858 1:0 20867
19954 54857 1:0 20878
19963 54827 1:0 20991
19963 54826 1:0 20999
19969 54825 1:0 20998
19989 54824 1:0 21009
20043 54794 1:0 21122
20084 54793 1:0 21130
20085 54792 1:0 21129
20094 54791 1:0 21140
20094 334 1:0 22470
20100 56698 1:0 22603
21320 57675 21:0 21328
21327 57676 0:0 21328
21327 57677 21:0 21378
21378 57678 0:0 21394
21396 57708 21:0 21404
21403 57710 0:0 21404
21403 57709 21:0 21454
21454 57711 0:0 21470
21472 57741 21:0 21480
21479 57742 0:0 21480
21479 57743 21:0 21530
21530 57744 0:0 21546
21548 57774 21:0 21556
21555 57775 0:0 21556
21555 57776 21:0 21606
21606 57777 0:0 21622
21624 57807 21:0 21632
21631 57808 0:0 21632
21631 57809 21:0 21682
21682 57810 0:0 21698
21700 57840 21:0 21708
21707 57842 0:0 21708
21707 57841 21:0 21758
21758 57843 0:0 21774
21776 57873 21:0 21784
21783 57874 0:0 21784
21783 57875 21:0 21834
21834 57876 0:0 21850
21852 57906 21:0 21860
21859 57908 0:0 21860
21859 57907 21:0 21910
21910 57909 0:0 21926
21928 57939 21:0 21936
21935 57941 0:0 21936
21935 57940 0:0 21936
21936 57942 21:0 22002
22004 57972 21:0 22012
22011 57974 0:0 22012
22011 57973 0:0 22012
22012 57975 21:0 22078
22080 58005 21:0 22088
22087 58007 0:0 22088
22087 58006 21:0 22138
22138 58008 0:0 22154
22156 58038 21:0 22164
22163 58039 0:0 22164
22163 58040 21:0 22214
22214 58041 0:0 22230
22232 58071 21:0 22240
22239 58072 0:0 22240
22239 58073 21:0 22290
22290 58074 0:0 22306
22482 56695 1:0 22621
22483 56665 1:0 22734
22492 56663 1:0 22741
22492 56664 1:0 22742
22500 56662 1:0 22752
22511 334 21:0 22525
22519 56631 1:0 22873
22613 56630 1:0 22872
22614 56629 1:0 22883
22614 56599 1:0 22996
22623 56597 1:0 23003
22623 56598 1:0 23004
22631 56596 1:0 23014
22650 56566 1:0 23127
22744 56565 1:0 23135
22745 56564 1:0 23134
22754 56563 1:0 23145
22754 56533 1:0 23258
22760 56531 1:0 23265
22764 56532 1:0 23266
22781 56530 1:0 23276
22875 56500 1:0 23389
22876 56498 1:0 23396
22885 56499 1:0 23397
22885 56497 1:0 23407
22891 56467 1:0 23520
22895 56466 1:0 23528
22924 56465 1:0 23527
23006 56464 1:0 23538
23007 56434 1:0 23651
23016 56432 1:0 23658
23016 56433 1:0 23659
23022 56431 1:0 23669
23027 56401 1:0 23782
23055 56400 1:0 23790
23137 56399 1:0 23789
23138 56398 1:0 23800
23147 56368 1:0 23913
23147 56367 1:0 23921
23153 56366 1:0 23920
23158 56365 1:0 23931
23186 56335 1:0 24044
23268 56334 1:0 24052
23269 56333 1:0 24051
23278 56332 1:0 24062
23278 56302 1:0 24175
23284 56301 1:0 24183
23304 56300 1:0 24182
23358 56299 1:0 24193
23399 56269 1:0 24306
23400 56267 1:0 24313
23409 56268 1:0 24314
23409 56266 1:0 24324
23417 56236 1:0 24437
23435 56234 1:0 24444
23436 335 1:0 25785
23530 56235 1:0 24445
23531 56233 1:0 24455
23540 58074 1:0 26180
24635 59117 21:0 24643
24642 59118 0:0 24643
24642 59119 21:0 24693
24693 59120 0:0 24709
24711 59150 21:0 24719
24718 59151 0:0 24719
24718 59152 21:0 24769
24769 59153 0:0 24785
24787 59183 21:0 24795
24794 59185 0:0 24795
24794 59184 21:0 24845
24845 59186 0:0 24861
24863 59216 21:0 24871
24870 59217 0:0 24871
24870 59218 21:0 24921
24921 59219 0:0 24937
24939 59249 21:0 24947
24946 59250 0:0 24947
24946 59251 21:0 24997
24997 59252 0:0 25013
25015 59282 21:0 25023
25022 59283 0:0 25023
25022 59284 21:0 25073
25073 59285 0:0 25089
25091 59315 21:0 25099
25098 59317 0:0 25099
25098 59316 21:0 25149
25149 59318 0:0 25165
25167 59348 21:0 25175
25174 59349 0:0 25175
25174 59350 21:0 25225
25225 59351 0:0 25241
25243 59381 0:0 25246
25248 59383 21:0 25265
25250 59382 0:0 25251
25265 59384 0:0 25301
25319 59414 0:0 25322
25324 59415 21:0 25341
25326 59416 0:0 25327
25341 59417 0:0 25377
25395 59447 21:0 25403
25402 59448 0:0 25403
25402 59449 21:0 25453
25453 59450 0:0 25469
25471 59480 21:0 25479
25476 59481 0:0 25479
25476 59482 0:0 25479
25479 59483 21:0 25545
25547 59513 21:0 25555
25554 59515 0:0 25555
25554 59514 0:0 25555
25555 59516 21:0 25621
25623 59546 0:0 25626
25628 59547 21:0 25645
25630 59548 0:0 25631
25645 59549 0:0 25681
25699 59579 21:0 25707
25797 58073 1:0 26188
25798 58072 1:0 26187
25807 58071 1:0 26198
25807 58041 1:0 26311
25815 58040 1:0 26319
25826 335 21:0 25840
25834 58039 1:0 26318
25928 58038 1:0 26329
25929 58008 1:0 26442
25929 58006 1:0 26449
25938 58007 1:0 26450
25938 58005 1:0 26460
25946 57975 1:0 26573
25965 57973 1:0 26580
26059 57974 1:0 26581
26060 57972 1:0 26591
26069 57942 1:0 26704
26069 57941 1:0 26712
26075 57940 1:0 26711
26079 57939 1:0 26722
26096 57909 1:0 26835
26190 57907 1:0 26842
26191 57908 1:0 26843
26200 57906 1:0 26853
26200 57876 1:0 26966
26206 57875 1:0 26974
26210 57874 1:0 26973
26239 57873 1:0 26984
26321 57843 1:0 27097
26322 57841 1:0 27104
26331 57842 1:0 27105
26331 57840 1:0 27115
26337 57810 1:0 27228
26342 57809 1:0 27236
26370 57808 1:0 27235
26452 57807 1:0 27246
26453 57777 1:0 27359
26462 57775 1:0 27366
26462 57776 1:0 27367
26468 57774 1:0 27377
26473 57744 1:0 27490
26501 57743 1:0 27498
26583 57742 1:0 27497
26584 57741 1:0 27508
26593 57711 1:0 27621
26593 57709 1:0 27628
26599 57710 1:0 27629
26619 57708 1:0 27639
26673 57678 1:0 27752
26714 57677 1:0 27760
26715 57676 1:0 27759
26724 57675 1:0 27770
26724 336 1:0 29100
26730 59579 1:0 29251
26734 59549 1:0 29364
26751 59547 1:0 29371
26845 59548 1:0 29372
26846 59546 1:0 29382
27950 60559 21:0 27958
27957 60560 0:0 27958
27957 60561 21:0 28008
28008 60562 0:0 28024
28026 60592 21:0 28034
28033 60594 0:0 28034
28033 60593 21:0 28084
28084 60595 0:0 28100
28102 60625 21:0 28110
28109 60626 0:0 28110
28109 60627 21:0 28160
28160 60628 0:0 28176
28178 60658 21:0 28186
28185 60660 0:0 28186
28185 60659 21:0 28236
28236 60661 0:0 28252
28254 60691 21:0 28262
28261 60693 0:0 28262
28261 60692 21:0 28312
28312 60694 0:0 28328
28330 60724 21:0 28338
28337 60726 0:0 28338
28337 60725 21:0 28388
28388 60727 0:0 28404
28406 60757 21:0 28414
28413 60759 0:0 28414
28413 60758 21:0 28464
28464 60760 0:0 28480
28482 60790 21:0 28490
28489 60792 0:0 28490
28489 60791 21:0 28540
28540 60793 0:0 28556
28558 60823 21:0 28566
28565 60825 0:0 28566
28565 60824 21:0 28616
28616 60826 0:0 28632
28634 60856 21:0 28642
28641 60857 0:0 28642
28641 60858 21:0 28692
28692 60859 0:0 28708
28710 60889 21:0 28718
28717 60890 0:0 28718
28717 60891 0:0 28718
28718 60892 21:0 28784
28786 60922 0:0 28789
28791 60924 21:0 28808
28793 60923 0:0 28794
28808 60925 0:0 28844
28862 60955 21:0 28870
28869 60956 0:0 28870
28869 60957 0:0 28870
28870 60958 21:0 28936
28938 60988 0:0 28941
28943 60989 21:0 28960
28945 60990 0:0 28946
28960 60991 0:0 28996
29112 59516 1:0 29495
29113 59514 1:0 29502
29122 59515 1:0 29503
29122 59513 1:0 29513
29130 59483 1:0 29626
29141 336 21:0 29155
29149 59482 1:0 29634
29243 59481 1:0 29633
29244 59480 1:0 29644
29244 59450 1:0 29757
29253 59448 1:0 29764
29253 59449 1:0 29765
29261 59447 1:0 29775
29280 59417 1:0 29888
29374 59415 1:0 29895
29375 59416 1:0 29896
29384 59414 1:0 29906
29384 59384 1:0 30019
29390 59383 1:0 30027
29394 59382 1:0 30026
29411 59381 1:0 30037
29505 59351 1:0 30150
29506 59350 1:0 30158
29515 59349 1:0 30157
29515 59348 1:0 30168
29521 59318 1:0 30281
29525 59316 1:0 30288
29554 59317 1:0 30289
29636 59315 1:0 30299
29637 59285 1:0 30412
29646 59283 1:0 30419
29646 59284 1:0 30420
29652 59282 1:0 30430
29657 59252 1:0 30543
29685 59251 1:0 30551
29767 59250 1:0 30550
29768 59249 1:0 30561
29777 59219 1:0 30674
29777 59218 1:0 30682
29783 59217 1:0 30681
29788 59216 1:0 30692
29816 59186 1:0 30805
29898 59184 1:0 30812
29899 59185 1:0 30813
29908 59183 1:0 30823
29908 59153 1:0 30936
29914 59152 1:0 30944
29934 59151 1:0 30943
29988 59150 1:0 30954
30029 59120 1:0 31067
30030 59119 1:0 31075
30039 59118 1:0 31074
30039 59117 1:0 31085
30045 337 1:0 32415
30049 60991 1:0 32679
30066 60989 1:0 32686
30160 60990 1:0 32687
30161 60988 1:0 32697
31265 62001 21:0 31273
31272 62003 0:0 31273
31272 62002 21:0 31323
31323 62004 0:0 31339
31341 62034 21:0 31349
31348 62036 0:0 31349
31348 62035 21:0 31399
31399 62037 0:0 31415
31417 62067 21:0 31425
31424 62068 0:0 31425
31424 62069 21:0 31475
31475 62070 0:0 31491
31493 62100 21:0 31501
31500 62102 0:0 31501
31500 62101 21:0 31551
31551 62103 0:0 31567
31569 62133 21:0 31577
31576 62134 0:0 31577
31576 62135 21:0 31627
31627 62136 0:0 31643
31645 62166 21:0 31653
31652 62168 0:0 31653
31652 62167 21:0 31703
31703 62169 0:0 31719
31721 62199 21:0 31729
31728 62201 0:0 31729
31728 62200 21:0 31779
31779 62202 0:0 31795
31797 62232 0:0 31800
31802 62234 21:0 31819
31804 62233 0:0 31805
31819 62235 0:0 31855
31873 62265 21:0 31881
31880 62267 0:0 31881
31880 62266 21:0 31931
31931 62268 0:0 31947
31949 62298 21:0 31957
31956 62300 0:0 31957
31956 62299 0:0 31957
31957 62301 21:0 32023
32025 62331 0:0 32028
32030 62332 21:0 32047
32032 62333 0:0 32033
32047 62334 0:0 32083
32101 62364 21:0 32109
32106 62365 0:0 32109
32108 62366 0:0 32109
32109 62367 21:0 32175
32177 62397 0:0 32180
32182 62398 21:0 32199
32184 62399 0:0 32185
32199 62400 0:0 32235
32253 62430 0:0 32256
32258 62432 21:0 32275
32275 62433 0:0 32311
32329 62463 21:0 32337
32427 60958 1:0 32810
32428 60956 1:0 32817
32437 60957 1:0 32818
32437 60955 1:0 32828
32445 60925 1:0 32941
32456 337 21:0 32470
32464 60924 1:0 32949
32558 60923 1:0 32948
32559 60922 1:0 32959
32559 60892 1:0 33072
32568 60890 1:0 33079
32568 60891 1:0 33080
32576 60889 1:0 33090
32595 60859 1:0 33203
32689 60858 1:0 33211
32690 60857 1:0 33210
32699 60856 1:0 33221
32699 60826 1:0 33334
32705 60824 1:0 33341
32709 60825 1:0 33342
32726 60823 1:0 33352
32820 60793 1:0 33465
32821 60791 1:0 33472
32830 60792 1:0 33473
32830 60790 1:0 33483
32836 60760 1:0 33596
32840 60758 1:0 33603
32869 60759 1:0 33604
32951 60757 1:0 33614
32952 60727 1:0 33727
32961 60725 1:0 33734
32961 60726 1:0 33735
32967 60724 1:0 33745
32972 60694 1:0 33858
33000 60692 1:0 33865
33082 60693 1:0 33866
33083 60691 1:0 33876
33092 60661 1:0 33989
33092 60659 1:0 33996
33098 60660 1:0 33997
33103 60658 1:0 34007
33131 60628 1:0 34120
33213 60627 1:0 34128
33214 60626 1:0 34127
33223 60625 1:0 34138
33223 60595 1:0 34251
33229 60593 1:0 34258
33249 60594 1:0 34259
33303 60592 1:0 34269
33344 60562 1:0 34382
33345 60561 1:0 34390
33354 60560 1:0 34389
33354 60559 1:0 34400
33360 338 1:0 35730
33364 62463 1:0 35881
34580 63443 21:0 34588
34587 63444 0:0 34588
34587 63445 21:0 34638
34638 63446 0:0 34654
34656 63476 21:0 34664
34663 63478 0:0 34664
34663 63477 21:0 34714
34714 63479 0:0 34730
34732 63509 21:0 34740
34739 63511 0:0 34740
34739 63510 21:0 34790
34790 63512 0:0 34806
34808 63542 21:0 34816
34815 63543 0:0 34816
34815 63544 21:0 34866
34866 63545 0:0 34882
34884 63575 21:0 34892
34891 63577 0:0 34892
34891 63576 21:0 34942
34942 63578 0:0 34958
34960 63608 21:0 34968
34967 63609 0:0 34968
34967 63610 21:0 35018
35018 63611 0:0 35034
35036 63641 21:0 35044
35043 63642 0:0 35044
35043 63643 21:0 35094
35094 63644 0:0 35110
35112 63674 21:0 35120
35119 63676 0:0 35120
35119 63675 21:0 35170
35170 63677 0:0 35186
35188 63707 0:0 35191
35193 63708 21:0 35210
35195 63709 0:0 35196
35210 63710 0:0 35246
35264 63740 21:0 35272
35271 63741 0:0 35272
35271 63742 0:0 35272
35272 63743 21:0 35338
35340 63773 21:0 35348
35347 63774 0:0 35348
35347 63775 21:0 35398
35398 63776 0:0 35414
35416 63806 21:0 35424
35423 63808 0:0 35424
35423 63807 21:0 35474
35474 63809 0:0 35490
35492 63839 21:0 35500
35499 63841 0:0 35500
35499 63840 21:0 35550
35550 63842 0:0 35566
35568 63872 21:0 35576
35742 62433 1:0 35994
35743 62432 1:0 36002
35752 62430 1:0 36012
35752 62400 1:0 36125
35760 62398 1:0 36132
35771 338 21:0 35785
35779 62399 1:0 36133
35873 62397 1:0 36143
35874 62367 1:0 36256
35874 62365 1:0 36263
35883 62366 1:0 36264
35883 62364 1:0 36274
35891 62334 1:0 36387
35910 62332 1:0 36394
36004 62333 1:0 36395
36005 62331 1:0 36405
36014 62301 1:0 36518
36014 62299 1:0 36525
36020 62300 1:0 36526
36024 62298 1:0 36536
36041 62268 1:0 36649
36135 62266 1:0 36656
36136 62267 1:0 36657
36145 62265 1:0 36667
36145 62235 1:0 36780
36151 62234 1:0 36788
36155 62233 1:0 36787
36184 62232 1:0 36798
36266 62202 1:0 36911
36267 62200 1:0 36918
36276 62201 1:0 36919
36276 62199 1:0 36929
36282 62169 1:0 37042
36287 62167 1:0 37049
36315 62168 1:0 37050
36397 62166 1:0 37060
36398 62136 1:0 37173
36407 62134 1:0 37180
36407 62135 1:0 37181
36413 62133 1:0 37191
36418 62103 1:0 37304
36446 62101 1:0 37311
36528 62102 1:0 37312
36529 62100 1:0 37322
36538 62070 1:0 37435
36538 62069 1:0 37443
36544 62068 1:0 37442
36564 62067 1:0 37453
36618 62037 1:0 37566
36659 62035 1:0 37573
36660 62036 1:0 37574
36669 62034 1:0 37584
36669 62004 1:0 37697
36677 62002 1:0 37704
36695 62003 1:0 37705
36696 339 1:0 39045
36790 62001 1:0 37715
37895 64885 21:0 37903
37902 64886 0:0 37903
37902 64887 21:0 37953
37953 64888 0:0 37969
37971 64918 21:0 37979
37978 64920 0:0 37979
37978 64919 21:0 38029
38029 64921 0:0 38045
38047 64951 21:0 38055
38054 64953 0:0 38055
38054 64952 21:0 38105
38105 64954 0:0 38121
38123 64984 21:0 38131
38130 64985 0:0 38131
38130 64986 21:0 38181
38181 64987 0:0 38197
38199 65017 21:0 38207
38206 65018 0:0 38207
38206 65019 21:0 38257
38257 65020 0:0 38273
38275 65050 21:0 38283
38282 65052 0:0 38283
38282 65051 21:0 38333
38333 65053 0:0 38349
38351 65083 21:0 38359
38358 65084 0:0 38359
38358 65085 21:0 38409
38409 65086 0:0 38425
38427 65116 21:0 38435
38434 65118 0:0 38435
38434 65117 21:0 38485
38485 65119 0:0 38501
38503 65149 21:0 38511
38510 65150 0:0 38511
38510 65151 0:0 38511
38511 65152 21:0 38577
38579 65182 21:0 38587
38584 65184 0:0 38587
38584 65183 0:0 38587
38587 65185 21:0 38653
38655 65215 0:0 38658
38660 65217 21:0 38677
38662 65216 0:0 38663
38677 65218 0:0 38713
38731 65248 21:0 38739
38738 65249 0:0 38739
38738 65250 21:0 38789
38789 65251 0:0 38805
38807 65281 0:0 38810
38812 65282 21:0 38829
38814 65283 0:0 38815
38829 65284 0:0 38865
38883 65314 21:0 38891
38890 65316 0:0 38891
38890 65315 21:0 38941
39057 328 1:0 2725
39058 63872 1:0 39327
39067 63842 1:0 39440
39067 63840 1:0 39447
39073 63841 1:0 39448
39077 63839 1:0 39458
39086 339 21:0 39100
39101 63809 1:0 39571
39188 63807 1:0 39578
39189 63808 1:0 39579
39198 63806 1:0 39589
39198 63776 1:0 39702
39204 63775 1:0 39710
39208 63774 1:0 39709
39237 63773 1:0 39720
39319 63743 1:0 39833
39320 63741 1:0 39840
39329 63742 1:0 39841
39329 63740 1:0 39851
39335 63710 1:0 39964
39340 63708 1:0 39971
39368 63709 1:0 39972
39450 63707 1:0 39982
39451 63677 1:0 40095
39460 63675 1:0 40102
39460 63676 1:0 40103
39466 63674 1:0 40113
39471 63644 1:0 40226
39499 63643 1:0 40234
39581 63642 1:0 40233
39582 63641 1:0 40244
39591 63611 1:0 40357
39591 63610 1:0 40365
39597 63609 1:0 40364
39617 63608 1:0 40375
39671 63578 1:0 40488
39712 63576 1:0 40495
39713 63577 1:0 40496
39722 63575 1:0 40506
39722 63545 1:0 40619
39730 63544 1:0 40627
39748 63543 1:0 40626
39843 63542 1:0 40637
39844 63512 1:0 40750
39844 63510 1:0 40757
39853 63511 1:0 40758
39853 63509 1:0 40768
39861 63479 1:0 40881
39880 63477 1:0 40888
39974 63478 1:0 40889
39975 63476 1:0 40899
39984 63446 1:0 41012
39984 63445 1:0 41020
39990 63444 1:0 41019
39994 63443 1:0 41030
39995 340 1:0 42360
41210 66327 21:0 41218
41217 66328 0:0 41218
41217 66329 21:0 41268
41268 66330 0:0 41284
41286 66360 21:0 41294
41293 66361 0:0 41294
41293 66362 21:0 41344
41344 66363 0:0 41360
41362 66393 21:0 41370
41369 66394 0:0 41370
41369 66395 21:0 41420
41420 66396 0:0 41436
41438 66426 21:0 41446
41445 66428 0:0 41446
41445 66427 21:0 41496
41496 66429 0:0 41512
41514 66459 21:0 41522
41521 66461 0:0 41522
41521 66460 21:0 41572
41572 66462 0:0 41588
41590 66492 21:0 41598
41597 66493 0:0 41598
41597 66494 21:0 41648
41648 66495 0:0 41664
41666 66525 21:0 41674
41673 66526 0:0 41674
41673 66527 21:0 41724
41724 66528 0:0 41740
41742 66558 21:0 41750
41749 66560 0:0 41750
41749 66559 21:0 41800
41800 66561 0:0 41816
41818 66591 21:0 41826
41825 66592 0:0 41826
41825 66593 0:0 41826
41826 66594 21:0 41892
41894 66624 21:0 41902
41901 66625 0:0 41902
41901 66626 21:0 41952
41952 66627 0:0 41968
41970 66657 21:0 41978
41977 66658 0:0 41978
41977 66659 21:0 42028
42028 66660 0:0 42044
42046 66690 21:0 42054
42053 66691 0:0 42054
42053 66692 21:0 42104
42104 66693 0:0 42120
42122 66723 21:0 42130
42129 66725 0:0 42130
42129 66724 21:0 42180
42180 66726 0:0 42196
42203 66757 21:0 42220
42279 66791 21:0 42296
42372 65315 1:0 42631
42373 65316 1:0 42632
42382 65314 1:0 42642
42382 65284 1:0 42755
42388 65282 1:0 42762
42392 65283 1:0 42763
42401 340 21:0 42415
42416 65281 1:0 42773
42503 65251 1:0 42886
42504 65250 1:0 42894
42513 65249 1:0 42893
42513 65248 1:0 42904
42519 65218 1:0 43017
42523 65217 1:0 43025
42552 65216 1:0 43024
42634 65215 1:0 43035
42635 65185 1:0 43148
42644 65183 1:0 43155
42644 65184 1:0 43156
42650 65182 1:0 43166
42655 65152 1:0 43279
42683 65150 1:0 43286
42765 65151 1:0 43287
42766 65149 1:0 43297
42775 65119 1:0 43410
42775 65117 1:0 43417
42781 65118 1:0 43418
42786 65116 1:0 43428
42814 65086 1:0 43541
42896 65085 1:0 43549
42897 65084 1:0 43548
42906 65083 1:0 43559
42906 65053 1:0 43672
42912 65051 1:0 43679
42932 65052 1:0 43680
42986 65050 1:0 43690
43027 65020 1:0 43803
43028 65019 1:0 43811
43037 65018 1:0 43810
43037 65017 1:0 43821
43045 64987 1:0 43934
43063 64986 1:0 43942
43158 64985 1:0 43941
43159 64984 1:0 43952
43159 64954 1:0 44065
43168 64952 1:0 44072
43168 64953 1:0 44073
43176 64951 1:0 44083
43195 64921 1:0 44196
43289 64919 1:0 44203
43290 64920 1:0 44204
43299 64918 1:0 44214
43299 64888 1:0 44327
43305 64887 1:0 44335
43309 64886 1:0 44334
43326 64885 1:0 44345
43338 341 1:0 45675
43420 66791 1:0 45816
44525 67769 21:0 44533
44532 67771 0:0 44533
44532 67770 21:0 44583
44583 67772 0:0 44599
44601 67802 21:0 44609
44608 67804 0:0 44609
44608 67803 21:0 44659
44659 67805 0:0 44675
44677 67835 21:0 44685
44684 67836 0:0 44685
44684 67837 21:0 44735
44735 67838 0:0 44751
44753 67868 21:0 44761
44760 67870 0:0 44761
44760 67869 21:0 44811
44811 67871 0:0 44827
44829 67901 21:0 44837
44836 67903 0:0 44837
44836 67902 21:0 44887
44887 67904 0:0 44903
44905 67934 21:0 44913
44912 67936 0:0 44913
44912 67935 21:0 44963
44963 67937 0:0 44979
44981 67967 21:0 44989
44988 67968 0:0 44989
44988 67969 21:0 45039
45039 67970 0:0 45055
45057 68000 21:0 45065
45064 68002 0:0 45065
45064 68001 21:0 45115
45115 68003 0:0 45131
45133 68033 21:0 45141
45140 68035 0:0 45141
45140 68034 0:0 45141
45141 68036 21:0 45207
45209 68066 21:0 45217
45216 68067 0:0 45217
45216 68068 21:0 45267
45267 68069 0:0 45283
45285 68099 0:0 45288
45290 68101 21:0 45307
45292 68100 0:0 45293
45307 68102 0:0 45343
45361 68132 21:0 45369
45368 68133 0:0 45369
45368 68134 21:0 45419
45419 68135 0:0 45435
45437 68165 21:0 45445
45444 68167 0:0 45445
45444 68166 0:0 45445
45445 68168 21:0 45511
45513 68198 21:0 45521
45520 68200 0:0 45521
45520 68199 21:0 45571
45571 68201 0:0 45587
45687 66757 1:0 45946
45688 66726 1:0 46070
45697 66724 1:0 46077
45697 66725 1:0 46078
45703 66723 1:0 46088
45707 66693 1:0 46201
45716 341 21:0 45730
45731 66692 1:0 46209
45818 66691 1:0 46208
45819 66690 1:0 46219
45828 66660 1:0 46332
45828 66659 1:0 46340
45834 66658 1:0 46339
45838 66657 1:0 46350
45867 66627 1:0 46463
45949 66626 1:0 46471
45950 66625 1:0 46470
45959 66624 1:0 46481
45959 66594 1:0 46594
45965 66592 1:0 46601
45970 66593 1:0 46602
45998 66591 1:0 46612
46080 66561 1:0 46725
46081 66559 1:0 46732
46090 66560 1:0 46733
46090 66558 1:0 46743
46096 66528 1:0 46856
46101 66527 1:0 46864
46129 66526 1:0 46863
46211 66525 1:0 46874
46212 66495 1:0 46987
46221 66493 1:0 46994
46221 66494 1:0 46995
46227 66492 1:0 47005
46247 66462 1:0 47118
46301 66460 1:0 47125
46342 66461 1:0 47126
46343 66459 1:0 47136
46352 66429 1:0 47249
46352 66427 1:0 47256
46360 66428 1:0 47257
46378 66426 1:0 47267
46473 66396 1:0 47380
46474 66394 1:0 47387
46474 66395 1:0 47388
46483 66393 1:0 47398
46483 66363 1:0 47511
46491 66362 1:0 47519
46510 66361 1:0 47518
46522 342 1:0 48990
46604 66360 1:0 47529
46605 66330 1:0 47642
46614 66328 1:0 47649
46614 66329 1:0 47650
46620 66327 1:0 47660
46625 68201 1:0 49254
46653 68199 1:0 49261
46735 68200 1:0 49262
47840 69211 21:0 47848
47847 69212 0:0 47848
47847 69213 21:0 47898
47898 69214 0:0 47914
47916 69244 21:0 47924
47923 69245 0:0 47924
47923 69246 21:0 47974
47974 69247 0:0 47990
47992 69277 21:0 48000
47999 69279 0:0 48000
47999 69278 21:0 48050
48050 69280 0:0 48066
48068 69310 21:0 48076
48075 69311 0:0 48076
48075 69312 21:0 48126
48126 69313 0:0 48142
48144 69343 21:0 48152
48151 69345 0:0 48152
48151 69344 21:0 48202
48202 69346 0:0 48218
48220 69376 21:0 48228
48227 69378 0:0 48228
48227 69377 21:0 48278
48278 69379 0:0 48294
48296 69409 21:0 48304
48303 69410 0:0 48304
48303 69411 21:0 48354
48354 69412 0:0 48370
48372 69442 21:0 48380
48379 69443 0:0 48380
48379 69444 21:0 48430
48430 69445 0:0 48446
48448 69475 21:0 48456
48455 69476 0:0 48456
48455 69477 21:0 48506
48506 69478 0:0 48522
48524 69508 21:0 48532
48531 69510 0:0 48532
48531 69509 21:0 48582
48582 69511 0:0 48598
48600 69541 21:0 48608
48607 69543 0:0 48608
48607 69542 0:0 48608
48608 69544 21:0 48674
48676 69574 21:0 48684
48683 69575 0:0 48684
48683 69576 21:0 48734
48734 69577 0:0 48750
48752 69607 0:0 48755
48757 69608 21:0 48774
48759 69609 0:0 48760
48774 69610 0:0 48810
48828 69640 21:0 48836
48835 69642 0:0 48836
48835 69641 21:0 48886
48886 69643 0:0 48902
49002 68198 1:0 49272
49003 68168 1:0 49385
49012 68166 1:0 49392
49012 68167 1:0 49393
49018 68165 1:0 49403
49022 68135 1:0 49516
49031 342 21:0 49045
49046 68134 1:0 49524
49133 68133 1:0 49523
49134 68132 1:0 49534
49143 68102 1:0 49647
49143 68101 1:0 49655
49149 68100 1:0 49654
49153 68099 1:0 49665
49182 68069 1:0 49778
49264 68068 1:0 49786
49265 68067 1:0 49785
49274 68066 1:0 49796
49274 68036 1:0 49909
49280 68034 1:0 49916
49285 68035 1:0 49917
49313 68033 1:0 49927
49395 68003 1:0 50040
49396 68001 1:0 50047
49405 68002 1:0 50048
49405 68000 1:0 50058
49411 67970 1:0 50171
49416 67969 1:0 50179
49444 67968 1:0 50178
49526 67967 1:0 50189
49527 67937 1:0 50302
49536 67935 1:0 50309
49536 67936 1:0 50310
49542 67934 1:0 50320
49562 67904 1:0 50433
49616 67902 1:0 50440
49657 67903 1:0 50441
49658 67901 1:0 50451
49667 67871 1:0 50564
49667 67869 1:0 50571
49675 67870 1:0 50572
49693 67868 1:0 50582
49788 67838 1:0 50695
49789 67836 1:0 50702
49789 67837 1:0 50703
49798 67835 1:0 50713
49798 67805 1:0 50826
49806 67803 1:0 50833
49825 67804 1:0 50834
49837 343 1:0 52305
49919 67802 1:0 50844
49920 67772 1:0 50957
49929 67770 1:0 50964
49929 67771 1:0 50965
49935 67769 1:0 50975
51155 70653 21:0 51163
51162 70654 0:0 51163
51162 70655 21:0 51213
51213 70656 0:0 51229
51231 70686 21:0 51239
51238 70687 0:0 51239
51238 70688 21:0 51289
51289 70689 0:0 51305
51307 70719 21:0 51315
51314 70720 0:0 51315
51314 70721 21:0 51365
51365 70722 0:0 51381
51383 70752 21:0 51391
51390 70754 0:0 51391
51390 70753 21:0 51441
51441 70755 0:0 51457
51459 70785 21:0 51467
51466 70787 0:0 51467
51466 70786 21:0 51517
51517 70788 0:0 51533
51535 70818 21:0 51543
51542 70819 0:0 51543
51542 70820 21:0 51593
51593 70821 0:0 51609
51611 70851 21:0 51619
51618 70853 0:0 51619
51618 70852 21:0 51669
51669 70854 0:0 51685
51687 70884 21:0 51695
51694 70885 0:0 51695
51694 70886 21:0 51745
51745 70887 0:0 51761
51763 70917 0:0 51766
51768 70918 21:0 51785
51770 70919 0:0 51771
51785 70920 0:0 51821
51839 70950 21:0 51847
51846 70951 0:0 51847
51846 70952 21:0 51897
51897 70953 0:0 51913
51915 70983 0:0 51918
51920 70984 21:0 51937
51922 70985 0:0 51923
51937 70986 0:0 51973
51991 71016 0:0 51994
51996 71018 21:0 52013
51998 71017 0:0 51999
52013 71019 0:0 52049
52067 71049 21:0 52075
52074 71051 0:0 52075
52074 71050 21:0 52125
52143 71082 21:0 52151
52224 71117 21:0 52241
52317 69643 1:0 52569
52318 69641 1:0 52576
52327 69642 1:0 52577
52327 69640 1:0 52587
52333 69610 1:0 52700
52337 69608 1:0 52707
52346 343 21:0 52360
52361 69609 1:0 52708
52448 69607 1:0 52718
52449 69577 1:0 52831
52458 69575 1:0 52838
52458 69576 1:0 52839
52464 69574 1:0 52849
52468 69544 1:0 52962
52497 69542 1:0 52969
52579 69543 1:0 52970
52580 69541 1:0 52980
52589 69511 1:0 53093
52589 69509 1:0 53100
52595 69510 1:0 53101
52600 69508 1:0 53111
52628 69478 1:0 53224
52710 69477 1:0 53232
52711 69476 1:0 53231
52720 69475 1:0 53242
52720 69445 1:0 53355
52726 69444 1:0 53363
52731 69443 1:0 53362
52759 69442 1:0 53373
52841 69412 1:0 53486
52842 69411 1:0 53494
52851 69410 1:0 53493
52851 69409 1:0 53504
52857 69379 1:0 53617
52877 69377 1:0 53624
52931 69378 1:0 53625
52972 69376 1:0 53635
52973 69346 1:0 53748
52982 69344 1:0 53755
52982 69345 1:0 53756
52990 69343 1:0 53766
53008 69313 1:0 53879
53103 69312 1:0 53887
53104 69311 1:0 53886
53104 69310 1:0 53897
53113 69280 1:0 54010
53113 69278 1:0 54017
53121 69279 1:0 54018
53140 69277 1:0 54028
53234 69247 1:0 54141
53235 69246 1:0 54149
53244 69245 1:0 54148
53244 69244 1:0 54159
53250 69214 1:0 54272
53254 69213 1:0 54280
53271 69212 1:0 54279
53283 344 1:0 55620
53365 69211 1:0 54290
53366 71117 1:0 55761
53375 71082 1:0 55902
54470 72095 21:0 54478
54477 72097 0:0 54478
54477 72096 21:0 54528
54528 72098 0:0 54544
54546 72128 21:0 54554
54553 72129 0:0 54554
54553 72130 21:0 54604
54604 72131 0:0 54620
54622 72161 21:0 54630
54629 72162 0:0 54630
54629 72163 21:0 54680
54680 72164 0:0 54696
54698 72194 21:0 54706
54705 72195 0:0 54706
54705 72196 21:0 54756
54756 72197 0:0 54772
54774 72227 21:0 54782
54781 72228 0:0 54782
54781 72229 21:0 54832
54832 72230 0:0 54848
54850 72260 21:0 54858
54857 72262 0:0 54858
54857 72261 21:0 54908
54908 72263 0:0 54924
54926 72293 21:0 54934
54933 72294 0:0 54934
54933 72295 21:0 54984
54984 72296 0:0 55000
55002 72326 21:0 55010
55009 72328 0:0 55010
55009 72327 21:0 55060
55060 72329 0:0 55076
55078 72359 0:0 55081
55083 72361 21:0 55100
55085 72360 0:0 55086
55100 72362 0:0 55136
55154 72392 21:0 55162
55159 72393 0:0 55162
55159 72394 0:0 55162
55162 72395 21:0 55228
55230 72425 21:0 55238
55237 72427 0:0 55238
55237 72426 21:0 55288
55288 72428 0:0 55304
55306 72458 21:0 55314
55313 72459 0:0 55314
55313 72460 21:0 55364
55364 72461 0:0 55380
55382 72491 21:0 55390
55389 72493 0:0 55390
55389 72492 21:0 55440
55440 72494 0:0 55456
55458 72524 0:0 55461
55463 72525 21:0 55480
55465 72526 0:0 55466
55480 72527 0:0 55516
55534 72557 21:0 55542
55541 72558 21:0 55592
55632 71050 1:0 56022
55633 71051 1:0 56023
55642 71049 1:0 56033
55642 71019 1:0 56146
55648 71018 1:0 56154
55652 71017 1:0 56153
55661 344 21:0 55675
55676 71016 1:0 56164
55763 70986 1:0 56277
55764 70984 1:0 56284
55773 70985 1:0 56285
55773 70983 1:0 56295
55779 70953 1:0 56408
55783 70952 1:0 56416
55812 70951 1:0 56415
55894 70950 1:0 56426
55895 70920 1:0 56539
55904 70918 1:0 56546
55904 70919 1:0 56547
55910 70917 1:0 56557
55915 70887 1:0 56670
55943 70886 1:0 56678
56025 70885 1:0 56677
56026 70884 1:0 56688
56035 70854 1:0 56801
56035 70852 1:0 56808
56041 70853 1:0 56809
56046 70851 1:0 56819
56074 70821 1:0 56932
56156 70820 1:0 56940
56157 70819 1:0 56939
56166 70818 1:0 56950
56166 70788 1:0 57063
56172 70786 1:0 57070
56192 70787 1:0 57071
56246 70785 1:0 57081
56287 70755 1:0 57194
56288 70753 1:0 57201
56297 70754 1:0 57202
56297 70752 1:0 57212
56305 70722 1:0 57325
56323 70721 1:0 57333
56418 70720 1:0 57332
56419 70719 1:0 57343
56419 70689 1:0 57456
56428 70687 1:0 57463
56428 70688 1:0 57464
56436 70686 1:0 57474
56455 70656 1:0 57587
56467 345 1:0 58935
56549 70655 1:0 57595
56550 70654 1:0 57594
56559 70653 1:0 57605
56559 72558 1:0 59075
56565 72557 1:0 59086
56570 72527 1:0 59199
56598 72525 1:0 59206
56680 72526 1:0 59207
57785 73537 21:0 57793
57792 73538 0:0 57793
57792 73539 21:0 57843
57843 73540 0:0 57859
57861 73570 21:0 57869
57868 73572 0:0 57869
57868 73571 21:0 57919
57919 73573 0:0 57935
57937 73603 21:0 57945
57944 73605 0:0 57945
57944 73604 21:0 57995
57995 73606 0:0 58011
58013 73636 21:0 58021
58020 73637 0:0 58021
58020 73638 21:0 58071
58071 73639 0:0 58087
58089 73669 21:0 58097
58096 73670 0:0 58097
58096 73671 21:0 58147
58147 73672 0:0 58163
58165 73702 21:0 58173
58172 73704 0:0 58173
58172 73703 21:0 58223
58223 73705 0:0 58239
58241 73735 21:0 58249
58248 73736 0:0 58249
58248 73737 21:0 58299
58299 73738 0:0 58315
58317 73768 21:0 58325
58324 73769 0:0 58325
58324 73770 21:0 58375
58375 73771 0:0 58391
58393 73801 21:0 58401
58400 73802 0:0 58401
58400 73803 0:0 58401
58401 73804 21:0 58467
58469 73834 21:0 58477
58476 73836 0:0 58477
58476 73835 21:0 58527
58527 73837 0:0 58543
58545 73867 21:0 58553
58552 73868 0:0 58553
58552 73869 21:0 58603
58603 73870 0:0 58619
58621 73900 21:0 58629
58628 73902 0:0 58629
58628 73901 21:0 58679
58679 73903 0:0 58695
58697 73933 21:0 58705
58704 73934 0:0 58705
58704 73935 21:0 58755
58755 73936 0:0 58771
58773 73966 0:0 58776
58778 73968 21:0 58795
58780 73967 0:0 58781
58795 73969 0:0 58831
58947 72524 1:0 59217
58948 72494 1:0 59330
58957 72492 1:0 59337
58957 72493 1:0 59338
58963 72491 1:0 59348
58967 72461 1:0 59461
58976 345 21:0 58990
58991 72460 1:0 59469
59078 72459 1:0 59468
59079 72458 1:0 59479
59088 72428 1:0 59592
59088 72426 1:0 59599
59094 72427 1:0 59600
59098 72425 1:0 59610
59127 72395 1:0 59723
59209 72393 1:0 59730
59210 72394 1:0 59731
59219 72392 1:0 59741
59219 72362 1:0 59854
59225 72361 1:0 59862
59230 72360 1:0 59861
59258 72359 1:0 59872
59340 72329 1:0 59985
59341 72327 1:0 59992
59350 72328 1:0 59993
59350 72326 1:0 60003
59356 72296 1:0 60116
59361 72295 1:0 60124
59389 72294 1:0 60123
59471 72293 1:0 60134
59472 72263 1:0 60247
59481 72261 1:0 60254
59481 72262 1:0 60255
59487 72260 1:0 60265
59507 72230 1:0 60378
59561 72229 1:0 60386
59602 72228 1:0 60385
59603 72227 1:0 60396
59612 72197 1:0 60509
59612 72196 1:0 60517
59620 72195 1:0 60516
59638 72194 1:0 60527
59733 72164 1:0 60640
59734 72162 1:0 60647
59734 72163 1:0 60648
59743 72161 1:0 60658
59743 72131 1:0 60771
59751 72130 1:0 60779
59770 72129 1:0 60778
59782 346 1:0 62250
59864 72128 1:0 60789
59865 72098 1:0 60902
59874 72096 1:0 60909
59874 72097 1:0 60910
59880 72095 1:0 60920
61100 74979 21:0 61108
61107 74980 0:0 61108
61107 74981 21:0 61158
61158 74982 0:0 61174
61176 75012 21:0 61184
61183 75013 0:0 61184
61183 75014 21:0 61234
61234 75015 0:0 61250
61252 75045 21:0 61260
61259 75046 0:0 61260
61259 75047 21:0 61310
61310 75048 0:0 61326
61328 75078 21:0 61336
61335 75079 0:0 61336
61335 75080 21:0 61386
61386 75081 0:0 61402
61404 75111 21:0 61412
61411 75112 0:0 61412
61411 75113 21:0 61462
61462 75114 0:0 61478
61480 75144 21:0 61488
61487 75146 0:0 61488
61487 75145 21:0 61538
61538 75147 0:0 61554
61556 75177 21:0 61564
61563 75178 0:0 61564
61563 75179 21:0 61614
61614 75180 0:0 61630
61632 75210 21:0 61640
61639 75211 0:0 61640
61639 75212 21:0 61690
61690 75213 0:0 61706
61708 75243 21:0 61716
61715 75245 0:0 61716
61715 75244 21:0 61766
61766 75246 0:0 61782
61784 75276 0:0 61787
61789 75278 21:0 61806
61791 75277 0:0 61792
61806 75279 0:0 61842
61860 75309 21:0 61868
61867 75310 0:0 61868
61867 75311 21:0 61918
61918 75312 0:0 61934
61936 75342 21:0 61944
61943 75344 0:0 61944
61943 75343 21:0 61994
61994 75345 0:0 62010
62012 75375 0:0 62015
62017 75377 21:0 62034
62019 75376 0:0 62020
62034 75378 0:0 62070
62088 75408 21:0 62096
62262 73969 1:0 62514
62263 73968 1:0 62522
62272 73967 1:0 62521
62272 73966 1:0 62532
62278 73936 1:0 62645
62282 73935 1:0 62653
62291 346 21:0 62305
62306 73934 1:0 62652
62393 73933 1:0 62663
62394 73903 1:0 62776
62403 73901 1:0 62783
62403 73902 1:0 62784
62409 73900 1:0 62794
62413 73870 1:0 62907
62442 73869 1:0 62915
62524 73868 1:0 62914
62525 73867 1:0 62925
62534 73837 1:0 63038
62534 73835 1:0 63045
62540 73836 1:0 63046
62545 73834 1:0 63056
62573 73804 1:0 63169
62655 73802 1:0 63176
62656 73803 1:0 63177
62665 73801 1:0 63187
62665 73771 1:0 63300
62671 73770 1:0 63308
62676 73769 1:0 63307
62704 73768 1:0 63318
62786 73738 1:0 63431
62787 73737 1:0 63439
62796 73736 1:0 63438
62796 73735 1:0 63449
62802 73705 1:0 63562
62822 73703 1:0 63569
62876 73704 1:0 63570
62917 73702 1:0 63580
62918 73672 1:0 63693
62927 73670 1:0 63700
62927 73671 1:0 63701
62935 73669 1:0 63711
62953 73639 1:0 63824
63048 73638 1:0 63832
63049 73637 1:0 63831
63049 73636 1:0 63842
63058 73606 1:0 63955
63058 73604 1:0 63962
63066 73605 1:0 63963
63085 73603 1:0 63973
63179 73573 1:0 64086
63180 73571 1:0 64093
63189 73572 1:0 64094
63189 73570 1:0 64104
63195 73540 1:0 64217
63199 73539 1:0 64225
63216 73538 1:0 64224
63228 347 1:0 65565
63310 73537 1:0 64235
64415 76421 21:0 64423
64422 76422 0:0 64423
64422 76423 21:0 64473
64473 76424 0:0 64489
64491 76454 21:0 64499
64498 76456 0:0 64499
64498 76455 21:0 64549
64549 76457 0:0 64565
64567 76487 21:0 64575
64574 76489 0:0 64575
64574 76488 21:0 64625
64625 76490 0:0 64641
64643 76520 21:0 64651
64650 76522 0:0 64651
64650 76521 21:0 64701
64701 76523 0:0 64717
64719 76553 21:0 64727
64726 76555 0:0 64727
64726 76554 0:0 64727
64727 76556 21:0 64793
64795 76586 21:0 64803
64802 76587 0:0 64803
64802 76588 21:0 64853
64853 76589 0:0 64869
64871 76619 0:0 64874
64876 76620 21:0 64893
64878 76621 0:0 64879
64893 76622 0:0 64929
64947 76652 0:0 64950
64952 76653 21:0 64969
64954 76654 0:0 64955
64969 76655 0:0 65005
65023 76685 0:0 65026
65028 76686 21:0 65045
65030 76687 0:0 65031
65045 76688 0:0 65081
65099 76718 0:0 65102
65104 76720 21:0 65121
65106 76719 0:0 65107
65121 76721 0:0 65157
65175 76751 21:0 65183
65182 76752 0:0 65183
65182 76753 21:0 65233
65233 76754 0:0 65249
65251 76784 21:0 65259
65256 76786 0:0 65259
65258 76785 0:0 65259
65259 76787 21:0 65325
65327 76817 0:0 65330
65332 76819 21:0 65349
65334 76818 0:0 65335
65349 76820 0:0 65385
65403 76850 21:0 65411
65410 76852 0:0 65411
65410 76851 21:0 65461
65461 76853 0:0 65477
65577 75408 1:0 65847
65578 75378 1:0 65960
65587 75376 1:0 65967
65587 75377 1:0 65968
65593 75375 1:0 65978
65597 75345 1:0 66091
65606 347 21:0 65620
65621 75343 1:0 66098
65708 75344 1:0 66099
65709 75342 1:0 66109
65718 75312 1:0 66222
65718 75311 1:0 66230
65724 75310 1:0 66229
65728 75309 1:0 66240
65757 75279 1:0 66353
65839 75278 1:0 66361
65840 75277 1:0 66360
65849 75276 1:0 66371
65849 75246 1:0 66484
65855 75244 1:0 66491
65860 75245 1:0 66492
65888 75243 1:0 66502
65970 75213 1:0 66615
65971 75212 1:0 66623
65980 75211 1:0 66622
65980 75210 1:0 66633
65986 75180 1:0 66746
65991 75179 1:0 66754
66019 75178 1:0 66753
66101 75177 1:0 66764
66102 75147 1:0 66877
66111 75145 1:0 66884
66111 75146 1:0 66885
66117 75144 1:0 66895
66137 75114 1:0 67008
66191 75113 1:0 67016
66232 75112 1:0 67015
66233 75111 1:0 67026
66242 75081 1:0 67139
66242 75080 1:0 67147
66250 75079 1:0 67146
66268 75078 1:0 67157
66363 75048 1:0 67270
66364 75046 1:0 67277
66364 75047 1:0 67278
66373 75045 1:0 67288
66373 75015 1:0 67401
66381 75014 1:0 67409
66400 75013 1:0 67408
66412 348 1:0 68880
66494 75012 1:0 67419
66495 74982 1:0 67532
66504 74980 1:0 67539
66504 74981 1:0 67540
66510 74979 1:0 67550
66515 76853 1:0 69144
66543 76851 1:0 69151
66625 76852 1:0 69152
67730 77863 21:0 67738
67737 77864 0:0 67738
67737 77865 21:0 67788
67788 77866 0:0 67804
67806 77896 21:0 67814
67813 77898 0:0 67814
67813 77897 21:0 67864
67864 77899 0:0 67880
67882 77929 21:0 67890
67889 77931 0:0 67890
67889 77930 21:0 67940
67940 77932 0:0 67956
67958 77962 21:0 67966
67965 77964 0:0 67966
67965 77963 21:0 68016
68016 77965 0:0 68032
68034 77995 21:0 68042
68041 77997 0:0 68042
68041 77996 21:0 68092
68092 77998 0:0 68108
68110 78028 21:0 68118
68117 78029 0:0 68118
68117 78030 21:0 68168
68168 78031 0:0 68184
68186 78061 21:0 68194
68193 78062 0:0 68194
68193 78063 21:0 68244
68244 78064 0:0 68260
68262 78094 21:0 68270
68269 78095 0:0 68270
68269 78096 21:0 68320
68320 78097 0:0 68336
68338 78127 21:0 68346
68345 78129 0:0 68346
68345 78128 0:0 68346
68346 78130 21:0 68412
68414 78160 21:0 68422
68421 78162 0:0 68422
68421 78161 21:0 68472
68472 78163 0:0 68488
68490 78193 21:0 68498
68497 78195 0:0 68498
68497 78194 0:0 68498
68498 78196 21:0 68564
68566 78226 21:0 68574
68573 78228 0:0 68574
68573 78227 0:0 68574
68574 78229 21:0 68640
68642 78259 0:0 68645
68647 78261 21:0 68664
68649 78260 0:0 68650
68664 78262 0:0 68700
68718 78292 0:0 68721
68723 78294 21:0 68740
68725 78293 0:0 68726
68740 78295 0:0 68776
68892 76850 1:0 69162
68893 76820 1:0 69275
68902 76818 1:0 69282
68902 76819 1:0 69283
68908 76817 1:0 69293
68912 76787 1:0 69406
68921 348 21:0 68935
68936 76785 1:0 69413
69023 76786 1:0 69414
69024 76784 1:0 69424
69033 76754 1:0 69537
69033 76753 1:0 69545
69039 76752 1:0 69544
69043 76751 1:0 69555
69072 76721 1:0 69668
69154 76720 1:0 69676
69155 76719 1:0 69675
69164 76718 1:0 69686
69164 76688 1:0 69799
69170 76686 1:0 69806
69175 76687 1:0 69807
69203 76685 1:0 69817
69285 76655 1:0 69930
69286 76653 1:0 69937
69295 76654 1:0 69938
69295 76652 1:0 69948
69301 76622 1:0 70061
69306 76620 1:0 70068
69334 76621 1:0 70069
69416 76619 1:0 70079
69417 76589 1:0 70192
69426 76587 1:0 70199
69426 76588 1:0 70200
69432 76586 1:0 70210
69452 76556 1:0 70323
69506 76555 1:0 70331
69547 76554 1:0 70330
69548 76553 1:0 70341
69557 76523 1:0 70454
69557 76521 1:0 70461
69565 76522 1:0 70462
69583 76520 1:0 70472
69678 76490 1:0 70585
69679 76488 1:0 70592
69679 76489 1:0 70593
69688 76487 1:0 70603
69688 76457 1:0 70716
69696 76455 1:0 70723
69715 76456 1:0 70724
69727 349 1:0 72195
69809 76454 1:0 70734
69810 76424 1:0 70847
69819 76422 1:0 70854
69819 76423 1:0 70855
69825 76421 1:0 70865
71045 79305 21:0 71053
71052 79306 0:0 71053
71052 79307 21:0 71103
71103 79308 0:0 71119
71121 79338 21:0 71129
71128 79339 0:0 71129
71128 79340 21:0 71179
71179 79341 0:0 71195
71197 79371 21:0 71205
71204 79373 0:0 71205
71204 79372 21:0 71255
71255 79374 0:0 71271
71273 79404 21:0 71281
71280 79405 0:0 71281
71280 79406 21:0 71331
71331 79407 0:0 71347
71349 79437 21:0 71357
71356 79439 0:0 71357
71356 79438 21:0 71407
71407 79440 0:0 71423
71425 79470 21:0 71433
71432 79471 0:0 71433
71432 79472 21:0 71483
71483 79473 0:0 71499
71501 79503 21:0 71509
71508 79505 0:0 71509
71508 79504 21:0 71559
71559 79506 0:0 71575
71577 79536 21:0 71585
71584 79537 0:0 71585
71584 79538 21:0 71635
71635 79539 0:0 71651
71653 79569 21:0 71661
71660 79570 0:0 71661
71660 79571 21:0 71711
71711 79572 0:0 71727
71729 79602 0:0 71732
71734 79604 21:0 71751
71736 79603 0:0 71737
71751 79605 0:0 71787
71805 79635 21:0 71813
71812 79637 0:0 71813
71812 79636 21:0 71863
71863 79638 0:0 71879
71881 79668 21:0 71889
71888 79669 0:0 71889
71888 79670 0:0 71889
71889 79671 21:0 71955
71957 79701 21:0 71965
71964 79702 0:0 71965
71965 79704 21:0 72031
72033 79734 21:0 72041
72040 79735 21:0 72091
72207 78295 1:0 72459
72208 78294 1:0 72467
72217 78293 1:0 72466
72217 78292 1:0 72477
72223 78262 1:0 72590
72227 78261 1:0 72598
72236 349 21:0 72250
72251 78260 1:0 72597
72338 78259 1:0 72608
72339 78229 1:0 72721
72348 78227 1:0 72728
72348 78228 1:0 72729
72354 78226 1:0 72739
72358 78196 1:0 72852
72387 78195 1:0 72860
72469 78194 1:0 72859
72470 78193 1:0 72870
72479 78163 1:0 72983
72479 78161 1:0 72990
72485 78162 1:0 72991
72490 78160 1:0 73001
72518 78130 1:0 73114
72600 78129 1:0 73122
72601 78128 1:0 73121
72610 78127 1:0 73132
72610 78097 1:0 73245
72616 78096 1:0 73253
72621 78095 1:0 73252
72649 78094 1:0 73263
72731 78064 1:0 73376
72732 78063 1:0 73384
72741 78062 1:0 73383
72741 78061 1:0 73394
72747 78031 1:0 73507
72767 78030 1:0 73515
72821 78029 1:0 73514
72862 78028 1:0 73525
72863 77998 1:0 73638
72872 77996 1:0 73645
72872 77997 1:0 73646
72880 77995 1:0 73656
72898 77965 1:0 73769
72993 77963 1:0 73776
72994 77964 1:0 73777
72994 77962 1:0 73787
73003 77932 1:0 73900
73003 77930 1:0 73907
73011 77931 1:0 73908
73030 77929 1:0 73918
73124 77899 1:0 74031
73125 77897 1:0 74038
73134 77898 1:0 74039
73134 77896 1:0 74049
73140 77866 1:0 74162
73144 77865 1:0 74170
73161 77864 1:0 74169
73173 350 1:0 75510
73255 77863 1:0 74180
74360 80747 21:0 74368
74367 80749 0:0 74368
74367 80748 21:0 74418
74418 80750 0:0 74434
74436 80780 21:0 74444
74443 80781 0:0 74444
74443 80782 21:0 74494
74494 80783 0:0 74510
74512 80813 21:0 74520
74519 80815 0:0 74520
74519 80814 21:0 74570
74570 80816 0:0 74586
74588 80846 21:0 74596
74595 80847 0:0 74596
74595 80848 21:0 74646
74646 80849 0:0 74662
74664 80879 21:0 74672
74671 80880 0:0 74672
74671 80881 21:0 74722
74722 80882 0:0 74738
74740 80912 21:0 74748
74747 80913 0:0 74748
74747 80914 0:0 74748
74748 80915 21:0 74814
74816 80945 21:0 74824
74823 80947 0:0 74824
74823 80946 21:0 74874
74874 80948 0:0 74890
74892 80978 21:0 74900
74899 80980 0:0 74900
74899 80979 21:0 74950
74950 80981 0:0 74966
74968 81011 21:0 74976
74975 81012 0:0 74976
74975 81013 21:0 75026
75026 81014 0:0 75042
75044 81044 0:0 75047
75049 81046 21:0 75066
75051 81045 0:0 75052
75066 81047 0:0 75102
75120 81077 21:0 75128
75127 81079 0:0 75128
75127 81078 21:0 75178
75178 81080 0:0 75194
75196 81110 21:0 75204
75203 81111 0:0 75204
75203 81112 0:0 75204
75204 81113 21:0 75270
75272 81143 21:0 75280
75279 81144 0:0 75280
75279 81145 21:0 75330
75348 81176 0:0 75351
75353 81177 21:0 75370
75355 81178 0:0 75356
75429 81211 21:0 75446
75446 81212 0:0 75482
75522 79735 1:0 75781
75523 79734 1:0 75792
75532 79704 1:0 75905
75532 79702 1:0 75912
75538 79701 1:0 75923
75542 79671 1:0 76036
75551 350 21:0 75565
75566 79669 1:0 76043
75653 79670 1:0 76044
75654 79668 1:0 76054
75663 79638 1:0 76167
75663 79636 1:0 76174
75669 79637 1:0 76175
75673 79635 1:0 76185
75702 79605 1:0 76298
75784 79604 1:0 76306
75785 79603 1:0 76305
75794 79602 1:0 76316
75794 79572 1:0 76429
75800 79571 1:0 76437
75805 79570 1:0 76436
75833 79569 1:0 76447
75915 79539 1:0 76560
75916 79538 1:0 76568
75925 79537 1:0 76567
75925 79536 1:0 76578
75931 79506 1:0 76691
75936 79504 1:0 76698
75964 79505 1:0 76699
76046 79503 1:0 76709
76047 79473 1:0 76822
76056 79471 1:0 76829
76056 79472 1:0 76830
76062 79470 1:0 76840
76082 79440 1:0 76953
76136 79438 1:0 76960
76177 79439 1:0 76961
76178 79437 1:0 76971
76187 79407 1:0 77084
76187 79406 1:0 77092
76195 79405 1:0 77091
76213 79404 1:0 77102
76308 79374 1:0 77215
76309 79372 1:0 77222
76309 79373 1:0 77223
76318 79371 1:0 77233
76318 79341 1:0 77346
76326 79340 1:0 77354
76345 79339 1:0 77353
76357 351 1:0 78825
76439 79338 1:0 77364
76440 79308 1:0 77477
76449 79306 1:0 77484
76449 79307 1:0 77485
76455 79305 1:0 77495
76460 81212 1:0 78958
76488 81211 1:0 78966
77675 82189 21:0 77683
77682 82190 0:0 77683
77682 82191 21:0 77733
77733 82192 0:0 77749
77751 82222 21:0 77759
77758 82223 0:0 77759
77758 82224 21:0 77809
77809 82225 0:0 77825
77827 82255 21:0 77835
77834 82257 0:0 77835
77834 82256 21:0 77885
77885 82258 0:0 77901
77903 82288 21:0 77911
77910 82289 0:0 77911
77910 82290 21:0 77961
77961 82291 0:0 77977
77979 82321 21:0 77987
77986 82322 0:0 77987
77986 82323 21:0 78037
78037 82324 0:0 78053
78055 82354 21:0 78063
78062 82355 0:0 78063
78062 82356 21:0 78113
78113 82357 0:0 78129
78131 82387 21:0 78139
78138 82388 0:0 78139
78138 82389 21:0 78189
78189 82390 0:0 78205
78207 82420 21:0 78215
78214 82422 0:0 78215
78214 82421 21:0 78265
78265 82423 0:0 78281
78283 82453 0:0 78286
78288 82455 21:0 78305
78290 82454 0:0 78291
78305 82456 0:0 78341
78359 82486 21:0 78367
78366 82488 0:0 78367
78366 82487 21:0 78417
78417 82489 0:0 78433
78435 82519 0:0 78438
78440 82521 21:0 78457
78442 82520 0:0 78443
78457 82522 0:0 78493
78511 82552 0:0 78514
78516 82553 21:0 78533
78518 82554 0:0 78519
78533 82555 0:0 78569
78587 82585 0:0 78590
78592 82587 21:0 78609
78594 82586 0:0 78595
78609 82588 0:0 78645
78663 82618 21:0 78671
78670 82620 0:0 78671
78670 82619 21:0 78721
78837 81177 1:0 79096
78838 81178 1:0 79097
78847 81176 1:0 79107
78847 81145 1:0 79228
78853 81144 1:0 79227
78857 81143 1:0 79238
78866 351 21:0 78880
78881 81113 1:0 79351
78968 81112 1:0 79359
78969 81111 1:0 79358
78978 81110 1:0 79369
78978 81080 1:0 79482
78984 81078 1:0 79489
78988 81079 1:0 79490
79017 81077 1:0 79500
79099 81047 1:0 79613
79100 81046 1:0 79621
79109 81045 1:0 79620
79109 81044 1:0 79631
79115 81014 1:0 79744
79120 81013 1:0 79752
79148 81012 1:0 79751
79230 81011 1:0 79762
79231 80981 1:0 79875
79240 80979 1:0 79882
79240 80980 1:0 79883
79246 80978 1:0 79893
79251 80948 1:0 80006
79279 80946 1:0 80013
79361 80947 1:0 80014
79362 80945 1:0 80024
79371 80915 1:0 80137
79371 80913 1:0 80144
79377 80914 1:0 80145
79397 80912 1:0 80155
79451 80882 1:0 80268
79492 80881 1:0 80276
79493 80880 1:0 80275
79502 80879 1:0 80286
79502 80849 1:0 80399
79510 80848 1:0 80407
79528 80847 1:0 80406
79623 80846 1:0 80417
79624 80816 1:0 80530
79624 80814 1:0 80537
79633 80815 1:0 80538
79633 80813 1:0 80548
79641 80783 1:0 80661
79660 80782 1:0 80669
79754 80781 1:0 80668
79755 80780 1:0 80679
79764 80750 1:0 80792
79764 80748 1:0 80799
79770 80749 1:0 80800
79774 80747 1:0 80810
79775 352 1:0 82140
79803 82619 1:0 82411
79885 82620 1:0 82412
80990 83631 21:0 80998
80997 83633 0:0 80998
80997 83632 21:0 81048
81048 83634 0:0 81064
81066 83664 21:0 81074
81073 83666 0:0 81074
81073 83665 21:0 81124
81124 83667 0:0 81140
81142 83697 21:0 81150
81149 83698 0:0 81150
81149 83699 21:0 81200
81200 83700 0:0 81216
81218 83730 21:0 81226
81225 83731 0:0 81226
81225 83732 21:0 81276
81276 83733 0:0 81292
81294 83763 21:0 81302
81301 83764 0:0 81302
81301 83765 21:0 81352
81352 83766 0:0 81368
81370 83796 21:0 81378
81377 83798 0:0 81378
81377 83797 21:0 81428
81428 83799 0:0 81444
81446 83829 21:0 81454
81453 83830 0:0 81454
81453 83831 0:0 81454
81454 83832 21:0 81520
81522 83862 21:0 81530
81529 83863 0:0 81530
81529 83864 21:0 81580
81580 83865 0:0 81596
81598 83895 0:0 81601
81603 83897 21:0 81620
81605 83896 0:0 81606
81620 83898 0:0 81656
81674 83928 21:0 81682
81681 83930 0:0 81682
81681 83929 21:0 81732
81732 83931 0:0 81748
81750 83961 0:0 81753
81755 83963 21:0 81772
81757 83962 0:0 81758
81772 83964 0:0 81808
81826 83994 0:0 81829
81831 83996 21:0 81848
81833 83995 0:0 81834
81848 83997 0:0 81884
81902 84027 0:0 81905
81907 84029 21:0 81924
81909 84028 0:0 81910
81924 84030 0:0 81960
81978 84060 0:0 81981
81983 84061 21:0 82000
81985 84062 0:0 81986
82000 84063 0:0 82036
82152 82618 1:0 82422
82153 82588 1:0 82535
82162 82586 1:0 82542
82162 82587 1:0 82543
82168 82585 1:0 82553
82172 82555 1:0 82666
82181 352 21:0 82195
82196 82553 1:0 82673
82283 82554 1:0 82674
82284 82552 1:0 82684
82293 82522 1:0 82797
82293 82521 1:0 82805
82299 82520 1:0 82804
82303 82519 1:0 82815
82332 82489 1:0 82928
82414 82487 1:0 82935
82415 82488 1:0 82936
82424 82486 1:0 82946
82424 82456 1:0 83059
82430 82455 1:0 83067
82435 82454 1:0 83066
82463 82453 1:0 83077
82545 82423 1:0 83190
82546 82421 1:0 83197
82555 82422 1:0 83198
82555 82420 1:0 83208
82561 82390 1:0 83321
82566 82389 1:0 83329
82594 82388 1:0 83328
82676 82387 1:0 83339
82677 82357 1:0 83452
82686 82355 1:0 83459
82686 82356 1:0 83460
82692 82354 1:0 83470
82712 82324 1:0 83583
82766 82323 1:0 83591
82807 82322 1:0 83590
82808 82321 1:0 83601
82817 82291 1:0 83714
82817 82290 1:0 83722
82825 82289 1:0 83721
82843 82288 1:0 83732
82938 82258 1:0 83845
82939 82256 1:0 83852
82939 82257 1:0 83853
82948 82255 1:0 83863
82948 82225 1:0 83976
82956 82224 1:0 83984
82975 82223 1:0 83983
82987 353 1:0 85455
83069 82222 1:0 83994
83070 82192 1:0 84107
83079 82190 1:0 84114
83079 82191 1:0 84115
83085 82189 1:0 84125
83090 84063 1:0 85719
83118 84061 1:0 85726
83200 84062 1:0 85727
83201 84060 1:0 85737
84305 85073 21:0 84313
84312 85074 0:0 84313
84312 85075 21:0 84363
84363 85076 0:0 84379
84381 85106 21:0 84389
84388 85107 0:0 84389
84388 85108 21:0 84439
84439 85109 0:0 84455
84457 85139 21:0 84465
84464 85140 0:0 84465
84464 85141 21:0 84515
84515 85142 0:0 84531
84533 85172 21:0 84541
84540 85174 0:0 84541
84540 85173 21:0 84591
84591 85175 0:0 84607
84609 85205 21:0 84617
84616 85207 0:0 84617
84616 85206 21:0 84667
84667 85208 0:0 84683
84685 85238 21:0 84693
84692 85240 0:0 84693
84692 85239 21:0 84743
84743 85241 0:0 84759
84761 85271 21:0 84769
84768 85273 0:0 84769
84768 85272 21:0 84819
84819 85274 0:0 84835
84837 85304 21:0 84845
84844 85305 0:0 84845
84844 85306 21:0 84895
84895 85307 0:0 84911
84913 85337 21:0 84921
84920 85338 0:0 84921
84920 85339 0:0 84921
84921 85340 21:0 84987
84989 85370 21:0 84997
84994 85372 0:0 84997
84996 85371 0:0 84997
84997 85373 21:0 85063
85065 85403 21:0 85073
85072 85404 0:0 85073
85072 85405 21:0 85123
85123 85406 0:0 85139
85141 85436 21:0 85149
85148 85437 0:0 85149
85148 85438 0:0 85149
85149 85439 21:0 85215
85217 85469 21:0 85225
85224 85471 0:0 85225
85224 85470 21:0 85275
85275 85472 0:0 85291
85293 85502 0:0 85296
85298 85504 21:0 85315
85369 85535 21:0 85377
85376 85537 0:0 85377
85377 85538 21:0 85443
85467 84030 1:0 85850
85468 84029 1:0 85858
85477 84028 1:0 85857
85477 84027 1:0 85868
85483 83997 1:0 85981
85487 83996 1:0 85989
85496 353 21:0 85510
85511 83995 1:0 85988
85598 83994 1:0 85999
85599 83964 1:0 86112
85608 83962 1:0 86119
85608 83963 1:0 86120
85614 83961 1:0 86130
85618 83931 1:0 86243
85647 83929 1:0 86250
85729 83930 1:0 86251
85730 83928 1:0 86261
85739 83898 1:0 86374
85739 83897 1:0 86382
85745 83896 1:0 86381
85750 83895 1:0 86392
85778 83865 1:0 86505
85860 83864 1:0 86513
85861 83863 1:0 86512
85870 83862 1:0 86523
85870 83832 1:0 86636
85876 83831 1:0 86644
85881 83830 1:0 86643
85909 83829 1:0 86654
85991 83799 1:0 86767
85992 83797 1:0 86774
86001 83798 1:0 86775
86001 83796 1:0 86785
86007 83766 1:0 86898
86027 83765 1:0 86906
86081 83764 1:0 86905
86122 83763 1:0 86916
86123 83733 1:0 87029
86132 83731 1:0 87036
86132 83732 1:0 87037
86140 83730 1:0 87047
86158 83700 1:0 87160
86253 83699 1:0 87168
86254 83698 1:0 87167
86254 83697 1:0 87178
86263 83667 1:0 87291
86263 83665 1:0 87298
86271 83666 1:0 87299
86290 83664 1:0 87309
86302 354 1:0 88770
86384 83634 1:0 87422
86385 83632 1:0 87429
86394 83633 1:0 87430
86394 83631 1:0 87440
86400 85538 1:0 88903
87620 86515 21:0 87628
87627 86517 0:0 87628
87627 86516 21:0 87678
87678 86518 0:0 87694
87696 86548 21:0 87704
87703 86549 0:0 87704
87703 86550 21:0 87754
87754 86551 0:0 87770
87772 86581 21:0 87780
87779 86582 0:0 87780
87779 86583 21:0 87830
87830 86584 0:0 87846
87848 86614 21:0 87856
87855 86616 0:0 87856
87855 86615 21:0 87906
87906 86617 0:0 87922
87924 86647 21:0 87932
87931 86649 0:0 87932
87931 86648 21:0 87982
87982 86650 0:0 87998
88000 86680 21:0 88008
88007 86682 0:0 88008
88007 86681 21:0 88058
88058 86683 0:0 88074
88076 86713 21:0 88084
88083 86714 0:0 88084
88083 86715 21:0 88134
88134 86716 0:0 88150
88152 86746 21:0 88160
88159 86748 0:0 88160
88159 86747 21:0 88210
88210 86749 0:0 88226
88228 86779 0:0 88231
88233 86781 21:0 88250
88235 86780 0:0 88236
88250 86782 0:0 88286
88304 86812 0:0 88307
88309 86813 21:0 88326
88311 86814 0:0 88312
88326 86815 0:0 88362
88380 86845 21:0 88388
88387 86846 0:0 88388
88387 86847 21:0 88438
88438 86848 0:0 88454
88456 86878 21:0 88464
88461 86879 0:0 88464
88461 86880 0:0 88464
88464 86881 21:0 88530
88532 86911 21:0 88540
88539 86912 0:0 88540
88539 86913 21:0 88590
88590 86914 0:0 88606
88616 86947 21:0 88682
88782 85537 1:0 88911
88783 85535 1:0 88921
88792 85504 1:0 89042
88792 85502 1:0 89052
88798 85472 1:0 89165
88802 85470 1:0 89172
88811 354 21:0 88825
88826 85471 1:0 89173
88913 85469 1:0 89183
88914 85439 1:0 89296
88923 85437 1:0 89303
88923 85438 1:0 89304
88929 85436 1:0 89314
88933 85406 1:0 89427
88962 85405 1:0 89435
89044 85404 1:0 89434
89045 85403 1:0 89445
89054 85373 1:0 89558
89054 85372 1:0 89566
89060 85371 1:0 89565
89065 85370 1:0 89576
89093 85340 1:0 89689
89175 85338 1:0 89696
89176 85339 1:0 89697
89185 85337 1:0 89707
89185 85307 1:0 89820
89191 85306 1:0 89828
89196 85305 1:0 89827
89224 85304 1:0 89838
89306 85274 1:0 89951
89307 85272 1:0 89958
89316 85273 1:0 89959
89316 85271 1:0 89969
89322 85241 1:0 90082
89342 85239 1:0 90089
89396 85240 1:0 90090
89437 85238 1:0 90100
89438 85208 1:0 90213
89447 85206 1:0 90220
89447 85207 1:0 90221
89455 85205 1:0 90231
89473 85175 1:0 90344
89568 85173 1:0 90351
89569 85174 1:0 90352
89569 85172 1:0 90362
89578 85142 1:0 90475
89578 85141 1:0 90483
89586 85140 1:0 90482
89605 85139 1:0 90493
89699 85109 1:0 90606
89700 85108 1:0 90614
89709 85107 1:0 90613
89709 85106 1:0 90624
89715 85076 1:0 90737
89719 85075 1:0 90745
89736 85074 1:0 90744
89748 355 1:0 92085
89830 85073 1:0 90755
90935 87957 21:0 90943
90942 87958 0:0 90943
90942 87959 21:0 90993
90993 87960 0:0 91009
91011 87990 21:0 91019
91018 87991 0:0 91019
91018 87992 21:0 91069
91069 87993 0:0 91085
91087 88023 21:0 91095
91094 88025 0:0 91095
91094 88024 21:0 91145
91145 88026 0:0 91161
91163 88056 21:0 91171
91170 88057 0:0 91171
91170 88058 21:0 91221
91221 88059 0:0 91237
91239 88089 21:0 91247
91246 88091 0:0 91247
91246 88090 0:0 91247
91247 88092 21:0 91313
91315 88122 21:0 91323
91322 88124 0:0 91323
91322 88123 21:0 91373
91373 88125 0:0 91389
91391 88155 21:0 91399
91398 88157 0:0 91399
91398 88156 21:0 91449
91449 88158 0:0 91465
91467 88188 21:0 91475
91474 88189 0:0 91475
91474 88190 21:0 91525
91525 88191 0:0 91541
91543 88221 21:0 91551
91550 88222 0:0 91551
91550 88223 21:0 91601
91601 88224 0:0 91617
91619 88254 0:0 91622
91624 88255 21:0 91641
91626 88256 0:0 91627
91641 88257 0:0 91677
91695 88287 21:0 91703
91702 88289 0:0 91703
91702 88288 0:0 91703
91703 88290 21:0 91769
91771 88320 21:0 91779
91778 88321 0:0 91779
91778 88322 21:0 91829
91829 88323 0:0 91845
91847 88353 21:0 91855
91854 88355 0:0 91855
91854 88354 21:0 91905
91905 88356 0:0 91921
91923 88386 0:0 91926
91928 88388 21:0 91945
91930 88387 0:0 91931
91945 88389 0:0 91981
92097 86947 1:0 92349
92098 86914 1:0 92480
92107 86912 1:0 92487
92107 86913 1:0 92488
92113 86911 1:0 92498
92117 86881 1:0 92611
92126 355 21:0 92140
92141 86880 1:0 92619
92228 86879 1:0 92618
92229 86878 1:0 92629
92238 86848 1:0 92742
92238 86847 1:0 92750
92244 86846 1:0 92749
92248 86845 1:0 92760
92277 86815 1:0 92873
92359 86813 1:0 92880
92360 86814 1:0 92881
92369 86812 1:0 92891
92369 86782 1:0 93004
92375 86781 1:0 93012
92380 86780 1:0 93011
92408 86779 1:0 93022
92490 86749 1:0 93135
92491 86747 1:0 93142
92500 86748 1:0 93143
92500 86746 1:0 93153
92506 86716 1:0 93266
92511 86715 1:0 93274
92539 86714 1:0 93273
92621 86713 1:0 93284
92622 86683 1:0 93397
92631 86681 1:0 93404
92631 86682 1:0 93405
92637 86680 1:0 93415
92657 86650 1:0 93528
92711 86648 1:0 93535
92752 86649 1:0 93536
92753 86647 1:0 93546
92762 86617 1:0 93659
92762 86615 1:0 93666
92770 86616 1:0 93667
92788 86614 1:0 93677
92883 86584 1:0 93790
92884 86582 1:0 93797
92884 86583 1:0 93798
92893 86581 1:0 93808
92893 86551 1:0 93921
92901 86550 1:0 93929
92920 86549 1:0 93928
92932 356 1:0 95400
93014 86548 1:0 93939
93015 86518 1:0 94052
93024 86516 1:0 94059
93024 86517 1:0 94060
93030 86515 1:0 94070
93035 88389 1:0 95664
93063 88388 1:0 95672
94250 89399 21:0 94258
94257 89401 0:0 94258
94257 89400 21:0 94308
94308 89402 0:0 94324
94326 89432 21:0 94334
94333 89433 0:0 94334
94333 89434 21:0 94384
94384 89435 0:0 94400
94402 89465 21:0 94410
94409 89467 0:0 94410
94409 89466 21:0 94460
94460 89468 0:0 94476
94478 89498 21:0 94486
94485 89500 0:0 94486
94485 89499 21:0 94536
94536 89501 0:0 94552
94554 89531 21:0 94562
94561 89532 0:0 94562
94561 89533 21:0 94612
94612 89534 0:0 94628
94630 89564 21:0 94638
94637 89566 0:0 94638
94637 89565 21:0 94688
94688 89567 0:0 94704
94706 89597 21:0 94714
94713 89599 0:0 94714
94713 89598 21:0 94764
94764 89600 0:0 94780
94782 89630 21:0 94790
94789 89631 0:0 94790
94789 89632 21:0 94840
94840 89633 0:0 94856
94858 89663 21:0 94866
94863 89665 0:0 94866
94865 89664 0:0 94866
94866 89666 21:0 94932
94934 89696 0:0 94937
94939 89697 21:0 94956
94941 89698 0:0 94942
94956 89699 0:0 94992
95010 89729 0:0 95013
95015 89730 21:0 95032
95017 89731 0:0 95018
95032 89732 0:0 95068
95086 89762 21:0 95094
95091 89764 0:0 95094
95093 89763 0:0 95094
95094 89765 21:0 95160
95162 89795 21:0 95170
95169 89796 0:0 95170
95169 89797 21:0 95220
95220 89798 0:0 95236
95238 89828 21:0 95246
95245 89829 0:0 95246
95245 89830 21:0 95296
95412 88387 1:0 95671
95413 88386 1:0 95682
95422 88356 1:0 95795
95422 88354 1:0 95802
95428 88355 1:0 95803
95432 88353 1:0 95813
95441 356 21:0 95455
95456 88323 1:0 95926
95543 88322 1:0 95934
95544 88321 1:0 95933
95553 88320 1:0 95944
95553 88290 1:0 96057
95559 88288 1:0 96064
95563 88289 1:0 96065
95592 88287 1:0 96075
95674 88257 1:0 96188
95675 88255 1:0 96195
95684 88256 1:0 96196
95684 88254 1:0 96206
95690 88224 1:0 96319
95695 88223 1:0 96327
95723 88222 1:0 96326
95805 88221 1:0 96337
95806 88191 1:0 96450
95815 88189 1:0 96457
95815 88190 1:0 96458
95821 88188 1:0 96468
95826 88158 1:0 96581
95854 88156 1:0 96588
95936 88157 1:0 96589
95937 88155 1:0 96599
95946 88125 1:0 96712
95946 88123 1:0 96719
95952 88124 1:0 96720
95972 88122 1:0 96730
96026 88092 1:0 96843
96067 88090 1:0 96850
96068 88091 1:0 96851
96077 88089 1:0 96861
96077 88059 1:0 96974
96085 88058 1:0 96982
96103 88057 1:0 96981
96198 88056 1:0 96992
96199 88026 1:0 97105
96199 88024 1:0 97112
96208 88025 1:0 97113
96208 88023 1:0 97123
96216 87993 1:0 97236
96235 87992 1:0 97244
96329 87991 1:0 97243
96330 87990 1:0 97254
96339 87960 1:0 97367
96339 87959 1:0 97375
96345 87958 1:0 97374
96349 87957 1:0 97385
96350 357 1:0 98715
96378 89830 1:0 98987
97565 90841 21:0 97573
97572 90842 0:0 97573
97572 90843 21:0 97623
97623 90844 0:0 97639
97641 90874 21:0 97649
97648 90875 0:0 97649
97648 90876 21:0 97699
97699 90877 0:0 97715
97717 90907 21:0 97725
97724 90908 0:0 97725
97724 90909 21:0 97775
97775 90910 0:0 97791
97793 90940 21:0 97801
97800 90941 0:0 97801
97800 90942 21:0 97851
97851 90943 0:0 97867
97869 90973 21:0 97877
97876 90974 0:0 97877
97876 90975 21:0 97927
97927 90976 0:0 97943
97945 91006 21:0 97953
97952 91007 0:0 97953
97952 91008 21:0 98003
98003 91009 0:0 98019
98021 91039 21:0 98029
98028 91040 0:0 98029
98028 91041 21:0 98079
98079 91042 0:0 98095
98097 91072 21:0 98105
98104 91074 0:0 98105
98104 91073 21:0 98155
98155 91075 0:0 98171
98173 91105 21:0 98181
98180 91106 0:0 98181
98180 91107 21:0 98231
98231 91108 0:0 98247
98249 91138 21:0 98257
98256 91139 0:0 98257
98256 91140 21:0 98307
98307 91141 0:0 98323
98325 91171 21:0 98333
98332 91173 0:0 98333
98332 91172 21:0 98383
98383 91174 0:0 98399
98401 91204 21:0 98409
98408 91206 0:0 98409
98408 91205 21:0 98459
98459 91207 0:0 98475
98477 91237 21:0 98485
98484 91238 0:0 98485
98484 91239 21:0 98535
98535 91240 0:0 98551
98553 91270 21:0 98561
98560 91271 0:0 98561
98560 91272 21:0 98611
98727 89829 1:0 98986
98728 89828 1:0 98997
98737 89798 1:0 99110
98737 89797 1:0 99118
98743 89796 1:0 99117
98747 89795 1:0 99128
98756 357 21:0 98770
98771 89765 1:0 99241
98858 89763 1:0 99248
98859 89764 1:0 99249
98868 89762 1:0 99259
98868 89732 1:0 99372
98874 89730 1:0 99379
98878 89731 1:0 99380
98907 89729 1:0 99390
98989 89699 1:0 99503
98990 89697 1:0 99510
98999 89698 1:0 99511
98999 89696 1:0 99521
99005 89666 1:0 99634
99010 89664 1:0 99641
99038 89665 1:0 99642
99120 89663 1:0 99652
99121 89633 1:0 99765
99130 89631 1:0 99772
99130 89632 1:0 99773
99136 89630 1:0 99783
99141 89600 1:0 99896
99169 89598 1:0 99903
99251 89599 1:0 99904
99252 89597 1:0 99914
99261 89567 1:0 100027
99261 89565 1:0 100034
99267 89566 1:0 100035
99287 89564 1:0 100045
99341 89534 1:0 100158
99382 89533 1:0 100166
99383 89532 1:0 100165
99392 89531 1:0 100176
99392 89501 1:0 100289
99400 89499 1:0 100296
99418 89500 1:0 100297
99513 89498 1:0 100307
99514 89468 1:0 100420
99514 89466 1:0 100427
99523 89467 1:0 100428
99523 89465 1:0 100438
99531 89435 1:0 100551
99550 89434 1:0 100559
99644 89433 1:0 100558
99645 89432 1:0 100569
99654 89402 1:0 100682
99654 89400 1:0 100689
99660 89401 1:0 100690
99664 89399 1:0 100700
99665 358 1:0 102030
100880 92283 0:0 100883
100885 92284 21:0 100902
100887 92285 0:0 100888
100902 92286 0:0 100938
100956 92316 0:0 100959
100961 92317 21:0 100978
100963 92318 0:0 100964
100978 92319 0:0 101014
101032 92349 0:0 101035
101037 92350 21:0 101054
101039 92351 0:0 101040
101054 92352 0:0 101090
101108 92382 0:0 101111
101113 92383 21:0 101130
101115 92384 0:0 101116
101130 92385 0:0 101166
101184 92415 0:0 101187
101189 92417 21:0 101206
101191 92416 0:0 101192
101206 92418 0:0 101242
101260 92448 21:0 101268
101267 92449 0:0 101268
101267 92450 21:0 101318
101318 92451 0:0 101334
101336 92481 0:0 101339
101341 92482 21:0 101358
101343 92483 0:0 101344
101358 92484 0:0 101394
101412 92514 21:0 101420
101417 92516 0:0 101420
101419 92515 0:0 101420
101420 92517 21:0 101486
101488 92547 21:0 101496
101493 92549 0:0 101496
101493 92548 0:0 101496
101496 92550 21:0 101562
101564 92580 0:0 101567
101569 92581 21:0 101586
101571 92582 0:0 101572
101586 92583 0:0 101622
101640 92613 0:0 101643
101645 92615 21:0 101662
101647 92614 0:0 101648
101662 92616 0:0 101698
101716 92646 0:0 101719
101721 92648 21:0 101738
101723 92647 0:0 101724
101738 92649 0:0 101774
101797 92680 0:0 101800
101797 92681 0:0 101800
101800 92682 21:0 101866
101868 92712 0:0 101871
101873 92713 21:0 101890
101875 92714 0:0 101876
102042 91272 1:0 102302
102043 91271 1:0 102301
102052 91270 1:0 102312
102052 91240 1:0 102425
102058 91239 1:0 102433
102062 91238 1:0 102432
102071 358 21:0 102085
102086 91237 1:0 102443
102173 91207 1:0 102556
102174 91205 1:0 102563
102183 91206 1:0 102564
102183 91204 1:0 102574
102189 91174 1:0 102687
102193 91172 1:0 102694
102222 91173 1:0 102695
102304 91171 1:0 102705
102305 91141 1:0 102818
102314 91139 1:0 102825
102314 91140 1:0 102826
102320 91138 1:0 102836
102325 91108 1:0 102949
102353 91107 1:0 102957
102435 91106 1:0 102956
102436 91105 1:0 102967
102445 91075 1:0 103080
102445 91073 1:0 103087
102451 91074 1:0 103088
102456 91072 1:0 103098
102484 91042 1:0 103211
102566 91041 1:0 103219
102567 91040 1:0 103218
102576 91039 1:0 103229
102576 91009 1:0 103342
102582 91008 1:0 103350
102602 91007 1:0 103349
102656 91006 1:0 103360
102697 90976 1:0 103473
102698 90975 1:0 103481
102707 90974 1:0 103480
102707 90973 1:0 103491
102715 90943 1:0 103604
102733 90942 1:0 103612
102828 90941 1:0 103611
102829 90940 1:0 103622
102829 90910 1:0 103735
102838 90908 1:0 103742
102838 90909 1:0 103743
102846 90907 1:0 103753
102865 90877 1:0 103866
102959 90876 1:0 103874
102960 90875 1:0 103873
102969 90874 1:0 103884
102969 90844 1:0 103997
102975 90843 1:0 104005
102979 90842 1:0 104004
102996 90841 1:0 104015
103008 359 1:0 104128
103090 46026 1:0 104235
103090 46028 1:0 104235
103091 46031 1:0 104235
103091 46027 1:0 104236
103091 46029 1:0 104236
103100 46023 1:0 104236
103100 46025 1:0 104236
103100 46019 1:0 104236
103100 46020 1:0 104237
103100 46018 1:0 104237
103100 46024 1:0 104237
103100 46030 1:0 104321
103100 46174 1:0 104453
103106 92713 1:0 104453
103110 46173 1:0 104453
103111 46166 1:0 104457
103126 46175 1:0 104532
103127 46165 1:0 104457
103127 46171 1:0 104512
103139 46168 1:0 104493
103139 46176 1:0 104533
103180 46167 1:0 104492
103221 46169 1:0 104502
103221 46170 1:0 104503
103221 46172 1:0 104513
103221 46177 1:0 104542
103222 92714 1:0 104580
103222 46178 1:0 104543
103231 92712 1:0 104590
103231 92682 1:0 104674
103237 46320 1:0 104674
103239 46321 1:0 104674
103242 46322 1:0 104753
103257 46313 1:0 104678
103257 46312 1:0 104678
103258 46314 1:0 104713
103258 46318 1:0 104733
103270 46319 1:0 104734
103270 46323 1:0 104754
103311 46315 1:0 104714
103352 46317 1:0 104724
103352 46324 1:0 104763
103352 46462 1:0 104899
103352 46464 1:0 104899
103352 46463 1:0 104900
103353 92680 1:0 104800
103353 46325 1:0 104764
103362 92681 1:0 104801
103362 92649 1:0 104827
103370 92648 1:0 104898
103373 46469 1:0 104898
103388 46466 1:0 104899
103389 46467 1:0 104898
103401 46470 1:0 104899
103483 46471 1:0 104899
103483 46468 1:0 104899
103484 46460 1:0 104899
103484 46459 1:0 104900
103484 46465 1:0 104900
103484 46472 1:0 104985
103493 92647 1:0 105021
103493 92646 1:0 105032
103499 92616 1:0 105048
103519 92615 1:0 105119
103532 46616 1:0 105119
103573 46614 1:0 105119
103614 46619 1:0 105120
103614 46615 1:0 105120
103615 46617 1:0 105120
103615 46611 1:0 105120
103615 46609 1:0 105120
103615 46613 1:0 105120
103615 46607 1:0 105120
103615 46610 1:0 105121
103615 46608 1:0 105121
103615 46606 1:0 105121
103615 46612 1:0 105121
103624 92614 1:0 105242
103624 46618 1:0 105205
103630 92613 1:0 105253
103635 92581 1:0 105337
103651 46762 1:0 105337
103663 46761 1:0 105406
103704 46753 1:0 105341
103745 46754 1:0 105341
103745 46755 1:0 105376
103745 46756 1:0 105377
103745 46763 1:0 105416
103746 92583 1:0 105455
103746 46764 1:0 105417
103755 46758 1:0 105387
103755 46759 1:0 105396
103755 46760 1:0 105397
103755 46765 1:0 105426
103755 46766 1:0 105427
103755 46902 1:0 105563
103761 92582 1:0 105464
103766 92580 1:0 105474
103794 92550 1:0 105561
103876 46910 1:0 105561
103876 46908 1:0 105561
103877 46911 1:0 105562
103877 46909 1:0 105562
103877 46912 1:0 105562
103886 46905 1:0 105562
103886 46901 1:0 105562
103886 46907 1:0 105562
103886 46903 1:0 105562
103886 46900 1:0 105563
103886 46906 1:0 105563
103886 46913 1:0 105648
103892 92548 1:0 105684
103896 92549 1:0 105685
103912 47056 1:0 105779
103925 92547 1:0 105695
103966 47049 1:0 105818
104007 92517 1:0 105779
104008 47047 1:0 105783
104008 47048 1:0 105783
104008 47051 1:0 105828
104008 47052 1:0 105829
104008 47053 1:0 105838
104008 47054 1:0 105839
104008 47055 1:0 105848
104017 47057 1:0 105858
104017 47058 1:0 105859
104017 47059 1:0 105868
104017 47060 1:0 105869
104025 92516 1:0 105906
104044 92515 1:0 105905
104097 92514 1:0 105916
104140 92482 1:0 106000
104141 47203 1:0 106000
104141 47202 1:0 106000
104141 47195 1:0 106004
104141 47196 1:0 106039
104141 47197 1:0 106040
104150 92484 1:0 106118
104150 47194 1:0 106004
104150 47198 1:0 106049
104150 47199 1:0 106050
104150 47200 1:0 106059
104150 47201 1:0 106060
104150 47205 1:0 106080
104156 47204 1:0 106079
104158 47206 1:0 106089
104169 359 21:0 104183
104176 47207 1:0 106090
104189 92483 1:0 106127
104243 92481 1:0 106137
104260 92450 1:0 106221
104309 47350 1:0 106221
104319 47349 1:0 106290
104329 47342 1:0 106225
104329 47341 1:0 106225
104329 47343 1:0 106260
104329 47344 1:0 106261
104329 47347 1:0 106280
104331 46030 21:0 104353
104352 46023 0:0 104353
104352 46020 0:0 104353
104352 46019 0:0 104353
104352 46025 0:0 104353
104352 46031 0:0 104353
104352 46029 0:0 104353
104352 46028 0:0 104353
104352 46026 0:0 104353
104352 46027 0:0 104353
104352 46018 0:0 104353
104352 46024 0:0 104353
104354 92451 1:0 106339
104354 47348 1:0 106281
104354 47351 1:0 106300
104354 47352 1:0 106301
104361 47345 1:0 106270
104361 47346 1:0 106271
104361 47353 1:0 106310
104361 47495 1:0 106446
104362 92449 1:0 106347
104362 47354 1:0 106311
104371 92448 1:0 106358
104371 92418 1:0 106375
104379 92417 1:0 106445
104382 47498 1:0 106445
104398 47496 1:0 106445
104410 47497 1:0 106446
104451 47499 1:0 106446
104464 47500 1:0 106446
104479 47493 1:0 106446
104479 47492 1:0 106447
104479 47494 1:0 106447
104480 47488 1:0 106447
104480 47501 1:0 106532
104481 47489 1:0 106446
104530 47491 1:0 106446
104530 47490 1:0 106447
104530 47636 1:0 106667
104542 46175 21:0 104574
104550 92416 1:0 106568
104572 46177 0:0 104574
104573 46176 0:0 104574
104573 46168 0:0 104574
104573 46169 0:0 104574
104573 46172 0:0 104574
104573 46166 0:0 104574
104573 46171 0:0 104574
104573 46165 0:0 104574
104573 46178 0:0 104574
104573 46173 0:0 104574
104573 46174 0:0 104574
104573 46167 0:0 104574
104573 46170 0:0 104574
104575 92415 1:0 106579
104575 92383 1:0 106663
104575 47644 1:0 106663
104582 47643 1:0 106663
104582 47645 1:0 106742
104583 92385 1:0 106781
104583 47635 1:0 106667
104583 47638 1:0 106703
104583 47639 1:0 106712
104592 47640 1:0 106713
104592 47641 1:0 106722
104592 47642 1:0 106723
104592 47646 1:0 106743
104592 47647 1:0 106752
104592 47648 1:0 106753
104592 47783 1:0 106888
104592 47784 1:0 106923
104600 92384 1:0 106790
104619 92382 1:0 106800
104672 92350 1:0 106884
104685 47791 1:0 106884
104700 47782 1:0 106888
104700 47788 1:0 106943
104701 47785 1:0 106924
104701 47786 1:0 106933
104701 47790 1:0 106953
104702 47789 1:0 106944
104761 92352 1:0 107002
104763 46322 21:0 104795
104771 47792 1:0 106963
104794 46312 0:0 104795
104794 46313 0:0 104795
104794 46324 0:0 104795
104794 46325 0:0 104795
104794 46323 0:0 104795
104794 46321 0:0 104795
104794 46320 0:0 104795
104794 46319 0:0 104795
104794 46318 0:0 104795
104794 46314 0:0 104795
104794 46315 0:0 104795
104794 46317 0:0 104795
104796 47787 1:0 106934
104796 47793 1:0 106964
104796 47794 1:0 106973
104796 47795 1:0 106974
104796 47938 1:0 107105
104796 47929 1:0 107109
104803 92351 1:0 107011
104804 92349 1:0 107021
104804 47930 1:0 107109
104804 47931 1:0 107144
104804 47932 1:0 107145
104813 92317 1:0 107105
104813 47937 1:0 107174
104819 92319 1:0 107223
104821 47939 1:0 107184
104824 47940 1:0 107185
104839 47935 1:0 107164
104839 47936 1:0 107165
104840 47933 1:0 107154
104840 47934 1:0 107155
104840 48076 1:0 107330
104852 47941 1:0 107194
104893 47942 1:0 107195
104922 92318 1:0 107232
104972 92316 1:0 107242
104991 46472 21:0 105016
104992 92284 1:0 107326
105014 46467 0:0 105016
105014 46471 0:0 105016
105014 46468 0:0 105016
105014 46469 0:0 105016
105014 46470 0:0 105016
105015 46463 0:0 105016
105015 46466 0:0 105016
105015 46465 0:0 105016
105015 46462 0:0 105016
105015 46460 0:0 105016
105015 46459 0:0 105016
105015 46464 0:0 105016
105017 92286 1:0 107444
105017 48084 1:0 107326
105017 48077 1:0 107330
105017 48078 1:0 107365
105017 48085 1:0 107396
105024 48086 1:0 107405
105024 48087 1:0 107406
105025 48079 1:0 107366
105025 48080 1:0 107375
105025 48081 1:0 107376
105025 48082 1:0 107385
105025 48083 1:0 107386
105025 48088 1:0 107415
105025 48226 1:0 107551
105034 92285 1:0 107453
105034 48089 1:0 107416
105034 48233 1:0 107550
105040 92283 1:0 107463
105044 48231 1:0 107550
105060 48235 1:0 107551
105073 48234 1:0 107551
105114 48232 1:0 107551
105122 48236 1:0 107637
105127 48224 1:0 107551
105127 48223 1:0 107552
105142 48230 1:0 107551
105142 48229 1:0 107552
105143 48323 1:0 107676
105143 48227 1:0 107552
105143 48225 1:0 107552
105143 48324 1:0 107677
105215 46618 21:0 105237
105236 46619 0:0 105237
105236 46609 0:0 105237
105236 46611 0:0 105237
105236 46613 0:0 105237
105236 46607 0:0 105237
105236 46606 0:0 105237
105236 46612 0:0 105237
105236 46615 0:0 105237
105236 46617 0:0 105237
105236 46616 0:0 105237
105236 46614 0:0 105237
105236 46608 0:0 105237
105236 46610 0:0 105237
105416 46761 21:0 105458
105456 46763 0:0 105458
105457 46765 0:0 105458
105457 46762 0:0 105458
105457 46764 0:0 105458
105457 46759 0:0 105458
105457 46766 0:0 105458
105457 46760 0:0 105458
105457 46754 0:0 105458
105457 46753 0:0 105458
105457 46755 0:0 105458
105457 46756 0:0 105458
105460 46758 0:0 105461
105654 46913 21:0 105679
105677 46910 0:0 105679
105677 46912 0:0 105679
105677 46909 0:0 105679
105677 46911 0:0 105679
105677 46908 0:0 105679
105678 46905 0:0 105679
105678 46907 0:0 105679
105678 46906 0:0 105679
105678 46901 0:0 105679
105678 46900 0:0 105679
105678 46903 0:0 105679
105678 46902 0:0 105679
105858 47055 21:0 105900
105898 47057 0:0 105900
105898 47059 0:0 105900
105899 47054 0:0 105900
105899 47047 0:0 105900
105899 47048 0:0 105900
105899 47052 0:0 105900
105899 47053 0:0 105900
105899 47056 0:0 105900
105899 47051 0:0 105900
105899 47060 0:0 105900
105899 47049 0:0 105900
105899 47058 0:0 105900
106086 47205 21:0 106121
106119 47202 0:0 106121
106119 47203 0:0 106121
106119 47204 0:0 106121
106119 47206 0:0 106121
106120 47197 0:0 106121
106120 47194 0:0 106121
106120 47195 0:0 106121
106120 47200 0:0 106121
106120 47207 0:0 106121
106120 47196 0:0 106121
106120 47201 0:0 106121
106120 47198 0:0 106121
106120 47199 0:0 106121
106300 47349 21:0 106342
106340 47353 0:0 106342
106341 47352 0:0 106342
106341 47347 0:0 106342
106341 47342 0:0 106342
106341 47341 0:0 106342
106341 47348 0:0 106342
106341 47351 0:0 106342
106341 47344 0:0 106342
106341 47350 0:0 106342
106341 47345 0:0 106342
106341 47346 0:0 106342
106341 47354 0:0 106342
106344 47343 0:0 106345
106538 47501 21:0 106563
106561 47498 0:0 106563
106561 47500 0:0 106563
106561 47496 0:0 106563
106561 47497 0:0 106563
106561 47499 0:0 106563
106562 47495 0:0 106563
106562 47494 0:0 106563
106562 47488 0:0 106563
106562 47493 0:0 106563
106562 47489 0:0 106563
106562 47491 0:0 106563
106562 47490 0:0 106563
106562 47492 0:0 106563
106752 47645 21:0 106784
106782 47647 0:0 106784
106783 47642 0:0 106784
106783 47646 0:0 106784
106783 47648 0:0 106784
106783 47643 0:0 106784
106783 47644 0:0 106784
106783 47639 0:0 106784
106783 47638 0:0 106784
106783 47640 0:0 106784
106783 47635 0:0 106784
106783 47636 0:0 106784
106783 47641 0:0 106784
106963 47790 21:0 107005
107003 47792 0:0 107005
107004 47783 0:0 107005
107004 47787 0:0 107005
107004 47784 0:0 107005
107004 47785 0:0 107005
107004 47791 0:0 107005
107004 47793 0:0 107005
107004 47794 0:0 107005
107004 47795 0:0 107005
107004 47786 0:0 107005
107004 47789 0:0 107005
107004 47782 0:0 107005
107004 47788 0:0 107005
107184 47937 21:0 107226
107224 47941 0:0 107226
107224 47939 0:0 107226
107225 47930 0:0 107226
107225 47938 0:0 107226
107225 47932 0:0 107226
107225 47933 0:0 107226
107225 47936 0:0 107226
107225 47935 0:0 107226
107225 47940 0:0 107226
107225 47942 0:0 107226
107225 47929 0:0 107226
107228 47934 0:0 107229
107228 47931 0:0 107229
107402 48085 21:0 107447
107445 48088 0:0 107447
107446 48086 0:0 107447
107446 48087 0:0 107447
107446 48081 0:0 107447
107446 48082 0:0 107447
107446 48084 0:0 107447
107446 48080 0:0 107447
107446 48076 0:0 107447
107446 48089 0:0 107447
107446 48083 0:0 107447
107446 48077 0:0 107447
107449 48079 0:0 107450
107449 48078 0:0 107450
107643 48236 21:0 293
