255 48229 0:0 257
256 48223 0:0 257
256 48230 0:0 257
256 48224 0:0 258
302 48232 0:0 304
302 48233 0:0 304
302 48234 0:0 304
302 48235 0:0 304
303 48323 0:0 304
303 48324 0:0 304
303 48231 0:0 304
358 48494 21:0 366
365 48495 0:0 366
365 48496 21:0 432
439 48528 0:0 442
442 48530 21:0 508
510 48560 0:0 513
515 48562 21:0 573
667 48627 21:0 725
724 48629 0:0 736
743 48660 21:0 801
814 48692 0:0 817
819 48694 21:0 877
821 48693 0:0 822
971 48759 21:0 1029
1042 48791 21:0 1050
1049 48792 0:0 1050
1049 48793 21:0 1116
1199 48858 21:0 1257
1201 48859 0:0 1202
1575 49023 21:0 1583
1582 49024 0:0 1583
1582 49025 0:0 1583
1583 49026 21:0 1649
1651 49056 21:0 1659
1658 49058 0:0 1659
1658 49057 21:0 1725
1723 49059 0:0 1725
1727 49089 0:0 1730
1732 49091 21:0 1790
1734 49090 0:0 1735
1789 49092 0:0 1801
1803 49122 21:0 1811
1810 49123 0:0 1811
1810 49124 0:0 1811
1811 49125 21:0 1877
1879 49155 0:0 1882
1884 49156 21:0 1942
1886 49157 0:0 1887
1941 49158 0:0 1953
1955 49188 0:0 1958
1960 49190 21:0 2018
1962 49189 0:0 1963
2017 49191 0:0 2029
2031 49221 21:0 2039
2038 49222 0:0 2039
2038 49223 21:0 2105
2103 49224 0:0 2105
2107 49254 21:0 2115
2114 49255 0:0 2115
2114 49256 21:0 2181
2179 49257 0:0 2181
2183 49287 21:0 2191
2190 49288 0:0 2191
2190 49289 21:0 2257
2255 49290 0:0 2257
2259 49320 21:0 2267
2266 49322 0:0 2267
2266 49321 21:0 2333
2331 49323 0:0 2333
2335 49353 21:0 2343
2342 49354 0:0 2343
2342 49355 21:0 2409
2407 49356 0:0 2409
2411 49386 21:0 2419
2418 49388 0:0 2419
2418 49387 21:0 2485
2483 49389 0:0 2485
2487 49419 21:0 2495
2494 49420 0:0 2495
2494 49421 21:0 2561
2559 49422 0:0 2561
2563 49452 21:0 2571
2736 48858 1:0 3221
2737 48859 1:0 3222
2745 48792 1:0 3465
2745 48793 1:0 3466
2762 328 21:0 2776
2769 48791 1:0 3475
2858 48759 1:0 3587
2859 48694 1:0 3832
2867 48693 1:0 3831
2867 48692 1:0 3841
2877 48660 1:0 3953
2980 48629 1:0 4069
2981 48627 1:0 4075
2989 48562 1:0 4320
2989 48560 1:0 4329
2999 48530 1:0 4435
3102 48528 1:0 4441
3103 48496 1:0 4564
3111 48495 1:0 4563
3111 48494 1:0 4573
3117 329 1:0 5895
3135 49452 1:0 6177
3224 49422 1:0 6290
3225 49421 1:0 6298
3233 49420 1:0 6297
4745 50465 21:0 4753
4752 50467 0:0 4753
4752 50466 21:0 4819
4817 50468 0:0 4819
4821 50498 21:0 4829
4828 50500 0:0 4829
4828 50499 0:0 4829
4829 50501 21:0 4895
4897 50531 21:0 4905
4904 50533 0:0 4905
4904 50532 21:0 4971
4969 50534 0:0 4971
4973 50564 21:0 4981
4980 50565 0:0 4981
4980 50566 21:0 5047
5045 50567 0:0 5047
5049 50597 21:0 5057
5056 50598 0:0 5057
5056 50599 21:0 5123
5121 50600 0:0 5123
5125 50630 21:0 5133
5132 50632 0:0 5133
5132 50631 21:0 5199
5197 50633 0:0 5199
5201 50663 21:0 5209
5208 50665 0:0 5209
5208 50664 21:0 5275
5273 50666 0:0 5275
5277 50696 21:0 5285
5284 50698 0:0 5285
5284 50697 21:0 5351
5349 50699 0:0 5351
5353 50729 0:0 5356
5358 50730 21:0 5416
5360 50731 0:0 5361
5415 50732 0:0 5427
5429 50762 21:0 5437
5436 50763 0:0 5437
5436 50764 21:0 5503
5501 50765 0:0 5503
5505 50795 0:0 5508
5510 50796 21:0 5568
5512 50797 0:0 5513
5567 50798 0:0 5579
5581 50828 21:0 5589
5586 50829 0:0 5589
5588 50830 0:0 5589
5589 50831 21:0 5655
5657 50861 21:0 5665
5664 50863 0:0 5665
5664 50862 21:0 5731
5729 50864 0:0 5731
5907 49419 1:0 6308
5908 49389 1:0 6421
5917 49387 1:0 6428
5917 49388 1:0 6429
5923 49386 1:0 6439
5936 329 21:0 5950
5944 49356 1:0 6552
5956 49355 1:0 6560
6038 49354 1:0 6559
6039 49353 1:0 6570
6048 49323 1:0 6683
6048 49321 1:0 6690
6054 49322 1:0 6691
6074 49320 1:0 6701
6169 49290 1:0 6814
6170 49288 1:0 6821
6170 49289 1:0 6822
6179 49287 1:0 6832
6179 49257 1:0 6945
6187 49256 1:0 6953
6206 49255 1:0 6952
6300 49254 1:0 6963
6301 49224 1:0 7076
6301 49223 1:0 7084
6310 49222 1:0 7083
6310 49221 1:0 7094
6318 49191 1:0 7207
6337 49190 1:0 7215
6431 49189 1:0 7214
6432 49188 1:0 7225
6441 49158 1:0 7338
6441 49156 1:0 7345
6447 49157 1:0 7346
6451 49155 1:0 7356
6480 49125 1:0 7469
6562 49123 1:0 7476
6563 49124 1:0 7477
6572 49122 1:0 7487
6572 49092 1:0 7600
6578 49091 1:0 7608
6583 49090 1:0 7607
6611 49089 1:0 7618
6693 49059 1:0 7731
6694 49057 1:0 7738
6703 49058 1:0 7739
6703 49056 1:0 7749
6709 49026 1:0 7862
6714 49024 1:0 7869
6742 49025 1:0 7870
6824 49023 1:0 7880
6825 330 1:0 9210
8060 51907 21:0 8068
8067 51909 0:0 8068
8067 51908 21:0 8134
8132 51910 0:0 8134
8136 51940 21:0 8144
8143 51941 0:0 8144
8143 51942 0:0 8144
8144 51943 21:0 8210
8212 51973 21:0 8220
8219 51975 0:0 8220
8219 51974 21:0 8286
8284 51976 0:0 8286
8288 52006 21:0 8296
8295 52008 0:0 8296
8295 52007 21:0 8362
8360 52009 0:0 8362
8364 52039 21:0 8372
8371 52041 0:0 8372
8371 52040 21:0 8438
8436 52042 0:0 8438
8440 52072 21:0 8448
8447 52073 0:0 8448
8447 52074 21:0 8514
8512 52075 0:0 8514
8516 52105 21:0 8524
8523 52107 0:0 8524
8523 52106 21:0 8590
8588 52108 0:0 8590
8592 52138 21:0 8600
8599 52139 0:0 8600
8599 52140 21:0 8666
8664 52141 0:0 8666
8668 52171 0:0 8671
8673 52172 21:0 8731
8675 52173 0:0 8676
8730 52174 0:0 8742
8744 52204 0:0 8747
8749 52205 21:0 8807
8751 52206 0:0 8752
8806 52207 0:0 8818
8820 52237 21:0 8828
8827 52238 0:0 8828
8827 52239 21:0 8894
8892 52240 0:0 8894
8896 52270 21:0 8904
8903 52272 0:0 8904
8903 52271 21:0 8970
8968 52273 0:0 8970
9056 52339 21:0 9122
9222 50864 1:0 9605
9223 50862 1:0 9612
9232 50863 1:0 9613
9232 50861 1:0 9623
9238 50831 1:0 9736
9251 330 21:0 9265
9259 50829 1:0 9743
9271 50830 1:0 9744
9353 50828 1:0 9754
9354 50798 1:0 9867
9363 50796 1:0 9874
9363 50797 1:0 9875
9369 50795 1:0 9885
9389 50765 1:0 9998
9484 50764 1:0 10006
9485 50763 1:0 10005
9485 50762 1:0 10016
9494 50732 1:0 10129
9494 50730 1:0 10136
9502 50731 1:0 10137
9521 50729 1:0 10147
9615 50699 1:0 10260
9616 50697 1:0 10267
9616 50698 1:0 10268
9625 50696 1:0 10278
9625 50666 1:0 10391
9633 50664 1:0 10398
9652 50665 1:0 10399
9746 50663 1:0 10409
9747 50633 1:0 10522
9756 50631 1:0 10529
9756 50632 1:0 10530
9762 50630 1:0 10540
9766 50600 1:0 10653
9795 50599 1:0 10661
9877 50598 1:0 10660
9878 50597 1:0 10671
9887 50567 1:0 10784
9887 50566 1:0 10792
9893 50565 1:0 10791
9898 50564 1:0 10802
9926 50534 1:0 10915
10008 50532 1:0 10922
10009 50533 1:0 10923
10018 50531 1:0 10933
10018 50501 1:0 11046
10024 50499 1:0 11053
10029 50500 1:0 11054
10057 50498 1:0 11064
10139 50468 1:0 11177
10140 50466 1:0 11184
10140 331 1:0 12525
10149 50467 1:0 11185
10149 50465 1:0 11195
10157 52339 1:0 12789
11375 53349 21:0 11383
11382 53350 0:0 11383
11382 53351 0:0 11383
11383 53352 21:0 11449
11451 53382 21:0 11459
11458 53384 0:0 11459
11458 53383 21:0 11525
11523 53385 0:0 11525
11527 53415 21:0 11535
11534 53416 0:0 11535
11534 53417 0:0 11535
11535 53418 21:0 11601
11603 53448 21:0 11611
11610 53449 0:0 11611
11610 53450 0:0 11611
11611 53451 21:0 11677
11679 53481 21:0 11687
11686 53483 0:0 11687
11686 53482 21:0 11753
11751 53484 0:0 11753
11755 53514 21:0 11763
11762 53515 0:0 11763
11762 53516 21:0 11829
11827 53517 0:0 11829
11831 53547 21:0 11839
11838 53548 0:0 11839
11838 53549 21:0 11905
11903 53550 0:0 11905
11907 53580 21:0 11915
11914 53581 0:0 11915
11914 53582 21:0 11981
11979 53583 0:0 11981
11983 53613 0:0 11986
11988 53615 21:0 12046
11990 53614 0:0 11991
12045 53616 0:0 12057
12059 53646 21:0 12067
12064 53647 0:0 12067
12064 53648 0:0 12067
12067 53649 21:0 12133
12135 53679 21:0 12143
12142 53680 0:0 12143
12142 53681 21:0 12209
12207 53682 0:0 12209
12211 53712 21:0 12219
12218 53714 0:0 12219
12218 53713 21:0 12285
12283 53715 0:0 12285
12287 53745 21:0 12295
12294 53746 0:0 12295
12294 53747 21:0 12361
12439 53811 0:0 12442
12444 53812 21:0 12502
12537 52273 1:0 13051
12538 52271 1:0 13058
12547 52272 1:0 13059
12547 52270 1:0 13069
12553 52240 1:0 13182
12566 331 21:0 12580
12574 52239 1:0 13190
12586 52238 1:0 13189
12668 52237 1:0 13200
12669 52207 1:0 13313
12678 52205 1:0 13320
12678 52206 1:0 13321
12684 52204 1:0 13331
12704 52174 1:0 13444
12799 52172 1:0 13451
12800 52173 1:0 13452
12800 52171 1:0 13462
12809 52141 1:0 13575
12809 52140 1:0 13583
12817 52139 1:0 13582
12836 52138 1:0 13593
12930 52108 1:0 13706
12931 52106 1:0 13713
12931 52107 1:0 13714
12940 52105 1:0 13724
12940 52075 1:0 13837
12948 52074 1:0 13845
12967 52073 1:0 13844
13061 52072 1:0 13855
13062 52042 1:0 13968
13071 52040 1:0 13975
13071 52041 1:0 13976
13077 52039 1:0 13986
13081 52009 1:0 14099
13110 52007 1:0 14106
13192 52008 1:0 14107
13193 52006 1:0 14117
13202 51976 1:0 14230
13202 51974 1:0 14237
13208 51975 1:0 14238
13213 51973 1:0 14248
13241 51943 1:0 14361
13323 51941 1:0 14368
13324 51942 1:0 14369
13333 51940 1:0 14379
13333 51910 1:0 14492
13339 51908 1:0 14499
13344 51909 1:0 14500
13372 51907 1:0 14510
13454 332 1:0 15840
14690 54791 21:0 14698
14697 54793 0:0 14698
14697 54792 21:0 14764
14762 54794 0:0 14764
14766 54824 21:0 14774
14773 54826 0:0 14774
14773 54825 21:0 14840
14838 54827 0:0 14840
14842 54857 21:0 14850
14849 54858 0:0 14850
14849 54859 0:0 14850
14850 54860 21:0 14916
14918 54890 21:0 14926
14925 54891 0:0 14926
14925 54892 21:0 14992
14990 54893 0:0 14992
14994 54923 21:0 15002
15001 54924 0:0 15002
15001 54925 21:0 15068
15066 54926 0:0 15068
15070 54956 21:0 15078
15077 54957 0:0 15078
15077 54958 21:0 15144
15142 54959 0:0 15144
15146 54989 21:0 15154
15153 54990 0:0 15154
15153 54991 21:0 15220
15218 54992 0:0 15220
15222 55022 21:0 15230
15229 55024 0:0 15230
15229 55023 21:0 15296
15294 55025 0:0 15296
15298 55055 21:0 15306
15305 55056 0:0 15306
15305 55057 0:0 15306
15306 55058 21:0 15372
15374 55088 21:0 15382
15381 55090 0:0 15382
15381 55089 21:0 15448
15446 55091 0:0 15448
15450 55121 21:0 15458
15455 55123 0:0 15458
15455 55122 0:0 15458
15458 55124 21:0 15524
15526 55154 21:0 15534
15533 55156 0:0 15534
15533 55155 21:0 15600
15598 55157 0:0 15600
15852 53812 1:0 15980
15853 53811 1:0 15991
15862 53746 1:0 16242
15862 53747 1:0 16243
15868 53745 1:0 16253
15881 332 21:0 15895
15889 53715 1:0 16366
15901 53713 1:0 16373
15983 53714 1:0 16374
15984 53712 1:0 16384
15993 53682 1:0 16497
15993 53681 1:0 16505
15999 53680 1:0 16504
16019 53679 1:0 16515
16114 53649 1:0 16628
16115 53647 1:0 16635
16115 53648 1:0 16636
16124 53646 1:0 16646
16124 53616 1:0 16759
16132 53615 1:0 16767
16151 53614 1:0 16766
16245 53613 1:0 16777
16246 53583 1:0 16890
16246 53582 1:0 16898
16255 53581 1:0 16897
16255 53580 1:0 16908
16263 53550 1:0 17021
16282 53549 1:0 17029
16376 53548 1:0 17028
16377 53547 1:0 17039
16386 53517 1:0 17152
16386 53516 1:0 17160
16392 53515 1:0 17159
16396 53514 1:0 17170
16425 53484 1:0 17283
16507 53482 1:0 17290
16508 53483 1:0 17291
16517 53481 1:0 17301
16517 53451 1:0 17414
16523 53449 1:0 17421
16528 53450 1:0 17422
16556 53448 1:0 17432
16638 53418 1:0 17545
16639 53417 1:0 17553
16648 53416 1:0 17552
16648 53415 1:0 17563
16654 53385 1:0 17676
16659 53383 1:0 17683
16687 53384 1:0 17684
16769 53382 1:0 17694
16770 53352 1:0 17807
16779 53350 1:0 17814
16779 53351 1:0 17815
16785 53349 1:0 17825
16787 333 1:0 19155
18005 56233 21:0 18013
18012 56234 0:0 18013
18012 56235 21:0 18079
18077 56236 0:0 18079
18081 56266 21:0 18089
18088 56267 0:0 18089
18088 56268 21:0 18155
18153 56269 0:0 18155
18157 56299 21:0 18165
18164 56301 0:0 18165
18164 56300 21:0 18231
18229 56302 0:0 18231
18233 56332 21:0 18241
18240 56334 0:0 18241
18240 56333 0:0 18241
18241 56335 21:0 18307
18309 56365 21:0 18317
18316 56366 0:0 18317
18316 56367 21:0 18383
18381 56368 0:0 18383
18385 56398 21:0 18393
18392 56400 0:0 18393
18392 56399 21:0 18459
18457 56401 0:0 18459
18461 56431 21:0 18469
18468 56432 0:0 18469
18468 56433 21:0 18535
18533 56434 0:0 18535
18537 56464 21:0 18545
18544 56466 0:0 18545
18544 56465 0:0 18545
18545 56467 21:0 18611
18613 56497 21:0 18621
18620 56498 0:0 18621
18620 56499 0:0 18621
18621 56500 21:0 18687
18689 56530 21:0 18697
18696 56532 0:0 18697
18696 56531 21:0 18763
18761 56533 0:0 18763
18765 56563 21:0 18773
18770 56564 0:0 18773
18770 56565 0:0 18773
18773 56566 21:0 18839
18841 56596 21:0 18849
18846 56597 0:0 18849
18846 56598 0:0 18849
18849 56599 21:0 18915
18917 56629 0:0 18920
18922 56630 21:0 18980
18924 56631 0:0 18925
18979 56632 0:0 18991
18993 56662 21:0 19001
19167 55157 1:0 19681
19168 55155 1:0 19688
19177 55156 1:0 19689
19177 55154 1:0 19699
19183 55124 1:0 19812
19196 333 21:0 19210
19204 55122 1:0 19819
19216 55123 1:0 19820
19298 55121 1:0 19830
19299 55091 1:0 19943
19308 55089 1:0 19950
19308 55090 1:0 19951
19314 55088 1:0 19961
19334 55058 1:0 20074
19429 55056 1:0 20081
19430 55057 1:0 20082
19430 55055 1:0 20092
19439 55025 1:0 20205
19439 55023 1:0 20212
19447 55024 1:0 20213
19466 55022 1:0 20223
19560 54992 1:0 20336
19561 54990 1:0 20343
19561 54991 1:0 20344
19570 54989 1:0 20354
19570 54959 1:0 20467
19578 54958 1:0 20475
19597 54957 1:0 20474
19691 54956 1:0 20485
19692 54926 1:0 20598
19701 54924 1:0 20605
19701 54925 1:0 20606
19707 54923 1:0 20616
19711 54893 1:0 20729
19740 54892 1:0 20737
19822 54891 1:0 20736
19823 54890 1:0 20747
19832 54860 1:0 20860
19832 54859 1:0 20868
19838 54858 1:0 20867
19843 54857 1:0 20878
19871 54827 1:0 20991
19953 54825 1:0 20998
19954 54826 1:0 20999
19963 54824 1:0 21009
19963 54794 1:0 21122
19969 54792 1:0 21129
19974 54793 1:0 21130
20002 54791 1:0 21140
20084 334 1:0 22470
20085 56662 1:0 22752
21320 57675 21:0 21328
21327 57677 0:0 21328
21327 57676 21:0 21394
21392 57678 0:0 21394
21396 57708 21:0 21404
21403 57709 0:0 21404
21403 57710 21:0 21470
21468 57711 0:0 21470
21472 57741 21:0 21480
21479 57743 0:0 21480
21479 57742 21:0 21546
21544 57744 0:0 21546
21548 57774 21:0 21556
21555 57775 0:0 21556
21555 57776 21:0 21622
21620 57777 0:0 21622
21624 57807 21:0 21632
21631 57808 0:0 21632
21631 57809 0:0 21632
21632 57810 21:0 21698
21700 57840 21:0 21708
21707 57842 0:0 21708
21707 57841 21:0 21774
21772 57843 0:0 21774
21776 57873 21:0 21784
21783 57874 0:0 21784
21783 57875 21:0 21850
21848 57876 0:0 21850
21852 57906 21:0 21860
21859 57908 0:0 21860
21859 57907 0:0 21860
21860 57909 21:0 21926
21928 57939 21:0 21936
21935 57940 0:0 21936
21935 57941 0:0 21936
21936 57942 21:0 22002
22004 57972 21:0 22012
22011 57973 0:0 22012
22011 57974 21:0 22078
22076 57975 0:0 22078
22080 58005 21:0 22088
22087 58007 0:0 22088
22087 58006 21:0 22154
22152 58008 0:0 22154
22156 58038 0:0 22159
22161 58039 21:0 22219
22163 58040 0:0 22164
22218 58041 0:0 22230
22460 58170 21:0 22468
22482 56632 1:0 22865
22483 56630 1:0 22872
22492 56631 1:0 22873
22492 56629 1:0 22883
22498 56599 1:0 22996
22511 334 21:0 22525
22519 56597 1:0 23003
22531 56598 1:0 23004
22613 56596 1:0 23014
22614 56566 1:0 23127
22623 56564 1:0 23134
22623 56565 1:0 23135
22629 56563 1:0 23145
22649 56533 1:0 23258
22744 56531 1:0 23265
22745 56532 1:0 23266
22745 56530 1:0 23276
22754 56500 1:0 23389
22754 56498 1:0 23396
22762 56499 1:0 23397
22781 56497 1:0 23407
22875 56467 1:0 23520
22876 56465 1:0 23527
22876 56466 1:0 23528
22885 56464 1:0 23538
22885 56434 1:0 23651
22893 56433 1:0 23659
22912 56432 1:0 23658
23006 56431 1:0 23669
23007 56401 1:0 23782
23016 56399 1:0 23789
23016 56400 1:0 23790
23022 56398 1:0 23800
23026 56368 1:0 23913
23055 56367 1:0 23921
23137 56366 1:0 23920
23138 56365 1:0 23931
23147 56335 1:0 24044
23147 56334 1:0 24052
23153 56333 1:0 24051
23158 56332 1:0 24062
23186 56302 1:0 24175
23268 56300 1:0 24182
23269 56301 1:0 24183
23278 56299 1:0 24193
23278 56269 1:0 24306
23284 56268 1:0 24314
23289 56267 1:0 24313
23317 56266 1:0 24324
23399 56236 1:0 24437
23400 56235 1:0 24445
23400 335 1:0 25785
23409 56234 1:0 24444
23409 56233 1:0 24455
24635 59117 21:0 24643
24642 59119 0:0 24643
24642 59118 21:0 24709
24707 59120 0:0 24709
24711 59150 21:0 24719
24718 59151 0:0 24719
24718 59152 0:0 24719
24719 59153 21:0 24785
24787 59183 21:0 24795
24794 59184 0:0 24795
24794 59185 21:0 24861
24859 59186 0:0 24861
24863 59216 21:0 24871
24870 59217 0:0 24871
24870 59218 21:0 24937
24935 59219 0:0 24937
24939 59249 21:0 24947
24946 59251 0:0 24947
24946 59250 21:0 25013
25011 59252 0:0 25013
25015 59282 21:0 25023
25022 59284 0:0 25023
25022 59283 21:0 25089
25087 59285 0:0 25089
25091 59315 21:0 25099
25098 59317 0:0 25099
25098 59316 21:0 25165
25163 59318 0:0 25165
25167 59348 21:0 25175
25174 59350 0:0 25175
25174 59349 21:0 25241
25239 59351 0:0 25241
25243 59381 0:0 25246
25248 59382 21:0 25306
25250 59383 0:0 25251
25305 59384 0:0 25317
25319 59414 21:0 25327
25326 59416 0:0 25327
25326 59415 0:0 25327
25327 59417 21:0 25393
25395 59447 21:0 25403
25402 59449 0:0 25403
25402 59448 21:0 25469
25476 59482 21:0 25534
25533 59483 0:0 25545
25547 59513 0:0 25550
25552 59515 21:0 25610
25554 59514 0:0 25555
25609 59516 0:0 25621
25623 59546 0:0 25626
25628 59547 21:0 25686
25630 59548 0:0 25631
25797 58170 1:0 25805
25798 58041 1:0 26311
25807 58039 1:0 26318
25807 58040 1:0 26319
25813 58038 1:0 26329
25826 335 21:0 25840
25834 58008 1:0 26442
25846 58006 1:0 26449
25928 58007 1:0 26450
25929 58005 1:0 26460
25938 57975 1:0 26573
25938 57974 1:0 26581
25944 57973 1:0 26580
25964 57972 1:0 26591
26059 57942 1:0 26704
26060 57940 1:0 26711
26060 57941 1:0 26712
26069 57939 1:0 26722
26069 57909 1:0 26835
26077 57908 1:0 26843
26096 57907 1:0 26842
26190 57906 1:0 26853
26191 57876 1:0 26966
26191 57875 1:0 26974
26200 57874 1:0 26973
26200 57873 1:0 26984
26208 57843 1:0 27097
26227 57841 1:0 27104
26321 57842 1:0 27105
26322 57840 1:0 27115
26331 57810 1:0 27228
26331 57808 1:0 27235
26337 57809 1:0 27236
26341 57807 1:0 27246
26370 57777 1:0 27359
26452 57776 1:0 27367
26453 57775 1:0 27366
26462 57774 1:0 27377
26462 57744 1:0 27490
26468 57742 1:0 27497
26473 57743 1:0 27498
26501 57741 1:0 27508
26583 57711 1:0 27621
26584 57710 1:0 27629
26593 57709 1:0 27628
26593 57708 1:0 27639
26599 57678 1:0 27752
26604 57676 1:0 27759
26632 57677 1:0 27760
26714 57675 1:0 27770
26715 59547 1:0 29371
26715 336 1:0 29100
26724 59548 1:0 29372
26724 59546 1:0 29382
26732 59516 1:0 29495
26751 59515 1:0 29503
26845 59514 1:0 29502
26846 59513 1:0 29513
27950 60559 21:0 27958
27957 60560 0:0 27958
27957 60561 21:0 28024
28022 60562 0:0 28024
28026 60592 21:0 28034
28033 60594 0:0 28034
28033 60593 0:0 28034
28034 60595 21:0 28100
28102 60625 21:0 28110
28109 60626 0:0 28110
28109 60627 21:0 28176
28174 60628 0:0 28176
28178 60658 21:0 28186
28185 60659 0:0 28186
28185 60660 21:0 28252
28250 60661 0:0 28252
28254 60691 21:0 28262
28261 60693 0:0 28262
28261 60692 21:0 28328
28326 60694 0:0 28328
28330 60724 21:0 28338
28337 60725 0:0 28338
28337 60726 21:0 28404
28402 60727 0:0 28404
28406 60757 21:0 28414
28413 60758 0:0 28414
28413 60759 21:0 28480
28478 60760 0:0 28480
28482 60790 21:0 28490
28489 60792 0:0 28490
28489 60791 21:0 28556
28554 60793 0:0 28556
28558 60823 21:0 28566
28565 60825 0:0 28566
28565 60824 21:0 28632
28630 60826 0:0 28632
28634 60856 0:0 28637
28639 60858 21:0 28697
28641 60857 0:0 28642
28696 60859 0:0 28708
28710 60889 0:0 28713
28715 60890 21:0 28773
28717 60891 0:0 28718
28772 60892 0:0 28784
28786 60922 0:0 28789
28791 60923 21:0 28849
28793 60924 0:0 28794
28848 60925 0:0 28860
28862 60955 21:0 28870
28869 60957 0:0 28870
28869 60956 0:0 28870
28870 60958 21:0 28936
28938 60988 21:0 28946
28945 60990 0:0 28946
28945 60989 21:0 29012
29010 60991 0:0 29012
29112 59483 1:0 29626
29113 59482 1:0 29634
29122 59448 1:0 29764
29122 59449 1:0 29765
29128 59447 1:0 29775
29141 336 21:0 29155
29149 59417 1:0 29888
29161 59416 1:0 29896
29243 59415 1:0 29895
29244 59414 1:0 29906
29253 59384 1:0 30019
29253 59382 1:0 30026
29259 59383 1:0 30027
29279 59381 1:0 30037
29374 59351 1:0 30150
29375 59349 1:0 30157
29375 59350 1:0 30158
29384 59348 1:0 30168
29384 59318 1:0 30281
29392 59316 1:0 30288
29411 59317 1:0 30289
29505 59315 1:0 30299
29506 59285 1:0 30412
29506 59283 1:0 30419
29515 59284 1:0 30420
29515 59282 1:0 30430
29523 59252 1:0 30543
29542 59250 1:0 30550
29636 59251 1:0 30551
29637 59249 1:0 30561
29646 59219 1:0 30674
29646 59218 1:0 30682
29652 59217 1:0 30681
29656 59216 1:0 30692
29685 59186 1:0 30805
29767 59185 1:0 30813
29768 59184 1:0 30812
29777 59183 1:0 30823
29777 59153 1:0 30936
29783 59151 1:0 30943
29788 59152 1:0 30944
29803 337 1:0 32415
29816 59150 1:0 30954
29898 59120 1:0 31067
29899 59118 1:0 31074
29908 59119 1:0 31075
29908 59117 1:0 31085
31265 62001 21:0 31273
31272 62002 0:0 31273
31272 62003 0:0 31273
31273 62004 21:0 31339
31341 62034 21:0 31349
31348 62035 0:0 31349
31348 62036 0:0 31349
31349 62037 21:0 31415
31417 62067 21:0 31425
31424 62068 0:0 31425
31424 62069 21:0 31491
31489 62070 0:0 31491
31493 62100 21:0 31501
31500 62102 0:0 31501
31500 62101 21:0 31567
31565 62103 0:0 31567
31569 62133 21:0 31577
31576 62135 0:0 31577
31576 62134 21:0 31643
31641 62136 0:0 31643
31645 62166 21:0 31653
31652 62168 0:0 31653
31652 62167 21:0 31719
31717 62169 0:0 31719
31721 62199 21:0 31729
31728 62200 0:0 31729
31728 62201 21:0 31795
31793 62202 0:0 31795
31797 62232 21:0 31805
31804 62234 0:0 31805
31804 62233 21:0 31871
31869 62235 0:0 31871
31873 62265 21:0 31881
31880 62267 0:0 31881
31880 62266 0:0 31881
31881 62268 21:0 31947
31949 62298 0:0 31952
31954 62300 21:0 32012
31956 62299 0:0 31957
32011 62301 0:0 32023
32025 62331 21:0 32033
32032 62333 21:0 32099
32097 62334 0:0 32099
32253 62430 0:0 32256
32258 62431 21:0 32316
32427 60991 1:0 32679
32428 60989 1:0 32686
32437 60990 1:0 32687
32437 60988 1:0 32697
32443 60958 1:0 32810
32456 337 21:0 32470
32464 60956 1:0 32817
32476 60957 1:0 32818
32558 60955 1:0 32828
32559 60925 1:0 32941
32568 60923 1:0 32948
32568 60924 1:0 32949
32574 60922 1:0 32959
32594 60892 1:0 33072
32689 60890 1:0 33079
32690 60891 1:0 33080
32690 60889 1:0 33090
32699 60859 1:0 33203
32699 60858 1:0 33211
32707 60857 1:0 33210
32726 60856 1:0 33221
32820 60826 1:0 33334
32821 60824 1:0 33341
32821 60825 1:0 33342
32830 60823 1:0 33352
32830 60793 1:0 33465
32838 60791 1:0 33472
32857 60792 1:0 33473
32951 60790 1:0 33483
32952 60760 1:0 33596
32961 60758 1:0 33603
32961 60759 1:0 33604
32967 60757 1:0 33614
32971 60727 1:0 33727
33000 60726 1:0 33735
33082 60725 1:0 33734
33083 60724 1:0 33745
33092 60694 1:0 33858
33092 60692 1:0 33865
33098 60693 1:0 33866
33103 60691 1:0 33876
33131 60661 1:0 33989
33213 60660 1:0 33997
33214 60659 1:0 33996
33223 60658 1:0 34007
33223 60628 1:0 34120
33229 60627 1:0 34128
33234 60626 1:0 34127
33262 60625 1:0 34138
33344 60595 1:0 34251
33345 60594 1:0 34259
33354 60593 1:0 34258
33354 60592 1:0 34269
33360 60562 1:0 34382
33380 60561 1:0 34390
33393 60560 1:0 34389
33475 60559 1:0 34400
33476 62431 1:0 36001
33476 338 1:0 35730
33485 62430 1:0 36012
33485 62334 1:0 36387
34580 63443 21:0 34588
34587 63445 0:0 34588
34587 63444 21:0 34654
34652 63446 0:0 34654
34656 63476 21:0 34664
34663 63478 0:0 34664
34663 63477 0:0 34664
34664 63479 21:0 34730
34732 63509 21:0 34740
34739 63511 0:0 34740
34739 63510 21:0 34806
34804 63512 0:0 34806
34808 63542 21:0 34816
34815 63543 0:0 34816
34815 63544 21:0 34882
34880 63545 0:0 34882
34884 63575 21:0 34892
34891 63577 0:0 34892
34891 63576 21:0 34958
34956 63578 0:0 34958
34960 63608 21:0 34968
34967 63610 0:0 34968
34967 63609 21:0 35034
35032 63611 0:0 35034
35036 63641 21:0 35044
35043 63643 0:0 35044
35043 63642 21:0 35110
35108 63644 0:0 35110
35112 63674 21:0 35120
35119 63675 0:0 35120
35119 63676 21:0 35186
35184 63677 0:0 35186
35188 63707 0:0 35191
35193 63709 21:0 35251
35195 63708 0:0 35196
35250 63710 0:0 35262
35264 63740 0:0 35267
35269 63742 21:0 35327
35271 63741 0:0 35272
35326 63743 0:0 35338
35340 63773 21:0 35348
35347 63775 0:0 35348
35347 63774 0:0 35348
35348 63776 21:0 35414
35416 63806 21:0 35424
35423 63808 0:0 35424
35423 63807 0:0 35424
35424 63809 21:0 35490
35492 63839 21:0 35500
35499 63841 0:0 35500
35499 63840 21:0 35566
35564 63842 0:0 35566
35568 63872 0:0 35571
35573 63873 21:0 35631
35575 63874 0:0 35576
35630 63875 0:0 35642
35644 63905 0:0 35647
35649 63906 21:0 35707
35651 63907 0:0 35652
35742 62333 1:0 36395
35743 62331 1:0 36405
35752 62301 1:0 36518
35752 62300 1:0 36526
35758 62299 1:0 36525
35771 338 21:0 35785
35779 62298 1:0 36536
35791 62268 1:0 36649
35873 62266 1:0 36656
35874 62267 1:0 36657
35883 62265 1:0 36667
35883 62235 1:0 36780
35889 62233 1:0 36787
35909 62234 1:0 36788
36004 62232 1:0 36798
36005 62202 1:0 36911
36005 62201 1:0 36919
36014 62200 1:0 36918
36014 62199 1:0 36929
36022 62169 1:0 37042
36041 62167 1:0 37049
36135 62168 1:0 37050
36136 62166 1:0 37060
36136 62136 1:0 37173
36145 62134 1:0 37180
36145 62135 1:0 37181
36153 62133 1:0 37191
36172 62103 1:0 37304
36266 62101 1:0 37311
36267 62102 1:0 37312
36276 62100 1:0 37322
36276 62070 1:0 37435
36282 62069 1:0 37443
36286 62068 1:0 37442
36315 62067 1:0 37453
36397 62037 1:0 37566
36398 62036 1:0 37574
36407 62035 1:0 37573
36407 62034 1:0 37584
36413 62004 1:0 37697
36418 62002 1:0 37704
36433 339 1:0 39045
36446 62003 1:0 37705
36528 62001 1:0 37715
36529 63906 1:0 39185
36538 63907 1:0 39186
36538 63905 1:0 39196
37895 64885 21:0 37903
37902 64887 0:0 37903
37902 64886 0:0 37903
37903 64888 21:0 37969
37971 64918 21:0 37979
37978 64919 0:0 37979
37978 64920 0:0 37979
37979 64921 21:0 38045
38047 64951 21:0 38055
38054 64952 0:0 38055
38054 64953 21:0 38121
38119 64954 0:0 38121
38123 64984 21:0 38131
38130 64986 0:0 38131
38130 64985 21:0 38197
38195 64987 0:0 38197
38199 65017 21:0 38207
38206 65019 0:0 38207
38206 65018 21:0 38273
38271 65020 0:0 38273
38275 65050 21:0 38283
38282 65052 0:0 38283
38282 65051 21:0 38349
38347 65053 0:0 38349
38351 65083 21:0 38359
38358 65085 0:0 38359
38358 65084 21:0 38425
38423 65086 0:0 38425
38427 65116 21:0 38435
38434 65117 0:0 38435
38434 65118 21:0 38501
38499 65119 0:0 38501
38503 65149 0:0 38506
38508 65150 21:0 38566
38510 65151 0:0 38511
38565 65152 0:0 38577
38579 65182 0:0 38582
38584 65184 21:0 38642
38586 65183 0:0 38587
38641 65185 0:0 38653
38655 65215 0:0 38658
38660 65217 21:0 38718
38662 65216 0:0 38663
38717 65218 0:0 38729
38888 65315 21:0 38946
39057 63875 1:0 39309
39058 63873 1:0 39316
39067 63874 1:0 39317
39067 63872 1:0 39327
39073 63842 1:0 39440
39086 339 21:0 39100
39094 63840 1:0 39447
39106 63841 1:0 39448
39188 63839 1:0 39458
39189 63809 1:0 39571
39198 63807 1:0 39578
39198 63808 1:0 39579
39204 63806 1:0 39589
39224 63776 1:0 39702
39319 63775 1:0 39710
39320 63774 1:0 39709
39320 63773 1:0 39720
39329 63743 1:0 39833
39329 63742 1:0 39841
39337 63741 1:0 39840
39356 63740 1:0 39851
39450 63710 1:0 39964
39451 63708 1:0 39971
39451 63709 1:0 39972
39460 63707 1:0 39982
39460 63677 1:0 40095
39468 63676 1:0 40103
39487 63675 1:0 40102
39581 63674 1:0 40113
39582 63644 1:0 40226
39591 63642 1:0 40233
39591 63643 1:0 40234
39597 63641 1:0 40244
39601 63611 1:0 40357
39630 63609 1:0 40364
39712 63610 1:0 40365
39713 63608 1:0 40375
39722 63578 1:0 40488
39722 63576 1:0 40495
39728 63577 1:0 40496
39733 63575 1:0 40506
39761 63545 1:0 40619
39843 63544 1:0 40627
39844 63543 1:0 40626
39853 63542 1:0 40637
39853 63512 1:0 40750
39859 63510 1:0 40757
39864 63511 1:0 40758
39892 63509 1:0 40768
39974 63479 1:0 40881
39975 63478 1:0 40889
39984 63477 1:0 40888
39984 63476 1:0 40899
39990 63446 1:0 41012
40010 63444 1:0 41019
40023 63445 1:0 41020
40105 63443 1:0 41030
40106 340 1:0 42360
41210 66327 21:0 41218
41217 66329 0:0 41218
41217 66328 21:0 41284
41282 66330 0:0 41284
41286 66360 21:0 41294
41293 66362 0:0 41294
41293 66361 0:0 41294
41294 66363 21:0 41360
41362 66393 21:0 41370
41369 66395 0:0 41370
41369 66394 21:0 41436
41434 66396 0:0 41436
41438 66426 21:0 41446
41445 66428 0:0 41446
41445 66427 0:0 41446
41446 66429 21:0 41512
41514 66459 21:0 41522
41521 66460 0:0 41522
41521 66461 21:0 41588
41586 66462 0:0 41588
41590 66492 21:0 41598
41597 66493 0:0 41598
41597 66494 21:0 41664
41662 66495 0:0 41664
41666 66525 21:0 41674
41673 66527 0:0 41674
41673 66526 21:0 41740
41738 66528 0:0 41740
41742 66558 21:0 41750
41749 66560 0:0 41750
41749 66559 0:0 41750
41750 66561 21:0 41816
41818 66591 21:0 41826
41825 66593 0:0 41826
41825 66592 21:0 41892
41890 66594 0:0 41892
41894 66624 21:0 41902
41901 66625 0:0 41902
41901 66626 0:0 41902
41902 66627 21:0 41968
41970 66657 21:0 41978
41977 66659 0:0 41978
41977 66658 21:0 42044
42042 66660 0:0 42044
42046 66690 0:0 42049
42051 66692 21:0 42109
42053 66691 0:0 42054
42108 66693 0:0 42120
42122 66723 0:0 42125
42127 66724 21:0 42185
42129 66725 0:0 42130
42184 66726 0:0 42196
42198 66756 21:0 42206
42205 66757 0:0 42206
42205 66758 21:0 42272
42274 66789 21:0 42282
42372 65315 1:0 42631
42373 65218 1:0 43017
42382 65216 1:0 43024
42382 65217 1:0 43025
42388 65215 1:0 43035
42401 340 21:0 42415
42409 65185 1:0 43148
42421 65184 1:0 43156
42503 65183 1:0 43155
42504 65182 1:0 43166
42513 65152 1:0 43279
42513 65150 1:0 43286
42519 65151 1:0 43287
42539 65149 1:0 43297
42634 65119 1:0 43410
42635 65117 1:0 43417
42635 65118 1:0 43418
42644 65116 1:0 43428
42644 65086 1:0 43541
42652 65084 1:0 43548
42671 65085 1:0 43549
42765 65083 1:0 43559
42766 65053 1:0 43672
42766 65051 1:0 43679
42775 65052 1:0 43680
42775 65050 1:0 43690
42783 65020 1:0 43803
42802 65018 1:0 43810
42896 65019 1:0 43811
42897 65017 1:0 43821
42906 64987 1:0 43934
42906 64985 1:0 43941
42912 64986 1:0 43942
42916 64984 1:0 43952
42945 64954 1:0 44065
43027 64953 1:0 44073
43028 64952 1:0 44072
43037 64951 1:0 44083
43037 64921 1:0 44196
43043 64920 1:0 44204
43048 64919 1:0 44203
43063 341 1:0 45675
43076 64918 1:0 44214
43158 64888 1:0 44327
43159 64887 1:0 44335
43168 64886 1:0 44334
43168 64885 1:0 44345
43174 66789 1:0 45826
43194 66758 1:0 45947
43289 66757 1:0 45946
44525 67769 21:0 44533
44532 67770 0:0 44533
44532 67771 21:0 44599
44597 67772 0:0 44599
44601 67802 21:0 44609
44608 67804 0:0 44609
44608 67803 21:0 44675
44673 67805 0:0 44675
44677 67835 21:0 44685
44684 67837 0:0 44685
44684 67836 21:0 44751
44749 67838 0:0 44751
44753 67868 21:0 44761
44760 67870 0:0 44761
44760 67869 21:0 44827
44825 67871 0:0 44827
44829 67901 21:0 44837
44836 67902 0:0 44837
44836 67903 21:0 44903
44901 67904 0:0 44903
44905 67934 21:0 44913
44912 67936 0:0 44913
44912 67935 21:0 44979
44977 67937 0:0 44979
44981 67967 21:0 44989
44988 67968 0:0 44989
44988 67969 21:0 45055
45053 67970 0:0 45055
45057 68000 21:0 45065
45064 68002 0:0 45065
45064 68001 21:0 45131
45129 68003 0:0 45131
45133 68033 21:0 45141
45140 68035 0:0 45141
45140 68034 21:0 45207
45205 68036 0:0 45207
45209 68066 21:0 45217
45216 68068 0:0 45217
45216 68067 21:0 45283
45281 68069 0:0 45283
45285 68099 0:0 45288
45290 68101 21:0 45348
45292 68100 0:0 45293
45347 68102 0:0 45359
45366 68133 21:0 45424
45442 68166 21:0 45500
45518 68200 21:0 45576
45520 68199 0:0 45521
45687 66756 1:0 45957
45688 66726 1:0 46070
45697 66724 1:0 46077
45697 66725 1:0 46078
45703 66723 1:0 46088
45716 341 21:0 45730
45724 66693 1:0 46201
45736 66692 1:0 46209
45818 66691 1:0 46208
45819 66690 1:0 46219
45828 66660 1:0 46332
45828 66658 1:0 46339
45834 66659 1:0 46340
45854 66657 1:0 46350
45949 66627 1:0 46463
45950 66625 1:0 46470
45950 66626 1:0 46471
45959 66624 1:0 46481
45959 66594 1:0 46594
45967 66592 1:0 46601
45986 66593 1:0 46602
46080 66591 1:0 46612
46081 66561 1:0 46725
46081 66560 1:0 46733
46090 66559 1:0 46732
46090 66558 1:0 46743
46098 66528 1:0 46856
46117 66526 1:0 46863
46211 66527 1:0 46864
46212 66525 1:0 46874
46221 66495 1:0 46987
46221 66494 1:0 46995
46227 66493 1:0 46994
46231 66492 1:0 47005
46260 66462 1:0 47118
46342 66461 1:0 47126
46343 66460 1:0 47125
46352 66459 1:0 47136
46352 66429 1:0 47249
46358 66428 1:0 47257
46363 66427 1:0 47256
46391 66426 1:0 47267
46473 66396 1:0 47380
46474 66394 1:0 47387
46483 66395 1:0 47388
46483 66393 1:0 47398
46489 66363 1:0 47511
46494 66361 1:0 47518
46522 66362 1:0 47519
46604 66360 1:0 47529
46605 66330 1:0 47642
46614 66328 1:0 47649
46614 66329 1:0 47650
46620 66327 1:0 47660
46622 342 1:0 48990
47840 69211 21:0 47848
47847 69213 0:0 47848
47847 69212 21:0 47914
47912 69214 0:0 47914
47916 69244 21:0 47924
47923 69246 0:0 47924
47923 69245 21:0 47990
47988 69247 0:0 47990
47992 69277 21:0 48000
47999 69278 0:0 48000
47999 69279 21:0 48066
48064 69280 0:0 48066
48068 69310 21:0 48076
48075 69311 0:0 48076
48075 69312 21:0 48142
48140 69313 0:0 48142
48144 69343 21:0 48152
48151 69345 0:0 48152
48151 69344 21:0 48218
48216 69346 0:0 48218
48220 69376 21:0 48228
48227 69378 0:0 48228
48227 69377 21:0 48294
48292 69379 0:0 48294
48296 69409 21:0 48304
48303 69411 0:0 48304
48303 69410 21:0 48370
48368 69412 0:0 48370
48372 69442 21:0 48380
48379 69443 0:0 48380
48379 69444 21:0 48446
48444 69445 0:0 48446
48448 69475 21:0 48456
48455 69477 0:0 48456
48455 69476 21:0 48522
48520 69478 0:0 48522
48524 69508 21:0 48532
48529 69509 0:0 48532
48529 69510 0:0 48532
48532 69511 21:0 48598
48600 69541 0:0 48603
48605 69543 21:0 48663
48607 69542 0:0 48608
48662 69544 0:0 48674
48676 69574 21:0 48684
48681 69576 0:0 48684
48683 69575 0:0 48684
48684 69577 21:0 48750
48752 69607 0:0 48755
48757 69608 21:0 48815
48759 69609 0:0 48760
48814 69610 0:0 48826
48828 69640 21:0 48836
49002 68200 1:0 49262
49003 68199 1:0 49261
49012 68166 1:0 49392
49012 68133 1:0 49523
49018 68102 1:0 49647
49031 342 21:0 49045
49039 68101 1:0 49655
49051 68100 1:0 49654
49133 68099 1:0 49665
49134 68069 1:0 49778
49143 68067 1:0 49785
49143 68068 1:0 49786
49149 68066 1:0 49796
49169 68036 1:0 49909
49264 68034 1:0 49916
49265 68035 1:0 49917
49265 68033 1:0 49927
49274 68003 1:0 50040
49274 68001 1:0 50047
49282 68002 1:0 50048
49301 68000 1:0 50058
49395 67970 1:0 50171
49396 67968 1:0 50178
49396 67969 1:0 50179
49405 67967 1:0 50189
49405 67937 1:0 50302
49413 67935 1:0 50309
49432 67936 1:0 50310
49526 67934 1:0 50320
49527 67904 1:0 50433
49536 67902 1:0 50440
49536 67903 1:0 50441
49542 67901 1:0 50451
49546 67871 1:0 50564
49575 67869 1:0 50571
49657 67870 1:0 50572
49658 67868 1:0 50582
49667 67838 1:0 50695
49667 67836 1:0 50702
49673 67837 1:0 50703
49678 67835 1:0 50713
49706 67805 1:0 50826
49788 67803 1:0 50833
49789 67804 1:0 50834
49798 67802 1:0 50844
49798 67772 1:0 50957
49804 67771 1:0 50965
49809 67770 1:0 50964
49837 67769 1:0 50975
49919 343 1:0 52305
49920 69640 1:0 52587
51155 70653 21:0 51163
51162 70654 0:0 51163
51162 70655 21:0 51229
51227 70656 0:0 51229
51231 70686 21:0 51239
51238 70687 0:0 51239
51238 70688 0:0 51239
51239 70689 21:0 51305
51307 70719 21:0 51315
51314 70720 0:0 51315
51314 70721 21:0 51381
51379 70722 0:0 51381
51383 70752 21:0 51391
51390 70754 0:0 51391
51390 70753 21:0 51457
51455 70755 0:0 51457
51459 70785 21:0 51467
51466 70786 0:0 51467
51466 70787 21:0 51533
51531 70788 0:0 51533
51535 70818 21:0 51543
51542 70819 0:0 51543
51542 70820 21:0 51609
51607 70821 0:0 51609
51611 70851 21:0 51619
51618 70853 0:0 51619
51618 70852 21:0 51685
51683 70854 0:0 51685
51687 70884 21:0 51695
51694 70885 0:0 51695
51694 70886 21:0 51761
51759 70887 0:0 51761
51763 70917 21:0 51771
51770 70918 0:0 51771
51770 70919 21:0 51837
51835 70920 0:0 51837
51844 70952 0:0 51847
51847 70953 21:0 51913
51915 70983 0:0 51918
51920 70985 21:0 51978
51977 70986 0:0 51989
51991 71016 21:0 51999
51998 71018 21:0 52065
52067 71049 21:0 52075
52075 71052 21:0 52141
52143 71082 0:0 52146
52148 71083 21:0 52206
52150 71084 0:0 52151
52205 71085 0:0 52217
52317 69610 1:0 52700
52318 69608 1:0 52707
52327 69609 1:0 52708
52327 69607 1:0 52718
52333 69577 1:0 52831
52346 343 21:0 52360
52354 69575 1:0 52838
52366 69576 1:0 52839
52448 69574 1:0 52849
52449 69544 1:0 52962
52458 69542 1:0 52969
52458 69543 1:0 52970
52464 69541 1:0 52980
52484 69511 1:0 53093
52579 69509 1:0 53100
52580 69510 1:0 53101
52580 69508 1:0 53111
52589 69478 1:0 53224
52589 69476 1:0 53231
52597 69477 1:0 53232
52616 69475 1:0 53242
52710 69445 1:0 53355
52711 69443 1:0 53362
52711 69444 1:0 53363
52720 69442 1:0 53373
52720 69412 1:0 53486
52728 69410 1:0 53493
52747 69411 1:0 53494
52841 69409 1:0 53504
52842 69379 1:0 53617
52851 69377 1:0 53624
52851 69378 1:0 53625
52857 69376 1:0 53635
52861 69346 1:0 53748
52890 69344 1:0 53755
52972 69345 1:0 53756
52973 69343 1:0 53766
52982 69313 1:0 53879
52982 69312 1:0 53887
52988 69311 1:0 53886
52993 69310 1:0 53897
53021 69280 1:0 54010
53103 69279 1:0 54018
53104 69278 1:0 54017
53113 69277 1:0 54028
53113 69247 1:0 54141
53119 69245 1:0 54148
53124 69246 1:0 54149
53152 69244 1:0 54159
53234 69214 1:0 54272
53235 69212 1:0 54279
53235 344 1:0 55620
53244 69213 1:0 54280
53244 69211 1:0 54290
54470 72095 21:0 54478
54477 72096 0:0 54478
54477 72097 21:0 54544
54542 72098 0:0 54544
54546 72128 21:0 54554
54553 72129 0:0 54554
54553 72130 0:0 54554
54554 72131 21:0 54620
54622 72161 21:0 54630
54629 72162 0:0 54630
54629 72163 21:0 54696
54694 72164 0:0 54696
54698 72194 21:0 54706
54705 72196 0:0 54706
54705 72195 21:0 54772
54770 72197 0:0 54772
54774 72227 21:0 54782
54781 72228 0:0 54782
54781 72229 21:0 54848
54846 72230 0:0 54848
54850 72260 21:0 54858
54857 72261 0:0 54858
54857 72262 21:0 54924
54922 72263 0:0 54924
54926 72293 21:0 54934
54933 72294 0:0 54934
54933 72295 21:0 55000
54998 72296 0:0 55000
55002 72326 21:0 55010
55009 72328 0:0 55010
55009 72327 0:0 55010
55010 72329 21:0 55076
55078 72359 0:0 55081
55083 72361 21:0 55141
55085 72360 0:0 55086
55140 72362 0:0 55152
55154 72392 21:0 55162
55161 72393 0:0 55162
55161 72394 21:0 55228
55226 72395 0:0 55228
55230 72425 21:0 55238
55235 72427 0:0 55238
55235 72426 0:0 55238
55238 72428 21:0 55304
55306 72458 0:0 55309
55311 72460 21:0 55369
55313 72459 0:0 55314
55368 72461 0:0 55380
55382 72491 0:0 55385
55387 72492 21:0 55445
55389 72493 0:0 55390
55444 72494 0:0 55456
55632 71085 1:0 55884
55633 71083 1:0 55891
55642 71084 1:0 55892
55642 71082 1:0 55902
55648 71052 1:0 56015
55661 344 21:0 55675
55669 71049 1:0 56033
55681 71018 1:0 56154
55763 71016 1:0 56164
55764 70986 1:0 56277
55773 70985 1:0 56285
55773 70983 1:0 56295
55779 70953 1:0 56408
55799 70952 1:0 56416
55894 70920 1:0 56539
55895 70918 1:0 56546
55895 70919 1:0 56547
55904 70917 1:0 56557
55904 70887 1:0 56670
55912 70886 1:0 56678
55931 70885 1:0 56677
56025 70884 1:0 56688
56026 70854 1:0 56801
56026 70852 1:0 56808
56035 70853 1:0 56809
56035 70851 1:0 56819
56043 70821 1:0 56932
56062 70820 1:0 56940
56156 70819 1:0 56939
56157 70818 1:0 56950
56166 70788 1:0 57063
56166 70787 1:0 57071
56172 70786 1:0 57070
56176 70785 1:0 57081
56205 70755 1:0 57194
56287 70753 1:0 57201
56288 70754 1:0 57202
56297 70752 1:0 57212
56297 70722 1:0 57325
56303 70721 1:0 57333
56308 70720 1:0 57332
56336 70719 1:0 57343
56418 70689 1:0 57456
56419 70687 1:0 57463
56428 70688 1:0 57464
56428 70686 1:0 57474
56434 70656 1:0 57587
56439 70655 1:0 57595
56467 70654 1:0 57594
56549 70653 1:0 57605
56550 72494 1:0 59330
56550 345 1:0 58935
56559 72492 1:0 59337
56559 72493 1:0 59338
56567 72491 1:0 59348
57785 73537 21:0 57793
57792 73538 0:0 57793
57792 73539 21:0 57859
57857 73540 0:0 57859
57861 73570 21:0 57869
57868 73572 0:0 57869
57868 73571 0:0 57869
57869 73573 21:0 57935
57937 73603 21:0 57945
57944 73604 0:0 57945
57944 73605 21:0 58011
58009 73606 0:0 58011
58013 73636 21:0 58021
58020 73638 0:0 58021
58020 73637 21:0 58087
58085 73639 0:0 58087
58089 73669 21:0 58097
58096 73671 0:0 58097
58096 73670 21:0 58163
58161 73672 0:0 58163
58165 73702 21:0 58173
58172 73704 0:0 58173
58172 73703 21:0 58239
58237 73705 0:0 58239
58241 73735 21:0 58249
58248 73736 0:0 58249
58248 73737 21:0 58315
58313 73738 0:0 58315
58317 73768 21:0 58325
58324 73770 0:0 58325
58324 73769 21:0 58391
58389 73771 0:0 58391
58393 73801 21:0 58401
58400 73803 0:0 58401
58400 73802 0:0 58401
58401 73804 21:0 58467
58469 73834 0:0 58472
58474 73835 21:0 58532
58476 73836 0:0 58477
58531 73837 0:0 58543
58545 73867 0:0 58548
58550 73868 21:0 58608
58552 73869 0:0 58553
58607 73870 0:0 58619
58621 73900 21:0 58629
58628 73902 0:0 58629
58628 73901 21:0 58695
58693 73903 0:0 58695
58697 73933 21:0 58705
58702 73934 0:0 58705
58702 73935 0:0 58705
58705 73936 21:0 58771
58773 73966 21:0 58781
58947 72461 1:0 59461
58948 72460 1:0 59469
58957 72459 1:0 59468
58957 72458 1:0 59479
58963 72428 1:0 59592
58976 345 21:0 58990
58984 72426 1:0 59599
58996 72427 1:0 59600
59078 72425 1:0 59610
59079 72395 1:0 59723
59088 72393 1:0 59730
59088 72394 1:0 59731
59094 72392 1:0 59741
59114 72362 1:0 59854
59209 72361 1:0 59862
59210 72360 1:0 59861
59210 72359 1:0 59872
59219 72329 1:0 59985
59219 72327 1:0 59992
59227 72328 1:0 59993
59246 72326 1:0 60003
59340 72296 1:0 60116
59341 72294 1:0 60123
59341 72295 1:0 60124
59350 72293 1:0 60134
59350 72263 1:0 60247
59358 72262 1:0 60255
59377 72261 1:0 60254
59471 72260 1:0 60265
59472 72230 1:0 60378
59481 72228 1:0 60385
59481 72229 1:0 60386
59487 72227 1:0 60396
59491 72197 1:0 60509
59520 72195 1:0 60516
59602 72196 1:0 60517
59603 72194 1:0 60527
59612 72164 1:0 60640
59612 72163 1:0 60648
59618 72162 1:0 60647
59623 72161 1:0 60658
59651 72131 1:0 60771
59733 72129 1:0 60778
59734 72130 1:0 60779
59743 72128 1:0 60789
59743 72098 1:0 60902
59749 72097 1:0 60910
59754 72096 1:0 60909
59782 72095 1:0 60920
59864 346 1:0 62250
61100 74979 21:0 61108
61107 74980 0:0 61108
61107 74981 21:0 61174
61172 74982 0:0 61174
61176 75012 21:0 61184
61183 75013 0:0 61184
61183 75014 0:0 61184
61184 75015 21:0 61250
61252 75045 21:0 61260
61259 75047 0:0 61260
61259 75046 21:0 61326
61324 75048 0:0 61326
61328 75078 21:0 61336
61335 75080 0:0 61336
61335 75079 21:0 61402
61400 75081 0:0 61402
61404 75111 21:0 61412
61411 75112 0:0 61412
61411 75113 21:0 61478
61476 75114 0:0 61478
61480 75144 21:0 61488
61487 75145 0:0 61488
61487 75146 21:0 61554
61552 75147 0:0 61554
61556 75177 21:0 61564
61563 75178 0:0 61564
61563 75179 21:0 61630
61628 75180 0:0 61630
61632 75210 21:0 61640
61639 75212 0:0 61640
61639 75211 21:0 61706
61704 75213 0:0 61706
61708 75243 21:0 61716
61715 75244 0:0 61716
61715 75245 0:0 61716
61716 75246 21:0 61782
61784 75276 0:0 61787
61789 75278 21:0 61847
61791 75277 0:0 61792
61846 75279 0:0 61858
61860 75309 21:0 61868
61865 75311 0:0 61868
61865 75310 0:0 61868
61868 75312 21:0 61934
61936 75342 21:0 61944
61943 75344 0:0 61944
61943 75343 21:0 62010
62008 75345 0:0 62010
62262 73966 1:0 62532
62263 73936 1:0 62645
62272 73934 1:0 62652
62272 73935 1:0 62653
62278 73933 1:0 62663
62291 346 21:0 62305
62299 73903 1:0 62776
62311 73901 1:0 62783
62393 73902 1:0 62784
62394 73900 1:0 62794
62403 73870 1:0 62907
62403 73868 1:0 62914
62409 73869 1:0 62915
62429 73867 1:0 62925
62524 73837 1:0 63038
62525 73835 1:0 63045
62525 73836 1:0 63046
62534 73834 1:0 63056
62534 73804 1:0 63169
62542 73802 1:0 63176
62561 73803 1:0 63177
62655 73801 1:0 63187
62656 73771 1:0 63300
62656 73769 1:0 63307
62665 73770 1:0 63308
62665 73768 1:0 63318
62673 73738 1:0 63431
62692 73737 1:0 63439
62786 73736 1:0 63438
62787 73735 1:0 63449
62796 73705 1:0 63562
62796 73703 1:0 63569
62802 73704 1:0 63570
62806 73702 1:0 63580
62835 73672 1:0 63693
62917 73670 1:0 63700
62918 73671 1:0 63701
62927 73669 1:0 63711
62927 73639 1:0 63824
62933 73637 1:0 63831
62938 73638 1:0 63832
62966 73636 1:0 63842
63048 73606 1:0 63955
63049 73605 1:0 63963
63058 73604 1:0 63962
63058 73603 1:0 63973
63064 73573 1:0 64086
63069 73572 1:0 64094
63097 73571 1:0 64093
63179 73570 1:0 64104
63180 73540 1:0 64217
63189 73538 1:0 64224
63189 73539 1:0 64225
63195 73537 1:0 64235
63197 347 1:0 65565
64415 76421 21:0 64423
64422 76423 0:0 64423
64422 76422 0:0 64423
64423 76424 21:0 64489
64491 76454 21:0 64499
64496 76455 0:0 64499
64498 76456 0:0 64499
64499 76457 21:0 64565
64567 76487 21:0 64575
64574 76488 0:0 64575
64574 76489 21:0 64641
64639 76490 0:0 64641
64643 76520 21:0 64651
64650 76522 0:0 64651
64650 76521 21:0 64717
64715 76523 0:0 64717
64719 76553 21:0 64727
64726 76555 0:0 64727
64726 76554 21:0 64793
64791 76556 0:0 64793
64795 76586 21:0 64803
64802 76588 0:0 64803
64802 76587 21:0 64869
64867 76589 0:0 64869
64871 76619 21:0 64879
64878 76620 0:0 64879
64878 76621 21:0 64945
64943 76622 0:0 64945
64947 76652 21:0 64955
64954 76653 0:0 64955
64954 76654 21:0 65021
65019 76655 0:0 65021
65023 76685 21:0 65031
65030 76687 0:0 65031
65030 76686 21:0 65097
65095 76688 0:0 65097
65099 76718 0:0 65102
65104 76720 21:0 65162
65106 76719 0:0 65107
65161 76721 0:0 65173
65175 76751 21:0 65183
65182 76753 0:0 65183
65182 76752 21:0 65249
65247 76754 0:0 65249
65256 76786 21:0 65314
65313 76787 0:0 65325
65332 76818 21:0 65390
65389 76820 0:0 65401
65403 76850 21:0 65411
65410 76852 0:0 65411
65410 76851 21:0 65477
65475 76853 0:0 65477
65479 76883 21:0 65487
65577 75345 1:0 66091
65578 75343 1:0 66098
65587 75344 1:0 66099
65587 75342 1:0 66109
65593 75312 1:0 66222
65606 347 21:0 65620
65614 75310 1:0 66229
65626 75311 1:0 66230
65708 75309 1:0 66240
65709 75279 1:0 66353
65718 75277 1:0 66360
65718 75278 1:0 66361
65724 75276 1:0 66371
65744 75246 1:0 66484
65839 75245 1:0 66492
65840 75244 1:0 66491
65840 75243 1:0 66502
65849 75213 1:0 66615
65849 75211 1:0 66622
65857 75212 1:0 66623
65876 75210 1:0 66633
65970 75180 1:0 66746
65971 75178 1:0 66753
65971 75179 1:0 66754
65980 75177 1:0 66764
65980 75147 1:0 66877
65988 75146 1:0 66885
66007 75145 1:0 66884
66101 75144 1:0 66895
66102 75114 1:0 67008
66111 75112 1:0 67015
66111 75113 1:0 67016
66117 75111 1:0 67026
66121 75081 1:0 67139
66150 75079 1:0 67146
66232 75080 1:0 67147
66233 75078 1:0 67157
66242 75048 1:0 67270
66242 75046 1:0 67277
66248 75047 1:0 67278
66253 75045 1:0 67288
66281 75015 1:0 67401
66363 75013 1:0 67408
66364 75014 1:0 67409
66373 75012 1:0 67419
66373 74982 1:0 67532
66379 74981 1:0 67540
66384 74980 1:0 67539
66412 74979 1:0 67550
66494 348 1:0 68880
66495 76883 1:0 69031
66495 76853 1:0 69144
66504 76851 1:0 69151
66504 76852 1:0 69152
66512 76850 1:0 69162
67730 77863 21:0 67738
67737 77865 0:0 67738
67737 77864 21:0 67804
67802 77866 0:0 67804
67806 77896 21:0 67814
67813 77897 0:0 67814
67813 77898 0:0 67814
67814 77899 21:0 67880
67882 77929 21:0 67890
67889 77930 0:0 67890
67889 77931 0:0 67890
67890 77932 21:0 67956
67958 77962 21:0 67966
67965 77964 0:0 67966
67965 77963 0:0 67966
67966 77965 21:0 68032
68034 77995 21:0 68042
68041 77997 0:0 68042
68041 77996 21:0 68108
68106 77998 0:0 68108
68110 78028 21:0 68118
68117 78029 0:0 68118
68117 78030 21:0 68184
68182 78031 0:0 68184
68186 78061 21:0 68194
68193 78062 0:0 68194
68193 78063 21:0 68260
68258 78064 0:0 68260
68262 78094 21:0 68270
68269 78095 0:0 68270
68269 78096 21:0 68336
68334 78097 0:0 68336
68338 78127 21:0 68346
68345 78129 0:0 68346
68345 78128 0:0 68346
68346 78130 21:0 68412
68414 78160 0:0 68417
68419 78161 21:0 68477
68421 78162 0:0 68422
68476 78163 0:0 68488
68490 78193 0:0 68493
68495 78195 21:0 68553
68497 78194 0:0 68498
68552 78196 0:0 68564
68566 78226 21:0 68574
68573 78227 0:0 68574
68573 78228 0:0 68574
68574 78229 21:0 68640
68642 78259 21:0 68650
68649 78260 0:0 68650
68649 78261 21:0 68716
68714 78262 0:0 68716
68718 78292 21:0 68726
68892 76820 1:0 69275
68893 76818 1:0 69282
68902 76787 1:0 69406
68902 76786 1:0 69414
68908 76754 1:0 69537
68921 348 21:0 68935
68929 76752 1:0 69544
68941 76753 1:0 69545
69023 76751 1:0 69555
69024 76721 1:0 69668
69033 76719 1:0 69675
69033 76720 1:0 69676
69039 76718 1:0 69686
69059 76688 1:0 69799
69154 76686 1:0 69806
69155 76687 1:0 69807
69155 76685 1:0 69817
69164 76655 1:0 69930
69164 76654 1:0 69938
69172 76653 1:0 69937
69191 76652 1:0 69948
69285 76622 1:0 70061
69286 76620 1:0 70068
69286 76621 1:0 70069
69295 76619 1:0 70079
69295 76589 1:0 70192
69303 76587 1:0 70199
69322 76588 1:0 70200
69416 76586 1:0 70210
69417 76556 1:0 70323
69426 76554 1:0 70330
69426 76555 1:0 70331
69432 76553 1:0 70341
69436 76523 1:0 70454
69465 76521 1:0 70461
69547 76522 1:0 70462
69548 76520 1:0 70472
69557 76490 1:0 70585
69557 76489 1:0 70593
69563 76488 1:0 70592
69568 76487 1:0 70603
69596 76457 1:0 70716
69678 76456 1:0 70724
69679 76455 1:0 70723
69688 76454 1:0 70734
69688 76424 1:0 70847
69694 76422 1:0 70854
69699 76423 1:0 70855
69727 76421 1:0 70865
69809 349 1:0 72195
69810 78292 1:0 72477
69810 78262 1:0 72590
69819 78260 1:0 72597
69819 78261 1:0 72598
69827 78259 1:0 72608
69846 78229 1:0 72721
69940 78228 1:0 72729
69941 78227 1:0 72728
69941 78226 1:0 72739
71045 79305 21:0 71053
71052 79306 0:0 71053
71052 79307 21:0 71119
71117 79308 0:0 71119
71121 79338 21:0 71129
71128 79339 0:0 71129
71128 79340 21:0 71195
71193 79341 0:0 71195
71197 79371 21:0 71205
71204 79373 0:0 71205
71204 79372 21:0 71271
71269 79374 0:0 71271
71273 79404 21:0 71281
71280 79406 0:0 71281
71280 79405 21:0 71347
71345 79407 0:0 71347
71349 79437 21:0 71357
71356 79439 0:0 71357
71356 79438 21:0 71423
71421 79440 0:0 71423
71425 79470 21:0 71433
71432 79471 0:0 71433
71432 79472 21:0 71499
71497 79473 0:0 71499
71501 79503 21:0 71509
71508 79504 0:0 71509
71508 79505 21:0 71575
71573 79506 0:0 71575
71577 79536 21:0 71585
71584 79538 0:0 71585
71584 79537 21:0 71651
71649 79539 0:0 71651
71653 79569 0:0 71656
71658 79571 21:0 71716
71660 79570 0:0 71661
71715 79572 0:0 71727
71729 79602 0:0 71732
71734 79603 21:0 71792
71736 79604 0:0 71737
71791 79605 0:0 71803
71805 79635 0:0 71808
71810 79636 21:0 71868
71812 79637 0:0 71813
71867 79638 0:0 71879
71881 79668 21:0 71889
71888 79670 0:0 71889
71888 79669 21:0 71955
71953 79671 0:0 71955
71957 79701 0:0 71960
71962 79703 21:0 72020
71964 79702 0:0 71965
72019 79704 0:0 72031
72033 79734 0:0 72036
72038 79735 21:0 72096
72040 79736 0:0 72041
72095 79737 0:0 72107
72109 79767 21:0 72117
72207 78196 1:0 72852
72208 78195 1:0 72860
72217 78194 1:0 72859
72217 78193 1:0 72870
72223 78163 1:0 72983
72236 349 21:0 72250
72244 78161 1:0 72990
72256 78162 1:0 72991
72338 78160 1:0 73001
72339 78130 1:0 73114
72348 78128 1:0 73121
72348 78129 1:0 73122
72354 78127 1:0 73132
72374 78097 1:0 73245
72469 78096 1:0 73253
72470 78095 1:0 73252
72470 78094 1:0 73263
72479 78064 1:0 73376
72479 78063 1:0 73384
72487 78062 1:0 73383
72506 78061 1:0 73394
72600 78031 1:0 73507
72601 78029 1:0 73514
72601 78030 1:0 73515
72610 78028 1:0 73525
72610 77998 1:0 73638
72618 77996 1:0 73645
72637 77997 1:0 73646
72731 77995 1:0 73656
72732 77965 1:0 73769
72741 77963 1:0 73776
72741 77964 1:0 73777
72747 77962 1:0 73787
72751 77932 1:0 73900
72780 77931 1:0 73908
72862 77930 1:0 73907
72863 77929 1:0 73918
72872 77899 1:0 74031
72872 77898 1:0 74039
72878 77897 1:0 74038
72883 77896 1:0 74049
72898 350 1:0 75510
72911 77866 1:0 74162
72993 77864 1:0 74169
72994 77865 1:0 74170
73003 77863 1:0 74180
74360 80747 21:0 74368
74367 80749 0:0 74368
74367 80748 21:0 74434
74432 80750 0:0 74434
74436 80780 21:0 74444
74443 80781 0:0 74444
74443 80782 0:0 74444
74444 80783 21:0 74510
74512 80813 21:0 74520
74519 80814 0:0 74520
74519 80815 21:0 74586
74584 80816 0:0 74586
74588 80846 21:0 74596
74595 80847 0:0 74596
74595 80848 21:0 74662
74660 80849 0:0 74662
74664 80879 0:0 74667
74669 80880 21:0 74727
74671 80881 0:0 74672
74726 80882 0:0 74738
74740 80912 21:0 74748
74747 80914 0:0 74748
74747 80913 21:0 74814
74812 80915 0:0 74814
74816 80945 0:0 74819
74821 80946 21:0 74879
74823 80947 0:0 74824
74878 80948 0:0 74890
74892 80978 21:0 74900
74899 80980 0:0 74900
74899 80979 21:0 74966
74964 80981 0:0 74966
74968 81011 21:0 74976
74973 81013 0:0 74976
74973 81012 0:0 74976
74976 81014 21:0 75042
75044 81044 21:0 75052
75051 81046 0:0 75052
75051 81045 21:0 75118
75116 81047 0:0 75118
75120 81077 21:0 75128
75127 81078 0:0 75128
75127 81079 21:0 75194
75192 81080 0:0 75194
75522 79767 1:0 75661
75523 79737 1:0 75774
75532 79735 1:0 75781
75532 79736 1:0 75782
75538 79734 1:0 75792
75551 350 21:0 75565
75559 79704 1:0 75905
75571 79703 1:0 75913
75653 79702 1:0 75912
75654 79701 1:0 75923
75663 79671 1:0 76036
75663 79669 1:0 76043
75669 79670 1:0 76044
75689 79668 1:0 76054
75784 79638 1:0 76167
75785 79636 1:0 76174
75785 79637 1:0 76175
75794 79635 1:0 76185
75794 79605 1:0 76298
75802 79603 1:0 76305
75821 79604 1:0 76306
75915 79602 1:0 76316
75916 79572 1:0 76429
75916 79571 1:0 76437
75925 79570 1:0 76436
75925 79569 1:0 76447
75933 79539 1:0 76560
75952 79537 1:0 76567
76046 79538 1:0 76568
76047 79536 1:0 76578
76056 79506 1:0 76691
76056 79505 1:0 76699
76062 79504 1:0 76698
76066 79503 1:0 76709
76095 79473 1:0 76822
76177 79472 1:0 76830
76178 79471 1:0 76829
76187 79470 1:0 76840
76187 79440 1:0 76953
76193 79438 1:0 76960
76198 79439 1:0 76961
76226 79437 1:0 76971
76308 79407 1:0 77084
76309 79405 1:0 77091
76318 79406 1:0 77092
76318 79404 1:0 77102
76324 79374 1:0 77215
76329 79372 1:0 77222
76357 79373 1:0 77223
76439 79371 1:0 77233
76440 79341 1:0 77346
76449 79339 1:0 77353
76449 79340 1:0 77354
76455 79338 1:0 77364
76475 79308 1:0 77477
76488 79307 1:0 77485
76570 79306 1:0 77484
76571 79305 1:0 77495
76571 351 1:0 78825
77675 82189 21:0 77683
77682 82190 0:0 77683
77682 82191 0:0 77683
77683 82192 21:0 77749
77751 82222 21:0 77759
77758 82223 0:0 77759
77758 82224 0:0 77759
77759 82225 21:0 77825
77827 82255 21:0 77835
77834 82256 0:0 77835
77834 82257 21:0 77901
77899 82258 0:0 77901
77903 82288 21:0 77911
77910 82290 0:0 77911
77910 82289 21:0 77977
77975 82291 0:0 77977
77979 82321 21:0 77987
77986 82323 0:0 77987
77986 82322 21:0 78053
78051 82324 0:0 78053
78055 82354 21:0 78063
78062 82356 0:0 78063
78062 82355 21:0 78129
78127 82357 0:0 78129
78131 82387 21:0 78139
78138 82389 0:0 78139
78138 82388 21:0 78205
78203 82390 0:0 78205
78207 82420 21:0 78215
78214 82421 0:0 78215
78214 82422 0:0 78215
78215 82423 21:0 78281
78283 82453 0:0 78286
78288 82455 21:0 78346
78290 82454 0:0 78291
78345 82456 0:0 78357
78359 82486 21:0 78367
78366 82487 0:0 78367
78366 82488 21:0 78433
78431 82489 0:0 78433
78435 82519 21:0 78443
78440 82520 0:0 78443
78440 82521 0:0 78443
78443 82522 21:0 78509
78511 82552 21:0 78519
78516 82554 0:0 78519
78518 82553 0:0 78519
78519 82555 21:0 78585
78587 82585 21:0 78595
78592 82587 0:0 78595
78592 82586 0:0 78595
78595 82588 21:0 78661
78663 82618 21:0 78671
78670 82620 0:0 78671
78670 82619 21:0 78737
78739 82651 0:0 78742
78744 82652 21:0 78802
78837 81080 1:0 79482
78838 81079 1:0 79490
78847 81078 1:0 79489
78847 81077 1:0 79500
78853 81047 1:0 79613
78866 351 21:0 78880
78874 81045 1:0 79620
78886 81046 1:0 79621
78968 81044 1:0 79631
78969 81014 1:0 79744
78978 81012 1:0 79751
78978 81013 1:0 79752
78984 81011 1:0 79762
79004 80981 1:0 79875
79099 80979 1:0 79882
79100 80980 1:0 79883
79100 80978 1:0 79893
79109 80948 1:0 80006
79109 80946 1:0 80013
79117 80947 1:0 80014
79136 80945 1:0 80024
79230 80915 1:0 80137
79231 80913 1:0 80144
79231 80914 1:0 80145
79240 80912 1:0 80155
79240 80882 1:0 80268
79248 80880 1:0 80275
79267 80881 1:0 80276
79361 80879 1:0 80286
79362 80849 1:0 80399
79371 80847 1:0 80406
79371 80848 1:0 80407
79377 80846 1:0 80417
79381 80816 1:0 80530
79410 80815 1:0 80538
79492 80814 1:0 80537
79493 80813 1:0 80548
79502 80783 1:0 80661
79502 80781 1:0 80668
79508 80782 1:0 80669
79513 80780 1:0 80679
79528 352 1:0 82140
79541 80750 1:0 80792
79623 80748 1:0 80799
79624 80749 1:0 80800
79633 80747 1:0 80810
79633 82652 1:0 82280
79639 82651 1:0 82291
79659 82619 1:0 82411
79754 82620 1:0 82412
79755 82618 1:0 82422
79755 82588 1:0 82535
80990 83631 21:0 80998
80997 83632 0:0 80998
80997 83633 21:0 81064
81062 83634 0:0 81064
81066 83664 21:0 81074
81073 83665 0:0 81074
81073 83666 21:0 81140
81138 83667 0:0 81140
81142 83697 21:0 81150
81149 83698 0:0 81150
81149 83699 0:0 81150
81150 83700 21:0 81216
81218 83730 21:0 81226
81225 83731 0:0 81226
81225 83732 21:0 81292
81290 83733 0:0 81292
81294 83763 21:0 81302
81301 83765 0:0 81302
81301 83764 21:0 81368
81366 83766 0:0 81368
81370 83796 21:0 81378
81377 83797 0:0 81378
81377 83798 21:0 81444
81442 83799 0:0 81444
81446 83829 21:0 81454
81453 83831 0:0 81454
81453 83830 21:0 81520
81518 83832 0:0 81520
81522 83862 21:0 81530
81529 83863 0:0 81530
81529 83864 0:0 81530
81530 83865 21:0 81596
81598 83895 21:0 81606
81605 83896 0:0 81606
81605 83897 21:0 81672
81670 83898 0:0 81672
81674 83928 0:0 81677
81679 83929 21:0 81737
81681 83930 0:0 81682
81736 83931 0:0 81748
81750 83961 0:0 81753
81755 83962 21:0 81813
81757 83963 0:0 81758
81812 83964 0:0 81824
81826 83994 21:0 81834
81910 84030 21:0 81976
81983 84061 21:0 82041
81985 84062 0:0 81986
82054 84093 0:0 82057
82059 84094 21:0 82117
82152 82587 1:0 82543
82153 82586 1:0 82542
82162 82585 1:0 82553
82162 82555 1:0 82666
82168 82553 1:0 82673
82181 352 21:0 82195
82189 82554 1:0 82674
82201 82552 1:0 82684
82283 82522 1:0 82797
82284 82520 1:0 82804
82293 82521 1:0 82805
82293 82519 1:0 82815
82299 82489 1:0 82928
82319 82488 1:0 82936
82414 82487 1:0 82935
82415 82486 1:0 82946
82415 82456 1:0 83059
82424 82454 1:0 83066
82424 82455 1:0 83067
82432 82453 1:0 83077
82451 82423 1:0 83190
82545 82421 1:0 83197
82546 82422 1:0 83198
82546 82420 1:0 83208
82555 82390 1:0 83321
82555 82388 1:0 83328
82563 82389 1:0 83329
82582 82387 1:0 83339
82676 82357 1:0 83452
82677 82355 1:0 83459
82686 82356 1:0 83460
82686 82354 1:0 83470
82692 82324 1:0 83583
82696 82322 1:0 83590
82725 82323 1:0 83591
82807 82321 1:0 83601
82808 82291 1:0 83714
82817 82289 1:0 83721
82817 82290 1:0 83722
82823 82288 1:0 83732
82828 82258 1:0 83845
82856 82257 1:0 83853
82938 82256 1:0 83852
82939 82255 1:0 83863
82948 82225 1:0 83976
82948 82224 1:0 83984
82954 82223 1:0 83983
82959 82222 1:0 83994
82987 82192 1:0 84107
83069 82190 1:0 84114
83070 82191 1:0 84115
83070 353 1:0 85455
83079 82189 1:0 84125
84305 85073 21:0 84313
84312 85075 0:0 84313
84312 85074 21:0 84379
84377 85076 0:0 84379
84381 85106 21:0 84389
84388 85107 0:0 84389
84388 85108 21:0 84455
84453 85109 0:0 84455
84457 85139 21:0 84465
84464 85140 0:0 84465
84464 85141 0:0 84465
84465 85142 21:0 84531
84533 85172 21:0 84541
84540 85173 0:0 84541
84540 85174 0:0 84541
84541 85175 21:0 84607
84609 85205 21:0 84617
84616 85207 0:0 84617
84616 85206 21:0 84683
84681 85208 0:0 84683
84685 85238 21:0 84693
84692 85240 0:0 84693
84692 85239 21:0 84759
84757 85241 0:0 84759
84761 85271 21:0 84769
84768 85272 0:0 84769
84768 85273 21:0 84835
84833 85274 0:0 84835
84837 85304 21:0 84845
84844 85305 0:0 84845
84844 85306 0:0 84845
84845 85307 21:0 84911
84913 85337 21:0 84921
84920 85338 0:0 84921
84920 85339 21:0 84987
84985 85340 0:0 84987
84989 85370 0:0 84992
84994 85372 21:0 85052
84996 85371 0:0 84997
85051 85373 0:0 85063
85065 85403 0:0 85068
85070 85405 21:0 85128
85072 85404 0:0 85073
85127 85406 0:0 85139
85141 85436 0:0 85144
85146 85437 21:0 85204
85148 85438 0:0 85149
85203 85439 0:0 85215
85217 85469 21:0 85225
85224 85470 0:0 85225
85224 85471 21:0 85291
85467 84094 1:0 85595
85468 84093 1:0 85606
85477 84061 1:0 85726
85477 84062 1:0 85727
85483 84030 1:0 85850
85496 353 21:0 85510
85504 83994 1:0 85999
85516 83964 1:0 86112
85598 83962 1:0 86119
85599 83963 1:0 86120
85608 83961 1:0 86130
85608 83931 1:0 86243
85614 83929 1:0 86250
85634 83930 1:0 86251
85729 83928 1:0 86261
85730 83898 1:0 86374
85730 83897 1:0 86382
85739 83896 1:0 86381
85739 83895 1:0 86392
85747 83865 1:0 86505
85766 83863 1:0 86512
85860 83864 1:0 86513
85861 83862 1:0 86523
85861 83832 1:0 86636
85870 83830 1:0 86643
85870 83831 1:0 86644
85878 83829 1:0 86654
85897 83799 1:0 86767
85991 83798 1:0 86775
85992 83797 1:0 86774
86001 83796 1:0 86785
86001 83766 1:0 86898
86007 83764 1:0 86905
86011 83765 1:0 86906
86040 83763 1:0 86916
86122 83733 1:0 87029
86123 83732 1:0 87037
86132 83731 1:0 87036
86132 83730 1:0 87047
86138 83700 1:0 87160
86143 83699 1:0 87168
86171 83698 1:0 87167
86253 83697 1:0 87178
86254 83667 1:0 87291
86263 83665 1:0 87298
86263 83666 1:0 87299
86269 83664 1:0 87309
86274 83634 1:0 87422
86302 83633 1:0 87430
86384 83632 1:0 87429
86385 83631 1:0 87440
86385 354 1:0 88770
86394 85470 1:0 89172
86394 85471 1:0 89173
86402 85469 1:0 89183
86421 85439 1:0 89296
86515 85437 1:0 89303
87620 86515 21:0 87628
87627 86516 0:0 87628
87627 86517 21:0 87694
87692 86518 0:0 87694
87696 86548 21:0 87704
87703 86550 0:0 87704
87703 86549 21:0 87770
87768 86551 0:0 87770
87772 86581 21:0 87780
87779 86583 0:0 87780
87779 86582 21:0 87846
87844 86584 0:0 87846
87848 86614 21:0 87856
87855 86615 0:0 87856
87855 86616 21:0 87922
87920 86617 0:0 87922
87924 86647 21:0 87932
87931 86648 0:0 87932
87931 86649 21:0 87998
87996 86650 0:0 87998
88000 86680 21:0 88008
88007 86681 0:0 88008
88007 86682 21:0 88074
88072 86683 0:0 88074
88076 86713 21:0 88084
88083 86714 0:0 88084
88083 86715 21:0 88150
88148 86716 0:0 88150
88152 86746 21:0 88160
88159 86748 0:0 88160
88159 86747 21:0 88226
88224 86749 0:0 88226
88228 86779 21:0 88236
88235 86781 0:0 88236
88235 86780 21:0 88302
88300 86782 0:0 88302
88304 86812 21:0 88312
88309 86813 0:0 88312
88311 86814 0:0 88312
88312 86815 21:0 88378
88380 86845 21:0 88388
88387 86847 0:0 88388
88387 86846 21:0 88454
88452 86848 0:0 88454
88456 86878 21:0 88464
88463 86879 0:0 88464
88463 86880 21:0 88530
88528 86881 0:0 88530
88532 86911 21:0 88540
88539 86913 21:0 88606
88604 86914 0:0 88606
88608 86944 21:0 88616
88615 86946 0:0 88616
88615 86945 0:0 88616
88616 86947 21:0 88682
88782 85438 1:0 89304
88783 85436 1:0 89314
88792 85406 1:0 89427
88792 85405 1:0 89435
88798 85404 1:0 89434
88811 354 21:0 88825
88819 85403 1:0 89445
88831 85373 1:0 89558
88913 85372 1:0 89566
88914 85371 1:0 89565
88923 85370 1:0 89576
88923 85340 1:0 89689
88929 85339 1:0 89697
88949 85338 1:0 89696
89044 85337 1:0 89707
89045 85307 1:0 89820
89045 85305 1:0 89827
89054 85306 1:0 89828
89054 85304 1:0 89838
89062 85274 1:0 89951
89081 85273 1:0 89959
89175 85272 1:0 89958
89176 85271 1:0 89969
89176 85241 1:0 90082
89185 85239 1:0 90089
89185 85240 1:0 90090
89193 85238 1:0 90100
89212 85208 1:0 90213
89306 85206 1:0 90220
89307 85207 1:0 90221
89316 85205 1:0 90231
89316 85175 1:0 90344
89322 85173 1:0 90351
89326 85174 1:0 90352
89355 85172 1:0 90362
89437 85142 1:0 90475
89438 85141 1:0 90483
89447 85140 1:0 90482
89447 85139 1:0 90493
89453 85109 1:0 90606
89458 85108 1:0 90614
89473 355 1:0 92085
89486 85107 1:0 90613
89568 85106 1:0 90624
89569 85076 1:0 90737
89578 85074 1:0 90744
89578 85075 1:0 90745
89584 85073 1:0 90755
89604 86947 1:0 92349
89699 86946 1:0 92357
89700 86945 1:0 92356
90935 87957 21:0 90943
90942 87958 0:0 90943
90942 87959 21:0 91009
91007 87960 0:0 91009
91011 87990 21:0 91019
91018 87992 0:0 91019
91018 87991 0:0 91019
91019 87993 21:0 91085
91087 88023 21:0 91095
91094 88025 0:0 91095
91094 88024 21:0 91161
91159 88026 0:0 91161
91163 88056 21:0 91171
91170 88058 0:0 91171
91170 88057 21:0 91237
91235 88059 0:0 91237
91239 88089 21:0 91247
91246 88091 0:0 91247
91246 88090 21:0 91313
91311 88092 0:0 91313
91315 88122 21:0 91323
91322 88123 0:0 91323
91322 88124 21:0 91389
91387 88125 0:0 91389
91391 88155 21:0 91399
91398 88156 0:0 91399
91398 88157 21:0 91465
91463 88158 0:0 91465
91467 88188 21:0 91475
91474 88189 0:0 91475
91474 88190 21:0 91541
91539 88191 0:0 91541
91543 88221 21:0 91551
91550 88222 0:0 91551
91550 88223 0:0 91551
91551 88224 21:0 91617
91619 88254 21:0 91627
91626 88255 0:0 91627
91626 88256 0:0 91627
91627 88257 21:0 91693
91695 88287 21:0 91703
91702 88289 0:0 91703
91702 88288 21:0 91769
91767 88290 0:0 91769
91771 88320 21:0 91779
91778 88321 21:0 91845
91928 88388 21:0 91986
91985 88389 0:0 91997
91999 88419 21:0 92007
92097 86944 1:0 92367
92098 86914 1:0 92480
92107 86913 1:0 92488
92107 86911 1:0 92498
92113 86881 1:0 92611
92126 355 21:0 92140
92134 86880 1:0 92619
92146 86879 1:0 92618
92228 86878 1:0 92629
92229 86848 1:0 92742
92238 86846 1:0 92749
92238 86847 1:0 92750
92244 86845 1:0 92760
92264 86815 1:0 92873
92359 86813 1:0 92880
92360 86814 1:0 92881
92360 86812 1:0 92891
92369 86782 1:0 93004
92369 86780 1:0 93011
92377 86781 1:0 93012
92396 86779 1:0 93022
92490 86749 1:0 93135
92491 86747 1:0 93142
92491 86748 1:0 93143
92500 86746 1:0 93153
92500 86716 1:0 93266
92508 86715 1:0 93274
92527 86714 1:0 93273
92621 86713 1:0 93284
92622 86683 1:0 93397
92631 86681 1:0 93404
92631 86682 1:0 93405
92637 86680 1:0 93415
92641 86650 1:0 93528
92670 86649 1:0 93536
92752 86648 1:0 93535
92753 86647 1:0 93546
92762 86617 1:0 93659
92762 86616 1:0 93667
92768 86615 1:0 93666
92773 86614 1:0 93677
92801 86584 1:0 93790
92883 86582 1:0 93797
92884 86583 1:0 93798
92893 86581 1:0 93808
92893 86551 1:0 93921
92899 86549 1:0 93928
92904 86550 1:0 93929
92932 86548 1:0 93939
93014 86518 1:0 94052
93015 86517 1:0 94060
93015 356 1:0 95400
93024 86516 1:0 94059
93024 86515 1:0 94070
94250 89399 21:0 94258
94257 89401 0:0 94258
94257 89400 21:0 94324
94322 89402 0:0 94324
94326 89432 21:0 94334
94333 89433 0:0 94334
94333 89434 21:0 94400
94398 89435 0:0 94400
94402 89465 21:0 94410
94409 89466 0:0 94410
94409 89467 0:0 94410
94410 89468 21:0 94476
94478 89498 21:0 94486
94485 89499 0:0 94486
94485 89500 21:0 94552
94550 89501 0:0 94552
94554 89531 21:0 94562
94561 89533 0:0 94562
94561 89532 21:0 94628
94626 89534 0:0 94628
94630 89564 21:0 94638
94637 89566 0:0 94638
94637 89565 21:0 94704
94702 89567 0:0 94704
94706 89597 21:0 94714
94713 89599 0:0 94714
94713 89598 21:0 94780
94778 89600 0:0 94780
94782 89630 21:0 94790
94789 89631 0:0 94790
94789 89632 21:0 94856
94854 89633 0:0 94856
94858 89663 0:0 94861
94863 89664 21:0 94921
94865 89665 0:0 94866
94920 89666 0:0 94932
94934 89696 21:0 94942
94941 89698 0:0 94942
94941 89697 21:0 95008
95006 89699 0:0 95008
95010 89729 0:0 95013
95015 89730 21:0 95073
95017 89731 0:0 95018
95072 89732 0:0 95084
95086 89762 21:0 95094
95091 89764 0:0 95094
95093 89763 0:0 95094
95094 89765 21:0 95160
95162 89795 0:0 95165
95167 89797 21:0 95225
95169 89796 0:0 95170
95224 89798 0:0 95236
95412 88419 1:0 95551
95413 88389 1:0 95664
95422 88388 1:0 95672
95422 88321 1:0 95933
95428 88320 1:0 95944
95441 356 21:0 95455
95449 88290 1:0 96057
95461 88288 1:0 96064
95543 88289 1:0 96065
95544 88287 1:0 96075
95553 88257 1:0 96188
95553 88256 1:0 96196
95559 88255 1:0 96195
95579 88254 1:0 96206
95674 88224 1:0 96319
95675 88222 1:0 96326
95675 88223 1:0 96327
95684 88221 1:0 96337
95684 88191 1:0 96450
95692 88190 1:0 96458
95711 88189 1:0 96457
95805 88188 1:0 96468
95806 88158 1:0 96581
95806 88157 1:0 96589
95815 88156 1:0 96588
95815 88155 1:0 96599
95823 88125 1:0 96712
95842 88124 1:0 96720
95936 88123 1:0 96719
95937 88122 1:0 96730
95946 88092 1:0 96843
95946 88090 1:0 96850
95952 88091 1:0 96851
95956 88089 1:0 96861
95985 88059 1:0 96974
96067 88057 1:0 96981
96068 88058 1:0 96982
96077 88056 1:0 96992
96077 88026 1:0 97105
96083 88024 1:0 97112
96088 88025 1:0 97113
96116 88023 1:0 97123
96198 87993 1:0 97236
96199 87992 1:0 97244
96208 87991 1:0 97243
96208 87990 1:0 97254
96214 87960 1:0 97367
96219 87959 1:0 97375
96247 87958 1:0 97374
96329 87957 1:0 97385
96330 89798 1:0 99110
96330 357 1:0 98715
96339 89796 1:0 99117
96339 89797 1:0 99118
96347 89795 1:0 99128
97565 90841 21:0 97573
97572 90842 0:0 97573
97572 90843 21:0 97639
97637 90844 0:0 97639
97641 90874 21:0 97649
97648 90875 0:0 97649
97648 90876 21:0 97715
97713 90877 0:0 97715
97717 90907 21:0 97725
97724 90909 0:0 97725
97724 90908 21:0 97791
97789 90910 0:0 97791
97793 90940 21:0 97801
97800 90942 0:0 97801
97800 90941 21:0 97867
97865 90943 0:0 97867
97869 90973 21:0 97877
97876 90975 0:0 97877
97876 90974 21:0 97943
97941 90976 0:0 97943
97945 91006 21:0 97953
97952 91008 0:0 97953
97952 91007 21:0 98019
98017 91009 0:0 98019
98021 91039 21:0 98029
98028 91040 0:0 98029
98028 91041 21:0 98095
98093 91042 0:0 98095
98097 91072 21:0 98105
98104 91074 0:0 98105
98104 91073 21:0 98171
98169 91075 0:0 98171
98173 91105 21:0 98181
98180 91106 0:0 98181
98180 91107 21:0 98247
98245 91108 0:0 98247
98249 91138 21:0 98257
98256 91140 0:0 98257
98256 91139 21:0 98323
98321 91141 0:0 98323
98325 91171 0:0 98328
98330 91173 21:0 98388
98332 91172 0:0 98333
98387 91174 0:0 98399
98401 91204 21:0 98409
98408 91205 0:0 98409
98408 91206 21:0 98475
98473 91207 0:0 98475
98477 91237 21:0 98485
98484 91239 0:0 98485
98484 91238 21:0 98551
98549 91240 0:0 98551
98553 91270 21:0 98561
98727 89765 1:0 99241
98728 89764 1:0 99249
98737 89763 1:0 99248
98737 89762 1:0 99259
98743 89732 1:0 99372
98756 357 21:0 98770
98764 89730 1:0 99379
98776 89731 1:0 99380
98858 89729 1:0 99390
98859 89699 1:0 99503
98868 89697 1:0 99510
98868 89698 1:0 99511
98874 89696 1:0 99521
98894 89666 1:0 99634
98989 89664 1:0 99641
98990 89665 1:0 99642
98990 89663 1:0 99652
98999 89633 1:0 99765
98999 89632 1:0 99773
99007 89631 1:0 99772
99026 89630 1:0 99783
99120 89600 1:0 99896
99121 89598 1:0 99903
99121 89599 1:0 99904
99130 89597 1:0 99914
99130 89567 1:0 100027
99138 89565 1:0 100034
99157 89566 1:0 100035
99251 89564 1:0 100045
99252 89534 1:0 100158
99261 89532 1:0 100165
99261 89533 1:0 100166
99267 89531 1:0 100176
99271 89501 1:0 100289
99300 89500 1:0 100297
99382 89499 1:0 100296
99383 89498 1:0 100307
99392 89468 1:0 100420
99392 89467 1:0 100428
99398 89466 1:0 100427
99403 89465 1:0 100438
99431 89435 1:0 100551
99513 89434 1:0 100559
99514 89433 1:0 100558
99523 89432 1:0 100569
99523 89402 1:0 100682
99529 89400 1:0 100689
99534 89401 1:0 100690
99562 89399 1:0 100700
99644 358 1:0 102030
100880 92283 0:0 100883
100885 92285 21:0 100943
100887 92284 0:0 100888
100942 92286 0:0 100954
100956 92316 0:0 100959
100961 92317 21:0 101019
100963 92318 0:0 100964
101018 92319 0:0 101030
101032 92349 21:0 101040
101039 92351 0:0 101040
101039 92350 0:0 101040
101040 92352 21:0 101106
101108 92382 0:0 101111
101113 92383 21:0 101171
101115 92384 0:0 101116
101170 92385 0:0 101182
101184 92415 21:0 101192
101189 92417 0:0 101192
101189 92416 0:0 101192
101192 92418 21:0 101258
101260 92448 21:0 101268
101267 92449 0:0 101268
101267 92450 21:0 101334
101332 92451 0:0 101334
101336 92481 0:0 101339
101341 92483 21:0 101399
101343 92482 0:0 101344
101398 92484 0:0 101410
101412 92514 21:0 101420
101419 92516 0:0 101420
101419 92515 21:0 101486
101488 92547 21:0 101496
101495 92549 0:0 101496
101495 92548 21:0 101562
101564 92580 0:0 101567
101569 92581 21:0 101627
101626 92583 0:0 101638
101645 92614 21:0 101703
101647 92615 0:0 101648
101702 92616 0:0 101714
101716 92646 21:0 101724
101723 92648 0:0 101724
101723 92647 0:0 101724
101724 92649 21:0 101790
101792 92679 0:0 101795
101797 92680 21:0 101855
101799 92681 0:0 101800
101854 92682 0:0 101866
102042 328 1:0 2725
102043 91270 1:0 102312
102043 91240 1:0 102425
102052 91238 1:0 102432
102052 91239 1:0 102433
102060 91237 1:0 102443
102071 358 21:0 102085
102079 91207 1:0 102556
102173 91206 1:0 102564
102174 91205 1:0 102563
102174 91204 1:0 102574
102183 91174 1:0 102687
102183 91173 1:0 102695
102191 91172 1:0 102694
102210 91171 1:0 102705
102304 91141 1:0 102818
102305 91139 1:0 102825
102314 91140 1:0 102826
102314 91138 1:0 102836
102320 91108 1:0 102949
102324 91107 1:0 102957
102353 91106 1:0 102956
102435 91105 1:0 102967
102436 91075 1:0 103080
102445 91073 1:0 103087
102445 91074 1:0 103088
102451 91072 1:0 103098
102456 91042 1:0 103211
102484 91041 1:0 103219
102566 91040 1:0 103218
102567 91039 1:0 103229
102576 91009 1:0 103342
102576 91007 1:0 103349
102582 91008 1:0 103350
102587 91006 1:0 103360
102615 90976 1:0 103473
102697 90974 1:0 103480
102698 90975 1:0 103481
102707 90973 1:0 103491
102707 90943 1:0 103604
102713 90941 1:0 103611
102733 90942 1:0 103612
102746 90940 1:0 103622
102828 90910 1:0 103735
102829 90908 1:0 103742
102838 90909 1:0 103743
102838 90907 1:0 103753
102844 90877 1:0 103866
102864 90876 1:0 103874
102959 90875 1:0 103873
102960 90874 1:0 103884
102960 90844 1:0 103997
102969 90842 1:0 104004
102969 90843 1:0 104005
102977 90841 1:0 104015
102979 359 1:0 104128
102980 46025 1:0 104292
102995 46026 1:0 104301
102996 46018 1:0 104261
102996 46019 1:0 104262
103008 46027 1:0 104302
103090 46028 1:0 104311
103090 46029 1:0 104312
103091 46024 1:0 104291
103091 46030 1:0 104321
103091 46031 1:0 104322
103091 46166 1:0 104457
103100 46178 1:0 104457
103100 46174 1:0 104457
103100 46172 1:0 104457
103100 46165 1:0 104458
103100 46171 1:0 104458
103100 46175 1:0 104532
103106 46173 1:0 104458
103108 46176 1:0 104457
103111 46177 1:0 104457
103126 46312 1:0 104679
103139 92680 1:0 104674
103221 92682 1:0 104675
103222 46313 1:0 104678
103222 46319 1:0 104678
103222 46322 1:0 104679
103222 46325 1:0 104764
103231 46321 1:0 104678
103231 46323 1:0 104678
103231 46324 1:0 104679
103231 46320 1:0 104679
103237 46318 1:0 104679
103241 92681 1:0 104801
103270 92679 1:0 104811
103311 46468 1:0 104965
103352 92649 1:0 104885
103353 46466 1:0 104899
103353 46467 1:0 104899
103353 46460 1:0 104899
103353 46459 1:0 104900
103353 46465 1:0 104900
103362 46470 1:0 104899
103362 46471 1:0 104899
103362 46469 1:0 104899
103362 46472 1:0 104899
103370 92647 1:0 105021
103389 92648 1:0 105022
103483 92646 1:0 105032
103484 92616 1:0 105038
103484 92614 1:0 105106
103493 46614 1:0 105120
103493 46616 1:0 105120
103493 46607 1:0 105120
103493 46613 1:0 105120
103493 46606 1:0 105121
103493 46615 1:0 105186
103499 46617 1:0 105120
103501 46618 1:0 105120
103504 46619 1:0 105120
103519 46612 1:0 105121
103532 92615 1:0 105243
103614 92583 1:0 105259
103615 92581 1:0 105327
103615 46760 1:0 105341
103615 46753 1:0 105342
103624 46754 1:0 105341
103624 46759 1:0 105342
103624 46764 1:0 105342
103624 46766 1:0 105342
103624 46762 1:0 105407
103624 46907 1:0 105562
103630 46765 1:0 105342
103632 46763 1:0 105342
103635 46761 1:0 105342
103650 46901 1:0 105562
103663 92580 1:0 105474
103745 92548 1:0 105548
103746 46909 1:0 105562
103746 46900 1:0 105563
103746 46906 1:0 105563
103746 46908 1:0 105627
103755 46910 1:0 105562
103755 46911 1:0 105562
103755 46913 1:0 105562
103755 46912 1:0 105562
103763 92549 1:0 105685
103782 92547 1:0 105695
103794 47059 1:0 105868
103835 47054 1:0 105783
103876 92515 1:0 105779
103877 47056 1:0 105783
103877 47055 1:0 105784
103877 47053 1:0 105784
103886 47048 1:0 105783
103886 47058 1:0 105783
103886 47057 1:0 105784
103886 47047 1:0 105784
103886 47060 1:0 105784
103892 92516 1:0 105906
103894 47198 1:0 106005
103912 92514 1:0 105916
103913 47200 1:0 106005
103925 47203 1:0 106070
104007 92484 1:0 105922
104008 92483 1:0 105990
104008 47202 1:0 106004
104017 47206 1:0 106004
104017 47205 1:0 106004
104017 47201 1:0 106004
104017 47204 1:0 106004
104017 47195 1:0 106004
104017 47194 1:0 106005
104023 47207 1:0 106004
104028 92482 1:0 106126
104056 92481 1:0 106137
104097 47354 1:0 106311
104140 92450 1:0 106221
104141 92451 1:0 106222
104141 47342 1:0 106225
104150 47348 1:0 106225
104150 47352 1:0 106225
104150 47341 1:0 106226
104150 47349 1:0 106226
104150 47351 1:0 106226
104150 47347 1:0 106226
104156 47350 1:0 106225
104158 47353 1:0 106226
104169 359 21:0 104183
104177 92449 1:0 106347
104230 92448 1:0 106358
104243 47500 1:0 106531
104259 92418 1:0 106442
104260 47494 1:0 106447
104298 46025 21:0 104344
104309 47497 1:0 106446
104319 47498 1:0 106447
104329 47499 1:0 106446
104331 47488 1:0 106447
104343 46024 0:0 104353
104343 46018 0:0 104353
104343 46019 0:0 104353
104343 46030 0:0 104353
104344 46031 0:0 104353
104352 46026 0:0 104353
104352 46027 0:0 104353
104352 46029 0:0 104353
104352 46028 0:0 104353
104354 47495 1:0 106446
104354 47489 1:0 106446
104354 47501 1:0 106447
104354 47496 1:0 106447
104354 47643 1:0 106732
104361 92417 1:0 106569
104362 92416 1:0 106568
104371 92415 1:0 106579
104371 92385 1:0 106585
104377 92383 1:0 106653
104379 47641 1:0 106668
104382 47645 1:0 106667
104397 47648 1:0 106667
104398 47635 1:0 106668
104410 47647 1:0 106667
104451 47646 1:0 106667
104464 47644 1:0 106667
104479 47642 1:0 106667
104479 47636 1:0 106667
104480 47789 1:0 106888
104480 47783 1:0 106888
104530 92384 1:0 106790
104542 46175 21:0 104574
104550 92382 1:0 106800
104572 46177 0:0 104574
104573 46172 0:0 104574
104573 46165 0:0 104574
104573 46171 0:0 104574
104573 46166 0:0 104574
104573 46178 0:0 104574
104573 46173 0:0 104574
104573 46176 0:0 104574
104573 46174 0:0 104574
104575 92352 1:0 106877
104575 47795 1:0 106888
104575 47793 1:0 106964
104582 47794 1:0 106888
104582 47788 1:0 106889
104582 47782 1:0 106889
104583 47792 1:0 106888
104583 47791 1:0 106888
104583 47790 1:0 106889
104592 92350 1:0 107010
104592 92351 1:0 107011
104600 92349 1:0 107021
104619 92317 1:0 107105
104672 92319 1:0 107106
104685 47941 1:0 107194
104700 47930 1:0 107109
104700 47935 1:0 107110
104701 47938 1:0 107109
104702 47929 1:0 107110
104751 47939 1:0 107110
104761 47936 1:0 107109
104770 46325 21:0 104795
104771 47937 1:0 107110
104793 46324 0:0 104795
104793 46322 0:0 104795
104793 46320 0:0 104795
104793 46321 0:0 104795
104794 46313 0:0 104795
104794 46323 0:0 104795
104794 46312 0:0 104795
104794 46318 0:0 104795
104794 46319 0:0 104795
104796 92318 1:0 107232
104796 47940 1:0 107109
104796 47942 1:0 107110
104796 48087 1:0 107406
104803 92316 1:0 107242
104804 92286 1:0 107248
104804 48082 1:0 107331
104813 92285 1:0 107319
104813 48089 1:0 107330
104813 48086 1:0 107330
104819 48083 1:0 107330
104819 48085 1:0 107330
104819 48076 1:0 107331
104823 48084 1:0 107331
104824 48077 1:0 107330
104840 48088 1:0 107330
104893 92284 1:0 107452
104906 48236 1:0 107637
104922 92283 1:0 107463
104923 48224 1:0 107551
104971 46468 21:0 105016
104972 48231 1:0 107552
104982 48232 1:0 107551
104992 48233 1:0 107552
105014 46469 0:0 105016
105014 46471 0:0 105016
105014 46467 0:0 105016
105015 46470 0:0 105016
105015 46472 0:0 105016
105015 46459 0:0 105016
105015 46460 0:0 105016
105015 46465 0:0 105016
105015 46466 0:0 105016
105017 48323 1:0 107676
105017 48234 1:0 107551
105017 48230 1:0 107551
105017 48235 1:0 107552
105017 48229 1:0 107552
105017 48223 1:0 107552
105017 48324 1:0 107677
105192 46615 21:0 105237
105235 46618 0:0 105237
105235 46614 0:0 105237
105235 46616 0:0 105237
105236 46619 0:0 105237
105236 46606 0:0 105237
105236 46612 0:0 105237
105236 46617 0:0 105237
105236 46613 0:0 105237
105236 46607 0:0 105237
105413 46762 21:0 105458
105456 46763 0:0 105458
105456 46761 0:0 105458
105457 46765 0:0 105458
105457 46759 0:0 105458
105457 46764 0:0 105458
105457 46766 0:0 105458
105457 46753 0:0 105458
105457 46754 0:0 105458
105457 46760 0:0 105458
105637 46908 21:0 105679
105677 46910 0:0 105679
105677 46912 0:0 105679
105678 46900 0:0 105679
105678 46901 0:0 105679
105678 46909 0:0 105679
105678 46907 0:0 105679
105678 46906 0:0 105679
105678 46911 0:0 105679
105678 46913 0:0 105679
105878 47059 21:0 105900
105899 47053 0:0 105900
105899 47060 0:0 105900
105899 47058 0:0 105900
105899 47057 0:0 105900
105899 47048 0:0 105900
105899 47056 0:0 105900
105899 47047 0:0 105900
105899 47055 0:0 105900
105899 47054 0:0 105900
106076 47203 21:0 106121
106119 47206 0:0 106121
106119 47202 0:0 106121
106120 47204 0:0 106121
106120 47205 0:0 106121
106120 47207 0:0 106121
106120 47201 0:0 106121
106120 47195 0:0 106121
106120 47198 0:0 106121
106120 47200 0:0 106121
106120 47194 0:0 106121
106317 47354 21:0 106342
106340 47353 0:0 106342
106340 47349 0:0 106342
106340 47350 0:0 106342
106340 47351 0:0 106342
106341 47342 0:0 106342
106341 47341 0:0 106342
106341 47348 0:0 106342
106341 47347 0:0 106342
106341 47352 0:0 106342
106541 47500 21:0 106563
106562 47488 0:0 106563
106562 47498 0:0 106563
106562 47497 0:0 106563
106562 47494 0:0 106563
106562 47495 0:0 106563
106562 47501 0:0 106563
106562 47496 0:0 106563
106562 47499 0:0 106563
106562 47489 0:0 106563
106742 47643 21:0 106784
106782 47645 0:0 106784
106782 47647 0:0 106784
106783 47644 0:0 106784
106783 47636 0:0 106784
106783 47641 0:0 106784
106783 47635 0:0 106784
106783 47648 0:0 106784
106783 47642 0:0 106784
106783 47646 0:0 106784
106970 47793 21:0 107005
107003 47791 0:0 107005
107003 47792 0:0 107005
107003 47794 0:0 107005
107004 47782 0:0 107005
107004 47788 0:0 107005
107004 47789 0:0 107005
107004 47783 0:0 107005
107004 47795 0:0 107005
107004 47790 0:0 107005
107204 47941 21:0 107226
107224 47942 0:0 107226
107225 47937 0:0 107226
107225 47938 0:0 107226
107225 47936 0:0 107226
107225 47939 0:0 107226
107225 47940 0:0 107226
107225 47930 0:0 107226
107225 47935 0:0 107226
107225 47929 0:0 107226
107412 48087 21:0 107447
107445 48088 0:0 107447
107445 48086 0:0 107447
107445 48085 0:0 107447
107446 48083 0:0 107447
107446 48082 0:0 107447
107446 48084 0:0 107447
107446 48089 0:0 107447
107446 48076 0:0 107447
107446 48077 0:0 107447
107643 48236 21:0 304
