87 13721 21:0 128
127 13718 21:0 139
138 13722 21:0 144
143 13711 21:0 144
143 13717 21:0 144
143 13716 21:0 144
143 13720 21:0 149
148 13719 21:0 149
148 305 21:0 167
1309 14393 21:0 1319
3286 298 21:0 3304
3354 15356 21:0 3362
3435 15391 21:0 3452
3818 15557 21:0 3884
3891 15588 21:0 3908
4195 15721 21:0 4212
4563 15721 1:0 5085
4564 15588 1:0 5608
4564 15557 1:0 5732
4573 15391 1:0 6395
4573 15356 1:0 6536
4579 300 1:0 6647
4579 301 1:0 10006
4581 302 1:0 13365
6645 299 21:0 6663
6797 16863 21:0 6863
7022 16960 21:0 7039
7169 17025 21:0 7177
7321 17091 21:0 7329
7329 17094 21:0 7395
7922 17094 1:0 8829
7923 17091 1:0 8847
7932 17025 1:0 9109
7932 16960 1:0 9360
7938 16863 1:0 9746
10004 300 21:0 10022
10080 18301 21:0 10146
10533 18497 21:0 10550
10609 18531 21:0 10626
10625 18532 21:0 10678
11060 18727 21:0 11068
11281 18727 1:0 11551
11282 18532 1:0 12319
11291 18531 1:0 12327
11291 18497 1:0 12457
11297 18301 1:0 13236
11299 303 1:0 16724
13363 301 21:0 13381
13512 19804 21:0 13529
13528 19805 21:0 13581
13740 19902 21:0 13757
14120 20068 21:0 14137
14343 20165 21:0 14351
14640 20165 1:0 15041
14641 20068 1:0 15424
14650 19902 1:0 16078
14650 19805 1:0 16464
14656 19804 1:0 16472
16722 302 21:0 16740
16795 21242 21:0 16812
17018 21339 21:0 17026
17555 21572 21:0 17572
17626 21603 21:0 17634
17707 21638 21:0 17724
17999 21638 1:0 18390
18000 21603 1:0 18531
18009 21572 1:0 18652
18009 21339 1:0 19579
18015 21242 1:0 19962
18017 304 1:0 20083
20081 303 21:0 20099
20149 22711 21:0 20157
20156 22712 21:0 20198
20197 22713 21:0 20223
20222 22714 21:0 20233
20610 22911 21:0 20627
21358 299 1:0 3288
21359 22911 1:0 22535
21359 22714 1:0 23233
21368 22713 1:0 23313
21368 22712 1:0 23320
21376 22711 1:0 23331
21379 305 1:0 23442
21394 11515 1:0 24737
23440 304 21:0 23458
23592 24218 21:0 23658
23893 24348 21:0 23910
23909 24350 21:0 23962
24121 24448 21:0 24138
24425 24579 21:0 24442
24577 24645 21:0 24594
24727 11514 1:0 24740
24727 11516 1:0 24750
24728 11513 1:0 24778
24728 11517 1:0 24822
24737 24645 1:0 24945
24737 11518 1:0 24909
24737 11660 1:0 24958
24743 11663 1:0 24961
24743 11665 1:0 24971
24747 11661 1:0 24999
24763 11662 1:0 25043
24776 11664 1:0 25129
24776 11809 1:0 25179
24825 11812 1:0 25182
24845 11808 1:0 25210
24846 11811 1:0 25210
24896 11807 1:0 25261
24906 11810 1:0 25341
24915 11518 21:0 24940
24916 11957 1:0 25394
24939 11517 21:0 24943
24942 11513 21:0 24943
24942 11516 21:0 24951
24948 24579 1:0 25387
24949 11959 1:0 25400
24949 11954 1:0 25403
24949 11955 1:0 25413
24950 11514 21:0 24954
24952 11958 1:0 25441
24953 11515 21:0 24954
24955 11956 1:0 25485
24955 11946 1:0 25511
24955 12093 1:0 25649
24955 12099 1:0 25703
24955 12247 1:0 25845
24958 12105 1:0 25615
24958 12101 1:0 25621
24958 12104 1:0 25624
24958 12102 1:0 25649
24964 12106 1:0 25687
24966 12103 1:0 25782
24969 12252 1:0 25836
24985 12253 1:0 25842
24997 12249 1:0 25845
25038 12250 1:0 25873
25051 12248 1:0 25873
25066 12246 1:0 25908
25066 12240 1:0 25908
25067 12241 1:0 25924
25068 12251 1:0 26004
25117 12398 1:0 26063
25127 12388 1:0 26066
25127 12393 1:0 26076
25127 12394 1:0 26076
25127 12534 1:0 26312
25137 12399 1:0 26066
25139 11664 21:0 25161
25160 11662 21:0 25164
25163 11661 21:0 25164
25163 11665 21:0 25172
25169 12397 1:0 26076
25169 12396 1:0 26104
25170 12395 1:0 26148
25170 12400 1:0 26235
25170 12545 1:0 26278
25171 11663 21:0 25175
25173 12535 1:0 26312
25174 11660 21:0 25175
25176 24448 1:0 26272
25179 12547 1:0 26284
25179 12544 1:0 26287
25179 12542 1:0 26312
25179 12546 1:0 26350
25185 12541 1:0 26366
25185 12543 1:0 26436
25185 12681 1:0 26508
25189 12691 1:0 26499
25205 12692 1:0 26505
25206 12682 1:0 26508
25206 12687 1:0 26508
25218 12688 1:0 26508
25218 12694 1:0 26536
25267 12693 1:0 26536
25272 12828 1:0 26729
25287 12690 1:0 26587
25288 12689 1:0 26656
25289 12835 1:0 26754
25347 11810 21:0 25382
25348 24350 1:0 26717
25358 12841 1:0 26720
25381 11807 21:0 25385
25384 11811 21:0 25385
25384 11808 21:0 25393
25390 12839 1:0 26726
25390 12836 1:0 26729
25391 12834 1:0 26754
25391 12840 1:0 26757
25391 12829 1:0 26757
25391 12838 1:0 26808
25392 11812 21:0 25396
25394 12837 1:0 26878
25395 11809 21:0 25396
25397 24348 1:0 26934
25400 12984 1:0 26941
25400 12983 1:0 26947
25400 12986 1:0 26950
25400 12981 1:0 26960
25400 12982 1:0 26960
25400 12975 1:0 26960
25406 12976 1:0 26960
25406 12987 1:0 26988
25410 12985 1:0 27032
25426 12988 1:0 27119
25427 13134 1:0 27162
25439 13133 1:0 27168
25480 13123 1:0 27171
25480 13122 1:0 27171
25480 13128 1:0 27171
25493 13132 1:0 27199
25509 13135 1:0 27199
25510 13131 1:0 27250
25521 11946 21:0 25565
25559 13130 1:0 27319
25561 13269 1:0 27392
25569 13277 1:0 27383
25571 11956 21:0 25603
25579 13280 1:0 27389
25602 11958 21:0 25606
25605 11955 21:0 25606
25605 11954 21:0 25614
25611 13282 1:0 27392
25611 13275 1:0 27417
25611 13276 1:0 27417
25611 13270 1:0 27420
25612 13278 1:0 27420
25612 13281 1:0 27471
25612 13279 1:0 27550
25613 11959 21:0 25617
25615 13422 1:0 27613
25615 13564 1:0 27859
25616 11957 21:0 25617
25618 24218 1:0 27604
25621 13426 1:0 27610
25621 13424 1:0 27613
25621 13428 1:0 27641
25621 13427 1:0 27641
25627 13429 1:0 27692
25629 13425 1:0 27762
25632 13575 1:0 27825
25648 13571 1:0 27831
25660 13574 1:0 27834
25701 13576 1:0 27859
25709 13569 1:0 27862
25729 13573 1:0 27913
25730 13572 1:0 27983
25742 12093 21:0 25786
25780 13719 1:0 28046
25782 13720 1:0 28052
25790 298 1:0 28055
25790 13717 1:0 28055
25792 12103 21:0 25824
25800 13711 1:0 28055
25823 12099 21:0 25824
25823 12106 21:0 25827
25826 12102 21:0 25835
25832 14393 1:0 28055
25832 13722 1:0 28065
25832 13710 1:0 28065
25832 13716 1:0 28065
25833 13718 1:0 28093
25833 13721 1:0 28137
25833 13723 1:0 28224
25834 12104 21:0 25835
25834 12101 21:0 25838
25837 12105 21:0 25838
25960 12241 21:0 26006
26010 12251 21:0 26045
26044 12246 21:0 26045
26044 12250 21:0 26048
26047 12248 21:0 26053
26052 12240 21:0 26056
26055 12247 21:0 26056
26055 12249 21:0 26059
26058 12253 21:0 26059
26058 12252 21:0 26065
26211 12394 21:0 26236
26241 12400 21:0 26266
26265 12395 21:0 26269
26268 12396 21:0 26269
26268 12393 21:0 26277
26276 12397 21:0 26277
26276 12388 21:0 26277
26276 12399 21:0 26280
26279 12398 21:0 26286
26442 12543 21:0 26487
26486 12541 21:0 26487
26486 12546 21:0 26490
26489 12542 21:0 26490
26489 12535 21:0 26498
26497 12544 21:0 26498
26497 12534 21:0 26498
26497 12547 21:0 26501
26500 12545 21:0 26507
26666 12689 21:0 26708
26707 12690 21:0 26711
26710 12693 21:0 26711
26710 12694 21:0 26719
26718 12687 21:0 26719
26718 12682 21:0 26719
26718 12681 21:0 26722
26721 12692 21:0 26722
26721 12688 21:0 26722
26721 12691 21:0 26728
26884 12837 21:0 26929
26928 12838 21:0 26932
26931 12829 21:0 26932
26931 12840 21:0 26932
26931 12834 21:0 26940
26939 12836 21:0 26940
26939 12835 21:0 26940
26939 12828 21:0 26943
26942 12839 21:0 26943
26942 12841 21:0 26949
27068 12975 21:0 27112
27125 12988 21:0 27150
27149 12985 21:0 27153
27152 12987 21:0 27153
27152 12981 21:0 27161
27160 12976 21:0 27161
27160 12982 21:0 27161
27160 12986 21:0 27164
27163 12983 21:0 27164
27163 12984 21:0 27170
27329 13130 21:0 27371
27370 13131 21:0 27374
27373 13135 21:0 27374
27373 13132 21:0 27382
27381 13122 21:0 27382
27381 13123 21:0 27382
27381 13128 21:0 27385
27384 13133 21:0 27385
27384 13134 21:0 27391
27507 13270 21:0 27553
27560 13279 21:0 27592
27591 13281 21:0 27595
27594 13278 21:0 27595
27594 13282 21:0 27603
27602 13280 21:0 27606
27605 13276 21:0 27606
27605 13275 21:0 27606
27605 13277 21:0 27612
27611 13269 21:0 27612
27768 13425 21:0 27813
27812 13429 21:0 27816
27815 13427 21:0 27816
27815 13428 21:0 27824
27823 13424 21:0 27827
27826 13426 21:0 27827
27826 13422 21:0 27827
27989 13572 21:0 28034
28033 13573 21:0 28037
28036 13564 21:0 28037
28036 13569 21:0 28037
28036 13576 21:0 28045
28044 13574 21:0 28045
28044 13571 21:0 28048
28047 13575 21:0 28054
28173 13710 21:0 28217
28230 13723 21:0 88
