86 341 0:0 87
86 15394 0:0 87
86 15401 0:0 87
86 15404 0:0 87
86 15400 0:0 87
86 15403 0:0 87
86 15395 0:0 87
86 15402 0:0 87
86 15405 0:0 87
86 15407 0:0 87
141 15569 21:0 149
148 15570 0:0 149
148 15571 21:0 215
213 15572 0:0 215
217 15602 0:0 220
222 15603 21:0 280
224 15604 0:0 225
279 15605 0:0 291
293 15635 0:0 296
298 15636 21:0 356
300 15637 0:0 301
355 15638 0:0 367
369 15668 0:0 372
374 15670 21:0 432
376 15669 0:0 377
431 15671 0:0 443
445 15701 21:0 453
450 15702 0:0 453
452 15703 0:0 453
453 15704 21:0 519
521 15734 21:0 529
528 15735 0:0 529
528 15736 0:0 529
529 15737 21:0 595
597 15767 21:0 605
604 15769 0:0 605
604 15768 0:0 605
605 15770 21:0 671
673 15800 21:0 681
678 15802 0:0 681
678 15801 0:0 681
681 15803 21:0 747
749 15833 0:0 752
754 15835 21:0 812
756 15834 0:0 757
811 15836 0:0 823
825 15866 21:0 833
830 15867 0:0 833
832 15868 0:0 833
833 15869 21:0 899
901 15899 21:0 909
908 15901 0:0 909
908 15900 21:0 975
973 15902 0:0 975
977 15932 0:0 980
982 15933 21:0 1040
984 15934 0:0 985
1039 15935 0:0 1051
1053 15965 0:0 1056
1058 15966 21:0 1116
1060 15967 0:0 1061
1115 15968 0:0 1127
1129 15998 21:0 1137
1134 15999 0:0 1137
1136 16000 0:0 1137
1137 16001 21:0 1203
1205 16031 21:0 1213
1212 16033 0:0 1213
1212 16032 21:0 1221
1220 16034 21:0 1279
1222 16032 1:0 1862
1280 16034 1:0 1856
1461 16143 21:0 1471
1499 16033 1:0 1863
1500 16031 1:0 1872
1500 16001 1:0 1978
1508 15999 1:0 1984
1508 16000 1:0 1985
1518 15998 1:0 1994
1621 15968 1:0 2100
1622 15966 1:0 2106
1630 15967 1:0 2107
1630 15965 1:0 2116
1636 15935 1:0 2222
1655 15933 1:0 2228
1743 15934 1:0 2229
1744 15932 1:0 2238
1752 15902 1:0 2344
1752 15900 1:0 2350
1758 15901 1:0 2351
1761 16288 21:0 1783
1865 15899 1:0 2360
1866 15869 1:0 2466
1866 15868 1:0 2473
1874 15867 1:0 2472
1874 15866 1:0 2482
1884 15836 1:0 2588
1987 15835 1:0 2595
1988 15834 1:0 2594
1988 15833 1:0 2604
1996 15803 1:0 2710
2002 15801 1:0 2716
2020 15802 1:0 2717
2109 15800 1:0 2726
2110 15770 1:0 2832
2118 15768 1:0 2838
2118 15769 1:0 2839
2124 15767 1:0 2848
2127 16459 21:0 2149
2231 15737 1:0 2954
2232 15735 1:0 2960
2232 15736 1:0 2961
2240 15734 1:0 2970
2240 15704 1:0 3076
2250 15703 1:0 3083
2353 15702 1:0 3082
2354 15701 1:0 3092
2354 15671 1:0 3198
2362 15670 1:0 3205
2368 15669 1:0 3204
2386 15668 1:0 3214
2475 15638 1:0 3320
2476 15636 1:0 3326
2484 15637 1:0 3327
2484 15635 1:0 3336
2490 15605 1:0 3442
2597 15603 1:0 3448
2598 15604 1:0 3449
2598 15602 1:0 3458
2606 15572 1:0 3564
2612 15571 1:0 3571
2630 15570 1:0 3570
2631 335 1:0 3684
2719 15569 1:0 3580
2981 16858 21:0 3003
3591 17143 21:0 3613
3682 334 21:0 3732
3750 17220 21:0 3758
3755 17222 0:0 3758
3755 17221 0:0 3758
3757 15 0:0 3758
3758 17223 21:0 3824
3812 17239 0:0 3813
3826 17253 21:0 3834
3833 17255 0:0 3834
3833 17254 0:0 3834
3834 17256 21:0 3900
3902 17286 0:0 3905
3907 17288 21:0 3965
3908 17285 0:0 3910
3909 17287 0:0 3910
3964 17302 21:0 3976
3964 17289 0:0 3976
3978 17319 0:0 3981
3983 17320 21:0 4041
3985 17321 0:0 3986
4040 17322 0:0 4052
4049 17350 21:0 4052
4054 17352 0:0 4057
4059 17353 21:0 4117
4061 17354 0:0 4062
4116 17355 0:0 4128
4119 17357 21:0 4128
4130 17385 0:0 4133
4135 17387 21:0 4193
4137 17386 0:0 4138
4192 17388 0:0 4204
4206 17418 21:0 4214
4213 17420 0:0 4214
4213 17419 21:0 4280
4227 17429 0:0 4228
4278 17421 0:0 4280
4279 17438 0:0 4280
4282 17451 21:0 4290
4289 17450 0:0 4290
4289 17453 0:0 4290
4289 17452 21:0 4356
4354 17454 0:0 4356
4355 17456 0:0 4356
4358 17484 21:0 4366
4365 17485 0:0 4366
4365 17486 21:0 4432
4430 17487 0:0 4432
4434 17517 21:0 4442
4439 17518 0:0 4442
4441 17519 0:0 4442
4442 17520 21:0 4508
4496 17535 0:0 4497
4510 17550 0:0 4513
4515 17551 21:0 4573
4517 17552 0:0 4518
4530 17542 0:0 4532
4572 17553 0:0 4584
4586 17583 0:0 4589
4591 17584 21:0 4649
4593 17585 0:0 4594
4642 17595 0:0 4644
4648 17586 0:0 4660
4649 17603 21:0 4660
4662 17616 21:0 4670
4663 227 0:0 4665
4669 17617 0:0 4670
4669 17618 21:0 4736
4724 17635 0:0 4725
4734 17619 0:0 4736
4738 17649 0:0 4741
4743 17650 21:0 4801
4745 17651 0:0 4746
4800 17652 0:0 4812
4814 17682 21:0 4822
4815 263 0:0 4817
4821 17684 0:0 4822
4821 17683 21:0 4888
4886 17685 0:0 4888
4890 17715 21:0 4898
4897 17717 0:0 4898
4897 17716 21:0 4964
4962 17718 0:0 4964
4966 17748 21:0 4974
4973 17749 0:0 4974
4973 17750 21:0 5040
5038 17751 0:0 5040
5070 17794 21:0 5080
5111 17751 1:0 5232
5112 17750 1:0 5240
5121 17749 1:0 5239
5121 17748 1:0 5250
5127 17718 1:0 5363
5147 17716 1:0 5370
5148 16288 1:0 5390
5242 17717 1:0 5371
5243 17715 1:0 5381
5252 17685 1:0 5494
5252 17683 1:0 5501
5258 17684 1:0 5502
5263 17682 1:0 5512
5278 263 1:0 5516
5373 17652 1:0 5625
5374 17650 1:0 5632
5374 17651 1:0 5633
5383 17649 1:0 5643
5383 17635 1:0 5682
5389 17619 1:0 5756
5394 17618 1:0 5764
5409 227 1:0 5778
5410 17603 1:0 5804
5422 16459 1:0 5783
5504 17617 1:0 5763
5505 17616 1:0 5774
5505 17595 1:0 5839
5514 17586 1:0 5887
5514 17584 1:0 5894
5520 17585 1:0 5895
5541 17583 1:0 5905
5553 17542 1:0 6043
5635 17553 1:0 6018
5636 17551 1:0 6025
5636 17535 1:0 6071
5645 17552 1:0 6026
5645 17550 1:0 6036
5651 17520 1:0 6149
5672 17518 1:0 6156
5766 17519 1:0 6157
5767 17517 1:0 6167
5776 17487 1:0 6280
5776 17486 1:0 6288
5782 17485 1:0 6287
5787 17484 1:0 6298
5802 17456 1:0 6395
5803 17450 1:0 6422
5815 17438 1:0 6459
5897 17454 1:0 6411
5898 17452 1:0 6418
5898 17429 1:0 6521
5907 17453 1:0 6419
5907 17451 1:0 6429
5913 17421 1:0 6542
5934 17419 1:0 6549
6028 17420 1:0 6550
6029 17418 1:0 6560
6038 17388 1:0 6673
6038 17387 1:0 6681
6044 17386 1:0 6680
6049 17385 1:0 6691
6064 16858 1:0 6700
6065 17357 1:0 6788
6077 17350 1:0 6832
6159 17355 1:0 6804
6160 17353 1:0 6811
6169 17354 1:0 6812
6169 17352 1:0 6822
6175 17322 1:0 6935
6195 17320 1:0 6942
6196 17302 1:0 6992
6208 17285 1:0 7077
6290 17321 1:0 6943
6291 17319 1:0 6953
6300 17289 1:0 7066
6300 17288 1:0 7074
6306 17287 1:0 7073
6326 17286 1:0 7084
6421 17256 1:0 7197
6422 17254 1:0 7204
6422 17255 1:0 7205
6431 17253 1:0 7215
6431 17223 1:0 7328
6437 17239 1:0 7250
6442 17222 1:0 7336
6457 15 1:0 7341
6458 17143 1:0 7355
6470 336 1:0 7457
6550 16794 21:0 6555
6552 17221 1:0 7335
6553 17220 1:0 7346
7455 335 21:0 7505
7505 18857 21:0 7521
7523 18871 21:0 7531
7528 18872 0:0 7531
7530 15 0:0 7531
7530 18873 0:0 7531
7531 18874 21:0 7597
7544 18882 0:0 7545
7599 18904 0:0 7602
7604 18905 21:0 7662
7606 18906 0:0 7607
7619 18896 0:0 7621
7661 18907 0:0 7673
7670 18935 21:0 7673
7675 18937 21:0 7683
7680 18938 0:0 7683
7680 18939 0:0 7683
7683 18940 21:0 7749
7751 18970 0:0 7754
7756 18972 21:0 7814
7758 18971 0:0 7759
7771 67 0:0 7773
7813 18973 0:0 7825
7827 19003 21:0 7835
7834 19005 0:0 7835
7834 19004 0:0 7835
7835 19006 21:0 7901
7903 19036 21:0 7911
7910 19037 0:0 7911
7910 19038 21:0 7977
7975 19039 0:0 7977
7979 19069 21:0 7987
7980 119 0:0 7982
7986 19070 0:0 7987
7986 19071 0:0 7987
7986 19068 0:0 7987
7987 19072 21:0 8053
8055 19102 21:0 8063
8056 137 0:0 8058
8062 19103 0:0 8063
8062 19104 0:0 8063
8063 19105 21:0 8129
8128 19133 0:0 8129
8131 19135 21:0 8139
8138 19137 0:0 8139
8138 19136 0:0 8139
8139 19138 21:0 8205
8193 19151 0:0 8194
8204 19140 21:0 8210
8207 19168 0:0 8210
8212 19169 21:0 8270
8214 19170 0:0 8215
8269 19171 0:0 8281
8272 19173 21:0 8281
8280 19199 21:0 8281
8283 19201 0:0 8286
8288 19202 21:0 8346
8290 19203 0:0 8291
8304 19212 0:0 8305
8345 19204 0:0 8357
8359 19234 21:0 8367
8366 19235 0:0 8367
8366 19236 21:0 8433
8431 19237 0:0 8433
8435 19267 0:0 8438
8440 19268 21:0 8498
8442 19269 0:0 8443
8497 19270 0:0 8509
8511 19300 0:0 8514
8516 19301 21:0 8574
8518 19302 0:0 8519
8532 19311 0:0 8533
8573 19303 0:0 8585
8573 19316 21:0 8585
8587 19333 21:0 8595
8594 267 0:0 8595
8594 19334 0:0 8595
8594 19335 21:0 8661
8607 19325 0:0 8609
8659 19336 0:0 8661
8663 19366 21:0 8671
8670 19368 0:0 8671
8670 285 0:0 8671
8670 19367 21:0 8737
8735 19369 0:0 8737
8739 19399 21:0 8747
8746 19401 0:0 8747
8746 19400 21:0 8813
8811 19402 0:0 8813
8843 19445 21:0 8853
8884 19402 1:0 9005
8885 19400 1:0 9012
8894 19401 1:0 9013
8894 19399 1:0 9023
8900 19369 1:0 9136
8920 19367 1:0 9143
8921 285 1:0 9149
8933 267 1:0 9280
9015 19368 1:0 9144
9016 19366 1:0 9154
9025 19336 1:0 9267
9025 19335 1:0 9275
9031 19334 1:0 9274
9051 19333 1:0 9285
9052 19325 1:0 9300
9064 19316 1:0 9324
9146 19303 1:0 9398
9147 19311 1:0 9377
9147 19301 1:0 9405
9156 19302 1:0 9406
9156 19300 1:0 9416
9162 19270 1:0 9529
9183 19268 1:0 9536
9277 19269 1:0 9537
9278 19267 1:0 9547
9287 19237 1:0 9660
9287 19236 1:0 9668
9293 19235 1:0 9667
9298 19234 1:0 9678
9313 19212 1:0 9770
9408 19204 1:0 9791
9409 19202 1:0 9798
9409 19203 1:0 9799
9418 19201 1:0 9809
9418 19199 1:0 9819
9418 19173 1:0 9906
9424 19171 1:0 9922
9444 19169 1:0 9929
9445 19140 1:0 9945
9537 16452 21:0 9542
9539 19170 1:0 9930
9540 19168 1:0 9940
9540 19138 1:0 10053
9549 19151 1:0 9975
9549 19137 1:0 10061
9555 19136 1:0 10060
9560 19135 1:0 10071
9575 19133 1:0 10077
9670 19105 1:0 10184
9671 19103 1:0 10191
9671 19104 1:0 10192
9680 19102 1:0 10202
9680 137 1:0 10206
9686 19072 1:0 10315
9691 19070 1:0 10322
9706 16794 1:0 10321
9707 19068 1:0 10326
9719 119 1:0 10337
9801 19071 1:0 10323
9802 19069 1:0 10333
9811 19039 1:0 10446
9811 19038 1:0 10454
9817 19037 1:0 10453
9837 19036 1:0 10464
9838 67 1:0 10710
9930 16623 21:0 9935
9932 19006 1:0 10577
9933 19004 1:0 10584
9933 19005 1:0 10585
9942 19003 1:0 10595
9942 18973 1:0 10708
9950 18972 1:0 10716
9981 18971 1:0 10715
10063 18970 1:0 10726
10064 18940 1:0 10839
10064 18935 1:0 10867
10073 18938 1:0 10846
10073 18939 1:0 10847
10079 18937 1:0 10857
10100 18907 1:0 10970
10112 18896 1:0 10995
10194 18905 1:0 10977
10195 18906 1:0 10978
10195 18882 1:0 11080
10204 18904 1:0 10988
10204 18874 1:0 11101
10210 18873 1:0 11109
10231 18872 1:0 11108
10243 15 1:0 11114
10325 18871 1:0 11119
10326 18857 1:0 11158
10326 337 1:0 11230
10585 16908 21:0 10590
10847 17022 21:0 10852
11228 336 21:0 11278
11296 20522 21:0 11304
11303 20524 0:0 11304
11303 15 0:0 11304
11303 20523 21:0 11370
11358 20538 0:0 11359
11368 20525 0:0 11370
11372 20555 21:0 11380
11379 20557 0:0 11380
11379 20556 21:0 11446
11444 20558 0:0 11446
11448 20588 0:0 11451
11453 20590 21:0 11511
11454 51 0:0 11456
11455 20589 0:0 11456
11510 20591 0:0 11522
11519 20619 21:0 11522
11524 20621 0:0 11527
11529 20622 21:0 11587
11531 20623 0:0 11532
11586 20624 0:0 11598
11600 20654 21:0 11608
11605 20655 0:0 11608
11607 20656 0:0 11608
11608 20657 21:0 11674
11676 20687 0:0 11679
11681 20688 21:0 11739
11683 20689 0:0 11684
11738 20690 0:0 11750
11752 20720 0:0 11755
11757 20721 21:0 11815
11759 20722 0:0 11760
11814 20723 0:0 11826
11815 20740 21:0 11826
11826 137 21:0 11831
11828 20753 0:0 11831
11833 20755 21:0 11891
11835 20754 0:0 11836
11849 20764 0:0 11850
11890 20772 21:0 11902
11890 20756 0:0 11902
11904 20786 21:0 11912
11911 20787 0:0 11912
11911 20788 0:0 11912
11912 20789 21:0 11978
11977 20806 0:0 11978
11980 20819 21:0 11988
11987 20821 0:0 11988
11987 20820 21:0 12054
12052 20822 0:0 12054
12056 20852 21:0 12064
12063 20854 0:0 12064
12063 20853 21:0 12130
12128 20855 0:0 12130
12132 20885 21:0 12140
12137 20886 0:0 12140
12139 20887 0:0 12140
12140 20888 21:0 12206
12153 20896 0:0 12154
12208 20918 21:0 12216
12215 20919 0:0 12216
12215 20920 21:0 12282
12270 20936 0:0 12271
12280 20921 0:0 12282
12284 20951 21:0 12292
12291 20953 0:0 12292
12291 20952 21:0 12358
12305 20962 0:0 12306
12346 20969 0:0 12347
12346 20970 0:0 12347
12346 20967 0:0 12347
12356 20954 0:0 12358
12357 20982 0:0 12358
12360 20984 21:0 12368
12361 263 0:0 12363
12367 20985 0:0 12368
12367 20986 21:0 12434
12432 20987 0:0 12434
12436 21017 21:0 12444
12443 21019 0:0 12444
12443 21018 21:0 12510
12508 21020 0:0 12510
12512 21050 21:0 12520
12519 21052 0:0 12520
12519 21051 21:0 12586
12584 21053 0:0 12586
12616 21096 21:0 12626
12657 21053 1:0 12778
12658 21051 1:0 12785
12667 21052 1:0 12786
12667 21050 1:0 12796
12673 21020 1:0 12909
12693 21018 1:0 12916
12788 21019 1:0 12917
12789 21017 1:0 12927
12789 20987 1:0 13040
12798 20985 1:0 13047
12798 20986 1:0 13048
12806 20984 1:0 13058
12807 16231 21:0 12831
12809 263 1:0 13062
12824 20982 1:0 13068
12825 20967 1:0 13097
12825 20969 1:0 13097
12832 12895 1:0 27880
12837 20970 1:0 13097
12919 20954 1:0 13171
12920 20962 1:0 13150
12920 20952 1:0 13178
12920 20936 1:0 13228
12928 16285 21:0 12931
12929 20953 1:0 13179
12929 20951 1:0 13189
12932 16452 1:0 13302
12937 20921 1:0 13302
12968 20920 1:0 13310
13048 16338 21:0 13053
13050 20919 1:0 13309
13051 20918 1:0 13320
13051 20896 1:0 13412
13059 16342 21:0 13062
13060 20888 1:0 13433
13060 20887 1:0 13441
13066 20886 1:0 13440
13071 20885 1:0 13451
13086 16623 1:0 13695
13181 20855 1:0 13564
13182 20853 1:0 13571
13182 20854 1:0 13572
13191 20852 1:0 13582
13191 20822 1:0 13695
13199 20820 1:0 13702
13230 20821 1:0 13703
13312 20819 1:0 13713
13313 20806 1:0 13719
13313 20789 1:0 13826
13322 20787 1:0 13833
13322 20788 1:0 13834
13328 20786 1:0 13844
13330 20772 1:0 13883
13361 20756 1:0 13957
13443 20764 1:0 13936
13443 137 1:0 13979
13444 20754 1:0 13964
13444 20755 1:0 13965
13453 20753 1:0 13975
13453 20740 1:0 14005
13459 20723 1:0 14088
13464 20721 1:0 14095
13574 20722 1:0 14096
13575 20720 1:0 14106
13575 20690 1:0 14219
13584 20688 1:0 14226
13584 20689 1:0 14227
13590 20687 1:0 14237
13611 20657 1:0 14350
13623 16908 1:0 14356
13705 20656 1:0 14358
13706 20655 1:0 14357
13715 20654 1:0 14368
13715 20624 1:0 14481
13721 20622 1:0 14488
13741 20623 1:0 14489
13742 20619 1:0 14509
13754 17022 1:0 14612
13836 20621 1:0 14499
13837 20591 1:0 14612
13837 51 1:0 14625
13846 20589 1:0 14619
13846 20590 1:0 14620
13852 20588 1:0 14630
13873 20558 1:0 14743
13885 20538 1:0 14800
13967 20556 1:0 14750
13968 20557 1:0 14751
13977 20555 1:0 14761
13977 20525 1:0 14874
13983 20523 1:0 14881
14003 20524 1:0 14882
14004 15 1:0 14887
14016 338 1:0 15003
14098 20522 1:0 14892
14238 16855 21:0 14241
14882 17136 21:0 14887
15001 337 21:0 15051
15069 22173 0:0 15072
15074 22175 21:0 15132
15075 15 0:0 15077
15076 22174 0:0 15077
15089 22165 0:0 15091
15131 22176 0:0 15143
15145 22206 21:0 15153
15152 22208 0:0 15153
15152 22207 21:0 15219
15166 22217 0:0 15167
15207 22225 0:0 15208
15217 22209 0:0 15219
15219 47 21:0 15224
15221 22239 0:0 15224
15226 22240 21:0 15284
15228 22241 0:0 15229
15241 22231 0:0 15243
15283 22242 0:0 15295
15297 22272 21:0 15305
15304 22273 0:0 15305
15304 22274 0:0 15305
15305 22275 21:0 15371
15373 22305 0:0 15376
15378 22307 21:0 15436
15380 22306 0:0 15381
15435 22308 0:0 15447
15449 22338 21:0 15457
15456 22339 0:0 15457
15456 22340 0:0 15457
15457 22341 21:0 15523
15525 22371 21:0 15533
15532 22372 0:0 15533
15532 22373 0:0 15533
15533 22374 21:0 15599
15598 22402 21:0 15604
15601 22404 0:0 15604
15606 22406 21:0 15664
15608 22405 0:0 15609
15663 22407 0:0 15675
15677 22437 0:0 15680
15682 22439 21:0 15740
15684 22438 0:0 15685
15739 22440 0:0 15751
15753 22470 0:0 15756
15758 22471 21:0 15816
15760 22472 0:0 15761
15773 22462 0:0 15775
15815 22473 0:0 15827
15824 22501 21:0 15827
15829 22503 21:0 15837
15834 22504 0:0 15837
15834 22505 0:0 15837
15837 22506 21:0 15903
15891 22521 0:0 15892
15902 22523 0:0 15903
15905 22536 21:0 15913
15912 22538 0:0 15913
15912 22537 21:0 15979
15961 22548 0:0 15963
15977 22539 0:0 15979
15981 22569 0:0 15984
15986 22570 21:0 16044
15987 22568 0:0 15989
15988 22571 0:0 15989
16043 22572 0:0 16055
16057 22602 21:0 16065
16064 22604 0:0 16065
16064 22603 21:0 16131
16078 22613 0:0 16079
16129 22605 0:0 16131
16133 22635 21:0 16141
16140 22636 0:0 16141
16140 22637 21:0 16207
16205 22638 0:0 16207
16209 22668 21:0 16217
16216 22669 0:0 16217
16216 22670 21:0 16283
16281 22671 0:0 16283
16282 22673 0:0 16283
16285 22701 21:0 16293
16292 22703 0:0 16293
16292 22702 21:0 16359
16357 22704 0:0 16359
16389 22747 21:0 16399
16430 22704 1:0 16551
16431 22702 1:0 16558
16431 16231 1:0 16578
16440 22703 1:0 16559
16440 22701 1:0 16569
16446 22671 1:0 16682
16448 16285 1:0 16682
16451 22673 1:0 16666
16466 16338 1:0 16784
16561 22670 1:0 16690
16562 22669 1:0 16689
16562 22668 1:0 16700
16571 16342 1:0 16813
16571 22638 1:0 16813
16577 22637 1:0 16821
16580 16231 21:0 16604
16582 22636 1:0 16820
16610 22635 1:0 16831
16692 22605 1:0 16944
16693 22613 1:0 16923
16693 22603 1:0 16951
16702 22604 1:0 16952
16702 22602 1:0 16962
16708 22572 1:0 17075
16729 22570 1:0 17082
16741 22568 1:0 17086
16823 22571 1:0 17083
16824 22569 1:0 17093
16824 22548 1:0 17158
16833 22539 1:0 17206
16833 22537 1:0 17213
16839 22538 1:0 17214
16860 22536 1:0 17224
16872 22523 1:0 17230
16954 22506 1:0 17337
16955 22521 1:0 17259
16955 22504 1:0 17344
16955 22501 1:0 17365
16964 22505 1:0 17345
16964 22503 1:0 17355
16972 22473 1:0 17468
17003 22471 1:0 17475
17085 22472 1:0 17476
17086 22470 1:0 17486
17086 22462 1:0 17501
17095 22440 1:0 17599
17095 22439 1:0 17607
17101 22438 1:0 17606
17122 22437 1:0 17617
17214 16509 21:0 17219
17216 22407 1:0 17730
17217 22405 1:0 17737
17217 22406 1:0 17738
17226 22404 1:0 17748
17226 22402 1:0 17753
17232 22374 1:0 17861
17237 22372 1:0 17868
17252 16855 1:0 18003
17345 16566 21:0 17350
17347 22373 1:0 17869
17348 22371 1:0 17879
17348 22341 1:0 17992
17357 22339 1:0 17999
17357 22340 1:0 18000
17363 22338 1:0 18010
17384 22308 1:0 18123
17478 22307 1:0 18131
17479 22306 1:0 18130
17488 22305 1:0 18141
17488 22275 1:0 18254
17494 22273 1:0 18261
17499 22274 1:0 18262
17514 47 1:0 18407
17609 22272 1:0 18272
17610 22242 1:0 18385
17610 22240 1:0 18392
17619 22241 1:0 18393
17619 22239 1:0 18403
17625 22231 1:0 18418
17625 22225 1:0 18442
17628 16687 21:0 17652
17645 22209 1:0 18516
17646 22217 1:0 18495
17740 22207 1:0 18523
17741 22208 1:0 18524
17741 22206 1:0 18534
17750 17136 1:0 18647
17750 22176 1:0 18647
17756 22175 1:0 18655
17761 22174 1:0 18654
17776 15 1:0 18660
17777 22165 1:0 18680
17789 339 1:0 18776
17871 22173 1:0 18665
18011 16855 21:0 18014
18545 17086 21:0 18569
18655 17136 21:0 18660
18774 338 21:0 18824
18837 23822 21:0 18840
18842 23824 0:0 18845
18847 23825 21:0 18905
18849 23826 0:0 18850
18862 23816 0:0 18864
18904 23827 0:0 18916
18918 23857 0:0 18921
18923 23859 21:0 18981
18925 23858 0:0 18926
18980 23860 0:0 18992
18994 23890 0:0 18997
18999 23891 21:0 19057
19001 23892 0:0 19002
19056 23893 0:0 19068
19070 23923 0:0 19073
19075 23925 21:0 19133
19077 23924 0:0 19078
19132 23939 21:0 19144
19132 23926 0:0 19144
19146 23956 0:0 19149
19151 23957 21:0 19209
19153 23958 0:0 19154
19202 23968 0:0 19204
19208 23959 0:0 19220
19222 23989 21:0 19230
19227 23990 0:0 19230
19229 23991 0:0 19230
19230 23992 21:0 19296
19298 24022 21:0 19306
19305 24024 0:0 19306
19305 24023 21:0 19372
19318 24014 0:0 19320
19370 24025 0:0 19372
19374 24055 21:0 19382
19381 24056 0:0 19382
19381 24057 21:0 19448
19395 24066 0:0 19396
19446 24058 0:0 19448
19450 24088 0:0 19453
19455 24089 21:0 19513
19457 24090 0:0 19458
19512 24091 0:0 19524
19513 24108 21:0 19524
19526 24121 21:0 19534
19531 24123 0:0 19534
19531 24122 0:0 19534
19534 24124 21:0 19600
19602 24154 0:0 19605
19607 24156 21:0 19665
19609 24155 0:0 19610
19658 24166 0:0 19660
19664 24157 0:0 19676
19664 24173 21:0 19676
19678 24187 21:0 19686
19685 24189 0:0 19686
19685 24188 21:0 19752
19699 24198 0:0 19700
19750 24190 0:0 19752
19754 24220 21:0 19762
19755 227 0:0 19757
19759 24221 0:0 19762
19761 24219 0:0 19762
19761 24222 0:0 19762
19762 24223 21:0 19828
19816 24239 0:0 19817
19830 24253 21:0 19838
19837 24255 0:0 19838
19837 24252 0:0 19838
19837 24254 21:0 19904
19902 24256 0:0 19904
19906 24286 21:0 19914
19913 24288 0:0 19914
19913 24287 21:0 19980
19978 24289 0:0 19980
19982 24319 21:0 19990
19989 24320 0:0 19990
19989 24321 21:0 20056
20054 24322 0:0 20056
20058 24352 21:0 20066
20065 24353 0:0 20066
20065 24354 21:0 20132
20130 24355 0:0 20132
20162 24398 21:0 20172
20203 24355 1:0 20324
20204 24354 1:0 20332
20204 16231 1:0 20351
20213 24353 1:0 20331
20213 24352 1:0 20342
20219 24322 1:0 20455
20240 24321 1:0 20463
20334 24320 1:0 20462
20335 24319 1:0 20473
20344 24289 1:0 20586
20344 24287 1:0 20593
20350 24288 1:0 20594
20355 24286 1:0 20604
20370 24252 1:0 20728
20465 24256 1:0 20717
20466 24254 1:0 20724
20466 24255 1:0 20725
20475 24253 1:0 20735
20475 24223 1:0 20848
20481 24239 1:0 20770
20484 16288 21:0 20508
20486 24221 1:0 20855
20514 24222 1:0 20856
20596 24219 1:0 20859
20596 227 1:0 20870
20597 24220 1:0 20866
20597 24190 1:0 20979
20606 24198 1:0 20958
20606 16509 1:0 20979
20606 24188 1:0 20986
20612 24189 1:0 20987
20632 24187 1:0 20997
20633 24173 1:0 21036
20645 24166 1:0 21062
20727 24157 1:0 21110
20728 16566 1:0 21110
20728 24156 1:0 21118
20736 16399 21:0 20739
20737 24155 1:0 21117
20737 24154 1:0 21128
20743 24124 1:0 21241
20763 24123 1:0 21249
20764 24108 1:0 21289
20858 24122 1:0 21248
20859 24121 1:0 21259
20868 24091 1:0 21372
20868 24089 1:0 21379
20874 24090 1:0 21380
20879 24088 1:0 21390
20894 16687 1:0 21399
20895 24066 1:0 21482
20989 24058 1:0 21503
20990 24057 1:0 21511
20999 24056 1:0 21510
20999 24055 1:0 21521
21005 24025 1:0 21634
21008 16516 21:0 21032
21010 24023 1:0 21641
21038 24024 1:0 21642
21120 24022 1:0 21652
21121 24014 1:0 21659
21121 23992 1:0 21765
21121 16855 1:0 21776
21130 23990 1:0 21772
21130 23991 1:0 21773
21138 23989 1:0 21783
21141 23968 1:0 21848
21156 23939 1:0 21953
21251 23959 1:0 21896
21252 23957 1:0 21903
21252 23958 1:0 21904
21260 16627 21:0 21263
21261 23956 1:0 21914
21261 23926 1:0 22027
21267 23925 1:0 22035
21288 23924 1:0 22034
21382 23923 1:0 22045
21383 23893 1:0 22158
21392 23891 1:0 22165
21392 23892 1:0 22166
21398 23890 1:0 22176
21403 23860 1:0 22289
21418 17086 1:0 22316
21513 23859 1:0 22297
21514 23858 1:0 22296
21514 23857 1:0 22307
21523 17136 1:0 22420
21523 23827 1:0 22420
21529 23825 1:0 22427
21534 23826 1:0 22428
21549 23816 1:0 22453
21550 23822 1:0 22448
21562 340 1:0 22549
21644 23824 1:0 22438
22547 339 21:0 22597
22560 25453 0:0 22561
22615 25475 21:0 22623
22622 25474 0:0 22623
22622 25477 0:0 22623
22622 25476 21:0 22689
22687 25478 0:0 22689
22691 25508 21:0 22699
22698 25510 0:0 22699
22698 25509 21:0 22765
22763 25511 0:0 22765
22767 25541 0:0 22770
22772 25543 21:0 22830
22773 51 0:0 22775
22774 25542 0:0 22775
22829 25544 0:0 22841
22829 25557 21:0 22841
22843 25574 21:0 22851
22850 25575 0:0 22851
22850 25576 21:0 22917
22915 25577 0:0 22917
22919 25607 0:0 22922
22924 25608 21:0 22982
22926 25609 0:0 22927
22981 25610 0:0 22993
22995 25640 0:0 22998
23000 25642 21:0 23058
23002 25641 0:0 23003
23057 25643 0:0 23069
23071 25673 21:0 23079
23078 25674 0:0 23079
23078 25675 0:0 23079
23079 25676 21:0 23145
23147 25706 0:0 23150
23152 25708 21:0 23210
23154 25707 0:0 23155
23209 25724 21:0 23221
23209 25709 0:0 23221
23223 25739 21:0 23231
23230 25741 0:0 23231
23230 25740 21:0 23297
23295 25742 0:0 23297
23299 25772 0:0 23302
23304 25774 21:0 23362
23306 25773 0:0 23307
23361 25775 0:0 23373
23375 25805 0:0 23378
23380 25807 21:0 23438
23382 25806 0:0 23383
23431 25817 0:0 23433
23437 25808 0:0 23449
23437 25821 21:0 23449
23448 25825 0:0 23449
23451 25838 0:0 23454
23456 25840 21:0 23514
23458 25839 0:0 23459
23513 25841 0:0 23525
23527 25871 21:0 23535
23534 25872 0:0 23535
23534 25873 21:0 23601
23547 229 0:0 23549
23599 25874 0:0 23601
23600 25891 0:0 23601
23603 25904 21:0 23611
23610 25906 0:0 23611
23610 25905 21:0 23677
23624 25915 0:0 23625
23675 25907 0:0 23677
23676 25924 0:0 23677
23676 25909 0:0 23677
23679 25937 21:0 23687
23686 25939 0:0 23687
23686 25938 21:0 23753
23751 25940 0:0 23753
23755 25970 21:0 23763
23762 25972 0:0 23763
23762 25971 21:0 23829
23827 25973 0:0 23829
23831 26003 21:0 23839
23838 26005 0:0 23839
23838 26004 21:0 23905
23903 26006 0:0 23905
23907 26036 21:0 23915
23935 26049 21:0 23945
23976 26036 1:0 23984
23977 26006 1:0 24097
23986 26004 1:0 24104
23986 26005 1:0 24105
23992 26003 1:0 24115
24012 25973 1:0 24228
24107 25971 1:0 24235
24108 25972 1:0 24236
24108 25970 1:0 24246
24117 16288 1:0 24255
24117 25940 1:0 24359
24123 25938 1:0 24366
24128 25939 1:0 24367
24143 25924 1:0 24407
24144 16399 1:0 24490
24156 25915 1:0 24469
24238 25937 1:0 24377
24239 25909 1:0 24474
24239 25907 1:0 24490
24248 25905 1:0 24497
24248 25906 1:0 24498
24254 25904 1:0 24508
24256 25891 1:0 24538
24287 25874 1:0 24621
24369 229 1:0 24623
24370 25872 1:0 24628
24370 25873 1:0 24629
24379 25871 1:0 24639
24379 25841 1:0 24752
24385 25840 1:0 24760
24406 25839 1:0 24759
24418 25825 1:0 24800
24500 25838 1:0 24770
24501 16516 1:0 24779
24501 25821 1:0 24809
24501 25817 1:0 24835
24510 25808 1:0 24883
24510 25807 1:0 24891
24516 25806 1:0 24890
24521 25805 1:0 24901
24536 16627 1:0 25031
24631 25775 1:0 25014
24632 25773 1:0 25021
24632 25774 1:0 25022
24641 25772 1:0 25032
24641 25742 1:0 25145
24649 25740 1:0 25152
24680 25741 1:0 25153
24762 25739 1:0 25163
24763 25724 1:0 25202
24763 25709 1:0 25276
24771 16513 21:0 24774
24772 25707 1:0 25283
24772 25708 1:0 25284
24778 25706 1:0 25294
24798 25676 1:0 25407
24893 25674 1:0 25414
24894 25675 1:0 25415
24894 25673 1:0 25425
24903 25643 1:0 25538
24903 25642 1:0 25546
24911 25641 1:0 25545
24942 25640 1:0 25556
25024 25610 1:0 25669
25025 25608 1:0 25676
25033 16627 21:0 25036
25034 25609 1:0 25677
25034 25607 1:0 25687
25040 25577 1:0 25800
25045 25576 1:0 25808
25060 25557 1:0 25857
25155 25575 1:0 25807
25156 25574 1:0 25818
25156 25544 1:0 25931
25165 25542 1:0 25938
25165 25543 1:0 25939
25171 51 1:0 25944
25176 25541 1:0 25949
25286 25511 1:0 26062
25287 25509 1:0 26069
25287 25510 1:0 26070
25296 25508 1:0 26080
25296 25478 1:0 26193
25302 25476 1:0 26200
25304 25474 1:0 26204
25335 25477 1:0 26201
25417 25475 1:0 26211
25418 25453 1:0 26303
25418 341 1:0 26322
25418 12896 1:0 27881
25567 16858 21:0 25591
26212 17140 21:0 26215
26320 340 21:0 26370
26388 27126 0:0 26391
26393 27127 21:0 26451
26394 27125 0:0 26396
26395 27128 0:0 26396
26408 27118 0:0 26410
26450 27129 0:0 26462
26464 27159 21:0 26472
26471 27161 0:0 26472
26471 27160 21:0 26538
26484 31 0:0 26486
26536 27162 0:0 26538
26540 27192 0:0 26543
26545 27193 21:0 26603
26547 27194 0:0 26548
26560 49 0:0 26562
26602 27195 0:0 26614
26616 27225 21:0 26624
26623 27226 0:0 26624
26623 27227 0:0 26624
26624 27228 21:0 26690
26692 27258 21:0 26700
26699 27259 0:0 26700
26699 27260 0:0 26700
26700 27261 21:0 26766
26768 27291 21:0 26776
26775 105 0:0 26776
26775 27293 0:0 26776
26775 27292 21:0 26842
26788 103 0:0 26790
26789 27302 0:0 26790
26840 27294 0:0 26842
26844 27324 0:0 26847
26849 27325 21:0 26907
26851 27326 0:0 26852
26906 27327 0:0 26918
26920 27357 0:0 26923
26925 27358 21:0 26983
26927 27359 0:0 26928
26982 27360 0:0 26994
26983 27377 21:0 26994
26996 27390 21:0 27004
27003 27392 0:0 27004
27003 27391 0:0 27004
27004 27393 21:0 27070
27072 27423 21:0 27080
27079 27422 0:0 27080
27079 177 0:0 27080
27079 27425 0:0 27080
27079 27424 21:0 27146
27092 27415 0:0 27094
27144 27426 0:0 27146
27148 27456 21:0 27156
27155 27458 0:0 27156
27155 27457 21:0 27222
27169 27467 0:0 27170
27220 27459 0:0 27222
27224 27489 0:0 27227
27229 27490 21:0 27287
27231 27491 0:0 27232
27286 27492 0:0 27298
27300 27522 21:0 27308
27301 227 0:0 27303
27307 27524 0:0 27308
27307 27523 21:0 27374
27362 27538 0:0 27363
27372 27525 0:0 27374
27376 27555 21:0 27384
27383 27556 0:0 27384
27383 27557 21:0 27450
27448 27558 0:0 27450
27452 27588 21:0 27460
27459 27590 0:0 27460
27459 27589 21:0 27526
27524 27591 0:0 27526
27528 27621 21:0 27536
27535 27622 0:0 27536
27535 27623 21:0 27602
27600 27624 0:0 27602
27604 27654 21:0 27612
27611 27655 0:0 27612
27611 27656 21:0 27678
27676 27657 0:0 27678
27680 27687 21:0 27688
27759 27687 1:0 27767
27760 27657 1:0 27852
27760 12904 1:0 27921
27760 12907 1:0 27940
27769 12901 1:0 27910
27769 12902 1:0 27911
27769 12903 1:0 27920
27769 12905 1:0 27930
27769 12906 1:0 27931
27769 12908 1:0 27941
27769 13042 1:0 28101
27775 27656 1:0 27978
27780 27655 1:0 27977
27808 27654 1:0 27988
27877 27624 1:0 28073
27878 13050 1:0 28141
27878 13055 1:0 28162
27879 13051 1:0 28142
27928 13052 1:0 28151
27938 13053 1:0 28152
27948 13043 1:0 28102
27948 13048 1:0 28131
27948 13049 1:0 28132
27948 13189 1:0 28322
27950 12907 21:0 27972
27971 12896 0:0 27972
27971 12903 0:0 27972
27971 12905 0:0 27972
27971 12904 0:0 27972
27971 12908 0:0 27972
27971 12895 0:0 27972
27971 12906 0:0 27972
27971 12902 0:0 27972
27971 12901 0:0 27972
27980 13054 1:0 28161
27980 13201 1:0 28382
27981 27622 1:0 28198
27981 27623 1:0 28199
27990 27621 1:0 28209
27990 13197 1:0 28362
27990 13198 1:0 28363
27990 13199 1:0 28372
27996 27591 1:0 28412
27998 13200 1:0 28373
28001 13190 1:0 28323
28001 13195 1:0 28352
28001 13196 1:0 28353
28001 13336 1:0 28543
28016 13202 1:0 28383
28017 13337 1:0 28544
28017 13342 1:0 28573
28070 27589 1:0 28419
28099 27590 1:0 28420
28168 13055 21:0 28193
28169 27588 1:0 28430
28191 13050 0:0 28193
28191 13053 0:0 28193
28191 13052 0:0 28193
28192 13051 0:0 28193
28192 13054 0:0 28193
28192 13042 0:0 28193
28192 13043 0:0 28193
28192 13049 0:0 28193
28192 13048 0:0 28193
28201 27558 1:0 28515
28202 13343 1:0 28574
28202 13344 1:0 28583
28202 13345 1:0 28584
28202 13346 1:0 28593
28202 13347 1:0 28594
28202 13349 1:0 28604
28202 13483 1:0 28764
28202 13484 1:0 28765
28202 13489 1:0 28794
28211 27557 1:0 28641
28211 13348 1:0 28603
28217 27556 1:0 28640
28222 27555 1:0 28651
28237 27538 1:0 28690
28238 13494 1:0 28815
28250 13491 1:0 28804
28250 13492 1:0 28805
28319 27525 1:0 28853
28320 13490 1:0 28795
28320 13493 1:0 28814
28320 13630 1:0 28985
28320 13631 1:0 28986
28321 13495 1:0 28824
28370 13496 1:0 28825
28392 13201 21:0 28414
28413 13190 0:0 28414
28413 13189 0:0 28414
28413 13196 0:0 28414
28413 13195 0:0 28414
28413 13197 0:0 28414
28413 13202 0:0 28414
28413 13200 0:0 28414
28413 13198 0:0 28414
28413 13199 0:0 28414
28422 27523 1:0 28861
28423 27524 1:0 28862
28423 27522 1:0 28872
28432 227 1:0 28876
28432 27492 1:0 28957
28432 13638 1:0 29025
28432 13639 1:0 29026
28432 13640 1:0 29035
28438 13636 1:0 29015
28438 13637 1:0 29016
28438 13641 1:0 29036
28438 13642 1:0 29045
28438 13777 1:0 29206
28440 13643 1:0 29046
28471 27490 1:0 29082
28525 27491 1:0 29083
28542 27489 1:0 29093
28591 16513 1:0 29092
28601 13788 1:0 29257
28610 13349 21:0 28635
28611 13785 1:0 29246
28633 13347 0:0 28635
28633 13348 0:0 28635
28634 13336 0:0 28635
28634 13346 0:0 28635
28634 13345 0:0 28635
28634 13342 0:0 28635
28634 13343 0:0 28635
28634 13337 0:0 28635
28634 13344 0:0 28635
28643 27467 1:0 29185
28643 13778 1:0 29207
28643 13783 1:0 29236
28643 13784 1:0 29237
28643 13786 1:0 29247
28643 13787 1:0 29256
28644 27459 1:0 29295
28644 13789 1:0 29266
28644 13790 1:0 29267
28653 27457 1:0 29303
28653 27458 1:0 29304
28661 27456 1:0 29314
28664 16627 1:0 29398
28692 27426 1:0 29399
28733 13932 1:0 29467
28733 13934 1:0 29477
28741 13924 1:0 29427
28746 13933 1:0 29468
28761 13935 1:0 29478
28762 13925 1:0 29428
28762 13930 1:0 29457
28762 13931 1:0 29458
28762 13936 1:0 29487
28763 14071 1:0 29648
28763 14072 1:0 29649
28763 14077 1:0 29678
28812 13937 1:0 29488
28821 13494 21:0 28856
28822 27422 1:0 29528
28832 177 1:0 29530
28854 13495 0:0 28856
28855 13493 0:0 28856
28855 13491 0:0 28856
28855 13496 0:0 28856
28855 13489 0:0 28856
28855 13490 0:0 28856
28855 13483 0:0 28856
28855 13492 0:0 28856
28855 13484 0:0 28856
28864 27424 1:0 29524
28865 27425 1:0 29525
28865 27415 1:0 29550
28865 14080 1:0 29689
28874 27423 1:0 29535
28874 27393 1:0 29619
28880 14079 1:0 29688
28880 14081 1:0 29698
28880 14082 1:0 29699
28882 14078 1:0 29679
28882 14218 1:0 29869
28882 14219 1:0 29870
28885 14083 1:0 29708
28900 14084 1:0 29709
28954 27391 1:0 29745
28983 27392 1:0 29746
29032 13639 21:0 29077
29043 27390 1:0 29756
29053 27377 1:0 29786
29075 13638 0:0 29077
29075 13642 0:0 29077
29076 13631 0:0 29077
29076 13641 0:0 29077
29076 13637 0:0 29077
29076 13643 0:0 29077
29076 13630 0:0 29077
29076 13640 0:0 29077
29076 13636 0:0 29077
29085 14226 1:0 29909
29085 14227 1:0 29910
29085 14228 1:0 29919
29085 14229 1:0 29920
29086 27360 1:0 29958
29086 14224 1:0 29899
29086 14225 1:0 29900
29086 14230 1:0 29929
29086 14365 1:0 30090
29095 27358 1:0 29966
29095 14231 1:0 29930
29101 27359 1:0 29967
29106 27357 1:0 29977
29134 27327 1:0 30062
29175 14373 1:0 30130
29175 14374 1:0 30131
29183 14366 1:0 30091
29188 14375 1:0 30140
29203 14376 1:0 30141
29204 14371 1:0 30120
29204 14372 1:0 30121
29204 14377 1:0 30150
29205 14378 1:0 30151
29254 16858 1:0 30282
29263 13788 21:0 29298
29296 13789 0:0 29298
29296 13785 0:0 29298
29297 13784 0:0 29298
29297 13786 0:0 29298
29297 13778 0:0 29298
29297 13787 0:0 29298
29297 13783 0:0 29298
29297 13790 0:0 29298
29297 13777 0:0 29298
29306 27325 1:0 30187
29307 27326 1:0 30188
29307 27324 1:0 30198
29316 27294 1:0 30283
29316 27302 1:0 30290
29316 14520 1:0 30351
29316 14521 1:0 30352
29316 14523 1:0 30362
29322 14512 1:0 30311
29322 14513 1:0 30312
29322 14518 1:0 30341
29322 14519 1:0 30342
29322 14522 1:0 30361
29322 14524 1:0 30371
29324 14525 1:0 30372
29327 103 1:0 30403
29355 27292 1:0 30408
29424 27293 1:0 30409
29425 14659 1:0 30532
29425 14660 1:0 30533
29425 14666 1:0 30563
29485 27291 1:0 30419
29487 13934 21:0 29519
29495 105 1:0 30414
29517 13936 0:0 29519
29518 13937 0:0 29519
29518 13925 0:0 29519
29518 13935 0:0 29519
29518 13933 0:0 29519
29518 13931 0:0 29519
29518 13932 0:0 29519
29518 13930 0:0 29519
29518 13924 0:0 29519
29527 27261 1:0 30503
29528 14665 1:0 30562
29528 14667 1:0 30572
29528 14668 1:0 30573
29528 14669 1:0 30582
29528 14670 1:0 30583
29528 14671 1:0 30592
29528 14806 1:0 30753
29528 14807 1:0 30754
29537 27259 1:0 30629
29537 14672 1:0 30593
29543 27260 1:0 30630
29548 27258 1:0 30640
29576 27228 1:0 30724
29617 14815 1:0 30794
29617 14818 1:0 30813
29625 14812 1:0 30783
29630 14814 1:0 30793
29645 14816 1:0 30803
29646 14813 1:0 30784
29646 14817 1:0 30804
29646 14953 1:0 30974
29647 14819 1:0 30814
29695 14080 21:0 29740
29696 14964 1:0 31025
29738 14081 0:0 29740
29739 14082 0:0 29740
29739 14084 0:0 29740
29739 14079 0:0 29740
29739 14083 0:0 29740
29739 14072 0:0 29740
29739 14077 0:0 29740
29739 14078 0:0 29740
29739 14071 0:0 29740
29748 27226 1:0 30850
29749 27227 1:0 30851
29749 27225 1:0 30861
29758 27195 1:0 30946
29758 14954 1:0 30975
29758 14959 1:0 31004
29758 14960 1:0 31005
29758 14961 1:0 31014
29758 14962 1:0 31015
29758 14963 1:0 31024
29764 14965 1:0 31034
29764 14966 1:0 31035
29784 27193 1:0 31071
29785 49 1:0 31066
29838 27194 1:0 31072
29867 27192 1:0 31082
29868 15109 1:0 31236
29916 14227 21:0 29961
29917 15108 1:0 31235
29927 15110 1:0 31245
29937 15111 1:0 31246
29959 14230 0:0 29961
29959 14226 0:0 29961
29959 14228 0:0 29961
29960 14218 0:0 29961
29960 14225 0:0 29961
29960 14224 0:0 29961
29960 14219 0:0 29961
29960 14229 0:0 29961
29960 14231 0:0 29961
29969 27162 1:0 31284
29970 31 1:0 31287
29970 15100 1:0 31195
29970 15101 1:0 31196
29970 15106 1:0 31225
29970 15107 1:0 31226
29970 15112 1:0 31255
29970 15113 1:0 31256
29979 27160 1:0 31292
29979 27161 1:0 31293
29985 27159 1:0 31303
30005 27129 1:0 31388
30006 15260 1:0 31477
30018 15255 1:0 31456
30018 15256 1:0 31457
30059 15257 1:0 31466
30067 15258 1:0 31467
30072 15247 1:0 31416
30072 15248 1:0 31417
30072 15253 1:0 31446
30072 15254 1:0 31447
30087 15259 1:0 31476
30088 22747 1:0 31529
30140 14373 21:0 30182
30148 27127 1:0 31513
30158 27125 1:0 31517
30180 14375 0:0 30182
30181 14377 0:0 30182
30181 14374 0:0 30182
30181 14366 0:0 30182
30181 14372 0:0 30182
30181 14378 0:0 30182
30181 14376 0:0 30182
30181 14365 0:0 30182
30181 14371 0:0 30182
30190 27128 1:0 31514
30191 17140 1:0 31523
30191 27126 1:0 31524
30191 26049 1:0 31529
30191 24398 1:0 31529
30200 27118 1:0 31539
30200 19445 1:0 31547
30200 17794 1:0 31547
30200 21096 1:0 31547
30200 16143 1:0 31557
30200 334 1:0 31608
30200 15394 1:0 31637
30200 15395 1:0 31638
30200 15400 1:0 31667
30200 15402 1:0 31677
30200 15403 1:0 31678
30200 15406 1:0 31697
30206 15401 1:0 31668
30206 15404 1:0 31687
30206 15405 1:0 31688
30208 15407 1:0 31698
30368 14523 21:0 30403
30401 14524 0:0 30403
30401 14520 0:0 30403
30402 14522 0:0 30403
30402 14521 0:0 30403
30402 14519 0:0 30403
30402 14518 0:0 30403
30402 14525 0:0 30403
30402 14512 0:0 30403
30402 14513 0:0 30403
30592 14669 21:0 30624
30622 14671 0:0 30624
30623 14667 0:0 30624
30623 14672 0:0 30624
30623 14668 0:0 30624
30623 14670 0:0 30624
30623 14659 0:0 30624
30623 14660 0:0 30624
30623 14665 0:0 30624
30623 14666 0:0 30624
30823 14818 21:0 30845
30844 14814 0:0 30845
30844 14819 0:0 30845
30844 14815 0:0 30845
30844 14817 0:0 30845
30844 14816 0:0 30845
30844 14807 0:0 30845
30844 14806 0:0 30845
30844 14812 0:0 30845
30844 14813 0:0 30845
31031 14964 21:0 31066
31064 14965 0:0 31066
31065 14960 0:0 31066
31065 14954 0:0 31066
31065 14959 0:0 31066
31065 14963 0:0 31066
31065 14961 0:0 31066
31065 14962 0:0 31066
31065 14953 0:0 31066
31065 14966 0:0 31066
31242 15109 21:0 31287
31285 15112 0:0 31287
31286 15100 0:0 31287
31286 15111 0:0 31287
31286 15101 0:0 31287
31286 15108 0:0 31287
31286 15106 0:0 31287
31286 15113 0:0 31287
31286 15107 0:0 31287
31286 15110 0:0 31287
31483 15260 21:0 31508
31506 15259 0:0 31508
31506 15258 0:0 31508
31507 15257 0:0 31508
31507 15247 0:0 31508
31507 15248 0:0 31508
31507 15254 0:0 31508
31507 15256 0:0 31508
31507 15255 0:0 31508
31507 15253 0:0 31508
31707 15406 21:0 123
