128 25155 0:0 130
129 25156 0:0 131
158 25066 0:0 160
158 25063 0:0 160
158 25056 0:0 160
158 25064 0:0 160
158 25065 0:0 160
158 25067 0:0 160
158 25062 0:0 160
159 25061 0:0 160
159 25055 0:0 160
214 25262 0:0 217
219 25264 21:0 236
221 25263 0:0 222
290 25295 21:0 298
297 25297 21:0 348
366 25328 21:0 374
518 25394 21:0 526
599 25428 21:0 616
675 25462 0:0 678
678 25463 21:0 744
746 25493 0:0 749
751 25495 21:0 768
830 25529 21:0 896
898 25559 21:0 906
905 25560 21:0 956
1050 25625 0:0 1053
1055 25627 21:0 1072
1131 25659 21:0 1148
1431 25791 0:0 1434
1436 25792 21:0 1453
1438 25793 0:0 1439
1453 25794 0:0 1489
1507 25824 21:0 1515
1514 25826 0:0 1515
1514 25825 21:0 1565
1565 25827 0:0 1581
1583 25857 21:0 1591
1590 25859 0:0 1591
1590 25858 0:0 1591
1591 25860 21:0 1657
1659 25890 21:0 1667
1664 25891 0:0 1667
1664 25892 0:0 1667
1667 25893 21:0 1733
1735 25923 21:0 1743
1742 25924 0:0 1743
1742 25925 0:0 1743
1743 25926 21:0 1809
1811 25956 21:0 1819
1818 25958 0:0 1819
1818 25957 21:0 1869
1869 25959 0:0 1885
1887 25989 21:0 1895
1894 25990 0:0 1895
1894 25991 21:0 1945
1945 25992 0:0 1961
1963 26022 21:0 1971
1970 26024 0:0 1971
1970 26023 21:0 2021
2021 26025 0:0 2037
2039 26055 21:0 2047
2046 26057 0:0 2047
2046 26056 21:0 2097
2097 26058 0:0 2113
2115 26088 21:0 2123
2122 26090 0:0 2123
2122 26089 21:0 2173
2173 26091 0:0 2189
2191 26121 21:0 2199
2198 26122 0:0 2199
2198 26123 21:0 2249
2249 26124 0:0 2265
2267 26154 21:0 2275
2274 26155 0:0 2275
2274 26156 21:0 2325
2325 26157 0:0 2341
2343 26187 21:0 2351
2350 26188 0:0 2351
2350 26189 21:0 2401
2401 26190 0:0 2417
2419 26220 21:0 2427
2426 26222 0:0 2427
2426 26221 21:0 2477
2477 26223 0:0 2493
2495 26253 21:0 2503
2502 26255 0:0 2503
2502 26254 21:0 2553
2592 25659 1:0 2955
2593 25627 1:0 3078
2593 25625 1:0 3087
2601 25560 1:0 3321
2607 25559 1:0 3331
2618 312 21:0 2632
2633 312 1:0 2581
2714 25529 1:0 3437
2715 25495 1:0 3566
2723 25493 1:0 3575
2723 25463 1:0 3681
2729 25462 1:0 3688
2836 25428 1:0 3809
2837 25394 1:0 3941
2845 25328 1:0 4185
2845 25297 1:0 4298
2851 25295 1:0 4307
2855 313 1:0 5751
2958 25264 1:0 4420
2959 25263 1:0 4419
2967 25262 1:0 4429
2967 26254 1:0 5891
2977 26255 1:0 5892
3080 26253 1:0 5902
3081 26223 1:0 6015
4601 27233 21:0 4609
4608 27235 0:0 4609
4608 27234 21:0 4659
4659 27236 0:0 4675
4677 27266 21:0 4685
4684 27268 0:0 4685
4684 27267 21:0 4735
4735 27269 0:0 4751
4753 27299 21:0 4761
4760 27300 0:0 4761
4760 27301 21:0 4811
4811 27302 0:0 4827
4829 27332 21:0 4837
4836 27333 0:0 4837
4836 27334 21:0 4887
4887 27335 0:0 4903
4905 27365 21:0 4913
4912 27366 0:0 4913
4912 27367 21:0 4963
4963 27368 0:0 4979
4981 27398 21:0 4989
4988 27400 0:0 4989
4988 27399 21:0 5039
5039 27401 0:0 5055
5057 27431 21:0 5065
5064 27432 0:0 5065
5064 27433 21:0 5115
5115 27434 0:0 5131
5133 27464 21:0 5141
5140 27465 0:0 5141
5140 27466 21:0 5191
5191 27467 0:0 5207
5209 27497 21:0 5217
5216 27499 0:0 5217
5216 27498 21:0 5267
5267 27500 0:0 5283
5285 27530 21:0 5293
5290 27531 0:0 5293
5290 27532 0:0 5293
5293 27533 21:0 5359
5361 27563 0:0 5364
5366 27565 21:0 5383
5368 27564 0:0 5369
5437 27596 21:0 5445
5444 27598 0:0 5445
5445 27599 21:0 5511
5518 27631 21:0 5535
5520 27630 0:0 5521
5535 27632 0:0 5571
5589 27662 21:0 5597
5670 27696 21:0 5687
5763 26221 1:0 6022
5764 26222 1:0 6023
5773 26220 1:0 6033
5773 26190 1:0 6146
5779 26189 1:0 6154
5792 313 21:0 5806
5799 26188 1:0 6153
5812 26187 1:0 6164
5894 26157 1:0 6277
5895 26156 1:0 6285
5904 26155 1:0 6284
5904 26154 1:0 6295
5910 26124 1:0 6408
5930 26123 1:0 6416
5943 26122 1:0 6415
6025 26121 1:0 6426
6026 26091 1:0 6539
6035 26089 1:0 6546
6035 26090 1:0 6547
6043 26088 1:0 6557
6061 26058 1:0 6670
6156 26056 1:0 6677
6157 26057 1:0 6678
6157 26055 1:0 6688
6166 26025 1:0 6801
6166 26023 1:0 6808
6174 26024 1:0 6809
6193 26022 1:0 6819
6287 25992 1:0 6932
6288 25991 1:0 6940
6297 25990 1:0 6939
6297 25989 1:0 6950
6303 25959 1:0 7063
6307 25957 1:0 7070
6324 25958 1:0 7071
6418 25956 1:0 7081
6419 25926 1:0 7194
6428 25924 1:0 7201
6428 25925 1:0 7202
6434 25923 1:0 7212
6438 25893 1:0 7325
6467 25891 1:0 7332
6549 25892 1:0 7333
6550 25890 1:0 7343
6559 25860 1:0 7456
6559 25859 1:0 7464
6565 25858 1:0 7463
6570 25857 1:0 7474
6598 25827 1:0 7587
6680 25825 1:0 7594
6681 25826 1:0 7595
6690 25824 1:0 7605
6690 25794 1:0 7718
6696 25792 1:0 7725
6701 25793 1:0 7726
6729 25791 1:0 7736
6811 314 1:0 9066
7916 28675 21:0 7924
7923 28676 0:0 7924
7923 28677 21:0 7974
7974 28678 0:0 7990
7992 28708 21:0 8000
7999 28709 0:0 8000
7999 28710 21:0 8050
8050 28711 0:0 8066
8068 28741 21:0 8076
8075 28742 0:0 8076
8075 28743 21:0 8126
8126 28744 0:0 8142
8144 28774 21:0 8152
8151 28775 0:0 8152
8151 28776 21:0 8202
8202 28777 0:0 8218
8220 28807 21:0 8228
8227 28809 0:0 8228
8227 28808 21:0 8278
8278 28810 0:0 8294
8296 28840 21:0 8304
8303 28842 0:0 8304
8303 28841 21:0 8354
8354 28843 0:0 8370
8372 28873 21:0 8380
8379 28875 0:0 8380
8379 28874 21:0 8430
8430 28876 0:0 8446
8448 28906 21:0 8456
8455 28907 0:0 8456
8455 28908 21:0 8506
8506 28909 0:0 8522
8524 28939 21:0 8532
8529 28940 0:0 8532
8531 28941 0:0 8532
8532 28942 21:0 8598
8600 28972 0:0 8603
8605 28974 21:0 8622
8607 28973 0:0 8608
8622 28975 0:0 8658
8676 29005 0:0 8679
8681 29006 21:0 8698
8683 29007 0:0 8684
8698 29008 0:0 8734
8752 29038 21:0 8760
8759 29040 0:0 8760
8759 29039 21:0 8810
8810 29041 0:0 8826
8828 29071 0:0 8831
8833 29073 21:0 8850
8835 29072 0:0 8836
8850 29074 0:0 8886
8904 29104 21:0 8912
8912 29107 21:0 8978
8985 29138 21:0 9002
9078 27696 1:0 9206
9079 27662 1:0 9348
9088 27632 1:0 9461
9088 27631 1:0 9469
9094 27630 1:0 9468
9107 314 21:0 9121
9114 27599 1:0 9592
9127 27598 1:0 9600
9209 27596 1:0 9610
9210 27565 1:0 9731
9219 27564 1:0 9730
9219 27563 1:0 9741
9225 27533 1:0 9854
9245 27531 1:0 9861
9258 27532 1:0 9862
9340 27530 1:0 9872
9341 27500 1:0 9985
9350 27498 1:0 9992
9350 27499 1:0 9993
9358 27497 1:0 10003
9376 27467 1:0 10116
9471 27466 1:0 10124
9472 27465 1:0 10123
9472 27464 1:0 10134
9481 27434 1:0 10247
9481 27433 1:0 10255
9489 27432 1:0 10254
9508 27431 1:0 10265
9602 27401 1:0 10378
9603 27399 1:0 10385
9612 27400 1:0 10386
9612 27398 1:0 10396
9618 27368 1:0 10509
9622 27367 1:0 10517
9639 27366 1:0 10516
9733 27365 1:0 10527
9734 27335 1:0 10640
9743 27333 1:0 10647
9743 27334 1:0 10648
9749 27332 1:0 10658
9753 27302 1:0 10771
9782 27301 1:0 10779
9864 27300 1:0 10778
9865 27299 1:0 10789
9874 27269 1:0 10902
9874 27267 1:0 10909
9880 27268 1:0 10910
9885 27266 1:0 10920
9900 315 1:0 12381
9913 27236 1:0 11033
9995 27234 1:0 11040
9996 27235 1:0 11041
10005 27233 1:0 11051
10005 29138 1:0 12521
10013 29107 1:0 12645
10031 29104 1:0 12663
10126 29074 1:0 12776
10127 29073 1:0 12784
11231 30117 21:0 11239
11238 30119 0:0 11239
11238 30118 21:0 11289
11289 30120 0:0 11305
11307 30150 21:0 11315
11314 30152 0:0 11315
11314 30151 21:0 11365
11365 30153 0:0 11381
11383 30183 21:0 11391
11390 30184 0:0 11391
11390 30185 21:0 11441
11441 30186 0:0 11457
11459 30216 21:0 11467
11466 30218 0:0 11467
11466 30217 0:0 11467
11467 30219 21:0 11533
11535 30249 21:0 11543
11542 30251 0:0 11543
11542 30250 0:0 11543
11543 30252 21:0 11609
11611 30282 21:0 11619
11618 30284 0:0 11619
11618 30283 21:0 11669
11669 30285 0:0 11685
11687 30315 21:0 11695
11694 30317 0:0 11695
11694 30316 0:0 11695
11695 30318 21:0 11761
11763 30348 21:0 11771
11770 30350 0:0 11771
11770 30349 0:0 11771
11771 30351 21:0 11837
11839 30381 21:0 11847
11846 30383 0:0 11847
11846 30382 0:0 11847
11847 30384 21:0 11913
11915 30414 0:0 11918
11920 30416 21:0 11937
11922 30415 0:0 11923
11937 30417 0:0 11973
11991 30447 21:0 11999
11998 30448 0:0 11999
11998 30449 0:0 11999
11999 30450 21:0 12065
12067 30480 21:0 12075
12072 30482 0:0 12075
12072 30481 0:0 12075
12075 30483 21:0 12141
12143 30513 21:0 12151
12150 30514 0:0 12151
12150 30515 21:0 12201
12201 30516 0:0 12217
12219 30546 0:0 12222
12224 30547 21:0 12241
12226 30548 0:0 12227
12241 30549 0:0 12277
12393 29072 1:0 12783
12394 29071 1:0 12794
12403 29041 1:0 12907
12403 29039 1:0 12914
12409 29040 1:0 12915
12422 315 21:0 12436
12429 29038 1:0 12925
12442 29008 1:0 13038
12524 29006 1:0 13045
12525 29007 1:0 13046
12534 29005 1:0 13056
12534 28975 1:0 13169
12540 28974 1:0 13177
12560 28973 1:0 13176
12573 28972 1:0 13187
12655 28942 1:0 13300
12656 28941 1:0 13308
12665 28940 1:0 13307
12665 28939 1:0 13318
12673 28909 1:0 13431
12691 28908 1:0 13439
12786 28907 1:0 13438
12787 28906 1:0 13449
12787 28876 1:0 13562
12796 28874 1:0 13569
12796 28875 1:0 13570
12804 28873 1:0 13580
12823 28843 1:0 13693
12917 28841 1:0 13700
12918 28842 1:0 13701
12927 28840 1:0 13711
12927 28810 1:0 13824
12933 28808 1:0 13831
12937 28809 1:0 13832
12954 28807 1:0 13842
13048 28777 1:0 13955
13049 28776 1:0 13963
13058 28775 1:0 13962
13058 28774 1:0 13973
13064 28744 1:0 14086
13068 28743 1:0 14094
13097 28742 1:0 14093
13179 28741 1:0 14104
13180 28711 1:0 14217
13189 28709 1:0 14224
13189 28710 1:0 14225
13195 28708 1:0 14235
13200 28678 1:0 14348
13215 316 1:0 15696
13228 28677 1:0 14356
13310 28676 1:0 14355
13311 28675 1:0 14366
13320 30549 1:0 15960
14546 31559 21:0 14554
14553 31561 0:0 14554
14553 31560 21:0 14604
14604 31562 0:0 14620
14622 31592 21:0 14630
14629 31593 0:0 14630
14629 31594 0:0 14630
14630 31595 21:0 14696
14698 31625 21:0 14706
14705 31627 0:0 14706
14705 31626 21:0 14756
14756 31628 0:0 14772
14774 31658 21:0 14782
14781 31659 0:0 14782
14781 31660 21:0 14832
14832 31661 0:0 14848
14850 31691 21:0 14858
14857 31692 0:0 14858
14857 31693 21:0 14908
14908 31694 0:0 14924
14926 31724 21:0 14934
14933 31726 0:0 14934
14933 31725 21:0 14984
14984 31727 0:0 15000
15002 31757 21:0 15010
15009 31758 0:0 15010
15009 31759 21:0 15060
15060 31760 0:0 15076
15078 31790 21:0 15086
15085 31791 0:0 15086
15085 31792 0:0 15086
15086 31793 21:0 15152
15154 31823 0:0 15157
15159 31824 21:0 15176
15161 31825 0:0 15162
15176 31826 0:0 15213
15230 31856 0:0 15233
15235 31858 21:0 15252
15237 31857 0:0 15238
15252 31859 0:0 15288
15306 31889 21:0 15314
15313 31890 0:0 15314
15313 31891 0:0 15314
15314 31892 21:0 15380
15382 31922 0:0 15385
15387 31923 21:0 15404
15389 31924 0:0 15390
15404 31925 0:0 15440
15458 31955 21:0 15466
15534 31988 21:0 15542
15615 32022 21:0 15632
15708 30547 1:0 15967
15709 30548 1:0 15968
15718 30546 1:0 15978
15718 30516 1:0 16091
15724 30515 1:0 16099
15737 316 21:0 15751
15744 30514 1:0 16098
15757 30513 1:0 16109
15839 30483 1:0 16222
15840 30482 1:0 16230
15849 30481 1:0 16229
15849 30480 1:0 16240
15855 30450 1:0 16353
15875 30449 1:0 16361
15888 30448 1:0 16360
15970 30447 1:0 16371
15971 30417 1:0 16484
15980 30415 1:0 16491
15980 30416 1:0 16492
15988 30414 1:0 16502
16006 30384 1:0 16615
16101 30382 1:0 16622
16102 30383 1:0 16623
16102 30381 1:0 16633
16111 30351 1:0 16746
16111 30350 1:0 16754
16119 30349 1:0 16753
16138 30348 1:0 16764
16232 30318 1:0 16877
16233 30316 1:0 16884
16242 30317 1:0 16885
16242 30315 1:0 16895
16248 30285 1:0 17008
16252 30283 1:0 17015
16269 30284 1:0 17016
16363 30282 1:0 17026
16364 30252 1:0 17139
16373 30250 1:0 17146
16373 30251 1:0 17147
16379 30249 1:0 17157
16383 30219 1:0 17270
16412 30217 1:0 17277
16494 30218 1:0 17278
16495 30216 1:0 17288
16504 30186 1:0 17401
16504 30185 1:0 17409
16510 30184 1:0 17408
16515 30183 1:0 17419
16543 30153 1:0 17532
16625 30151 1:0 17539
16626 30152 1:0 17540
16635 30150 1:0 17550
16635 30120 1:0 17663
16641 30118 1:0 17670
16646 30119 1:0 17671
16674 30117 1:0 17681
16756 317 1:0 19011
17861 33001 21:0 17869
17868 33002 0:0 17869
17868 33003 21:0 17919
17919 33004 0:0 17935
17937 33034 21:0 17945
17944 33036 0:0 17945
17944 33035 21:0 17995
17995 33037 0:0 18011
18013 33067 21:0 18021
18020 33069 0:0 18021
18020 33068 0:0 18021
18021 33070 21:0 18087
18089 33100 21:0 18097
18096 33101 0:0 18097
18096 33102 21:0 18147
18147 33103 0:0 18163
18165 33133 21:0 18173
18172 33135 0:0 18173
18172 33134 21:0 18223
18223 33136 0:0 18239
18241 33166 21:0 18249
18248 33168 0:0 18249
18248 33167 21:0 18299
18299 33169 0:0 18315
18317 33199 21:0 18325
18324 33200 0:0 18325
18324 33201 21:0 18375
18375 33202 0:0 18391
18393 33232 21:0 18401
18400 33233 0:0 18401
18400 33234 21:0 18451
18451 33235 0:0 18467
18469 33265 21:0 18477
18476 33267 0:0 18477
18476 33266 0:0 18477
18477 33268 21:0 18543
18545 33298 21:0 18553
18552 33299 0:0 18553
18552 33300 21:0 18603
18603 33301 0:0 18619
18621 33331 21:0 18629
18628 33333 0:0 18629
18628 33332 21:0 18679
18679 33334 0:0 18695
18697 33364 0:0 18700
18702 33365 21:0 18719
18704 33366 0:0 18705
18719 33367 0:0 18757
18773 33397 21:0 18781
18778 33398 0:0 18781
18780 33399 0:0 18781
18781 33400 21:0 18847
18849 33430 21:0 18857
18925 33463 21:0 18933
18933 33466 21:0 18999
19023 32022 1:0 19151
19024 31988 1:0 19293
19033 31955 1:0 19424
19033 31925 1:0 19537
19039 31923 1:0 19544
19052 317 21:0 19066
19059 31924 1:0 19545
19072 31922 1:0 19555
19154 31892 1:0 19668
19155 31890 1:0 19675
19164 31891 1:0 19676
19164 31889 1:0 19686
19170 31859 1:0 19799
19190 31858 1:0 19807
19203 31857 1:0 19806
19285 31856 1:0 19817
19286 31826 1:0 19930
19295 31824 1:0 19937
19295 31825 1:0 19938
19303 31823 1:0 19948
19321 31793 1:0 20061
19416 31792 1:0 20069
19417 31791 1:0 20068
19417 31790 1:0 20079
19426 31760 1:0 20192
19426 31759 1:0 20200
19434 31758 1:0 20199
19453 31757 1:0 20210
19547 31727 1:0 20323
19548 31725 1:0 20330
19557 31726 1:0 20331
19557 31724 1:0 20341
19563 31694 1:0 20454
19567 31693 1:0 20462
19584 31692 1:0 20461
19678 31691 1:0 20472
19679 31661 1:0 20585
19688 31659 1:0 20592
19688 31660 1:0 20593
19694 31658 1:0 20603
19698 31628 1:0 20716
19727 31626 1:0 20723
19809 31627 1:0 20724
19810 31625 1:0 20734
19819 31595 1:0 20847
19819 31594 1:0 20855
19825 31593 1:0 20854
19830 31592 1:0 20865
19845 318 1:0 22326
19858 31562 1:0 20978
19940 31560 1:0 20985
19941 31561 1:0 20986
19950 31559 1:0 20996
19950 33466 1:0 22459
19958 33463 1:0 22477
19976 33430 1:0 22608
20071 33400 1:0 22721
21176 34443 21:0 21184
21183 34444 0:0 21184
21183 34445 0:0 21184
21184 34446 21:0 21250
21252 34476 21:0 21260
21259 34478 0:0 21260
21259 34477 21:0 21310
21310 34479 0:0 21326
21328 34509 21:0 21336
21335 34511 0:0 21336
21335 34510 21:0 21386
21386 34512 0:0 21402
21404 34542 21:0 21412
21411 34543 0:0 21412
21411 34544 21:0 21462
21462 34545 0:0 21478
21480 34575 21:0 21488
21487 34577 0:0 21488
21487 34576 21:0 21538
21538 34578 0:0 21554
21556 34608 21:0 21564
21563 34610 0:0 21564
21563 34609 21:0 21614
21614 34611 0:0 21630
21632 34641 21:0 21640
21639 34642 0:0 21640
21639 34643 21:0 21690
21690 34644 0:0 21706
21708 34674 21:0 21716
21715 34675 0:0 21716
21715 34676 21:0 21766
21766 34677 0:0 21782
21784 34707 21:0 21792
21791 34708 0:0 21792
21791 34709 21:0 21842
21842 34710 0:0 21858
21860 34740 0:0 21863
21865 34741 21:0 21882
21867 34742 0:0 21868
21882 34743 0:0 21919
21936 34773 0:0 21939
21941 34775 21:0 21958
21943 34774 0:0 21944
21958 34776 0:0 21994
22012 34806 0:0 22015
22017 34807 21:0 22034
22019 34808 0:0 22020
22034 34809 0:0 22071
22088 34839 0:0 22091
22093 34840 21:0 22110
22095 34841 0:0 22096
22164 34872 0:0 22167
22169 34873 21:0 22186
22171 34874 0:0 22172
22186 34875 0:0 22223
22338 33398 1:0 22728
22339 33399 1:0 22729
22348 33397 1:0 22739
22348 33367 1:0 22852
22354 33365 1:0 22859
22367 318 21:0 22381
22374 33366 1:0 22860
22387 33364 1:0 22870
22469 33334 1:0 22983
22470 33332 1:0 22990
22479 33333 1:0 22991
22479 33331 1:0 23001
22485 33301 1:0 23114
22505 33300 1:0 23122
22518 33299 1:0 23121
22600 33298 1:0 23132
22601 33268 1:0 23245
22610 33266 1:0 23252
22610 33267 1:0 23253
22618 33265 1:0 23263
22636 33235 1:0 23376
22731 33234 1:0 23384
22732 33233 1:0 23383
22732 33232 1:0 23394
22741 33202 1:0 23507
22741 33201 1:0 23515
22749 33200 1:0 23514
22768 33199 1:0 23525
22862 33169 1:0 23638
22863 33167 1:0 23645
22872 33168 1:0 23646
22872 33166 1:0 23656
22878 33136 1:0 23769
22882 33134 1:0 23776
22899 33135 1:0 23777
22993 33133 1:0 23787
22994 33103 1:0 23900
23003 33101 1:0 23907
23003 33102 1:0 23908
23009 33100 1:0 23918
23013 33070 1:0 24031
23042 33069 1:0 24039
23124 33068 1:0 24038
23125 33067 1:0 24049
23134 33037 1:0 24162
23134 33035 1:0 24169
23140 33036 1:0 24170
23145 33034 1:0 24180
23160 319 1:0 25641
23173 33004 1:0 24293
23255 33003 1:0 24301
23256 33002 1:0 24300
23265 33001 1:0 24311
24491 35885 21:0 24499
24498 35886 0:0 24499
24498 35887 21:0 24549
24549 35888 0:0 24565
24567 35918 21:0 24575
24574 35920 0:0 24575
24574 35919 21:0 24625
24625 35921 0:0 24641
24643 35951 21:0 24651
24650 35952 0:0 24651
24650 35953 21:0 24701
24701 35954 0:0 24717
24719 35984 21:0 24727
24726 35985 0:0 24727
24726 35986 21:0 24777
24777 35987 0:0 24793
24795 36017 21:0 24803
24802 36018 0:0 24803
24802 36019 21:0 24853
24853 36020 0:0 24869
24871 36050 21:0 24879
24878 36051 0:0 24879
24878 36052 21:0 24929
24929 36053 0:0 24945
24947 36083 21:0 24955
24954 36084 0:0 24955
24954 36085 21:0 25005
25005 36086 0:0 25021
25023 36116 21:0 25031
25030 36117 0:0 25031
25030 36118 21:0 25081
25081 36119 0:0 25097
25099 36149 21:0 25107
25104 36150 0:0 25107
25106 36151 0:0 25107
25107 36152 21:0 25173
25175 36182 21:0 25183
25182 36184 0:0 25183
25182 36183 21:0 25233
25233 36185 0:0 25249
25251 36215 21:0 25259
25258 36217 0:0 25259
25258 36216 21:0 25309
25309 36218 0:0 25325
25327 36248 0:0 25330
25332 36250 21:0 25349
25349 36251 0:0 25386
25403 36281 21:0 25411
25410 36282 0:0 25411
25410 36283 0:0 25411
25411 36284 21:0 25477
25653 34875 1:0 25905
25654 34873 1:0 25912
25663 34874 1:0 25913
25663 34872 1:0 25923
25669 34840 1:0 26043
25682 319 21:0 25696
25689 34841 1:0 26044
25702 34839 1:0 26054
25784 34809 1:0 26167
25785 34807 1:0 26174
25794 34808 1:0 26175
25794 34806 1:0 26185
25800 34776 1:0 26298
25820 34775 1:0 26306
25833 34774 1:0 26305
25915 34773 1:0 26316
25916 34743 1:0 26429
25925 34741 1:0 26436
25925 34742 1:0 26437
25933 34740 1:0 26447
25951 34710 1:0 26560
26046 34709 1:0 26568
26047 34708 1:0 26567
26047 34707 1:0 26578
26056 34677 1:0 26691
26056 34676 1:0 26699
26064 34675 1:0 26698
26083 34674 1:0 26709
26177 34644 1:0 26822
26178 34643 1:0 26830
26187 34642 1:0 26829
26187 34641 1:0 26840
26193 34611 1:0 26953
26197 34609 1:0 26960
26214 34610 1:0 26961
26308 34608 1:0 26971
26309 34578 1:0 27084
26318 34576 1:0 27091
26318 34577 1:0 27092
26324 34575 1:0 27102
26328 34545 1:0 27215
26357 34544 1:0 27223
26439 34543 1:0 27222
26440 34542 1:0 27233
26449 34512 1:0 27346
26449 34510 1:0 27353
26455 34511 1:0 27354
26460 34509 1:0 27364
26488 34479 1:0 27477
26570 34477 1:0 27484
26571 34478 1:0 27485
26580 34476 1:0 27495
26580 34446 1:0 27608
26586 34445 1:0 27616
26591 34444 1:0 27615
26619 34443 1:0 27626
26701 320 1:0 28956
26702 36284 1:0 29351
26702 36283 1:0 29359
26711 36282 1:0 29358
27806 37327 21:0 27814
27813 37329 0:0 27814
27813 37328 21:0 27864
27864 37330 0:0 27880
27882 37360 21:0 27890
27889 37361 0:0 27890
27889 37362 21:0 27940
27940 37363 0:0 27956
27958 37393 21:0 27966
27965 37394 0:0 27966
27965 37395 0:0 27966
27966 37396 21:0 28032
28034 37426 21:0 28042
28041 37428 0:0 28042
28041 37427 0:0 28042
28042 37429 21:0 28108
28110 37459 21:0 28118
28117 37461 0:0 28118
28117 37460 21:0 28168
28168 37462 0:0 28184
28186 37492 21:0 28194
28193 37494 0:0 28194
28193 37493 0:0 28194
28194 37495 21:0 28260
28262 37525 21:0 28270
28269 37527 0:0 28270
28269 37526 21:0 28320
28320 37528 0:0 28336
28338 37558 21:0 28346
28345 37560 0:0 28346
28345 37559 21:0 28396
28396 37561 0:0 28412
28414 37591 0:0 28417
28419 37592 21:0 28436
28421 37593 0:0 28422
28436 37594 0:0 28473
28490 37624 21:0 28498
28497 37626 0:0 28498
28497 37625 21:0 28548
28548 37627 0:0 28564
28566 37657 21:0 28574
28573 37659 0:0 28574
28573 37658 0:0 28574
28574 37660 21:0 28640
28642 37690 0:0 28645
28647 37691 21:0 28664
28649 37692 0:0 28650
28664 37693 0:0 28702
28718 37723 0:0 28721
28723 37725 21:0 28740
28740 37726 0:0 28777
28794 37756 21:0 28802
28801 37758 0:0 28802
28801 37757 21:0 28852
28852 37759 0:0 28868
28875 37790 21:0 28892
28877 37791 0:0 28878
28892 37792 0:0 28930
28968 36281 1:0 29369
28969 36251 1:0 29482
28978 36250 1:0 29490
28978 36248 1:0 29500
28984 36218 1:0 29613
28997 320 21:0 29011
29004 36216 1:0 29620
29017 36217 1:0 29621
29099 36215 1:0 29631
29100 36185 1:0 29744
29109 36183 1:0 29751
29109 36184 1:0 29752
29115 36182 1:0 29762
29135 36152 1:0 29875
29148 36150 1:0 29882
29230 36151 1:0 29883
29231 36149 1:0 29893
29240 36119 1:0 30006
29240 36118 1:0 30014
29248 36117 1:0 30013
29266 36116 1:0 30024
29361 36086 1:0 30137
29362 36084 1:0 30144
29362 36085 1:0 30145
29371 36083 1:0 30155
29371 36053 1:0 30268
29379 36052 1:0 30276
29398 36051 1:0 30275
29492 36050 1:0 30286
29493 36020 1:0 30399
29502 36018 1:0 30406
29502 36019 1:0 30407
29508 36017 1:0 30417
29512 35987 1:0 30530
29529 35986 1:0 30538
29623 35985 1:0 30537
29624 35984 1:0 30548
29633 35954 1:0 30661
29633 35953 1:0 30669
29639 35952 1:0 30668
29643 35951 1:0 30679
29672 35921 1:0 30792
29754 35919 1:0 30799
29755 35920 1:0 30800
29764 35918 1:0 30810
29764 35888 1:0 30923
29770 35887 1:0 30931
29775 35886 1:0 30930
29790 321 1:0 32271
29803 35885 1:0 30941
29885 37792 1:0 32404
31121 38769 21:0 31129
31128 38771 0:0 31129
31128 38770 21:0 31179
31179 38772 0:0 31195
31197 38802 21:0 31205
31204 38804 0:0 31205
31204 38803 21:0 31255
31255 38805 0:0 31271
31273 38835 21:0 31281
31280 38837 0:0 31281
31280 38836 21:0 31331
31331 38838 0:0 31347
31349 38868 21:0 31357
31356 38869 0:0 31357
31356 38870 21:0 31407
31407 38871 0:0 31423
31425 38901 21:0 31433
31432 38902 0:0 31433
31432 38903 21:0 31483
31483 38904 0:0 31499
31501 38934 21:0 31509
31508 38936 0:0 31509
31508 38935 21:0 31559
31559 38937 0:0 31575
31577 38967 21:0 31585
31584 38969 0:0 31585
31584 38968 21:0 31635
31635 38970 0:0 31651
31653 39000 21:0 31661
31660 39001 0:0 31661
31660 39002 21:0 31711
31711 39003 0:0 31727
31729 39033 0:0 31732
31734 39035 21:0 31751
31736 39034 0:0 31737
31751 39036 0:0 31788
31805 39066 0:0 31808
31810 39067 21:0 31827
31812 39068 0:0 31813
31827 39069 0:0 31863
31881 39099 21:0 31889
31888 39100 0:0 31889
31888 39101 0:0 31889
31889 39102 21:0 31955
31957 39132 21:0 31965
31964 39133 0:0 31965
31964 39134 21:0 32015
32015 39135 0:0 32031
32117 39201 21:0 32183
32283 37790 1:0 32411
32284 37791 1:0 32412
32293 37759 1:0 32535
32293 37757 1:0 32542
32299 37758 1:0 32543
32312 321 21:0 32326
32319 37756 1:0 32553
32332 37726 1:0 32666
32414 37725 1:0 32674
32415 37723 1:0 32684
32424 37693 1:0 32797
32424 37691 1:0 32804
32430 37692 1:0 32805
32450 37690 1:0 32815
32463 37660 1:0 32928
32545 37658 1:0 32935
32546 37659 1:0 32936
32555 37657 1:0 32946
32555 37627 1:0 33059
32563 37625 1:0 33066
32581 37626 1:0 33067
32676 37624 1:0 33077
32677 37594 1:0 33190
32677 37592 1:0 33197
32686 37593 1:0 33198
32686 37591 1:0 33208
32694 37561 1:0 33321
32713 37559 1:0 33328
32807 37560 1:0 33329
32808 37558 1:0 33339
32817 37528 1:0 33452
32817 37526 1:0 33459
32823 37527 1:0 33460
32827 37525 1:0 33470
32844 37495 1:0 33583
32938 37494 1:0 33591
32939 37493 1:0 33590
32948 37492 1:0 33601
32948 37462 1:0 33714
32954 37460 1:0 33721
32958 37461 1:0 33722
32987 37459 1:0 33732
33069 37429 1:0 33845
33070 37427 1:0 33852
33079 37428 1:0 33853
33079 37426 1:0 33863
33085 37396 1:0 33976
33090 37395 1:0 33984
33118 37394 1:0 33983
33200 37393 1:0 33994
33201 37363 1:0 34107
33210 37361 1:0 34114
33210 37362 1:0 34115
33216 37360 1:0 34125
33221 37330 1:0 34238
33249 37328 1:0 34245
33331 37329 1:0 34246
33332 37327 1:0 34256
33332 322 1:0 35586
34436 40211 21:0 34444
34443 40213 0:0 34444
34443 40212 0:0 34444
34444 40214 21:0 34510
34512 40244 21:0 34520
34519 40245 0:0 34520
34519 40246 0:0 34520
34520 40247 21:0 34586
34588 40277 21:0 34596
34595 40279 0:0 34596
34595 40278 0:0 34596
34596 40280 21:0 34662
34664 40310 21:0 34672
34671 40312 0:0 34672
34671 40311 0:0 34672
34672 40313 21:0 34738
34740 40343 21:0 34748
34747 40344 0:0 34748
34747 40345 0:0 34748
34748 40346 21:0 34814
34816 40376 21:0 34824
34823 40377 0:0 34824
34823 40378 21:0 34874
34874 40379 0:0 34890
34892 40409 21:0 34900
34899 40410 0:0 34900
34899 40411 21:0 34950
34950 40412 0:0 34966
34968 40442 21:0 34976
34975 40444 0:0 34976
34975 40443 0:0 34976
34976 40445 21:0 35042
35044 40475 0:0 35047
35049 40476 21:0 35066
35051 40477 0:0 35052
35066 40478 0:0 35104
35120 40508 21:0 35128
35127 40509 0:0 35128
35127 40510 21:0 35178
35178 40511 0:0 35194
35196 40541 0:0 35199
35201 40542 21:0 35218
35203 40543 0:0 35204
35218 40544 0:0 35256
35272 40574 0:0 35275
35277 40575 21:0 35294
35279 40576 0:0 35280
35294 40577 0:0 35330
35348 40607 0:0 35351
35353 40609 21:0 35370
35355 40608 0:0 35356
35370 40610 0:0 35407
35424 40640 0:0 35427
35429 40642 21:0 35446
35431 40641 0:0 35432
35446 40643 0:0 35484
35500 40673 21:0 35508
35598 39201 1:0 35850
35599 39135 1:0 36112
35608 39133 1:0 36119
35608 39134 1:0 36120
35614 39132 1:0 36130
35627 322 21:0 35641
35634 39102 1:0 36243
35647 39101 1:0 36251
35729 39100 1:0 36250
35730 39099 1:0 36261
35739 39069 1:0 36374
35739 39067 1:0 36381
35745 39068 1:0 36382
35765 39066 1:0 36392
35778 39036 1:0 36505
35860 39035 1:0 36513
35861 39034 1:0 36512
35870 39033 1:0 36523
35870 39003 1:0 36636
35878 39002 1:0 36644
35896 39001 1:0 36643
35991 39000 1:0 36654
35992 38970 1:0 36767
35992 38968 1:0 36774
36001 38969 1:0 36775
36001 38967 1:0 36785
36009 38937 1:0 36898
36028 38935 1:0 36905
36122 38936 1:0 36906
36123 38934 1:0 36916
36132 38904 1:0 37029
36132 38903 1:0 37037
36138 38902 1:0 37036
36142 38901 1:0 37047
36159 38871 1:0 37160
36253 38870 1:0 37168
36254 38869 1:0 37167
36263 38868 1:0 37178
36263 38838 1:0 37291
36269 38836 1:0 37298
36273 38837 1:0 37299
36302 38835 1:0 37309
36384 38805 1:0 37422
36385 38803 1:0 37429
36394 38804 1:0 37430
36394 38802 1:0 37440
36400 38772 1:0 37553
36405 38770 1:0 37560
36420 323 1:0 38901
36433 38771 1:0 37561
36515 38769 1:0 37571
36516 40673 1:0 39052
36525 40643 1:0 39165
36525 40642 1:0 39173
36533 40641 1:0 39172
36551 40640 1:0 39183
37751 41653 21:0 37759
37758 41654 0:0 37759
37758 41655 21:0 37809
37809 41656 0:0 37825
37827 41686 21:0 37835
37834 41688 0:0 37835
37834 41687 21:0 37885
37885 41689 0:0 37901
37903 41719 21:0 37911
37910 41721 0:0 37911
37910 41720 21:0 37961
37961 41722 0:0 37977
37979 41752 21:0 37987
37986 41754 0:0 37987
37986 41753 21:0 38037
38037 41755 0:0 38053
38055 41785 21:0 38063
38062 41787 0:0 38063
38062 41786 21:0 38113
38113 41788 0:0 38129
38131 41818 21:0 38139
38138 41820 0:0 38139
38138 41819 21:0 38189
38189 41821 0:0 38205
38207 41851 21:0 38215
38214 41853 0:0 38215
38214 41852 21:0 38265
38265 41854 0:0 38281
38283 41884 21:0 38291
38290 41885 0:0 38291
38290 41886 0:0 38291
38291 41887 21:0 38357
38359 41917 0:0 38362
38364 41918 21:0 38381
38366 41919 0:0 38367
38381 41920 0:0 38417
38435 41950 0:0 38438
38440 41951 21:0 38457
38442 41952 0:0 38443
38457 41953 0:0 38493
38511 41983 21:0 38519
38518 41985 0:0 38519
38518 41984 21:0 38569
38569 41986 0:0 38585
38587 42016 21:0 38595
38592 42018 0:0 38595
38594 42017 0:0 38595
38595 42019 21:0 38661
38744 42084 21:0 38761
38746 42083 0:0 38747
38761 42085 0:0 38797
38815 42115 0:0 38818
38820 42116 21:0 38837
38837 42118 0:0 38874
38913 40610 1:0 39296
38914 40609 1:0 39304
38923 40608 1:0 39303
38923 40607 1:0 39314
38929 40577 1:0 39427
38942 323 21:0 38956
38949 40575 1:0 39434
38962 40576 1:0 39435
39044 40574 1:0 39445
39045 40544 1:0 39558
39054 40542 1:0 39565
39054 40543 1:0 39566
39060 40541 1:0 39576
39080 40511 1:0 39689
39093 40510 1:0 39697
39175 40509 1:0 39696
39176 40508 1:0 39707
39185 40478 1:0 39820
39185 40476 1:0 39827
39193 40477 1:0 39828
39211 40475 1:0 39838
39306 40445 1:0 39951
39307 40443 1:0 39958
39307 40444 1:0 39959
39316 40442 1:0 39969
39316 40412 1:0 40082
39324 40411 1:0 40090
39343 40410 1:0 40089
39437 40409 1:0 40100
39438 40379 1:0 40213
39447 40377 1:0 40220
39447 40378 1:0 40221
39453 40376 1:0 40231
39457 40346 1:0 40344
39474 40345 1:0 40352
39568 40344 1:0 40351
39569 40343 1:0 40362
39578 40313 1:0 40475
39578 40312 1:0 40483
39584 40311 1:0 40482
39588 40310 1:0 40493
39617 40280 1:0 40606
39699 40278 1:0 40613
39700 40279 1:0 40614
39709 40277 1:0 40624
39709 40247 1:0 40737
39715 40245 1:0 40744
39720 40246 1:0 40745
39735 324 1:0 42216
39748 40244 1:0 40755
39830 40214 1:0 40868
39831 40213 1:0 40876
39840 40212 1:0 40875
39840 40211 1:0 40886
41066 43095 21:0 41074
41073 43096 0:0 41074
41073 43097 21:0 41124
41124 43098 0:0 41140
41142 43128 21:0 41150
41149 43130 0:0 41150
41149 43129 21:0 41200
41200 43131 0:0 41216
41218 43161 21:0 41226
41225 43163 0:0 41226
41225 43162 21:0 41276
41276 43164 0:0 41292
41294 43194 21:0 41302
41301 43195 0:0 41302
41301 43196 21:0 41352
41352 43197 0:0 41368
41370 43227 21:0 41378
41377 43228 0:0 41378
41377 43229 21:0 41428
41428 43230 0:0 41444
41446 43260 21:0 41454
41453 43262 0:0 41454
41453 43261 21:0 41504
41504 43263 0:0 41520
41522 43293 21:0 41530
41529 43295 0:0 41530
41529 43294 21:0 41580
41580 43296 0:0 41596
41598 43326 21:0 41606
41605 43328 0:0 41606
41605 43327 21:0 41656
41656 43329 0:0 41672
41679 43361 21:0 41696
41681 43360 0:0 41682
41696 43362 0:0 41732
41750 43392 0:0 41753
41755 43393 21:0 41772
41757 43394 0:0 41758
41772 43395 0:0 41809
41826 43425 21:0 41834
41833 43426 0:0 41834
41833 43427 0:0 41834
41834 43428 21:0 41900
41902 43458 21:0 41910
41909 43459 0:0 41910
41909 43460 21:0 41960
41960 43461 0:0 41976
41978 43491 0:0 41981
41983 43492 21:0 42000
41985 43493 0:0 41986
42000 43494 0:0 42036
42054 43524 21:0 42062
42228 42118 1:0 42349
42229 42116 1:0 42356
42238 42115 1:0 42367
42238 42085 1:0 42480
42244 42084 1:0 42488
42257 324 21:0 42271
42264 42083 1:0 42487
42277 42019 1:0 42742
42359 42017 1:0 42749
42360 42018 1:0 42750
42369 42016 1:0 42760
42369 41986 1:0 42873
42375 41984 1:0 42880
42395 41985 1:0 42881
42408 41983 1:0 42891
42490 41953 1:0 43004
42491 41951 1:0 43011
42500 41952 1:0 43012
42500 41950 1:0 43022
42508 41920 1:0 43135
42526 41918 1:0 43142
42621 41919 1:0 43143
42622 41917 1:0 43153
42622 41887 1:0 43266
42631 41885 1:0 43273
42631 41886 1:0 43274
42639 41884 1:0 43284
42658 41854 1:0 43397
42752 41852 1:0 43404
42753 41853 1:0 43405
42762 41851 1:0 43415
42762 41821 1:0 43528
42768 41819 1:0 43535
42772 41820 1:0 43536
42789 41818 1:0 43546
42883 41788 1:0 43659
42884 41786 1:0 43666
42893 41787 1:0 43667
42893 41785 1:0 43677
42899 41755 1:0 43790
42903 41753 1:0 43797
42932 41754 1:0 43798
43014 41752 1:0 43808
43015 41722 1:0 43921
43024 41720 1:0 43928
43024 41721 1:0 43929
43030 41719 1:0 43939
43035 41689 1:0 44052
43063 41687 1:0 44059
43145 41688 1:0 44060
43146 41686 1:0 44070
43155 41656 1:0 44183
43155 41655 1:0 44191
43161 41654 1:0 44190
43166 41653 1:0 44201
43181 325 1:0 45531
43276 43524 1:0 45813
43277 43494 1:0 45926
43277 43492 1:0 45933
44381 44537 21:0 44389
44388 44539 0:0 44389
44388 44538 21:0 44439
44439 44540 0:0 44455
44457 44570 21:0 44465
44464 44572 0:0 44465
44464 44571 21:0 44515
44515 44573 0:0 44531
44533 44603 21:0 44541
44540 44604 0:0 44541
44540 44605 21:0 44591
44591 44606 0:0 44607
44609 44636 21:0 44617
44616 44637 0:0 44617
44616 44638 21:0 44667
44667 44639 0:0 44683
44685 44669 21:0 44693
44692 44671 0:0 44693
44692 44670 21:0 44743
44743 44672 0:0 44759
44761 44702 21:0 44769
44768 44704 0:0 44769
44768 44703 21:0 44819
44819 44705 0:0 44835
44837 44735 21:0 44845
44844 44736 0:0 44845
44844 44737 21:0 44895
44895 44738 0:0 44911
44913 44768 21:0 44921
44920 44770 0:0 44921
44920 44769 0:0 44921
44921 44771 21:0 44987
44989 44801 21:0 44997
44996 44803 0:0 44997
44996 44802 21:0 45047
45047 44804 0:0 45063
45065 44834 21:0 45073
45072 44836 0:0 45073
45072 44835 21:0 45123
45123 44837 0:0 45139
45141 44867 21:0 45149
45148 44868 0:0 45149
45148 44869 21:0 45199
45199 44870 0:0 45215
45217 44900 21:0 45225
45224 44902 0:0 45225
45224 44901 21:0 45275
45275 44903 0:0 45291
45293 44933 21:0 45301
45300 44935 0:0 45301
45300 44934 21:0 45351
45351 44936 0:0 45367
45369 44966 21:0 45377
45376 44967 0:0 45377
45376 44968 21:0 45427
45450 45001 21:0 45467
45467 45002 0:0 45503
45543 43493 1:0 45934
45544 43491 1:0 45944
45553 43461 1:0 46057
45553 43460 1:0 46065
45559 43459 1:0 46064
45572 325 21:0 45586
45579 43458 1:0 46075
45592 43428 1:0 46188
45674 43426 1:0 46195
45675 43427 1:0 46196
45684 43425 1:0 46206
45684 43395 1:0 46319
45690 43393 1:0 46326
45710 43394 1:0 46327
45723 43392 1:0 46337
45805 43362 1:0 46450
45806 43361 1:0 46458
45815 43360 1:0 46457
45815 43329 1:0 46581
45823 43327 1:0 46588
45841 43328 1:0 46589
45936 43326 1:0 46599
45937 43296 1:0 46712
45937 43294 1:0 46719
45946 43295 1:0 46720
45946 43293 1:0 46730
45954 43263 1:0 46843
45973 43261 1:0 46850
46067 43262 1:0 46851
46068 43260 1:0 46861
46077 43230 1:0 46974
46077 43229 1:0 46982
46083 43228 1:0 46981
46087 43227 1:0 46992
46104 43197 1:0 47105
46198 43196 1:0 47113
46199 43195 1:0 47112
46208 43194 1:0 47123
46208 43164 1:0 47236
46214 43162 1:0 47243
46218 43163 1:0 47244
46247 43161 1:0 47254
46329 43131 1:0 47367
46330 43129 1:0 47374
46339 43130 1:0 47375
46339 43128 1:0 47385
46345 43098 1:0 47498
46350 43097 1:0 47506
46365 326 1:0 48846
46378 43096 1:0 47505
46460 43095 1:0 47516
47696 45979 0:0 47699
47701 45980 21:0 47718
47703 45981 0:0 47704
47718 45982 0:0 47754
47772 46012 0:0 47775
47777 46014 21:0 47794
47779 46013 0:0 47780
47794 46015 0:0 47830
47848 46045 0:0 47851
47853 46046 21:0 47870
47855 46047 0:0 47856
47870 46048 0:0 47906
47924 46078 0:0 47927
47929 46079 21:0 47946
47931 46080 0:0 47932
47946 46081 0:0 47982
48000 46111 21:0 48008
48005 46113 0:0 48008
48007 46112 0:0 48008
48008 46114 21:0 48074
48076 46144 0:0 48079
48081 46146 21:0 48098
48083 46145 0:0 48084
48098 46147 0:0 48134
48152 46177 0:0 48155
48157 46179 21:0 48174
48159 46178 0:0 48160
48228 46210 0:0 48231
48233 46212 21:0 48250
48235 46211 0:0 48236
48304 46243 0:0 48307
48309 46245 21:0 48326
48311 46244 0:0 48312
48326 46246 0:0 48362
48380 46276 21:0 48388
48387 46278 0:0 48388
48387 46277 21:0 48438
48456 46309 0:0 48459
48461 46310 21:0 48478
48463 46311 0:0 48464
48478 46312 0:0 48515
48532 46342 0:0 48535
48537 46344 21:0 48554
48539 46343 0:0 48540
48608 46375 0:0 48611
48613 46376 21:0 48630
48615 46377 0:0 48616
48689 46409 21:0 48706
48765 46442 21:0 48782
48858 45002 1:0 48979
48859 45001 1:0 48987
48868 44967 1:0 49117
48868 44968 1:0 49118
48874 44966 1:0 49128
48887 326 21:0 48901
48894 44936 1:0 49241
48907 44934 1:0 49248
48989 44935 1:0 49249
48990 44933 1:0 49259
48999 44903 1:0 49372
48999 44901 1:0 49379
49005 44902 1:0 49380
49025 44900 1:0 49390
49038 44870 1:0 49503
49120 44869 1:0 49511
49121 44868 1:0 49510
49130 44867 1:0 49521
49130 44837 1:0 49634
49138 44835 1:0 49641
49156 44836 1:0 49642
49251 44834 1:0 49652
49252 44804 1:0 49765
49252 44802 1:0 49772
49261 44803 1:0 49773
49261 44801 1:0 49783
49269 44771 1:0 49896
49288 44769 1:0 49903
49382 44770 1:0 49904
49383 44768 1:0 49914
49392 44738 1:0 50027
49392 44737 1:0 50035
49398 44736 1:0 50034
49402 44735 1:0 50045
49419 44705 1:0 50158
49513 44703 1:0 50165
49514 44704 1:0 50166
49523 44702 1:0 50176
49523 44672 1:0 50289
49529 44670 1:0 50296
49533 44671 1:0 50297
49562 44669 1:0 50307
49644 44639 1:0 50420
49645 44638 1:0 50428
49654 44637 1:0 50427
49654 44636 1:0 50438
49660 44606 1:0 50551
49665 44605 1:0 50559
49693 44604 1:0 50558
49775 44603 1:0 50569
49776 44573 1:0 50682
49785 44571 1:0 50689
49785 44572 1:0 50690
49791 44570 1:0 50700
49796 44540 1:0 50813
49824 44538 1:0 50820
49906 44539 1:0 50821
49907 44537 1:0 50831
49907 327 1:0 50944
49916 46442 1:0 51048
49916 22859 1:0 51048
49916 22858 1:0 51048
49922 22850 1:0 51052
49922 22851 1:0 51052
49922 22861 1:0 51128
49926 22860 1:0 51127
49927 22856 1:0 51107
49927 22857 1:0 51108
49943 22862 1:0 51137
49955 22863 1:0 51138
49955 22998 1:0 51273
50037 46409 1:0 51272
50038 23007 1:0 51272
50038 23005 1:0 51272
50038 23003 1:0 51274
50047 23008 1:0 51273
50047 23009 1:0 51273
50047 23006 1:0 51273
50047 23004 1:0 51273
50047 22997 1:0 51274
50053 23010 1:0 51359
50057 46376 1:0 51490
50073 23153 1:0 51490
50074 23144 1:0 51494
50074 23145 1:0 51494
50086 23150 1:0 51549
50086 23152 1:0 51559
50168 23154 1:0 51569
50168 23155 1:0 51570
50169 23151 1:0 51550
50169 23156 1:0 51579
50169 23157 1:0 51580
50178 46377 1:0 51617
50178 46375 1:0 51627
50186 46344 1:0 51714
50189 23301 1:0 51714
50204 23298 1:0 51715
50205 23299 1:0 51714
50217 23300 1:0 51715
50299 23303 1:0 51715
50299 23302 1:0 51715
50300 23292 1:0 51715
50300 23297 1:0 51716
50300 23291 1:0 51716
50300 23304 1:0 51801
50309 46343 1:0 51837
50309 46342 1:0 51848
50315 46310 1:0 51932
50319 23446 1:0 51932
50320 23439 1:0 51936
50335 23447 1:0 51932
50336 23438 1:0 51936
50336 23444 1:0 51991
50348 23448 1:0 52011
50430 46312 1:0 52050
50431 23445 1:0 51992
50431 23449 1:0 52012
50431 23450 1:0 52021
50431 23592 1:0 52157
50440 46311 1:0 52059
50440 23451 1:0 52022
50446 46309 1:0 52069
50451 46277 1:0 52156
50467 23593 1:0 52156
50479 23595 1:0 52156
50479 23586 1:0 52157
50561 23594 1:0 52157
50561 23598 1:0 52157
50562 23596 1:0 52157
50562 23591 1:0 52158
50562 23597 1:0 52242
50571 46278 1:0 52280
50571 23585 1:0 52158
50577 46276 1:0 52290
50581 46245 1:0 52374
50597 23741 1:0 52375
50598 23740 1:0 52375
50610 23742 1:0 52453
50651 23733 1:0 52379
50692 23732 1:0 52379
50692 23738 1:0 52433
50692 23739 1:0 52434
50692 23743 1:0 52454
50693 46246 1:0 52492
50702 46244 1:0 52500
50702 23744 1:0 52463
50702 23745 1:0 52464
50708 46243 1:0 52511
50728 46212 1:0 52595
50729 23880 1:0 52599
50729 23879 1:0 52599
50741 23887 1:0 52595
50782 23885 1:0 52654
50823 23888 1:0 52595
50823 23890 1:0 52675
50824 23886 1:0 52655
50824 23889 1:0 52674
50824 23891 1:0 52684
50833 46211 1:0 52721
50833 23892 1:0 52685
50839 46210 1:0 52732
50844 46179 1:0 52816
50860 24034 1:0 52816
50872 24035 1:0 52816
50913 24037 1:0 52896
50956 24026 1:0 52820
50956 24027 1:0 52820
50956 24032 1:0 52875
50956 24036 1:0 52895
50957 24033 1:0 52876
50957 24038 1:0 52905
50957 24039 1:0 52906
50966 46178 1:0 52942
50966 46177 1:0 52953
50974 46146 1:0 53037
50985 327 21:0 50999
50992 24181 1:0 53037
50993 24182 1:0 53037
51000 24173 1:0 53041
51005 24184 1:0 53117
51046 24174 1:0 53041
51046 24179 1:0 53096
51074 46147 1:0 53155
51075 24183 1:0 53116
51076 24180 1:0 53097
51125 24185 1:0 53126
51134 22861 21:0 51169
51135 24186 1:0 53127
51145 24328 1:0 53258
51167 22862 0:0 51169
51167 22859 0:0 51169
51167 22858 0:0 51169
51168 22856 0:0 51169
51168 22860 0:0 51169
51168 22851 0:0 51169
51168 22857 0:0 51169
51168 22850 0:0 51169
51168 22863 0:0 51169
51170 46145 1:0 53163
51170 46144 1:0 53174
51170 24321 1:0 53262
51177 46114 1:0 53258
51178 24329 1:0 53258
51178 24320 1:0 53262
51178 24330 1:0 53337
51187 24326 1:0 53317
51187 24327 1:0 53318
51187 24331 1:0 53338
51187 24332 1:0 53347
51187 24333 1:0 53348
51193 46112 1:0 53384
51213 46113 1:0 53385
51267 46111 1:0 53395
51295 46079 1:0 53479
51296 24475 1:0 53479
51296 24467 1:0 53483
51297 24468 1:0 53483
51346 24476 1:0 53549
51365 23010 21:0 51390
51366 46081 1:0 53597
51388 23009 0:0 51390
51388 23008 0:0 51390
51388 23006 0:0 51390
51388 23005 0:0 51390
51388 23007 0:0 51390
51388 23004 0:0 51390
51389 22997 0:0 51390
51389 22998 0:0 51390
51389 23003 0:0 51390
51391 24473 1:0 53538
51391 24474 1:0 53539
51391 24477 1:0 53558
51391 24478 1:0 53559
51391 24479 1:0 53568
51398 24480 1:0 53569
51399 46080 1:0 53606
51399 46078 1:0 53616
51408 46046 1:0 53700
51408 24623 1:0 53701
51408 24622 1:0 53769
51414 24615 1:0 53705
51414 24614 1:0 53705
51419 46048 1:0 53819
51434 24624 1:0 53779
51435 24620 1:0 53759
51435 24621 1:0 53760
51447 24625 1:0 53780
51488 24626 1:0 53789
51496 24761 1:0 53925
51516 24627 1:0 53790
51517 24762 1:0 53925
51517 24767 1:0 53980
51567 46047 1:0 53827
51569 23152 21:0 51611
51587 46045 1:0 53837
51610 23154 0:0 51611
51610 23145 0:0 51611
51610 23155 0:0 51611
51610 23157 0:0 51611
51610 23151 0:0 51611
51610 23150 0:0 51611
51610 23144 0:0 51611
51610 23156 0:0 51611
51610 23153 0:0 51611
51612 46014 1:0 53921
51612 24770 1:0 53921
51612 24769 1:0 53990
51619 46015 1:0 54040
51620 24768 1:0 53981
51620 24771 1:0 54000
51620 24772 1:0 54001
51629 46013 1:0 54047
51629 24773 1:0 54010
51629 24774 1:0 54011
51637 46012 1:0 54058
51656 45982 1:0 54073
51709 45980 1:0 54145
51722 24916 1:0 54145
51738 24918 1:0 54145
51738 24919 1:0 54146
51739 24914 1:0 54147
51788 24917 1:0 54146
51798 24920 1:0 54146
51807 23304 21:0 51832
51808 24921 1:0 54232
51830 23300 0:0 51832
51830 23299 0:0 51832
51830 23297 0:0 51832
51830 23302 0:0 51832
51830 23301 0:0 51832
51830 23303 0:0 51832
51831 23292 0:0 51832
51831 23291 0:0 51832
51831 23298 0:0 51832
51833 45981 1:0 54269
51833 24915 1:0 54146
51833 24909 1:0 54146
51833 24908 1:0 54147
51833 25063 1:0 54366
51833 25062 1:0 54367
51840 45979 1:0 54279
51841 25155 1:0 54492
51841 25065 1:0 54366
51841 25067 1:0 54367
51841 25055 1:0 54368
51850 25056 1:0 54367
51850 25066 1:0 54367
51850 25064 1:0 54367
51850 25061 1:0 54368
51850 25068 1:0 54453
51850 25156 1:0 54493
52021 23448 21:0 52053
52051 23450 0:0 52053
52052 23447 0:0 52053
52052 23449 0:0 52053
52052 23439 0:0 52053
52052 23451 0:0 52053
52052 23446 0:0 52053
52052 23438 0:0 52053
52052 23445 0:0 52053
52052 23444 0:0 52053
52252 23597 21:0 52274
52273 23598 0:0 52274
52273 23591 0:0 52274
52273 23585 0:0 52274
52273 23593 0:0 52274
52273 23595 0:0 52274
52273 23594 0:0 52274
52273 23592 0:0 52274
52273 23586 0:0 52274
52273 23596 0:0 52274
52463 23742 21:0 52495
52493 23744 0:0 52495
52494 23739 0:0 52495
52494 23743 0:0 52495
52494 23738 0:0 52495
52494 23741 0:0 52495
52494 23740 0:0 52495
52494 23732 0:0 52495
52494 23745 0:0 52495
52494 23733 0:0 52495
52681 23890 21:0 52716
52714 23888 0:0 52716
52715 23879 0:0 52716
52715 23887 0:0 52716
52715 23889 0:0 52716
52715 23891 0:0 52716
52715 23886 0:0 52716
52715 23892 0:0 52716
52715 23880 0:0 52716
52715 23885 0:0 52716
52902 24037 21:0 52937
52935 24038 0:0 52937
52936 24035 0:0 52937
52936 24034 0:0 52937
52936 24033 0:0 52937
52936 24026 0:0 52937
52936 24027 0:0 52937
52936 24036 0:0 52937
52936 24032 0:0 52937
52936 24039 0:0 52937
53123 24184 21:0 53158
53156 24185 0:0 53158
53157 24182 0:0 53158
53157 24173 0:0 53158
53157 24174 0:0 53158
53157 24179 0:0 53158
53157 24180 0:0 53158
53157 24186 0:0 53158
53157 24181 0:0 53158
53157 24183 0:0 53158
53347 24330 21:0 53379
53377 24332 0:0 53379
53378 24331 0:0 53379
53378 24321 0:0 53379
53378 24328 0:0 53379
53378 24326 0:0 53379
53378 24329 0:0 53379
53378 24320 0:0 53379
53378 24333 0:0 53379
53378 24327 0:0 53379
53555 24476 21:0 53600
53598 24479 0:0 53600
53599 24473 0:0 53600
53599 24468 0:0 53600
53599 24477 0:0 53600
53599 24478 0:0 53600
53599 24474 0:0 53600
53599 24467 0:0 53600
53599 24475 0:0 53600
53599 24480 0:0 53600
53779 24622 21:0 53821
53820 24614 0:0 53821
53820 24621 0:0 53821
53820 24615 0:0 53821
53820 24624 0:0 53821
53820 24625 0:0 53821
53820 24627 0:0 53821
53820 24626 0:0 53821
53820 24623 0:0 53821
53820 24620 0:0 53821
54000 24769 21:0 54042
54041 24767 0:0 54042
54041 24772 0:0 54042
54041 24768 0:0 54042
54041 24761 0:0 54042
54041 24773 0:0 54042
54041 24762 0:0 54042
54041 24770 0:0 54042
54041 24774 0:0 54042
54041 24771 0:0 54042
54238 24921 21:0 54263
54261 24920 0:0 54263
54261 24919 0:0 54263
54261 24916 0:0 54263
54261 24917 0:0 54263
54261 24918 0:0 54263
54261 24915 0:0 54263
54262 24908 0:0 54263
54262 24914 0:0 54263
54262 24909 0:0 54263
54459 25068 21:0 160
