84 13752 0:0 151
84 13751 0:0 151
84 13750 0:0 151
84 13755 0:0 151
129 13754 0:0 151
150 13753 0:0 155
154 305 0:0 159
1373 14457 21:0 1383
3350 298 21:0 3368
3499 15455 21:0 3516
3651 15520 21:0 3668
3722 15552 21:0 3730
3806 15588 21:0 3872
4031 15685 21:0 4048
4330 15816 21:0 4338
4338 15819 21:0 4404
4586 15928 21:0 4596
4627 15819 1:0 5010
4628 15816 1:0 5028
4637 15685 1:0 5541
4637 15588 1:0 5927
4645 15552 1:0 6076
4663 15520 1:0 6196
4664 300 1:0 6711
4758 15455 1:0 6459
6709 299 21:0 6727
6858 16926 21:0 6875
7081 17023 21:0 7089
7157 17056 0:0 7160
7162 17058 21:0 7179
7179 17059 0:0 7220
7238 17091 21:0 7255
7314 17123 21:0 7331
7466 17190 21:0 7483
7986 17190 1:0 8770
7987 17123 1:0 9031
7987 17091 1:0 9163
7996 17059 1:0 9286
7996 17058 1:0 9294
8004 17056 1:0 9304
8023 17023 1:0 9435
8035 301 1:0 10070
8117 16926 1:0 9818
10068 300 21:0 10086
10141 18363 21:0 10158
10364 18461 21:0 10372
10516 18527 21:0 10524
10521 18528 0:0 10524
10524 18530 21:0 10590
10673 18595 21:0 10690
10744 18626 21:0 10752
10977 18726 21:0 10994
11345 18726 1:0 11866
11346 18626 1:0 12270
11355 18595 1:0 12391
11355 18530 1:0 12645
11361 18528 1:0 12652
11365 18527 1:0 12663
11366 302 1:0 13429
11394 18461 1:0 12925
11476 18363 1:0 13307
13427 301 21:0 13445
13647 19899 21:0 13655
13807 19968 21:0 13873
13880 19999 21:0 13897
13951 20031 21:0 13959
14027 20064 21:0 14035
14187 20133 21:0 14253
14339 20199 21:0 14405
14412 20230 21:0 14429
14704 20230 1:0 15094
14705 20199 1:0 15218
14714 20133 1:0 15480
14714 20064 1:0 15760
14720 20031 1:0 15891
14725 19999 1:0 16011
14740 303 1:0 16788
14753 19968 1:0 16135
14835 19899 1:0 16415
16786 302 21:0 16804
17163 21437 21:0 17180
17391 21536 21:0 17408
17393 21537 0:0 17394
17546 21604 21:0 17612
17619 21636 21:0 17636
17621 21635 0:0 17622
17771 21702 21:0 17788
17847 21734 21:0 17864
18063 21734 1:0 18322
18064 21702 1:0 18454
18073 21635 1:0 18715
18073 21636 1:0 18716
18079 21604 1:0 18839
18084 21536 1:0 19108
18112 21537 1:0 19109
18194 21437 1:0 19501
18195 304 1:0 20147
20145 303 21:0 20163
20289 22808 21:0 20297
20598 22941 21:0 20615
20674 22975 0:0 20677
20677 22976 21:0 20743
20973 23105 21:0 20981
20980 23107 0:0 20981
20981 23108 21:0 21047
21057 23141 21:0 21123
21422 23141 1:0 21936
21423 23108 1:0 22067
21432 23107 1:0 22075
21432 23105 1:0 22085
21438 22976 1:0 22591
21458 22975 1:0 22599
21471 22941 1:0 22729
21553 22808 1:0 23264
21554 305 1:0 23506
23504 304 21:0 23522
23580 24249 21:0 23646
23648 24279 0:0 23651
23653 24280 21:0 23670
23957 24412 21:0 23974
24408 24609 21:0 24416
24416 24612 21:0 24482
24560 24675 21:0 24568
24567 24676 21:0 24618
24791 299 1:0 3352
24791 11545 1:0 24886
24792 11547 1:0 24886
24792 11546 1:0 24887
24801 11550 1:0 24887
24801 11548 1:0 24887
24801 11549 1:0 24972
24801 11692 1:0 25107
24807 24676 1:0 25107
24811 11694 1:0 25107
24827 11696 1:0 25108
24828 11695 1:0 25108
24840 11693 1:0 25108
24881 11697 1:0 25194
24889 11984 1:0 25605
24910 24675 1:0 25241
24960 11839 1:0 25328
24970 11841 1:0 25328
24980 11843 1:0 25329
24982 11549 21:0 25004
25003 11550 0:0 25004
25003 11546 0:0 25004
25003 11545 0:0 25004
25003 11548 0:0 25004
25003 11547 0:0 25004
25005 11842 1:0 25329
25005 11840 1:0 25329
25005 11844 1:0 25415
25012 24612 1:0 25546
25013 11986 1:0 25547
25013 11987 1:0 25616
25013 11988 1:0 25625
25022 11989 1:0 25626
25022 11990 1:0 25635
25022 11991 1:0 25636
25028 24609 1:0 25683
25030 12134 1:0 25767
25033 12133 1:0 25767
25049 12135 1:0 25846
25061 12125 1:0 25771
25061 12126 1:0 25771
25061 12131 1:0 25826
25061 12132 1:0 25827
25102 12136 1:0 25847
25110 12272 1:0 25993
25130 12137 1:0 25856
25131 12138 1:0 25857
25131 12278 1:0 25994
25132 12273 1:0 25994
25181 12285 1:0 25993
25191 12280 1:0 25993
25200 11697 21:0 25225
25201 12282 1:0 25993
25223 11696 0:0 25225
25223 11695 0:0 25225
25223 11694 0:0 25225
25223 11692 0:0 25225
25223 11693 0:0 25225
25226 12283 1:0 25993
25226 12281 1:0 25993
25226 12284 1:0 25993
25233 12279 1:0 26048
25233 12419 1:0 26214
25233 12432 1:0 26214
25233 12420 1:0 26215
25234 12429 1:0 26214
25234 12425 1:0 26214
25234 12430 1:0 26214
25234 12426 1:0 26269
25243 12427 1:0 26214
25243 12431 1:0 26214
25243 12428 1:0 26214
25243 12576 1:0 26433
25249 12567 1:0 26460
25249 12574 1:0 26499
25253 12575 1:0 26500
25254 12566 1:0 26459
25269 12579 1:0 26510
25270 12572 1:0 26489
25270 12573 1:0 26490
25282 12578 1:0 26510
25323 12577 1:0 26510
25331 12713 1:0 26680
25351 12726 1:0 26654
25352 12714 1:0 26681
25352 12721 1:0 26720
25353 12719 1:0 26710
25402 12722 1:0 26721
25412 12723 1:0 26730
25421 11844 21:0 25446
25422 12724 1:0 26731
25444 11840 0:0 25446
25444 11839 0:0 25446
25444 11842 0:0 25446
25444 11843 0:0 25446
25444 11841 0:0 25446
25447 12720 1:0 26711
25447 12725 1:0 26732
25447 12873 1:0 26877
25447 12860 1:0 26877
25447 12861 1:0 26878
25454 24412 1:0 26865
25455 12866 1:0 26877
25455 12868 1:0 26877
25455 12869 1:0 26877
25455 12867 1:0 26932
25464 12872 1:0 26877
25464 12871 1:0 26877
25464 12870 1:0 26877
25464 13020 1:0 27098
25470 13015 1:0 27098
25472 13017 1:0 27098
25474 13008 1:0 27099
25490 13018 1:0 27098
25503 13016 1:0 27098
25503 13019 1:0 27098
25544 13013 1:0 27098
25544 13007 1:0 27098
25544 13014 1:0 27153
25552 13154 1:0 27343
25572 13167 1:0 27317
25573 13155 1:0 27344
25573 13162 1:0 27383
25574 13160 1:0 27373
25622 11987 21:0 25667
25623 13163 1:0 27384
25633 13164 1:0 27393
25643 13165 1:0 27394
25665 11988 0:0 25667
25666 11986 0:0 25667
25666 11991 0:0 25667
25666 11984 0:0 25667
25666 11990 0:0 25667
25666 11989 0:0 25667
25668 13161 1:0 27374
25668 13166 1:0 27395
25668 13314 1:0 27540
25668 13312 1:0 27540
25675 13313 1:0 27540
25675 13301 1:0 27540
25675 13302 1:0 27541
25675 13308 1:0 27541
25676 13309 1:0 27540
25676 13311 1:0 27540
25676 13307 1:0 27594
25676 13448 1:0 27761
25685 24280 1:0 27749
25685 13310 1:0 27540
25685 13458 1:0 27761
25691 13460 1:0 27761
25691 13454 1:0 27761
25693 13449 1:0 27762
25696 13459 1:0 27761
25711 13461 1:0 27761
25712 13455 1:0 27816
25712 13601 1:0 27982
25724 13457 1:0 27761
25765 13456 1:0 27761
25794 24279 1:0 27893
25844 24249 1:0 27970
25854 13606 1:0 27982
25856 12135 21:0 25888
25864 13603 1:0 27982
25886 12136 0:0 25888
25886 12126 0:0 25888
25886 12132 0:0 25888
25886 12131 0:0 25888
25886 12125 0:0 25888
25887 12138 0:0 25888
25887 12134 0:0 25888
25887 12133 0:0 25888
25887 12137 0:0 25888
25889 13595 1:0 27982
25889 13604 1:0 27982
25889 13605 1:0 27982
25889 13607 1:0 27982
25889 13596 1:0 27983
25889 13602 1:0 28037
25889 13749 1:0 28203
25896 15928 1:0 28189
25896 298 1:0 28201
25896 13608 1:0 27982
25897 14457 1:0 28203
25897 13754 1:0 28203
25897 13753 1:0 28203
25897 13845 1:0 28329
25906 13755 1:0 28203
25906 13742 1:0 28203
25906 13752 1:0 28203
25906 13750 1:0 28203
25906 13743 1:0 28204
25906 13748 1:0 28257
25912 13751 1:0 28203
26024 12273 0:0 26049
26027 12272 0:0 26054
26054 12279 21:0 26079
26079 12278 0:0 26087
26084 12285 21:0 26109
26107 12282 0:0 26109
26107 12283 0:0 26109
26107 12281 0:0 26109
26108 12284 0:0 26109
26108 12280 0:0 26109
26245 12420 0:0 26270
26248 12419 0:0 26274
26275 12426 21:0 26300
26300 12425 0:0 26308
26305 12432 21:0 26330
26328 12430 0:0 26330
26328 12428 0:0 26330
26328 12429 0:0 26330
26329 12427 0:0 26330
26329 12431 0:0 26330
26466 12567 21:0 26512
26511 12566 0:0 26519
26511 12572 0:0 26519
26512 12573 0:0 26520
26519 12576 21:0 26551
26550 12575 0:0 26551
26550 12579 0:0 26551
26550 12578 0:0 26551
26550 12577 0:0 26551
26550 12574 0:0 26554
26690 12713 21:0 26734
26733 12720 0:0 26742
26734 12719 0:0 26742
26734 12714 0:0 26742
26747 12726 21:0 26772
26770 12723 0:0 26772
26770 12722 0:0 26772
26771 12724 0:0 26772
26771 12721 0:0 26772
26771 12725 0:0 26775
26908 12861 0:0 26933
26911 12860 0:0 26937
26938 12867 21:0 26963
26963 12866 0:0 26971
26963 12868 0:0 26993
26968 12873 21:0 26993
26991 12872 0:0 26993
26991 12869 0:0 26993
26992 12871 0:0 26993
26992 12870 0:0 26993
27129 13008 0:0 27154
27132 13007 0:0 27158
27159 13014 21:0 27184
27183 13016 0:0 27214
27184 13013 0:0 27192
27189 13020 21:0 27214
27212 13015 0:0 27214
27212 13017 0:0 27214
27213 13018 0:0 27214
27213 13019 0:0 27214
27353 13154 21:0 27397
27396 13161 0:0 27405
27396 13155 0:0 27405
27397 13160 0:0 27405
27410 13167 21:0 27435
27433 13165 0:0 27435
27434 13163 0:0 27435
27434 13162 0:0 27435
27434 13164 0:0 27435
27434 13166 0:0 27438
27571 13302 0:0 27596
27574 13301 0:0 27600
27604 13307 21:0 27628
27627 13308 0:0 27638
27631 13314 21:0 27656
27654 13311 0:0 27656
27654 13312 0:0 27656
27654 13310 0:0 27656
27655 13313 0:0 27656
27655 13309 0:0 27656
27792 13449 0:0 27817
27795 13448 0:0 27821
27822 13455 21:0 27847
27846 13458 21:0 27877
27847 13454 0:0 27855
27875 13456 0:0 27877
27876 13460 0:0 27877
27876 13459 0:0 27877
27876 13457 0:0 27877
27876 13461 0:0 27877
28013 13596 0:0 28038
28016 13595 0:0 28042
28043 13602 21:0 28068
28067 13606 21:0 28098
28067 13604 0:0 28098
28068 13601 0:0 28076
28096 13607 0:0 28098
28097 13608 0:0 28098
28097 13605 0:0 28098
28097 13603 0:0 28098
28234 13743 0:0 28259
28237 13742 0:0 28263
28267 13748 21:0 28291
28290 13749 0:0 28301
28335 13845 21:0 84
