108 25526 21:0 178
177 25528 21:0 211
210 25529 21:0 211
210 25530 21:0 216
215 25531 21:0 218
217 25527 21:0 221
220 25620 21:0 221
220 25621 21:0 221
220 313 21:0 235
1381 26233 21:0 1391
3358 298 21:0 3376
4034 27460 21:0 4042
4594 27704 21:0 4604
4635 27460 1:0 5560
4636 302 1:0 13437
6717 299 21:0 6735
6793 28670 21:0 6859
7953 29175 21:0 7963
7994 28670 1:0 9949
7995 303 1:0 16796
10076 300 21:0 10094
11137 30569 21:0 11154
11312 30646 21:0 11322
11353 30569 1:0 11613
11354 304 1:0 20155
13435 301 21:0 13453
14192 31907 21:0 14209
14671 32117 21:0 14681
14712 31907 1:0 15495
14713 305 1:0 23514
16794 302 21:0 16812
16946 33116 21:0 17012
18030 33588 21:0 18040
18071 33116 1:0 19895
18072 306 1:0 26873
20153 303 21:0 20171
21138 34949 21:0 21155
21430 34949 1:0 21821
23512 304 21:0 23530
23580 36022 21:0 23588
24789 36022 1:0 26762
24790 307 1:0 30232
26871 305 21:0 26889
26944 37495 21:0 26961
28148 37495 1:0 30111
30230 306 21:0 30248
30911 39229 21:0 30928
31507 39229 1:0 32421
31508 308 1:0 33591
33589 307 21:0 33607
33733 40468 21:0 33741
34866 40468 1:0 36708
34867 309 1:0 36950
34867 310 1:0 40309
34867 311 1:0 43668
36948 308 21:0 36966
38080 42368 21:0 38088
38088 42371 21:0 38154
38225 42371 1:0 38346
38226 42368 1:0 38364
38226 312 1:0 47027
40307 309 21:0 40325
40679 43509 21:0 40687
41059 43674 21:0 41067
41584 43674 1:0 42378
41585 43509 1:0 43033
43666 310 21:0 43684
44418 45145 21:0 44426
44502 45181 21:0 44568
44943 45181 1:0 45588
44944 45145 1:0 45737
44944 313 1:0 50386
47025 311 21:0 47043
47093 46319 21:0 47101
47253 46388 21:0 47319
47630 46552 21:0 47647
47648 46552 1:0 49348
47709 46586 21:0 47775
47776 46586 1:0 49209
48081 46748 21:0 48089
48088 46749 21:0 48139
48090 46748 1:0 48572
48140 46749 1:0 48561
48302 46388 1:0 49995
48303 46319 1:0 50275
50384 312 21:0 50402
50913 47989 21:0 50930
51060 48054 21:0 51068
51671 299 1:0 3360
51671 300 1:0 6719
51671 301 1:0 10078
51672 23323 1:0 51675
51672 23322 1:0 51681
51672 23321 1:0 51684
51681 23324 1:0 51709
51681 23319 1:0 51709
51681 23320 1:0 51709
51681 23313 1:0 51712
51681 23314 1:0 51722
51681 23326 1:0 51766
51681 23325 1:0 51852
51687 23468 1:0 51902
51687 23467 1:0 51902
51689 23461 1:0 51905
51692 23473 1:0 51905
51707 23470 1:0 51915
51708 23466 1:0 51915
51708 23460 1:0 51915
51720 23471 1:0 51943
51761 23469 1:0 51987
51769 23613 1:0 52123
51789 23472 1:0 52073
51790 23617 1:0 52123
51790 23607 1:0 52126
51791 23608 1:0 52136
51799 23314 21:0 51845
51840 23619 1:0 52126
51842 23614 1:0 52136
51850 23618 1:0 52136
51860 23761 1:0 52338
51860 23754 1:0 52344
51860 23755 1:0 52344
51862 23325 21:0 51884
51883 23326 21:0 51887
51886 23313 21:0 51887
51886 23320 21:0 51887
51886 23319 21:0 51887
51886 23324 21:0 51895
51892 23616 1:0 52163
51892 23615 1:0 52208
51893 47989 1:0 52335
51893 23620 1:0 52295
51894 23321 21:0 51898
51896 23760 1:0 52347
51897 23322 21:0 51898
51897 23323 21:0 51904
51899 23765 1:0 52344
51899 23763 1:0 52347
51902 23766 1:0 52375
51902 23767 1:0 52375
51902 23762 1:0 52426
51902 23764 1:0 52505
51908 48054 1:0 52548
51910 23909 1:0 52556
51913 23910 1:0 52559
51929 23913 1:0 52565
51941 23914 1:0 52568
51982 23911 1:0 52593
51995 23912 1:0 52631
52010 23902 1:0 52647
52010 23908 1:0 52650
52011 23901 1:0 52676
52011 23907 1:0 52706
52012 24057 1:0 52777
52053 23466 21:0 52077
52061 24060 1:0 52780
52071 24058 1:0 52786
52073 24055 1:0 52868
52081 24059 1:0 52789
52083 23472 21:0 52105
52104 23469 21:0 52108
52107 23471 21:0 52108
52107 23470 21:0 52116
52113 24061 1:0 52814
52113 24056 1:0 52852
52114 24049 1:0 52871
52114 24048 1:0 52897
52114 24054 1:0 52927
52114 24207 1:0 52998
52114 24208 1:0 53001
52115 23473 21:0 52119
52117 24196 1:0 53089
52117 24195 1:0 53092
52118 23468 21:0 52119
52118 23460 21:0 52125
52120 24206 1:0 53007
52120 24204 1:0 53010
52123 24205 1:0 53035
52123 24203 1:0 53073
52123 24201 1:0 53094
52123 24202 1:0 53149
52123 24350 1:0 53219
52123 24342 1:0 53310
52124 23461 21:0 52125
52124 23467 21:0 52125
52126 24354 1:0 53222
52129 24352 1:0 53228
52131 24355 1:0 53231
52134 24351 1:0 53256
52150 24353 1:0 53294
52162 24343 1:0 53313
52162 24348 1:0 53315
52162 24349 1:0 53370
52203 24499 1:0 53440
52216 24497 1:0 53443
52232 24500 1:0 53449
52233 24501 1:0 53452
52271 23614 21:0 52296
52282 24502 1:0 53477
52292 24498 1:0 53515
52294 24490 1:0 53531
52301 23620 21:0 52326
52302 24489 1:0 53534
52302 24496 1:0 53536
52302 24495 1:0 53590
52302 24643 1:0 53752
52325 23615 21:0 52329
52328 23616 21:0 52329
52328 23618 21:0 52337
52334 24647 1:0 53661
52334 24645 1:0 53664
52335 24646 1:0 53670
52335 24649 1:0 53673
52335 24644 1:0 53698
52336 23619 21:0 52340
52338 24636 1:0 53755
52339 23608 21:0 52340
52339 23617 21:0 52346
52341 24648 1:0 53736
52341 24637 1:0 53782
52344 24642 1:0 53811
52344 24791 1:0 53882
52344 24792 1:0 53885
52344 24796 1:0 53891
52344 24784 1:0 53973
52345 23613 21:0 52346
52345 23607 21:0 52346
52347 24794 1:0 53894
52347 24795 1:0 53919
52350 24793 1:0 53957
52350 24783 1:0 53976
52350 24789 1:0 53978
52352 24790 1:0 54033
52352 24930 1:0 54194
52355 24938 1:0 54103
52371 24940 1:0 54106
52383 24939 1:0 54112
52424 24941 1:0 54115
52437 24943 1:0 54140
52452 24937 1:0 54197
52452 24931 1:0 54224
52453 24942 1:0 54178
52454 24936 1:0 54253
52465 23754 21:0 52509
52503 25087 1:0 54324
52505 25083 1:0 54415
52513 25090 1:0 54327
52515 23764 21:0 52547
52523 25089 1:0 54333
52546 23762 21:0 52550
52549 23767 21:0 52550
52549 23766 21:0 52558
52555 25085 1:0 54336
52555 25086 1:0 54361
52556 25088 1:0 54399
52556 25078 1:0 54418
52556 25077 1:0 54420
52556 25084 1:0 54475
52556 25232 1:0 54545
52557 23763 21:0 52561
52560 23765 21:0 52561
52560 23760 21:0 52561
52560 23755 21:0 52567
52562 25235 1:0 54548
52562 25237 1:0 54554
52562 25233 1:0 54557
52565 25236 1:0 54582
52565 25234 1:0 54620
52565 25224 1:0 54636
52565 25225 1:0 54639
52565 25230 1:0 54642
52565 25231 1:0 54696
52566 23761 21:0 52567
52568 25384 1:0 54766
52571 25381 1:0 54769
52573 25383 1:0 54775
52576 25379 1:0 54778
52591 25380 1:0 54803
52592 25378 1:0 54857
52592 25371 1:0 54860
52604 25382 1:0 54841
52645 33588 1:0 54990
52645 25372 1:0 54887
52645 25377 1:0 54916
52658 25527 1:0 54987
52673 32117 1:0 54996
52674 30646 1:0 54999
52674 25531 1:0 54990
52675 29175 1:0 55024
52686 23901 21:0 52730
52724 25530 1:0 54996
52729 23907 21:0 52768
52734 25529 1:0 54999
52744 25528 1:0 55024
52767 23902 21:0 52768
52767 23908 21:0 52768
52767 23912 21:0 52771
52770 23911 21:0 52771
52770 23914 21:0 52779
52776 27704 1:0 55024
52776 25526 1:0 55062
52776 25518 1:0 55078
52776 25519 1:0 55081
52776 25524 1:0 55084
52777 26233 1:0 55195
52777 25620 1:0 55208
52777 298 1:0 147
52777 25525 1:0 55138
52777 25621 1:0 55209
52778 23913 21:0 52782
52781 23910 21:0 52782
52781 23909 21:0 52788
52907 24048 21:0 52951
52950 24054 21:0 52989
52988 24049 21:0 52989
52988 24055 21:0 52989
52988 24056 21:0 52992
52991 24061 21:0 52992
52991 24059 21:0 53000
52999 24058 21:0 53003
53002 24060 21:0 53003
53002 24057 21:0 53009
53155 24202 21:0 53180
53179 24201 21:0 53210
53209 24195 21:0 53210
53209 24196 21:0 53210
53209 24203 21:0 53213
53212 24205 21:0 53213
53212 24204 21:0 53221
53220 24206 21:0 53224
53223 24208 21:0 53224
53223 24207 21:0 53230
53376 24349 21:0 53401
53400 24348 21:0 53431
53430 24342 21:0 53431
53430 24343 21:0 53431
53430 24353 21:0 53434
53433 24351 21:0 53434
53433 24355 21:0 53442
53441 24352 21:0 53445
53444 24354 21:0 53445
53444 24350 21:0 53451
53600 24495 21:0 53624
53623 24496 21:0 53652
53651 24489 21:0 53652
53651 24490 21:0 53652
53651 24498 21:0 53655
53654 24502 21:0 53655
53654 24501 21:0 53663
53662 24500 21:0 53666
53665 24497 21:0 53666
53665 24499 21:0 53672
53788 24637 21:0 53834
53833 24642 21:0 53873
53872 24643 21:0 53873
53872 24636 21:0 53873
53872 24648 21:0 53876
53875 24644 21:0 53876
53875 24649 21:0 53884
53883 24646 21:0 53887
53886 24645 21:0 53887
53886 24647 21:0 53893
54039 24790 21:0 54064
54063 24789 21:0 54094
54093 24784 21:0 54094
54093 24783 21:0 54094
54093 24793 21:0 54097
54096 24795 21:0 54097
54096 24794 21:0 54105
54104 24796 21:0 54108
54107 24792 21:0 54108
54107 24791 21:0 54114
54230 24931 21:0 54276
54275 24936 21:0 54315
54314 24937 21:0 54315
54314 24930 21:0 54315
54314 24942 21:0 54318
54317 24943 21:0 54318
54317 24941 21:0 54326
54325 24939 21:0 54329
54328 24940 21:0 54329
54328 24938 21:0 54335
54481 25084 21:0 54506
54505 25077 21:0 54536
54535 25078 21:0 54536
54535 25083 21:0 54536
54535 25088 21:0 54539
54538 25086 21:0 54539
54538 25085 21:0 54547
54546 25089 21:0 54550
54549 25090 21:0 54550
54549 25087 21:0 54556
54702 25231 21:0 54727
54726 25230 21:0 54757
54756 25224 21:0 54757
54756 25225 21:0 54757
54756 25234 21:0 54760
54759 25236 21:0 54760
54759 25233 21:0 54768
54767 25237 21:0 54771
54770 25235 21:0 54771
54770 25232 21:0 54777
54893 25372 21:0 54939
54938 25377 21:0 54978
54977 25378 21:0 54978
54977 25371 21:0 54978
54977 25382 21:0 54981
54980 25380 21:0 54981
54980 25379 21:0 54989
54988 25383 21:0 54992
54991 25381 21:0 54992
54991 25384 21:0 54998
55144 25525 21:0 55169
55168 25524 21:0 55197
55196 25519 21:0 55199
55198 25518 21:0 109
