50 8653 0:0 52
50 8655 0:0 52
51 8656 0:0 52
51 8651 0:0 52
51 8654 0:0 52
95 8774 21:0 104
106 8802 21:0 114
113 8803 0:0 114
113 8804 21:0 180
178 8805 0:0 180
179 8807 0:0 180
182 8835 21:0 190
189 8837 0:0 190
189 8836 21:0 256
254 8838 0:0 256
258 8868 21:0 266
265 8869 0:0 266
265 8870 21:0 332
279 8879 0:0 280
320 8887 0:0 321
330 8871 0:0 332
331 8899 0:0 332
334 8901 21:0 342
341 8900 0:0 342
341 8902 0:0 342
341 8903 21:0 408
354 8893 0:0 356
396 8917 0:0 397
396 8920 0:0 397
406 8904 0:0 408
410 8934 21:0 418
417 8936 0:0 418
417 8935 21:0 484
482 8937 0:0 484
483 8954 0:0 484
486 8967 21:0 494
493 8969 0:0 494
493 8968 21:0 560
558 8970 0:0 560
562 9000 21:0 570
569 8999 0:0 570
569 9002 0:0 570
569 9001 21:0 636
624 9016 0:0 625
634 9003 0:0 636
635 9005 0:0 636
635 9031 0:0 636
638 9033 21:0 646
645 9035 0:0 646
645 9034 21:0 712
658 9025 0:0 660
659 9044 0:0 660
710 9036 0:0 712
711 9038 0:0 712
714 9066 21:0 722
721 9068 0:0 722
721 9065 0:0 722
721 9067 21:0 788
735 9077 0:0 736
786 9069 0:0 788
787 9071 0:0 788
787 9097 0:0 788
787 9086 0:0 788
790 9099 21:0 798
797 9100 0:0 798
797 9101 21:0 864
810 9091 0:0 812
862 9102 0:0 864
866 9132 21:0 874
873 9134 0:0 874
873 9133 21:0 940
938 9135 0:0 940
942 9165 21:0 950
949 9166 0:0 950
949 9167 21:0 1016
963 9176 0:0 964
998 9177 0:0 1000
1004 9183 0:0 1005
1004 9184 0:0 1005
1004 9181 0:0 1005
1014 9168 0:0 1016
1015 9196 0:0 1016
1015 9170 0:0 1016
1018 9198 21:0 1026
1025 9197 0:0 1026
1025 9199 0:0 1026
1025 9200 21:0 1092
1038 9190 0:0 1040
1039 9209 0:0 1040
1080 9216 0:0 1081
1080 9214 0:0 1081
1080 9217 0:0 1081
1090 9201 0:0 1092
1091 9203 0:0 1092
1094 9231 21:0 1102
1101 9233 0:0 1102
1101 9232 21:0 1168
1166 9234 0:0 1168
1167 9262 0:0 1168
1170 9264 21:0 1178
1177 9265 0:0 1178
1177 9266 21:0 1244
1242 9267 0:0 1244
1246 9297 21:0 1254
1253 9298 0:0 1254
1253 9299 21:0 1320
1318 9300 0:0 1320
1322 9330 21:0 1330
1329 9332 0:0 1330
1329 9331 21:0 1396
1394 9333 0:0 1396
1398 9363 21:0 1406
1405 9364 0:0 1406
1405 9365 0:0 1406
1418 9375 21:0 1457
1455 9376 0:0 1457
1457 9383 0:0 1462
1457 9380 0:0 1462
1457 9382 0:0 1462
1464 9369 21:0 1473
1471 9366 0:0 1473
1471 9384 0:0 1473
1472 9395 21:0 1473
1474 9366 1:0 2779
1475 9397 21:0 1483
1482 17 0:0 1483
1482 9398 0:0 1483
1482 9396 0:0 1483
1482 9399 21:0 1549
1495 9389 0:0 1497
1496 9408 0:0 1497
1531 9409 0:0 1533
1537 9415 0:0 1538
1537 9413 0:0 1538
1537 9416 0:0 1538
1547 9400 0:0 1549
1548 9402 0:0 1549
1548 9417 0:0 1549
1548 9428 0:0 1549
1551 9430 21:0 1559
1552 31 0:0 1554
1558 9429 0:0 1559
1558 9432 0:0 1559
1558 9431 21:0 1625
1571 9422 0:0 1573
1572 9441 0:0 1573
1607 9442 0:0 1609
1613 9446 0:0 1614
1613 9448 0:0 1614
1613 9449 0:0 1614
1623 9433 0:0 1625
1624 9461 0:0 1625
1624 9435 0:0 1625
1624 9450 0:0 1625
1627 9463 21:0 1635
1634 9464 0:0 1635
1634 9462 0:0 1635
1634 9465 21:0 1701
1647 51 0:0 1649
1647 9455 0:0 1649
1648 9474 0:0 1649
1683 9475 0:0 1685
1689 9482 0:0 1690
1689 9479 0:0 1690
1689 9481 0:0 1690
1699 9466 0:0 1701
1700 9468 0:0 1701
1700 9483 0:0 1701
1700 9494 0:0 1701
1703 9496 21:0 1711
1704 67 0:0 1706
1710 9495 0:0 1711
1710 9498 0:0 1711
1710 9497 21:0 1777
1723 9488 0:0 1725
1724 9507 0:0 1725
1759 9508 0:0 1761
1765 9512 0:0 1766
1765 9515 0:0 1766
1765 9514 0:0 1766
1775 9499 0:0 1777
1776 9527 0:0 1777
1776 9516 0:0 1777
1776 9501 0:0 1777
1779 9529 21:0 1787
1780 85 0:0 1782
1786 9531 0:0 1787
1786 9528 0:0 1787
1786 9530 21:0 1853
1799 9521 0:0 1801
1799 87 0:0 1801
1800 9540 0:0 1801
1835 9541 0:0 1837
1841 9545 0:0 1842
1841 9547 0:0 1842
1841 9548 0:0 1842
1851 9532 0:0 1853
1852 9549 0:0 1853
1855 9562 21:0 1863
1862 9561 0:0 1863
1862 9563 0:0 1863
1862 107 0:0 1863
1862 9564 21:0 1929
1875 9554 0:0 1877
1876 9573 0:0 1877
1911 9574 0:0 1913
1917 9580 0:0 1918
1917 9581 0:0 1918
1917 9578 0:0 1918
1927 9565 0:0 1929
1928 9567 0:0 1929
1928 9593 0:0 1929
1931 9595 21:0 1939
1932 121 0:0 1934
1938 9596 0:0 1939
1938 9594 0:0 1939
1938 9597 21:0 2005
1951 123 0:0 1953
1951 9587 0:0 1953
1952 9606 0:0 1953
1993 9613 0:0 1994
1993 9611 0:0 1994
2003 9598 0:0 2005
2004 9600 0:0 2005
2004 9626 0:0 2005
2004 9615 0:0 2005
2007 9628 21:0 2015
2008 139 0:0 2010
2014 9627 0:0 2015
2014 9629 0:0 2015
2014 9630 21:0 2081
2027 9620 0:0 2029
2028 9639 0:0 2029
2063 9640 0:0 2065
2069 9644 0:0 2070
2069 9646 0:0 2070
2079 9631 0:0 2081
2083 9661 21:0 2091
2090 9663 0:0 2091
2090 9662 21:0 2157
2103 159 0:0 2105
2104 9672 0:0 2105
2145 9677 0:0 2146
2145 9680 0:0 2146
2145 9679 0:0 2146
2155 9664 0:0 2157
2156 9692 0:0 2157
2156 9666 0:0 2157
2156 9681 0:0 2157
2159 9694 21:0 2167
2166 9693 0:0 2167
2166 9695 0:0 2167
2166 9696 21:0 2233
2179 9686 0:0 2181
2180 9705 0:0 2181
2215 9706 0:0 2217
2221 9713 0:0 2222
2221 9712 0:0 2222
2231 9697 0:0 2233
2232 9699 0:0 2233
2235 9727 21:0 2243
2242 9728 0:0 2243
2242 9729 21:0 2309
2307 9730 0:0 2309
2311 9760 21:0 2319
2318 9761 0:0 2319
2318 9762 21:0 2385
2331 213 0:0 2333
2383 9763 0:0 2385
2387 9793 21:0 2395
2388 229 0:0 2390
2394 233 0:0 2395
2394 9795 0:0 2395
2394 9794 21:0 2461
2407 231 0:0 2409
2459 9796 0:0 2461
2463 9826 21:0 2471
2470 9828 0:0 2471
2470 251 0:0 2471
2470 9827 21:0 2537
2535 9829 0:0 2537
2539 9859 21:0 2547
2546 9861 0:0 2547
2546 9860 21:0 2613
2611 9862 0:0 2613
2615 9892 21:0 2623
2622 9894 0:0 2623
2622 9893 21:0 2689
2687 9895 0:0 2689
2691 9925 21:0 2699
2698 9926 0:0 2699
2698 9927 21:0 2765
2763 9928 0:0 2765
2767 9958 21:0 2775
2774 9959 0:0 2775
2774 9960 21:0 2784
2776 9364 1:0 2785
2776 9365 1:0 2786
2783 9961 21:0 2794
2788 9363 1:0 2795
2789 9333 1:0 2901
2793 9710 21:0 2799
2795 9331 1:0 2907
2797 9332 1:0 2908
2797 9330 1:0 2917
2798 9614 21:0 2799
2798 9534 21:0 2802
2801 9607 21:0 2802
2803 9300 1:0 3023
2803 9299 1:0 3030
2814 336 21:0 2828
2833 9298 1:0 3029
2878 9845 21:0 2903
2902 9903 21:0 2903
2902 9673 21:0 2906
2905 9780 21:0 2906
2905 9864 21:0 2913
2910 9297 1:0 3039
2911 9267 1:0 3145
2911 9266 1:0 3152
2912 9871 21:0 2913
2912 9811 21:0 2916
2915 9798 21:0 2916
2915 9824 21:0 2921
2917 9265 1:0 3151
2919 9264 1:0 3161
2919 9262 1:0 3170
2920 9813 21:0 2921
2920 9818 21:0 2924
2922 9234 1:0 3267
2923 9660 21:0 2924
2923 9891 21:0 2947
2925 9232 1:0 3273
2944 9233 1:0 3274
2944 251 1:0 3279
2946 9805 21:0 2950
2995 9231 1:0 3283
2995 9217 1:0 3319
3000 9923 21:0 3025
3024 9714 21:0 3025
3024 9837 21:0 3028
3027 9719 21:0 3028
3027 9726 21:0 3035
3032 9216 1:0 3319
3032 9214 1:0 3319
3033 9209 1:0 3369
3033 9203 1:0 3373
3033 9201 1:0 3389
3033 231 1:0 3391
3034 9633 21:0 3035
3041 9199 1:0 3395
3041 9200 1:0 3396
3041 9197 1:0 3399
3047 9198 1:0 3405
3051 233 1:0 3401
3065 229 1:0 3409
3153 10135 21:0 3157
3154 9196 1:0 3414
3154 9190 1:0 3418
3154 9183 1:0 3441
3154 9177 1:0 3467
3155 9184 1:0 3441
3155 9181 1:0 3441
3155 9170 1:0 3495
3155 9168 1:0 3511
3163 9176 1:0 3491
3163 213 1:0 3513
3163 9167 1:0 3518
3169 9166 1:0 3517
3276 9165 1:0 3527
3277 9135 1:0 3633
3277 9133 1:0 3639
3285 9134 1:0 3640
3285 9132 1:0 3649
3295 9102 1:0 3755
3398 9101 1:0 3762
3399 9100 1:0 3761
3407 9099 1:0 3771
3407 9097 1:0 3780
3407 9091 1:0 3784
3407 9086 1:0 3799
3413 9077 1:0 3857
3413 9071 1:0 3861
3413 9069 1:0 3877
3417 159 1:0 3879
3520 9067 1:0 3883
3521 9068 1:0 3884
3521 9065 1:0 3887
3529 9066 1:0 3893
3529 9038 1:0 3983
3529 9036 1:0 3999
3535 9044 1:0 3979
3553 9034 1:0 4005
3642 9035 1:0 4006
3643 9033 1:0 4015
3643 139 1:0 4019
3643 9031 1:0 4024
3643 9025 1:0 4028
3651 9016 1:0 4051
3651 9005 1:0 4105
3651 9003 1:0 4121
3657 9001 1:0 4127
3661 123 1:0 4123
3764 9002 1:0 4128
3764 8999 1:0 4131
3765 9000 1:0 4137
3765 121 1:0 4141
3773 8970 1:0 4243
3773 8968 1:0 4249
3783 8969 1:0 4250
3797 107 1:0 4255
3886 8967 1:0 4259
3887 8954 1:0 4287
3887 8937 1:0 4365
3887 87 1:0 4367
3895 8935 1:0 4371
3901 8936 1:0 4372
3919 8934 1:0 4381
3920 85 1:0 4385
4008 8917 1:0 4417
4008 8920 1:0 4417
4009 8904 1:0 4487
4009 8903 1:0 4494
4017 8902 1:0 4493
4017 8900 1:0 4497
4023 8901 1:0 4503
4023 67 1:0 4507
4027 8893 1:0 4516
4041 8899 1:0 4512
4130 8887 1:0 4539
4131 8879 1:0 4589
4131 8871 1:0 4609
4131 51 1:0 4611
4139 8869 1:0 4615
4139 8870 1:0 4616
4145 8868 1:0 4625
4164 8838 1:0 4731
4252 8836 1:0 4737
4253 8837 1:0 4738
4261 8835 1:0 4747
4261 31 1:0 4751
4261 8805 1:0 4853
4267 8807 1:0 4837
4285 8804 1:0 4860
4374 8803 1:0 4859
4375 17 1:0 4865
4375 8802 1:0 4869
4375 8774 1:0 4959
4383 337 1:0 6334
4383 9961 1:0 6345
4617 10819 21:0 4621
4627 10823 21:0 4629
4984 10997 21:0 5023
5021 10998 0:0 5023
5023 11005 0:0 5028
5023 11002 0:0 5028
5023 11004 0:0 5028
5030 10991 21:0 5039
5037 11006 0:0 5039
5038 11017 21:0 5039
5041 11019 21:0 5049
5048 11021 0:0 5049
5048 11018 0:0 5049
5048 11020 21:0 5115
5061 11011 0:0 5063
5062 11030 0:0 5063
5097 11031 0:0 5099
5103 11037 0:0 5104
5103 11038 0:0 5104
5103 11035 0:0 5104
5113 11022 0:0 5115
5114 11039 0:0 5115
5114 11024 0:0 5115
5114 11050 0:0 5115
5117 11052 21:0 5125
5124 11053 0:0 5125
5124 11051 0:0 5125
5124 11054 21:0 5191
5137 11044 0:0 5139
5138 11063 0:0 5139
5173 11064 0:0 5175
5179 11071 0:0 5180
5179 11070 0:0 5180
5179 11068 0:0 5180
5189 11055 0:0 5191
5190 11083 0:0 5191
5190 11057 0:0 5191
5190 11072 0:0 5191
5193 11085 21:0 5201
5200 11087 0:0 5201
5200 11084 0:0 5201
5200 11086 21:0 5267
5213 11077 0:0 5215
5214 11096 0:0 5215
5249 11097 0:0 5251
5255 11101 0:0 5256
5255 11104 0:0 5256
5255 11103 0:0 5256
5265 11088 0:0 5267
5266 11090 0:0 5267
5266 11105 0:0 5267
5266 11116 0:0 5267
5269 11118 21:0 5277
5276 11117 0:0 5277
5276 11119 0:0 5277
5276 11120 21:0 5343
5289 11110 0:0 5291
5290 11129 0:0 5291
5325 11130 0:0 5327
5331 11136 0:0 5332
5331 11137 0:0 5332
5331 11134 0:0 5332
5341 11121 0:0 5343
5342 11123 0:0 5343
5342 11138 0:0 5343
5342 11149 0:0 5343
5345 11151 21:0 5353
5352 11150 0:0 5353
5352 11153 0:0 5353
5352 11152 21:0 5419
5365 11143 0:0 5367
5366 11162 0:0 5367
5401 11163 0:0 5403
5407 11169 0:0 5408
5407 11167 0:0 5408
5407 11170 0:0 5408
5417 11154 0:0 5419
5418 11156 0:0 5419
5418 11182 0:0 5419
5418 11171 0:0 5419
5421 11184 21:0 5429
5428 11186 0:0 5429
5428 11183 0:0 5429
5428 11185 21:0 5495
5441 11176 0:0 5443
5442 11195 0:0 5443
5477 11196 0:0 5479
5483 11202 0:0 5484
5483 11200 0:0 5484
5483 11203 0:0 5484
5493 11187 0:0 5495
5494 11189 0:0 5495
5494 11215 0:0 5495
5494 11204 0:0 5495
5497 11217 21:0 5505
5504 11219 0:0 5505
5504 11216 0:0 5505
5504 11218 21:0 5571
5517 11209 0:0 5519
5518 11228 0:0 5519
5553 11229 0:0 5555
5559 11236 0:0 5560
5559 11233 0:0 5560
5559 11235 0:0 5560
5569 11220 0:0 5571
5570 11237 0:0 5571
5570 11248 0:0 5571
5570 11222 0:0 5571
5573 11250 21:0 5581
5580 11251 0:0 5581
5580 11252 21:0 5647
5593 11242 0:0 5595
5645 11253 0:0 5647
5649 11283 21:0 5657
5656 11285 0:0 5657
5656 11284 21:0 5723
5705 11295 0:0 5707
5711 11299 0:0 5712
5711 11302 0:0 5712
5711 11301 0:0 5712
5721 11286 0:0 5723
5722 11314 0:0 5723
5722 11303 0:0 5723
5725 11316 21:0 5733
5732 11315 0:0 5733
5732 11317 0:0 5733
5732 11318 21:0 5799
5746 11327 0:0 5747
5781 11328 0:0 5783
5787 11335 0:0 5788
5787 11334 0:0 5788
5787 11332 0:0 5788
5797 11319 0:0 5799
5801 11349 21:0 5809
5808 11351 0:0 5809
5808 11350 21:0 5875
5873 11352 0:0 5875
5877 11382 21:0 5885
5884 11384 0:0 5885
5884 11383 21:0 5951
5949 11385 0:0 5951
5953 11415 21:0 5961
5960 11417 0:0 5961
5960 11416 21:0 6027
6025 11418 0:0 6027
6029 11448 21:0 6037
6036 11449 0:0 6037
6036 11450 21:0 6103
6101 11451 0:0 6103
6105 11481 21:0 6113
6112 11482 0:0 6113
6112 11483 21:0 6179
6177 11484 0:0 6179
6181 11514 21:0 6189
6188 11516 0:0 6189
6188 11515 21:0 6255
6253 11517 0:0 6255
6257 11547 21:0 6265
6264 11549 0:0 6265
6264 11548 21:0 6331
6329 11550 0:0 6331
6333 11580 21:0 6341
6340 11582 0:0 6341
6340 11581 21:0 6350
6342 9959 1:0 6352
6342 9960 1:0 6353
6349 11583 21:0 6361
6355 336 1:0 2777
6356 9958 1:0 6363
6356 9928 1:0 6476
6360 11262 21:0 6367
6362 9927 1:0 6484
6365 9926 1:0 6483
6365 9925 1:0 6494
6365 9923 1:0 6504
6366 11269 21:0 6367
6366 11268 21:0 6370
6368 9891 1:0 6578
6369 11270 21:0 6370
6371 9903 1:0 6586
6371 9895 1:0 6607
6384 337 21:0 6398
6392 9893 1:0 6614
6445 9894 1:0 6615
6451 11275 21:0 6478
6477 11281 21:0 6478
6477 11261 21:0 6481
6480 11266 21:0 6481
6480 11249 21:0 6489
6486 9892 1:0 6625
6486 10135 1:0 6655
6486 9871 1:0 6690
6487 9864 1:0 6722
6487 9862 1:0 6738
6488 11255 21:0 6489
6488 11282 21:0 6492
6491 11308 21:0 6492
6491 11288 21:0 6498
6493 9860 1:0 6745
6496 9861 1:0 6746
6496 9859 1:0 6756
6496 9837 1:0 6786
6497 11294 21:0 6498
6497 11321 21:0 6501
6499 9845 1:0 6795
6500 11336 21:0 6501
6500 11341 21:0 6521
6502 9805 1:0 6869
6502 9829 1:0 6869
6520 11347 21:0 6529
6522 9827 1:0 6876
6535 9828 1:0 6877
6582 11354 21:0 6609
6589 9826 1:0 6887
6608 11380 21:0 6609
6608 11365 21:0 6612
6611 11387 21:0 6612
6611 11361 21:0 6620
6617 9818 1:0 6892
6617 9824 1:0 6897
6617 9813 1:0 6917
6617 9811 1:0 6926
6618 9798 1:0 6984
6618 9796 1:0 7000
6619 11446 21:0 6620
6619 11440 21:0 6623
6622 11435 21:0 6623
6622 11479 21:0 6629
6624 9794 1:0 7007
6627 9795 1:0 7008
6627 9793 1:0 7018
6627 9780 1:0 7048
6628 11467 21:0 6629
6628 11506 21:0 6632
6631 11512 21:0 6632
6631 11501 21:0 6652
6633 9763 1:0 7131
6635 9762 1:0 7139
6654 9761 1:0 7138
6748 9760 1:0 7149
6749 9730 1:0 7262
6749 9726 1:0 7262
6758 9728 1:0 7269
6758 9729 1:0 7270
6764 9727 1:0 7280
6764 9719 1:0 7295
6766 9714 1:0 7310
6769 9710 1:0 7319
6784 9706 1:0 7345
6785 9712 1:0 7319
6797 9713 1:0 7319
6879 9697 1:0 7393
6880 9705 1:0 7372
6880 9699 1:0 7377
6880 9696 1:0 7401
6888 10196 21:0 6891
6889 9695 1:0 7400
6889 9693 1:0 7404
6892 9694 1:0 7411
6895 9692 1:0 7421
6895 9686 1:0 7426
6895 9681 1:0 7441
6897 9673 1:0 7476
6898 10199 21:0 6922
6900 9680 1:0 7450
6915 9679 1:0 7450
6916 9677 1:0 7450
7010 9672 1:0 7503
7010 9660 1:0 7524
7010 9664 1:0 7524
7011 9666 1:0 7508
7011 9662 1:0 7531
7020 9663 1:0 7532
7020 9661 1:0 7542
7020 9646 1:0 7581
7026 9644 1:0 7581
7026 9640 1:0 7607
7026 9633 1:0 7639
7047 9631 1:0 7655
7059 9639 1:0 7634
7141 9630 1:0 7663
7142 9629 1:0 7662
7142 9627 1:0 7666
7151 9628 1:0 7673
7151 9626 1:0 7683
7151 9620 1:0 7688
7151 9607 1:0 7703
7151 9615 1:0 7703
7151 9614 1:0 7712
7157 9611 1:0 7712
7157 9613 1:0 7712
7160 10313 21:0 7184
7177 9598 1:0 7786
7178 9600 1:0 7770
7185 9606 1:0 7765
7270 10363 21:0 7275
7272 9597 1:0 7794
7273 9596 1:0 7793
7273 9594 1:0 7797
7282 9595 1:0 7804
7282 9593 1:0 7814
7282 9587 1:0 7819
7282 9578 1:0 7843
7282 9580 1:0 7843
7282 9581 1:0 7843
7282 9574 1:0 7869
7288 9565 1:0 7917
7290 9567 1:0 7901
7293 9573 1:0 7896
7403 9564 1:0 7925
7404 9563 1:0 7924
7404 9561 1:0 7928
7404 9562 1:0 7935
7413 9554 1:0 7950
7413 9549 1:0 7965
7413 9548 1:0 7974
7413 9547 1:0 7974
7413 9545 1:0 7974
7413 9541 1:0 8000
7419 9534 1:0 8032
7419 9532 1:0 8048
7421 9540 1:0 8027
7452 9530 1:0 8055
7534 9531 1:0 8056
7535 9528 1:0 8059
7535 9529 1:0 8066
7535 9516 1:0 8096
7544 9527 1:0 8076
7544 9521 1:0 8081
7544 9512 1:0 8105
7544 9515 1:0 8105
7544 9514 1:0 8105
7544 9508 1:0 8131
7550 9507 1:0 8158
7550 9499 1:0 8179
7552 9501 1:0 8163
7553 10484 0:0 7574
7571 9497 1:0 8186
7665 9498 1:0 8187
7665 9495 1:0 8190
7666 9496 1:0 8197
7666 9494 1:0 8207
7666 9483 1:0 8227
7675 9488 1:0 8212
7675 9479 1:0 8236
7675 9481 1:0 8236
7675 9482 1:0 8236
7675 9475 1:0 8262
7675 10823 1:0 8281
7681 9466 1:0 8310
7681 10819 1:0 8310
7683 9468 1:0 8294
7686 9474 1:0 8289
7794 10591 21:0 7799
7796 9465 1:0 8318
7796 9462 1:0 8321
7797 9464 1:0 8317
7797 9463 1:0 8328
7797 9455 1:0 8343
7806 9461 1:0 8338
7806 9450 1:0 8358
7806 9448 1:0 8367
7806 9446 1:0 8367
7806 9449 1:0 8367
7806 9442 1:0 8393
7812 9435 1:0 8425
7812 9433 1:0 8441
7814 9441 1:0 8420
7845 9431 1:0 8448
7927 9429 1:0 8452
7928 9432 1:0 8449
7928 9430 1:0 8459
7928 9422 1:0 8474
7937 9428 1:0 8469
7937 9417 1:0 8489
7937 9413 1:0 8498
7937 9416 1:0 8498
7937 9415 1:0 8498
7937 9409 1:0 8524
7943 9402 1:0 8556
7943 9400 1:0 8572
7945 9408 1:0 8551
7976 9399 1:0 8580
8058 9396 1:0 8583
8059 9398 1:0 8579
8059 9397 1:0 8590
8059 9384 1:0 8620
8068 9395 1:0 8600
8068 9389 1:0 8605
8068 9380 1:0 8625
8068 9382 1:0 8625
8068 9383 1:0 8625
8068 9376 1:0 8655
8068 9369 1:0 8674
8068 9375 1:0 8682
8074 338 1:0 10063
8077 10712 0:0 8098
8079 11583 1:0 10074
8107 11581 1:0 10081
8198 10766 21:0 8201
8318 10819 21:0 8323
8601 10940 0:0 8622
8713 12619 21:0 8752
8765 12639 21:0 8768
8766 12628 0:0 8768
8767 12613 21:0 8768
8770 12641 21:0 8778
8777 12640 0:0 8778
8777 12642 0:0 8778
8777 12643 21:0 8844
8790 12633 0:0 8792
8790 15 0:0 8792
8791 12652 0:0 8792
8826 12653 0:0 8828
8832 12659 0:0 8833
8832 12660 0:0 8833
8832 12657 0:0 8833
8842 12644 0:0 8844
8843 12646 0:0 8844
8843 12672 0:0 8844
8846 12674 21:0 8854
8847 31 0:0 8849
8853 12676 0:0 8854
8853 12675 21:0 8920
8866 12666 0:0 8868
8866 33 0:0 8868
8908 12693 0:0 8909
8908 12690 0:0 8909
8908 12692 0:0 8909
8918 12677 0:0 8920
8919 12705 0:0 8920
8919 12694 0:0 8920
8919 12679 0:0 8920
8922 12707 21:0 8930
8929 53 0:0 8930
8929 12709 0:0 8930
8929 12706 0:0 8930
8929 12708 21:0 8996
8942 51 0:0 8944
8943 12718 0:0 8944
8984 12723 0:0 8985
8984 12725 0:0 8985
8994 12710 0:0 8996
8995 12727 0:0 8996
8995 12712 0:0 8996
8998 12740 21:0 9006
9005 12739 0:0 9006
9005 12742 0:0 9006
9005 12741 21:0 9072
9019 12751 0:0 9020
9054 12752 0:0 9056
9060 12759 0:0 9061
9060 12756 0:0 9061
9060 12758 0:0 9061
9070 12743 0:0 9072
9071 12771 0:0 9072
9071 12760 0:0 9072
9071 12745 0:0 9072
9074 12773 21:0 9082
9075 85 0:0 9077
9081 12772 0:0 9082
9081 12775 0:0 9082
9081 12774 21:0 9148
9136 12789 0:0 9137
9146 12776 0:0 9148
9147 12778 0:0 9148
9147 12804 0:0 9148
9150 12806 21:0 9158
9157 12808 0:0 9158
9157 12807 21:0 9224
9212 12825 0:0 9213
9212 12822 0:0 9213
9222 12809 0:0 9224
9223 12837 0:0 9224
9223 12811 0:0 9224
9226 12839 21:0 9234
9233 12838 0:0 9234
9233 12841 0:0 9234
9233 12840 21:0 9300
9246 12831 0:0 9248
9282 12851 0:0 9284
9288 12855 0:0 9289
9298 12842 0:0 9300
9299 12844 0:0 9300
9302 12872 21:0 9310
9309 12874 0:0 9310
9309 12873 21:0 9376
9322 141 0:0 9324
9322 12864 0:0 9324
9358 12884 0:0 9360
9364 12891 0:0 9365
9364 12890 0:0 9365
9374 12875 0:0 9376
9375 12877 0:0 9376
9378 12905 21:0 9386
9385 12907 0:0 9386
9385 161 0:0 9386
9385 12906 21:0 9452
9398 159 0:0 9400
9440 12923 0:0 9441
9450 12908 0:0 9452
9454 12938 21:0 9462
9461 12940 0:0 9462
9461 12937 0:0 9462
9461 12939 21:0 9528
9474 177 0:0 9476
9474 12930 0:0 9476
9516 12956 0:0 9517
9526 12941 0:0 9528
9530 12971 21:0 9538
9537 12970 0:0 9538
9537 12972 0:0 9538
9537 197 0:0 9538
9537 12973 21:0 9604
9602 12974 0:0 9604
9603 12991 0:0 9604
9606 13004 21:0 9614
9613 13006 0:0 9614
9613 13005 21:0 9680
9627 13015 0:0 9628
9662 13016 0:0 9664
9668 13022 0:0 9669
9678 13007 0:0 9680
9682 13037 21:0 9690
9689 13039 0:0 9690
9689 233 0:0 9690
9689 13036 0:0 9690
9689 13038 21:0 9756
9702 13029 0:0 9704
9703 13048 0:0 9704
9754 13040 0:0 9756
9758 13070 21:0 9766
9759 247 0:0 9761
9765 13069 0:0 9766
9765 13071 0:0 9766
9765 13072 21:0 9832
9778 249 0:0 9780
9820 13086 0:0 9821
9830 13073 0:0 9832
9834 13103 21:0 9842
9841 13104 0:0 9842
9841 13105 21:0 9908
9906 13106 0:0 9908
9910 13136 21:0 9918
9917 13138 0:0 9918
9917 13137 21:0 9984
9982 13139 0:0 9984
9986 13169 21:0 9994
9993 13170 0:0 9994
9993 13171 21:0 10060
10058 13172 0:0 10060
10062 13202 21:0 10070
10063 319 0:0 10065
10069 13203 0:0 10070
10069 13204 21:0 10079
10071 11582 1:0 10082
10078 13205 21:0 10090
10084 11580 1:0 10092
10084 319 1:0 10096
10085 11550 1:0 10205
10091 11548 1:0 10212
10094 11549 1:0 10213
10094 11547 1:0 10223
10100 11517 1:0 10336
10113 338 21:0 10127
10120 11515 1:0 10343
10215 11516 1:0 10344
10216 11514 1:0 10354
10216 11501 1:0 10359
10216 11512 1:0 10364
10216 11506 1:0 10369
10225 11484 1:0 10467
10225 11483 1:0 10475
10231 11482 1:0 10474
10251 11481 1:0 10485
10252 11467 1:0 10518
10264 11479 1:0 10495
10346 10196 1:0 10569
10346 11435 1:0 10598
10347 11451 1:0 10598
10347 11450 1:0 10606
10356 249 1:0 10600
10356 11449 1:0 10605
10362 11448 1:0 10616
10362 247 1:0 10620
10362 11440 1:0 10621
10364 11446 1:0 10626
10367 10199 1:0 10625
10477 11418 1:0 10729
10478 11416 1:0 10736
10478 11417 1:0 10737
10487 233 1:0 10742
10487 11415 1:0 10747
10487 11361 1:0 10752
10487 10313 1:0 10780
10487 11387 1:0 10780
10487 10363 1:0 10831
10493 11365 1:0 10860
10498 11385 1:0 10860
10608 11383 1:0 10867
10609 11384 1:0 10868
10609 11382 1:0 10878
10609 11380 1:0 10883
10618 11347 1:0 10911
10618 11354 1:0 10911
10618 11341 1:0 10962
10618 11336 1:0 10991
10618 11352 1:0 10991
10626 11350 1:0 10998
10657 11351 1:0 10999
10739 11349 1:0 11009
10740 197 1:0 11004
10740 11321 1:0 11014
10740 11288 1:0 11042
10740 11294 1:0 11042
10740 11332 1:0 11048
10740 11308 1:0 11093
10749 11335 1:0 11048
10749 11334 1:0 11048
10749 11328 1:0 11074
10749 11319 1:0 11122
10749 11282 1:0 11122
10755 11327 1:0 11101
10755 177 1:0 11124
10775 11318 1:0 11130
10870 11317 1:0 11129
10870 11315 1:0 11133
10871 11316 1:0 11140
10871 11255 1:0 11145
10871 11314 1:0 11150
10871 11249 1:0 11173
10880 11303 1:0 11170
10880 11266 1:0 11173
10880 11302 1:0 11179
10880 11299 1:0 11179
10880 11301 1:0 11179
10880 11295 1:0 11205
10880 11281 1:0 11224
10880 11275 1:0 11253
10888 11286 1:0 11253
10891 159 1:0 11255
11001 11284 1:0 11260
11002 11285 1:0 11261
11002 161 1:0 11266
11002 11283 1:0 11271
11011 11270 1:0 11276
11011 10484 1:0 11280
11011 11269 1:0 11301
11011 11268 1:0 11301
11011 11262 1:0 11336
11017 11261 1:0 11363
11017 11253 1:0 11384
11037 11252 1:0 11392
11038 141 1:0 11386
11132 11251 1:0 11391
11133 11250 1:0 11402
11133 11248 1:0 11412
11133 11242 1:0 11417
11133 11237 1:0 11432
11142 11233 1:0 11441
11142 11236 1:0 11441
11142 11235 1:0 11441
11142 11229 1:0 11467
11142 11220 1:0 11515
11148 11228 1:0 11494
11148 11222 1:0 11499
11148 10591 1:0 11515
11169 11218 1:0 11522
11263 11219 1:0 11523
11263 11216 1:0 11526
11264 11217 1:0 11533
11264 11215 1:0 11543
11264 11209 1:0 11548
11273 11204 1:0 11563
11273 11202 1:0 11572
11273 11200 1:0 11572
11273 11203 1:0 11572
11273 11196 1:0 11598
11279 11195 1:0 11625
11279 11189 1:0 11630
11279 11187 1:0 11646
11300 11185 1:0 11653
11312 11183 1:0 11657
11394 11186 1:0 11654
11395 11184 1:0 11664
11395 11182 1:0 11674
11395 11176 1:0 11679
11404 11171 1:0 11694
11404 11170 1:0 11703
11404 11167 1:0 11703
11404 11169 1:0 11703
11404 11163 1:0 11729
11410 11162 1:0 11756
11410 11156 1:0 11761
11410 11154 1:0 11777
11431 11152 1:0 11784
11443 11150 1:0 11788
11525 11153 1:0 11785
11526 11151 1:0 11795
11526 85 1:0 11799
11526 10712 1:0 11804
11535 11149 1:0 11805
11535 11143 1:0 11810
11535 11138 1:0 11825
11535 11136 1:0 11834
11535 11134 1:0 11834
11535 11137 1:0 11834
11535 11130 1:0 11860
11535 10766 1:0 11908
11543 11121 1:0 11908
11546 11123 1:0 11892
11561 11129 1:0 11887
11656 11120 1:0 11916
11656 11117 1:0 11919
11657 11119 1:0 11915
11666 11118 1:0 11926
11666 11116 1:0 11936
11666 11110 1:0 11941
11666 11105 1:0 11956
11666 11101 1:0 11965
11666 11103 1:0 11965
11666 11104 1:0 11965
11666 11097 1:0 11991
11672 10819 1:0 12039
11677 11088 1:0 12039
11692 11090 1:0 12023
11693 11096 1:0 12018
11787 51 1:0 12041
11787 11086 1:0 12046
11788 11087 1:0 12047
11788 11084 1:0 12050
11788 53 1:0 12052
11797 11085 1:0 12057
11797 11083 1:0 12067
11797 11077 1:0 12072
11797 11072 1:0 12087
11797 11070 1:0 12096
11803 11068 1:0 12096
11803 11071 1:0 12096
11803 11064 1:0 12122
11824 11055 1:0 12170
11836 11057 1:0 12154
11918 11063 1:0 12149
11919 33 1:0 12172
11919 11053 1:0 12177
11919 11054 1:0 12178
11928 11051 1:0 12181
11928 11052 1:0 12188
11928 31 1:0 12192
11928 11050 1:0 12198
11928 339 1:0 12221
11934 11044 1:0 12203
11934 11039 1:0 12218
11934 11037 1:0 12223
11936 11031 1:0 12223
11939 11035 1:0 12223
11954 11017 1:0 12272
11955 11038 1:0 12223
12049 10991 1:0 12301
12049 11022 1:0 12301
12050 11030 1:0 12280
12050 11024 1:0 12285
12050 15 1:0 12303
12059 11020 1:0 12308
12059 11021 1:0 12309
12059 11018 1:0 12312
12065 11019 1:0 12319
12065 10997 1:0 12324
12086 13205 1:0 12434
12098 11011 1:0 12326
12180 11006 1:0 12325
12180 10940 1:0 12326
12180 11004 1:0 12354
12180 11005 1:0 12354
12181 11002 1:0 12354
12181 10998 1:0 12354
12181 13204 1:0 12442
12190 13203 1:0 12441
12190 13202 1:0 12452
12196 6154 1:0 12615
12201 13172 1:0 12655
12216 6153 1:0 12606
12217 6152 1:0 12605
12229 6155 1:0 12616
12311 6156 1:0 12625
12311 6157 1:0 12626
12312 13170 1:0 12662
12312 13171 1:0 12663
12321 13169 1:0 12673
12321 6299 1:0 12826
12321 6300 1:0 12827
12321 6302 1:0 12837
12327 13139 1:0 12876
12329 6301 1:0 12836
12332 6303 1:0 12846
12347 6304 1:0 12847
12348 6447 1:0 13048
12444 13137 1:0 12883
12445 13138 1:0 12884
12445 13136 1:0 12894
12454 6446 1:0 13047
12454 6448 1:0 13057
12454 6449 1:0 13058
12454 6450 1:0 13067
12454 13106 1:0 13097
12460 6451 1:0 13068
12473 339 21:0 12487
12480 13105 1:0 13105
12493 13104 1:0 13104
12562 13103 1:0 13115
12563 13086 1:0 13154
12563 6594 1:0 13269
12613 6593 1:0 13268
12623 6595 1:0 13278
12625 6154 21:0 12657
12656 6156 0:0 12657
12656 6157 0:0 12657
12656 6155 0:0 12657
12656 6152 0:0 12657
12656 6153 0:0 12657
12665 13073 1:0 13318
12666 6596 1:0 13279
12666 6597 1:0 13288
12666 6598 1:0 13289
12666 6740 1:0 13489
12675 13071 1:0 13325
12675 13072 1:0 13326
12675 13069 1:0 13329
12681 13070 1:0 13336
12683 13048 1:0 13428
12686 6741 1:0 13490
12714 13040 1:0 13539
12755 6742 1:0 13499
12755 6743 1:0 13500
12768 6744 1:0 13509
12783 6745 1:0 13510
12834 13038 1:0 13546
12843 6302 21:0 12878
12844 13036 1:0 13550
12876 6301 0:0 12878
12877 6304 0:0 12878
12877 6299 0:0 12878
12877 6303 0:0 12878
12877 6300 0:0 12878
12886 13039 1:0 13547
12887 13037 1:0 13557
12887 13029 1:0 13572
12887 13022 1:0 13596
12896 13016 1:0 13622
12896 13015 1:0 13649
12896 6887 1:0 13710
12896 6888 1:0 13711
12896 13007 1:0 13760
12902 6889 1:0 13720
12902 6890 1:0 13721
12902 6891 1:0 13730
12904 6892 1:0 13731
12935 13005 1:0 13767
12989 13006 1:0 13768
13006 13004 1:0 13778
13055 12991 1:0 13808
13063 6447 21:0 13099
13065 7036 1:0 13941
13097 6448 0:0 13099
13098 6451 0:0 13099
13098 6450 0:0 13099
13098 6449 0:0 13099
13098 6446 0:0 13099
13107 7034 1:0 13931
13107 7035 1:0 13932
13107 7037 1:0 13942
13107 7038 1:0 13951
13108 7039 1:0 13952
13108 12974 1:0 13981
13117 12972 1:0 13988
13117 12973 1:0 13989
13117 12970 1:0 13992
13125 12971 1:0 13999
13128 12956 1:0 14038
13143 7183 1:0 14162
13197 12941 1:0 14202
13205 7182 1:0 14153
13210 7181 1:0 14152
13225 7184 1:0 14163
13226 7185 1:0 14172
13226 7186 1:0 14173
13276 7331 1:0 14384
13284 6594 21:0 13320
13286 7328 1:0 14373
13319 6597 0:0 13320
13319 6595 0:0 13320
13319 6596 0:0 13320
13319 6598 0:0 13320
13319 6593 0:0 13320
13328 12939 1:0 14209
13329 12940 1:0 14210
13329 12937 1:0 14213
13329 7329 1:0 14374
13338 12938 1:0 14220
13338 12930 1:0 14235
13338 12923 1:0 14259
13338 7330 1:0 14383
13344 12908 1:0 14423
13346 7332 1:0 14393
13349 7333 1:0 14394
13377 12906 1:0 14430
13446 12907 1:0 14431
13497 12905 1:0 14441
13505 6740 21:0 13541
13507 12884 1:0 14506
13539 6742 0:0 13541
13540 6743 0:0 13541
13540 6745 0:0 13541
13540 6741 0:0 13541
13540 6744 0:0 13541
13549 12891 1:0 14480
13549 12890 1:0 14480
13549 7475 1:0 14594
13549 7476 1:0 14595
13550 12877 1:0 14538
13550 7477 1:0 14604
13550 12875 1:0 14644
13559 7478 1:0 14605
13559 7479 1:0 14614
13559 7480 1:0 14615
13559 12873 1:0 14651
13565 12874 1:0 14652
13586 12872 1:0 14662
13598 12864 1:0 14677
13598 12851 1:0 14727
13639 12855 1:0 14701
13639 7622 1:0 14815
13652 12844 1:0 14759
13669 12842 1:0 14865
13718 7623 1:0 14816
13726 6888 21:0 13762
13728 7624 1:0 14825
13760 6887 0:0 13762
13761 6890 0:0 13762
13761 6892 0:0 13762
13761 6889 0:0 13762
13761 6891 0:0 13762
13770 7625 1:0 14826
13770 7626 1:0 14835
13770 7627 1:0 14836
13771 12840 1:0 14872
13771 12838 1:0 14876
13780 12841 1:0 14873
13780 12839 1:0 14883
13780 12837 1:0 14893
13780 12831 1:0 14898
13786 12822 1:0 14922
13786 12825 1:0 14922
13786 7769 1:0 15036
13807 12809 1:0 15086
13819 12811 1:0 14980
13819 7770 1:0 15037
13860 7771 1:0 15046
13868 7772 1:0 15047
13873 7773 1:0 15056
13888 7774 1:0 15057
13949 12807 1:0 15093
13951 7036 21:0 13983
13981 7038 0:0 13983
13982 7035 0:0 13983
13982 7037 0:0 13983
13982 7034 0:0 13983
13982 7039 0:0 13983
13991 12808 1:0 15094
13992 12806 1:0 15104
13992 12804 1:0 15114
13992 12789 1:0 15143
14001 12778 1:0 15201
14001 7916 1:0 15257
14001 7917 1:0 15258
14001 7919 1:0 15268
14001 12776 1:0 15307
14007 7918 1:0 15267
14007 7920 1:0 15277
14007 7921 1:0 15278
14028 12774 1:0 15314
14081 12775 1:0 15315
14094 12772 1:0 15318
14111 12773 1:0 15325
14160 12760 1:0 15355
14170 12771 1:0 15335
14172 7183 21:0 14204
14202 7185 0:0 14204
14203 7182 0:0 14204
14203 7181 0:0 14204
14203 7184 0:0 14204
14203 7186 0:0 14204
14212 12756 1:0 15364
14212 12758 1:0 15364
14212 12759 1:0 15364
14212 12752 1:0 15390
14213 12745 1:0 15422
14213 8063 1:0 15478
14213 8064 1:0 15479
14213 8065 1:0 15488
14213 8066 1:0 15489
14213 8068 1:0 15499
14222 12751 1:0 15417
14222 8067 1:0 15498
14222 12743 1:0 15528
14228 12741 1:0 15535
14228 12739 1:0 15539
14249 12742 1:0 15536
14302 12740 1:0 15546
14315 12727 1:0 15576
14330 12723 1:0 15585
14331 12725 1:0 15585
14331 8213 1:0 15710
14381 8210 1:0 15699
14390 7331 21:0 14425
14391 8211 1:0 15700
14423 7329 0:0 14425
14424 7328 0:0 14425
14424 7333 0:0 14425
14424 7332 0:0 14425
14424 7330 0:0 14425
14433 12718 1:0 15638
14433 12712 1:0 15643
14433 8212 1:0 15709
14433 8214 1:0 15719
14434 8215 1:0 15720
14434 12710 1:0 15749
14443 12708 1:0 15756
14443 12709 1:0 15757
14443 12706 1:0 15760
14451 12707 1:0 15767
14454 12694 1:0 15797
14469 12705 1:0 15777
14470 12693 1:0 15806
14482 12690 1:0 15806
14482 12692 1:0 15806
14523 12679 1:0 15864
14523 8362 1:0 15941
14536 8358 1:0 15921
14553 12677 1:0 15970
14602 8357 1:0 15920
14610 7476 21:0 14646
14612 8359 1:0 15930
14644 7479 0:0 14646
14645 7475 0:0 14646
14645 7480 0:0 14646
14645 7478 0:0 14646
14645 7477 0:0 14646
14654 8360 1:0 15931
14654 8361 1:0 15940
14655 12675 1:0 15977
14655 12676 1:0 15978
14664 12674 1:0 15988
14664 12672 1:0 15998
14664 12666 1:0 16003
14664 12660 1:0 16027
14664 12657 1:0 16027
14670 12659 1:0 16027
14670 12653 1:0 16053
14670 8508 1:0 16161
14672 8504 1:0 16141
14703 12646 1:0 16085
14703 12644 1:0 16191
14744 12652 1:0 16080
14744 8505 1:0 16142
14757 8506 1:0 16151
14772 8507 1:0 16152
14773 8509 1:0 16162
14831 7622 21:0 14867
14833 12643 1:0 16199
14865 7626 0:0 14867
14866 7625 0:0 14867
14866 7623 0:0 14867
14866 7627 0:0 14867
14866 7624 0:0 14867
14875 12642 1:0 16198
14876 12640 1:0 16202
14876 12641 1:0 16209
14876 12639 1:0 16219
14885 12633 1:0 16224
14885 12628 1:0 16239
14885 12619 1:0 16242
14885 12613 1:0 16293
14885 8651 1:0 16362
14885 8652 1:0 16363
14885 8653 1:0 16372
14885 8654 1:0 16373
14891 8655 1:0 16382
14891 8656 1:0 16383
15052 7769 21:0 15088
15086 7773 0:0 15088
15087 7770 0:0 15088
15087 7772 0:0 15088
15087 7774 0:0 15088
15087 7771 0:0 15088
15274 7919 21:0 15309
15307 7920 0:0 15309
15308 7921 0:0 15309
15308 7917 0:0 15309
15308 7918 0:0 15309
15308 7916 0:0 15309
15505 8068 21:0 15530
15528 8066 0:0 15530
15529 8063 0:0 15530
15529 8065 0:0 15530
15529 8067 0:0 15530
15529 8064 0:0 15530
15716 8213 21:0 15751
15749 8214 0:0 15751
15750 8212 0:0 15751
15750 8210 0:0 15751
15750 8215 0:0 15751
15750 8211 0:0 15751
15947 8362 21:0 15972
15970 8361 0:0 15972
15971 8359 0:0 15972
15971 8360 0:0 15972
15971 8357 0:0 15972
15971 8358 0:0 15972
16171 8508 21:0 16193
16192 8504 0:0 16193
16192 8509 0:0 16193
16192 8505 0:0 16193
16192 8506 0:0 16193
16192 8507 0:0 16193
16369 8652 21:0 60
