159 25155 21:0 164
163 25156 21:0 168
167 25067 21:0 212
211 25063 21:0 212
211 25064 21:0 217
216 25065 21:0 217
216 25066 21:0 222
221 25061 21:0 222
221 25055 21:0 222
221 25062 21:0 236
235 25262 21:0 288
290 25295 21:0 298
298 25298 21:0 364
371 25330 21:0 388
387 25329 21:0 440
447 25363 21:0 464
463 25362 21:0 516
515 25361 21:0 521
520 25394 21:0 540
539 25364 21:0 592
591 25397 21:0 597
599 25429 21:0 616
678 25463 21:0 744
743 25461 21:0 749
751 25495 21:0 768
767 25493 21:0 820
819 25496 21:0 825
830 25529 21:0 896
898 25559 21:0 906
906 25562 21:0 972
971 25560 21:0 977
979 25593 21:0 996
1055 25626 21:0 1072
1071 25627 21:0 1124
1131 25659 21:0 1148
1147 25658 21:0 1200
1207 25692 21:0 1224
1278 25724 21:0 1286
1436 25793 21:0 1453
1452 25794 21:0 1505
1504 25791 21:0 1510
1509 25792 21:0 1529
1528 25824 21:0 1581
1580 25827 21:0 1586
1585 25826 21:0 1591
1591 25860 21:0 1657
1656 25858 21:0 1662
1664 25892 21:0 1681
1680 25891 21:0 1733
1732 25890 21:0 1738
1740 25924 21:0 1757
1756 25923 21:0 1809
1808 25925 21:0 1814
1816 25957 21:0 1833
1832 25958 21:0 1885
1884 25956 21:0 1890
1889 25959 21:0 1909
1908 25989 21:0 1961
1960 25991 21:0 1966
1965 25990 21:0 1971
1970 25992 21:0 2037
2036 26022 21:0 2042
2041 26024 21:0 2047
2046 26023 21:0 2102
2101 26025 21:0 2118
2117 26055 21:0 2123
2122 26056 21:0 2178
2177 26057 21:0 2194
2193 26058 21:0 2199
2198 26088 21:0 2249
2248 26089 21:0 2265
2264 26090 21:0 2275
2274 25859 21:0 2293
2292 25825 21:0 2341
2340 25857 21:0 2346
2345 25926 21:0 2365
2364 25893 21:0 2417
2416 26156 21:0 2422
2421 26121 21:0 2427
2426 26123 21:0 2493
2492 26124 21:0 2498
2497 26091 21:0 2503
2502 26155 21:0 2569
2568 26154 21:0 2574
2573 26122 21:0 2579
2578 26157 21:0 2585
2584 26187 21:0 2595
2592 25724 1:0 2721
2593 25692 1:0 2833
2594 26221 21:0 2598
2596 25659 1:0 2955
2597 26223 21:0 2603
2599 25658 1:0 2965
2601 25627 1:0 3071
2604 25626 1:0 3077
2607 25593 1:0 3199
2618 312 21:0 2632
2626 25562 1:0 3315
2631 26188 21:0 2707
2677 25560 1:0 3321
2703 25559 1:0 3331
2706 26222 21:0 2710
2709 26220 21:0 2717
2714 25529 1:0 3437
2715 25496 1:0 3559
2716 26253 21:0 2720
2718 25495 1:0 3566
2719 26190 21:0 2728
2721 25493 1:0 3575
2723 25463 1:0 3681
2727 26189 21:0 2754
2729 25461 1:0 3687
2729 25429 1:0 3810
2747 25397 1:0 3925
2753 26254 21:0 2829
2755 25394 1:0 3941
2799 25364 1:0 3972
2836 25362 1:0 4047
2837 25363 1:0 4054
2845 25361 1:0 4063
2851 25329 1:0 4169
2869 25330 1:0 4176
2958 25298 1:0 4291
2959 25295 1:0 4307
2959 313 1:0 5751
2967 25262 1:0 4429
2973 26254 1:0 5891
4601 27233 21:0 4609
4608 27234 21:0 4659
4658 27235 21:0 4675
4674 27236 21:0 4685
4684 27266 21:0 4703
4702 27267 21:0 4751
4750 27268 21:0 4756
4755 27269 21:0 4775
4774 27302 21:0 4827
4829 27332 21:0 4837
4836 27334 21:0 4887
4886 27335 21:0 4903
4905 27365 21:0 4913
4912 27366 21:0 4963
4962 27367 21:0 4979
4978 27368 21:0 4989
4988 27398 21:0 5007
5006 27399 21:0 5055
5054 27400 21:0 5060
5059 27401 21:0 5079
5078 27431 21:0 5131
5130 27433 21:0 5136
5135 27432 21:0 5141
5140 27434 21:0 5207
5206 27464 21:0 5212
5211 27466 21:0 5217
5216 27465 21:0 5278
5277 27333 21:0 5288
5287 27300 21:0 5293
5292 27299 21:0 5348
5347 27301 21:0 5364
5363 27531 21:0 5369
5368 27498 21:0 5419
5418 27499 21:0 5435
5434 27497 21:0 5445
5444 27500 21:0 5467
5466 27530 21:0 5511
5510 27532 21:0 5516
5515 27533 21:0 5535
5534 27467 21:0 5587
5586 27565 21:0 5592
5591 27629 21:0 5606
5605 27564 21:0 5663
5662 27598 21:0 5668
5667 27596 21:0 5673
5672 27566 21:0 5739
5738 27597 21:0 5744
5743 27563 21:0 5749
5748 27599 21:0 5755
5754 27631 21:0 5766
5763 26253 1:0 5902
5764 26222 1:0 5935
5764 26223 1:0 6015
5765 27662 21:0 5769
5767 26221 1:0 6022
5768 27665 21:0 5775
5770 26220 1:0 6033
5773 26189 1:0 6066
5773 26190 1:0 6146
5776 26188 1:0 6153
5781 26187 1:0 6164
5792 313 21:0 5806
5800 26157 1:0 6197
5805 27630 21:0 5886
5853 26155 1:0 6277
5882 26156 1:0 6285
5885 27697 21:0 5889
5888 27632 21:0 5897
5894 26154 1:0 6295
5895 26122 1:0 6328
5895 26124 1:0 6408
5896 27695 21:0 5900
5898 26123 1:0 6416
5899 27664 21:0 5909
5901 26121 1:0 6426
5904 26091 1:0 6459
5904 26090 1:0 6539
5910 26089 1:0 6546
5912 26088 1:0 6557
5931 26058 1:0 6590
6025 26057 1:0 6670
6026 26056 1:0 6677
6035 26055 1:0 6688
6035 26025 1:0 6721
6041 26023 1:0 6801
6045 26024 1:0 6809
6074 26022 1:0 6819
6156 25992 1:0 6852
6157 25990 1:0 6932
6166 25991 1:0 6940
6166 25989 1:0 6950
6172 25959 1:0 6983
6177 25958 1:0 7063
6205 25957 1:0 7070
6287 25956 1:0 7081
6288 25926 1:0 7114
6297 25925 1:0 7194
6297 25924 1:0 7201
6303 25923 1:0 7212
6308 25893 1:0 7245
6336 25891 1:0 7325
6418 25892 1:0 7333
6419 25890 1:0 7343
6428 25859 1:0 7376
6428 25860 1:0 7456
6434 25858 1:0 7463
6454 25857 1:0 7474
6467 25825 1:0 7507
6549 25827 1:0 7587
6550 25826 1:0 7595
6559 25824 1:0 7605
6559 25792 1:0 7638
6565 25794 1:0 7718
6585 25793 1:0 7726
6586 314 1:0 9066
6680 25791 1:0 7736
7916 28675 21:0 7924
7923 28677 21:0 7974
7973 28676 21:0 7990
7989 28678 21:0 8000
7999 28708 21:0 8018
8017 28710 21:0 8066
8065 28709 21:0 8071
8070 28711 21:0 8090
8089 28744 21:0 8142
8144 28774 21:0 8152
8151 28776 21:0 8202
8201 28775 21:0 8218
8217 28777 21:0 8228
8227 28808 21:0 8246
8245 28809 21:0 8294
8293 28810 21:0 8299
8298 28840 21:0 8318
8317 28843 21:0 8370
8372 28873 21:0 8380
8379 28874 21:0 8430
8429 28875 21:0 8446
8445 28876 21:0 8456
8455 28906 21:0 8474
8473 28743 21:0 8522
8521 28842 21:0 8527
8526 28807 21:0 8546
8545 28742 21:0 8598
8597 28907 21:0 8603
8602 28909 21:0 8608
8607 28908 21:0 8674
8673 28741 21:0 8679
8678 28939 21:0 8684
8683 28841 21:0 8745
8744 28941 21:0 8755
8754 28940 21:0 8760
8759 29008 21:0 8815
8814 29005 21:0 8831
8830 28972 21:0 8836
8835 29038 21:0 8886
8885 28975 21:0 8902
8901 29006 21:0 8912
8911 29007 21:0 8934
8933 28942 21:0 8978
8977 28974 21:0 8983
8982 29071 21:0 9002
9001 29040 21:0 9054
9053 29041 21:0 9059
9058 29072 21:0 9070
9069 29073 21:0 9073
9072 28973 21:0 9081
9078 27697 1:0 9207
9079 27695 1:0 9217
9079 27665 1:0 9330
9080 29039 21:0 9084
9082 27664 1:0 9338
9083 29074 21:0 9093
9085 27662 1:0 9348
9088 27632 1:0 9381
9088 27630 1:0 9461
9094 27631 1:0 9469
9096 27629 1:0 9479
9107 314 21:0 9121
9115 27599 1:0 9512
9120 29104 21:0 9201
9168 27597 1:0 9592
9197 27598 1:0 9600
9200 29106 21:0 9204
9203 29138 21:0 9212
9209 27596 1:0 9610
9210 27566 1:0 9643
9210 27564 1:0 9723
9211 29105 21:0 9215
9213 27565 1:0 9731
9214 29139 21:0 9224
9216 27563 1:0 9741
9219 27533 1:0 9774
9219 27532 1:0 9854
9225 27531 1:0 9861
9227 27530 1:0 9872
9246 27500 1:0 9905
9340 27499 1:0 9985
9341 27498 1:0 9992
9350 27497 1:0 10003
9350 27467 1:0 10036
9356 27465 1:0 10116
9360 27466 1:0 10124
9389 27464 1:0 10134
9471 27434 1:0 10167
9472 27432 1:0 10247
9481 27433 1:0 10255
9481 27431 1:0 10265
9487 27401 1:0 10298
9492 27400 1:0 10378
9520 27399 1:0 10385
9602 27398 1:0 10396
9603 27368 1:0 10429
9612 27367 1:0 10509
9612 27366 1:0 10516
9618 27365 1:0 10527
9623 27333 1:0 10560
9651 27335 1:0 10640
9733 27334 1:0 10648
9734 27332 1:0 10658
9743 27301 1:0 10691
9743 27302 1:0 10771
9749 27300 1:0 10778
9769 27299 1:0 10789
9782 27269 1:0 10822
9864 27268 1:0 10902
9865 27267 1:0 10909
9874 27266 1:0 10920
9874 27236 1:0 10953
9880 27235 1:0 11033
9900 27234 1:0 11040
9901 315 1:0 12381
9995 27233 1:0 11051
11231 30117 21:0 11239
11238 30119 21:0 11289
11288 30118 21:0 11305
11304 30120 21:0 11315
11314 30150 21:0 11333
11332 30152 21:0 11381
11380 30151 21:0 11386
11385 30153 21:0 11405
11404 30186 21:0 11457
11459 30216 21:0 11467
11466 30218 21:0 11517
11516 30217 21:0 11533
11532 30219 21:0 11543
11542 30249 21:0 11561
11560 30252 21:0 11609
11611 30282 21:0 11619
11618 30284 21:0 11669
11668 30283 21:0 11685
11684 30285 21:0 11695
11694 30315 21:0 11713
11712 30317 21:0 11761
11760 30316 21:0 11766
11765 30318 21:0 11785
11784 30348 21:0 11837
11836 30185 21:0 11842
11841 30183 21:0 11847
11846 30251 21:0 11913
11912 30184 21:0 11918
11917 30250 21:0 11923
11922 30382 21:0 11985
11984 30384 21:0 11994
11993 30381 21:0 11999
11998 30414 21:0 12054
12053 30350 21:0 12070
12069 30448 21:0 12075
12074 30351 21:0 12125
12124 30447 21:0 12141
12140 30449 21:0 12151
12150 30415 21:0 12173
12172 30417 21:0 12217
12216 30416 21:0 12222
12221 30383 21:0 12241
12240 30349 21:0 12293
12292 30450 21:0 12298
12297 30480 21:0 12317
12316 30514 21:0 12369
12368 30516 21:0 12374
12373 30515 21:0 12379
12378 30513 21:0 12388
12387 30546 21:0 12396
12393 29139 1:0 12514
12394 29138 1:0 12521
12394 29105 1:0 12645
12395 30582 21:0 12399
12397 29106 1:0 12653
12398 30581 21:0 12408
12400 29104 1:0 12663
12403 29074 1:0 12696
12403 29073 1:0 12776
12409 29072 1:0 12783
12411 29071 1:0 12794
12422 315 21:0 12436
12430 29039 1:0 12827
12435 30549 21:0 12516
12483 29041 1:0 12907
12512 29040 1:0 12915
12515 30483 21:0 12519
12518 30548 21:0 12527
12524 29038 1:0 12925
12525 29007 1:0 12958
12525 29008 1:0 13038
12526 30481 21:0 12530
12528 29006 1:0 13045
12529 30579 21:0 12539
12531 29005 1:0 13056
12534 28973 1:0 13089
12534 28975 1:0 13169
12538 30547 21:0 12567
12540 28974 1:0 13177
12542 28972 1:0 13187
12561 28942 1:0 13220
12568 28940 1:0 13300
12655 28941 1:0 13308
12656 28939 1:0 13318
12665 28908 1:0 13351
12665 28909 1:0 13431
12671 28907 1:0 13438
12675 28906 1:0 13449
12704 28876 1:0 13482
12786 28875 1:0 13562
12787 28874 1:0 13569
12796 28873 1:0 13580
12796 28841 1:0 13613
12802 28843 1:0 13693
12807 28842 1:0 13701
12835 28840 1:0 13711
12917 28810 1:0 13744
12918 28809 1:0 13824
12927 28808 1:0 13831
12927 28807 1:0 13842
12933 28777 1:0 13875
12938 28775 1:0 13955
12966 28776 1:0 13963
13048 28774 1:0 13973
13049 28742 1:0 14006
13058 28744 1:0 14086
13058 28743 1:0 14094
13064 28741 1:0 14104
13084 28711 1:0 14137
13097 28709 1:0 14217
13179 28710 1:0 14225
13180 28708 1:0 14235
13189 28678 1:0 14268
13189 28676 1:0 14348
13195 28677 1:0 14356
13215 28675 1:0 14366
13216 316 1:0 15696
14546 31559 21:0 14554
14553 31560 21:0 14604
14603 31561 21:0 14620
14619 31562 21:0 14630
14629 31592 21:0 14648
14647 31593 21:0 14696
14695 31594 21:0 14701
14700 31595 21:0 14720
14719 31625 21:0 14772
14771 31628 21:0 14777
14776 31658 21:0 14782
14782 31661 21:0 14848
14850 31691 21:0 14858
14857 31692 21:0 14908
14907 31694 21:0 14924
14923 31693 21:0 14934
14933 31724 21:0 14952
14951 31725 21:0 15000
14999 31726 21:0 15005
15004 31727 21:0 15024
15023 31757 21:0 15076
15075 31758 21:0 15081
15080 31759 21:0 15086
15086 31793 21:0 15152
15154 31823 21:0 15162
15161 31659 21:0 15212
15211 31760 21:0 15228
15227 31660 21:0 15238
15237 31824 21:0 15256
15255 31627 21:0 15304
15303 31826 21:0 15309
15308 31626 21:0 15328
15327 31792 21:0 15380
15379 31791 21:0 15385
15384 31825 21:0 15390
15389 31790 21:0 15456
15455 31856 21:0 15461
15460 31891 21:0 15466
15465 31922 21:0 15532
15531 31892 21:0 15537
15536 31857 21:0 15542
15541 31858 21:0 15597
15596 31890 21:0 15613
15612 31889 21:0 15618
15617 31859 21:0 15668
15667 31924 21:0 15684
15683 31923 21:0 15694
15693 31955 21:0 15700
15695 30582 1:0 15829
15699 31958 21:0 15703
15702 32021 21:0 15714
15708 30581 1:0 15837
15709 30579 1:0 15847
15709 30547 1:0 15880
15713 31990 21:0 15720
15715 30549 1:0 15960
15718 30548 1:0 15968
15718 30546 1:0 15978
15719 31956 21:0 15723
15721 30515 1:0 16011
15724 30516 1:0 16091
15726 30514 1:0 16098
15737 316 21:0 15751
15745 30513 1:0 16109
15750 31989 21:0 15831
15798 30483 1:0 16222
15827 30481 1:0 16229
15830 31988 21:0 15834
15833 31925 21:0 15842
15839 30480 1:0 16240
15840 30450 1:0 16273
15840 30449 1:0 16353
15841 31991 21:0 15845
15843 30448 1:0 16360
15844 31957 21:0 15854
15846 30447 1:0 16371
15849 30416 1:0 16404
15849 30417 1:0 16484
15853 32023 21:0 15882
15855 30415 1:0 16491
15857 30414 1:0 16502
15876 30383 1:0 16535
15881 32054 21:0 15962
15883 30384 1:0 16615
15929 30382 1:0 16622
15958 30381 1:0 16633
15961 32024 21:0 15965
15970 30349 1:0 16666
15971 30351 1:0 16746
15980 30350 1:0 16754
15980 30348 1:0 16764
15986 30318 1:0 16797
15990 30316 1:0 16877
16019 30317 1:0 16885
16101 30315 1:0 16895
16102 30285 1:0 16928
16111 30283 1:0 17008
16111 30284 1:0 17016
16117 30282 1:0 17026
16122 30250 1:0 17059
16150 30252 1:0 17139
16232 30251 1:0 17147
16233 30249 1:0 17157
16242 30219 1:0 17190
16242 30217 1:0 17270
16248 30218 1:0 17278
16253 30216 1:0 17288
16281 30184 1:0 17321
16363 30186 1:0 17401
16364 30185 1:0 17409
16373 30183 1:0 17419
16373 30153 1:0 17452
16379 30151 1:0 17532
16399 30152 1:0 17540
16412 30150 1:0 17550
16494 30120 1:0 17583
16495 30118 1:0 17663
16495 317 1:0 19011
16504 30119 1:0 17671
16504 30117 1:0 17681
16512 32054 1:0 19031
17861 33001 21:0 17869
17869 33004 21:0 17935
17934 33003 21:0 17940
17939 33002 21:0 17945
17944 33034 21:0 18011
18010 33037 21:0 18016
18015 33067 21:0 18021
18021 33070 21:0 18087
18089 33100 21:0 18097
18096 33101 21:0 18147
18146 33102 21:0 18163
18162 33103 21:0 18173
18172 33133 21:0 18191
18190 33134 21:0 18239
18238 33135 21:0 18244
18243 33136 21:0 18263
18262 33166 21:0 18315
18314 33169 21:0 18320
18319 33199 21:0 18325
18324 33201 21:0 18391
18390 33200 21:0 18396
18395 33202 21:0 18401
18401 33235 21:0 18467
18469 33265 21:0 18477
18476 33036 21:0 18527
18526 33069 21:0 18543
18542 33035 21:0 18553
18552 33168 21:0 18571
18570 33167 21:0 18619
18618 33068 21:0 18624
18623 33268 21:0 18643
18642 33298 21:0 18695
18694 33299 21:0 18700
18699 33267 21:0 18705
18704 33232 21:0 18771
18770 33234 21:0 18776
18775 33233 21:0 18781
18780 33301 21:0 18847
18846 33300 21:0 18852
18851 33332 21:0 18857
18856 33366 21:0 18912
18911 33333 21:0 18928
18927 33398 21:0 18933
18932 33397 21:0 18983
18982 33367 21:0 18999
18998 33331 21:0 19009
19008 33266 21:0 19015
19010 32024 1:0 19144
19014 33399 21:0 19018
19017 33365 21:0 19029
19023 32023 1:0 19152
19024 32021 1:0 19162
19024 31991 1:0 19195
19028 33463 21:0 19035
19030 31989 1:0 19275
19033 31990 1:0 19283
19033 31988 1:0 19293
19034 33464 21:0 19038
19036 31957 1:0 19326
19039 31958 1:0 19406
19041 31956 1:0 19413
19052 317 21:0 19066
19060 31955 1:0 19424
19065 33334 21:0 19146
19113 31925 1:0 19457
19142 31923 1:0 19537
19145 33433 21:0 19149
19148 33364 21:0 19157
19154 31924 1:0 19545
19155 31922 1:0 19555
19155 31890 1:0 19588
19156 33465 21:0 19160
19158 31892 1:0 19668
19159 33432 21:0 19169
19161 31891 1:0 19676
19164 31889 1:0 19686
19164 31859 1:0 19719
19168 33400 21:0 19197
19170 31858 1:0 19799
19172 31857 1:0 19806
19191 31856 1:0 19817
19196 33430 21:0 19277
19198 31825 1:0 19850
19244 31826 1:0 19930
19285 31824 1:0 19937
19286 31823 1:0 19948
19295 31791 1:0 19981
19295 31793 1:0 20061
19301 31792 1:0 20069
19305 31790 1:0 20079
19334 31760 1:0 20112
19416 31759 1:0 20192
19417 31758 1:0 20199
19426 31757 1:0 20210
19426 31727 1:0 20243
19432 31726 1:0 20323
19437 31725 1:0 20330
19465 31724 1:0 20341
19547 31693 1:0 20374
19548 31694 1:0 20454
19557 31692 1:0 20461
19557 31691 1:0 20472
19563 31660 1:0 20505
19568 31661 1:0 20585
19596 31659 1:0 20592
19678 31658 1:0 20603
19679 31626 1:0 20636
19688 31628 1:0 20716
19688 31627 1:0 20724
19694 31625 1:0 20734
19714 31595 1:0 20767
19727 31594 1:0 20847
19809 31593 1:0 20854
19810 31592 1:0 20865
19819 31562 1:0 20898
19819 31561 1:0 20978
19825 31560 1:0 20985
19845 31559 1:0 20996
19846 318 1:0 22326
19940 33465 1:0 22459
21176 34443 21:0 21184
21183 34444 21:0 21234
21233 34445 21:0 21250
21249 34446 21:0 21260
21259 34476 21:0 21278
21277 34477 21:0 21326
21325 34479 21:0 21331
21330 34478 21:0 21350
21349 34509 21:0 21402
21404 34542 21:0 21412
21411 34544 21:0 21462
21461 34543 21:0 21478
21477 34545 21:0 21488
21487 34575 21:0 21506
21505 34578 21:0 21554
21556 34608 21:0 21564
21563 34609 21:0 21614
21613 34610 21:0 21630
21629 34611 21:0 21640
21639 34641 21:0 21658
21657 34642 21:0 21706
21705 34643 21:0 21711
21710 34644 21:0 21730
21729 34674 21:0 21782
21781 34576 21:0 21787
21786 34577 21:0 21792
21791 34677 21:0 21858
21857 34676 21:0 21863
21862 34512 21:0 21868
21867 34511 21:0 21934
21933 34708 21:0 21939
21938 34709 21:0 21944
21943 34710 21:0 21999
21998 34675 21:0 22015
22014 34510 21:0 22020
22019 34707 21:0 22070
22069 34773 21:0 22086
22085 34809 21:0 22096
22095 34741 21:0 22118
22117 34806 21:0 22162
22161 34740 21:0 22167
22166 34742 21:0 22186
22185 34808 21:0 22238
22237 34774 21:0 22243
22242 34807 21:0 22262
22261 34743 21:0 22314
22313 34906 21:0 22319
22318 34776 21:0 22324
22323 34842 21:0 22333
22332 34907 21:0 22341
22338 33464 1:0 22466
22339 33463 1:0 22477
22339 33433 1:0 22590
22340 34875 21:0 22344
22342 33432 1:0 22598
22343 34873 21:0 22353
22345 33430 1:0 22608
22348 33400 1:0 22641
22348 33399 1:0 22721
22354 33398 1:0 22728
22356 33397 1:0 22739
22367 318 21:0 22381
22375 33365 1:0 22772
22380 34840 21:0 22461
22428 33367 1:0 22852
22457 33366 1:0 22860
22460 34839 21:0 22464
22463 34775 21:0 22472
22469 33364 1:0 22870
22470 33334 1:0 22903
22470 33333 1:0 22983
22471 34905 21:0 22475
22473 33332 1:0 22990
22474 34872 21:0 22484
22476 33331 1:0 23001
22479 33300 1:0 23034
22479 33301 1:0 23114
22485 33299 1:0 23121
22487 33298 1:0 23132
22506 33266 1:0 23165
22600 33268 1:0 23245
22601 33267 1:0 23253
22610 33265 1:0 23263
22610 33233 1:0 23296
22616 33235 1:0 23376
22620 33234 1:0 23384
22649 33232 1:0 23394
22731 33202 1:0 23427
22732 33200 1:0 23507
22741 33201 1:0 23515
22741 33199 1:0 23525
22747 33167 1:0 23558
22752 33169 1:0 23638
22780 33168 1:0 23646
22862 33166 1:0 23656
22863 33136 1:0 23689
22872 33135 1:0 23769
22872 33134 1:0 23776
22878 33133 1:0 23787
22883 33103 1:0 23820
22911 33102 1:0 23900
22993 33101 1:0 23907
22994 33100 1:0 23918
23003 33068 1:0 23951
23003 33070 1:0 24031
23009 33069 1:0 24039
23029 33067 1:0 24049
23042 33035 1:0 24082
23124 33037 1:0 24162
23125 33036 1:0 24170
23134 33034 1:0 24180
23134 33002 1:0 24213
23140 33004 1:0 24293
23160 33003 1:0 24301
23161 319 1:0 25641
23255 33001 1:0 24311
24491 35885 21:0 24499
24498 35887 21:0 24549
24548 35886 21:0 24565
24564 35888 21:0 24575
24574 35918 21:0 24593
24592 35921 21:0 24641
24643 35951 21:0 24651
24650 35952 21:0 24701
24700 35954 21:0 24717
24716 35953 21:0 24727
24726 35984 21:0 24745
24744 35987 21:0 24793
24795 36017 21:0 24803
24802 36019 21:0 24853
24852 36018 21:0 24869
24868 36020 21:0 24879
24878 36050 21:0 24897
24896 36051 21:0 24945
24944 36052 21:0 24950
24949 36053 21:0 24969
24968 36083 21:0 25021
25020 36084 21:0 25026
25025 36085 21:0 25031
25030 36116 21:0 25097
25096 36119 21:0 25102
25101 36149 21:0 25107
25106 35919 21:0 25173
25172 35920 21:0 25178
25177 35985 21:0 25183
25182 35986 21:0 25238
25237 36151 21:0 25254
25253 36152 21:0 25259
25258 36117 21:0 25309
25308 36150 21:0 25325
25324 36217 21:0 25335
25334 36216 21:0 25357
25356 36215 21:0 25401
25400 36086 21:0 25407
25406 36118 21:0 25425
25424 36183 21:0 25477
25476 36185 21:0 25482
25481 36184 21:0 25501
25500 36218 21:0 25553
25552 36182 21:0 25558
25557 36251 21:0 25563
25562 36250 21:0 25629
25628 36248 21:0 25634
25633 36281 21:0 25639
25638 36315 21:0 25648
25647 36249 21:0 25656
25653 34907 1:0 25774
25654 34906 1:0 25781
25654 34905 1:0 25792
25655 36284 21:0 25659
25657 34875 1:0 25905
25658 36283 21:0 25665
25660 34873 1:0 25912
25663 34872 1:0 25923
25663 34842 1:0 26036
25666 34840 1:0 26043
25671 34839 1:0 26054
25682 319 21:0 25696
25690 34807 1:0 26087
25695 36317 21:0 25776
25743 34809 1:0 26167
25772 34808 1:0 26175
25775 36282 21:0 25779
25778 36316 21:0 25787
25784 34806 1:0 26185
25785 34775 1:0 26218
25785 34776 1:0 26298
25786 36347 21:0 25790
25788 34774 1:0 26305
25789 36349 21:0 25799
25791 34773 1:0 26316
25794 34743 1:0 26349
25794 34742 1:0 26429
25800 34741 1:0 26436
25802 34740 1:0 26447
25821 34710 1:0 26480
25915 34709 1:0 26560
25916 34708 1:0 26567
25925 34707 1:0 26578
25925 34675 1:0 26611
25931 34677 1:0 26691
25935 34676 1:0 26699
25964 34674 1:0 26709
26046 34644 1:0 26742
26047 34643 1:0 26822
26056 34642 1:0 26829
26056 34641 1:0 26840
26062 34611 1:0 26873
26067 34610 1:0 26953
26095 34609 1:0 26960
26177 34608 1:0 26971
26178 34577 1:0 27004
26187 34578 1:0 27084
26187 34576 1:0 27091
26193 34575 1:0 27102
26198 34545 1:0 27135
26226 34543 1:0 27215
26308 34544 1:0 27223
26309 34542 1:0 27233
26318 34510 1:0 27266
26318 34512 1:0 27346
26324 34511 1:0 27354
26344 34509 1:0 27364
26357 34478 1:0 27397
26439 34479 1:0 27477
26440 34477 1:0 27484
26449 34476 1:0 27495
26449 34446 1:0 27528
26455 34445 1:0 27608
26475 34444 1:0 27615
26476 320 1:0 28956
26570 34443 1:0 27626
27806 37327 21:0 27814
27813 37329 21:0 27864
27863 37328 21:0 27880
27879 37330 21:0 27890
27889 37360 21:0 27908
27907 37362 21:0 27956
27955 37361 21:0 27961
27960 37363 21:0 27980
27979 37396 21:0 28032
28034 37426 21:0 28042
28041 37427 21:0 28092
28091 37428 21:0 28108
28107 37429 21:0 28118
28117 37459 21:0 28136
28135 37461 21:0 28184
28186 37492 21:0 28194
28193 37494 21:0 28244
28243 37495 21:0 28260
28259 37493 21:0 28270
28269 37525 21:0 28288
28287 37526 21:0 28336
28335 37527 21:0 28341
28340 37528 21:0 28360
28359 37558 21:0 28412
28411 37462 21:0 28417
28416 37460 21:0 28422
28421 37395 21:0 28488
28487 37393 21:0 28493
28492 37394 21:0 28498
28497 37594 21:0 28564
28563 37591 21:0 28569
28568 37560 21:0 28574
28573 37627 21:0 28629
28628 37559 21:0 28645
28644 37626 21:0 28650
28649 37624 21:0 28700
28699 37593 21:0 28716
28715 37625 21:0 28726
28725 37561 21:0 28748
28747 37592 21:0 28792
28791 37691 21:0 28799
28798 37659 21:0 28816
28815 37693 21:0 28868
28867 37692 21:0 28873
28872 37660 21:0 28892
28891 37723 21:0 28944
28943 37658 21:0 28949
28948 37690 21:0 28954
28953 37657 21:0 28963
28962 37725 21:0 28971
28968 36349 1:0 29097
28969 36347 1:0 29107
28969 36316 1:0 29140
28970 37756 21:0 28974
28972 36317 1:0 29220
28973 37789 21:0 28983
28975 36315 1:0 29227
28978 36282 1:0 29271
28978 36284 1:0 29351
28984 36283 1:0 29359
28986 36281 1:0 29369
28997 320 21:0 29011
29005 36249 1:0 29402
29010 37790 21:0 29091
29058 36251 1:0 29482
29087 36250 1:0 29490
29090 37791 21:0 29094
29093 37757 21:0 29102
29099 36248 1:0 29500
29100 36218 1:0 29533
29100 36216 1:0 29613
29101 37758 21:0 29105
29103 36217 1:0 29621
29104 37726 21:0 29114
29106 36215 1:0 29631
29109 36184 1:0 29664
29109 36185 1:0 29744
29113 37792 21:0 29142
29115 36183 1:0 29751
29117 36182 1:0 29762
29136 36150 1:0 29795
29141 37724 21:0 29222
29143 36152 1:0 29875
29189 36151 1:0 29883
29218 36149 1:0 29893
29221 37759 21:0 29225
29230 36118 1:0 29926
29231 36119 1:0 30006
29240 36117 1:0 30013
29240 36116 1:0 30024
29246 36086 1:0 30057
29250 36085 1:0 30137
29279 36084 1:0 30144
29361 36083 1:0 30155
29362 36053 1:0 30188
29371 36052 1:0 30268
29371 36051 1:0 30275
29377 36050 1:0 30286
29382 36020 1:0 30319
29410 36018 1:0 30399
29492 36019 1:0 30407
29493 36017 1:0 30417
29502 35986 1:0 30450
29502 35987 1:0 30530
29508 35985 1:0 30537
29513 35984 1:0 30548
29541 35953 1:0 30581
29623 35954 1:0 30661
29624 35952 1:0 30668
29633 35951 1:0 30679
29633 35920 1:0 30712
29639 35921 1:0 30792
29659 35919 1:0 30799
29672 35918 1:0 30810
29754 35888 1:0 30843
29755 35886 1:0 30923
29755 321 1:0 32271
29764 35887 1:0 30931
29764 35885 1:0 30941
29772 37792 1:0 32324
29791 37791 1:0 32404
29885 37790 1:0 32411
31121 38769 21:0 31129
31128 38770 21:0 31179
31178 38771 21:0 31195
31194 38772 21:0 31205
31204 38802 21:0 31223
31222 38804 21:0 31271
31270 38803 21:0 31276
31275 38805 21:0 31295
31294 38835 21:0 31347
31349 38868 21:0 31357
31356 38869 21:0 31407
31406 38870 21:0 31423
31422 38871 21:0 31433
31432 38901 21:0 31451
31450 38902 21:0 31499
31498 38903 21:0 31504
31503 38904 21:0 31523
31522 38934 21:0 31575
31574 38937 21:0 31580
31579 38967 21:0 31585
31584 38969 21:0 31651
31650 38968 21:0 31656
31655 38970 21:0 31661
31660 39000 21:0 31720
31719 38935 21:0 31732
31731 39003 21:0 31737
31736 38936 21:0 31792
31791 39001 21:0 31808
31807 38838 21:0 31813
31812 38837 21:0 31863
31862 39002 21:0 31879
31878 38836 21:0 31889
31888 39035 21:0 31911
31910 39033 21:0 31955
31954 39036 21:0 31960
31959 39034 21:0 31979
31978 39067 21:0 32031
32030 39102 21:0 32036
32035 39101 21:0 32052
32051 39069 21:0 32107
32106 39068 21:0 32112
32111 39099 21:0 32117
32116 39066 21:0 32183
32182 39100 21:0 32188
32187 39166 21:0 32193
32192 39168 21:0 32248
32247 39133 21:0 32264
32263 39132 21:0 32269
32268 39165 21:0 32275
32274 39135 21:0 32283
32282 39134 21:0 32289
32283 37789 1:0 32422
32284 37759 1:0 32455
32284 37758 1:0 32535
32284 37757 1:0 32542
32288 39167 21:0 32295
32290 37756 1:0 32553
32293 37724 1:0 32586
32293 37726 1:0 32666
32294 39198 21:0 32298
32296 37725 1:0 32674
32299 37723 1:0 32684
32301 37692 1:0 32717
32312 321 21:0 32326
32320 37693 1:0 32797
32325 39200 21:0 32406
32373 37691 1:0 32804
32402 37690 1:0 32815
32405 39201 21:0 32409
32408 39231 21:0 32417
32414 37658 1:0 32848
32415 37660 1:0 32928
32415 37659 1:0 32936
32416 39264 21:0 32420
32418 37657 1:0 32946
32419 39233 21:0 32429
32421 37625 1:0 32979
32424 37627 1:0 33059
32424 37626 1:0 33067
32430 37624 1:0 33077
32432 37592 1:0 33110
32451 37594 1:0 33190
32545 37593 1:0 33198
32546 37591 1:0 33208
32555 37561 1:0 33241
32555 37559 1:0 33321
32561 37560 1:0 33329
32565 37558 1:0 33339
32594 37528 1:0 33372
32676 37527 1:0 33452
32677 37526 1:0 33459
32686 37525 1:0 33470
32686 37493 1:0 33503
32692 37495 1:0 33583
32697 37494 1:0 33591
32725 37492 1:0 33601
32807 37460 1:0 33634
32808 37462 1:0 33714
32817 37461 1:0 33722
32817 37459 1:0 33732
32823 37429 1:0 33765
32828 37428 1:0 33845
32856 37427 1:0 33852
32938 37426 1:0 33863
32939 37394 1:0 33896
32948 37396 1:0 33976
32948 37395 1:0 33984
32954 37393 1:0 33994
32974 37363 1:0 34027
32987 37361 1:0 34107
33069 37362 1:0 34115
33070 37360 1:0 34125
33079 37330 1:0 34158
33079 37328 1:0 34238
33085 37329 1:0 34246
33105 37327 1:0 34256
33106 322 1:0 35586
34436 40211 21:0 34444
34444 40214 21:0 34510
34509 40212 21:0 34515
34514 40213 21:0 34520
34519 40244 21:0 34586
34585 40247 21:0 34591
34590 40277 21:0 34596
34595 40278 21:0 34651
34650 40279 21:0 34667
34666 40310 21:0 34672
34672 40313 21:0 34738
34740 40343 21:0 34748
34747 40344 21:0 34798
34797 40345 21:0 34814
34813 40346 21:0 34824
34823 40376 21:0 34842
34841 40377 21:0 34890
34889 40378 21:0 34895
34894 40379 21:0 34914
34913 40409 21:0 34966
34965 40412 21:0 34971
34970 40442 21:0 34976
34976 40445 21:0 35042
35041 40245 21:0 35047
35046 40280 21:0 35052
35051 40411 21:0 35118
35117 40246 21:0 35123
35122 40410 21:0 35128
35127 40311 21:0 35183
35182 40312 21:0 35199
35198 40508 21:0 35204
35203 40475 21:0 35254
35253 40476 21:0 35270
35269 40443 21:0 35280
35279 40477 21:0 35302
35301 40478 21:0 35346
35345 40444 21:0 35353
35352 40509 21:0 35370
35369 40576 21:0 35422
35421 40575 21:0 35427
35426 40510 21:0 35446
35445 40543 21:0 35498
35497 40541 21:0 35503
35502 40577 21:0 35508
35507 40544 21:0 35574
35573 40574 21:0 35579
35578 40542 21:0 35584
35583 40640 21:0 35593
35592 40511 21:0 35601
35598 39264 1:0 35606
35599 39233 1:0 35727
35599 39231 1:0 35737
35600 40675 21:0 35604
35602 39201 1:0 35850
35603 40607 21:0 35610
35605 39200 1:0 35858
35608 39198 1:0 35868
35608 39167 1:0 35901
35611 39168 1:0 35981
35616 39166 1:0 35988
35627 322 21:0 35641
35635 39165 1:0 35999
35640 40641 21:0 35721
35688 39134 1:0 36032
35717 39135 1:0 36112
35720 40673 21:0 35724
35723 40676 21:0 35732
35729 39133 1:0 36119
35730 39132 1:0 36130
35730 39100 1:0 36163
35731 40674 21:0 35735
35733 39102 1:0 36243
35734 40643 21:0 35744
35736 39101 1:0 36251
35739 39099 1:0 36261
35739 39068 1:0 36294
35743 40608 21:0 35772
35745 39069 1:0 36374
35747 39067 1:0 36381
35766 39066 1:0 36392
35773 39034 1:0 36425
35860 39036 1:0 36505
35861 39035 1:0 36513
35870 39033 1:0 36523
35870 39002 1:0 36556
35876 39003 1:0 36636
35880 39001 1:0 36643
35909 39000 1:0 36654
35991 38970 1:0 36687
35992 38968 1:0 36767
36001 38969 1:0 36775
36001 38967 1:0 36785
36007 38936 1:0 36818
36012 38937 1:0 36898
36040 38935 1:0 36905
36122 38934 1:0 36916
36123 38904 1:0 36949
36132 38903 1:0 37029
36132 38902 1:0 37036
36138 38901 1:0 37047
36143 38871 1:0 37080
36171 38870 1:0 37160
36253 38869 1:0 37167
36254 38868 1:0 37178
36263 38836 1:0 37211
36263 38838 1:0 37291
36269 38837 1:0 37299
36289 38835 1:0 37309
36302 38805 1:0 37342
36384 38803 1:0 37422
36385 38804 1:0 37430
36394 38802 1:0 37440
36394 38772 1:0 37473
36400 38771 1:0 37553
36420 38770 1:0 37560
36421 323 1:0 38901
36515 38769 1:0 37571
36516 40674 1:0 38954
37751 41653 21:0 37759
37758 41655 21:0 37809
37808 41654 21:0 37825
37824 41656 21:0 37835
37834 41686 21:0 37853
37852 41688 21:0 37901
37900 41687 21:0 37906
37905 41689 21:0 37925
37924 41721 21:0 37977
37976 41720 21:0 37982
37981 41722 21:0 37987
37986 41752 21:0 38053
38052 41755 21:0 38058
38057 41785 21:0 38063
38062 41786 21:0 38127
38126 41787 21:0 38134
38133 41788 21:0 38139
38138 41818 21:0 38194
38193 41820 21:0 38210
38209 41819 21:0 38215
38214 41821 21:0 38265
38264 41851 21:0 38281
38280 41853 21:0 38291
38290 41852 21:0 38313
38312 41854 21:0 38357
38356 41887 21:0 38362
38361 41719 21:0 38381
38380 41886 21:0 38433
38432 41753 21:0 38438
38437 41754 21:0 38457
38456 41884 21:0 38509
38508 41885 21:0 38514
38513 41919 21:0 38519
38518 41952 21:0 38585
38584 41951 21:0 38590
38589 41953 21:0 38595
38594 41950 21:0 38650
38649 41920 21:0 38666
38665 41917 21:0 38671
38670 41983 21:0 38726
38725 41918 21:0 38737
38736 41984 21:0 38747
38746 41985 21:0 38792
38791 42017 21:0 38813
38812 42052 21:0 38823
38822 42051 21:0 38841
38840 42016 21:0 38889
38888 42018 21:0 38894
38893 41986 21:0 38905
38904 42019 21:0 38908
38907 42050 21:0 38916
38913 40676 1:0 39034
38914 40675 1:0 39042
38914 40673 1:0 39052
38915 42049 21:0 38925
38917 40643 1:0 39165
38923 40641 1:0 39172
38923 40640 1:0 39183
38924 42082 21:0 38928
38926 40608 1:0 39303
38929 40607 1:0 39314
38931 40577 1:0 39347
38942 323 21:0 38956
38950 40575 1:0 39427
38955 42116 21:0 39036
39003 40576 1:0 39435
39032 40574 1:0 39445
39035 42083 21:0 39039
39038 42118 21:0 39047
39044 40542 1:0 39478
39045 40544 1:0 39558
39045 40543 1:0 39566
39046 42115 21:0 39050
39048 40541 1:0 39576
39049 42117 21:0 39059
39051 40511 1:0 39609
39054 40510 1:0 39689
39054 40509 1:0 39696
39060 40508 1:0 39707
39062 40478 1:0 39740
39081 40477 1:0 39820
39175 40476 1:0 39827
39176 40475 1:0 39838
39185 40444 1:0 39871
39185 40445 1:0 39951
39191 40443 1:0 39958
39195 40442 1:0 39969
39224 40410 1:0 40002
39306 40412 1:0 40082
39307 40411 1:0 40090
39316 40409 1:0 40100
39316 40379 1:0 40133
39322 40378 1:0 40213
39327 40377 1:0 40220
39355 40376 1:0 40231
39437 40346 1:0 40264
39438 40345 1:0 40344
39447 40344 1:0 40351
39447 40343 1:0 40362
39453 40312 1:0 40395
39458 40313 1:0 40475
39486 40311 1:0 40482
39568 40310 1:0 40493
39569 40280 1:0 40526
39578 40279 1:0 40606
39578 40278 1:0 40613
39584 40277 1:0 40624
39604 40246 1:0 40657
39617 40247 1:0 40737
39699 40245 1:0 40744
39700 40244 1:0 40755
39709 40213 1:0 40788
39709 40214 1:0 40868
39715 40212 1:0 40875
39735 40211 1:0 40886
39736 324 1:0 42216
41066 43095 21:0 41074
41073 43097 21:0 41124
41123 43096 21:0 41140
41139 43098 21:0 41150
41149 43128 21:0 41168
41167 43130 21:0 41216
41218 43161 21:0 41226
41225 43129 21:0 41276
41275 43162 21:0 41292
41294 43194 21:0 41302
41301 43195 21:0 41352
41351 43196 21:0 41368
41370 43227 21:0 41378
41377 43229 21:0 41428
41427 43228 21:0 41444
41446 43260 21:0 41454
41453 43262 21:0 41504
41503 43261 21:0 41520
41519 43263 21:0 41530
41529 43293 21:0 41548
41547 43295 21:0 41596
41595 43294 21:0 41601
41600 43296 21:0 41620
41619 43329 21:0 41672
41674 43359 21:0 41682
41681 43164 21:0 41732
41731 43163 21:0 41748
41747 43230 21:0 41758
41757 43328 21:0 41776
41775 43361 21:0 41824
41823 43197 21:0 41829
41828 43131 21:0 41848
41847 43392 21:0 41900
41899 43362 21:0 41905
41904 43326 21:0 41910
41909 43327 21:0 41976
41975 43360 21:0 41981
41980 43458 21:0 41986
41985 43426 21:0 42049
42048 43461 21:0 42057
42056 43428 21:0 42062
42061 43395 21:0 42117
42116 43393 21:0 42133
42132 43425 21:0 42138
42137 43460 21:0 42188
42187 43459 21:0 42204
42203 43427 21:0 42214
42213 43494 21:0 42220
42215 42117 1:0 42269
42219 43526 21:0 42223
42222 43492 21:0 42234
42228 42118 1:0 42349
42229 42116 1:0 42356
42229 42115 1:0 42367
42233 43493 21:0 42240
42235 42083 1:0 42487
42238 42082 1:0 42498
42238 42050 1:0 42531
42239 43524 21:0 42243
42241 42052 1:0 42611
42244 42051 1:0 42619
42246 42049 1:0 42629
42257 324 21:0 42271
42265 42019 1:0 42662
42270 43525 21:0 42351
42318 42018 1:0 42742
42347 42017 1:0 42749
42350 43560 21:0 42354
42353 43394 21:0 42362
42359 42016 1:0 42760
42360 41986 1:0 42793
42360 41985 1:0 42873
42361 43527 21:0 42365
42363 41984 1:0 42880
42364 43491 21:0 42374
42366 41983 1:0 42891
42369 41953 1:0 42924
42369 41951 1:0 43004
42375 41952 1:0 43012
42377 41950 1:0 43022
42396 41918 1:0 43055
42490 41920 1:0 43135
42491 41919 1:0 43143
42500 41917 1:0 43153
42500 41885 1:0 43186
42506 41887 1:0 43266
42510 41886 1:0 43274
42539 41884 1:0 43284
42621 41854 1:0 43317
42622 41852 1:0 43397
42631 41853 1:0 43405
42631 41851 1:0 43415
42637 41821 1:0 43448
42642 41819 1:0 43528
42670 41820 1:0 43536
42752 41818 1:0 43546
42753 41788 1:0 43579
42762 41787 1:0 43659
42762 41786 1:0 43666
42768 41785 1:0 43677
42773 41754 1:0 43710
42801 41755 1:0 43790
42883 41753 1:0 43797
42884 41752 1:0 43808
42893 41722 1:0 43841
42893 41720 1:0 43921
42899 41721 1:0 43929
42919 41719 1:0 43939
42932 41689 1:0 43972
43014 41687 1:0 44052
43015 41688 1:0 44060
43024 41686 1:0 44070
43024 41656 1:0 44103
43030 41654 1:0 44183
43050 41655 1:0 44191
43051 325 1:0 45531
43145 41653 1:0 44201
44381 44537 21:0 44389
44388 44538 21:0 44439
44438 44539 21:0 44455
44454 44540 21:0 44465
44464 44570 21:0 44483
44482 44571 21:0 44531
44530 44572 21:0 44536
44535 44573 21:0 44555
44554 44603 21:0 44607
44606 44605 21:0 44612
44611 44604 21:0 44617
44616 44606 21:0 44683
44682 44636 21:0 44688
44687 44638 21:0 44693
44692 44637 21:0 44757
44756 44639 21:0 44764
44763 44669 21:0 44769
44768 44671 21:0 44824
44823 44670 21:0 44840
44839 44672 21:0 44845
44844 44702 21:0 44895
44894 44704 21:0 44911
44910 44703 21:0 44921
44920 44705 21:0 44943
44942 44768 21:0 44987
44986 44771 21:0 44992
44994 44803 21:0 45011
45010 44802 21:0 45063
45065 44834 21:0 45073
45072 44735 21:0 45123
45122 44737 21:0 45139
45138 44736 21:0 45149
45148 44738 21:0 45167
45166 44769 21:0 45215
45214 44770 21:0 45220
45219 44801 21:0 45239
45238 44804 21:0 45291
45290 44836 21:0 45296
45295 44835 21:0 45301
45300 44837 21:0 45367
45366 44867 21:0 45372
45371 44869 21:0 45377
45376 44868 21:0 45441
45440 44870 21:0 45448
45447 44900 21:0 45453
45452 44901 21:0 45508
45507 44902 21:0 45524
45523 44903 21:0 45529
45528 44933 21:0 45535
45530 43560 1:0 45664
45534 44935 21:0 45541
45540 44934 21:0 45549
45543 43527 1:0 45715
45544 43525 1:0 45795
45544 43526 1:0 45803
45548 44936 21:0 45555
45550 43524 1:0 45813
45553 43493 1:0 45846
45553 43494 1:0 45926
45554 44967 21:0 45558
45556 43492 1:0 45933
45559 43491 1:0 45944
45561 43459 1:0 45977
45572 325 21:0 45586
45580 43461 1:0 46057
45585 44968 21:0 45666
45633 43460 1:0 46065
45662 43458 1:0 46075
45665 44966 21:0 45669
45667 43427 1:0 46108
45668 44845 21:0 45669
45674 43428 1:0 46188
45675 43426 1:0 46195
45684 43425 1:0 46206
45684 43394 1:0 46239
45690 43395 1:0 46319
45710 43393 1:0 46326
45805 43392 1:0 46337
45806 43360 1:0 46370
45806 43362 1:0 46450
45815 43361 1:0 46458
45815 43359 1:0 46468
45823 43327 1:0 46501
45842 43329 1:0 46581
45936 43328 1:0 46589
45937 43326 1:0 46599
45937 43296 1:0 46632
45946 43294 1:0 46712
45946 43295 1:0 46720
45954 43293 1:0 46730
45973 43263 1:0 46763
46067 43261 1:0 46843
46068 43262 1:0 46851
46077 43260 1:0 46861
46077 43230 1:0 46894
46083 43228 1:0 46974
46087 43229 1:0 46982
46116 43227 1:0 46992
46198 43197 1:0 47025
46199 43196 1:0 47105
46207 26581 21:0 46210
46208 43195 1:0 47112
46208 43194 1:0 47123
46211 43163 1:0 47153
46216 43164 1:0 47236
46234 43162 1:0 47243
46327 26634 21:0 46332
46329 43161 1:0 47254
46330 43131 1:0 47287
46330 43129 1:0 47367
46339 43130 1:0 47375
46339 43128 1:0 47385
46345 43098 1:0 47418
46350 43096 1:0 47498
46378 43097 1:0 47506
46460 43095 1:0 47516
46461 326 1:0 48846
46589 26748 21:0 46594
46610 26755 21:0 46634
46731 26809 21:0 46734
47003 26926 21:0 47027
47124 26980 21:0 47127
47134 26983 21:0 47158
47244 27033 21:0 47249
47386 27094 21:0 47389
47527 27154 21:0 47551
47630 27204 21:0 47642
47641 3 21:0 47642
47696 45979 21:0 47704
47703 45980 21:0 47754
47753 45981 21:0 47770
47772 46012 21:0 47780
47779 46013 21:0 47830
47829 46015 21:0 47846
47845 46032 21:0 47851
47850 31 21:0 47851
47853 46046 21:0 47870
47869 46047 21:0 47922
47921 46045 21:0 47927
47929 46079 21:0 47946
47945 46081 21:0 47998
47997 46048 21:0 48003
48005 46113 21:0 48022
48021 46111 21:0 48074
48073 46112 21:0 48079
48081 46146 21:0 48098
48097 46145 21:0 48150
48149 46114 21:0 48155
48154 105 21:0 48160
48160 46180 21:0 48226
48225 46177 21:0 48231
48230 46179 21:0 48236
48236 46213 21:0 48302
48301 46080 21:0 48307
48309 46244 21:0 48326
48325 46210 21:0 48378
48377 46211 21:0 48383
48382 46178 21:0 48402
48401 46243 21:0 48454
48453 46296 21:0 48454
48456 46309 21:0 48464
48463 46212 21:0 48514
48513 46147 21:0 48530
48529 46078 21:0 48540
48539 45982 21:0 48558
48557 46277 21:0 48606
48605 46344 21:0 48611
48610 46375 21:0 48630
48629 46377 21:0 48682
48681 46312 21:0 48687
48686 46014 21:0 48692
48691 46311 21:0 48758
48757 46342 21:0 48763
48762 193 21:0 48768
48764 46342 1:0 48859
48767 125 21:0 48768
48767 247 21:0 48790
48789 53 21:0 48831
48830 33 21:0 48834
48833 46457 21:0 48837
48858 312 1:0 2581
48859 46311 1:0 48868
48859 46014 1:0 48881
48868 46312 1:0 48953
48868 46377 1:0 48982
48876 46375 1:0 48993
48878 44845 1:0 48993
48887 326 21:0 48901
48895 26983 1:0 49002
48907 46344 1:0 49002
48989 44966 1:0 49030
48990 44968 1:0 49110
48999 44967 1:0 49117
48999 33 1:0 49121
49005 44936 1:0 49130
49007 247 1:0 49130
49025 44934 1:0 49143
49038 27094 1:0 49143
49120 44935 1:0 49215
49121 44933 1:0 49244
49121 26809 1:0 49255
49130 44903 1:0 49255
49130 44902 1:0 49264
49136 26634 1:0 49264
49141 44901 1:0 49292
49169 46277 1:0 49372
49251 45982 1:0 49383
49252 26581 1:0 49383
49261 44900 1:0 49390
49261 46078 1:0 49395
49267 44870 1:0 49423
49271 44868 1:0 49503
49288 44869 1:0 49511
49300 193 1:0 49514
49382 44867 1:0 49521
49383 45981 1:0 49526
49392 44837 1:0 49554
49392 44835 1:0 49634
49398 44836 1:0 49642
49402 125 1:0 49645
49431 44834 1:0 49652
49513 46147 1:0 49657
49514 44804 1:0 49685
49514 26748 1:0 49776
49523 44802 1:0 49765
49523 44803 1:0 49773
49531 44801 1:0 49783
49550 46212 1:0 49788
49644 44770 1:0 49816
49645 44771 1:0 49896
49645 44769 1:0 49903
49654 26755 1:0 49907
49654 44768 1:0 49914
49660 46243 1:0 49919
49665 44738 1:0 49947
49693 44736 1:0 50027
49775 44737 1:0 50035
49776 105 1:0 50038
49785 44735 1:0 50045
49785 46178 1:0 50050
49791 44705 1:0 50078
49795 44703 1:0 50158
49811 26926 1:0 50169
49824 44704 1:0 50166
49906 44702 1:0 50176
49907 46309 1:0 50181
49916 44672 1:0 50209
49916 44670 1:0 50289
49922 44671 1:0 50297
49926 26980 1:0 50300
49955 44669 1:0 50307
50037 46211 1:0 50312
50038 44639 1:0 50340
50038 27033 1:0 50431
50047 44637 1:0 50420
50047 44638 1:0 50428
50055 44636 1:0 50438
50074 46210 1:0 50443
50168 44606 1:0 50471
50169 44604 1:0 50551
50169 44605 1:0 50559
50178 53 1:0 50562
50178 44603 1:0 50569
50184 46080 1:0 50574
50189 44573 1:0 50602
50217 44572 1:0 50682
50299 44571 1:0 50689
50300 31 1:0 50693
50309 44570 1:0 50700
50309 46179 1:0 50705
50315 44540 1:0 50733
50319 44539 1:0 50813
50348 44538 1:0 50820
50389 27154 1:0 50833
50430 44537 1:0 50831
50431 46048 1:0 50846
50431 27204 1:0 50846
50431 22851 1:0 50960
50440 46045 1:0 50918
50440 46457 1:0 50960
50440 327 1:0 50944
50440 22857 1:0 50966
50446 46244 1:0 50957
50450 22863 1:0 50966
50451 22850 1:0 50966
50451 22856 1:0 50969
50467 22862 1:0 50969
50479 22859 1:0 50997
50520 23003 1:0 51181
50561 22860 1:0 50997
50561 22858 1:0 51048
50562 22861 1:0 51128
50562 23005 1:0 51187
50562 22997 1:0 51187
50571 46213 1:0 51178
50571 23004 1:0 51187
50571 22998 1:0 51190
50571 23007 1:0 51190
50577 23008 1:0 51218
50577 23010 1:0 51218
50581 23009 1:0 51269
50597 23006 1:0 51339
50598 23145 1:0 51402
50598 23150 1:0 51408
50610 23152 1:0 51408
50651 23144 1:0 51408
50692 46177 1:0 51399
50693 23151 1:0 51411
50693 23155 1:0 51411
50693 23157 1:0 51439
50702 23153 1:0 51439
50702 23156 1:0 51490
50702 23154 1:0 51569
50708 46114 1:0 51612
50713 46015 1:0 51623
50728 23297 1:0 51629
50729 23300 1:0 51629
50741 23292 1:0 51632
50741 23291 1:0 51642
50741 23298 1:0 51642
50782 23445 1:0 51844
50823 23301 1:0 51632
50823 23299 1:0 51642
50824 23302 1:0 51670
50824 23304 1:0 51714
50824 23438 1:0 51850
50833 46112 1:0 51841
50833 23303 1:0 51800
50833 23450 1:0 51850
50839 23444 1:0 51850
50839 23439 1:0 51853
50839 23447 1:0 51853
50843 23448 1:0 51881
50859 23449 1:0 51881
50860 23591 1:0 52065
50872 23451 1:0 51932
50913 23446 1:0 52001
50956 46145 1:0 52062
50957 46296 1:0 52065
50957 23596 1:0 52071
50957 23585 1:0 52071
50957 23592 1:0 52071
50957 23586 1:0 52074
50966 23597 1:0 52074
50966 23598 1:0 52102
50966 23594 1:0 52102
50966 23593 1:0 52153
50972 23595 1:0 52232
50985 327 21:0 50999
50992 46180 1:0 52275
50993 23739 1:0 52292
51005 46047 1:0 52286
51046 23740 1:0 52292
51054 23732 1:0 52295
51059 23734 1:0 52295
51059 23737 1:0 52304
51074 23745 1:0 52295
51075 23733 1:0 52304
51075 23738 1:0 52304
51087 22850 21:0 51131
51125 23743 1:0 52304
51127 23741 1:0 52331
51134 22861 21:0 51169
51135 23742 1:0 52377
51145 23744 1:0 52463
51168 22858 21:0 51172
51171 22860 21:0 51172
51171 22859 21:0 51180
51177 46081 1:0 52507
51178 23889 1:0 52513
51178 23885 1:0 52513
51178 23879 1:0 52516
51178 23891 1:0 52516
51178 23880 1:0 52526
51178 23886 1:0 52526
51179 22862 21:0 51183
51181 24026 1:0 52728
51182 22856 21:0 51183
51182 22863 21:0 51183
51182 22857 21:0 51189
51184 23890 1:0 52526
51184 23888 1:0 52553
51187 46111 1:0 52725
51187 23887 1:0 52598
51187 23892 1:0 52685
51188 22851 21:0 51189
51190 24037 1:0 52734
51193 24027 1:0 52734
51193 24032 1:0 52734
51193 24033 1:0 52737
51193 24029 1:0 52765
51193 24028 1:0 52855
51195 24036 1:0 52737
51198 24038 1:0 52765
51213 24176 1:0 52986
51213 24178 1:0 53087
51214 24039 1:0 52765
51226 24035 1:0 52816
51267 24034 1:0 52885
51275 24174 1:0 52949
51280 24173 1:0 52955
51296 45980 1:0 52946
51297 24179 1:0 52955
51345 23006 21:0 51390
51346 24181 1:0 52955
51356 24180 1:0 52958
51366 24184 1:0 52958
51389 23009 21:0 51393
51392 23008 21:0 51393
51392 23010 21:0 51401
51398 24186 1:0 52986
51398 24185 1:0 52986
51399 24183 1:0 53037
51399 24182 1:0 53107
51400 23007 21:0 51404
51402 46146 1:0 53164
51403 22998 21:0 51404
51403 23005 21:0 51404
51403 23004 21:0 51410
51405 24327 1:0 53170
51405 24326 1:0 53176
51405 24320 1:0 53176
51405 24330 1:0 53176
51405 24321 1:0 53179
51408 24332 1:0 53179
51408 24328 1:0 53207
51408 24331 1:0 53207
51408 24333 1:0 53258
51409 22997 21:0 51410
51409 23003 21:0 51410
51411 24329 1:0 53328
51416 46113 1:0 53385
51418 24473 1:0 53391
51418 24474 1:0 53397
51434 24479 1:0 53397
51435 24468 1:0 53397
51435 24467 1:0 53400
51447 24476 1:0 53400
51488 24480 1:0 53428
51501 24475 1:0 53428
51517 24477 1:0 53479
51518 24478 1:0 53559
51529 23144 21:0 51573
51567 24469 1:0 53518
51567 24616 1:0 53739
51577 46079 1:0 53605
51579 23154 21:0 51611
51587 46032 1:0 53612
51587 24620 1:0 53612
51587 24615 1:0 53618
51610 23156 21:0 51614
51613 23157 21:0 51614
51613 23153 21:0 51622
51619 24621 1:0 53618
51619 24627 1:0 53618
51619 24614 1:0 53621
51619 24766 1:0 53851
51619 25059 1:0 54366
51620 24625 1:0 53621
51620 24622 1:0 53649
51620 24626 1:0 53649
51621 23155 21:0 51625
51624 23152 21:0 51625
51624 23151 21:0 51625
51624 23150 21:0 51631
51626 24624 1:0 53700
51626 24623 1:0 53770
51626 24771 1:0 53839
51629 46046 1:0 53826
51629 46013 1:0 53833
51630 23145 21:0 51631
51632 24768 1:0 53839
51632 24761 1:0 53842
51635 24769 1:0 53842
51635 24767 1:0 53851
51637 24762 1:0 53851
51640 24770 1:0 53851
51655 24772 1:0 53879
51668 24774 1:0 53924
51709 24773 1:0 54010
51737 46012 1:0 54054
51738 24914 1:0 54060
51739 24917 1:0 54060
51777 23298 21:0 51802
51788 24909 1:0 54063
51798 24919 1:0 54063
51800 24920 1:0 54073
51808 24908 1:0 54073
51808 24915 1:0 54073
51808 25062 1:0 54275
51808 25061 1:0 54281
51810 23303 21:0 51832
51831 23304 21:0 51835
51834 23302 21:0 51835
51834 23299 21:0 51843
51840 24918 1:0 54100
51840 24916 1:0 54145
51841 45979 1:0 54272
51841 24921 1:0 54232
51842 23301 21:0 51846
51844 3 1:0 54366
51844 25055 1:0 54281
51845 23300 21:0 51846
51845 23291 21:0 51852
51847 25155 1:0 54492
51847 25066 1:0 54281
51847 25056 1:0 54284
51847 25156 1:0 54366
51850 25065 1:0 54284
51850 25064 1:0 54312
51850 25063 1:0 54312
51850 25067 1:0 54363
51851 23292 21:0 51852
51851 23297 21:0 51852
51853 25068 1:0 54453
52011 23446 21:0 52053
52052 23451 21:0 52056
52055 23449 21:0 52056
52055 23448 21:0 52064
52063 23447 21:0 52067
52066 23450 21:0 52067
52066 23439 21:0 52067
52066 23444 21:0 52073
52072 23445 21:0 52073
52072 23438 21:0 52073
52189 23586 21:0 52235
52242 23595 21:0 52274
52273 23593 21:0 52277
52276 23594 21:0 52277
52276 23598 21:0 52285
52284 23597 21:0 52288
52287 23596 21:0 52288
52287 23585 21:0 52288
52287 23592 21:0 52294
52293 23591 21:0 52294
52423 23734 21:0 52442
52443 23738 21:0 52467
52466 23737 21:0 52473
52473 23744 21:0 52495
52494 23742 21:0 52498
52497 23741 21:0 52498
52497 23743 21:0 52506
52505 23745 21:0 52509
52508 23740 21:0 52509
52508 23733 21:0 52515
52514 23732 21:0 52515
52514 23739 21:0 52515
52661 23886 21:0 52686
52691 23892 21:0 52716
52715 23887 21:0 52719
52718 23888 21:0 52719
52718 23890 21:0 52727
52726 23891 21:0 52730
52729 23889 21:0 52730
52729 23880 21:0 52736
52735 23879 21:0 52736
52735 23885 21:0 52736
52865 24028 21:0 52884
52883 24029 21:0 52891
52895 24034 21:0 52937
52936 24035 21:0 52940
52939 24039 21:0 52940
52939 24038 21:0 52948
52947 24036 21:0 52951
52950 24033 21:0 52951
52950 24037 21:0 52951
52950 24027 21:0 52957
52956 24026 21:0 52957
52956 24032 21:0 52957
53093 24178 21:0 53107
53106 24176 21:0 53113
53113 24182 21:0 53158
53157 24183 21:0 53161
53160 24185 21:0 53161
53160 24186 21:0 53169
53168 24184 21:0 53172
53171 24180 21:0 53172
53171 24181 21:0 53172
53171 24173 21:0 53178
53177 24179 21:0 53178
53177 24174 21:0 53178
53334 24329 21:0 53379
53378 24333 21:0 53382
53381 24331 21:0 53382
53381 24328 21:0 53390
53389 24332 21:0 53393
53392 24330 21:0 53393
53392 24321 21:0 53393
53392 24326 21:0 53399
53398 24320 21:0 53399
53398 24327 21:0 53399
53518 24467 21:0 53562
53565 24478 21:0 53600
53599 24477 21:0 53603
53602 24475 21:0 53603
53602 24480 21:0 53611
53610 24476 21:0 53614
53613 24479 21:0 53614
53613 24474 21:0 53614
53613 24468 21:0 53620
53619 24473 21:0 53620
53619 24469 21:0 53620
53749 24616 21:0 53768
53776 24623 21:0 53821
53820 24624 21:0 53824
53823 24626 21:0 53824
53823 24622 21:0 53832
53831 24625 21:0 53835
53834 24627 21:0 53835
53834 24614 21:0 53835
53834 24621 21:0 53841
53840 24620 21:0 53841
53840 24615 21:0 53841
53990 24767 21:0 54014
54013 24766 21:0 54020
54020 24773 21:0 54042
54041 24774 21:0 54045
54044 24772 21:0 54045
54044 24770 21:0 54053
54052 24769 21:0 54056
54055 24771 21:0 54056
54055 24762 21:0 54062
54061 24761 21:0 54062
54061 24768 21:0 54062
54181 24908 21:0 54225
54238 24921 21:0 54263
54262 24916 21:0 54266
54265 24918 21:0 54266
54265 24920 21:0 54274
54273 24919 21:0 54277
54276 24917 21:0 54277
54276 24915 21:0 54283
54282 24914 21:0 54283
54282 24909 21:0 54283
54399 25056 21:0 54445
54444 25059 21:0 54451
54459 25068 21:0 160
