0 13812 21:0 79
78 13721 0:0 87
79 13813 0:0 84
79 13722 0:0 87
79 13723 0:0 87
79 13719 0:0 87
79 13720 0:0 87
79 13718 0:0 87
86 305 0:0 87
1309 14393 21:0 1319
3286 298 21:0 3325
3438 15392 21:0 3504
3742 15524 21:0 3808
4195 15721 21:0 4253
4350 15788 21:0 4416
4563 15788 1:0 4815
4564 15721 1:0 5085
4573 15524 1:0 5863
4573 15392 1:0 6387
6645 299 21:0 6683
6794 16861 21:0 6852
7093 16992 21:0 7101
7329 17094 21:0 7395
7709 17259 21:0 7775
7922 17259 1:0 8174
7923 17094 1:0 8829
7932 16992 1:0 9240
7932 16861 1:0 9753
10148 18331 21:0 10156
10381 18431 21:0 10439
10612 18532 21:0 10678
10992 18697 21:0 11058
11281 18697 1:0 11664
11282 18532 1:0 12319
11291 18431 1:0 12719
11291 18331 1:0 13123
13515 19805 21:0 13581
13740 19902 21:0 13798
14196 20100 21:0 14254
14503 20234 21:0 14569
14640 20234 1:0 14761
14641 20100 1:0 15292
14650 19902 1:0 16078
14650 19805 1:0 16464
17026 21342 21:0 17092
17099 21373 0:0 17102
17102 21375 21:0 17168
17398 21504 21:0 17406
17999 299 1:0 3288
18000 21504 1:0 18924
18000 21375 1:0 19430
18009 21373 1:0 19437
18009 21342 1:0 19561
18015 304 1:0 20083
18015 305 1:0 23442
20149 22711 21:0 20157
20156 22712 21:0 20223
20453 22843 21:0 20461
20460 22845 0:0 20461
20460 22844 21:0 20527
21358 22844 1:0 22796
21359 22845 1:0 22797
21368 22843 1:0 22807
21368 22712 1:0 23320
21374 22711 1:0 23331
23440 304 21:0 23479
23508 24182 21:0 23516
23516 24185 21:0 23582
23741 24283 21:0 23799
24268 24512 21:0 24276
24344 24545 21:0 24352
24727 11513 1:0 24824
24727 11517 1:0 24908
24728 11514 1:0 24823
24728 11516 1:0 24823
24737 11518 1:0 24823
24737 11515 1:0 24824
24737 11661 1:0 25045
24737 11660 1:0 25109
24743 11665 1:0 25045
24743 11663 1:0 25045
24747 11662 1:0 25045
24763 11664 1:0 25045
24764 11807 1:0 25330
24776 11811 1:0 25266
24817 11809 1:0 25266
24825 11946 1:0 25482
24845 11812 1:0 25266
24846 11808 1:0 25266
24846 12100 1:0 25763
24896 11810 1:0 25266
24906 11959 1:0 25572
24916 11958 1:0 25487
24918 11517 21:0 24940
24938 11514 0:0 24940
24939 11518 0:0 24940
24939 11516 0:0 24940
24939 11513 0:0 24940
24939 11515 0:0 24940
24941 11957 1:0 25486
24941 11955 1:0 25486
24941 11954 1:0 25487
24948 11956 1:0 25487
24948 12101 1:0 25772
24949 24545 1:0 25619
24958 12102 1:0 25773
24958 12103 1:0 25782
24958 12104 1:0 25783
24958 12105 1:0 25792
24964 12106 1:0 25793
24968 24512 1:0 25840
24969 12241 1:0 25924
24984 12252 1:0 26013
24985 12247 1:0 25928
24997 12250 1:0 25929
25038 12249 1:0 25928
25051 12248 1:0 25929
25067 12253 1:0 25929
25068 12251 1:0 25929
25117 12240 1:0 25929
25117 12393 1:0 26150
25119 11660 21:0 25161
25127 12397 1:0 26224
25137 12398 1:0 26149
25159 11662 0:0 25161
25159 11664 0:0 25161
25160 11661 0:0 25161
25160 11663 0:0 25161
25160 11665 0:0 25161
25162 12400 1:0 26149
25162 12399 1:0 26149
25162 12395 1:0 26150
25169 12396 1:0 26149
25169 12542 1:0 26435
25170 12543 1:0 26371
25170 12546 1:0 26371
25170 12544 1:0 26371
25179 12547 1:0 26371
25179 12545 1:0 26371
25179 12692 1:0 26592
25179 12691 1:0 26666
25185 12693 1:0 26592
25187 12689 1:0 26592
25190 12694 1:0 26592
25206 12690 1:0 26591
25218 12682 1:0 26591
25218 12839 1:0 26888
25267 12836 1:0 26813
25272 12834 1:0 26813
25287 12838 1:0 26812
25288 12841 1:0 26812
25289 12829 1:0 26812
25338 12837 1:0 26812
25340 11807 21:0 25382
25348 12840 1:0 26812
25358 12985 1:0 27108
25380 11809 0:0 25382
25380 11811 0:0 25382
25381 11812 0:0 25382
25381 11810 0:0 25382
25381 11808 0:0 25382
25383 12984 1:0 27033
25383 12987 1:0 27033
25383 12986 1:0 27033
25390 12988 1:0 27033
25390 12983 1:0 27034
25391 24283 1:0 27250
25391 12982 1:0 27033
25391 13129 1:0 27254
25400 13123 1:0 27254
25400 13134 1:0 27255
25400 13131 1:0 27255
25400 13135 1:0 27340
25406 13130 1:0 27255
25406 13132 1:0 27255
25410 13133 1:0 27255
25426 13280 1:0 27551
25439 13282 1:0 27475
25439 13277 1:0 27476
25488 13281 1:0 27475
25493 13275 1:0 27476
25508 13278 1:0 27475
25509 13279 1:0 27475
25510 13417 1:0 27692
25521 11946 21:0 25577
25559 13428 1:0 27781
25569 13425 1:0 27696
25578 11959 21:0 25603
25578 13422 1:0 27697
25579 13429 1:0 27697
25601 11955 0:0 25603
25601 11958 0:0 25603
25601 11957 0:0 25603
25601 11954 0:0 25603
25602 11956 0:0 25603
25604 13427 1:0 27696
25604 13423 1:0 27696
25604 13424 1:0 27697
25604 13569 1:0 27918
25611 13426 1:0 27697
25611 13574 1:0 27993
25612 24185 1:0 27906
25612 13576 1:0 27917
25621 13573 1:0 27917
25621 13575 1:0 27917
25621 13564 1:0 27917
25621 13571 1:0 27918
25621 13813 1:0 28227
25627 13572 1:0 27917
25631 24182 1:0 28050
25632 298 1:0 28163
25648 13719 1:0 28164
25660 13721 1:0 28164
25701 13718 1:0 28163
25714 13720 1:0 28163
25729 14393 1:0 28227
25729 13812 1:0 28264
25730 13722 1:0 28223
25769 12100 21:0 25816
25780 13723 1:0 28224
25815 12106 0:0 25824
25816 12103 0:0 25824
25823 12104 0:0 25824
25823 12102 0:0 25824
25823 12101 0:0 25824
25823 12105 0:0 25824
25960 12241 21:0 26017
25990 12247 0:0 25999
26023 12252 21:0 26045
26044 12248 0:0 26045
26044 12249 0:0 26045
26044 12250 0:0 26045
26044 12240 0:0 26045
26044 12251 0:0 26045
26044 12253 0:0 26045
26234 12397 21:0 26266
26264 12399 0:0 26266
26265 12393 0:0 26266
26265 12396 0:0 26266
26265 12398 0:0 26266
26265 12395 0:0 26266
26265 12400 0:0 26266
26445 12542 21:0 26487
26485 12544 0:0 26487
26485 12546 0:0 26487
26486 12543 0:0 26487
26486 12547 0:0 26487
26486 12545 0:0 26487
26623 12682 0:0 26647
26676 12691 21:0 26708
26706 12693 0:0 26708
26707 12692 0:0 26708
26707 12694 0:0 26708
26707 12689 0:0 26708
26707 12690 0:0 26708
26885 12829 0:0 26893
26894 12839 21:0 26929
26927 12838 0:0 26929
26927 12837 0:0 26929
26927 12834 0:0 26929
26928 12841 0:0 26929
26928 12840 0:0 26929
26928 12836 0:0 26929
27118 12985 21:0 27150
27148 12987 0:0 27150
27149 12982 0:0 27150
27149 12983 0:0 27150
27149 12984 0:0 27150
27149 12988 0:0 27150
27149 12986 0:0 27150
27316 13129 0:0 27325
27335 13123 0:0 27342
27346 13135 21:0 27371
27369 13134 0:0 27371
27369 13131 0:0 27371
27369 13130 0:0 27371
27369 13133 0:0 27371
27370 13132 0:0 27371
27548 13275 0:0 27557
27557 13280 21:0 27592
27590 13281 0:0 27592
27590 13277 0:0 27592
27590 13279 0:0 27592
27591 13278 0:0 27592
27591 13282 0:0 27592
27728 13417 21:0 27785
27791 13428 21:0 27813
27811 13425 0:0 27813
27812 13423 0:0 27813
27812 13429 0:0 27813
27812 13424 0:0 27813
27812 13422 0:0 27813
27812 13426 0:0 27813
27812 13427 0:0 27813
27999 13574 21:0 28034
28032 13571 0:0 28034
28032 13572 0:0 28034
28032 13573 0:0 28034
28032 13575 0:0 28034
28033 13576 0:0 28034
28033 13569 0:0 28034
28033 13564 0:0 28034
