255 48323 0:0 257
256 48324 0:0 257
256 48224 0:0 258
256 48223 0:0 258
257 48229 0:0 259
257 48230 0:0 259
292 48233 0:0 304
292 48234 0:0 304
292 48235 0:0 304
292 48232 0:0 304
292 48231 0:0 304
439 48529 21:0 456
510 48560 21:0 518
594 48596 21:0 660
890 48725 21:0 898
897 48727 21:0 948
966 48758 21:0 974
1047 48792 21:0 1064
1118 48824 21:0 1126
1199 48858 21:0 1216
1275 48892 21:0 1292
1575 49023 0:0 1578
1580 49024 21:0 1597
1582 49025 0:0 1583
1597 49026 0:0 1633
1651 49056 21:0 1659
1656 49058 0:0 1659
1658 49057 0:0 1659
1659 49059 21:0 1725
1727 49089 0:0 1730
1732 49091 21:0 1749
1734 49090 0:0 1735
1749 49092 0:0 1785
1803 49122 0:0 1806
1808 49124 21:0 1825
1810 49123 0:0 1811
1825 49125 0:0 1861
1879 49155 0:0 1882
1884 49157 21:0 1901
1886 49156 0:0 1887
1901 49158 0:0 1937
1955 49188 21:0 1963
1962 49189 0:0 1963
1962 49190 0:0 1963
1963 49191 21:0 2029
2031 49221 21:0 2039
2038 49222 0:0 2039
2038 49223 21:0 2089
2089 49224 0:0 2105
2107 49254 21:0 2115
2114 49256 0:0 2115
2114 49255 21:0 2165
2165 49257 0:0 2181
2183 49287 21:0 2191
2190 49288 0:0 2191
2190 49289 21:0 2241
2241 49290 0:0 2257
2259 49320 21:0 2267
2266 49321 0:0 2267
2266 49322 21:0 2317
2317 49323 0:0 2333
2335 49353 21:0 2343
2342 49355 0:0 2343
2342 49354 21:0 2393
2393 49356 0:0 2409
2411 49386 0:0 2414
2416 49388 21:0 2433
2418 49387 0:0 2419
2433 49389 0:0 2469
2487 49419 0:0 2490
2492 49420 21:0 2509
2494 49421 0:0 2495
2509 49422 0:0 2545
2563 49452 21:0 2571
2736 48892 1:0 3100
2737 48858 1:0 3221
2745 48824 1:0 3353
2745 48792 1:0 3465
2751 48758 1:0 3597
2762 328 21:0 2776
2777 328 1:0 2725
2858 48727 1:0 3710
2859 48725 1:0 3719
2867 48596 1:0 4191
2867 48560 1:0 4329
2877 48529 1:0 4442
2891 329 1:0 5895
2980 49452 1:0 6177
2981 49422 1:0 6290
2989 49420 1:0 6297
2995 49421 1:0 6298
3013 49419 1:0 6308
4745 50465 21:0 4753
4752 50467 0:0 4753
4752 50466 21:0 4803
4803 50468 0:0 4819
4821 50498 0:0 4824
4826 50500 21:0 4843
4828 50499 0:0 4829
4843 50501 0:0 4879
4897 50531 21:0 4905
4902 50532 0:0 4905
4904 50533 0:0 4905
4905 50534 21:0 4971
4973 50564 21:0 4981
4980 50566 0:0 4981
4980 50565 21:0 5031
5031 50567 0:0 5047
5049 50597 21:0 5057
5056 50599 0:0 5057
5056 50598 21:0 5107
5107 50600 0:0 5123
5125 50630 21:0 5133
5132 50632 0:0 5133
5132 50631 21:0 5183
5183 50633 0:0 5199
5201 50663 21:0 5209
5208 50664 0:0 5209
5208 50665 21:0 5259
5259 50666 0:0 5275
5277 50696 21:0 5285
5284 50697 0:0 5285
5284 50698 21:0 5335
5335 50699 0:0 5351
5353 50729 21:0 5361
5358 50731 0:0 5361
5360 50730 0:0 5361
5361 50732 21:0 5427
5429 50762 21:0 5437
5436 50764 0:0 5437
5436 50763 0:0 5437
5437 50765 21:0 5503
5505 50795 21:0 5513
5510 50796 0:0 5513
5512 50797 0:0 5513
5513 50798 21:0 5579
5907 49389 1:0 6421
5908 49388 1:0 6429
5917 49387 1:0 6428
5917 49386 1:0 6439
5925 49356 1:0 6552
5936 329 21:0 5950
5944 49354 1:0 6559
6038 49355 1:0 6560
6039 49353 1:0 6570
6039 49323 1:0 6683
6048 49321 1:0 6690
6048 49322 1:0 6691
6056 49320 1:0 6701
6075 49290 1:0 6814
6169 49289 1:0 6822
6170 49288 1:0 6821
6179 49287 1:0 6832
6179 49257 1:0 6945
6185 49255 1:0 6952
6189 49256 1:0 6953
6206 49254 1:0 6963
6300 49224 1:0 7076
6301 49223 1:0 7084
6310 49222 1:0 7083
6310 49221 1:0 7094
6316 49191 1:0 7207
6320 49190 1:0 7215
6349 49189 1:0 7214
6431 49188 1:0 7225
6432 49158 1:0 7338
6441 49156 1:0 7345
6441 49157 1:0 7346
6447 49155 1:0 7356
6452 49125 1:0 7469
6480 49124 1:0 7477
6562 49123 1:0 7476
6563 49122 1:0 7487
6572 49092 1:0 7600
6572 49091 1:0 7608
6578 49090 1:0 7607
6583 49089 1:0 7618
6611 49059 1:0 7731
6693 49057 1:0 7738
6694 49058 1:0 7739
6703 49056 1:0 7749
6703 49026 1:0 7862
6709 49024 1:0 7869
6729 49025 1:0 7870
6742 49023 1:0 7880
6824 330 1:0 9210
8060 51907 0:0 8063
8065 51909 21:0 8082
8067 51908 0:0 8068
8082 51910 0:0 8118
8136 51940 21:0 8144
8143 51942 0:0 8144
8143 51941 21:0 8194
8194 51943 0:0 8210
8212 51973 21:0 8220
8219 51975 0:0 8220
8219 51974 0:0 8220
8220 51976 21:0 8286
8288 52006 21:0 8296
8295 52008 0:0 8296
8295 52007 21:0 8346
8346 52009 0:0 8362
8364 52039 21:0 8372
8371 52040 0:0 8372
8371 52041 21:0 8422
8422 52042 0:0 8438
8440 52072 21:0 8448
8447 52073 0:0 8448
8447 52074 21:0 8498
8498 52075 0:0 8514
8516 52105 21:0 8524
8523 52106 0:0 8524
8523 52107 21:0 8574
8574 52108 0:0 8590
8592 52138 21:0 8600
8599 52140 0:0 8600
8599 52139 21:0 8650
8650 52141 0:0 8666
8668 52171 0:0 8671
8673 52172 21:0 8690
8675 52173 0:0 8676
8690 52174 0:0 8726
8744 52204 21:0 8752
8751 52205 0:0 8752
8751 52206 0:0 8752
8752 52207 21:0 8818
8820 52237 21:0 8828
8827 52239 0:0 8828
8827 52238 21:0 8878
8878 52240 0:0 8894
8896 52270 21:0 8904
8977 52305 21:0 8994
9048 52336 21:0 9056
9132 52372 21:0 9198
9222 50798 1:0 9867
9223 50796 1:0 9874
9232 50797 1:0 9875
9232 50795 1:0 9885
9240 50765 1:0 9998
9251 330 21:0 9265
9259 50764 1:0 10006
9353 50763 1:0 10005
9354 50762 1:0 10016
9354 50732 1:0 10129
9363 50730 1:0 10136
9363 50731 1:0 10137
9371 50729 1:0 10147
9390 50699 1:0 10260
9484 50698 1:0 10268
9485 50697 1:0 10267
9494 50696 1:0 10278
9494 50666 1:0 10391
9500 50665 1:0 10399
9504 50664 1:0 10398
9521 50663 1:0 10409
9615 50633 1:0 10522
9616 50631 1:0 10529
9625 50632 1:0 10530
9625 50630 1:0 10540
9631 50600 1:0 10653
9635 50598 1:0 10660
9664 50599 1:0 10661
9746 50597 1:0 10671
9747 50567 1:0 10784
9756 50565 1:0 10791
9756 50566 1:0 10792
9762 50564 1:0 10802
9767 50534 1:0 10915
9795 50532 1:0 10922
9877 50533 1:0 10923
9878 50531 1:0 10933
9887 50501 1:0 11046
9887 50500 1:0 11054
9893 50499 1:0 11053
9898 50498 1:0 11064
9926 50468 1:0 11177
10008 50466 1:0 11184
10009 50467 1:0 11185
10009 331 1:0 12525
10018 50465 1:0 11195
10018 52372 1:0 12658
10026 52336 1:0 12807
10045 52305 1:0 12928
11375 53349 0:0 11378
11380 53350 21:0 11397
11382 53351 0:0 11383
11397 53352 0:0 11433
11451 53382 0:0 11454
11456 53383 21:0 11473
11458 53384 0:0 11459
11473 53385 0:0 11509
11527 53415 21:0 11535
11534 53416 0:0 11535
11534 53417 0:0 11535
11535 53418 21:0 11601
11603 53448 21:0 11611
11610 53450 0:0 11611
11610 53449 21:0 11661
11661 53451 0:0 11677
11679 53481 21:0 11687
11686 53482 0:0 11687
11686 53483 21:0 11737
11737 53484 0:0 11753
11755 53514 21:0 11763
11762 53515 0:0 11763
11762 53516 21:0 11813
11813 53517 0:0 11829
11831 53547 21:0 11839
11838 53548 0:0 11839
11838 53549 21:0 11889
11889 53550 0:0 11905
11907 53580 21:0 11915
11914 53581 0:0 11915
11914 53582 21:0 11965
11965 53583 0:0 11981
11983 53613 0:0 11986
11988 53614 21:0 12005
11990 53615 0:0 11991
12005 53616 0:0 12041
12059 53646 21:0 12067
12064 53647 0:0 12067
12067 53649 21:0 12133
12135 53679 21:0 12143
12142 53680 0:0 12143
12142 53681 0:0 12143
12143 53682 21:0 12209
12211 53712 21:0 12219
12218 53713 0:0 12219
12218 53714 21:0 12269
12269 53715 0:0 12285
12537 52270 1:0 13069
12538 52240 1:0 13182
12547 52238 1:0 13189
12547 52239 1:0 13190
12555 52237 1:0 13200
12566 331 21:0 12580
12574 52207 1:0 13313
12668 52205 1:0 13320
12669 52206 1:0 13321
12669 52204 1:0 13331
12678 52174 1:0 13444
12678 52172 1:0 13451
12686 52173 1:0 13452
12705 52171 1:0 13462
12799 52141 1:0 13575
12800 52139 1:0 13582
12809 52140 1:0 13583
12809 52138 1:0 13593
12815 52108 1:0 13706
12819 52107 1:0 13714
12836 52106 1:0 13713
12930 52105 1:0 13724
12931 52075 1:0 13837
12940 52073 1:0 13844
12940 52074 1:0 13845
12946 52072 1:0 13855
12950 52042 1:0 13968
12979 52041 1:0 13976
13061 52040 1:0 13975
13062 52039 1:0 13986
13071 52009 1:0 14099
13071 52007 1:0 14106
13077 52008 1:0 14107
13082 52006 1:0 14117
13110 51976 1:0 14230
13192 51974 1:0 14237
13193 51975 1:0 14238
13202 51973 1:0 14248
13202 51943 1:0 14361
13208 51941 1:0 14368
13213 51942 1:0 14369
13241 51940 1:0 14379
13323 51910 1:0 14492
13324 51909 1:0 14500
13324 332 1:0 15840
13333 51908 1:0 14499
13333 51907 1:0 14510
13341 53715 1:0 16366
13360 53714 1:0 16374
13454 53713 1:0 16373
14690 54791 21:0 14698
14697 54793 0:0 14698
14697 54792 21:0 14748
14748 54794 0:0 14764
14766 54824 0:0 14769
14771 54826 21:0 14788
14773 54825 0:0 14774
14788 54827 0:0 14824
14842 54857 21:0 14850
14849 54859 0:0 14850
14849 54858 21:0 14900
14900 54860 0:0 14916
14918 54890 21:0 14926
14925 54892 0:0 14926
14925 54891 21:0 14976
14976 54893 0:0 14992
14994 54923 21:0 15002
15001 54925 0:0 15002
15001 54924 21:0 15052
15052 54926 0:0 15068
15070 54956 21:0 15078
15077 54958 0:0 15078
15077 54957 21:0 15128
15128 54959 0:0 15144
15146 54989 21:0 15154
15153 54990 0:0 15154
15153 54991 21:0 15204
15204 54992 0:0 15220
15222 55022 21:0 15230
15229 55023 0:0 15230
15229 55024 21:0 15280
15280 55025 0:0 15296
15298 55055 0:0 15301
15303 55056 21:0 15320
15305 55057 0:0 15306
15320 55058 0:0 15356
15374 55088 21:0 15382
15381 55090 0:0 15382
15381 55089 21:0 15432
15432 55091 0:0 15448
15450 55121 0:0 15453
15455 55123 21:0 15472
15457 55122 0:0 15458
15472 55124 0:0 15508
15526 55154 21:0 15534
15533 55156 0:0 15534
15533 55155 21:0 15584
15584 55157 0:0 15600
15852 53712 1:0 16384
15853 53682 1:0 16497
15862 53680 1:0 16504
15862 53681 1:0 16505
15870 53679 1:0 16515
15881 332 21:0 15895
15889 53649 1:0 16628
15983 53647 1:0 16635
15984 53646 1:0 16646
15984 53616 1:0 16759
15993 53614 1:0 16766
15993 53615 1:0 16767
16001 53613 1:0 16777
16020 53583 1:0 16890
16114 53582 1:0 16898
16115 53581 1:0 16897
16124 53580 1:0 16908
16124 53550 1:0 17021
16130 53549 1:0 17029
16134 53548 1:0 17028
16151 53547 1:0 17039
16245 53517 1:0 17152
16246 53516 1:0 17160
16255 53515 1:0 17159
16255 53514 1:0 17170
16261 53484 1:0 17283
16265 53483 1:0 17291
16294 53482 1:0 17290
16376 53481 1:0 17301
16377 53451 1:0 17414
16386 53449 1:0 17421
16386 53450 1:0 17422
16392 53448 1:0 17432
16397 53418 1:0 17545
16425 53417 1:0 17553
16507 53416 1:0 17552
16508 53415 1:0 17563
16517 53385 1:0 17676
16517 53383 1:0 17683
16523 53384 1:0 17684
16528 53382 1:0 17694
16556 53352 1:0 17807
16638 53350 1:0 17814
16639 53351 1:0 17815
16639 333 1:0 19155
16648 53349 1:0 17825
16648 55157 1:0 19681
16656 55155 1:0 19688
16675 55156 1:0 19689
16769 55154 1:0 19699
16770 55124 1:0 19812
18005 56233 21:0 18013
18012 56235 0:0 18013
18012 56234 21:0 18063
18063 56236 0:0 18079
18081 56266 21:0 18089
18086 56268 0:0 18089
18088 56267 0:0 18089
18089 56269 21:0 18155
18157 56299 21:0 18165
18164 56301 0:0 18165
18164 56300 21:0 18215
18215 56302 0:0 18231
18233 56332 21:0 18241
18240 56333 0:0 18241
18240 56334 21:0 18291
18291 56335 0:0 18307
18309 56365 21:0 18317
18316 56367 0:0 18317
18316 56366 21:0 18367
18367 56368 0:0 18383
18385 56398 21:0 18393
18392 56399 0:0 18393
18392 56400 21:0 18443
18443 56401 0:0 18459
18461 56431 21:0 18469
18468 56432 0:0 18469
18468 56433 21:0 18519
18519 56434 0:0 18535
18537 56464 21:0 18545
18544 56466 0:0 18545
18544 56465 21:0 18595
18595 56467 0:0 18611
18613 56497 0:0 18616
18618 56499 21:0 18635
18620 56498 0:0 18621
18635 56500 0:0 18671
18689 56530 0:0 18692
18694 56532 21:0 18711
18711 56533 0:0 18747
18770 56564 0:0 18773
18770 56565 0:0 18773
18773 56566 21:0 18839
18841 56596 0:0 18844
18846 56598 21:0 18863
18863 56599 0:0 18899
18922 56630 21:0 18939
18924 56631 0:0 18925
18939 56632 0:0 18975
18993 56662 21:0 19001
19167 55123 1:0 19820
19168 55122 1:0 19819
19177 55121 1:0 19830
19177 55091 1:0 19943
19185 55089 1:0 19950
19196 333 21:0 19210
19204 55090 1:0 19951
19298 55088 1:0 19961
19299 55058 1:0 20074
19299 55056 1:0 20081
19308 55057 1:0 20082
19308 55055 1:0 20092
19316 55025 1:0 20205
19335 55024 1:0 20213
19429 55023 1:0 20212
19430 55022 1:0 20223
19439 54992 1:0 20336
19439 54991 1:0 20344
19445 54990 1:0 20343
19449 54989 1:0 20354
19466 54959 1:0 20467
19560 54957 1:0 20474
19561 54958 1:0 20475
19570 54956 1:0 20485
19570 54926 1:0 20598
19576 54924 1:0 20605
19580 54925 1:0 20606
19609 54923 1:0 20616
19691 54893 1:0 20729
19692 54891 1:0 20736
19701 54892 1:0 20737
19701 54890 1:0 20747
19707 54860 1:0 20860
19712 54858 1:0 20867
19740 54859 1:0 20868
19822 54857 1:0 20878
19823 54827 1:0 20991
19832 54825 1:0 20998
19832 54826 1:0 20999
19838 54824 1:0 21009
19843 54794 1:0 21122
19871 54792 1:0 21129
19953 54793 1:0 21130
19954 54791 1:0 21140
19954 334 1:0 22470
21320 57675 21:0 21328
21327 57676 0:0 21328
21327 57677 21:0 21378
21378 57678 0:0 21394
21396 57708 0:0 21399
21401 57709 21:0 21418
21403 57710 0:0 21404
21418 57711 0:0 21454
21472 57741 21:0 21480
21479 57742 0:0 21480
21479 57743 21:0 21530
21530 57744 0:0 21546
21548 57774 21:0 21556
21555 57776 0:0 21556
21555 57775 21:0 21606
21606 57777 0:0 21622
21624 57807 21:0 21632
21631 57808 0:0 21632
21631 57809 21:0 21682
21682 57810 0:0 21698
21700 57840 21:0 21708
21707 57841 0:0 21708
21707 57842 21:0 21758
21758 57843 0:0 21774
21776 57873 21:0 21784
21783 57875 0:0 21784
21783 57874 21:0 21834
21834 57876 0:0 21850
21852 57906 21:0 21860
21859 57907 0:0 21860
21859 57908 21:0 21910
21910 57909 0:0 21926
21928 57939 21:0 21936
21935 57940 0:0 21936
21935 57941 21:0 21986
21986 57942 0:0 22002
22004 57972 21:0 22012
22011 57973 0:0 22012
22011 57974 21:0 22056
22056 57975 0:0 22067
22080 58005 0:0 22083
22085 58006 21:0 22102
22087 58007 0:0 22088
22482 56662 1:0 22752
22483 56632 1:0 22865
22492 56630 1:0 22872
22492 56631 1:0 22873
22500 56599 1:0 22996
22511 334 21:0 22525
22519 56598 1:0 23004
22613 56596 1:0 23014
22614 56566 1:0 23127
22614 56565 1:0 23135
22623 56564 1:0 23134
22623 56533 1:0 23258
22631 56532 1:0 23266
22650 56530 1:0 23276
22744 56500 1:0 23389
22745 56499 1:0 23397
22754 56498 1:0 23396
22754 56497 1:0 23407
22760 56467 1:0 23520
22764 56465 1:0 23527
22781 56466 1:0 23528
22875 56464 1:0 23538
22876 56434 1:0 23651
22885 56432 1:0 23658
22885 56433 1:0 23659
22891 56431 1:0 23669
22895 56401 1:0 23782
22924 56400 1:0 23790
23006 56399 1:0 23789
23007 56398 1:0 23800
23016 56368 1:0 23913
23016 56366 1:0 23920
23022 56367 1:0 23921
23027 56365 1:0 23931
23055 56335 1:0 24044
23137 56334 1:0 24052
23138 56333 1:0 24051
23147 56332 1:0 24062
23147 56302 1:0 24175
23153 56300 1:0 24182
23158 56301 1:0 24183
23186 56299 1:0 24193
23268 56269 1:0 24306
23269 56268 1:0 24314
23278 56267 1:0 24313
23278 56266 1:0 24324
23284 56236 1:0 24437
23304 56234 1:0 24444
23317 56235 1:0 24445
23399 56233 1:0 24455
23400 335 1:0 25785
23409 58006 1:0 26449
23409 58007 1:0 26450
23415 58005 1:0 26460
24635 59117 21:0 24643
24642 59118 0:0 24643
24642 59119 21:0 24693
24693 59120 0:0 24709
24711 59150 21:0 24719
24716 59152 0:0 24719
24716 59151 0:0 24719
24719 59153 21:0 24785
24787 59183 21:0 24795
24794 59185 0:0 24795
24794 59184 21:0 24845
24845 59186 0:0 24861
24863 59216 21:0 24871
24870 59218 0:0 24871
24870 59217 21:0 24921
24921 59219 0:0 24937
24939 59249 21:0 24947
24946 59251 0:0 24947
24946 59250 21:0 24997
24997 59252 0:0 25013
25015 59282 21:0 25023
25022 59284 0:0 25023
25022 59283 0:0 25023
25023 59285 21:0 25089
25091 59315 21:0 25099
25098 59316 0:0 25099
25098 59317 21:0 25149
25149 59318 0:0 25165
25167 59348 21:0 25175
25174 59350 0:0 25175
25174 59349 21:0 25225
25225 59351 0:0 25241
25243 59381 0:0 25246
25248 59383 21:0 25265
25250 59382 0:0 25251
25265 59384 0:0 25301
25319 59414 0:0 25322
25324 59415 21:0 25341
25326 59416 0:0 25327
25341 59417 0:0 25377
25395 59447 0:0 25398
25400 59449 21:0 25417
25402 59448 0:0 25403
25417 59450 0:0 25453
25471 59480 21:0 25479
25476 59481 0:0 25479
25478 59482 0:0 25479
25479 59483 21:0 25545
25547 59513 21:0 25555
25554 59515 0:0 25555
25554 59514 21:0 25605
25605 59516 0:0 25621
25797 57975 1:0 26573
25798 57974 1:0 26581
25807 57973 1:0 26580
25807 57972 1:0 26591
25815 57942 1:0 26704
25826 335 21:0 25840
25834 57941 1:0 26712
25928 57940 1:0 26711
25929 57939 1:0 26722
25929 57909 1:0 26835
25938 57907 1:0 26842
25938 57908 1:0 26843
25946 57906 1:0 26853
25965 57876 1:0 26966
26059 57874 1:0 26973
26060 57875 1:0 26974
26069 57873 1:0 26984
26069 57843 1:0 27097
26075 57842 1:0 27105
26079 57841 1:0 27104
26096 57840 1:0 27115
26190 57810 1:0 27228
26191 57809 1:0 27236
26200 57808 1:0 27235
26200 57807 1:0 27246
26206 57777 1:0 27359
26210 57775 1:0 27366
26239 57776 1:0 27367
26321 57774 1:0 27377
26322 57744 1:0 27490
26331 57742 1:0 27497
26331 57743 1:0 27498
26337 57741 1:0 27508
26342 57711 1:0 27621
26370 57709 1:0 27628
26452 57710 1:0 27629
26453 57708 1:0 27639
26462 57678 1:0 27752
26462 57677 1:0 27760
26468 57676 1:0 27759
26473 57675 1:0 27770
26488 336 1:0 29100
26583 59516 1:0 29495
26584 59514 1:0 29502
26584 59515 1:0 29503
26593 59513 1:0 29513
26593 59483 1:0 29626
26601 59481 1:0 29633
26620 59482 1:0 29634
26714 59480 1:0 29644
26715 59450 1:0 29757
26724 59448 1:0 29764
26724 59449 1:0 29765
26730 59447 1:0 29775
27950 60559 21:0 27958
27957 60560 0:0 27958
27957 60561 21:0 28008
28008 60562 0:0 28024
28026 60592 0:0 28029
28031 60593 21:0 28048
28033 60594 0:0 28034
28048 60595 0:0 28084
28102 60625 21:0 28110
28109 60626 0:0 28110
28109 60627 0:0 28110
28110 60628 21:0 28176
28178 60658 21:0 28186
28185 60660 0:0 28186
28185 60659 21:0 28236
28236 60661 0:0 28252
28254 60691 21:0 28262
28261 60693 0:0 28262
28261 60692 21:0 28312
28312 60694 0:0 28328
28330 60724 21:0 28338
28337 60725 0:0 28338
28337 60726 21:0 28388
28388 60727 0:0 28404
28406 60757 21:0 28414
28413 60759 0:0 28414
28413 60758 21:0 28464
28464 60760 0:0 28480
28482 60790 0:0 28485
28487 60791 21:0 28504
28489 60792 0:0 28490
28504 60793 0:0 28540
28558 60823 21:0 28566
28565 60825 0:0 28566
28565 60824 21:0 28616
28616 60826 0:0 28632
28634 60856 21:0 28642
28639 60857 0:0 28642
28639 60858 0:0 28642
28642 60859 21:0 28708
28710 60889 21:0 28718
28717 60891 0:0 28718
28717 60890 0:0 28718
28718 60892 21:0 28784
28786 60922 21:0 28794
28793 60924 0:0 28794
28793 60923 0:0 28794
28794 60925 21:0 28860
28862 60955 21:0 28870
28869 60956 0:0 28870
28869 60957 21:0 28920
28920 60958 0:0 28936
29112 59417 1:0 29888
29113 59415 1:0 29895
29122 59416 1:0 29896
29122 59414 1:0 29906
29130 59384 1:0 30019
29141 336 21:0 29155
29149 59383 1:0 30027
29243 59382 1:0 30026
29244 59381 1:0 30037
29244 59351 1:0 30150
29253 59349 1:0 30157
29253 59350 1:0 30158
29261 59348 1:0 30168
29280 59318 1:0 30281
29374 59317 1:0 30289
29375 59316 1:0 30288
29384 59315 1:0 30299
29384 59285 1:0 30412
29390 59284 1:0 30420
29394 59283 1:0 30419
29411 59282 1:0 30430
29505 59252 1:0 30543
29506 59250 1:0 30550
29515 59251 1:0 30551
29515 59249 1:0 30561
29521 59219 1:0 30674
29525 59217 1:0 30681
29554 59218 1:0 30682
29636 59216 1:0 30692
29637 59186 1:0 30805
29646 59184 1:0 30812
29646 59185 1:0 30813
29652 59183 1:0 30823
29657 59153 1:0 30936
29685 59151 1:0 30943
29767 59152 1:0 30944
29768 59150 1:0 30954
29777 59120 1:0 31067
29777 59119 1:0 31075
29783 59118 1:0 31074
29788 59117 1:0 31085
29803 337 1:0 32415
29898 60958 1:0 32810
29899 60956 1:0 32817
29899 60957 1:0 32818
29908 60955 1:0 32828
29908 60925 1:0 32941
31265 62001 0:0 31268
31270 62002 21:0 31287
31272 62003 0:0 31273
31287 62004 0:0 31323
31341 62034 21:0 31349
31348 62035 0:0 31349
31348 62036 21:0 31399
31399 62037 0:0 31415
31417 62067 21:0 31425
31422 62068 0:0 31425
31424 62069 0:0 31425
31425 62070 21:0 31491
31493 62100 21:0 31501
31500 62101 0:0 31501
31500 62102 21:0 31551
31551 62103 0:0 31567
31569 62133 21:0 31577
31576 62135 0:0 31577
31576 62134 21:0 31627
31627 62136 0:0 31643
31645 62166 21:0 31653
31652 62167 0:0 31653
31652 62168 21:0 31703
31703 62169 0:0 31719
31721 62199 21:0 31729
31728 62201 0:0 31729
31728 62200 21:0 31779
31779 62202 0:0 31795
31797 62232 21:0 31805
31804 62234 0:0 31805
31804 62233 0:0 31805
31805 62235 21:0 31871
31873 62265 0:0 31876
31878 62266 21:0 31895
31880 62267 0:0 31881
31895 62268 0:0 31931
31954 62299 21:0 31971
32025 62331 21:0 32033
32032 62332 21:0 32083
32083 62334 0:0 32099
32101 62364 0:0 32104
32106 62366 21:0 32123
32182 62399 21:0 32199
32253 62430 21:0 32261
32329 62463 21:0 32337
32427 60923 1:0 32948
32428 60924 1:0 32949
32437 60922 1:0 32959
32437 60892 1:0 33072
32445 60891 1:0 33080
32456 337 21:0 32470
32464 60890 1:0 33079
32558 60889 1:0 33090
32559 60859 1:0 33203
32559 60858 1:0 33211
32568 60857 1:0 33210
32568 60856 1:0 33221
32576 60826 1:0 33334
32595 60824 1:0 33341
32689 60825 1:0 33342
32690 60823 1:0 33352
32699 60793 1:0 33465
32699 60791 1:0 33472
32705 60792 1:0 33473
32709 60790 1:0 33483
32726 60760 1:0 33596
32820 60758 1:0 33603
32821 60759 1:0 33604
32830 60757 1:0 33614
32830 60727 1:0 33727
32836 60726 1:0 33735
32840 60725 1:0 33734
32869 60724 1:0 33745
32951 60694 1:0 33858
32952 60692 1:0 33865
32961 60693 1:0 33866
32961 60691 1:0 33876
32967 60661 1:0 33989
32972 60659 1:0 33996
33000 60660 1:0 33997
33082 60658 1:0 34007
33083 60628 1:0 34120
33092 60626 1:0 34127
33092 60627 1:0 34128
33098 60625 1:0 34138
33103 60595 1:0 34251
33131 60593 1:0 34258
33213 60594 1:0 34259
33214 60592 1:0 34269
33223 60562 1:0 34382
33223 60561 1:0 34390
33229 60560 1:0 34389
33249 60559 1:0 34400
33250 338 1:0 35730
34580 63443 21:0 34588
34587 63445 0:0 34588
34587 63444 21:0 34638
34638 63446 0:0 34654
34656 63476 21:0 34664
34663 63478 0:0 34664
34663 63477 21:0 34714
34714 63479 0:0 34730
34732 63509 21:0 34740
34737 63510 0:0 34740
34737 63511 0:0 34740
34740 63512 21:0 34806
34808 63542 21:0 34816
34815 63544 0:0 34816
34815 63543 21:0 34866
34866 63545 0:0 34882
34884 63575 21:0 34892
34891 63576 0:0 34892
34891 63577 21:0 34942
34942 63578 0:0 34958
34960 63608 21:0 34968
34967 63609 0:0 34968
34967 63610 21:0 35018
35018 63611 0:0 35034
35036 63641 21:0 35044
35043 63643 0:0 35044
35043 63642 21:0 35094
35094 63644 0:0 35110
35112 63674 21:0 35120
35119 63676 0:0 35120
35119 63675 21:0 35170
35170 63677 0:0 35186
35188 63707 21:0 35196
35195 63708 0:0 35196
35195 63709 21:0 35246
35246 63710 0:0 35262
35264 63740 21:0 35272
35269 63742 0:0 35272
35271 63741 0:0 35272
35272 63743 21:0 35338
35340 63773 0:0 35343
35345 63774 21:0 35362
35347 63775 0:0 35348
35362 63776 0:0 35398
35416 63806 21:0 35424
35423 63808 0:0 35424
35423 63807 21:0 35474
35742 62463 1:0 35881
35743 62430 1:0 36012
35752 62399 1:0 36133
35752 62366 1:0 36264
35760 62364 1:0 36274
35771 338 21:0 35785
35779 62334 1:0 36387
35873 62332 1:0 36394
35874 62331 1:0 36405
35874 62299 1:0 36525
35883 62268 1:0 36649
35883 62266 1:0 36656
35891 62267 1:0 36657
35910 62265 1:0 36667
36004 62235 1:0 36780
36005 62233 1:0 36787
36014 62234 1:0 36788
36014 62232 1:0 36798
36020 62202 1:0 36911
36024 62200 1:0 36918
36041 62201 1:0 36919
36135 62199 1:0 36929
36136 62169 1:0 37042
36145 62167 1:0 37049
36145 62168 1:0 37050
36151 62166 1:0 37060
36155 62136 1:0 37173
36184 62134 1:0 37180
36266 62135 1:0 37181
36267 62133 1:0 37191
36276 62103 1:0 37304
36276 62102 1:0 37312
36282 62101 1:0 37311
36287 62100 1:0 37322
36315 62070 1:0 37435
36397 62069 1:0 37443
36398 62068 1:0 37442
36407 62067 1:0 37453
36407 62037 1:0 37566
36413 62036 1:0 37574
36418 62035 1:0 37573
36446 62034 1:0 37584
36528 62004 1:0 37697
36529 62002 1:0 37704
36529 339 1:0 39045
36538 62003 1:0 37705
36538 62001 1:0 37715
36546 63807 1:0 39578
36565 63808 1:0 39579
36659 63806 1:0 39589
36660 63776 1:0 39702
36669 63774 1:0 39709
36669 63775 1:0 39710
36675 63773 1:0 39720
37895 64885 21:0 37903
37902 64887 0:0 37903
37902 64886 21:0 37953
37953 64888 0:0 37969
37971 64918 0:0 37974
37976 64920 21:0 37993
37978 64919 0:0 37979
37993 64921 0:0 38029
38047 64951 21:0 38055
38054 64953 0:0 38055
38054 64952 0:0 38055
38055 64954 21:0 38121
38123 64984 21:0 38131
38130 64985 0:0 38131
38130 64986 21:0 38181
38181 64987 0:0 38197
38199 65017 21:0 38207
38206 65018 0:0 38207
38206 65019 21:0 38257
38257 65020 0:0 38273
38275 65050 21:0 38283
38282 65051 0:0 38283
38282 65052 21:0 38333
38333 65053 0:0 38349
38351 65083 21:0 38359
38358 65085 0:0 38359
38358 65084 21:0 38409
38409 65086 0:0 38425
38427 65116 21:0 38435
38434 65117 0:0 38435
38434 65118 21:0 38485
38485 65119 0:0 38501
38503 65149 0:0 38506
38508 65151 21:0 38525
38510 65150 0:0 38511
38525 65152 0:0 38561
38579 65182 0:0 38582
38584 65183 21:0 38601
38586 65184 0:0 38587
38601 65185 0:0 38637
38655 65215 0:0 38658
38660 65216 21:0 38677
38662 65217 0:0 38663
38677 65218 0:0 38713
38731 65248 21:0 38739
38738 65250 0:0 38739
38738 65249 21:0 38789
38789 65251 0:0 38805
38807 65281 21:0 38815
38814 65283 0:0 38815
38814 65282 21:0 38865
38865 65284 0:0 38881
39057 63743 1:0 39833
39058 63742 1:0 39841
39067 63741 1:0 39840
39067 63740 1:0 39851
39075 63710 1:0 39964
39086 339 21:0 39100
39094 63709 1:0 39972
39188 63708 1:0 39971
39189 63707 1:0 39982
39189 63677 1:0 40095
39198 63675 1:0 40102
39198 63676 1:0 40103
39206 63674 1:0 40113
39225 63644 1:0 40226
39319 63642 1:0 40233
39320 63643 1:0 40234
39329 63641 1:0 40244
39329 63611 1:0 40357
39335 63610 1:0 40365
39339 63609 1:0 40364
39356 63608 1:0 40375
39450 63578 1:0 40488
39451 63577 1:0 40496
39460 63576 1:0 40495
39460 63575 1:0 40506
39466 63545 1:0 40619
39470 63543 1:0 40626
39499 63544 1:0 40627
39581 63542 1:0 40637
39582 63512 1:0 40750
39591 63510 1:0 40757
39591 63511 1:0 40758
39597 63509 1:0 40768
39602 63479 1:0 40881
39630 63477 1:0 40888
39712 63478 1:0 40889
39713 63476 1:0 40899
39722 63446 1:0 41012
39722 63444 1:0 41019
39728 63445 1:0 41020
39733 63443 1:0 41030
39748 340 1:0 42360
39843 65284 1:0 42755
39844 65282 1:0 42762
39844 65283 1:0 42763
41210 66327 21:0 41218
41217 66329 0:0 41218
41217 66328 21:0 41268
41268 66330 0:0 41284
41286 66360 0:0 41289
41291 66362 21:0 41308
41293 66361 0:0 41294
41308 66363 0:0 41344
41362 66393 21:0 41370
41369 66394 0:0 41370
41369 66395 21:0 41420
41420 66396 0:0 41436
41438 66426 21:0 41446
41445 66428 0:0 41446
41445 66427 0:0 41446
41446 66429 21:0 41512
41514 66459 21:0 41522
41521 66461 0:0 41522
41521 66460 21:0 41572
41572 66462 0:0 41588
41590 66492 21:0 41598
41597 66494 0:0 41598
41597 66493 21:0 41648
41648 66495 0:0 41664
41666 66525 21:0 41674
41673 66527 0:0 41674
41673 66526 21:0 41724
41724 66528 0:0 41740
41742 66558 21:0 41750
41749 66560 0:0 41750
41749 66559 21:0 41800
41800 66561 0:0 41816
41818 66591 21:0 41826
41825 66593 0:0 41826
41825 66592 21:0 41876
41876 66594 0:0 41892
41894 66624 21:0 41902
41901 66625 0:0 41902
41901 66626 21:0 41952
41952 66627 0:0 41968
41970 66657 0:0 41973
41975 66659 21:0 41992
42127 66725 21:0 42144
42372 65281 1:0 42773
42373 65251 1:0 42886
42382 65249 1:0 42893
42382 65250 1:0 42894
42390 65248 1:0 42904
42401 340 21:0 42415
42409 65218 1:0 43017
42503 65216 1:0 43024
42504 65217 1:0 43025
42504 65215 1:0 43035
42513 65185 1:0 43148
42513 65183 1:0 43155
42521 65184 1:0 43156
42540 65182 1:0 43166
42634 65152 1:0 43279
42635 65151 1:0 43287
42644 65150 1:0 43286
42644 65149 1:0 43297
42650 65119 1:0 43410
42654 65118 1:0 43418
42671 65117 1:0 43417
42765 65116 1:0 43428
42766 65086 1:0 43541
42775 65084 1:0 43548
42775 65085 1:0 43549
42781 65083 1:0 43559
42785 65053 1:0 43672
42814 65052 1:0 43680
42896 65051 1:0 43679
42897 65050 1:0 43690
42906 65020 1:0 43803
42906 65019 1:0 43811
42912 65018 1:0 43810
42917 65017 1:0 43821
42945 64987 1:0 43934
43027 64986 1:0 43942
43028 64985 1:0 43941
43037 64984 1:0 43952
43037 64954 1:0 44065
43043 64953 1:0 44073
43048 64952 1:0 44072
43076 64951 1:0 44083
43158 64921 1:0 44196
43159 64920 1:0 44204
43168 64919 1:0 44203
43168 64918 1:0 44214
43174 64888 1:0 44327
43194 64886 1:0 44334
43207 64887 1:0 44335
43289 64885 1:0 44345
43290 341 1:0 45675
44525 67769 21:0 44533
44532 67771 0:0 44533
44532 67770 21:0 44583
44583 67772 0:0 44599
44601 67802 0:0 44604
44606 67804 21:0 44623
44608 67803 0:0 44609
44623 67805 0:0 44659
44677 67835 21:0 44685
44682 67836 0:0 44685
44684 67837 0:0 44685
44685 67838 21:0 44751
44753 67868 21:0 44761
44760 67869 0:0 44761
44760 67870 21:0 44811
44811 67871 0:0 44827
44829 67901 21:0 44837
44836 67903 0:0 44837
44836 67902 21:0 44887
44887 67904 0:0 44903
44905 67934 21:0 44913
44912 67935 0:0 44913
44912 67936 21:0 44963
44963 67937 0:0 44979
44981 67967 21:0 44989
44988 67969 0:0 44989
44988 67968 21:0 45039
45039 67970 0:0 45055
45057 68000 21:0 45065
45064 68002 0:0 45065
45064 68001 21:0 45115
45115 68003 0:0 45131
45133 68033 21:0 45141
45140 68034 0:0 45141
45140 68035 21:0 45191
45191 68036 0:0 45207
45209 68066 21:0 45217
45216 68067 0:0 45217
45216 68068 0:0 45217
45217 68069 21:0 45283
45285 68099 0:0 45288
45290 68101 21:0 45307
45292 68100 0:0 45293
45307 68102 0:0 45343
45361 68132 21:0 45369
45368 68133 0:0 45369
45368 68134 21:0 45419
45419 68135 0:0 45435
45437 68165 21:0 45445
45687 66725 1:0 46078
45688 66659 1:0 46340
45697 66657 1:0 46350
45697 66627 1:0 46463
45705 66626 1:0 46471
45716 341 21:0 45730
45724 66625 1:0 46470
45818 66624 1:0 46481
45819 66594 1:0 46594
45819 66592 1:0 46601
45828 66593 1:0 46602
45828 66591 1:0 46612
45836 66561 1:0 46725
45855 66559 1:0 46732
45949 66560 1:0 46733
45950 66558 1:0 46743
45959 66528 1:0 46856
45959 66526 1:0 46863
45965 66527 1:0 46864
45969 66525 1:0 46874
45986 66495 1:0 46987
46080 66493 1:0 46994
46081 66494 1:0 46995
46090 66492 1:0 47005
46090 66462 1:0 47118
46096 66460 1:0 47125
46100 66461 1:0 47126
46129 66459 1:0 47136
46211 66429 1:0 47249
46212 66427 1:0 47256
46221 66428 1:0 47257
46221 66426 1:0 47267
46227 66396 1:0 47380
46232 66395 1:0 47388
46260 66394 1:0 47387
46342 66393 1:0 47398
46343 66363 1:0 47511
46352 66361 1:0 47518
46352 66362 1:0 47519
46358 66360 1:0 47529
46363 66330 1:0 47642
46391 66328 1:0 47649
46473 66329 1:0 47650
46474 66327 1:0 47660
46474 342 1:0 48990
46483 68165 1:0 49403
46483 68135 1:0 49516
46491 68134 1:0 49524
46510 68133 1:0 49523
46604 68132 1:0 49534
46605 68102 1:0 49647
46614 68100 1:0 49654
46614 68101 1:0 49655
46620 68099 1:0 49665
47840 69211 21:0 47848
47847 69212 0:0 47848
47847 69213 21:0 47898
47898 69214 0:0 47914
47916 69244 0:0 47919
47921 69246 21:0 47938
47923 69245 0:0 47924
47938 69247 0:0 47974
47992 69277 0:0 47995
47997 69278 21:0 48014
47999 69279 0:0 48000
48014 69280 0:0 48050
48068 69310 21:0 48076
48075 69312 0:0 48076
48075 69311 21:0 48126
48126 69313 0:0 48142
48144 69343 21:0 48152
48151 69345 0:0 48152
48151 69344 21:0 48202
48202 69346 0:0 48218
48220 69376 21:0 48228
48227 69377 0:0 48228
48227 69378 21:0 48278
48278 69379 0:0 48294
48296 69409 21:0 48304
48303 69411 0:0 48304
48303 69410 21:0 48354
48354 69412 0:0 48370
48372 69442 21:0 48380
48379 69443 0:0 48380
48379 69444 21:0 48430
48430 69445 0:0 48446
48448 69475 21:0 48456
48455 69476 0:0 48456
48455 69477 21:0 48506
48506 69478 0:0 48522
48524 69508 0:0 48527
48529 69509 21:0 48546
48531 69510 0:0 48532
48546 69511 0:0 48582
48600 69541 0:0 48603
48605 69543 21:0 48622
48607 69542 0:0 48608
48622 69544 0:0 48658
48676 69574 21:0 48684
48683 69576 0:0 48684
48683 69575 21:0 48734
48734 69577 0:0 48750
48752 69607 21:0 48760
48759 69608 0:0 48760
48759 69609 21:0 48810
48828 69640 21:0 48836
49002 68069 1:0 49778
49003 68067 1:0 49785
49012 68068 1:0 49786
49012 68066 1:0 49796
49020 68036 1:0 49909
49031 342 21:0 49045
49039 68035 1:0 49917
49133 68034 1:0 49916
49134 68033 1:0 49927
49134 68003 1:0 50040
49143 68001 1:0 50047
49143 68002 1:0 50048
49151 68000 1:0 50058
49170 67970 1:0 50171
49264 67968 1:0 50178
49265 67969 1:0 50179
49274 67967 1:0 50189
49274 67937 1:0 50302
49280 67936 1:0 50310
49284 67935 1:0 50309
49301 67934 1:0 50320
49395 67904 1:0 50433
49396 67902 1:0 50440
49405 67903 1:0 50441
49405 67901 1:0 50451
49411 67871 1:0 50564
49415 67870 1:0 50572
49444 67869 1:0 50571
49526 67868 1:0 50582
49527 67838 1:0 50695
49536 67836 1:0 50702
49536 67837 1:0 50703
49542 67835 1:0 50713
49547 67805 1:0 50826
49575 67804 1:0 50834
49657 67803 1:0 50833
49658 67802 1:0 50844
49667 67772 1:0 50957
49667 67770 1:0 50964
49673 67771 1:0 50965
49678 67769 1:0 50975
49693 343 1:0 52305
51155 70653 21:0 51163
51162 70654 0:0 51163
51162 70655 0:0 51163
51163 70656 21:0 51229
51231 70686 21:0 51239
51238 70687 0:0 51239
51238 70688 0:0 51239
51239 70689 21:0 51305
51307 70719 21:0 51315
51314 70720 0:0 51315
51314 70721 21:0 51365
51365 70722 0:0 51381
51383 70752 21:0 51391
51390 70753 0:0 51391
51390 70754 21:0 51441
51441 70755 0:0 51457
51459 70785 21:0 51467
51466 70787 0:0 51467
51466 70786 21:0 51517
51517 70788 0:0 51533
51535 70818 21:0 51543
51542 70819 0:0 51543
51542 70820 21:0 51593
51593 70821 0:0 51609
51611 70851 21:0 51619
51618 70852 0:0 51619
51618 70853 21:0 51669
51669 70854 0:0 51685
51687 70884 21:0 51695
51694 70885 0:0 51695
51694 70886 21:0 51745
51745 70887 0:0 51761
51763 70917 21:0 51771
51770 70918 0:0 51771
51770 70919 21:0 51821
51821 70920 0:0 51837
51839 70950 21:0 51847
51846 70952 21:0 51897
52072 71050 21:0 52089
52151 71085 21:0 52217
52317 69640 1:0 52587
52318 69609 1:0 52708
52327 69608 1:0 52707
52327 69607 1:0 52718
52335 69577 1:0 52831
52346 343 21:0 52360
52354 69575 1:0 52838
52448 69576 1:0 52839
52449 69574 1:0 52849
52449 69544 1:0 52962
52458 69542 1:0 52969
52458 69543 1:0 52970
52466 69541 1:0 52980
52485 69511 1:0 53093
52579 69509 1:0 53100
52580 69510 1:0 53101
52589 69508 1:0 53111
52589 69478 1:0 53224
52595 69477 1:0 53232
52599 69476 1:0 53231
52616 69475 1:0 53242
52710 69445 1:0 53355
52711 69444 1:0 53363
52720 69443 1:0 53362
52720 69442 1:0 53373
52726 69412 1:0 53486
52730 69410 1:0 53493
52759 69411 1:0 53494
52841 69409 1:0 53504
52842 69379 1:0 53617
52851 69377 1:0 53624
52851 69378 1:0 53625
52857 69376 1:0 53635
52862 69346 1:0 53748
52890 69344 1:0 53755
52972 69345 1:0 53756
52973 69343 1:0 53766
52982 69313 1:0 53879
52982 69311 1:0 53886
52988 69312 1:0 53887
52993 69310 1:0 53897
53021 69280 1:0 54010
53103 69278 1:0 54017
53104 69279 1:0 54018
53113 69277 1:0 54028
53113 69247 1:0 54141
53119 69246 1:0 54149
53139 69245 1:0 54148
53152 69244 1:0 54159
53234 69214 1:0 54272
53235 69213 1:0 54280
53244 69212 1:0 54279
53244 69211 1:0 54290
53250 344 1:0 55620
53254 71085 1:0 55884
53271 71050 1:0 56022
53365 70952 1:0 56416
54470 72095 21:0 54478
54477 72097 0:0 54478
54477 72096 21:0 54528
54528 72098 0:0 54544
54546 72128 0:0 54549
54551 72129 21:0 54568
54553 72130 0:0 54554
54568 72131 0:0 54604
54622 72161 21:0 54630
54627 72163 0:0 54630
54629 72162 0:0 54630
54630 72164 21:0 54696
54698 72194 21:0 54706
54705 72196 0:0 54706
54705 72195 21:0 54756
54756 72197 0:0 54772
54774 72227 21:0 54782
54781 72229 0:0 54782
54781 72228 21:0 54832
54832 72230 0:0 54848
54850 72260 21:0 54858
54857 72261 0:0 54858
54857 72262 21:0 54908
54908 72263 0:0 54924
54926 72293 21:0 54934
54933 72295 0:0 54934
54933 72294 21:0 54984
54984 72296 0:0 55000
55002 72326 21:0 55010
55009 72328 0:0 55010
55009 72327 21:0 55060
55060 72329 0:0 55076
55078 72359 0:0 55081
55083 72361 21:0 55100
55085 72360 0:0 55086
55100 72362 0:0 55136
55154 72392 21:0 55162
55159 72394 0:0 55162
55159 72393 0:0 55162
55162 72395 21:0 55228
55230 72425 0:0 55233
55235 72426 21:0 55252
55237 72427 0:0 55238
55252 72428 0:0 55288
55306 72458 21:0 55314
55313 72460 0:0 55314
55313 72459 0:0 55314
55314 72461 21:0 55380
55382 72491 0:0 55385
55387 72492 21:0 55404
55389 72493 0:0 55390
55404 72494 0:0 55440
55458 72524 21:0 55466
55465 72525 0:0 55466
55465 72526 21:0 55516
55632 70950 1:0 56426
55633 70920 1:0 56539
55642 70918 1:0 56546
55642 70919 1:0 56547
55650 70917 1:0 56557
55661 344 21:0 55675
55669 70887 1:0 56670
55763 70886 1:0 56678
55764 70885 1:0 56677
55764 70884 1:0 56688
55773 70854 1:0 56801
55773 70853 1:0 56809
55781 70852 1:0 56808
55800 70851 1:0 56819
55894 70821 1:0 56932
55895 70820 1:0 56940
55904 70819 1:0 56939
55904 70818 1:0 56950
55910 70788 1:0 57063
55914 70786 1:0 57070
55931 70787 1:0 57071
56025 70785 1:0 57081
56026 70755 1:0 57194
56035 70753 1:0 57201
56035 70754 1:0 57202
56041 70752 1:0 57212
56045 70722 1:0 57325
56074 70721 1:0 57333
56156 70720 1:0 57332
56157 70719 1:0 57343
56166 70689 1:0 57456
56166 70688 1:0 57464
56172 70687 1:0 57463
56177 70686 1:0 57474
56192 345 1:0 58935
56205 70656 1:0 57587
56287 70654 1:0 57594
56288 70655 1:0 57595
56297 70653 1:0 57605
56297 72526 1:0 59207
56305 72525 1:0 59206
56323 72524 1:0 59217
56418 72494 1:0 59330
57785 73537 0:0 57788
57790 73538 21:0 57807
57792 73539 0:0 57793
57807 73540 0:0 57843
57861 73570 21:0 57869
57868 73572 0:0 57869
57868 73571 21:0 57919
57919 73573 0:0 57935
57937 73603 21:0 57945
57942 73604 0:0 57945
57944 73605 0:0 57945
57945 73606 21:0 58011
58013 73636 21:0 58021
58020 73638 0:0 58021
58020 73637 21:0 58071
58071 73639 0:0 58087
58089 73669 21:0 58097
58096 73670 0:0 58097
58096 73671 21:0 58147
58147 73672 0:0 58163
58165 73702 21:0 58173
58172 73703 0:0 58173
58172 73704 21:0 58223
58223 73705 0:0 58239
58241 73735 21:0 58249
58248 73737 0:0 58249
58248 73736 21:0 58299
58299 73738 0:0 58315
58317 73768 21:0 58325
58324 73769 0:0 58325
58324 73770 0:0 58325
58325 73771 21:0 58391
58398 73803 21:0 58415
58415 73804 0:0 58451
58474 73836 21:0 58491
58545 73867 21:0 58553
58553 73870 21:0 58619
58621 73900 21:0 58629
58628 73902 21:0 58679
58705 73936 21:0 58771
58781 73969 21:0 58847
58947 72492 1:0 59337
58948 72493 1:0 59338
58957 72491 1:0 59348
58957 72461 1:0 59461
58965 72460 1:0 59469
58976 345 21:0 58990
58984 72459 1:0 59468
59078 72458 1:0 59479
59079 72428 1:0 59592
59079 72426 1:0 59599
59088 72427 1:0 59600
59088 72425 1:0 59610
59096 72395 1:0 59723
59115 72393 1:0 59730
59209 72394 1:0 59731
59210 72392 1:0 59741
59219 72362 1:0 59854
59219 72361 1:0 59862
59225 72360 1:0 59861
59229 72359 1:0 59872
59246 72329 1:0 59985
59340 72327 1:0 59992
59341 72328 1:0 59993
59350 72326 1:0 60003
59350 72296 1:0 60116
59356 72294 1:0 60123
59360 72295 1:0 60124
59389 72293 1:0 60134
59471 72263 1:0 60247
59472 72262 1:0 60255
59481 72261 1:0 60254
59481 72260 1:0 60265
59487 72230 1:0 60378
59492 72228 1:0 60385
59520 72229 1:0 60386
59602 72227 1:0 60396
59603 72197 1:0 60509
59612 72195 1:0 60516
59612 72196 1:0 60517
59618 72194 1:0 60527
59623 72164 1:0 60640
59651 72163 1:0 60648
59733 72162 1:0 60647
59734 72161 1:0 60658
59743 72131 1:0 60771
59743 72129 1:0 60778
59749 72130 1:0 60779
59769 72128 1:0 60789
59782 72098 1:0 60902
59864 72096 1:0 60909
59865 72097 1:0 60910
59874 72095 1:0 60920
59874 346 1:0 62250
61100 74979 0:0 61103
61105 74980 21:0 61122
61107 74981 0:0 61108
61122 74982 0:0 61158
61176 75012 0:0 61179
61181 75014 21:0 61198
61183 75013 0:0 61184
61198 75015 0:0 61234
61252 75045 21:0 61260
61259 75047 0:0 61260
61259 75046 21:0 61310
61310 75048 0:0 61326
61328 75078 21:0 61336
61335 75080 0:0 61336
61335 75079 21:0 61386
61386 75081 0:0 61402
61404 75111 21:0 61412
61411 75113 0:0 61412
61411 75112 21:0 61462
61462 75114 0:0 61478
61480 75144 21:0 61488
61487 75145 0:0 61488
61487 75146 21:0 61538
61538 75147 0:0 61554
61556 75177 21:0 61564
61563 75178 0:0 61564
61563 75179 21:0 61614
61614 75180 0:0 61630
61632 75210 21:0 61640
61639 75212 0:0 61640
61639 75211 21:0 61690
61690 75213 0:0 61706
61708 75243 0:0 61711
61713 75245 21:0 61730
61715 75244 0:0 61716
61730 75246 0:0 61766
61784 75276 0:0 61787
61789 75278 21:0 61806
61791 75277 0:0 61792
61806 75279 0:0 61842
61860 75309 0:0 61863
61865 75311 21:0 61882
61867 75310 0:0 61868
61882 75312 0:0 61918
61936 75342 21:0 61944
61943 75344 0:0 61944
61943 75343 21:0 61994
61994 75345 0:0 62010
62012 75375 21:0 62020
62019 75376 0:0 62020
62019 75377 21:0 62070
62262 73969 1:0 62514
62263 73936 1:0 62645
62272 73902 1:0 62784
62272 73900 1:0 62794
62280 73870 1:0 62907
62291 346 21:0 62305
62299 73867 1:0 62925
62393 73836 1:0 63046
62394 73804 1:0 63169
62394 73803 1:0 63177
62403 73771 1:0 63300
62403 73769 1:0 63307
62411 73770 1:0 63308
62430 73768 1:0 63318
62524 73738 1:0 63431
62525 73736 1:0 63438
62534 73737 1:0 63439
62534 73735 1:0 63449
62540 73705 1:0 63562
62544 73704 1:0 63570
62561 73703 1:0 63569
62655 73702 1:0 63580
62656 73672 1:0 63693
62665 73670 1:0 63700
62665 73671 1:0 63701
62671 73669 1:0 63711
62675 73639 1:0 63824
62704 73637 1:0 63831
62786 73638 1:0 63832
62787 73636 1:0 63842
62796 73606 1:0 63955
62796 73605 1:0 63963
62802 73604 1:0 63962
62807 73603 1:0 63973
62835 73573 1:0 64086
62917 73571 1:0 64093
62918 73572 1:0 64094
62927 73570 1:0 64104
62927 73540 1:0 64217
62933 73538 1:0 64224
62938 73539 1:0 64225
62966 73537 1:0 64235
63048 347 1:0 65565
63049 75376 1:0 65967
63049 75377 1:0 65968
63058 75375 1:0 65978
63058 75345 1:0 66091
63066 75343 1:0 66098
63085 75344 1:0 66099
63179 75342 1:0 66109
64415 76421 21:0 64423
64422 76423 0:0 64423
64422 76422 21:0 64473
64473 76424 0:0 64489
64491 76454 0:0 64494
64496 76455 21:0 64513
64498 76456 0:0 64499
64513 76457 0:0 64549
64567 76487 0:0 64570
64572 76489 21:0 64589
64574 76488 0:0 64575
64589 76490 0:0 64625
64643 76520 0:0 64646
64648 76522 21:0 64665
64650 76521 0:0 64651
64665 76523 0:0 64701
64719 76553 21:0 64727
64726 76554 0:0 64727
64726 76555 0:0 64727
64727 76556 21:0 64793
64795 76586 21:0 64803
64802 76588 0:0 64803
64802 76587 21:0 64853
64853 76589 0:0 64869
64871 76619 21:0 64879
64878 76621 0:0 64879
64878 76620 21:0 64929
64929 76622 0:0 64945
64947 76652 21:0 64955
64954 76654 0:0 64955
64954 76653 0:0 64955
64955 76655 21:0 65021
65023 76685 21:0 65031
65028 76687 0:0 65031
65028 76686 0:0 65031
65031 76688 21:0 65097
65099 76718 21:0 65107
65106 76719 0:0 65107
65106 76720 0:0 65107
65107 76721 21:0 65173
65175 76751 21:0 65183
65180 76753 0:0 65183
65182 76752 0:0 65183
65183 76754 21:0 65249
65251 76784 0:0 65254
65256 76786 21:0 65273
65258 76785 0:0 65259
65273 76787 0:0 65309
65577 75312 1:0 66222
65578 75311 1:0 66230
65587 75310 1:0 66229
65587 75309 1:0 66240
65595 75279 1:0 66353
65606 347 21:0 65620
65614 75278 1:0 66361
65708 75277 1:0 66360
65709 75276 1:0 66371
65709 75246 1:0 66484
65718 75244 1:0 66491
65718 75245 1:0 66492
65726 75243 1:0 66502
65745 75213 1:0 66615
65839 75211 1:0 66622
65840 75212 1:0 66623
65849 75210 1:0 66633
65849 75180 1:0 66746
65855 75179 1:0 66754
65859 75178 1:0 66753
65876 75177 1:0 66764
65970 75147 1:0 66877
65971 75146 1:0 66885
65980 75145 1:0 66884
65980 75144 1:0 66895
65986 75114 1:0 67008
65990 75112 1:0 67015
66019 75113 1:0 67016
66101 75111 1:0 67026
66102 75081 1:0 67139
66111 75079 1:0 67146
66111 75080 1:0 67147
66117 75078 1:0 67157
66122 75048 1:0 67270
66150 75046 1:0 67277
66232 75047 1:0 67278
66233 75045 1:0 67288
66242 75015 1:0 67401
66242 75014 1:0 67409
66248 75013 1:0 67408
66253 75012 1:0 67419
66281 74982 1:0 67532
66363 74980 1:0 67539
66364 74981 1:0 67540
66364 348 1:0 68880
66373 74979 1:0 67550
67730 77863 21:0 67738
67737 77865 0:0 67738
67737 77864 21:0 67788
67788 77866 0:0 67804
67806 77896 21:0 67814
67813 77898 0:0 67814
67813 77897 21:0 67864
67864 77899 0:0 67880
67882 77929 21:0 67890
67887 77931 0:0 67890
67889 77930 0:0 67890
67890 77932 21:0 67956
67958 77962 21:0 67966
67965 77963 0:0 67966
67965 77964 21:0 68016
68016 77965 0:0 68032
68034 77995 21:0 68042
68041 77997 0:0 68042
68041 77996 21:0 68092
68092 77998 0:0 68108
68110 78028 21:0 68118
68117 78030 0:0 68118
68117 78029 21:0 68168
68168 78031 0:0 68184
68186 78061 0:0 68189
68191 78063 21:0 68208
68193 78062 0:0 68194
68208 78064 0:0 68244
68262 78094 0:0 68265
68267 78095 21:0 68284
68269 78096 0:0 68270
68284 78097 0:0 68320
68338 78127 0:0 68341
68343 78128 21:0 68360
68345 78129 0:0 68346
68360 78130 0:0 68396
68414 78160 0:0 68417
68419 78162 21:0 68436
68421 78161 0:0 68422
68436 78163 0:0 68472
68490 78193 21:0 68498
68497 78194 0:0 68498
68497 78195 21:0 68548
68548 78196 0:0 68564
68892 76787 1:0 69406
68893 76786 1:0 69414
68902 76785 1:0 69413
68902 76784 1:0 69424
68910 76754 1:0 69537
68921 348 21:0 68935
68929 76753 1:0 69545
69023 76752 1:0 69544
69024 76751 1:0 69555
69024 76721 1:0 69668
69033 76719 1:0 69675
69033 76720 1:0 69676
69041 76718 1:0 69686
69060 76688 1:0 69799
69154 76687 1:0 69807
69155 76686 1:0 69806
69164 76685 1:0 69817
69164 76655 1:0 69930
69170 76654 1:0 69938
69174 76653 1:0 69937
69191 76652 1:0 69948
69285 76622 1:0 70061
69286 76620 1:0 70068
69295 76621 1:0 70069
69295 76619 1:0 70079
69301 76589 1:0 70192
69305 76587 1:0 70199
69334 76588 1:0 70200
69416 76586 1:0 70210
69417 76556 1:0 70323
69426 76554 1:0 70330
69426 76555 1:0 70331
69432 76553 1:0 70341
69437 76523 1:0 70454
69465 76522 1:0 70462
69547 76521 1:0 70461
69548 76520 1:0 70472
69557 76490 1:0 70585
69557 76489 1:0 70593
69563 76488 1:0 70592
69568 76487 1:0 70603
69596 76457 1:0 70716
69678 76455 1:0 70723
69679 76456 1:0 70724
69688 76454 1:0 70734
69688 76424 1:0 70847
69694 76422 1:0 70854
69714 76423 1:0 70855
69727 76421 1:0 70865
69809 349 1:0 72195
71045 79305 21:0 71053
71052 79306 0:0 71053
71052 79307 21:0 71103
71103 79308 0:0 71119
71121 79338 0:0 71124
71126 79340 21:0 71143
71128 79339 0:0 71129
71143 79341 0:0 71179
71197 79371 21:0 71205
71204 79373 0:0 71205
71204 79372 0:0 71205
71205 79374 21:0 71271
71273 79404 21:0 71281
71280 79405 0:0 71281
71280 79406 21:0 71331
71331 79407 0:0 71347
71349 79437 21:0 71357
71356 79439 0:0 71357
71356 79438 21:0 71407
71407 79440 0:0 71423
71425 79470 21:0 71433
71432 79472 0:0 71433
71432 79471 21:0 71483
71483 79473 0:0 71499
71501 79503 21:0 71509
71508 79505 0:0 71509
71508 79504 21:0 71559
71559 79506 0:0 71575
71577 79536 0:0 71580
71582 79537 21:0 71599
71584 79538 0:0 71585
71599 79539 0:0 71635
71653 79569 21:0 71661
71660 79570 0:0 71661
71661 79572 21:0 71727
71734 79604 21:0 71751
71751 79605 0:0 71787
71805 79635 0:0 71808
71810 79636 21:0 71827
71812 79637 0:0 71813
71827 79638 0:0 71863
71881 79668 21:0 71889
71886 79669 0:0 71889
71889 79671 21:0 71955
71957 79701 21:0 71965
71964 79702 21:0 72015
72033 79734 0:0 72036
72038 79736 21:0 72055
72207 78196 1:0 72852
72208 78195 1:0 72860
72217 78194 1:0 72859
72217 78193 1:0 72870
72225 78163 1:0 72983
72236 349 21:0 72250
72244 78162 1:0 72991
72338 78161 1:0 72990
72339 78160 1:0 73001
72339 78130 1:0 73114
72348 78128 1:0 73121
72348 78129 1:0 73122
72356 78127 1:0 73132
72375 78097 1:0 73245
72469 78095 1:0 73252
72470 78096 1:0 73253
72479 78094 1:0 73263
72479 78064 1:0 73376
72485 78063 1:0 73384
72489 78062 1:0 73383
72506 78061 1:0 73394
72600 78031 1:0 73507
72601 78029 1:0 73514
72610 78030 1:0 73515
72610 78028 1:0 73525
72616 77998 1:0 73638
72620 77996 1:0 73645
72649 77997 1:0 73646
72731 77995 1:0 73656
72732 77965 1:0 73769
72741 77963 1:0 73776
72741 77964 1:0 73777
72747 77962 1:0 73787
72752 77932 1:0 73900
72780 77931 1:0 73908
72862 77930 1:0 73907
72863 77929 1:0 73918
72872 77899 1:0 74031
72872 77897 1:0 74038
72878 77898 1:0 74039
72883 77896 1:0 74049
72911 77866 1:0 74162
72993 77864 1:0 74169
72994 77865 1:0 74170
72994 350 1:0 75510
73003 77863 1:0 74180
73003 79736 1:0 75782
73011 79734 1:0 75792
73030 79702 1:0 75912
73124 79701 1:0 75923
73125 79671 1:0 76036
73134 79669 1:0 76043
73134 79668 1:0 76054
73140 79638 1:0 76167
74360 80747 21:0 74368
74367 80749 0:0 74368
74367 80748 21:0 74418
74418 80750 0:0 74434
74436 80780 0:0 74439
74441 80782 21:0 74458
74443 80781 0:0 74444
74458 80783 0:0 74494
74512 80813 21:0 74520
74519 80814 0:0 74520
74519 80815 21:0 74570
74570 80816 0:0 74586
74588 80846 0:0 74591
74593 80848 21:0 74610
74595 80847 0:0 74596
74610 80849 0:0 74646
74664 80879 21:0 74672
74671 80881 0:0 74672
74671 80880 21:0 74722
74722 80882 0:0 74738
74740 80912 0:0 74743
74745 80913 21:0 74762
74747 80914 0:0 74748
74762 80915 0:0 74799
74816 80945 21:0 74824
74823 80947 0:0 74824
74823 80946 0:0 74824
74824 80948 21:0 74890
74892 80978 21:0 74900
74899 80980 0:0 74900
74899 80979 21:0 74950
74950 80981 0:0 74966
74968 81011 0:0 74971
74973 81012 21:0 74990
74975 81013 0:0 74976
74990 81014 0:0 75026
75044 81044 0:0 75047
75049 81046 21:0 75066
75051 81045 0:0 75052
75066 81047 0:0 75102
75120 81077 21:0 75128
75127 81079 0:0 75128
75127 81078 21:0 75178
75178 81080 0:0 75194
75196 81110 21:0 75204
75201 81111 0:0 75204
75203 81112 0:0 75204
75204 81113 21:0 75270
75272 81143 21:0 75280
75279 81144 0:0 75280
75279 81145 21:0 75330
75330 81146 0:0 75346
75522 79636 1:0 76174
75523 79637 1:0 76175
75532 79635 1:0 76185
75532 79605 1:0 76298
75540 79604 1:0 76306
75551 350 21:0 75565
75559 79572 1:0 76429
75653 79570 1:0 76436
75654 79569 1:0 76447
75654 79539 1:0 76560
75663 79537 1:0 76567
75663 79538 1:0 76568
75671 79536 1:0 76578
75690 79506 1:0 76691
75784 79504 1:0 76698
75785 79505 1:0 76699
75794 79503 1:0 76709
75794 79473 1:0 76822
75800 79471 1:0 76829
75804 79472 1:0 76830
75821 79470 1:0 76840
75915 79440 1:0 76953
75916 79438 1:0 76960
75925 79439 1:0 76961
75925 79437 1:0 76971
75931 79407 1:0 77084
75935 79406 1:0 77092
75964 79405 1:0 77091
76046 79404 1:0 77102
76047 79374 1:0 77215
76056 79372 1:0 77222
76056 79373 1:0 77223
76062 79371 1:0 77233
76067 79341 1:0 77346
76095 79340 1:0 77354
76177 79339 1:0 77353
76178 79338 1:0 77364
76187 79308 1:0 77477
76187 79307 1:0 77485
76193 79306 1:0 77484
76198 79305 1:0 77495
76213 351 1:0 78825
77675 82189 21:0 77683
77682 82190 0:0 77683
77682 82191 21:0 77733
77733 82192 0:0 77749
77751 82222 0:0 77754
77756 82223 21:0 77773
77758 82224 0:0 77759
77773 82225 0:0 77809
77827 82255 21:0 77835
77832 82257 0:0 77835
77834 82256 0:0 77835
77835 82258 21:0 77901
77903 82288 21:0 77911
77910 82289 0:0 77911
77910 82290 21:0 77961
77961 82291 0:0 77977
77979 82321 21:0 77987
77986 82322 0:0 77987
77986 82323 21:0 78037
78037 82324 0:0 78053
78055 82354 21:0 78063
78062 82355 0:0 78063
78062 82356 21:0 78113
78113 82357 0:0 78129
78131 82387 21:0 78139
78138 82388 0:0 78139
78138 82389 21:0 78189
78189 82390 0:0 78205
78207 82420 21:0 78215
78214 82422 21:0 78265
78283 82453 21:0 78291
78364 82487 0:0 78367
78364 82488 0:0 78367
78367 82489 21:0 78433
78435 82519 21:0 78443
78519 82555 21:0 78585
78663 82618 21:0 78671
78668 82620 0:0 78671
78668 82619 0:0 78671
78671 82621 21:0 78737
78837 81146 1:0 79220
78838 81145 1:0 79228
78847 81144 1:0 79227
78847 81143 1:0 79238
78855 81113 1:0 79351
78866 351 21:0 78880
78874 81111 1:0 79358
78968 81112 1:0 79359
78969 81110 1:0 79369
78969 81080 1:0 79482
78978 81078 1:0 79489
78978 81079 1:0 79490
78986 81077 1:0 79500
79005 81047 1:0 79613
79099 81046 1:0 79621
79100 81045 1:0 79620
79109 81044 1:0 79631
79109 81014 1:0 79744
79115 81012 1:0 79751
79119 81013 1:0 79752
79136 81011 1:0 79762
79230 80981 1:0 79875
79231 80979 1:0 79882
79240 80980 1:0 79883
79240 80978 1:0 79893
79246 80948 1:0 80006
79250 80947 1:0 80014
79279 80946 1:0 80013
79361 80945 1:0 80024
79362 80915 1:0 80137
79371 80913 1:0 80144
79371 80914 1:0 80145
79377 80912 1:0 80155
79382 80882 1:0 80268
79410 80880 1:0 80275
79492 80881 1:0 80276
79493 80879 1:0 80286
79502 80849 1:0 80399
79502 80848 1:0 80407
79508 80847 1:0 80406
79513 80846 1:0 80417
79541 80816 1:0 80530
79623 80815 1:0 80538
79624 80814 1:0 80537
79633 80813 1:0 80548
79633 80783 1:0 80661
79639 80782 1:0 80669
79659 80781 1:0 80668
79672 80780 1:0 80679
79754 80750 1:0 80792
79755 80748 1:0 80799
79764 80749 1:0 80800
79764 80747 1:0 80810
79770 352 1:0 82140
79774 82621 1:0 82404
79791 82620 1:0 82412
79885 82619 1:0 82411
79886 82618 1:0 82422
80990 83631 0:0 80993
80995 83633 21:0 81012
80997 83632 0:0 80998
81012 83634 0:0 81048
81066 83664 21:0 81074
81073 83665 0:0 81074
81073 83666 21:0 81124
81124 83667 0:0 81140
81142 83697 21:0 81150
81147 83698 0:0 81150
81147 83699 0:0 81150
81150 83700 21:0 81216
81218 83730 21:0 81226
81225 83732 0:0 81226
81225 83731 21:0 81276
81276 83733 0:0 81292
81294 83763 21:0 81302
81301 83765 0:0 81302
81301 83764 21:0 81352
81352 83766 0:0 81368
81370 83796 21:0 81378
81377 83797 0:0 81378
81377 83798 21:0 81428
81428 83799 0:0 81444
81446 83829 21:0 81454
81453 83831 0:0 81454
81453 83830 21:0 81504
81504 83832 0:0 81520
81522 83862 21:0 81530
81529 83864 0:0 81530
81529 83863 21:0 81580
81580 83865 0:0 81596
81598 83895 0:0 81601
81603 83896 21:0 81620
81605 83897 0:0 81606
81620 83898 0:0 81656
81674 83928 21:0 81682
81681 83930 0:0 81682
81681 83929 21:0 81732
81732 83931 0:0 81748
81750 83961 0:0 81753
81755 83963 21:0 81772
81757 83962 0:0 81758
81772 83964 0:0 81808
81826 83994 0:0 81829
81831 83995 21:0 81848
81833 83996 0:0 81834
81848 83997 0:0 81884
81902 84027 21:0 81910
81907 84028 0:0 81910
81907 84029 0:0 81910
81910 84030 21:0 81976
81978 84060 21:0 81986
81985 84062 0:0 81986
81985 84061 21:0 82036
82036 84063 0:0 82052
82152 82555 1:0 82666
82153 82519 1:0 82815
82162 82489 1:0 82928
82162 82487 1:0 82935
82170 82488 1:0 82936
82181 352 21:0 82195
82189 82453 1:0 83077
82283 82422 1:0 83198
82284 82420 1:0 83208
82284 82390 1:0 83321
82293 82388 1:0 83328
82293 82389 1:0 83329
82301 82387 1:0 83339
82320 82357 1:0 83452
82414 82356 1:0 83460
82415 82355 1:0 83459
82424 82354 1:0 83470
82424 82324 1:0 83583
82430 82323 1:0 83591
82434 82322 1:0 83590
82451 82321 1:0 83601
82545 82291 1:0 83714
82546 82290 1:0 83722
82555 82289 1:0 83721
82555 82288 1:0 83732
82561 82258 1:0 83845
82565 82257 1:0 83853
82594 82256 1:0 83852
82676 82255 1:0 83863
82677 82225 1:0 83976
82686 82223 1:0 83983
82686 82224 1:0 83984
82692 82222 1:0 83994
82697 82192 1:0 84107
82712 353 1:0 85455
82725 82191 1:0 84115
82807 82190 1:0 84114
82808 82189 1:0 84125
82817 84063 1:0 85719
82817 84061 1:0 85726
82825 84062 1:0 85727
82843 84060 1:0 85737
82938 84030 1:0 85850
82939 84028 1:0 85857
82939 84029 1:0 85858
82948 84027 1:0 85868
84305 85073 0:0 84308
84310 85075 21:0 84327
84312 85074 0:0 84313
84327 85076 0:0 84363
84381 85106 0:0 84384
84386 85108 21:0 84403
84388 85107 0:0 84389
84403 85109 0:0 84439
84457 85139 21:0 84465
84464 85140 0:0 84465
84464 85141 0:0 84465
84465 85142 21:0 84531
84533 85172 21:0 84541
84540 85174 0:0 84541
84540 85173 21:0 84591
84591 85175 0:0 84607
84609 85205 21:0 84617
84616 85206 0:0 84617
84616 85207 21:0 84667
84667 85208 0:0 84683
84685 85238 21:0 84693
84692 85240 0:0 84693
84692 85239 21:0 84743
84743 85241 0:0 84759
84761 85271 21:0 84769
84768 85272 0:0 84769
84768 85273 21:0 84819
84819 85274 0:0 84835
84837 85304 21:0 84845
84844 85305 0:0 84845
84844 85306 21:0 84895
84895 85307 0:0 84911
84913 85337 21:0 84921
84921 85340 21:0 84987
84994 85372 21:0 85011
85070 85405 0:0 85073
85073 85406 21:0 85139
85141 85436 0:0 85144
85146 85438 21:0 85163
85148 85437 0:0 85149
85163 85439 0:0 85199
85222 85471 0:0 85225
85225 85472 21:0 85291
85298 85504 21:0 85315
85467 83997 1:0 85981
85468 83995 1:0 85988
85477 83996 1:0 85989
85477 83994 1:0 85999
85485 83964 1:0 86112
85496 353 21:0 85510
85504 83963 1:0 86120
85598 83962 1:0 86119
85599 83961 1:0 86130
85599 83931 1:0 86243
85608 83929 1:0 86250
85608 83930 1:0 86251
85616 83928 1:0 86261
85635 83898 1:0 86374
85729 83896 1:0 86381
85730 83897 1:0 86382
85739 83895 1:0 86392
85739 83865 1:0 86505
85745 83863 1:0 86512
85749 83864 1:0 86513
85766 83862 1:0 86523
85860 83832 1:0 86636
85861 83830 1:0 86643
85870 83831 1:0 86644
85870 83829 1:0 86654
85876 83799 1:0 86767
85880 83798 1:0 86775
85909 83797 1:0 86774
85991 83796 1:0 86785
85992 83766 1:0 86898
86001 83764 1:0 86905
86001 83765 1:0 86906
86007 83763 1:0 86916
86012 83733 1:0 87029
86040 83731 1:0 87036
86122 83732 1:0 87037
86123 83730 1:0 87047
86132 83700 1:0 87160
86132 83698 1:0 87167
86138 83699 1:0 87168
86143 83697 1:0 87178
86171 83667 1:0 87291
86253 83666 1:0 87299
86254 83665 1:0 87298
86263 83664 1:0 87309
86263 83634 1:0 87422
86269 83633 1:0 87430
86289 83632 1:0 87429
86302 83631 1:0 87440
86384 354 1:0 88770
87620 86515 21:0 87628
87627 86516 0:0 87628
87627 86517 21:0 87678
87678 86518 0:0 87694
87696 86548 21:0 87704
87703 86550 0:0 87704
87703 86549 0:0 87704
87704 86551 21:0 87770
87772 86581 21:0 87780
87779 86582 0:0 87780
87779 86583 21:0 87830
87830 86584 0:0 87846
87848 86614 21:0 87856
87855 86615 0:0 87856
87855 86616 21:0 87906
87906 86617 0:0 87922
87924 86647 21:0 87932
87931 86648 0:0 87932
87931 86649 21:0 87982
87982 86650 0:0 87998
88000 86680 21:0 88008
88007 86682 0:0 88008
88007 86681 21:0 88058
88058 86683 0:0 88074
88076 86713 21:0 88084
88083 86714 0:0 88084
88083 86715 21:0 88134
88134 86716 0:0 88150
88152 86746 21:0 88160
88159 86747 0:0 88160
88159 86748 21:0 88210
88210 86749 0:0 88226
88228 86779 0:0 88231
88233 86781 21:0 88250
88235 86780 0:0 88236
88250 86782 0:0 88286
88304 86812 0:0 88307
88309 86814 21:0 88326
88311 86813 0:0 88312
88326 86815 0:0 88362
88380 86845 0:0 88383
88385 86847 21:0 88402
88387 86846 0:0 88388
88402 86848 0:0 88438
88456 86878 21:0 88464
88463 86880 0:0 88464
88463 86879 21:0 88514
88514 86881 0:0 88530
88782 85504 1:0 89042
88783 85472 1:0 89165
88792 85471 1:0 89173
88792 85439 1:0 89296
88800 85438 1:0 89304
88811 354 21:0 88825
88819 85437 1:0 89303
88913 85436 1:0 89314
88914 85406 1:0 89427
88914 85405 1:0 89435
88923 85372 1:0 89566
88923 85340 1:0 89689
88931 85337 1:0 89707
88950 85307 1:0 89820
89044 85306 1:0 89828
89045 85305 1:0 89827
89054 85304 1:0 89838
89054 85274 1:0 89951
89060 85273 1:0 89959
89064 85272 1:0 89958
89081 85271 1:0 89969
89175 85241 1:0 90082
89176 85239 1:0 90089
89185 85240 1:0 90090
89185 85238 1:0 90100
89191 85208 1:0 90213
89195 85207 1:0 90221
89224 85206 1:0 90220
89306 85205 1:0 90231
89307 85175 1:0 90344
89316 85173 1:0 90351
89316 85174 1:0 90352
89322 85172 1:0 90362
89327 85142 1:0 90475
89355 85140 1:0 90482
89437 85141 1:0 90483
89438 85139 1:0 90493
89447 85109 1:0 90606
89447 85108 1:0 90614
89453 85107 1:0 90613
89458 85106 1:0 90624
89486 85076 1:0 90737
89568 85075 1:0 90745
89569 85074 1:0 90744
89569 355 1:0 92085
89578 85073 1:0 90755
89578 86881 1:0 92611
89586 86879 1:0 92618
89605 86880 1:0 92619
89699 86878 1:0 92629
90935 87957 21:0 90943
90942 87958 0:0 90943
90942 87959 0:0 90943
90943 87960 21:0 91009
91011 87990 0:0 91014
91016 87991 21:0 91033
91018 87992 0:0 91019
91033 87993 0:0 91069
91087 88023 21:0 91095
91094 88025 0:0 91095
91094 88024 21:0 91145
91145 88026 0:0 91161
91163 88056 21:0 91171
91170 88057 0:0 91171
91170 88058 21:0 91221
91221 88059 0:0 91237
91239 88089 21:0 91247
91246 88090 0:0 91247
91246 88091 21:0 91297
91297 88092 0:0 91313
91315 88122 21:0 91323
91322 88123 0:0 91323
91322 88124 21:0 91373
91373 88125 0:0 91389
91391 88155 21:0 91399
91398 88157 0:0 91399
91398 88156 21:0 91449
91449 88158 0:0 91465
91467 88188 21:0 91475
91474 88189 0:0 91475
91474 88190 21:0 91525
91525 88191 0:0 91541
91543 88221 0:0 91546
91548 88222 21:0 91565
91550 88223 0:0 91551
91565 88224 0:0 91601
91619 88254 0:0 91622
91624 88256 21:0 91641
91641 88257 0:0 91677
91695 88287 0:0 91698
91700 88289 21:0 91717
91702 88288 0:0 91703
91717 88290 0:0 91753
91776 88322 0:0 91779
91779 88323 21:0 91845
91847 88353 21:0 91855
91855 88356 21:0 91921
91923 88386 21:0 91931
92097 86848 1:0 92742
92098 86847 1:0 92750
92107 86846 1:0 92749
92107 86845 1:0 92760
92115 86815 1:0 92873
92126 355 21:0 92140
92134 86814 1:0 92881
92228 86813 1:0 92880
92229 86812 1:0 92891
92229 86782 1:0 93004
92238 86780 1:0 93011
92238 86781 1:0 93012
92246 86779 1:0 93022
92265 86749 1:0 93135
92359 86748 1:0 93143
92360 86747 1:0 93142
92369 86746 1:0 93153
92369 86716 1:0 93266
92375 86715 1:0 93274
92379 86714 1:0 93273
92396 86713 1:0 93284
92490 86683 1:0 93397
92491 86681 1:0 93404
92500 86682 1:0 93405
92500 86680 1:0 93415
92506 86650 1:0 93528
92510 86649 1:0 93536
92539 86648 1:0 93535
92621 86647 1:0 93546
92622 86617 1:0 93659
92631 86615 1:0 93666
92631 86616 1:0 93667
92637 86614 1:0 93677
92642 86584 1:0 93790
92670 86583 1:0 93798
92752 86582 1:0 93797
92753 86581 1:0 93808
92762 86551 1:0 93921
92762 86550 1:0 93929
92768 86549 1:0 93928
92773 86548 1:0 93939
92801 86518 1:0 94052
92883 86517 1:0 94060
92884 86516 1:0 94059
92884 356 1:0 95400
92893 86515 1:0 94070
94250 89399 21:0 94258
94257 89401 0:0 94258
94257 89400 21:0 94308
94308 89402 0:0 94324
94326 89432 21:0 94334
94333 89434 0:0 94334
94333 89433 0:0 94334
94334 89435 21:0 94400
94402 89465 21:0 94410
94407 89466 0:0 94410
94409 89467 0:0 94410
94410 89468 21:0 94476
94478 89498 21:0 94486
94485 89499 0:0 94486
94485 89500 21:0 94536
94536 89501 0:0 94552
94554 89531 21:0 94562
94561 89532 0:0 94562
94561 89533 21:0 94612
94612 89534 0:0 94628
94630 89564 21:0 94638
94637 89565 0:0 94638
94637 89566 21:0 94688
94688 89567 0:0 94704
94706 89597 21:0 94714
94713 89599 0:0 94714
94713 89598 21:0 94764
94764 89600 0:0 94780
94782 89630 21:0 94790
94789 89631 0:0 94790
94789 89632 21:0 94840
94840 89633 0:0 94856
94858 89663 21:0 94866
94865 89664 0:0 94866
94865 89665 21:0 94916
94916 89666 0:0 94932
94934 89696 0:0 94937
94939 89698 21:0 94956
94941 89697 0:0 94942
94956 89699 0:0 94992
95010 89729 21:0 95018
95017 89731 0:0 95018
95017 89730 21:0 95068
95068 89732 0:0 95084
95412 88386 1:0 95682
95413 88356 1:0 95795
95422 88353 1:0 95813
95422 88323 1:0 95926
95430 88322 1:0 95934
95441 356 21:0 95455
95449 88290 1:0 96057
95543 88289 1:0 96065
95544 88288 1:0 96064
95544 88287 1:0 96075
95553 88257 1:0 96188
95553 88256 1:0 96196
95561 88254 1:0 96206
95580 88224 1:0 96319
95674 88222 1:0 96326
95675 88223 1:0 96327
95684 88221 1:0 96337
95684 88191 1:0 96450
95690 88190 1:0 96458
95694 88189 1:0 96457
95711 88188 1:0 96468
95805 88158 1:0 96581
95806 88156 1:0 96588
95815 88157 1:0 96589
95815 88155 1:0 96599
95821 88125 1:0 96712
95825 88124 1:0 96720
95854 88123 1:0 96719
95936 88122 1:0 96730
95937 88092 1:0 96843
95946 88090 1:0 96850
95946 88091 1:0 96851
95952 88089 1:0 96861
95957 88059 1:0 96974
95985 88058 1:0 96982
96067 88057 1:0 96981
96068 88056 1:0 96992
96077 88026 1:0 97105
96077 88024 1:0 97112
96083 88025 1:0 97113
96088 88023 1:0 97123
96116 87993 1:0 97236
96198 87991 1:0 97243
96199 87992 1:0 97244
96208 87990 1:0 97254
96208 87960 1:0 97367
96214 87958 1:0 97374
96234 87959 1:0 97375
96247 87957 1:0 97385
96329 357 1:0 98715
96330 89732 1:0 99372
96339 89730 1:0 99379
96339 89731 1:0 99380
96345 89729 1:0 99390
97565 90841 21:0 97573
97572 90842 0:0 97573
97572 90843 21:0 97623
97623 90844 0:0 97639
97641 90874 0:0 97644
97646 90875 21:0 97663
97648 90876 0:0 97649
97663 90877 0:0 97699
97717 90907 0:0 97720
97722 90909 21:0 97739
97724 90908 0:0 97725
97739 90910 0:0 97775
97793 90940 21:0 97801
97800 90942 0:0 97801
97800 90941 21:0 97851
97851 90943 0:0 97867
97869 90973 21:0 97877
97876 90974 0:0 97877
97876 90975 21:0 97927
97927 90976 0:0 97943
97945 91006 21:0 97953
97952 91007 0:0 97953
97952 91008 21:0 98003
98003 91009 0:0 98019
98021 91039 21:0 98029
98028 91040 0:0 98029
98028 91041 21:0 98079
98079 91042 0:0 98095
98097 91072 21:0 98105
98104 91073 0:0 98105
98104 91074 0:0 98105
98105 91075 21:0 98171
98173 91105 21:0 98181
98180 91106 0:0 98181
98180 91107 21:0 98231
98231 91108 0:0 98247
98249 91138 21:0 98257
98256 91139 0:0 98257
98256 91140 21:0 98307
98307 91141 0:0 98323
98325 91171 21:0 98333
98332 91173 0:0 98333
98332 91172 21:0 98383
98383 91174 0:0 98399
98401 91204 21:0 98409
98409 91207 21:0 98475
98553 91270 0:0 98556
98558 91272 21:0 98575
98560 91271 0:0 98561
98629 91303 21:0 98637
98636 91305 0:0 98637
98636 91304 21:0 98687
98727 89699 1:0 99503
98728 89698 1:0 99511
98737 89697 1:0 99510
98737 89696 1:0 99521
98745 89666 1:0 99634
98756 357 21:0 98770
98764 89665 1:0 99642
98858 89664 1:0 99641
98859 89663 1:0 99652
98859 89633 1:0 99765
98868 89631 1:0 99772
98868 89632 1:0 99773
98876 89630 1:0 99783
98895 89600 1:0 99896
98989 89598 1:0 99903
98990 89599 1:0 99904
98999 89597 1:0 99914
98999 89567 1:0 100027
99005 89566 1:0 100035
99009 89565 1:0 100034
99026 89564 1:0 100045
99120 89534 1:0 100158
99121 89533 1:0 100166
99130 89532 1:0 100165
99130 89531 1:0 100176
99136 89501 1:0 100289
99140 89500 1:0 100297
99169 89499 1:0 100296
99251 89498 1:0 100307
99252 89468 1:0 100420
99261 89466 1:0 100427
99261 89467 1:0 100428
99267 89465 1:0 100438
99272 89435 1:0 100551
99300 89434 1:0 100559
99382 89433 1:0 100558
99383 89432 1:0 100569
99392 89402 1:0 100682
99392 89400 1:0 100689
99398 89401 1:0 100690
99403 89399 1:0 100700
99418 358 1:0 102030
100880 92283 0:0 100883
100885 92285 21:0 100902
100887 92284 0:0 100888
100902 92286 0:0 100938
100956 92316 0:0 100959
100961 92318 21:0 100978
100963 92317 0:0 100964
100978 92319 0:0 101014
101032 92349 21:0 101040
101039 92351 0:0 101040
101039 92350 21:0 101090
101090 92352 0:0 101106
101108 92382 21:0 101116
101113 92384 0:0 101116
101115 92383 0:0 101116
101116 92385 21:0 101182
101184 92415 0:0 101187
101189 92416 21:0 101206
101191 92417 0:0 101192
101206 92418 0:0 101242
101260 92448 21:0 101268
101267 92450 0:0 101268
101267 92449 0:0 101268
101268 92451 21:0 101334
101336 92481 0:0 101339
101341 92482 21:0 101358
101343 92483 0:0 101344
101358 92484 0:0 101394
101412 92514 21:0 101420
101419 92516 0:0 101420
101419 92515 21:0 101470
101470 92517 0:0 101486
101488 92547 0:0 101491
101493 92549 21:0 101510
101495 92548 0:0 101496
101510 92550 0:0 101546
101564 92580 21:0 101572
101571 92581 0:0 101572
101571 92582 21:0 101622
101622 92583 0:0 101638
102042 91304 1:0 102170
102043 91305 1:0 102171
102052 91303 1:0 102181
102052 91272 1:0 102302
102060 91271 1:0 102301
102071 358 21:0 102085
102079 91270 1:0 102312
102173 91207 1:0 102556
102174 91204 1:0 102574
102174 91174 1:0 102687
102183 91172 1:0 102694
102183 91173 1:0 102695
102191 91171 1:0 102705
102210 91141 1:0 102818
102304 91140 1:0 102826
102305 91139 1:0 102825
102314 91138 1:0 102836
102314 91108 1:0 102949
102320 91107 1:0 102957
102324 91106 1:0 102956
102341 91105 1:0 102967
102435 91075 1:0 103080
102436 91073 1:0 103087
102445 91074 1:0 103088
102445 91072 1:0 103098
102451 91042 1:0 103211
102455 91041 1:0 103219
102484 91040 1:0 103218
102566 91039 1:0 103229
102567 91009 1:0 103342
102576 91007 1:0 103349
102576 91008 1:0 103350
102582 91006 1:0 103360
102587 90976 1:0 103473
102615 90975 1:0 103481
102697 90974 1:0 103480
102698 90973 1:0 103491
102707 90943 1:0 103604
102707 90941 1:0 103611
102713 90942 1:0 103612
102718 90940 1:0 103622
102746 90910 1:0 103735
102828 90909 1:0 103743
102829 90908 1:0 103742
102838 90907 1:0 103753
102838 90877 1:0 103866
102844 90875 1:0 103873
102864 90876 1:0 103874
102877 90874 1:0 103884
102959 90844 1:0 103997
102960 90843 1:0 104005
102960 46018 1:0 104236
102969 90842 1:0 104004
102969 90841 1:0 104015
102975 359 1:0 104128
102975 46026 1:0 104232
102979 46027 1:0 104232
102995 46029 1:0 104312
102996 46019 1:0 104236
102996 46024 1:0 104291
103008 46025 1:0 104292
103008 46028 1:0 104311
103090 46030 1:0 104321
103090 46031 1:0 104322
103091 46173 1:0 104456
103091 46175 1:0 104456
103091 46171 1:0 104458
103100 46176 1:0 104457
103100 46178 1:0 104457
103100 46174 1:0 104457
103100 46166 1:0 104457
103100 46172 1:0 104457
103100 46165 1:0 104458
103100 46313 1:0 104678
103106 46177 1:0 104542
103108 46321 1:0 104674
103111 46320 1:0 104674
103127 46323 1:0 104754
103139 46312 1:0 104678
103139 46322 1:0 104753
103221 46318 1:0 104733
103221 46319 1:0 104734
103221 46324 1:0 104763
103221 46459 1:0 104899
103222 46325 1:0 104764
103222 46468 1:0 104895
103222 46460 1:0 104899
103222 46465 1:0 104954
103231 46467 1:0 104895
103231 46466 1:0 104955
103231 46469 1:0 104974
103231 46470 1:0 104975
103237 46471 1:0 104984
103237 46472 1:0 104985
103241 46614 1:0 105119
103257 46616 1:0 105119
103270 46615 1:0 105120
103270 46617 1:0 105120
103352 46618 1:0 105120
103352 46607 1:0 105120
103352 46613 1:0 105120
103352 46606 1:0 105121
103353 46612 1:0 105121
103353 46619 1:0 105206
103353 46761 1:0 105340
103353 46759 1:0 105342
103362 92583 1:0 105270
103362 92582 1:0 105340
103368 46763 1:0 105340
103370 46762 1:0 105341
103373 46764 1:0 105341
103389 46765 1:0 105341
103401 46754 1:0 105341
103401 46766 1:0 105427
103483 46760 1:0 105341
103483 46753 1:0 105342
103483 46909 1:0 105558
103483 46900 1:0 105562
103484 92581 1:0 105463
103484 46901 1:0 105562
103484 46906 1:0 105617
103493 92580 1:0 105474
103493 92549 1:0 105558
103499 46908 1:0 105627
103504 92550 1:0 105677
103520 46910 1:0 105637
103532 46907 1:0 105618
103532 46911 1:0 105638
103614 46912 1:0 105647
103614 46913 1:0 105648
103615 92548 1:0 105684
103615 47048 1:0 105783
103624 92547 1:0 105695
103624 92515 1:0 105779
103630 47056 1:0 105779
103632 47055 1:0 105779
103635 47057 1:0 105858
103650 47047 1:0 105783
103663 92517 1:0 105897
103745 47053 1:0 105838
103745 47054 1:0 105839
103745 47058 1:0 105859
103746 47059 1:0 105868
103746 47060 1:0 105869
103755 92516 1:0 105906
103755 92514 1:0 105916
103761 92484 1:0 105933
103766 92482 1:0 106003
103782 47202 1:0 106003
103794 47204 1:0 106003
103794 47195 1:0 106004
103876 47207 1:0 106004
103876 47205 1:0 106004
103877 47201 1:0 106004
103877 47203 1:0 106004
103877 47206 1:0 106089
103886 92483 1:0 106127
103886 47200 1:0 106005
103886 47194 1:0 106005
103892 92481 1:0 106137
103896 92451 1:0 106221
103912 47349 1:0 106221
103913 47341 1:0 106225
103913 47342 1:0 106225
103925 47347 1:0 106280
103925 47350 1:0 106291
104007 47351 1:0 106300
104007 47352 1:0 106301
104008 47348 1:0 106281
104008 47353 1:0 106310
104008 47354 1:0 106311
104017 92449 1:0 106347
104017 92450 1:0 106348
104025 92448 1:0 106358
104044 92418 1:0 106375
104097 92416 1:0 106445
104140 47496 1:0 106445
104140 47498 1:0 106445
104141 47499 1:0 106446
104141 47497 1:0 106446
104141 47488 1:0 106447
104141 47494 1:0 106447
104150 47495 1:0 106446
104150 47489 1:0 106446
104150 47500 1:0 106446
104150 47501 1:0 106532
104156 92417 1:0 106569
104169 359 21:0 104183
104176 92415 1:0 106579
104189 92385 1:0 106663
104230 47644 1:0 106663
104243 47643 1:0 106663
104258 47645 1:0 106742
104259 47636 1:0 106667
104259 47635 1:0 106667
104259 47641 1:0 106722
104259 47642 1:0 106723
104260 47782 1:0 106888
104309 47646 1:0 106743
104318 46029 21:0 104353
104319 47647 1:0 106752
104329 47648 1:0 106753
104351 46028 0:0 104353
104352 46019 0:0 104353
104352 46018 0:0 104353
104352 46030 0:0 104353
104352 46024 0:0 104353
104352 46031 0:0 104353
104352 46025 0:0 104353
104352 46027 0:0 104353
104352 46026 0:0 104353
104354 92383 1:0 106789
104354 92384 1:0 106790
104361 92382 1:0 106800
104362 92350 1:0 106884
104362 47783 1:0 106888
104362 47788 1:0 106943
104371 47790 1:0 106884
104371 47791 1:0 106884
104371 47792 1:0 106963
104377 92352 1:0 107002
104379 47793 1:0 106964
104381 47789 1:0 106944
104397 47794 1:0 106973
104410 47795 1:0 106974
104459 92351 1:0 107011
104464 47929 1:0 107109
104480 92349 1:0 107021
104481 47930 1:0 107109
104540 92318 1:0 107105
104550 47938 1:0 107105
104552 46177 21:0 104574
104573 46174 0:0 104574
104573 46176 0:0 104574
104573 46166 0:0 104574
104573 46171 0:0 104574
104573 46172 0:0 104574
104573 46165 0:0 104574
104573 46175 0:0 104574
104573 46178 0:0 104574
104573 46173 0:0 104574
104575 92319 1:0 107223
104575 47935 1:0 107164
104575 47937 1:0 107174
104575 47939 1:0 107184
104582 47936 1:0 107165
104582 47940 1:0 107185
104583 47941 1:0 107194
104583 47942 1:0 107195
104592 92317 1:0 107231
104592 92316 1:0 107242
104598 92285 1:0 107326
104600 48085 1:0 107326
104603 48084 1:0 107395
104618 48077 1:0 107330
104618 48076 1:0 107330
104672 92286 1:0 107444
104680 48086 1:0 107405
104700 48087 1:0 107406
104701 48082 1:0 107385
104701 48083 1:0 107386
104702 48088 1:0 107415
104751 48089 1:0 107416
104760 46323 21:0 104795
104771 92284 1:0 107452
104793 46321 0:0 104795
104793 46324 0:0 104795
104793 46320 0:0 104795
104794 46325 0:0 104795
104794 46322 0:0 104795
104794 46313 0:0 104795
104794 46318 0:0 104795
104794 46319 0:0 104795
104794 46312 0:0 104795
104796 92283 1:0 107463
104796 48323 1:0 107676
104796 48231 1:0 107550
104796 48233 1:0 107550
104803 48232 1:0 107551
104803 48235 1:0 107551
104804 48234 1:0 107551
104804 48224 1:0 107551
104804 48230 1:0 107551
104804 48223 1:0 107552
104804 48229 1:0 107552
104804 48324 1:0 107677
104813 48236 1:0 107637
104981 46470 21:0 105016
105014 46468 0:0 105016
105014 46467 0:0 105016
105014 46469 0:0 105016
105015 46460 0:0 105016
105015 46472 0:0 105016
105015 46471 0:0 105016
105015 46459 0:0 105016
105015 46466 0:0 105016
105015 46465 0:0 105016
105212 46619 21:0 105237
105235 46615 0:0 105237
105235 46616 0:0 105237
105235 46617 0:0 105237
105235 46618 0:0 105237
105235 46614 0:0 105237
105236 46607 0:0 105237
105236 46606 0:0 105237
105236 46612 0:0 105237
105236 46613 0:0 105237
105433 46766 21:0 105458
105456 46764 0:0 105458
105456 46754 0:0 105458
105456 46761 0:0 105458
105456 46762 0:0 105458
105456 46765 0:0 105458
105456 46763 0:0 105458
105457 46760 0:0 105458
105457 46753 0:0 105458
105457 46759 0:0 105458
105637 46908 21:0 105679
105678 46907 0:0 105679
105678 46909 0:0 105679
105678 46906 0:0 105679
105678 46900 0:0 105679
105678 46910 0:0 105679
105678 46911 0:0 105679
105678 46912 0:0 105679
105678 46913 0:0 105679
105678 46901 0:0 105679
105868 47057 21:0 105900
105898 47059 0:0 105900
105899 47056 0:0 105900
105899 47058 0:0 105900
105899 47060 0:0 105900
105899 47048 0:0 105900
105899 47047 0:0 105900
105899 47053 0:0 105900
105899 47054 0:0 105900
105899 47055 0:0 105900
106099 47206 21:0 106121
106120 47195 0:0 106121
106120 47204 0:0 106121
106120 47203 0:0 106121
106120 47202 0:0 106121
106120 47205 0:0 106121
106120 47200 0:0 106121
106120 47207 0:0 106121
106120 47194 0:0 106121
106120 47201 0:0 106121
106297 47350 21:0 106342
106340 47349 0:0 106342
106340 47353 0:0 106342
106341 47354 0:0 106342
106341 47341 0:0 106342
106341 47352 0:0 106342
106341 47351 0:0 106342
106341 47347 0:0 106342
106341 47342 0:0 106342
106341 47348 0:0 106342
106538 47501 21:0 106563
106561 47500 0:0 106563
106561 47499 0:0 106563
106561 47498 0:0 106563
106561 47497 0:0 106563
106561 47496 0:0 106563
106562 47494 0:0 106563
106562 47495 0:0 106563
106562 47488 0:0 106563
106562 47489 0:0 106563
106752 47645 21:0 106784
106782 47647 0:0 106784
106783 47641 0:0 106784
106783 47642 0:0 106784
106783 47643 0:0 106784
106783 47644 0:0 106784
106783 47648 0:0 106784
106783 47636 0:0 106784
106783 47646 0:0 106784
106783 47635 0:0 106784
106973 47792 21:0 107005
107003 47794 0:0 107005
107004 47788 0:0 107005
107004 47783 0:0 107005
107004 47790 0:0 107005
107004 47789 0:0 107005
107004 47782 0:0 107005
107004 47791 0:0 107005
107004 47793 0:0 107005
107004 47795 0:0 107005
107184 47937 21:0 107226
107224 47941 0:0 107226
107225 47935 0:0 107226
107225 47936 0:0 107226
107225 47942 0:0 107226
107225 47938 0:0 107226
107225 47940 0:0 107226
107225 47939 0:0 107226
107225 47929 0:0 107226
107225 47930 0:0 107226
107405 48084 21:0 107447
107445 48088 0:0 107447
107446 48085 0:0 107447
107446 48077 0:0 107447
107446 48076 0:0 107447
107446 48083 0:0 107447
107446 48086 0:0 107447
107446 48082 0:0 107447
107446 48087 0:0 107447
107446 48089 0:0 107447
107643 48236 21:0 293
