158 25065 0:0 160
158 25067 0:0 160
158 25056 0:0 160
159 25155 0:0 160
159 25061 0:0 160
159 25066 0:0 160
159 25062 0:0 160
159 25068 0:0 160
159 25063 0:0 160
159 25055 0:0 160
159 25156 0:0 160
219 25264 21:0 277
290 25295 21:0 298
297 25297 0:0 298
297 25296 21:0 364
371 25329 21:0 429
373 25330 0:0 374
447 25362 21:0 505
523 25395 21:0 581
599 25429 21:0 657
751 25495 0:0 754
754 25496 21:0 820
827 25528 0:0 830
830 25529 21:0 896
906 25562 21:0 972
979 25594 21:0 1037
1055 25626 21:0 1113
1207 25693 21:0 1265
1431 25791 0:0 1434
1436 25793 21:0 1494
1438 25792 0:0 1439
1493 25794 0:0 1505
1507 25824 0:0 1510
1512 25825 21:0 1570
1514 25826 0:0 1515
1569 25827 0:0 1581
1583 25857 21:0 1591
1588 25858 0:0 1591
1588 25859 0:0 1591
1591 25860 21:0 1657
1659 25890 0:0 1662
1664 25891 21:0 1722
1666 25892 0:0 1667
1721 25893 0:0 1733
1735 25923 21:0 1743
1742 25925 0:0 1743
1742 25924 21:0 1809
1807 25926 0:0 1809
1811 25956 21:0 1819
1818 25958 0:0 1819
1818 25957 21:0 1885
1883 25959 0:0 1885
1887 25989 21:0 1895
1894 25991 0:0 1895
1894 25990 21:0 1961
1959 25992 0:0 1961
1963 26022 21:0 1971
1970 26024 0:0 1971
1970 26023 21:0 2037
2035 26025 0:0 2037
2039 26055 21:0 2047
2046 26057 0:0 2047
2046 26056 21:0 2113
2111 26058 0:0 2113
2115 26088 21:0 2123
2122 26089 0:0 2123
2122 26090 21:0 2189
2187 26091 0:0 2189
2191 26121 21:0 2199
2198 26123 0:0 2199
2198 26122 21:0 2265
2263 26124 0:0 2265
2267 26154 21:0 2275
2274 26156 0:0 2275
2274 26155 21:0 2341
2339 26157 0:0 2341
2343 26187 21:0 2351
2350 26188 0:0 2351
2350 26189 21:0 2417
2415 26190 0:0 2417
2419 26220 21:0 2427
2426 26221 0:0 2427
2426 26222 21:0 2493
2491 26223 0:0 2493
2495 26253 21:0 2503
2502 26254 0:0 2503
2502 26255 21:0 2569
2567 26256 0:0 2569
2592 25693 1:0 2834
2593 25626 1:0 3077
2593 25594 1:0 3200
2601 25562 1:0 3315
2607 25529 1:0 3437
2618 312 21:0 2632
2633 312 1:0 2581
2714 25528 1:0 3444
2715 25496 1:0 3559
2723 25495 1:0 3566
2723 25429 1:0 3810
2729 25395 1:0 3931
2836 25362 1:0 4053
2837 25329 1:0 4175
2845 25330 1:0 4176
2845 25296 1:0 4297
2851 25297 1:0 4298
2855 313 1:0 5751
2958 25295 1:0 4307
2959 25264 1:0 4420
2967 26256 1:0 5884
2967 26255 1:0 5892
2977 26254 1:0 5891
3080 26253 1:0 5902
4601 27233 21:0 4609
4608 27234 0:0 4609
4608 27235 21:0 4675
4673 27236 0:0 4675
4677 27266 21:0 4685
4684 27267 0:0 4685
4684 27268 21:0 4751
4749 27269 0:0 4751
4753 27299 21:0 4761
4760 27300 0:0 4761
4760 27301 21:0 4827
4825 27302 0:0 4827
4829 27332 21:0 4837
4836 27333 0:0 4837
4836 27334 21:0 4903
4901 27335 0:0 4903
4905 27365 21:0 4913
4912 27367 0:0 4913
4912 27366 21:0 4979
4977 27368 0:0 4979
4981 27398 21:0 4989
4988 27399 0:0 4989
4988 27400 21:0 5055
5053 27401 0:0 5055
5057 27431 21:0 5065
5064 27433 0:0 5065
5064 27432 21:0 5131
5129 27434 0:0 5131
5133 27464 21:0 5141
5140 27465 0:0 5141
5140 27466 21:0 5207
5205 27467 0:0 5207
5209 27497 21:0 5217
5216 27499 21:0 5283
5281 27500 0:0 5283
5285 27530 0:0 5288
5290 27531 21:0 5348
5292 27532 0:0 5293
5366 27565 21:0 5424
5368 27564 0:0 5369
5423 27566 0:0 5435
5437 27596 21:0 5445
5444 27598 0:0 5445
5444 27597 21:0 5511
5518 27630 0:0 5521
5521 27632 21:0 5587
5589 27662 0:0 5592
5594 27664 21:0 5652
5665 27695 21:0 5673
5672 27697 21:0 5739
5763 26223 1:0 6015
5764 26222 1:0 6023
5773 26221 1:0 6022
5773 26220 1:0 6033
5779 26190 1:0 6146
5792 313 21:0 5806
5799 26189 1:0 6154
5812 26188 1:0 6153
5894 26187 1:0 6164
5895 26157 1:0 6277
5904 26155 1:0 6284
5904 26156 1:0 6285
5910 26154 1:0 6295
5930 26124 1:0 6408
5943 26122 1:0 6415
6025 26123 1:0 6416
6026 26121 1:0 6426
6035 26091 1:0 6539
6035 26090 1:0 6547
6043 26089 1:0 6546
6061 26088 1:0 6557
6156 26058 1:0 6670
6157 26056 1:0 6677
6157 26057 1:0 6678
6166 26055 1:0 6688
6166 26025 1:0 6801
6174 26023 1:0 6808
6193 26024 1:0 6809
6287 26022 1:0 6819
6288 25992 1:0 6932
6297 25990 1:0 6939
6297 25991 1:0 6940
6303 25989 1:0 6950
6307 25959 1:0 7063
6324 25957 1:0 7070
6418 25958 1:0 7071
6419 25956 1:0 7081
6428 25926 1:0 7194
6428 25924 1:0 7201
6434 25925 1:0 7202
6438 25923 1:0 7212
6467 25893 1:0 7325
6549 25891 1:0 7332
6550 25892 1:0 7333
6559 25890 1:0 7343
6559 25860 1:0 7456
6565 25859 1:0 7464
6570 25858 1:0 7463
6598 25857 1:0 7474
6680 25827 1:0 7587
6681 25825 1:0 7594
6690 25826 1:0 7595
6690 25824 1:0 7605
6696 25794 1:0 7718
6701 25793 1:0 7726
6729 25792 1:0 7725
6811 25791 1:0 7736
6812 314 1:0 9066
7916 28675 21:0 7924
7923 28676 0:0 7924
7923 28677 21:0 7990
7988 28678 0:0 7990
7992 28708 21:0 8000
7999 28710 0:0 8000
7999 28709 21:0 8066
8064 28711 0:0 8066
8068 28741 21:0 8076
8075 28743 0:0 8076
8075 28742 0:0 8076
8076 28744 21:0 8142
8144 28774 21:0 8152
8151 28775 0:0 8152
8151 28776 21:0 8218
8216 28777 0:0 8218
8220 28807 21:0 8228
8227 28809 0:0 8228
8227 28808 21:0 8294
8292 28810 0:0 8294
8296 28840 21:0 8304
8303 28841 0:0 8304
8303 28842 21:0 8370
8368 28843 0:0 8370
8372 28873 21:0 8380
8379 28875 0:0 8380
8379 28874 21:0 8446
8444 28876 0:0 8446
8448 28906 21:0 8456
8455 28908 0:0 8456
8455 28907 0:0 8456
8456 28909 21:0 8522
8524 28939 21:0 8532
8531 28940 0:0 8532
8531 28941 21:0 8598
8596 28942 0:0 8598
8600 28972 0:0 8603
8605 28974 21:0 8663
8607 28973 0:0 8608
8662 28975 0:0 8674
8676 29005 0:0 8679
8681 29006 21:0 8739
8683 29007 0:0 8684
8738 29008 0:0 8750
8752 29038 0:0 8755
8757 29040 21:0 8815
8759 29039 0:0 8760
8814 29041 0:0 8826
8828 29071 0:0 8831
8833 29073 21:0 8891
8835 29072 0:0 8836
8890 29074 0:0 8902
8904 29104 21:0 8912
8911 29105 0:0 8912
8911 29106 21:0 8978
8976 29107 0:0 8978
9078 27697 1:0 9207
9079 27695 1:0 9217
9088 27664 1:0 9338
9088 27662 1:0 9348
9094 27632 1:0 9461
9107 314 21:0 9121
9114 27630 1:0 9468
9127 27597 1:0 9599
9209 27598 1:0 9600
9210 27596 1:0 9610
9219 27566 1:0 9723
9219 27565 1:0 9731
9225 27564 1:0 9730
9245 27531 1:0 9861
9258 27532 1:0 9862
9340 27530 1:0 9872
9341 27500 1:0 9985
9350 27499 1:0 9993
9350 27497 1:0 10003
9358 27467 1:0 10116
9376 27466 1:0 10124
9471 27465 1:0 10123
9472 27464 1:0 10134
9472 27434 1:0 10247
9481 27432 1:0 10254
9481 27433 1:0 10255
9489 27431 1:0 10265
9508 27401 1:0 10378
9602 27400 1:0 10386
9603 27399 1:0 10385
9612 27398 1:0 10396
9612 27368 1:0 10509
9618 27366 1:0 10516
9622 27367 1:0 10517
9639 27365 1:0 10527
9733 27335 1:0 10640
9734 27334 1:0 10648
9743 27333 1:0 10647
9743 27332 1:0 10658
9749 27302 1:0 10771
9753 27301 1:0 10779
9782 27300 1:0 10778
9864 27299 1:0 10789
9865 27269 1:0 10902
9874 27267 1:0 10909
9874 27268 1:0 10910
9880 27266 1:0 10920
9885 27236 1:0 11033
9900 315 1:0 12381
9913 27235 1:0 11041
9995 27234 1:0 11040
9996 27233 1:0 11051
11231 30117 21:0 11239
11238 30118 0:0 11239
11238 30119 21:0 11305
11303 30120 0:0 11305
11307 30150 21:0 11315
11314 30152 0:0 11315
11314 30151 21:0 11381
11379 30153 0:0 11381
11383 30183 21:0 11391
11390 30184 0:0 11391
11390 30185 0:0 11391
11391 30186 21:0 11457
11459 30216 21:0 11467
11466 30217 0:0 11467
11466 30218 0:0 11467
11467 30219 21:0 11533
11535 30249 21:0 11543
11542 30250 0:0 11543
11542 30251 0:0 11543
11543 30252 21:0 11609
11611 30282 21:0 11619
11618 30283 0:0 11619
11618 30284 21:0 11685
11683 30285 0:0 11685
11687 30315 21:0 11695
11694 30317 0:0 11695
11694 30316 0:0 11695
11695 30318 21:0 11761
11763 30348 21:0 11771
11770 30350 0:0 11771
11770 30349 0:0 11771
11771 30351 21:0 11837
11839 30381 21:0 11847
11846 30383 0:0 11847
11846 30382 21:0 11913
11911 30384 0:0 11913
11915 30414 21:0 11923
11923 30417 21:0 11989
11991 30447 0:0 11994
11996 30449 21:0 12054
11998 30448 0:0 11999
12053 30450 0:0 12065
12067 30480 0:0 12070
12072 30482 21:0 12130
12074 30481 0:0 12075
12129 30483 0:0 12141
12143 30513 0:0 12146
12148 30514 21:0 12206
12150 30515 0:0 12151
12295 30579 21:0 12303
12393 29107 1:0 12645
12394 29106 1:0 12653
12403 29105 1:0 12652
12403 29104 1:0 12663
12409 29074 1:0 12776
12422 315 21:0 12436
12429 29073 1:0 12784
12442 29072 1:0 12783
12524 29071 1:0 12794
12525 29041 1:0 12907
12534 29039 1:0 12914
12534 29040 1:0 12915
12540 29038 1:0 12925
12560 29008 1:0 13038
12573 29006 1:0 13045
12655 29007 1:0 13046
12656 29005 1:0 13056
12665 28975 1:0 13169
12665 28974 1:0 13177
12673 28973 1:0 13176
12691 28972 1:0 13187
12786 28942 1:0 13300
12787 28940 1:0 13307
12787 28941 1:0 13308
12796 28939 1:0 13318
12796 28909 1:0 13431
12804 28907 1:0 13438
12823 28908 1:0 13439
12917 28906 1:0 13449
12918 28876 1:0 13562
12927 28874 1:0 13569
12927 28875 1:0 13570
12933 28873 1:0 13580
12937 28843 1:0 13693
12954 28842 1:0 13701
13048 28841 1:0 13700
13049 28840 1:0 13711
13058 28810 1:0 13824
13058 28808 1:0 13831
13064 28809 1:0 13832
13068 28807 1:0 13842
13097 28777 1:0 13955
13179 28776 1:0 13963
13180 28775 1:0 13962
13189 28774 1:0 13973
13189 28744 1:0 14086
13195 28743 1:0 14094
13200 28742 1:0 14093
13228 28741 1:0 14104
13310 28711 1:0 14217
13311 28709 1:0 14224
13320 28710 1:0 14225
13320 28708 1:0 14235
13326 28678 1:0 14348
13331 28677 1:0 14356
13359 28676 1:0 14355
13441 28675 1:0 14366
13442 30579 1:0 15847
13442 316 1:0 15696
14546 31559 21:0 14554
14553 31561 0:0 14554
14553 31560 21:0 14620
14618 31562 0:0 14620
14622 31592 21:0 14630
14629 31593 0:0 14630
14629 31594 0:0 14630
14630 31595 21:0 14696
14698 31625 21:0 14706
14705 31626 0:0 14706
14705 31627 21:0 14772
14770 31628 0:0 14772
14774 31658 21:0 14782
14781 31660 0:0 14782
14781 31659 21:0 14848
14846 31661 0:0 14848
14850 31691 21:0 14858
14857 31693 0:0 14858
14857 31692 21:0 14924
14922 31694 0:0 14924
14926 31724 21:0 14934
14933 31726 0:0 14934
14933 31725 21:0 15000
14998 31727 0:0 15000
15002 31757 21:0 15010
15009 31758 0:0 15010
15009 31759 21:0 15076
15074 31760 0:0 15076
15078 31790 21:0 15086
15085 31792 0:0 15086
15085 31791 21:0 15152
15150 31793 0:0 15152
15154 31823 21:0 15162
15161 31825 0:0 15162
15161 31824 21:0 15228
15226 31826 0:0 15228
15230 31856 0:0 15233
15235 31857 21:0 15293
15237 31858 0:0 15238
15292 31859 0:0 15304
15306 31889 21:0 15314
15313 31890 0:0 15314
15313 31891 21:0 15380
15378 31892 0:0 15380
15382 31922 21:0 15390
15389 31923 0:0 15390
15389 31924 0:0 15390
15390 31925 21:0 15456
15458 31955 21:0 15466
15465 31956 0:0 15466
15465 31957 0:0 15466
15466 31958 21:0 15532
15534 31988 0:0 15537
15539 31989 21:0 15597
15541 31990 0:0 15542
15610 32021 21:0 15618
15617 32023 21:0 15684
15708 30514 1:0 16098
15709 30515 1:0 16099
15718 30513 1:0 16109
15718 30483 1:0 16222
15724 30482 1:0 16230
15737 316 21:0 15751
15744 30481 1:0 16229
15757 30480 1:0 16240
15839 30450 1:0 16353
15840 30449 1:0 16361
15849 30448 1:0 16360
15849 30447 1:0 16371
15855 30417 1:0 16484
15875 30414 1:0 16502
15888 30384 1:0 16615
15970 30382 1:0 16622
15971 30383 1:0 16623
15980 30381 1:0 16633
15980 30351 1:0 16746
15988 30349 1:0 16753
16006 30350 1:0 16754
16101 30348 1:0 16764
16102 30318 1:0 16877
16102 30316 1:0 16884
16111 30317 1:0 16885
16111 30315 1:0 16895
16119 30285 1:0 17008
16138 30284 1:0 17016
16232 30283 1:0 17015
16233 30282 1:0 17026
16242 30252 1:0 17139
16242 30251 1:0 17147
16248 30250 1:0 17146
16252 30249 1:0 17157
16269 30219 1:0 17270
16363 30218 1:0 17278
16364 30217 1:0 17277
16373 30216 1:0 17288
16373 30186 1:0 17401
16379 30184 1:0 17408
16383 30185 1:0 17409
16412 30183 1:0 17419
16494 30153 1:0 17532
16495 30151 1:0 17539
16504 30152 1:0 17540
16504 30150 1:0 17550
16510 30120 1:0 17663
16515 30119 1:0 17671
16530 317 1:0 19011
16543 30118 1:0 17670
16625 30117 1:0 17681
16626 32023 1:0 19152
16635 32021 1:0 19162
17861 33001 21:0 17869
17868 33003 0:0 17869
17868 33002 21:0 17935
17933 33004 0:0 17935
17937 33034 21:0 17945
17944 33035 0:0 17945
17944 33036 21:0 18011
18009 33037 0:0 18011
18013 33067 21:0 18021
18020 33069 0:0 18021
18020 33068 21:0 18087
18085 33070 0:0 18087
18089 33100 21:0 18097
18096 33102 0:0 18097
18096 33101 0:0 18097
18097 33103 21:0 18163
18165 33133 21:0 18173
18172 33134 0:0 18173
18172 33135 21:0 18239
18237 33136 0:0 18239
18241 33166 21:0 18249
18248 33168 0:0 18249
18248 33167 0:0 18249
18249 33169 21:0 18315
18317 33199 21:0 18325
18324 33201 0:0 18325
18324 33200 21:0 18391
18389 33202 0:0 18391
18393 33232 21:0 18401
18400 33233 0:0 18401
18400 33234 21:0 18467
18465 33235 0:0 18467
18469 33265 21:0 18477
18476 33267 0:0 18477
18476 33266 21:0 18543
18541 33268 0:0 18543
18545 33298 21:0 18553
18550 33300 0:0 18553
18552 33299 0:0 18553
18553 33301 21:0 18619
18621 33331 21:0 18629
18628 33333 0:0 18629
18628 33332 0:0 18629
18629 33334 21:0 18695
18697 33364 21:0 18705
18704 33366 0:0 18705
18704 33365 21:0 18771
18769 33367 0:0 18771
18773 33397 21:0 18781
18780 33398 0:0 18781
18780 33399 21:0 18847
19023 31989 1:0 19282
19024 31990 1:0 19283
19033 31988 1:0 19293
19033 31958 1:0 19406
19039 31957 1:0 19414
19052 317 21:0 19066
19059 31956 1:0 19413
19072 31955 1:0 19424
19154 31925 1:0 19537
19155 31924 1:0 19545
19164 31923 1:0 19544
19164 31922 1:0 19555
19170 31892 1:0 19668
19190 31891 1:0 19676
19203 31890 1:0 19675
19285 31889 1:0 19686
19286 31859 1:0 19799
19295 31857 1:0 19806
19295 31858 1:0 19807
19303 31856 1:0 19817
19321 31826 1:0 19930
19416 31824 1:0 19937
19417 31825 1:0 19938
19417 31823 1:0 19948
19426 31793 1:0 20061
19426 31791 1:0 20068
19434 31792 1:0 20069
19453 31790 1:0 20079
19547 31760 1:0 20192
19548 31759 1:0 20200
19557 31758 1:0 20199
19557 31757 1:0 20210
19563 31727 1:0 20323
19567 31725 1:0 20330
19584 31726 1:0 20331
19678 31724 1:0 20341
19679 31694 1:0 20454
19688 31692 1:0 20461
19688 31693 1:0 20462
19694 31691 1:0 20472
19698 31661 1:0 20585
19727 31659 1:0 20592
19809 31660 1:0 20593
19810 31658 1:0 20603
19819 31628 1:0 20716
19819 31627 1:0 20724
19825 31626 1:0 20723
19830 31625 1:0 20734
19858 31595 1:0 20847
19940 31593 1:0 20854
19941 31594 1:0 20855
19950 31592 1:0 20865
19950 31562 1:0 20978
19956 31560 1:0 20985
19961 31561 1:0 20986
19989 31559 1:0 20996
20071 318 1:0 22326
20072 33399 1:0 22729
21176 34443 21:0 21184
21183 34445 0:0 21184
21183 34444 0:0 21184
21184 34446 21:0 21250
21252 34476 21:0 21260
21259 34477 0:0 21260
21259 34478 21:0 21326
21324 34479 0:0 21326
21328 34509 21:0 21336
21335 34510 0:0 21336
21335 34511 0:0 21336
21336 34512 21:0 21402
21404 34542 21:0 21412
21411 34543 0:0 21412
21411 34544 21:0 21478
21476 34545 0:0 21478
21480 34575 21:0 21488
21487 34577 0:0 21488
21487 34576 21:0 21554
21552 34578 0:0 21554
21556 34608 21:0 21564
21563 34609 0:0 21564
21563 34610 21:0 21630
21628 34611 0:0 21630
21632 34641 21:0 21640
21639 34643 0:0 21640
21639 34642 21:0 21706
21704 34644 0:0 21706
21708 34674 21:0 21716
21715 34676 0:0 21716
21715 34675 21:0 21782
21780 34677 0:0 21782
21784 34707 0:0 21787
21789 34708 21:0 21847
21791 34709 0:0 21792
21846 34710 0:0 21858
21860 34740 21:0 21868
21865 34741 0:0 21868
21865 34742 0:0 21868
21868 34743 21:0 21934
21936 34773 0:0 21939
21941 34775 21:0 21999
21943 34774 0:0 21944
21998 34776 0:0 22010
22012 34806 21:0 22020
22019 34807 0:0 22020
22019 34808 0:0 22020
22020 34809 21:0 22086
22093 34840 21:0 22151
22095 34841 0:0 22096
22150 34842 0:0 22162
22164 34872 21:0 22172
22171 34873 0:0 22172
22171 34874 21:0 22238
22236 34875 0:0 22238
22245 34906 21:0 22303
22338 33398 1:0 22728
22339 33397 1:0 22739
22348 33367 1:0 22852
22348 33365 1:0 22859
22354 33366 1:0 22860
22367 318 21:0 22381
22374 33364 1:0 22870
22387 33334 1:0 22983
22469 33333 1:0 22991
22470 33332 1:0 22990
22479 33331 1:0 23001
22479 33301 1:0 23114
22485 33299 1:0 23121
22505 33300 1:0 23122
22518 33298 1:0 23132
22600 33268 1:0 23245
22601 33266 1:0 23252
22610 33267 1:0 23253
22610 33265 1:0 23263
22618 33235 1:0 23376
22636 33234 1:0 23384
22731 33233 1:0 23383
22732 33232 1:0 23394
22732 33202 1:0 23507
22741 33200 1:0 23514
22741 33201 1:0 23515
22749 33199 1:0 23525
22768 33169 1:0 23638
22862 33168 1:0 23646
22863 33167 1:0 23645
22872 33166 1:0 23656
22872 33136 1:0 23769
22878 33135 1:0 23777
22882 33134 1:0 23776
22899 33133 1:0 23787
22993 33103 1:0 23900
22994 33102 1:0 23908
23003 33101 1:0 23907
23003 33100 1:0 23918
23009 33070 1:0 24031
23013 33068 1:0 24038
23042 33069 1:0 24039
23124 33067 1:0 24049
23125 33037 1:0 24162
23134 33035 1:0 24169
23134 33036 1:0 24170
23140 33034 1:0 24180
23145 33004 1:0 24293
23160 319 1:0 25641
23173 33002 1:0 24300
23255 33003 1:0 24301
23256 33001 1:0 24311
23265 34906 1:0 25781
23265 34875 1:0 25905
23273 34874 1:0 25913
24491 35885 21:0 24499
24498 35887 0:0 24499
24498 35886 21:0 24565
24563 35888 0:0 24565
24567 35918 21:0 24575
24574 35919 0:0 24575
24574 35920 21:0 24641
24639 35921 0:0 24641
24643 35951 21:0 24651
24650 35952 0:0 24651
24650 35953 0:0 24651
24651 35954 21:0 24717
24719 35984 21:0 24727
24726 35986 0:0 24727
24726 35985 21:0 24793
24791 35987 0:0 24793
24795 36017 21:0 24803
24802 36019 0:0 24803
24802 36018 0:0 24803
24803 36020 21:0 24869
24871 36050 21:0 24879
24878 36052 0:0 24879
24878 36051 0:0 24879
24879 36053 21:0 24945
24947 36083 21:0 24955
24954 36084 0:0 24955
24954 36085 21:0 25021
25019 36086 0:0 25021
25023 36116 21:0 25031
25030 36118 0:0 25031
25030 36117 21:0 25097
25095 36119 0:0 25097
25099 36149 0:0 25102
25104 36151 21:0 25162
25106 36150 0:0 25107
25161 36152 0:0 25173
25175 36182 21:0 25183
25180 36184 0:0 25183
25180 36183 0:0 25183
25183 36185 21:0 25249
25251 36215 21:0 25259
25258 36217 0:0 25259
25258 36216 21:0 25325
25323 36218 0:0 25325
25327 36248 0:0 25330
25332 36250 21:0 25390
25334 36249 0:0 25335
25389 36251 0:0 25401
25403 36281 21:0 25411
25410 36282 21:0 25477
25479 36314 21:0 25487
25560 36349 21:0 25618
25562 36348 0:0 25563
25653 34873 1:0 25912
25654 34872 1:0 25923
25663 34842 1:0 26036
25663 34840 1:0 26043
25669 34841 1:0 26044
25682 319 21:0 25696
25689 34809 1:0 26167
25702 34808 1:0 26175
25784 34807 1:0 26174
25785 34806 1:0 26185
25794 34776 1:0 26298
25794 34775 1:0 26306
25800 34774 1:0 26305
25820 34773 1:0 26316
25833 34743 1:0 26429
25915 34741 1:0 26436
25916 34742 1:0 26437
25925 34740 1:0 26447
25925 34710 1:0 26560
25933 34708 1:0 26567
25951 34709 1:0 26568
26046 34707 1:0 26578
26047 34677 1:0 26691
26047 34675 1:0 26698
26056 34676 1:0 26699
26056 34674 1:0 26709
26064 34644 1:0 26822
26083 34642 1:0 26829
26177 34643 1:0 26830
26178 34641 1:0 26840
26187 34611 1:0 26953
26187 34610 1:0 26961
26193 34609 1:0 26960
26197 34608 1:0 26971
26214 34578 1:0 27084
26308 34576 1:0 27091
26309 34577 1:0 27092
26318 34575 1:0 27102
26318 34545 1:0 27215
26324 34544 1:0 27223
26328 34543 1:0 27222
26357 34542 1:0 27233
26439 34512 1:0 27346
26440 34511 1:0 27354
26449 34510 1:0 27353
26449 34509 1:0 27364
26455 34479 1:0 27477
26460 34478 1:0 27485
26488 34477 1:0 27484
26570 34476 1:0 27495
26571 34446 1:0 27608
26580 34444 1:0 27615
26580 34445 1:0 27616
26586 34443 1:0 27626
26588 320 1:0 28956
27806 37327 21:0 27814
27813 37329 0:0 27814
27813 37328 21:0 27880
27878 37330 0:0 27880
27882 37360 21:0 27890
27889 37361 0:0 27890
27889 37362 21:0 27956
27954 37363 0:0 27956
27958 37393 21:0 27966
27965 37395 0:0 27966
27965 37394 0:0 27966
27966 37396 21:0 28032
28034 37426 21:0 28042
28041 37428 0:0 28042
28041 37427 21:0 28108
28106 37429 0:0 28108
28110 37459 21:0 28118
28117 37461 0:0 28118
28117 37460 21:0 28184
28182 37462 0:0 28184
28186 37492 21:0 28194
28193 37493 0:0 28194
28193 37494 21:0 28260
28258 37495 0:0 28260
28262 37525 21:0 28270
28269 37526 0:0 28270
28269 37527 21:0 28336
28334 37528 0:0 28336
28338 37558 21:0 28346
28345 37560 0:0 28346
28345 37559 21:0 28412
28410 37561 0:0 28412
28414 37591 21:0 28422
28421 37593 0:0 28422
28421 37592 21:0 28488
28486 37594 0:0 28488
28490 37624 21:0 28498
28497 37625 0:0 28498
28497 37626 21:0 28564
28566 37657 21:0 28574
28573 37658 21:0 28640
28638 37660 0:0 28640
28642 37690 21:0 28650
28649 37692 0:0 28650
28649 37691 21:0 28716
28714 37693 0:0 28716
28718 37723 21:0 28726
28725 37725 0:0 28726
28725 37724 21:0 28792
28790 37726 0:0 28792
28799 37758 21:0 28857
28856 37759 0:0 28868
28951 37823 21:0 28960
28968 36349 1:0 29097
28969 36348 1:0 29096
28978 36314 1:0 29238
28978 36282 1:0 29358
28984 36281 1:0 29369
28997 320 21:0 29011
29004 36251 1:0 29482
29017 36250 1:0 29490
29099 36249 1:0 29489
29100 36248 1:0 29500
29109 36218 1:0 29613
29109 36216 1:0 29620
29115 36217 1:0 29621
29135 36215 1:0 29631
29148 36185 1:0 29744
29230 36183 1:0 29751
29231 36184 1:0 29752
29240 36182 1:0 29762
29240 36152 1:0 29875
29248 36151 1:0 29883
29266 36150 1:0 29882
29361 36149 1:0 29893
29362 36119 1:0 30006
29362 36117 1:0 30013
29371 36118 1:0 30014
29371 36116 1:0 30024
29379 36086 1:0 30137
29398 36085 1:0 30145
29492 36084 1:0 30144
29493 36083 1:0 30155
29502 36053 1:0 30268
29502 36051 1:0 30275
29508 36052 1:0 30276
29512 36050 1:0 30286
29529 36020 1:0 30399
29623 36019 1:0 30407
29624 36018 1:0 30406
29633 36017 1:0 30417
29633 35987 1:0 30530
29639 35985 1:0 30537
29643 35986 1:0 30538
29672 35984 1:0 30548
29754 35954 1:0 30661
29755 35952 1:0 30668
29764 35953 1:0 30669
29764 35951 1:0 30679
29770 35921 1:0 30792
29775 35920 1:0 30800
29803 35919 1:0 30799
29885 35918 1:0 30810
29886 35888 1:0 30923
29895 35886 1:0 30930
29895 35887 1:0 30931
29901 35885 1:0 30941
29903 321 1:0 32271
29921 37823 1:0 32280
30016 37759 1:0 32535
31121 38769 21:0 31129
31128 38770 0:0 31129
31128 38771 21:0 31195
31193 38772 0:0 31195
31197 38802 21:0 31205
31204 38804 0:0 31205
31204 38803 21:0 31271
31269 38805 0:0 31271
31273 38835 21:0 31281
31280 38836 0:0 31281
31280 38837 0:0 31281
31281 38838 21:0 31347
31349 38868 21:0 31357
31356 38870 0:0 31357
31356 38869 21:0 31423
31421 38871 0:0 31423
31425 38901 21:0 31433
31432 38903 0:0 31433
31432 38902 0:0 31433
31433 38904 21:0 31499
31501 38934 21:0 31509
31508 38935 0:0 31509
31508 38936 21:0 31575
31573 38937 0:0 31575
31577 38967 21:0 31585
31584 38969 0:0 31585
31584 38968 21:0 31651
31649 38970 0:0 31651
31653 39000 21:0 31661
31660 39002 0:0 31661
31660 39001 0:0 31661
31661 39003 21:0 31727
31729 39033 21:0 31737
31736 39034 0:0 31737
31736 39035 21:0 31803
31801 39036 0:0 31803
31805 39066 21:0 31813
31810 39068 0:0 31813
31810 39067 0:0 31813
31813 39069 21:0 31879
31881 39099 0:0 31884
31886 39100 21:0 31944
31888 39101 0:0 31889
31943 39102 0:0 31955
31957 39132 21:0 31965
31964 39133 0:0 31965
31964 39134 21:0 32031
32029 39135 0:0 32031
32033 39165 21:0 32041
32040 39166 0:0 32041
32040 39167 21:0 32107
32105 39168 0:0 32107
32109 39198 21:0 32117
32116 39199 0:0 32117
32116 39200 21:0 32183
32283 37758 1:0 32543
32284 37726 1:0 32666
32293 37724 1:0 32673
32293 37725 1:0 32674
32299 37723 1:0 32684
32312 321 21:0 32326
32319 37693 1:0 32797
32332 37691 1:0 32804
32414 37692 1:0 32805
32415 37690 1:0 32815
32424 37660 1:0 32928
32424 37658 1:0 32935
32430 37657 1:0 32946
32450 37626 1:0 33067
32463 37625 1:0 33066
32545 37624 1:0 33077
32546 37594 1:0 33190
32555 37592 1:0 33197
32555 37593 1:0 33198
32563 37591 1:0 33208
32581 37561 1:0 33321
32676 37559 1:0 33328
32677 37560 1:0 33329
32677 37558 1:0 33339
32686 37528 1:0 33452
32686 37527 1:0 33460
32694 37526 1:0 33459
32713 37525 1:0 33470
32807 37495 1:0 33583
32808 37494 1:0 33591
32817 37493 1:0 33590
32817 37492 1:0 33601
32823 37462 1:0 33714
32827 37460 1:0 33721
32844 37461 1:0 33722
32938 37459 1:0 33732
32939 37429 1:0 33845
32948 37427 1:0 33852
32948 37428 1:0 33853
32954 37426 1:0 33863
32958 37396 1:0 33976
32987 37394 1:0 33983
33069 37395 1:0 33984
33070 37393 1:0 33994
33079 37363 1:0 34107
33079 37362 1:0 34115
33085 37361 1:0 34114
33090 37360 1:0 34125
33105 322 1:0 35586
33118 37330 1:0 34238
33200 37328 1:0 34245
33201 37329 1:0 34246
33210 37327 1:0 34256
34436 40211 21:0 34444
34443 40212 0:0 34444
34443 40213 0:0 34444
34444 40214 21:0 34510
34512 40244 21:0 34520
34519 40246 0:0 34520
34519 40245 0:0 34520
34520 40247 21:0 34586
34588 40277 21:0 34596
34595 40279 0:0 34596
34595 40278 21:0 34662
34660 40280 0:0 34662
34664 40310 21:0 34672
34671 40312 0:0 34672
34671 40311 0:0 34672
34672 40313 21:0 34738
34740 40343 0:0 34743
34745 40345 21:0 34803
34747 40344 0:0 34748
34802 40346 0:0 34814
34816 40376 0:0 34819
34821 40378 21:0 34879
34823 40377 0:0 34824
34878 40379 0:0 34890
34892 40409 21:0 34900
34899 40411 0:0 34900
34899 40410 21:0 34966
34964 40412 0:0 34966
34968 40442 21:0 34976
34975 40444 0:0 34976
34975 40443 21:0 35042
35040 40445 0:0 35042
35044 40475 0:0 35047
35049 40477 21:0 35107
35051 40476 0:0 35052
35106 40478 0:0 35118
35120 40508 21:0 35128
35127 40510 0:0 35128
35127 40509 21:0 35194
35192 40511 0:0 35194
35196 40541 0:0 35199
35201 40542 21:0 35259
35258 40544 0:0 35270
35272 40574 0:0 35275
35277 40575 21:0 35335
35334 40577 0:0 35346
35353 40609 21:0 35411
35410 40610 0:0 35422
35424 40640 21:0 35432
35431 40641 0:0 35432
35432 40643 21:0 35498
35598 39200 1:0 35858
35599 39199 1:0 35857
35608 39198 1:0 35868
35608 39168 1:0 35981
35614 39167 1:0 35989
35627 322 21:0 35641
35634 39166 1:0 35988
35647 39165 1:0 35999
35729 39135 1:0 36112
35730 39134 1:0 36120
35739 39133 1:0 36119
35739 39132 1:0 36130
35745 39102 1:0 36243
35765 39100 1:0 36250
35778 39101 1:0 36251
35860 39099 1:0 36261
35861 39069 1:0 36374
35870 39067 1:0 36381
35870 39068 1:0 36382
35878 39066 1:0 36392
35896 39036 1:0 36505
35991 39035 1:0 36513
35992 39034 1:0 36512
35992 39033 1:0 36523
36001 39003 1:0 36636
36001 39001 1:0 36643
36009 39002 1:0 36644
36028 39000 1:0 36654
36122 38970 1:0 36767
36123 38968 1:0 36774
36132 38969 1:0 36775
36132 38967 1:0 36785
36138 38937 1:0 36898
36142 38936 1:0 36906
36159 38935 1:0 36905
36253 38934 1:0 36916
36254 38904 1:0 37029
36263 38902 1:0 37036
36263 38903 1:0 37037
36269 38901 1:0 37047
36273 38871 1:0 37160
36302 38869 1:0 37167
36384 38870 1:0 37168
36385 38868 1:0 37178
36394 38838 1:0 37291
36394 38837 1:0 37299
36400 38836 1:0 37298
36405 38835 1:0 37309
36433 38805 1:0 37422
36515 38803 1:0 37429
36516 38804 1:0 37430
36525 38802 1:0 37440
36525 38772 1:0 37553
36531 38771 1:0 37561
36536 38770 1:0 37560
36564 38769 1:0 37571
36646 323 1:0 38901
37751 41653 21:0 37759
37758 41655 0:0 37759
37758 41654 21:0 37825
37823 41656 0:0 37825
37827 41686 21:0 37835
37834 41688 0:0 37835
37834 41687 21:0 37901
37899 41689 0:0 37901
37903 41719 21:0 37911
37910 41721 0:0 37911
37910 41720 21:0 37977
37975 41722 0:0 37977
37979 41752 21:0 37987
37986 41754 0:0 37987
37986 41753 21:0 38053
38051 41755 0:0 38053
38055 41785 21:0 38063
38062 41787 0:0 38063
38062 41786 21:0 38129
38127 41788 0:0 38129
38131 41818 21:0 38139
38138 41820 0:0 38139
38138 41819 21:0 38205
38203 41821 0:0 38205
38207 41851 21:0 38215
38214 41853 0:0 38215
38214 41852 21:0 38281
38279 41854 0:0 38281
38283 41884 21:0 38291
38290 41886 0:0 38291
38290 41885 21:0 38357
38355 41887 0:0 38357
38359 41917 21:0 38367
38366 41918 0:0 38367
38366 41919 0:0 38367
38367 41920 21:0 38433
38435 41950 21:0 38443
38442 41952 0:0 38443
38442 41951 0:0 38443
38443 41953 21:0 38509
38511 41983 21:0 38519
38518 41985 0:0 38519
38518 41984 21:0 38585
38583 41986 0:0 38585
38587 42016 21:0 38595
38594 42018 0:0 38595
38594 42017 21:0 38661
38659 42019 0:0 38661
38663 42049 0:0 38666
38668 42050 21:0 38726
38670 42051 0:0 38671
38725 42052 0:0 38737
38739 42082 21:0 38747
38746 42083 0:0 38747
38746 42084 21:0 38813
38913 40643 1:0 39165
38914 40641 1:0 39172
38923 40640 1:0 39183
38923 40610 1:0 39296
38929 40609 1:0 39304
38942 323 21:0 38956
38949 40577 1:0 39427
38962 40575 1:0 39434
39044 40574 1:0 39445
39045 40544 1:0 39558
39054 40542 1:0 39565
39054 40541 1:0 39576
39060 40511 1:0 39689
39080 40509 1:0 39696
39093 40510 1:0 39697
39175 40508 1:0 39707
39176 40478 1:0 39820
39185 40476 1:0 39827
39185 40477 1:0 39828
39193 40475 1:0 39838
39211 40445 1:0 39951
39306 40443 1:0 39958
39307 40444 1:0 39959
39307 40442 1:0 39969
39316 40412 1:0 40082
39316 40410 1:0 40089
39324 40411 1:0 40090
39343 40409 1:0 40100
39437 40379 1:0 40213
39438 40378 1:0 40221
39447 40377 1:0 40220
39447 40376 1:0 40231
39453 40346 1:0 40344
39457 40345 1:0 40352
39474 40344 1:0 40351
39568 40343 1:0 40362
39569 40313 1:0 40475
39578 40311 1:0 40482
39578 40312 1:0 40483
39584 40310 1:0 40493
39588 40280 1:0 40606
39617 40278 1:0 40613
39699 40279 1:0 40614
39700 40277 1:0 40624
39709 40247 1:0 40737
39709 40245 1:0 40744
39715 40246 1:0 40745
39720 40244 1:0 40755
39735 324 1:0 42216
39748 40214 1:0 40868
39830 40213 1:0 40876
39831 40212 1:0 40875
39840 40211 1:0 40886
41066 43095 21:0 41074
41073 43097 0:0 41074
41073 43096 21:0 41140
41138 43098 0:0 41140
41142 43128 21:0 41150
41149 43129 0:0 41150
41149 43130 21:0 41216
41214 43131 0:0 41216
41218 43161 21:0 41226
41225 43163 0:0 41226
41225 43162 0:0 41226
41226 43164 21:0 41292
41294 43194 21:0 41302
41301 43196 0:0 41302
41301 43195 0:0 41302
41302 43197 21:0 41368
41370 43227 21:0 41378
41377 43229 0:0 41378
41377 43228 0:0 41378
41378 43230 21:0 41444
41446 43260 21:0 41454
41453 43261 0:0 41454
41453 43262 21:0 41520
41518 43263 0:0 41520
41522 43293 21:0 41530
41529 43295 0:0 41530
41529 43294 21:0 41596
41594 43296 0:0 41596
41598 43326 21:0 41606
41605 43327 0:0 41606
41605 43328 21:0 41672
41670 43329 0:0 41672
41674 43359 21:0 41682
41681 43360 0:0 41682
41681 43361 21:0 41748
41746 43362 0:0 41748
41750 43392 21:0 41758
41757 43393 0:0 41758
41757 43394 0:0 41758
41758 43395 21:0 41824
41826 43425 21:0 41834
41831 43427 0:0 41834
41831 43426 0:0 41834
41834 43428 21:0 41900
41907 43460 21:0 41965
41964 43461 0:0 41976
41978 43491 21:0 41986
41986 43494 21:0 42052
42054 43524 21:0 42062
42061 43525 21:0 42128
42126 43527 0:0 42128
42228 42084 1:0 42488
42229 42083 1:0 42487
42238 42082 1:0 42498
42238 42052 1:0 42611
42244 42050 1:0 42618
42257 324 21:0 42271
42264 42051 1:0 42619
42277 42049 1:0 42629
42359 42019 1:0 42742
42360 42017 1:0 42749
42369 42018 1:0 42750
42369 42016 1:0 42760
42375 41986 1:0 42873
42395 41984 1:0 42880
42408 41985 1:0 42881
42490 41983 1:0 42891
42491 41953 1:0 43004
42500 41951 1:0 43011
42500 41952 1:0 43012
42508 41950 1:0 43022
42526 41920 1:0 43135
42621 41918 1:0 43142
42622 41919 1:0 43143
42622 41917 1:0 43153
42631 41887 1:0 43266
42631 41885 1:0 43273
42639 41886 1:0 43274
42658 41884 1:0 43284
42752 41854 1:0 43397
42753 41852 1:0 43404
42762 41853 1:0 43405
42762 41851 1:0 43415
42768 41821 1:0 43528
42772 41819 1:0 43535
42789 41820 1:0 43536
42883 41818 1:0 43546
42884 41788 1:0 43659
42893 41786 1:0 43666
42893 41787 1:0 43667
42899 41785 1:0 43677
42903 41755 1:0 43790
42932 41753 1:0 43797
43014 41754 1:0 43798
43015 41752 1:0 43808
43024 41722 1:0 43921
43024 41720 1:0 43928
43030 41721 1:0 43929
43035 41719 1:0 43939
43063 41689 1:0 44052
43145 41687 1:0 44059
43146 41688 1:0 44060
43155 41686 1:0 44070
43155 41656 1:0 44183
43161 41654 1:0 44190
43166 41655 1:0 44191
43194 41653 1:0 44201
43276 325 1:0 45531
43277 43527 1:0 45795
44381 44537 21:0 44389
44388 44538 0:0 44389
44388 44539 21:0 44455
44453 44540 0:0 44455
44457 44570 21:0 44465
44464 44572 0:0 44465
44464 44571 21:0 44531
44529 44573 0:0 44531
44533 44603 21:0 44541
44540 44604 0:0 44541
44540 44605 21:0 44607
44605 44606 0:0 44607
44609 44636 21:0 44617
44616 44637 0:0 44617
44616 44638 21:0 44683
44681 44639 0:0 44683
44685 44669 21:0 44693
44692 44671 0:0 44693
44692 44670 21:0 44759
44757 44672 0:0 44759
44761 44702 21:0 44769
44768 44704 0:0 44769
44768 44703 21:0 44835
44833 44705 0:0 44835
44837 44735 21:0 44845
44844 44736 0:0 44845
44844 44737 21:0 44911
44909 44738 0:0 44911
44913 44768 21:0 44921
44920 44770 0:0 44921
44920 44769 0:0 44921
44921 44771 21:0 44987
44989 44801 21:0 44997
44996 44802 0:0 44997
44996 44803 21:0 45063
45061 44804 0:0 45063
45065 44834 21:0 45073
45072 44835 0:0 45073
45072 44836 21:0 45139
45137 44837 0:0 45139
45141 44867 21:0 45149
45148 44868 0:0 45149
45148 44869 21:0 45215
45213 44870 0:0 45215
45217 44900 21:0 45225
45224 44902 0:0 45225
45224 44901 21:0 45291
45289 44903 0:0 45291
45293 44933 21:0 45301
45300 44934 0:0 45301
45300 44935 21:0 45367
45365 44936 0:0 45367
45369 44966 21:0 45377
45376 44968 0:0 45377
45376 44967 21:0 45443
45441 44969 0:0 45443
45543 43525 1:0 45802
45544 43524 1:0 45813
45553 43494 1:0 45926
45553 43491 1:0 45944
45559 43461 1:0 46057
45572 325 21:0 45586
45579 43460 1:0 46065
45592 43428 1:0 46188
45674 43427 1:0 46196
45675 43426 1:0 46195
45684 43425 1:0 46206
45684 43395 1:0 46319
45690 43394 1:0 46327
45710 43393 1:0 46326
45723 43392 1:0 46337
45805 43362 1:0 46450
45806 43361 1:0 46458
45815 43360 1:0 46457
45815 43359 1:0 46468
45823 43329 1:0 46581
45841 43328 1:0 46589
45936 43327 1:0 46588
45937 43326 1:0 46599
45937 43296 1:0 46712
45946 43294 1:0 46719
45946 43295 1:0 46720
45954 43293 1:0 46730
45973 43263 1:0 46843
46067 43262 1:0 46851
46068 43261 1:0 46850
46077 43260 1:0 46861
46077 43230 1:0 46974
46083 43229 1:0 46982
46087 43228 1:0 46981
46104 43227 1:0 46992
46198 43197 1:0 47105
46199 43196 1:0 47113
46208 43195 1:0 47112
46208 43194 1:0 47123
46214 43164 1:0 47236
46218 43162 1:0 47243
46247 43163 1:0 47244
46329 43161 1:0 47254
46330 43131 1:0 47367
46339 43129 1:0 47374
46339 43130 1:0 47375
46345 43128 1:0 47385
46350 43098 1:0 47498
46365 326 1:0 48846
46378 43096 1:0 47505
46460 43097 1:0 47506
46461 43095 1:0 47516
47696 45979 0:0 47699
47701 45981 21:0 47759
47758 45982 0:0 47770
47772 46012 21:0 47780
47779 46013 0:0 47780
47779 46014 0:0 47780
47780 46015 21:0 47846
47848 46045 0:0 47851
47853 46047 21:0 47911
47855 46046 0:0 47856
47910 46048 0:0 47922
47924 46078 21:0 47932
47931 46080 0:0 47932
47931 46079 21:0 47998
47996 46081 0:0 47998
48000 46111 21:0 48008
48007 46113 0:0 48008
48007 46112 21:0 48074
48076 46144 21:0 48084
48083 46145 0:0 48084
48083 46146 0:0 48084
48084 46147 21:0 48150
48152 46177 0:0 48155
48157 46178 21:0 48215
48159 46179 0:0 48160
48214 46180 0:0 48226
48228 46210 0:0 48231
48233 46211 21:0 48291
48235 46212 0:0 48236
48290 46213 0:0 48302
48304 46243 21:0 48312
48311 46244 21:0 48378
48376 46246 0:0 48378
48380 46276 21:0 48388
48385 46278 0:0 48388
48385 46277 0:0 48388
48388 46279 21:0 48454
48461 46311 21:0 48519
48463 46310 0:0 48464
48518 46312 0:0 48530
48532 46342 21:0 48540
48539 46343 0:0 48540
48540 46345 21:0 48606
48608 46375 0:0 48611
48613 46377 21:0 48671
48615 46376 0:0 48616
48670 46378 0:0 48682
48684 46408 0:0 48687
48689 46410 21:0 48747
48746 46411 0:0 48758
48858 44969 1:0 49110
48859 44967 1:0 49117
48868 44968 1:0 49118
48868 44966 1:0 49128
48874 44936 1:0 49241
48887 326 21:0 48901
48894 44935 1:0 49249
48907 44934 1:0 49248
48989 44933 1:0 49259
48990 44903 1:0 49372
48999 44901 1:0 49379
48999 44902 1:0 49380
49005 44900 1:0 49390
49025 44870 1:0 49503
49038 44869 1:0 49511
49120 44868 1:0 49510
49121 44867 1:0 49521
49130 44837 1:0 49634
49130 44836 1:0 49642
49138 44835 1:0 49641
49156 44834 1:0 49652
49251 44804 1:0 49765
49252 44802 1:0 49772
49252 44803 1:0 49773
49261 44801 1:0 49783
49261 44771 1:0 49896
49269 44769 1:0 49903
49288 44770 1:0 49904
49382 44768 1:0 49914
49383 44738 1:0 50027
49392 44736 1:0 50034
49392 44737 1:0 50035
49398 44735 1:0 50045
49402 44705 1:0 50158
49419 44703 1:0 50165
49513 44704 1:0 50166
49514 44702 1:0 50176
49523 44672 1:0 50289
49523 44670 1:0 50296
49529 44671 1:0 50297
49533 44669 1:0 50307
49562 44639 1:0 50420
49644 44638 1:0 50428
49645 44637 1:0 50427
49654 44636 1:0 50438
49654 44606 1:0 50551
49660 44605 1:0 50559
49665 44604 1:0 50558
49693 44603 1:0 50569
49775 44573 1:0 50682
49776 44571 1:0 50689
49785 44572 1:0 50690
49785 44570 1:0 50700
49791 44540 1:0 50813
49796 44539 1:0 50821
49811 22850 1:0 51048
49824 44538 1:0 50820
49906 44537 1:0 50831
49907 327 1:0 50944
49907 22857 1:0 51052
49907 22851 1:0 51052
49907 22856 1:0 51053
49907 22863 1:0 51138
49916 22861 1:0 51052
49916 22859 1:0 51052
49916 22860 1:0 51053
49916 22858 1:0 51053
49922 22862 1:0 51053
49927 46411 1:0 51191
49942 23004 1:0 51273
49955 46410 1:0 51262
50037 22998 1:0 51273
50037 23003 1:0 51274
50037 22997 1:0 51274
50037 23008 1:0 51349
50038 23007 1:0 51273
50038 23009 1:0 51273
50047 23006 1:0 51273
50047 23010 1:0 51273
50047 23005 1:0 51274
50053 46408 1:0 51406
50057 46378 1:0 51412
50058 23145 1:0 51494
50086 46377 1:0 51480
50168 23155 1:0 51494
50168 23152 1:0 51559
50169 23154 1:0 51494
50169 23157 1:0 51494
50169 23153 1:0 51494
50178 46376 1:0 51616
50178 23151 1:0 51494
50178 23156 1:0 51494
50178 23150 1:0 51495
50178 23144 1:0 51495
50186 46375 1:0 51627
50188 23297 1:0 51716
50205 46345 1:0 51701
50217 23299 1:0 51780
50299 23300 1:0 51716
50299 23304 1:0 51716
50300 23292 1:0 51715
50300 23298 1:0 51715
50300 23301 1:0 51716
50300 23303 1:0 51716
50309 46343 1:0 51837
50309 23291 1:0 51716
50309 23302 1:0 51716
50315 46342 1:0 51848
50335 46311 1:0 51932
50348 46312 1:0 51854
50430 23446 1:0 51937
50430 23450 1:0 52021
50431 23449 1:0 51936
50431 23445 1:0 51936
50431 23439 1:0 51936
50431 23438 1:0 51937
50431 23444 1:0 51937
50431 23586 1:0 52157
50440 23447 1:0 51936
50440 23451 1:0 51936
50440 23448 1:0 51937
50446 46310 1:0 52058
50451 46279 1:0 52153
50467 23598 1:0 52243
50479 23596 1:0 52157
50479 23592 1:0 52157
50561 23591 1:0 52158
50561 23585 1:0 52158
50561 23597 1:0 52158
50562 23595 1:0 52158
50562 23593 1:0 52158
50571 46277 1:0 52279
50571 23594 1:0 52157
50577 46278 1:0 52280
50581 46276 1:0 52290
50598 46246 1:0 52296
50610 23743 1:0 52454
50651 23732 1:0 52379
50692 46244 1:0 52367
50693 23742 1:0 52378
50693 23739 1:0 52378
50693 23745 1:0 52378
50702 23744 1:0 52378
50702 23733 1:0 52378
50702 23741 1:0 52378
50702 23738 1:0 52379
50702 23740 1:0 52379
50708 46243 1:0 52511
50728 46213 1:0 52517
50729 23886 1:0 52599
50729 23885 1:0 52600
50741 23891 1:0 52684
50782 23880 1:0 52599
50823 46211 1:0 52595
50824 23888 1:0 52599
50824 23879 1:0 52600
50824 23887 1:0 52600
50833 23890 1:0 52599
50833 23892 1:0 52599
50833 23889 1:0 52600
50839 46212 1:0 52722
50844 46210 1:0 52732
50872 46178 1:0 52809
50913 24036 1:0 52895
50956 46180 1:0 52738
50957 24039 1:0 52820
50957 24035 1:0 52820
50957 24032 1:0 52821
50966 24038 1:0 52820
50966 24033 1:0 52820
50966 24027 1:0 52820
50966 24037 1:0 52820
50966 24026 1:0 52821
50966 24034 1:0 52821
50974 46179 1:0 52943
50985 327 21:0 50999
50993 46177 1:0 52953
51000 24174 1:0 53041
51046 46147 1:0 53037
51059 24186 1:0 53127
51075 24184 1:0 53041
51076 24183 1:0 53042
51087 22850 21:0 51143
51125 24180 1:0 53041
51125 24173 1:0 53042
51125 24179 1:0 53042
51135 24185 1:0 53042
51144 22863 21:0 51169
51144 24327 1:0 53262
51145 24181 1:0 53042
51167 22862 0:0 51169
51167 22860 0:0 51169
51167 22856 0:0 51169
51167 22859 0:0 51169
51167 22861 0:0 51169
51168 22858 0:0 51169
51168 22851 0:0 51169
51168 22857 0:0 51169
51170 46145 1:0 53163
51170 24182 1:0 53041
51170 24333 1:0 53348
51177 46146 1:0 53164
51178 46144 1:0 53174
51178 24326 1:0 53263
51187 46112 1:0 53258
51187 24321 1:0 53262
51187 24320 1:0 53263
51187 24332 1:0 53263
51193 24329 1:0 53262
51193 24328 1:0 53263
51197 24331 1:0 53262
51213 24330 1:0 53263
51267 46113 1:0 53385
51295 46111 1:0 53395
51296 24467 1:0 53484
51296 24473 1:0 53484
51346 46081 1:0 53401
51355 23008 21:0 51390
51366 46079 1:0 53479
51388 23006 0:0 51390
51388 23007 0:0 51390
51388 23005 0:0 51390
51389 23010 0:0 51390
51389 22998 0:0 51390
51389 23003 0:0 51390
51389 23009 0:0 51390
51389 23004 0:0 51390
51389 22997 0:0 51390
51391 24480 1:0 53483
51391 24477 1:0 53484
51391 24475 1:0 53484
51391 24479 1:0 53568
51398 24478 1:0 53483
51398 24476 1:0 53483
51399 46080 1:0 53606
51399 24468 1:0 53483
51399 24474 1:0 53483
51408 46078 1:0 53616
51408 46047 1:0 53700
51416 46048 1:0 53622
51419 24627 1:0 53790
51435 24623 1:0 53704
51447 24626 1:0 53705
51488 24615 1:0 53704
51496 24622 1:0 53705
51501 24621 1:0 53704
51516 24625 1:0 53704
51517 24620 1:0 53705
51517 24614 1:0 53705
51567 24624 1:0 53705
51569 23152 21:0 51611
51587 46046 1:0 53826
51609 23154 0:0 51611
51609 23156 0:0 51611
51610 23145 0:0 51611
51610 23144 0:0 51611
51610 23150 0:0 51611
51610 23153 0:0 51611
51610 23155 0:0 51611
51610 23157 0:0 51611
51610 23151 0:0 51611
51612 46045 1:0 53837
51612 46015 1:0 53921
51612 24773 1:0 54010
51619 24772 1:0 53925
51619 24771 1:0 53926
51620 24768 1:0 53925
51620 24762 1:0 53925
51620 24767 1:0 53926
51620 24769 1:0 53926
51620 24761 1:0 53926
51629 46013 1:0 54047
51629 24770 1:0 53925
51629 24774 1:0 53925
51637 46014 1:0 54048
51656 46012 1:0 54058
51709 45981 1:0 54135
51722 24918 1:0 54221
51738 45982 1:0 54064
51739 24909 1:0 54146
51788 24920 1:0 54146
51790 23299 21:0 51832
51798 24915 1:0 54146
51798 24914 1:0 54147
51798 24908 1:0 54147
51808 24917 1:0 54146
51830 23303 0:0 51832
51831 23304 0:0 51832
51831 23300 0:0 51832
51831 23301 0:0 51832
51831 23302 0:0 51832
51831 23292 0:0 51832
51831 23297 0:0 51832
51831 23298 0:0 51832
51831 23291 0:0 51832
51833 24919 1:0 54146
51833 24921 1:0 54146
51833 24916 1:0 54147
51833 25061 1:0 54368
51833 25064 1:0 54433
51840 45979 1:0 54279
51841 25155 1:0 54492
51841 25062 1:0 54367
51841 25056 1:0 54367
51841 25063 1:0 54368
51841 25055 1:0 54368
51841 25156 1:0 54493
51850 25066 1:0 54368
51850 25065 1:0 54368
51850 25067 1:0 54368
51850 25068 1:0 54368
52031 23450 21:0 52053
52052 23444 0:0 52053
52052 23445 0:0 52053
52052 23451 0:0 52053
52052 23446 0:0 52053
52052 23439 0:0 52053
52052 23449 0:0 52053
52052 23438 0:0 52053
52052 23448 0:0 52053
52052 23447 0:0 52053
52249 23598 21:0 52274
52272 23597 0:0 52274
52272 23593 0:0 52274
52272 23596 0:0 52274
52272 23594 0:0 52274
52273 23592 0:0 52274
52273 23586 0:0 52274
52273 23591 0:0 52274
52273 23595 0:0 52274
52273 23585 0:0 52274
52460 23743 21:0 52495
52493 23744 0:0 52495
52493 23742 0:0 52495
52493 23740 0:0 52495
52494 23739 0:0 52495
52494 23732 0:0 52495
52494 23741 0:0 52495
52494 23733 0:0 52495
52494 23745 0:0 52495
52494 23738 0:0 52495
52694 23891 21:0 52716
52715 23887 0:0 52716
52715 23888 0:0 52716
52715 23885 0:0 52716
52715 23886 0:0 52716
52715 23892 0:0 52716
52715 23880 0:0 52716
52715 23879 0:0 52716
52715 23889 0:0 52716
52715 23890 0:0 52716
52905 24036 21:0 52937
52935 24038 0:0 52937
52936 24026 0:0 52937
52936 24037 0:0 52937
52936 24034 0:0 52937
52936 24035 0:0 52937
52936 24039 0:0 52937
52936 24033 0:0 52937
52936 24027 0:0 52937
52936 24032 0:0 52937
53133 24186 21:0 53158
53156 24181 0:0 53158
53156 24183 0:0 53158
53156 24182 0:0 53158
53156 24184 0:0 53158
53157 24173 0:0 53158
53157 24174 0:0 53158
53157 24179 0:0 53158
53157 24185 0:0 53158
53157 24180 0:0 53158
53354 24333 21:0 53379
53377 24332 0:0 53379
53377 24329 0:0 53379
53377 24331 0:0 53379
53377 24330 0:0 53379
53378 24326 0:0 53379
53378 24321 0:0 53379
53378 24320 0:0 53379
53378 24327 0:0 53379
53378 24328 0:0 53379
53578 24479 21:0 53600
53599 24477 0:0 53600
53599 24480 0:0 53600
53599 24476 0:0 53600
53599 24475 0:0 53600
53599 24467 0:0 53600
53599 24474 0:0 53600
53599 24468 0:0 53600
53599 24473 0:0 53600
53599 24478 0:0 53600
53796 24627 21:0 53821
53819 24622 0:0 53821
53819 24625 0:0 53821
53819 24624 0:0 53821
53819 24626 0:0 53821
53820 24615 0:0 53821
53820 24620 0:0 53821
53820 24623 0:0 53821
53820 24614 0:0 53821
53820 24621 0:0 53821
54020 24773 21:0 54042
54041 24774 0:0 54042
54041 24772 0:0 54042
54041 24770 0:0 54042
54041 24768 0:0 54042
54041 24771 0:0 54042
54041 24761 0:0 54042
54041 24769 0:0 54042
54041 24762 0:0 54042
54041 24767 0:0 54042
54231 24918 21:0 54263
54261 24920 0:0 54263
54262 24908 0:0 54263
54262 24914 0:0 54263
54262 24916 0:0 54263
54262 24921 0:0 54263
54262 24909 0:0 54263
54262 24915 0:0 54263
54262 24917 0:0 54263
54262 24919 0:0 54263
54439 25064 21:0 164
