55 7688 21:0 97
96 7780 21:0 104
103 7779 21:0 104
103 7687 21:0 104
103 7690 21:0 109
108 7689 21:0 114
113 7839 21:0 180
113 7691 21:0 114
113 7679 21:0 114
179 7840 21:0 185
187 7873 21:0 204
203 7871 21:0 256
255 7872 21:0 261
266 7907 21:0 332
339 7938 21:0 356
415 7971 21:0 432
431 7970 21:0 484
494 8006 21:0 560
559 8005 21:0 565
567 8037 21:0 584
638 8069 21:0 646
646 8072 21:0 712
711 8070 21:0 717
719 8104 21:0 736
735 8071 21:0 788
790 8135 21:0 798
798 8138 21:0 864
863 8103 21:0 869
868 8136 21:0 874
873 8169 21:0 940
942 8201 21:0 950
950 8204 21:0 1016
1018 8234 21:0 1026
1025 8202 21:0 1076
1075 8237 21:0 1092
1099 8268 21:0 1116
1170 8300 21:0 1178
1323 8367 21:0 1331
1330 8368 21:0 1376
1375 8369 21:0 1397
1396 8370 21:0 1407
1406 8400 21:0 1425
1424 8402 21:0 1473
1472 8401 21:0 1478
1477 8403 21:0 1497
1496 8433 21:0 1549
1548 8435 21:0 1554
1553 8434 21:0 1559
1558 8436 21:0 1625
1624 8466 21:0 1630
1629 8467 21:0 1635
1634 8468 21:0 1690
1689 8469 21:0 1706
1705 8499 21:0 1711
1710 8501 21:0 1766
1765 8502 21:0 1777
1776 8500 21:0 1787
1786 8532 21:0 1832
1831 8533 21:0 1853
1852 8535 21:0 1863
1862 8534 21:0 1878
1877 8565 21:0 1929
1928 8566 21:0 1934
1933 8568 21:0 1953
1952 8567 21:0 2005
2004 8598 21:0 2010
2009 8600 21:0 2015
2014 8599 21:0 2081
2080 8601 21:0 2086
2085 8631 21:0 2091
2090 8633 21:0 2146
2145 8634 21:0 2162
2161 8632 21:0 2167
2166 8664 21:0 2222
2221 8665 21:0 2235
2234 8666 21:0 2243
2242 8667 21:0 2293
2292 8697 21:0 2309
2308 8699 21:0 2319
2318 8698 21:0 2337
2336 8700 21:0 2385
2384 8730 21:0 2390
2389 8763 21:0 2409
2408 8733 21:0 2461
2460 8765 21:0 2466
2465 8764 21:0 2471
2470 8797 21:0 2480
2479 8829 21:0 2487
2484 8300 1:0 2613
2485 8268 1:0 2725
2486 8798 21:0 2490
2488 8237 1:0 2841
2489 8731 21:0 2498
2491 8234 1:0 2857
2493 8204 1:0 2963
2497 8732 21:0 2524
2499 8202 1:0 2969
2499 8201 1:0 2979
2518 8169 1:0 3091
2523 8766 21:0 2599
2525 8138 1:0 3207
2569 8136 1:0 3213
2598 8796 21:0 2602
2601 8831 21:0 2609
2606 8135 1:0 3223
2607 8103 1:0 3329
2607 8104 1:0 3336
2608 8830 21:0 2612
2610 8071 1:0 3376
2611 8862 21:0 2620
2613 8072 1:0 3451
2615 8070 1:0 3457
2621 8069 1:0 3467
2621 8037 1:0 3579
2728 8006 1:0 3695
2729 8005 1:0 3702
2729 7971 1:0 3823
2737 7970 1:0 3833
2743 7938 1:0 3945
2850 7907 1:0 4061
2851 7872 1:0 4183
2851 7873 1:0 4190
2859 7871 1:0 4199
2865 7840 1:0 4305
2972 7839 1:0 4311
4493 9809 21:0 4501
4500 9810 21:0 4551
4550 9811 21:0 4567
4566 9812 21:0 4577
4576 9842 21:0 4595
4594 9844 21:0 4643
4642 9843 21:0 4648
4647 9845 21:0 4667
4666 9875 21:0 4719
4718 9877 21:0 4724
4723 9876 21:0 4729
4728 9878 21:0 4795
4794 9908 21:0 4800
4799 9909 21:0 4805
4804 9910 21:0 4860
4859 9911 21:0 4876
4875 9941 21:0 4881
4880 9942 21:0 4936
4935 9944 21:0 4952
4951 9943 21:0 4957
4956 9974 21:0 5007
5006 9975 21:0 5023
5022 9976 21:0 5033
5032 9977 21:0 5055
5054 10007 21:0 5099
5098 10008 21:0 5104
5103 10010 21:0 5123
5122 10009 21:0 5175
5174 10040 21:0 5180
5179 10041 21:0 5191
5190 10043 21:0 5251
5250 10042 21:0 5256
5255 10073 21:0 5261
5260 10075 21:0 5327
5326 10074 21:0 5332
5331 10076 21:0 5337
5336 10106 21:0 5392
5391 10107 21:0 5408
5407 10108 21:0 5413
5412 10109 21:0 5463
5462 10139 21:0 5479
5478 10142 21:0 5489
5488 10205 21:0 5525
5524 10140 21:0 5555
5554 10141 21:0 5565
5564 10172 21:0 5579
5578 10173 21:0 5631
5630 10174 21:0 5636
5635 10175 21:0 5647
5646 10207 21:0 5650
5649 10208 21:0 5658
5655 8862 1:0 5663
5656 8830 1:0 5776
5656 8831 1:0 5784
5657 10206 21:0 5663
5659 8829 1:0 5794
5662 10238 21:0 5670
5662 8798 1:0 5907
5665 8797 1:0 5914
5665 8796 1:0 5925
5669 10240 21:0 5698
5671 8766 1:0 5958
5673 8764 1:0 6038
5692 8765 1:0 6046
5697 10241 21:0 5778
5704 8763 1:0 6056
5753 8732 1:0 6089
5774 8733 1:0 6169
5777 10239 21:0 5781
5780 10271 21:0 5789
5786 8731 1:0 6176
5787 8730 1:0 6187
5787 8700 1:0 6220
5788 10273 21:0 5798
5796 8698 1:0 6300
5796 8699 1:0 6308
5797 10272 21:0 5801
5799 8697 1:0 6318
5800 10274 21:0 5836
5802 8667 1:0 6351
5802 8666 1:0 6431
5807 8665 1:0 6438
5835 10304 21:0 5909
5835 8664 1:0 6449
5837 8632 1:0 6482
5889 8634 1:0 6562
5908 8925 21:0 5909
5908 10305 21:0 5920
5917 8633 1:0 6570
5918 8631 1:0 6580
5918 8601 1:0 6613
5921 8599 1:0 6693
5927 8600 1:0 6701
5927 8598 1:0 6711
5935 8567 1:0 6744
5954 8568 1:0 6824
6048 8566 1:0 6831
6049 8565 1:0 6842
6058 8534 1:0 6875
6058 8535 1:0 6955
6064 8533 1:0 6962
6068 8532 1:0 6973
6085 8500 1:0 7006
6179 8502 1:0 7086
6180 8501 1:0 7094
6189 8499 1:0 7104
6189 8469 1:0 7137
6195 8468 1:0 7217
6199 8467 1:0 7224
6228 8466 1:0 7235
6310 8436 1:0 7268
6311 8434 1:0 7348
6320 8435 1:0 7356
6320 8433 1:0 7366
6326 8403 1:0 7399
6331 8401 1:0 7479
6359 8402 1:0 7487
6441 8400 1:0 7497
6442 8370 1:0 7530
6451 8369 1:0 7610
6451 8368 1:0 7617
6457 8367 1:0 7628
6462 10305 1:0 8967
7094 9495 21:0 7099
7328 9591 21:0 7350
7498 9670 21:0 7501
7813 11253 21:0 7830
7829 11252 21:0 7882
7881 11254 21:0 7887
7889 11286 21:0 7906
7905 11285 21:0 7958
7957 11251 21:0 7963
7965 11319 21:0 7982
7981 11317 21:0 8034
8033 11336 21:0 8034
8036 11350 21:0 8044
8043 11351 21:0 8094
8093 11318 21:0 8110
8112 11383 21:0 8120
8119 11385 21:0 8170
8169 11284 21:0 8186
8188 11416 21:0 8196
8195 11417 21:0 8246
8245 11418 21:0 8262
8264 11449 21:0 8272
8271 11419 21:0 8322
8321 11450 21:0 8338
8337 11355 21:0 8343
8345 11484 21:0 8362
8361 11485 21:0 8414
8413 11452 21:0 8419
8421 11516 21:0 8438
8437 11518 21:0 8490
8489 11517 21:0 8495
8494 11548 21:0 8514
8513 11515 21:0 8566
8568 11581 21:0 8576
8575 11582 21:0 8626
8625 11551 21:0 8642
8641 11483 21:0 8652
8651 11615 21:0 8670
8669 11386 21:0 8718
8717 11482 21:0 8723
8722 11287 21:0 8742
8741 11616 21:0 8794
8793 11650 21:0 8799
8798 11680 21:0 8804
8803 11617 21:0 8870
8869 11583 21:0 8875
8874 11682 21:0 8880
8879 11713 21:0 8944
8943 11353 21:0 8951
8950 11716 21:0 8956
8970 10304 1:0 8978
8971 11716 1:0 8983
8980 10274 1:0 9011
8980 10272 1:0 9091
8986 10273 1:0 9099
8990 8925 1:0 9097
9019 10271 1:0 9109
9101 11353 1:0 9114
9102 10239 1:0 9142
9111 10241 1:0 9222
9111 10240 1:0 9230
9117 10238 1:0 9240
9137 11713 1:0 9245
9150 10206 1:0 9273
9232 10208 1:0 9353
9233 10207 1:0 9361
9242 10205 1:0 9371
9242 11682 1:0 9376
9248 10175 1:0 9404
9268 10174 1:0 9484
9363 10173 1:0 9491
9364 10172 1:0 9502
9364 11583 1:0 9507
9373 10141 1:0 9535
9373 10142 1:0 9615
9381 10140 1:0 9622
9400 10139 1:0 9633
9494 11617 1:0 9638
9495 10109 1:0 9666
9495 10108 1:0 9746
9504 10107 1:0 9753
9504 10106 1:0 9764
9512 11680 1:0 9769
9531 10076 1:0 9797
9625 10074 1:0 9877
9626 10075 1:0 9885
9635 10073 1:0 9895
9635 11650 1:0 9900
9641 10042 1:0 9928
9645 10043 1:0 10008
9674 10041 1:0 10015
9756 10040 1:0 10026
9757 11616 1:0 10031
9766 10009 1:0 10059
9766 10010 1:0 10139
9772 10008 1:0 10146
9777 10007 1:0 10157
9805 11287 1:0 10162
9887 9977 1:0 10190
9888 9976 1:0 10270
9888 9495 1:0 10281
9897 9975 1:0 10277
9897 9974 1:0 10288
9905 11482 1:0 10293
9924 9943 1:0 10321
10018 9944 1:0 10401
10019 9942 1:0 10408
10028 9941 1:0 10419
10028 11386 1:0 10424
10034 9911 1:0 10452
10038 9910 1:0 10532
10055 9909 1:0 10539
10067 9591 1:0 10555
10149 9908 1:0 10550
10150 11615 1:0 10555
10159 9878 1:0 10583
10159 9876 1:0 10663
10165 9877 1:0 10671
10170 9875 1:0 10681
10198 11483 1:0 10686
10280 9845 1:0 10714
10281 9843 1:0 10794
10281 9670 1:0 10805
10290 9844 1:0 10802
10290 9842 1:0 10812
10298 11551 1:0 10817
10317 9812 1:0 10845
10329 303 1:0 10958
10411 9811 1:0 10925
10412 9810 1:0 10932
10421 9809 1:0 10943
10421 11582 1:0 10958
10427 11581 1:0 11030
10432 11284 1:0 11061
10460 11515 1:0 11072
10542 5482 1:0 11078
10542 5487 1:0 11081
10543 5483 1:0 11109
10543 5486 1:0 11109
10552 11318 1:0 11282
10552 5485 1:0 11160
10552 5484 1:0 11239
10558 11548 1:0 11293
10562 5634 1:0 11299
10578 5631 1:0 11302
10579 5632 1:0 11311
10591 5630 1:0 11337
10673 5629 1:0 11384
10673 5633 1:0 11470
10674 11452 1:0 11511
10674 5769 1:0 11548
10674 5768 1:0 11551
10683 5778 1:0 11514
10683 5781 1:0 11520
10683 5780 1:0 11523
10683 5777 1:0 11551
10689 5779 1:0 11602
10691 5776 1:0 11671
10710 11517 1:0 11732
10722 5926 1:0 11735
10722 5915 1:0 11823
10763 7388 1:0 13962
10804 5927 1:0 11741
10804 5923 1:0 11744
10805 5928 1:0 11769
10805 5925 1:0 11807
10805 6062 1:0 11965
10814 11518 1:0 11945
10814 5924 1:0 11893
10820 11485 1:0 11956
10822 6071 1:0 11962
10825 6072 1:0 11965
10840 6216 1:0 12195
10841 6075 1:0 11993
10853 6074 1:0 11993
10935 6070 1:0 12044
10935 6073 1:0 12124
10936 11385 1:0 12166
10936 6215 1:0 12195
10945 11516 1:0 12177
10945 6222 1:0 12183
10945 6219 1:0 12186
10951 6220 1:0 12195
10953 6217 1:0 12222
10956 6218 1:0 12268
10972 6221 1:0 12354
11025 11484 1:0 12398
11068 6367 1:0 12404
11068 6362 1:0 12407
11069 6369 1:0 12407
11069 6368 1:0 12435
11069 6364 1:0 12435
11078 11450 1:0 12608
11078 6365 1:0 12486
11078 6366 1:0 12565
11086 11317 1:0 12619
11097 303 21:0 11111
11104 6515 1:0 12625
11105 6514 1:0 12628
11112 6503 1:0 12628
11117 6512 1:0 12656
11158 6516 1:0 12656
11171 6511 1:0 12707
11187 6513 1:0 12786
11237 11419 1:0 12829
11249 5484 21:0 11281
11257 11449 1:0 12840
11280 5485 21:0 11284
11283 5486 21:0 11284
11283 5483 21:0 11292
11289 6660 1:0 12846
11289 6661 1:0 12849
11290 6662 1:0 12859
11290 6659 1:0 12887
11290 6658 1:0 12931
11291 5487 21:0 11295
11293 6798 1:0 13070
11294 5482 21:0 11295
11296 6663 1:0 13018
11296 6806 1:0 13067
11299 11418 1:0 13061
11299 6808 1:0 13070
11299 6805 1:0 13098
11305 6810 1:0 13098
11307 6809 1:0 13149
11310 6807 1:0 13228
11338 11417 1:0 13271
11392 11416 1:0 13282
11407 6950 1:0 13288
11407 6945 1:0 13288
11408 6954 1:0 13288
11408 6951 1:0 13291
11409 7098 1:0 13512
11458 6956 1:0 13291
11468 6952 1:0 13319
11478 6957 1:0 13319
11480 5633 21:0 11502
11501 5629 21:0 11505
11504 5630 21:0 11505
11504 5632 21:0 11513
11510 6953 1:0 13370
11510 6955 1:0 13450
11511 11383 1:0 13500
11511 7099 1:0 13509
11512 5631 21:0 11516
11515 5634 21:0 11516
11517 11351 1:0 13509
11520 11355 1:0 13522
11520 7104 1:0 13512
11520 7101 1:0 13522
11520 7100 1:0 13550
11526 7102 1:0 13594
11526 7103 1:0 13680
11546 11350 1:0 13724
11547 7396 1:0 13724
11559 7247 1:0 13730
11600 7248 1:0 13733
11613 11336 1:0 13743
11629 7246 1:0 13743
11629 7251 1:0 13771
11630 7385 1:0 13951
11679 7249 1:0 13815
11681 5776 21:0 11723
11689 7250 1:0 13901
11699 7394 1:0 13942
11722 5779 21:0 11726
11725 5768 21:0 11726
11725 5777 21:0 11726
11725 5780 21:0 11734
11731 11319 1:0 13939
11732 11254 1:0 13951
11733 5769 21:0 11734
11733 5781 21:0 11737
11735 11285 1:0 13962
11736 5778 21:0 11743
11738 7393 1:0 13962
11741 7398 1:0 13989
11741 7395 1:0 14036
11741 7397 1:0 14122
11744 11286 1:0 14160
11749 11252 1:0 14172
11752 7541 1:0 14172
11768 7540 1:0 14175
11780 7544 1:0 14185
11821 7539 1:0 14185
11829 7542 1:0 14212
11849 7543 1:0 14257
11850 7545 1:0 14344
11899 5924 21:0 11944
11910 11253 1:0 14381
11943 5915 21:0 11944
11943 5925 21:0 11947
11945 11251 1:0 14387
11946 5928 21:0 11947
11946 5923 21:0 11955
11952 7779 1:0 14405
11952 7691 1:0 14393
11952 7679 1:0 14396
11952 7686 1:0 14405
11952 7780 1:0 14605
11953 7689 1:0 14396
11953 7690 1:0 14405
11953 7687 1:0 14432
11954 5927 21:0 11958
11957 5926 21:0 11958
11959 7688 1:0 14478
11959 7692 1:0 14565
12083 6062 21:0 12127
12130 6073 21:0 12165
12164 6070 21:0 12168
12167 6074 21:0 12168
12167 6075 21:0 12176
12175 6072 21:0 12179
12178 6071 21:0 12179
12331 6216 21:0 12356
12364 6221 21:0 12386
12385 6218 21:0 12389
12388 6217 21:0 12389
12388 6220 21:0 12397
12396 6219 21:0 12400
12399 6222 21:0 12400
12399 6215 21:0 12406
12575 6366 21:0 12607
12606 6365 21:0 12610
12609 6364 21:0 12610
12609 6368 21:0 12618
12617 6369 21:0 12621
12620 6367 21:0 12621
12620 6362 21:0 12621
12746 6503 21:0 12790
12796 6513 21:0 12828
12827 6511 21:0 12831
12830 6512 21:0 12831
12830 6516 21:0 12839
12838 6514 21:0 12842
12841 6515 21:0 12842
13024 6663 21:0 13049
13048 6658 21:0 13052
13051 6659 21:0 13052
13051 6662 21:0 13060
13059 6661 21:0 13063
13062 6660 21:0 13063
13185 6798 21:0 13231
13238 6807 21:0 13270
13269 6809 21:0 13273
13272 6805 21:0 13273
13272 6810 21:0 13281
13280 6808 21:0 13284
13283 6806 21:0 13284
13406 6945 21:0 13452
13456 6955 21:0 13491
13490 6953 21:0 13494
13493 6952 21:0 13494
13493 6957 21:0 13502
13501 6956 21:0 13505
13504 6954 21:0 13505
13504 6951 21:0 13505
13504 6950 21:0 13511
13657 7098 21:0 13682
13690 7103 21:0 13712
13711 7102 21:0 13715
13714 7100 21:0 13715
13714 7101 21:0 13723
13722 7104 21:0 13726
13725 7099 21:0 13726
13911 7250 21:0 13933
13932 7249 21:0 13936
13935 7251 21:0 13936
13935 7246 21:0 13944
13943 7248 21:0 13947
13946 7247 21:0 13947
14072 7385 21:0 14116
14115 7388 21:0 14123
14132 7397 21:0 14154
14153 7395 21:0 14157
14156 7398 21:0 14157
14156 7393 21:0 14165
14164 7394 21:0 14168
14167 7396 21:0 14168
14320 7539 21:0 14345
14350 7545 21:0 14375
14374 7543 21:0 14378
14377 7542 21:0 14378
14377 7544 21:0 14386
14385 7540 21:0 14389
14388 7541 21:0 14389
14541 7686 21:0 14566
14571 7692 21:0 56
