128 13603 0:0 130
150 13514 0:0 152
150 13515 0:0 152
150 13503 0:0 152
150 13510 0:0 152
150 13512 0:0 152
150 13511 0:0 152
150 13513 0:0 152
151 13604 0:0 152
211 13712 21:0 228
213 13711 0:0 214
228 13713 0:0 269
287 13744 21:0 304
289 13745 0:0 290
304 13746 0:0 345
363 13777 21:0 380
439 13811 21:0 456
441 13810 0:0 442
510 13842 21:0 518
518 13845 21:0 584
591 13876 21:0 608
670 13911 21:0 736
746 13944 21:0 812
814 13974 21:0 822
822 13977 21:0 888
895 14008 21:0 912
971 14041 21:0 988
1042 14073 21:0 1050
1049 14074 21:0 1100
1100 14076 0:0 1116
1202 14142 21:0 1268
1270 14172 21:0 1278
1423 14239 21:0 1431
1430 14240 0:0 1431
1430 14241 21:0 1481
1481 14242 0:0 1497
1499 14272 21:0 1507
1506 14273 0:0 1507
1506 14274 21:0 1557
1557 14275 0:0 1573
1575 14305 21:0 1583
1582 14307 0:0 1583
1582 14306 21:0 1633
1633 14308 0:0 1649
1651 14338 21:0 1659
1658 14339 0:0 1659
1658 14340 21:0 1709
1709 14341 0:0 1725
1727 14371 21:0 1735
1732 14372 0:0 1735
1732 14373 0:0 1735
1735 14374 21:0 1801
1803 14404 0:0 1806
1808 14406 21:0 1825
1810 14405 0:0 1811
1825 14407 0:0 1866
1879 14437 21:0 1887
1886 14439 0:0 1887
1886 14438 21:0 1937
1937 14440 0:0 1953
1955 14470 21:0 1963
1962 14471 0:0 1963
1962 14472 21:0 2013
2013 14473 0:0 2029
2031 14503 21:0 2039
2038 14504 0:0 2039
2038 14505 21:0 2089
2089 14506 0:0 2105
2107 14536 21:0 2115
2114 14537 0:0 2115
2114 14538 21:0 2165
2165 14539 0:0 2181
2183 14569 21:0 2191
2190 14570 0:0 2191
2190 14571 21:0 2241
2241 14572 0:0 2257
2259 14602 21:0 2267
2266 14603 0:0 2267
2266 14604 21:0 2317
2317 14605 0:0 2333
2335 14635 21:0 2343
2342 14637 0:0 2343
2342 14636 21:0 2393
2393 14638 0:0 2409
2411 14668 21:0 2419
2418 14670 0:0 2419
2418 14669 21:0 2469
2469 14671 0:0 2485
2487 14701 21:0 2495
2494 14702 0:0 2495
2494 14703 21:0 2545
2545 14704 0:0 2561
2584 14172 1:0 2713
2585 14142 1:0 2819
2593 14076 1:0 3063
2599 14074 1:0 3069
2610 304 21:0 2624
2625 304 1:0 2573
2706 14073 1:0 3079
2707 14041 1:0 3191
2707 14008 1:0 3313
2715 13977 1:0 3429
2721 13974 1:0 3445
2828 13944 1:0 3551
2829 13911 1:0 3673
2829 13876 1:0 3801
2837 13845 1:0 3917
2843 13842 1:0 3933
2950 13811 1:0 4046
2951 13810 1:0 4045
2951 13777 1:0 4167
2959 13746 1:0 4283
2965 13744 1:0 4289
3072 13745 1:0 4290
3073 13713 1:0 4405
3073 13712 1:0 4412
3081 13711 1:0 4411
3081 305 1:0 5743
3091 14704 1:0 5876
3194 14703 1:0 5884
3195 14702 1:0 5883
3203 14701 1:0 5894
3203 14671 1:0 6007
4593 15681 21:0 4601
4600 15683 0:0 4601
4600 15682 21:0 4651
4651 15684 0:0 4667
4669 15714 21:0 4677
4676 15715 0:0 4677
4676 15716 21:0 4727
4727 15717 0:0 4743
4745 15747 21:0 4753
4752 15748 0:0 4753
4752 15749 21:0 4803
4803 15750 0:0 4819
4821 15780 21:0 4829
4828 15782 0:0 4829
4828 15781 21:0 4879
4879 15783 0:0 4895
4897 15813 21:0 4905
4904 15814 0:0 4905
4904 15815 21:0 4955
4955 15816 0:0 4971
4973 15846 21:0 4981
4980 15847 0:0 4981
4980 15848 21:0 5031
5031 15849 0:0 5047
5049 15879 21:0 5057
5056 15881 0:0 5057
5056 15880 21:0 5107
5107 15882 0:0 5123
5125 15912 21:0 5133
5132 15913 0:0 5133
5132 15914 21:0 5183
5183 15915 0:0 5199
5201 15945 21:0 5209
5208 15947 0:0 5209
5208 15946 21:0 5259
5259 15948 0:0 5275
5277 15978 21:0 5285
5282 15979 0:0 5285
5282 15980 0:0 5285
5285 15981 21:0 5351
5353 16011 21:0 5361
5360 16013 0:0 5361
5360 16012 21:0 5411
5411 16014 0:0 5427
5429 16044 21:0 5437
5436 16046 0:0 5437
5436 16045 0:0 5437
5437 16047 21:0 5503
5505 16077 21:0 5513
5512 16079 0:0 5513
5512 16078 21:0 5563
5563 16080 0:0 5579
5586 16111 21:0 5603
5588 16112 0:0 5589
5603 16113 0:0 5644
5657 16143 0:0 5660
5662 16144 21:0 5679
5664 16145 0:0 5665
5755 14669 1:0 6014
5756 14670 1:0 6015
5765 14668 1:0 6025
5765 14638 1:0 6138
5771 14636 1:0 6145
5784 305 21:0 5798
5791 14637 1:0 6146
5804 14635 1:0 6156
5886 14605 1:0 6269
5887 14604 1:0 6277
5896 14603 1:0 6276
5896 14602 1:0 6287
5902 14572 1:0 6400
5907 14571 1:0 6408
5935 14570 1:0 6407
6017 14569 1:0 6418
6018 14539 1:0 6531
6027 14537 1:0 6538
6027 14538 1:0 6539
6033 14536 1:0 6549
6053 14506 1:0 6662
6066 14505 1:0 6670
6148 14504 1:0 6669
6149 14503 1:0 6680
6158 14473 1:0 6793
6158 14472 1:0 6801
6164 14471 1:0 6800
6184 14470 1:0 6811
6279 14440 1:0 6924
6280 14438 1:0 6931
6280 14439 1:0 6932
6289 14437 1:0 6942
6289 14407 1:0 7055
6297 14406 1:0 7063
6316 14405 1:0 7062
6410 14404 1:0 7073
6411 14374 1:0 7186
6411 14373 1:0 7194
6420 14372 1:0 7193
6420 14371 1:0 7204
6428 14341 1:0 7317
6447 14340 1:0 7325
6541 14339 1:0 7324
6542 14338 1:0 7335
6551 14308 1:0 7448
6551 14306 1:0 7455
6557 14307 1:0 7456
6561 14305 1:0 7466
6590 14275 1:0 7579
6672 14274 1:0 7587
6673 14273 1:0 7586
6682 14272 1:0 7597
6682 14242 1:0 7710
6688 14241 1:0 7718
6693 14240 1:0 7717
6708 306 1:0 9058
6721 14239 1:0 7728
6803 16144 1:0 9198
6804 16145 1:0 9199
7908 17123 21:0 7916
7915 17125 0:0 7916
7915 17124 21:0 7966
7966 17126 0:0 7982
7984 17156 21:0 7992
7991 17158 0:0 7992
7991 17157 21:0 8042
8042 17159 0:0 8058
8060 17189 21:0 8068
8067 17191 0:0 8068
8067 17190 21:0 8118
8118 17192 0:0 8134
8136 17222 21:0 8144
8143 17224 0:0 8144
8143 17223 21:0 8194
8194 17225 0:0 8210
8212 17255 21:0 8220
8219 17256 0:0 8220
8219 17257 21:0 8270
8270 17258 0:0 8286
8288 17288 21:0 8296
8295 17289 0:0 8296
8295 17290 21:0 8346
8346 17291 0:0 8362
8364 17321 21:0 8372
8371 17322 0:0 8372
8371 17323 21:0 8422
8422 17324 0:0 8438
8440 17354 21:0 8448
8447 17355 0:0 8448
8447 17356 21:0 8498
8498 17357 0:0 8514
8516 17387 21:0 8524
8523 17389 0:0 8524
8523 17388 21:0 8574
8574 17390 0:0 8590
8592 17420 21:0 8600
8599 17422 0:0 8600
8599 17421 21:0 8650
8650 17423 0:0 8666
8668 17453 21:0 8676
8675 17455 0:0 8676
8675 17454 21:0 8726
8726 17456 0:0 8742
8744 17486 0:0 8747
8749 17488 21:0 8766
8751 17487 0:0 8752
8766 17489 0:0 8807
8820 17519 21:0 8828
8827 17521 0:0 8828
8827 17520 21:0 8878
8878 17522 0:0 8894
8896 17552 21:0 8904
8903 17553 0:0 8904
8903 17554 21:0 8954
8954 17555 0:0 8970
8977 17586 21:0 8994
9070 16143 1:0 9209
9071 16113 1:0 9322
9080 16111 1:0 9329
9080 16112 1:0 9330
9086 16080 1:0 9453
9099 306 21:0 9113
9106 16078 1:0 9460
9119 16079 1:0 9461
9201 16077 1:0 9471
9202 16047 1:0 9584
9211 16045 1:0 9591
9211 16046 1:0 9592
9217 16044 1:0 9602
9222 16014 1:0 9715
9250 16012 1:0 9722
9332 16013 1:0 9723
9333 16011 1:0 9733
9342 15981 1:0 9846
9342 15979 1:0 9853
9348 15980 1:0 9854
9368 15978 1:0 9864
9381 15948 1:0 9977
9463 15946 1:0 9984
9464 15947 1:0 9985
9473 15945 1:0 9995
9473 15915 1:0 10108
9479 15914 1:0 10116
9499 15913 1:0 10115
9594 15912 1:0 10126
9595 15882 1:0 10239
9595 15880 1:0 10246
9604 15881 1:0 10247
9604 15879 1:0 10257
9612 15849 1:0 10370
9631 15848 1:0 10378
9725 15847 1:0 10377
9726 15846 1:0 10388
9726 15816 1:0 10501
9735 15814 1:0 10508
9735 15815 1:0 10509
9743 15813 1:0 10519
9762 15783 1:0 10632
9856 15781 1:0 10639
9857 15782 1:0 10640
9866 15780 1:0 10650
9866 15750 1:0 10763
9872 15749 1:0 10771
9876 15748 1:0 10770
9905 15747 1:0 10781
9987 15717 1:0 10894
9988 15716 1:0 10902
9997 15715 1:0 10901
9997 15714 1:0 10912
10003 15684 1:0 11025
10008 15682 1:0 11032
10023 307 1:0 12373
10036 15683 1:0 11033
10118 15681 1:0 11043
11223 18565 21:0 11231
11230 18567 0:0 11231
11230 18566 21:0 11281
11281 18568 0:0 11297
11299 18598 21:0 11307
11306 18600 0:0 11307
11306 18599 21:0 11357
11357 18601 0:0 11373
11375 18631 21:0 11383
11382 18633 0:0 11383
11382 18632 21:0 11433
11433 18634 0:0 11449
11451 18664 21:0 11459
11458 18666 0:0 11459
11458 18665 21:0 11509
11509 18667 0:0 11525
11527 18697 21:0 11535
11534 18698 0:0 11535
11534 18699 21:0 11585
11585 18700 0:0 11601
11603 18730 21:0 11611
11610 18731 0:0 11611
11610 18732 21:0 11661
11661 18733 0:0 11677
11679 18763 21:0 11687
11686 18764 0:0 11687
11686 18765 0:0 11687
11687 18766 21:0 11753
11755 18796 21:0 11763
11762 18798 0:0 11763
11762 18797 0:0 11763
11763 18799 21:0 11829
11831 18829 21:0 11839
11838 18830 0:0 11839
11838 18831 21:0 11889
11889 18832 0:0 11905
11907 18862 21:0 11915
11914 18863 0:0 11915
11914 18864 21:0 11965
11965 18865 0:0 11981
11983 18895 0:0 11986
11988 18897 21:0 12005
11990 18896 0:0 11991
12005 18898 0:0 12046
12059 18928 0:0 12062
12064 18929 21:0 12081
12066 18930 0:0 12067
12081 18931 0:0 12122
12135 18961 21:0 12143
12142 18962 0:0 12143
12142 18963 21:0 12193
12193 18964 0:0 12209
12211 18994 21:0 12219
12216 18995 0:0 12219
12216 18996 0:0 12219
12219 18997 21:0 12285
12385 17586 1:0 12513
12386 17555 1:0 12637
12395 17553 1:0 12644
12395 17554 1:0 12645
12401 17552 1:0 12655
12414 307 21:0 12428
12421 17522 1:0 12768
12434 17520 1:0 12775
12516 17521 1:0 12776
12517 17519 1:0 12786
12526 17489 1:0 12899
12526 17488 1:0 12907
12532 17487 1:0 12906
12537 17486 1:0 12917
12565 17456 1:0 13030
12647 17454 1:0 13037
12648 17455 1:0 13038
12657 17453 1:0 13048
12657 17423 1:0 13161
12663 17421 1:0 13168
12683 17422 1:0 13169
12696 17420 1:0 13179
12778 17390 1:0 13292
12779 17388 1:0 13299
12788 17389 1:0 13300
12788 17387 1:0 13310
12794 17357 1:0 13423
12814 17356 1:0 13431
12909 17355 1:0 13430
12910 17354 1:0 13441
12910 17324 1:0 13554
12919 17322 1:0 13561
12919 17323 1:0 13562
12927 17321 1:0 13572
12946 17291 1:0 13685
13040 17290 1:0 13693
13041 17289 1:0 13692
13041 17288 1:0 13703
13050 17258 1:0 13816
13050 17257 1:0 13824
13058 17256 1:0 13823
13077 17255 1:0 13834
13171 17225 1:0 13947
13172 17223 1:0 13954
13181 17224 1:0 13955
13181 17222 1:0 13965
13187 17192 1:0 14078
13191 17190 1:0 14085
13220 17191 1:0 14086
13302 17189 1:0 14096
13303 17159 1:0 14209
13312 17157 1:0 14216
13312 17158 1:0 14217
13318 17156 1:0 14227
13323 17126 1:0 14340
13338 308 1:0 15688
13351 17124 1:0 14347
13433 17125 1:0 14348
13434 17123 1:0 14358
14538 20007 21:0 14546
14545 20008 0:0 14546
14545 20009 21:0 14596
14596 20010 0:0 14612
14614 20040 21:0 14622
14621 20041 0:0 14622
14621 20042 21:0 14672
14672 20043 0:0 14688
14690 20073 21:0 14698
14697 20075 0:0 14698
14697 20074 21:0 14748
14748 20076 0:0 14764
14766 20106 21:0 14774
14773 20108 0:0 14774
14773 20107 21:0 14824
14824 20109 0:0 14840
14842 20139 21:0 14850
14849 20140 0:0 14850
14849 20141 21:0 14900
14900 20142 0:0 14916
14918 20172 21:0 14926
14925 20174 0:0 14926
14925 20173 21:0 14976
14976 20175 0:0 14992
14994 20205 21:0 15002
15001 20207 0:0 15002
15001 20206 21:0 15052
15052 20208 0:0 15068
15070 20238 21:0 15078
15077 20239 0:0 15078
15077 20240 21:0 15128
15128 20241 0:0 15144
15146 20271 0:0 15149
15151 20273 21:0 15168
15153 20272 0:0 15154
15168 20274 0:0 15209
15222 20304 21:0 15230
15229 20306 0:0 15230
15229 20305 0:0 15230
15230 20307 21:0 15296
15298 20337 0:0 15301
15303 20338 21:0 15320
15305 20339 0:0 15306
15320 20340 0:0 15361
15374 20370 0:0 15377
15379 20371 21:0 15396
15381 20372 0:0 15382
15396 20373 0:0 15437
15450 20403 0:0 15453
15455 20404 21:0 15472
15457 20405 0:0 15458
15472 20406 0:0 15513
15526 20436 21:0 15534
15533 20438 21:0 15584
15602 20469 0:0 15605
15607 20471 21:0 15624
15624 20472 0:0 15665
15700 18997 1:0 15952
15701 18996 1:0 15960
15710 18995 1:0 15959
15710 18994 1:0 15970
15716 18964 1:0 16083
15729 308 21:0 15743
15736 18963 1:0 16091
15749 18962 1:0 16090
15831 18961 1:0 16101
15832 18931 1:0 16214
15841 18929 1:0 16221
15841 18930 1:0 16222
15847 18928 1:0 16232
15852 18898 1:0 16345
15880 18897 1:0 16353
15962 18896 1:0 16352
15963 18895 1:0 16363
15972 18865 1:0 16476
15972 18864 1:0 16484
15978 18863 1:0 16483
15998 18862 1:0 16494
16011 18832 1:0 16607
16093 18831 1:0 16615
16094 18830 1:0 16614
16103 18829 1:0 16625
16103 18799 1:0 16738
16109 18798 1:0 16746
16129 18797 1:0 16745
16224 18796 1:0 16756
16225 18766 1:0 16869
16225 18765 1:0 16877
16234 18764 1:0 16876
16234 18763 1:0 16887
16242 18733 1:0 17000
16261 18732 1:0 17008
16355 18731 1:0 17007
16356 18730 1:0 17018
16356 18700 1:0 17131
16365 18698 1:0 17138
16365 18699 1:0 17139
16373 18697 1:0 17149
16392 18667 1:0 17262
16486 18665 1:0 17269
16487 18666 1:0 17270
16496 18664 1:0 17280
16496 18634 1:0 17393
16502 18632 1:0 17400
16506 18633 1:0 17401
16535 18631 1:0 17411
16617 18601 1:0 17524
16618 18599 1:0 17531
16627 18600 1:0 17532
16627 18598 1:0 17542
16633 18568 1:0 17655
16638 18566 1:0 17662
16653 309 1:0 19003
16666 18567 1:0 17663
16748 18565 1:0 17673
16749 20472 1:0 19136
16758 20471 1:0 19144
16758 20469 1:0 19154
17853 21449 21:0 17861
17860 21450 0:0 17861
17860 21451 21:0 17911
17911 21452 0:0 17927
17929 21482 21:0 17937
17936 21483 0:0 17937
17936 21484 21:0 17987
17987 21485 0:0 18003
18005 21515 21:0 18013
18012 21516 0:0 18013
18012 21517 21:0 18063
18063 21518 0:0 18079
18081 21548 21:0 18089
18088 21549 0:0 18089
18088 21550 21:0 18139
18139 21551 0:0 18155
18157 21581 21:0 18165
18164 21583 0:0 18165
18164 21582 21:0 18215
18215 21584 0:0 18231
18233 21614 21:0 18241
18240 21615 0:0 18241
18240 21616 21:0 18291
18291 21617 0:0 18307
18309 21647 21:0 18317
18316 21649 0:0 18317
18316 21648 21:0 18367
18367 21650 0:0 18383
18385 21680 21:0 18393
18392 21682 0:0 18393
18392 21681 21:0 18443
18443 21683 0:0 18459
18461 21713 21:0 18469
18468 21714 0:0 18469
18468 21715 21:0 18519
18519 21716 0:0 18535
18537 21746 21:0 18545
18544 21748 0:0 18545
18544 21747 21:0 18595
18595 21749 0:0 18611
18613 21779 21:0 18621
18620 21781 0:0 18621
18620 21780 21:0 18671
18671 21782 0:0 18687
18689 21812 21:0 18697
18696 21814 0:0 18697
18696 21813 21:0 18747
18747 21815 0:0 18763
18765 21845 21:0 18773
18772 21846 0:0 18773
18772 21847 21:0 18823
18823 21848 0:0 18839
18841 21878 21:0 18849
18848 21880 0:0 18849
18848 21879 21:0 18899
18899 21881 0:0 18915
18917 21911 21:0 18925
18924 21913 0:0 18925
18924 21912 21:0 18975
19015 20438 1:0 19275
19016 20436 1:0 19285
19025 20406 1:0 19398
19025 20404 1:0 19405
19031 20405 1:0 19406
19044 309 21:0 19058
19051 20403 1:0 19416
19064 20373 1:0 19529
19146 20371 1:0 19536
19147 20372 1:0 19537
19156 20370 1:0 19547
19156 20340 1:0 19660
19162 20338 1:0 19667
19167 20339 1:0 19668
19195 20337 1:0 19678
19277 20307 1:0 19791
19278 20305 1:0 19798
19287 20306 1:0 19799
19287 20304 1:0 19809
19293 20274 1:0 19922
19313 20273 1:0 19930
19326 20272 1:0 19929
19408 20271 1:0 19940
19409 20241 1:0 20053
19418 20239 1:0 20060
19418 20240 1:0 20061
19424 20238 1:0 20071
19444 20208 1:0 20184
19539 20206 1:0 20191
19540 20207 1:0 20192
19540 20205 1:0 20202
19549 20175 1:0 20315
19549 20173 1:0 20322
19557 20174 1:0 20323
19576 20172 1:0 20333
19670 20142 1:0 20446
19671 20140 1:0 20453
19671 20141 1:0 20454
19680 20139 1:0 20464
19680 20109 1:0 20577
19688 20107 1:0 20584
19707 20108 1:0 20585
19801 20106 1:0 20595
19802 20076 1:0 20708
19811 20074 1:0 20715
19811 20075 1:0 20716
19817 20073 1:0 20726
19821 20043 1:0 20839
19850 20042 1:0 20847
19932 20041 1:0 20846
19933 20040 1:0 20857
19942 20010 1:0 20970
19942 20009 1:0 20978
19948 20008 1:0 20977
19953 20007 1:0 20988
19968 310 1:0 22318
21168 22891 0:0 21171
21173 22893 21:0 21190
21175 22892 0:0 21176
21190 22894 0:0 21231
21244 22924 0:0 21247
21249 22925 21:0 21266
21251 22926 0:0 21252
21266 22927 0:0 21307
21320 22957 0:0 21323
21325 22959 21:0 21342
21327 22958 0:0 21328
21342 22960 0:0 21383
21396 22990 21:0 21404
21403 22991 0:0 21404
21403 22992 21:0 21454
21454 22993 0:0 21470
21472 23023 0:0 21475
21477 23024 21:0 21494
21479 23025 0:0 21480
21494 23026 0:0 21535
21548 23056 0:0 21551
21553 23057 21:0 21570
21555 23058 0:0 21556
21570 23059 0:0 21611
21624 23089 21:0 21632
21631 23090 0:0 21632
21631 23091 21:0 21682
21682 23092 0:0 21698
21700 23122 0:0 21703
21705 23124 21:0 21722
21707 23123 0:0 21708
21722 23125 0:0 21763
21776 23155 21:0 21784
21783 23156 0:0 21784
21783 23157 21:0 21834
21834 23158 0:0 21850
21852 23188 21:0 21860
21857 23189 0:0 21860
21859 23190 0:0 21860
21860 23191 21:0 21926
21928 23221 21:0 21936
21935 23222 0:0 21936
21935 23223 21:0 21986
22004 23254 0:0 22007
22009 23255 21:0 22026
22011 23256 0:0 22012
22026 23257 0:0 22067
22085 23288 21:0 22102
22087 23289 0:0 22088
22102 23290 0:0 22143
22156 23320 21:0 22164
22163 23321 0:0 22164
22164 23323 21:0 22230
22313 23388 21:0 22322
22330 21912 1:0 22458
22331 21913 1:0 22459
22340 21911 1:0 22469
22340 21881 1:0 22582
22346 21879 1:0 22589
22359 310 21:0 22373
22366 21880 1:0 22590
22379 21878 1:0 22600
22461 21848 1:0 22713
22462 21847 1:0 22721
22471 21846 1:0 22720
22471 21845 1:0 22731
22477 21815 1:0 22844
22482 21813 1:0 22851
22510 21814 1:0 22852
22592 21812 1:0 22862
22593 21782 1:0 22975
22602 21780 1:0 22982
22602 21781 1:0 22983
22608 21779 1:0 22993
22628 21749 1:0 23106
22641 21747 1:0 23113
22723 21748 1:0 23114
22724 21746 1:0 23124
22733 21716 1:0 23237
22733 21715 1:0 23245
22739 21714 1:0 23244
22759 21713 1:0 23255
22854 21683 1:0 23368
22855 21681 1:0 23375
22855 21682 1:0 23376
22864 21680 1:0 23386
22864 21650 1:0 23499
22872 21648 1:0 23506
22891 21649 1:0 23507
22985 21647 1:0 23517
22986 21617 1:0 23630
22986 21616 1:0 23638
22995 21615 1:0 23637
22995 21614 1:0 23648
23003 21584 1:0 23761
23022 21582 1:0 23768
23116 21583 1:0 23769
23117 21581 1:0 23779
23126 21551 1:0 23892
23126 21550 1:0 23900
23132 21549 1:0 23899
23136 21548 1:0 23910
23165 21518 1:0 24023
23247 21517 1:0 24031
23248 21516 1:0 24030
23257 21515 1:0 24041
23257 21485 1:0 24154
23263 21484 1:0 24162
23268 21483 1:0 24161
23283 311 1:0 24416
23296 21482 1:0 24172
23378 21452 1:0 24285
23379 21451 1:0 24293
23388 21450 1:0 24292
23388 21449 1:0 24303
23394 23388 1:0 24426
23398 11308 1:0 24523
23414 11306 1:0 24523
23415 11452 1:0 24801
23427 11309 1:0 24524
23509 11310 1:0 24524
23509 11307 1:0 24524
23510 23323 1:0 24741
23510 11311 1:0 24610
23519 11453 1:0 24741
23519 11454 1:0 24811
23519 11455 1:0 24820
23519 11456 1:0 24821
23525 11457 1:0 24830
23527 11458 1:0 24831
23529 12035 1:0 25630
23546 23321 1:0 24867
23558 11600 1:0 24965
23640 23320 1:0 24878
23641 23290 1:0 24893
23650 23288 1:0 24965
23650 11602 1:0 24965
23650 11601 1:0 24966
23656 11605 1:0 24966
23656 11603 1:0 24966
23660 11604 1:0 25051
23661 11598 1:0 24967
23689 23289 1:0 25089
23771 23255 1:0 25183
23772 11747 1:0 25183
23772 11748 1:0 25183
23772 11749 1:0 25262
23781 23257 1:0 25301
23781 11739 1:0 25187
23781 11750 1:0 25263
23787 11751 1:0 25272
23787 11752 1:0 25273
23807 23256 1:0 25310
23820 23254 1:0 25320
23902 23223 1:0 25404
23903 11894 1:0 25404
23903 11895 1:0 25404
23912 11896 1:0 25483
23912 11897 1:0 25484
23912 11898 1:0 25493
23912 11899 1:0 25494
23918 23222 1:0 25530
23938 23221 1:0 25541
23939 12034 1:0 25629
23951 12043 1:0 25628
24033 23191 1:0 25628
24034 12041 1:0 25628
24034 12045 1:0 25629
24034 12044 1:0 25629
24043 12042 1:0 25629
24043 12040 1:0 25629
24043 12033 1:0 25630
24043 12046 1:0 25715
24049 23189 1:0 25751
24054 23190 1:0 25752
24082 23188 1:0 25762
24164 23157 1:0 25846
24165 12189 1:0 25846
24165 12188 1:0 25846
24165 12191 1:0 25926
24174 23158 1:0 25965
24174 12180 1:0 25850
24174 12187 1:0 25906
24174 12190 1:0 25925
24180 12192 1:0 25935
24180 12193 1:0 25936
24200 23156 1:0 25972
24201 12334 1:0 26071
24295 23155 1:0 25983
24296 23125 1:0 25998
24296 23124 1:0 26070
24305 12335 1:0 26070
24305 12337 1:0 26070
24305 12338 1:0 26071
24305 12339 1:0 26071
24311 12336 1:0 26071
24313 12340 1:0 26157
24332 23123 1:0 26193
24428 23122 1:0 26204
24429 23092 1:0 26220
24429 23091 1:0 26291
24438 12484 1:0 26291
24438 12482 1:0 26291
24438 12485 1:0 26292
24438 12487 1:0 26292
24444 12483 1:0 26292
24446 12486 1:0 26377
24457 311 21:0 24471
24465 23090 1:0 26414
24518 23089 1:0 26425
24531 12630 1:0 26510
24547 23057 1:0 26509
24548 12627 1:0 26568
24597 12629 1:0 26510
24607 12631 1:0 26588
24616 11311 21:0 24641
24617 12632 1:0 26589
24639 11306 0:0 24641
24639 11310 0:0 24641
24639 11309 0:0 24641
24639 11307 0:0 24641
24639 11308 0:0 24641
24642 23059 1:0 26627
24642 12633 1:0 26598
24649 12634 1:0 26599
24649 12776 1:0 26731
24650 23058 1:0 26636
24659 23056 1:0 26646
24659 23024 1:0 26730
24665 12777 1:0 26731
24667 12779 1:0 26810
24685 23026 1:0 26848
24698 12778 1:0 26809
24739 12780 1:0 26819
24752 12781 1:0 26820
24768 23025 1:0 26857
24817 11454 21:0 24862
24828 23023 1:0 26867
24860 11453 0:0 24862
24861 11457 0:0 24862
24861 11458 0:0 24862
24861 11456 0:0 24862
24861 11455 0:0 24862
24861 11452 0:0 24862
24863 22993 1:0 26882
24863 22992 1:0 26954
24870 12923 1:0 26954
24870 12925 1:0 26954
24871 12924 1:0 26955
24871 12928 1:0 26955
24871 12926 1:0 26955
24880 22991 1:0 27077
24880 12927 1:0 27040
24886 22990 1:0 27088
24891 22960 1:0 27103
24919 22959 1:0 27175
24960 13072 1:0 27175
24973 13070 1:0 27175
24989 13075 1:0 27176
24990 13073 1:0 27176
25039 13071 1:0 27176
25049 13074 1:0 27261
25059 13069 1:0 27176
25059 13062 1:0 27177
25059 13210 1:0 27397
25061 11604 21:0 25083
25082 11605 0:0 25083
25082 11598 0:0 25083
25082 11602 0:0 25083
25082 11600 0:0 25083
25082 11603 0:0 25083
25082 11601 0:0 25083
25084 22958 1:0 27298
25084 13218 1:0 27393
25091 22957 1:0 27309
25092 22925 1:0 27393
25092 13217 1:0 27462
25101 22927 1:0 27511
25101 13219 1:0 27472
25101 13220 1:0 27473
25107 13221 1:0 27482
25109 13222 1:0 27483
25128 22926 1:0 27520
25181 22924 1:0 27530
25210 22893 1:0 27614
25211 13364 1:0 27614
25260 13365 1:0 27614
25270 13366 1:0 27693
25272 11749 21:0 25304
25280 13367 1:0 27694
25302 11751 0:0 25304
25303 11748 0:0 25304
25303 11752 0:0 25304
25303 11747 0:0 25304
25303 11742 0:0 25304
25303 11739 0:0 25304
25303 11750 0:0 25304
25305 22894 1:0 27732
25305 11742 1:0 25223
25305 13362 1:0 27673
25305 13368 1:0 27703
25312 13369 1:0 27704
25312 13511 1:0 27838
25313 22892 1:0 27740
25313 13603 1:0 27964
25313 13503 1:0 27840
25322 22891 1:0 27751
25322 13513 1:0 27838
25322 13515 1:0 27839
25328 13512 1:0 27839
25330 13514 1:0 27839
25333 13516 1:0 27925
25348 13510 1:0 27839
25348 13604 1:0 27965
25490 11897 21:0 25525
25523 11898 0:0 25525
25524 11899 0:0 25525
25524 11895 0:0 25525
25524 11894 0:0 25525
25524 11896 0:0 25525
25721 12046 21:0 25746
25744 12045 0:0 25746
25744 12041 0:0 25746
25744 12043 0:0 25746
25744 12042 0:0 25746
25744 12044 0:0 25746
25745 12040 0:0 25746
25745 12034 0:0 25746
25745 12035 0:0 25746
25745 12033 0:0 25746
25932 12191 21:0 25967
25966 12189 0:0 25967
25966 12180 0:0 25967
25966 12193 0:0 25967
25966 12190 0:0 25967
25966 12192 0:0 25967
25966 12187 0:0 25967
25966 12188 0:0 25967
26163 12340 21:0 26188
26186 12339 0:0 26188
26186 12338 0:0 26188
26186 12334 0:0 26188
26186 12335 0:0 26188
26186 12336 0:0 26188
26186 12337 0:0 26188
26387 12486 21:0 26409
26408 12485 0:0 26409
26408 12482 0:0 26409
26408 12487 0:0 26409
26408 12483 0:0 26409
26408 12484 0:0 26409
26598 12631 21:0 26630
26628 12633 0:0 26630
26629 12630 0:0 26630
26629 12627 0:0 26630
26629 12634 0:0 26630
26629 12629 0:0 26630
26629 12632 0:0 26630
26816 12779 21:0 26851
26849 12776 0:0 26851
26850 12777 0:0 26851
26850 12781 0:0 26851
26850 12778 0:0 26851
26850 12780 0:0 26851
27050 12927 21:0 27072
27071 12928 0:0 27072
27071 12926 0:0 27072
27071 12925 0:0 27072
27071 12923 0:0 27072
27071 12924 0:0 27072
27271 13074 21:0 27293
27292 13062 0:0 27293
27292 13069 0:0 27293
27292 13072 0:0 27293
27292 13075 0:0 27293
27292 13070 0:0 27293
27292 13073 0:0 27293
27292 13071 0:0 27293
27472 13217 21:0 27514
27512 13219 0:0 27514
27513 13210 0:0 27514
27513 13218 0:0 27514
27513 13222 0:0 27514
27513 13221 0:0 27514
27513 13220 0:0 27514
27703 13366 21:0 27735
27733 13368 0:0 27735
27734 13367 0:0 27735
27734 13369 0:0 27735
27734 13362 0:0 27735
27734 13364 0:0 27735
27734 13365 0:0 27735
27931 13516 21:0 152
