85 13721 0:0 87
85 13718 0:0 87
85 13719 0:0 87
85 13813 0:0 87
85 13720 0:0 87
85 13722 0:0 87
85 13710 0:0 87
86 13812 0:0 87
1309 14393 21:0 1319
3286 298 21:0 3325
3506 15422 21:0 3514
3513 15423 21:0 3580
3578 15425 0:0 3580
3810 15554 21:0 3818
3817 15555 21:0 3884
3886 15587 21:0 3894
4195 15720 21:0 4253
4563 15720 1:0 5084
4564 15587 1:0 5619
4573 15555 1:0 5739
4573 15554 1:0 5750
4579 15425 1:0 6256
4583 15423 1:0 6263
4600 15422 1:0 6274
4612 300 1:0 6647
6645 299 21:0 6683
6870 16895 21:0 6928
7245 17058 21:0 7253
7321 17091 21:0 7329
7402 17125 21:0 7460
7481 17160 21:0 7547
7554 17192 21:0 7612
7630 17224 21:0 7688
7922 17224 1:0 8312
7923 17192 1:0 8444
7932 17160 1:0 8567
7932 17125 1:0 8705
7938 17091 1:0 8847
7942 17058 1:0 8978
7943 301 1:0 10006
7971 16895 1:0 9623
10004 300 21:0 10041
10153 18333 21:0 10211
10300 18397 21:0 10308
10533 18497 21:0 10591
10609 18530 21:0 10667
10761 18596 21:0 10819
10840 18631 21:0 10906
11068 18730 21:0 11134
11281 18730 1:0 11533
11282 18631 1:0 11926
11291 18596 1:0 12064
11291 18530 1:0 12326
11297 18497 1:0 12457
11302 18397 1:0 12861
11317 302 1:0 13365
11330 18333 1:0 13113
13363 301 21:0 13401
13439 19772 21:0 13505
13664 19869 21:0 13722
13811 19934 21:0 13819
13895 19970 21:0 13961
13968 20002 21:0 14026
14267 20132 21:0 14275
14348 20166 21:0 14406
14640 20166 1:0 15030
14641 20132 1:0 15172
14650 20002 1:0 15686
14650 19970 1:0 15809
14656 19934 1:0 15958
14661 19869 1:0 16209
14689 19772 1:0 16595
14771 303 1:0 16724
16722 302 21:0 16761
16798 21243 21:0 16864
17094 21372 21:0 17102
17254 21441 21:0 17320
17327 21473 21:0 17385
17403 21505 21:0 17461
17479 21539 21:0 17537
17558 21573 21:0 17624
17626 21603 21:0 17634
17635 21603 1:0 18531
17999 21573 1:0 18644
18000 21539 1:0 18783
18009 21505 1:0 18913
18009 21473 1:0 19045
18015 21441 1:0 19168
18035 21372 1:0 19448
18089 21243 1:0 19954
20081 303 21:0 20119
20149 22711 21:0 20157
20230 22746 21:0 20288
20377 22810 21:0 20385
20382 22811 0:0 20385
20382 22812 0:0 20385
20385 22813 21:0 20451
20689 22945 21:0 20755
21358 22945 1:0 22396
21359 22813 1:0 22920
21368 22811 1:0 22927
21368 22812 1:0 22928
21374 22810 1:0 22938
21394 22746 1:0 23190
21407 22711 1:0 23331
23812 24314 21:0 23820
23896 24350 21:0 23962
23969 24382 21:0 24027
24273 24513 21:0 24331
24352 24548 21:0 24418
24420 24578 21:0 24428
24580 24647 21:0 24646
24727 299 1:0 3288
24727 11517 1:0 24908
24728 24647 1:0 24819
24728 11513 1:0 24824
24737 11514 1:0 24823
24737 11516 1:0 24823
24737 11518 1:0 24823
24737 11515 1:0 24824
24743 11662 1:0 25119
24745 11665 1:0 25044
24748 11661 1:0 25044
24764 11660 1:0 25045
24776 11664 1:0 25044
24817 11663 1:0 25044
24825 11805 1:0 25320
24830 11806 1:0 25321
24845 11807 1:0 25330
24846 11808 1:0 25331
24847 11953 1:0 25486
24896 11809 1:0 25340
24906 11810 1:0 25341
24916 11811 1:0 25350
24918 11517 21:0 24940
24938 11513 0:0 24940
24939 11514 0:0 24940
24939 11515 0:0 24940
24939 11516 0:0 24940
24939 11518 0:0 24940
24941 24578 1:0 25398
24941 11812 1:0 25351
24948 24548 1:0 25472
24949 11956 1:0 25486
24949 11955 1:0 25552
24958 11959 1:0 25486
24958 11958 1:0 25486
24958 11957 1:0 25486
24958 11954 1:0 25486
24964 12104 1:0 25707
24964 12106 1:0 25793
24968 12102 1:0 25707
24984 12103 1:0 25708
24997 12101 1:0 25708
25038 12105 1:0 25708
25066 24513 1:0 25829
25067 12247 1:0 25929
25067 12251 1:0 26004
25068 12241 1:0 25928
25117 12252 1:0 25929
25127 12253 1:0 25929
25129 11662 21:0 25161
25137 12248 1:0 25929
25159 11664 0:0 25161
25160 11663 0:0 25161
25160 11665 0:0 25161
25160 11660 0:0 25161
25160 11661 0:0 25161
25162 12249 1:0 25928
25162 12250 1:0 25929
25162 12388 1:0 26145
25162 12387 1:0 26150
25162 12535 1:0 26370
25169 12396 1:0 26149
25169 12399 1:0 26234
25170 12400 1:0 26150
25170 12395 1:0 26150
25170 12541 1:0 26370
25170 12540 1:0 26371
25179 12398 1:0 26149
25179 12397 1:0 26150
25179 12543 1:0 26370
25179 12545 1:0 26446
25185 12542 1:0 26371
25187 12547 1:0 26370
25190 12546 1:0 26370
25206 12544 1:0 26370
25259 24382 1:0 26577
25272 12690 1:0 26657
25288 12692 1:0 26591
25289 12689 1:0 26591
25330 11805 21:0 25381
25338 12693 1:0 26591
25348 12691 1:0 26591
25358 12688 1:0 26591
25358 12687 1:0 26592
25358 12828 1:0 26808
25381 11808 0:0 25382
25381 11806 0:0 25382
25381 11812 0:0 25382
25381 11809 0:0 25382
25381 11811 0:0 25382
25381 11810 0:0 25382
25381 11807 0:0 25382
25382 12829 1:0 26812
25383 24350 1:0 26789
25383 12694 1:0 26591
25383 12982 1:0 27033
25390 12838 1:0 26813
25390 12841 1:0 26898
25391 12839 1:0 26812
25391 12836 1:0 26813
25391 12976 1:0 27033
25391 12975 1:0 27034
25400 12837 1:0 26812
25400 12840 1:0 26812
25400 12986 1:0 27033
25400 12987 1:0 27118
25406 12983 1:0 27034
25408 12988 1:0 27034
25410 12981 1:0 27034
25426 12985 1:0 27034
25439 12984 1:0 27033
25488 24314 1:0 27166
25493 13129 1:0 27254
25508 13130 1:0 27319
25509 13131 1:0 27255
25510 13276 1:0 27475
25558 11955 21:0 25603
25559 13134 1:0 27255
25569 13133 1:0 27255
25579 13132 1:0 27255
25601 11953 0:0 25603
25601 11954 0:0 25603
25601 11958 0:0 25603
25602 11957 0:0 25603
25602 11959 0:0 25603
25602 11956 0:0 25603
25604 13135 1:0 27255
25604 13280 1:0 27476
25604 13278 1:0 27541
25604 13417 1:0 27696
25611 13279 1:0 27476
25611 13277 1:0 27476
25612 13282 1:0 27476
25612 13281 1:0 27476
25612 13422 1:0 27696
25612 13416 1:0 27697
25621 13426 1:0 27696
25621 13424 1:0 27696
25621 13428 1:0 27696
25621 13427 1:0 27772
25627 13429 1:0 27696
25629 13425 1:0 27696
25631 13423 1:0 27696
25632 13563 1:0 27918
25647 13571 1:0 27982
25660 13576 1:0 27917
25701 13573 1:0 27917
25714 13572 1:0 27917
25729 13574 1:0 27917
25730 13575 1:0 27917
25731 13564 1:0 27917
25780 298 1:0 28115
25780 14393 1:0 28134
25780 13710 1:0 28139
25790 13723 1:0 28224
25799 12106 21:0 25824
25800 13720 1:0 28139
25822 12105 0:0 25824
25822 12101 0:0 25824
25822 12102 0:0 25824
25822 12103 0:0 25824
25823 12104 0:0 25824
25825 13721 1:0 28138
25825 13722 1:0 28139
25825 13718 1:0 28139
25832 13812 1:0 28264
25832 13719 1:0 28138
25832 13813 1:0 28265
25960 12241 0:0 25984
25990 12247 0:0 25999
26010 12251 21:0 26045
26043 12248 0:0 26045
26043 12252 0:0 26045
26043 12249 0:0 26045
26044 12250 0:0 26045
26044 12253 0:0 26045
26181 12388 21:0 26238
26244 12399 21:0 26266
26265 12395 0:0 26266
26265 12397 0:0 26266
26265 12400 0:0 26266
26265 12387 0:0 26266
26265 12396 0:0 26266
26265 12398 0:0 26266
26431 12535 0:0 26441
26432 12541 0:0 26441
26435 12540 0:0 26443
26452 12545 21:0 26487
26485 12542 0:0 26487
26485 12543 0:0 26487
26485 12546 0:0 26487
26486 12544 0:0 26487
26486 12547 0:0 26487
26656 12687 0:0 26664
26663 12690 21:0 26708
26706 12689 0:0 26708
26706 12693 0:0 26708
26707 12692 0:0 26708
26707 12694 0:0 26708
26707 12688 0:0 26708
26707 12691 0:0 26708
26847 12828 21:0 26903
26904 12841 21:0 26929
26927 12840 0:0 26929
26927 12838 0:0 26929
26927 12839 0:0 26929
26927 12837 0:0 26929
26928 12829 0:0 26929
26928 12836 0:0 26929
27128 12987 21:0 27150
27148 12981 0:0 27150
27149 12983 0:0 27150
27149 12975 0:0 27150
27149 12984 0:0 27150
27149 12985 0:0 27150
27149 12988 0:0 27150
27149 12986 0:0 27150
27149 12976 0:0 27150
27149 12982 0:0 27150
27316 13129 0:0 27325
27329 13130 21:0 27371
27369 13134 0:0 27371
27369 13132 0:0 27371
27370 13131 0:0 27371
27370 13133 0:0 27371
27370 13135 0:0 27371
27537 13276 0:0 27546
27547 13278 21:0 27592
27590 13279 0:0 27592
27590 13277 0:0 27592
27590 13281 0:0 27592
27591 13282 0:0 27592
27591 13280 0:0 27592
27731 13416 0:0 27757
27761 13422 0:0 27769
27778 13427 21:0 27813
27811 13428 0:0 27813
27811 13424 0:0 27813
27812 13426 0:0 27813
27812 13429 0:0 27813
27812 13425 0:0 27813
27812 13417 0:0 27813
27812 13423 0:0 27813
27992 13571 21:0 28034
28032 13573 0:0 28034
28033 13575 0:0 28034
28033 13574 0:0 28034
28033 13564 0:0 28034
28033 13576 0:0 28034
28033 13572 0:0 28034
28033 13563 0:0 28034
28230 13723 21:0 123
