50 7779 0:0 52
50 7691 0:0 52
51 7687 0:0 52
51 7780 0:0 52
51 7692 0:0 52
51 7680 0:0 52
51 7688 0:0 56
51 7689 0:0 56
51 7679 0:0 56
106 7838 21:0 114
113 7840 0:0 114
114 7841 21:0 180
187 7872 21:0 204
258 7904 21:0 266
265 7905 0:0 266
265 7906 21:0 316
316 7907 0:0 332
334 7937 21:0 342
342 7940 21:0 408
410 7970 0:0 413
415 7972 21:0 432
491 8005 21:0 508
493 8004 0:0 494
508 8006 0:0 544
567 8038 0:0 570
570 8039 21:0 636
643 8070 21:0 660
645 8071 0:0 646
660 8072 0:0 696
719 8103 21:0 736
795 8136 0:0 798
795 8137 0:0 798
798 8138 21:0 864
871 8169 21:0 888
873 8170 0:0 874
942 8201 21:0 950
949 8202 0:0 950
950 8204 21:0 1016
1099 8268 21:0 1116
1323 8367 21:0 1331
1330 8368 0:0 1331
1330 8369 21:0 1376
1375 8370 0:0 1386
1399 8400 21:0 1407
1406 8402 0:0 1407
1406 8401 21:0 1457
1457 8403 0:0 1473
1475 8433 21:0 1483
1482 8435 0:0 1483
1482 8434 21:0 1533
1533 8436 0:0 1549
1551 8466 21:0 1559
1558 8468 0:0 1559
1558 8467 21:0 1609
1609 8469 0:0 1625
1627 8499 21:0 1635
1634 8501 0:0 1635
1634 8500 21:0 1685
1685 8502 0:0 1701
1703 8532 21:0 1711
1710 8533 0:0 1711
1710 8534 21:0 1761
1761 8535 0:0 1777
1779 8565 21:0 1787
1786 8567 0:0 1787
1786 8566 21:0 1837
1837 8568 0:0 1853
1855 8598 21:0 1863
1862 8600 0:0 1863
1862 8599 21:0 1913
1913 8601 0:0 1929
1931 8631 21:0 1939
1938 8632 0:0 1939
1938 8633 21:0 1989
1989 8634 0:0 2005
2007 8664 21:0 2015
2014 8665 0:0 2015
2014 8666 21:0 2065
2065 8667 0:0 2081
2083 8697 21:0 2091
2090 8698 0:0 2091
2090 8699 21:0 2141
2141 8700 0:0 2157
2159 8730 21:0 2167
2166 8732 0:0 2167
2166 8731 21:0 2217
2217 8733 0:0 2233
2235 8763 21:0 2243
2242 8764 0:0 2243
2242 8765 21:0 2293
2293 8766 0:0 2309
2311 8796 21:0 2319
2318 8797 0:0 2319
2318 8798 21:0 2369
2369 8799 0:0 2385
2387 8829 21:0 2395
2394 8830 0:0 2395
2394 8831 21:0 2445
2445 8832 0:0 2461
2484 8268 1:0 2725
2485 8204 1:0 2963
2493 8202 1:0 2969
2499 8201 1:0 2979
2606 8169 1:0 3091
2607 8170 1:0 3092
2607 8138 1:0 3207
2615 8136 1:0 3213
2621 8137 1:0 3214
2728 8103 1:0 3335
2729 8072 1:0 3451
2729 8070 1:0 3457
2737 8071 1:0 3458
2743 8039 1:0 3573
2850 8038 1:0 3580
2851 8006 1:0 3695
2851 8005 1:0 3702
2859 8004 1:0 3701
2865 7972 1:0 3824
2972 7970 1:0 3833
2973 7940 1:0 3939
2973 7937 1:0 3955
2981 7907 1:0 4061
2987 7906 1:0 4068
3094 7905 1:0 4067
3095 7904 1:0 4077
3095 7872 1:0 4189
3103 7841 1:0 4305
3109 7840 1:0 4312
3216 7838 1:0 4321
4493 9809 21:0 4501
4500 9810 0:0 4501
4500 9811 21:0 4551
4551 9812 0:0 4567
4569 9842 21:0 4577
4576 9843 0:0 4577
4576 9844 21:0 4627
4627 9845 0:0 4643
4645 9875 21:0 4653
4652 9876 0:0 4653
4652 9877 21:0 4703
4703 9878 0:0 4719
4721 9908 21:0 4729
4728 9909 0:0 4729
4728 9910 21:0 4779
4779 9911 0:0 4795
4797 9941 21:0 4805
4804 9942 0:0 4805
4804 9943 21:0 4855
4855 9944 0:0 4871
4873 9974 21:0 4881
4880 9975 0:0 4881
4880 9976 21:0 4931
4931 9977 0:0 4947
4949 10007 21:0 4957
4956 10009 0:0 4957
4956 10008 21:0 5007
5007 10010 0:0 5023
5025 10040 21:0 5033
5032 10042 0:0 5033
5032 10041 21:0 5083
5083 10043 0:0 5099
5101 10073 21:0 5109
5108 10074 0:0 5109
5108 10075 21:0 5159
5159 10076 0:0 5175
5177 10106 21:0 5185
5184 10108 0:0 5185
5184 10107 21:0 5235
5235 10109 0:0 5251
5253 10139 21:0 5261
5260 10140 0:0 5261
5260 10141 21:0 5311
5311 10142 0:0 5327
5329 10172 21:0 5337
5336 10174 0:0 5337
5336 10173 0:0 5337
5337 10175 21:0 5403
5405 10205 21:0 5413
5412 10206 0:0 5413
5412 10207 21:0 5463
5463 10208 0:0 5479
5481 10238 21:0 5489
5488 10239 0:0 5489
5488 10240 21:0 5539
5539 10241 0:0 5555
5557 10271 21:0 5565
5564 10272 0:0 5565
5564 10273 21:0 5615
5615 10274 0:0 5631
5655 8832 1:0 5776
5656 8830 1:0 5783
5656 8831 1:0 5784
5665 8829 1:0 5794
5665 8799 1:0 5907
5673 8798 1:0 5915
5704 8797 1:0 5914
5786 8796 1:0 5925
5787 8766 1:0 6038
5796 8764 1:0 6045
5796 8765 1:0 6046
5802 8763 1:0 6056
5807 8733 1:0 6169
5835 8731 1:0 6176
5917 8732 1:0 6177
5918 8730 1:0 6187
5927 8700 1:0 6300
5927 8699 1:0 6308
5933 8698 1:0 6307
5938 8697 1:0 6318
5966 8667 1:0 6431
6048 8666 1:0 6439
6049 8665 1:0 6438
6058 8664 1:0 6449
6058 8634 1:0 6562
6064 8633 1:0 6570
6084 8632 1:0 6569
6097 8631 1:0 6580
6179 8601 1:0 6693
6180 8599 1:0 6700
6189 8600 1:0 6701
6189 8598 1:0 6711
6197 8568 1:0 6824
6215 8566 1:0 6831
6310 8567 1:0 6832
6311 8565 1:0 6842
6311 8535 1:0 6955
6320 8533 1:0 6962
6320 8534 1:0 6963
6328 8532 1:0 6973
6347 8502 1:0 7086
6441 8500 1:0 7093
6442 8501 1:0 7094
6451 8499 1:0 7104
6451 8469 1:0 7217
6457 8467 1:0 7224
6461 8468 1:0 7225
6478 8466 1:0 7235
6572 8436 1:0 7348
6573 8434 1:0 7355
6582 8435 1:0 7356
6582 8433 1:0 7366
6588 8403 1:0 7479
6592 8401 1:0 7486
6621 8402 1:0 7487
6703 8400 1:0 7497
6704 8370 1:0 7610
6713 8368 1:0 7617
6713 8369 1:0 7618
6719 8367 1:0 7628
7808 11251 21:0 7816
7813 11252 0:0 7816
7815 11253 0:0 7816
7816 11254 21:0 7882
7884 11284 0:0 7887
7889 11285 21:0 7906
7891 11286 0:0 7892
7906 11287 0:0 7943
7960 11317 0:0 7963
7965 11318 21:0 7982
7967 11319 0:0 7968
7982 11320 0:0 8018
8036 11350 21:0 8044
8043 11352 0:0 8044
8043 11351 21:0 8094
8094 11353 0:0 8110
8112 11383 0:0 8115
8117 11385 21:0 8134
8119 11384 0:0 8120
8134 11386 0:0 8170
8188 11416 21:0 8196
8193 11418 0:0 8196
8193 11417 0:0 8196
8196 11419 21:0 8262
8264 11449 21:0 8272
8271 11451 0:0 8272
8271 11450 21:0 8322
8322 11452 0:0 8338
8340 11482 0:0 8343
8345 11484 21:0 8362
8347 11483 0:0 8348
8362 11485 0:0 8398
8416 11515 0:0 8419
8421 11517 21:0 8438
8423 11516 0:0 8424
8438 11518 0:0 8474
8492 11548 21:0 8500
8499 11550 0:0 8500
8499 11549 0:0 8500
8500 11551 21:0 8566
8568 11581 21:0 8576
8575 11583 0:0 8576
8575 11582 0:0 8576
8576 11584 21:0 8642
8644 11614 21:0 8652
8649 11615 0:0 8652
8651 11616 0:0 8652
8652 11617 21:0 8718
8720 11647 21:0 8728
8725 11648 0:0 8728
8725 11649 0:0 8728
8728 11650 21:0 8794
8796 11680 0:0 8799
8801 11682 21:0 8818
8803 11681 0:0 8804
8818 11683 0:0 8854
8872 11713 21:0 8880
8879 11714 0:0 8880
8880 11716 21:0 8946
8948 11746 21:0 8956
8970 10274 1:0 9091
8971 10272 1:0 9098
8971 10273 1:0 9099
8980 10271 1:0 9109
8980 10241 1:0 9222
8988 10240 1:0 9230
9019 10239 1:0 9229
9101 10238 1:0 9240
9102 10208 1:0 9353
9111 10206 1:0 9360
9111 10207 1:0 9361
9117 10205 1:0 9371
9122 10175 1:0 9484
9150 10173 1:0 9491
9232 10174 1:0 9492
9233 10172 1:0 9502
9242 10142 1:0 9615
9242 10141 1:0 9623
9248 10140 1:0 9622
9253 10139 1:0 9633
9281 10109 1:0 9746
9363 10107 1:0 9753
9364 10108 1:0 9754
9373 10106 1:0 9764
9373 10076 1:0 9877
9379 10075 1:0 9885
9399 10074 1:0 9884
9412 10073 1:0 9895
9494 10043 1:0 10008
9495 10041 1:0 10015
9504 10042 1:0 10016
9504 10040 1:0 10026
9512 10010 1:0 10139
9530 10008 1:0 10146
9625 10009 1:0 10147
9626 10007 1:0 10157
9626 9977 1:0 10270
9635 9975 1:0 10277
9635 9976 1:0 10278
9643 9974 1:0 10288
9662 9944 1:0 10401
9756 9943 1:0 10409
9757 9942 1:0 10408
9766 9941 1:0 10419
9766 9911 1:0 10532
9772 9910 1:0 10540
9776 9909 1:0 10539
9793 9908 1:0 10550
9887 9878 1:0 10663
9888 9877 1:0 10671
9897 9876 1:0 10670
9897 9875 1:0 10681
9903 9845 1:0 10794
9907 9844 1:0 10802
9936 9843 1:0 10801
10018 9842 1:0 10812
10019 9812 1:0 10925
10028 9810 1:0 10932
10028 9811 1:0 10933
10034 9809 1:0 10943
10039 11746 1:0 11076
10067 11716 1:0 11160
10149 5483 1:0 11160
10149 5482 1:0 11229
10150 5484 1:0 11239
10150 5485 1:0 11240
10150 5486 1:0 11249
10159 11714 1:0 11286
10159 5487 1:0 11250
10165 11713 1:0 11297
10170 11683 1:0 11312
10198 11682 1:0 11384
10280 5631 1:0 11384
10280 5629 1:0 11384
10281 5630 1:0 11385
10281 5634 1:0 11385
10290 11681 1:0 11507
10290 5632 1:0 11385
10290 5633 1:0 11470
10296 11680 1:0 11518
10316 11650 1:0 11605
10329 5778 1:0 11605
10329 5776 1:0 11605
10411 5777 1:0 11606
10411 5779 1:0 11606
10412 5780 1:0 11606
10412 5781 1:0 11692
10421 11648 1:0 11728
10421 11649 1:0 11729
10429 11647 1:0 11739
10447 11617 1:0 11823
10448 5916 1:0 11827
10448 5921 1:0 11882
10460 5923 1:0 11823
10542 5924 1:0 11893
10542 5925 1:0 11902
10543 5926 1:0 11903
10543 5927 1:0 11912
10552 11615 1:0 11949
10552 5928 1:0 11913
10558 11616 1:0 11950
10562 11614 1:0 11960
10591 11584 1:0 12047
10632 6072 1:0 12047
10673 6070 1:0 12047
10673 6071 1:0 12048
10674 6073 1:0 12048
10674 6074 1:0 12048
10683 11583 1:0 12171
10683 6075 1:0 12134
10689 11582 1:0 12170
10694 11581 1:0 12181
10722 11551 1:0 12268
10804 6219 1:0 12268
10804 6217 1:0 12268
10805 6220 1:0 12269
10805 6222 1:0 12269
10805 6218 1:0 12269
10814 11549 1:0 12391
10814 6221 1:0 12354
10820 11550 1:0 12392
10825 11548 1:0 12402
10853 11518 1:0 12416
10935 11517 1:0 12489
10936 6364 1:0 12489
10936 6366 1:0 12489
10945 6365 1:0 12490
10945 6368 1:0 12490
10945 6367 1:0 12490
10945 6369 1:0 12576
10951 11516 1:0 12612
10971 11515 1:0 12623
10984 11484 1:0 12707
11068 6511 1:0 12707
11068 6512 1:0 12707
11069 11485 1:0 12825
11069 6514 1:0 12787
11078 6510 1:0 12767
11078 6513 1:0 12786
11078 6515 1:0 12796
11078 6516 1:0 12797
11084 11483 1:0 12833
11105 11482 1:0 12844
11158 11450 1:0 12928
11171 6659 1:0 12928
11187 6658 1:0 12997
11237 11452 1:0 13046
11239 5482 21:0 11281
11247 6660 1:0 13007
11257 6661 1:0 13008
11279 5484 0:0 11281
11279 5483 0:0 11281
11280 5485 0:0 11281
11280 5486 0:0 11281
11280 5487 0:0 11281
11282 6662 1:0 13017
11282 6663 1:0 13018
11282 6805 1:0 13150
11289 11451 1:0 13055
11290 11449 1:0 13065
11299 11419 1:0 13149
11299 6806 1:0 13150
11299 6807 1:0 13228
11305 6808 1:0 13229
11305 6809 1:0 13238
11309 6810 1:0 13239
11338 11418 1:0 13276
11387 11417 1:0 13275
11408 11416 1:0 13286
11468 11386 1:0 13302
11478 6952 1:0 13373
11480 5633 21:0 11502
11501 5631 0:0 11502
11501 5634 0:0 11502
11501 5629 0:0 11502
11501 5630 0:0 11502
11501 5632 0:0 11502
11503 11385 1:0 13373
11503 6954 1:0 13373
11510 6953 1:0 13374
11510 6956 1:0 13374
11511 6955 1:0 13374
11511 6957 1:0 13460
11520 11384 1:0 13496
11520 11383 1:0 13507
11526 11351 1:0 13591
11528 7100 1:0 13591
11531 7099 1:0 13591
11547 7102 1:0 13671
11600 11353 1:0 13709
11613 7101 1:0 13670
11629 7103 1:0 13680
11630 7104 1:0 13681
11689 11352 1:0 13718
11698 5781 21:0 11723
11721 5779 0:0 11723
11721 5780 0:0 11723
11721 5776 0:0 11723
11721 5777 0:0 11723
11721 5778 0:0 11723
11724 11350 1:0 13728
11724 11318 1:0 13812
11731 7247 1:0 13812
11731 7246 1:0 13881
11732 11320 1:0 13931
11741 7248 1:0 13891
11741 7249 1:0 13892
11741 7250 1:0 13901
11741 7251 1:0 13902
11747 11319 1:0 13939
11767 11317 1:0 13949
11821 11287 1:0 13963
11849 11285 1:0 14036
11850 7393 1:0 14036
11850 7391 1:0 14038
11899 5924 21:0 11944
11900 7395 1:0 14036
11910 7396 1:0 14037
11920 7394 1:0 14037
11942 5925 0:0 11944
11942 5927 0:0 11944
11942 5923 0:0 11944
11943 5921 0:0 11944
11943 5928 0:0 11944
11943 5916 0:0 11944
11943 5926 0:0 11944
11945 7397 1:0 14037
11945 7398 1:0 14123
11952 11286 1:0 14160
11953 11284 1:0 14170
11953 11254 1:0 14254
11962 7540 1:0 14254
11962 7541 1:0 14254
11962 7542 1:0 14333
11962 7543 1:0 14334
11968 7544 1:0 14343
11970 7545 1:0 14344
11989 11252 1:0 14380
12042 11253 1:0 14381
12055 7688 1:0 14475
12071 11251 1:0 14391
12072 7679 1:0 14479
12121 7687 1:0 14475
12131 7690 1:0 14555
12140 6075 21:0 12165
12141 7779 1:0 14604
12141 7680 1:0 14479
12141 7780 1:0 14605
12163 6073 0:0 12165
12163 6074 0:0 12165
12163 6070 0:0 12165
12163 6072 0:0 12165
12163 6071 0:0 12165
12166 7689 1:0 14554
12166 7691 1:0 14564
12166 7692 1:0 14565
12364 6221 21:0 12386
12385 6217 0:0 12386
12385 6218 0:0 12386
12385 6222 0:0 12386
12385 6219 0:0 12386
12385 6220 0:0 12386
12582 6369 21:0 12607
12605 6367 0:0 12607
12605 6366 0:0 12607
12605 6368 0:0 12607
12605 6364 0:0 12607
12605 6365 0:0 12607
12793 6514 21:0 12828
12826 6511 0:0 12828
12826 6515 0:0 12828
12827 6512 0:0 12828
12827 6513 0:0 12828
12827 6516 0:0 12828
12827 6510 0:0 12828
13007 6658 21:0 13049
13047 6662 0:0 13049
13048 6660 0:0 13049
13048 6659 0:0 13049
13048 6661 0:0 13049
13048 6663 0:0 13049
13238 6807 21:0 13270
13268 6809 0:0 13270
13269 6805 0:0 13270
13269 6808 0:0 13270
13269 6810 0:0 13270
13269 6806 0:0 13270
13466 6957 21:0 13491
13489 6955 0:0 13491
13489 6953 0:0 13491
13489 6954 0:0 13491
13489 6952 0:0 13491
13489 6956 0:0 13491
13677 7102 21:0 13712
13710 7099 0:0 13712
13710 7100 0:0 13712
13711 7101 0:0 13712
13711 7103 0:0 13712
13711 7104 0:0 13712
13891 7246 21:0 13933
13932 7247 0:0 13933
13932 7251 0:0 13933
13932 7250 0:0 13933
13932 7249 0:0 13933
13932 7248 0:0 13933
14129 7398 21:0 14154
14152 7395 0:0 14154
14152 7393 0:0 14154
14152 7396 0:0 14154
14152 7394 0:0 14154
14152 7397 0:0 14154
14153 7391 0:0 14154
14343 7542 21:0 14375
14373 7544 0:0 14375
14374 7540 0:0 14375
14374 7541 0:0 14375
14374 7543 0:0 14375
14374 7545 0:0 14375
14561 7690 21:0 52
