87 13479 0:0 88
87 13482 0:0 88
87 13484 0:0 88
87 13478 0:0 88
91 13481 0:0 119
95 13480 0:0 124
123 13571 0:0 124
123 13572 0:0 124
147 13648 21:0 164
164 13649 0:0 200
218 13679 21:0 226
225 13681 0:0 226
226 13682 21:0 292
299 13714 21:0 316
301 13713 0:0 302
370 13745 0:0 373
375 13747 21:0 392
377 13746 0:0 378
451 13780 21:0 468
522 13811 0:0 525
527 13812 21:0 544
529 13813 0:0 530
603 13845 21:0 620
620 13847 0:0 656
674 13877 0:0 677
679 13878 21:0 696
755 13911 21:0 772
757 13912 0:0 758
826 13943 21:0 834
833 13944 0:0 834
834 13946 21:0 900
910 13979 21:0 976
978 14009 0:0 981
983 14010 21:0 1000
1059 14044 21:0 1076
1135 14077 21:0 1152
1359 14175 21:0 1367
1366 14176 0:0 1367
1366 14177 21:0 1415
1415 14178 0:0 1422
1435 14208 21:0 1443
1442 14210 0:0 1443
1442 14209 21:0 1493
1493 14211 0:0 1509
1511 14241 21:0 1519
1518 14243 0:0 1519
1518 14242 21:0 1569
1569 14244 0:0 1585
1587 14274 21:0 1595
1594 14275 0:0 1595
1594 14276 21:0 1645
1645 14277 0:0 1661
1663 14307 21:0 1671
1670 14308 0:0 1671
1670 14309 0:0 1671
1671 14310 21:0 1737
1739 14340 21:0 1747
1746 14342 0:0 1747
1746 14341 21:0 1797
1797 14343 0:0 1813
1815 14373 21:0 1823
1822 14374 0:0 1823
1822 14375 21:0 1873
1873 14376 0:0 1889
1891 14406 21:0 1899
1898 14407 0:0 1899
1898 14408 21:0 1949
1949 14409 0:0 1965
1967 14439 21:0 1975
1974 14441 0:0 1975
1974 14440 21:0 2025
2025 14442 0:0 2041
2043 14472 21:0 2051
2050 14473 0:0 2051
2050 14474 21:0 2101
2101 14475 0:0 2117
2119 14505 21:0 2127
2126 14506 0:0 2127
2126 14507 21:0 2177
2177 14508 0:0 2193
2195 14538 21:0 2203
2202 14539 0:0 2203
2202 14540 21:0 2253
2253 14541 0:0 2269
2271 14571 21:0 2279
2278 14572 0:0 2279
2278 14573 21:0 2329
2329 14574 0:0 2345
2347 14604 21:0 2355
2354 14605 0:0 2355
2354 14606 21:0 2405
2405 14607 0:0 2421
2423 14637 21:0 2431
2430 14639 0:0 2431
2430 14638 21:0 2481
2520 14077 1:0 2762
2521 14044 1:0 2884
2529 14010 1:0 3005
2529 14009 1:0 3015
2546 304 21:0 2560
2553 13979 1:0 3121
2642 13946 1:0 3243
2643 13944 1:0 3249
2651 13943 1:0 3259
2651 13911 1:0 3371
2661 13912 1:0 3372
2764 13878 1:0 3493
2765 13877 1:0 3503
2773 13847 1:0 3609
2773 13845 1:0 3615
2783 13812 1:0 3737
2886 13813 1:0 3738
2887 13811 1:0 3747
2895 13780 1:0 3860
2895 13747 1:0 3982
2905 13746 1:0 3981
3008 13745 1:0 3991
3009 13714 1:0 4104
3017 13713 1:0 4103
3017 13682 1:0 4219
3027 13681 1:0 4226
3041 305 1:0 5679
3130 13679 1:0 4235
3131 13649 1:0 4341
3139 13648 1:0 4348
3145 14638 1:0 5819
3163 14639 1:0 5820
4529 15617 21:0 4537
4536 15618 0:0 4537
4536 15619 21:0 4587
4587 15620 0:0 4603
4605 15650 21:0 4613
4612 15651 0:0 4613
4612 15652 21:0 4663
4663 15653 0:0 4679
4681 15683 21:0 4689
4688 15685 0:0 4689
4688 15684 21:0 4739
4739 15686 0:0 4755
4757 15716 21:0 4765
4764 15717 0:0 4765
4764 15718 21:0 4815
4815 15719 0:0 4831
4833 15749 21:0 4841
4840 15750 0:0 4841
4840 15751 21:0 4891
4891 15752 0:0 4907
4909 15782 21:0 4917
4916 15784 0:0 4917
4916 15783 21:0 4967
4967 15785 0:0 4983
4985 15815 21:0 4993
4992 15816 0:0 4993
4992 15817 21:0 5043
5043 15818 0:0 5059
5061 15848 21:0 5069
5068 15849 0:0 5069
5068 15850 21:0 5119
5119 15851 0:0 5135
5137 15881 21:0 5145
5144 15882 0:0 5145
5144 15883 21:0 5195
5195 15884 0:0 5211
5213 15914 21:0 5221
5220 15915 0:0 5221
5220 15916 21:0 5271
5271 15917 0:0 5287
5289 15947 21:0 5297
5296 15949 0:0 5297
5296 15948 21:0 5347
5347 15950 0:0 5363
5365 15980 21:0 5373
5372 15981 0:0 5373
5372 15982 21:0 5423
5423 15983 0:0 5439
5441 16013 0:0 5444
5446 16015 21:0 5463
5448 16014 0:0 5449
5463 16016 0:0 5499
5517 16046 0:0 5520
5522 16048 21:0 5539
5524 16047 0:0 5525
5539 16049 0:0 5575
5593 16079 21:0 5601
5600 16080 21:0 5651
5651 16082 0:0 5667
5691 14637 1:0 5830
5692 14607 1:0 5943
5701 14605 1:0 5950
5701 14606 1:0 5951
5709 14604 1:0 5961
5720 305 21:0 5734
5728 14574 1:0 6074
5822 14573 1:0 6082
5823 14572 1:0 6081
5823 14571 1:0 6092
5832 14541 1:0 6205
5832 14540 1:0 6213
5840 14539 1:0 6212
5859 14538 1:0 6223
5953 14508 1:0 6336
5954 14507 1:0 6344
5963 14506 1:0 6343
5963 14505 1:0 6354
5969 14475 1:0 6467
5973 14474 1:0 6475
5990 14473 1:0 6474
6084 14472 1:0 6485
6085 14442 1:0 6598
6094 14440 1:0 6605
6094 14441 1:0 6606
6100 14439 1:0 6616
6104 14409 1:0 6729
6133 14408 1:0 6737
6215 14407 1:0 6736
6216 14406 1:0 6747
6225 14376 1:0 6860
6225 14375 1:0 6868
6231 14374 1:0 6867
6236 14373 1:0 6878
6264 14343 1:0 6991
6346 14341 1:0 6998
6347 14342 1:0 6999
6356 14340 1:0 7009
6356 14310 1:0 7122
6362 14309 1:0 7130
6367 14308 1:0 7129
6395 14307 1:0 7140
6477 14277 1:0 7253
6478 14276 1:0 7261
6487 14275 1:0 7260
6487 14274 1:0 7271
6493 14244 1:0 7384
6513 14242 1:0 7391
6526 14243 1:0 7392
6608 14241 1:0 7402
6609 14211 1:0 7515
6618 14209 1:0 7522
6618 14210 1:0 7523
6626 14208 1:0 7533
6644 14178 1:0 7646
6739 14177 1:0 7654
6740 14176 1:0 7653
6740 14175 1:0 7664
6749 306 1:0 8994
7844 17059 21:0 7852
7851 17061 0:0 7852
7851 17060 21:0 7902
7902 17062 0:0 7918
7920 17092 21:0 7928
7927 17094 0:0 7928
7927 17093 21:0 7978
7978 17095 0:0 7994
7996 17125 21:0 8004
8003 17127 0:0 8004
8003 17126 21:0 8054
8054 17128 0:0 8070
8072 17158 21:0 8080
8079 17160 0:0 8080
8079 17159 21:0 8130
8130 17161 0:0 8146
8148 17191 21:0 8156
8155 17192 0:0 8156
8155 17193 21:0 8206
8206 17194 0:0 8222
8224 17224 21:0 8232
8231 17226 0:0 8232
8231 17225 21:0 8282
8282 17227 0:0 8298
8300 17257 21:0 8308
8307 17259 0:0 8308
8307 17258 21:0 8358
8358 17260 0:0 8374
8376 17290 21:0 8384
8383 17292 0:0 8384
8383 17291 21:0 8434
8434 17293 0:0 8450
8452 17323 21:0 8460
8459 17325 0:0 8460
8459 17324 21:0 8510
8510 17326 0:0 8526
8528 17356 21:0 8536
8535 17357 0:0 8536
8535 17358 21:0 8586
8586 17359 0:0 8602
8604 17389 21:0 8612
8611 17390 0:0 8612
8611 17391 21:0 8662
8662 17392 0:0 8678
8680 17422 21:0 8688
8687 17424 0:0 8688
8687 17423 21:0 8738
8738 17425 0:0 8754
8756 17455 21:0 8764
8763 17457 0:0 8764
8763 17456 21:0 8814
8814 17458 0:0 8830
8832 17488 21:0 8840
8839 17490 0:0 8840
8839 17489 21:0 8890
8890 17491 0:0 8906
8908 17521 21:0 8916
9006 16082 1:0 9127
9007 16080 1:0 9134
9016 16079 1:0 9145
9016 16049 1:0 9258
9024 16048 1:0 9266
9035 306 21:0 9049
9043 16047 1:0 9265
9137 16046 1:0 9276
9138 16016 1:0 9389
9138 16015 1:0 9397
9147 16014 1:0 9396
9147 16013 1:0 9407
9155 15983 1:0 9520
9174 15982 1:0 9528
9268 15981 1:0 9527
9269 15980 1:0 9538
9278 15950 1:0 9651
9278 15948 1:0 9658
9284 15949 1:0 9659
9288 15947 1:0 9669
9305 15917 1:0 9782
9399 15916 1:0 9790
9400 15915 1:0 9789
9409 15914 1:0 9800
9409 15884 1:0 9913
9415 15883 1:0 9921
9419 15882 1:0 9920
9448 15881 1:0 9931
9530 15851 1:0 10044
9531 15850 1:0 10052
9540 15849 1:0 10051
9540 15848 1:0 10062
9546 15818 1:0 10175
9551 15817 1:0 10183
9579 15816 1:0 10182
9661 15815 1:0 10193
9662 15785 1:0 10306
9671 15783 1:0 10313
9671 15784 1:0 10314
9677 15782 1:0 10324
9682 15752 1:0 10437
9710 15751 1:0 10445
9792 15750 1:0 10444
9793 15749 1:0 10455
9802 15719 1:0 10568
9802 15718 1:0 10576
9808 15717 1:0 10575
9828 15716 1:0 10586
9841 15686 1:0 10699
9923 15684 1:0 10706
9924 15685 1:0 10707
9933 15683 1:0 10717
9933 15653 1:0 10830
9941 15652 1:0 10838
9959 15651 1:0 10837
10054 15650 1:0 10848
10055 15620 1:0 10961
10055 15619 1:0 10969
10064 15618 1:0 10968
10064 15617 1:0 10979
10070 307 1:0 12309
10074 17521 1:0 12460
11159 18501 21:0 11167
11166 18502 0:0 11167
11166 18503 21:0 11217
11217 18504 0:0 11233
11235 18534 21:0 11243
11242 18535 0:0 11243
11242 18536 21:0 11293
11293 18537 0:0 11309
11311 18567 21:0 11319
11318 18568 0:0 11319
11318 18569 21:0 11369
11369 18570 0:0 11385
11387 18600 21:0 11395
11394 18602 0:0 11395
11394 18601 21:0 11445
11445 18603 0:0 11461
11463 18633 21:0 11471
11470 18634 0:0 11471
11470 18635 21:0 11521
11521 18636 0:0 11537
11539 18666 21:0 11547
11546 18667 0:0 11547
11546 18668 21:0 11597
11597 18669 0:0 11613
11615 18699 21:0 11623
11622 18701 0:0 11623
11622 18700 21:0 11673
11673 18702 0:0 11689
11691 18732 21:0 11699
11698 18733 0:0 11699
11698 18734 21:0 11749
11749 18735 0:0 11765
11767 18765 21:0 11775
11774 18767 0:0 11775
11774 18766 21:0 11825
11825 18768 0:0 11841
11843 18798 21:0 11851
11850 18800 0:0 11851
11850 18799 0:0 11851
11851 18801 21:0 11917
11919 18831 21:0 11927
11926 18833 0:0 11927
11926 18832 21:0 11977
11977 18834 0:0 11993
11995 18864 21:0 12003
12002 18866 0:0 12003
12002 18865 21:0 12053
12053 18867 0:0 12069
12071 18897 21:0 12079
12078 18898 0:0 12079
12078 18899 21:0 12129
12129 18900 0:0 12145
12147 18930 21:0 12155
12152 18931 0:0 12155
12154 18932 0:0 12155
12155 18933 21:0 12221
12223 18963 21:0 12231
12230 18964 0:0 12231
12230 18965 21:0 12281
12281 18966 0:0 12297
12321 17491 1:0 12573
12322 17489 1:0 12580
12331 17490 1:0 12581
12331 17488 1:0 12591
12339 17458 1:0 12704
12350 307 21:0 12364
12358 17456 1:0 12711
12452 17457 1:0 12712
12453 17455 1:0 12722
12453 17425 1:0 12835
12462 17423 1:0 12842
12462 17424 1:0 12843
12470 17422 1:0 12853
12489 17392 1:0 12966
12583 17391 1:0 12974
12584 17390 1:0 12973
12593 17389 1:0 12984
12593 17359 1:0 13097
12599 17358 1:0 13105
12603 17357 1:0 13104
12620 17356 1:0 13115
12714 17326 1:0 13228
12715 17324 1:0 13235
12724 17325 1:0 13236
12724 17323 1:0 13246
12730 17293 1:0 13359
12734 17291 1:0 13366
12763 17292 1:0 13367
12845 17290 1:0 13377
12846 17260 1:0 13490
12855 17258 1:0 13497
12855 17259 1:0 13498
12861 17257 1:0 13508
12866 17227 1:0 13621
12894 17225 1:0 13628
12976 17226 1:0 13629
12977 17224 1:0 13639
12986 17194 1:0 13752
12986 17193 1:0 13760
12992 17192 1:0 13759
12997 17191 1:0 13770
13025 17161 1:0 13883
13107 17159 1:0 13890
13108 17160 1:0 13891
13117 17158 1:0 13901
13117 17128 1:0 14014
13123 17126 1:0 14021
13143 17127 1:0 14022
13156 17125 1:0 14032
13238 17095 1:0 14145
13239 17093 1:0 14152
13248 17094 1:0 14153
13248 17092 1:0 14163
13256 17062 1:0 14276
13274 17060 1:0 14283
13275 308 1:0 15624
13369 17061 1:0 14284
13370 17059 1:0 14294
13379 18966 1:0 15757
14474 19943 21:0 14482
14481 19945 0:0 14482
14481 19944 21:0 14532
14532 19946 0:0 14548
14550 19976 21:0 14558
14557 19978 0:0 14558
14557 19977 21:0 14608
14608 19979 0:0 14624
14626 20009 21:0 14634
14633 20010 0:0 14634
14633 20011 21:0 14684
14684 20012 0:0 14700
14702 20042 21:0 14710
14709 20043 0:0 14710
14709 20044 21:0 14760
14760 20045 0:0 14776
14778 20075 21:0 14786
14785 20076 0:0 14786
14785 20077 21:0 14836
14836 20078 0:0 14852
14854 20108 21:0 14862
14861 20109 0:0 14862
14861 20110 21:0 14912
14912 20111 0:0 14928
14930 20141 21:0 14938
14937 20143 0:0 14938
14937 20142 21:0 14988
14988 20144 0:0 15004
15006 20174 21:0 15014
15013 20176 0:0 15014
15013 20175 21:0 15064
15064 20177 0:0 15080
15082 20207 21:0 15090
15089 20208 0:0 15090
15089 20209 21:0 15140
15140 20210 0:0 15156
15158 20240 21:0 15166
15165 20241 0:0 15166
15165 20242 21:0 15216
15216 20243 0:0 15232
15234 20273 21:0 15242
15241 20274 0:0 15242
15241 20275 21:0 15292
15292 20276 0:0 15308
15310 20306 21:0 15318
15317 20308 0:0 15318
15317 20307 21:0 15368
15368 20309 0:0 15384
15386 20339 21:0 15394
15393 20340 0:0 15394
15393 20341 21:0 15444
15444 20342 0:0 15460
15462 20372 0:0 15465
15467 20374 21:0 15484
15469 20373 0:0 15470
15484 20375 0:0 15520
15538 20405 21:0 15546
15636 18965 1:0 15765
15637 18964 1:0 15764
15646 18963 1:0 15775
15646 18933 1:0 15888
15654 18932 1:0 15896
15665 308 21:0 15679
15673 18931 1:0 15895
15767 18930 1:0 15906
15768 18900 1:0 16019
15768 18899 1:0 16027
15777 18898 1:0 16026
15777 18897 1:0 16037
15785 18867 1:0 16150
15804 18865 1:0 16157
15898 18866 1:0 16158
15899 18864 1:0 16168
15908 18834 1:0 16281
15908 18832 1:0 16288
15914 18833 1:0 16289
15918 18831 1:0 16299
15935 18801 1:0 16412
16029 18800 1:0 16420
16030 18799 1:0 16419
16039 18798 1:0 16430
16039 18768 1:0 16543
16045 18766 1:0 16550
16049 18767 1:0 16551
16078 18765 1:0 16561
16160 18735 1:0 16674
16161 18734 1:0 16682
16170 18733 1:0 16681
16170 18732 1:0 16692
16176 18702 1:0 16805
16181 18700 1:0 16812
16209 18701 1:0 16813
16291 18699 1:0 16823
16292 18669 1:0 16936
16301 18667 1:0 16943
16301 18668 1:0 16944
16307 18666 1:0 16954
16312 18636 1:0 17067
16340 18635 1:0 17075
16422 18634 1:0 17074
16423 18633 1:0 17085
16432 18603 1:0 17198
16432 18601 1:0 17205
16438 18602 1:0 17206
16458 18600 1:0 17216
16471 18570 1:0 17329
16553 18569 1:0 17337
16554 18568 1:0 17336
16563 18567 1:0 17347
16563 18537 1:0 17460
16571 18536 1:0 17468
16589 18535 1:0 17467
16684 18534 1:0 17478
16685 18504 1:0 17591
16685 18503 1:0 17599
16694 18502 1:0 17598
16694 18501 1:0 17609
16700 309 1:0 18939
16704 20405 1:0 19090
16733 20375 1:0 19203
17789 21385 21:0 17797
17796 21387 0:0 17797
17796 21386 21:0 17847
17847 21388 0:0 17863
17865 21418 21:0 17873
17872 21420 0:0 17873
17872 21419 21:0 17923
17923 21421 0:0 17939
17941 21451 21:0 17949
17948 21453 0:0 17949
17948 21452 21:0 17999
17999 21454 0:0 18015
18017 21484 21:0 18025
18024 21486 0:0 18025
18024 21485 21:0 18075
18075 21487 0:0 18091
18093 21517 21:0 18101
18100 21518 0:0 18101
18100 21519 21:0 18151
18151 21520 0:0 18167
18169 21550 21:0 18177
18176 21551 0:0 18177
18176 21552 21:0 18227
18227 21553 0:0 18243
18245 21583 21:0 18253
18252 21584 0:0 18253
18252 21585 21:0 18303
18303 21586 0:0 18319
18321 21616 21:0 18329
18328 21617 0:0 18329
18328 21618 21:0 18379
18379 21619 0:0 18395
18397 21649 21:0 18405
18404 21651 0:0 18405
18404 21650 0:0 18405
18405 21652 21:0 18471
18473 21682 21:0 18481
18480 21683 0:0 18481
18480 21684 21:0 18531
18531 21685 0:0 18547
18549 21715 21:0 18557
18556 21717 0:0 18557
18556 21716 21:0 18607
18607 21718 0:0 18623
18625 21748 21:0 18633
18632 21750 0:0 18633
18632 21749 21:0 18683
18683 21751 0:0 18699
18701 21781 21:0 18709
18708 21783 0:0 18709
18708 21782 21:0 18759
18759 21784 0:0 18775
18777 21814 21:0 18785
18784 21815 0:0 18785
18784 21816 21:0 18835
18835 21817 0:0 18851
18853 21847 21:0 18861
18860 21849 0:0 18861
18860 21848 21:0 18911
18911 21850 0:0 18927
18929 21880 21:0 18937
18951 20374 1:0 19211
18952 20373 1:0 19210
18961 20372 1:0 19221
18961 20342 1:0 19334
18969 20341 1:0 19342
18980 309 21:0 18994
18988 20340 1:0 19341
19082 20339 1:0 19352
19083 20309 1:0 19465
19083 20307 1:0 19472
19092 20308 1:0 19473
19092 20306 1:0 19483
19100 20276 1:0 19596
19119 20275 1:0 19604
19213 20274 1:0 19603
19214 20273 1:0 19614
19223 20243 1:0 19727
19223 20242 1:0 19735
19229 20241 1:0 19734
19233 20240 1:0 19745
19250 20210 1:0 19858
19344 20209 1:0 19866
19345 20208 1:0 19865
19354 20207 1:0 19876
19354 20177 1:0 19989
19360 20175 1:0 19996
19364 20176 1:0 19997
19393 20174 1:0 20007
19475 20144 1:0 20120
19476 20142 1:0 20127
19485 20143 1:0 20128
19485 20141 1:0 20138
19491 20111 1:0 20251
19496 20110 1:0 20259
19524 20109 1:0 20258
19606 20108 1:0 20269
19607 20078 1:0 20382
19616 20076 1:0 20389
19616 20077 1:0 20390
19622 20075 1:0 20400
19627 20045 1:0 20513
19655 20044 1:0 20521
19737 20043 1:0 20520
19738 20042 1:0 20531
19747 20012 1:0 20644
19747 20011 1:0 20652
19753 20010 1:0 20651
19773 20009 1:0 20662
19786 19979 1:0 20775
19868 19977 1:0 20782
19869 19978 1:0 20783
19878 19976 1:0 20793
19878 19946 1:0 20906
19886 19944 1:0 20913
19904 19945 1:0 20914
19905 310 1:0 22254
19999 19943 1:0 20924
21104 22827 21:0 21112
21111 22828 0:0 21112
21111 22829 21:0 21162
21162 22830 0:0 21178
21180 22860 21:0 21188
21187 22861 0:0 21188
21187 22862 21:0 21238
21238 22863 0:0 21254
21256 22893 0:0 21259
21261 22894 21:0 21278
21263 22895 0:0 21264
21278 22896 0:0 21314
21332 22926 21:0 21340
21339 22927 0:0 21340
21339 22928 0:0 21340
21340 22929 21:0 21406
21408 22959 0:0 21411
21413 22960 21:0 21430
21415 22961 0:0 21416
21430 22962 0:0 21466
21484 22992 21:0 21492
21491 22994 0:0 21492
21491 22993 21:0 21542
21542 22995 0:0 21558
21560 23025 0:0 21563
21565 23027 21:0 21582
21567 23026 0:0 21568
21582 23028 0:0 21618
21636 23058 21:0 21644
21641 23059 0:0 21644
21643 23060 0:0 21644
21644 23061 21:0 21710
21712 23091 0:0 21715
21717 23093 21:0 21734
21719 23092 0:0 21720
21734 23094 0:0 21770
21788 23124 0:0 21791
21793 23126 21:0 21810
21795 23125 0:0 21796
21810 23127 0:0 21846
21864 23157 0:0 21867
21869 23158 21:0 21886
21871 23159 0:0 21872
21886 23160 0:0 21922
21940 23190 0:0 21943
21945 23192 21:0 21962
21947 23191 0:0 21948
21962 23193 0:0 21998
22016 23223 21:0 22024
22023 23225 0:0 22024
22023 23224 21:0 22074
22092 23256 21:0 22100
22099 23257 0:0 22100
22099 23258 21:0 22150
22150 23259 0:0 22166
22266 304 1:0 2509
22267 21880 1:0 22274
22276 21850 1:0 22387
22276 21848 1:0 22394
22282 21849 1:0 22395
22286 21847 1:0 22405
22295 310 21:0 22309
22310 21817 1:0 22518
22397 21816 1:0 22526
22398 21815 1:0 22525
22407 21814 1:0 22536
22407 21784 1:0 22649
22413 21782 1:0 22656
22417 21783 1:0 22657
22446 21781 1:0 22667
22528 21751 1:0 22780
22529 21749 1:0 22787
22538 21750 1:0 22788
22538 21748 1:0 22798
22544 21718 1:0 22911
22549 21716 1:0 22918
22577 21717 1:0 22919
22659 21715 1:0 22929
22660 21685 1:0 23042
22669 21683 1:0 23049
22669 21684 1:0 23050
22675 21682 1:0 23060
22680 21652 1:0 23173
22708 21650 1:0 23180
22790 21651 1:0 23181
22791 21649 1:0 23191
22800 21619 1:0 23304
22800 21618 1:0 23312
22806 21617 1:0 23311
22826 21616 1:0 23322
22839 21586 1:0 23435
22921 21585 1:0 23443
22922 21584 1:0 23442
22931 21583 1:0 23453
22931 21553 1:0 23566
22939 21552 1:0 23574
22957 21551 1:0 23573
23052 21550 1:0 23584
23053 21520 1:0 23697
23053 21519 1:0 23705
23062 21518 1:0 23704
23062 21517 1:0 23715
23070 21487 1:0 23828
23089 21485 1:0 23835
23183 21486 1:0 23836
23184 21484 1:0 23846
23193 21454 1:0 23959
23193 21452 1:0 23966
23199 21453 1:0 23967
23203 21451 1:0 23977
23220 21421 1:0 24090
23314 21419 1:0 24097
23315 21420 1:0 24098
23324 21418 1:0 24108
23324 21388 1:0 24221
23330 21386 1:0 24228
23334 21387 1:0 24229
23335 311 1:0 24352
23363 21385 1:0 24239
23445 11276 1:0 24459
23445 11274 1:0 24459
23446 11278 1:0 24459
23446 11277 1:0 24460
23455 23259 1:0 24609
23455 11275 1:0 24460
23455 11279 1:0 24546
23461 23258 1:0 24680
23465 11421 1:0 24680
23481 11423 1:0 24680
23494 11424 1:0 24681
23494 11422 1:0 24681
23576 11426 1:0 24681
23576 11425 1:0 24766
23577 23257 1:0 24803
23586 23256 1:0 24814
23586 23224 1:0 24901
23592 11570 1:0 24901
23594 11568 1:0 24901
23597 11571 1:0 24902
23612 11569 1:0 24902
23625 11572 1:0 24902
23707 11573 1:0 24988
23708 23225 1:0 25025
23708 23223 1:0 25035
23717 23192 1:0 25119
23717 11716 1:0 25119
23717 11715 1:0 25188
23725 23193 1:0 25237
23728 11717 1:0 25198
23743 11713 1:0 25178
23744 11718 1:0 25199
23756 11719 1:0 25208
23838 11720 1:0 25209
23838 11863 1:0 25340
23839 23191 1:0 25245
23848 23190 1:0 25256
23848 23158 1:0 25340
23854 11862 1:0 25409
23858 23160 1:0 25458
23874 11864 1:0 25419
23887 11865 1:0 25420
23928 11866 1:0 25429
23969 11867 1:0 25430
23969 12001 1:0 25564
23970 23159 1:0 25467
23979 23157 1:0 25477
23979 23126 1:0 25561
23985 23127 1:0 25561
23987 12011 1:0 25564
23990 12009 1:0 25564
24005 12002 1:0 25565
24006 12012 1:0 25565
24018 12014 1:0 25565
24100 12010 1:0 25565
24100 12013 1:0 25650
24101 23125 1:0 25687
24110 23124 1:0 25698
24110 23093 1:0 25782
24116 12157 1:0 25782
24116 12156 1:0 25782
24120 12159 1:0 25862
24121 12154 1:0 25841
24121 12155 1:0 25842
24149 23094 1:0 25900
24231 12158 1:0 25861
24231 12160 1:0 25871
24232 12161 1:0 25872
24232 12307 1:0 26010
24241 23092 1:0 25908
24241 23091 1:0 25919
24247 23061 1:0 25996
24251 12304 1:0 26010
24252 12301 1:0 26010
24267 12305 1:0 26010
24268 12302 1:0 26063
24280 12306 1:0 26010
24321 12303 1:0 26010
24364 12308 1:0 26093
24365 23059 1:0 26129
24374 23060 1:0 26130
24374 23058 1:0 26140
24380 23027 1:0 26224
24393 311 21:0 24407
24400 23028 1:0 26224
24401 12452 1:0 26224
24413 12454 1:0 26224
24454 12450 1:0 26224
24467 12455 1:0 26224
24482 12453 1:0 26224
24483 12451 1:0 26294
24484 12442 1:0 26228
24533 12448 1:0 26283
24533 12449 1:0 26284
24533 12590 1:0 26449
24552 11279 21:0 24577
24553 23026 1:0 26350
24575 11276 0:0 24577
24575 11275 0:0 24577
24575 11274 0:0 24577
24575 11278 0:0 24577
24575 11277 0:0 24577
24578 23025 1:0 26361
24578 12597 1:0 26445
24585 22993 1:0 26445
24586 12598 1:0 26515
24586 12599 1:0 26524
24595 22995 1:0 26563
24595 12600 1:0 26525
24595 12601 1:0 26534
24601 12602 1:0 26535
24605 22994 1:0 26572
24634 22992 1:0 26582
24683 22960 1:0 26666
24688 12737 1:0 26670
24703 12745 1:0 26666
24704 12744 1:0 26735
24705 12743 1:0 26726
24764 22962 1:0 26784
24774 12746 1:0 26745
24776 11425 21:0 24798
24797 11424 0:0 24798
24797 11423 0:0 24798
24797 11421 0:0 24798
24797 11422 0:0 24798
24797 11426 0:0 24798
24799 12747 1:0 26746
24799 12748 1:0 26755
24799 12749 1:0 26756
24806 22961 1:0 26793
24807 22959 1:0 26803
24816 22929 1:0 26887
24816 12891 1:0 26887
24816 12892 1:0 26887
24822 12893 1:0 26966
24822 12894 1:0 26967
24826 12895 1:0 26976
24842 12896 1:0 26977
24896 22928 1:0 27014
24924 22927 1:0 27013
24925 13031 1:0 27112
24925 13036 1:0 27167
24975 22926 1:0 27024
24994 11573 21:0 25019
24995 22894 1:0 27108
25017 11571 0:0 25019
25017 11568 0:0 25019
25017 11570 0:0 25019
25017 11569 0:0 25019
25017 11572 0:0 25019
25020 13038 1:0 27108
25020 13039 1:0 27178
25020 13040 1:0 27187
25027 22896 1:0 27226
25028 13041 1:0 27188
25028 13042 1:0 27197
25037 22895 1:0 27235
25037 13043 1:0 27198
25043 22893 1:0 27245
25048 22862 1:0 27288
25063 13189 1:0 27332
25064 13177 1:0 27358
25076 13185 1:0 27398
25117 13186 1:0 27399
25146 22863 1:0 27448
25147 13187 1:0 27408
25196 13188 1:0 27409
25198 11715 21:0 25240
25206 13184 1:0 27389
25216 13190 1:0 27419
25238 11719 0:0 25240
25239 11713 0:0 25240
25239 11717 0:0 25240
25239 11716 0:0 25240
25239 11718 0:0 25240
25239 11720 0:0 25240
25241 22861 1:0 27455
25241 22860 1:0 27466
25248 22829 1:0 27543
25249 22830 1:0 27543
25249 13331 1:0 27555
25249 13330 1:0 27609
25258 13332 1:0 27555
25258 13333 1:0 27555
25258 13336 1:0 27555
25258 13335 1:0 27555
25264 13334 1:0 27555
25266 13337 1:0 27640
25285 22828 1:0 27676
25338 22827 1:0 27687
25351 13483 1:0 27774
25366 13471 1:0 27800
25366 13472 1:0 27801
25367 13479 1:0 27840
25367 13572 1:0 27901
25368 13478 1:0 27831
25417 13480 1:0 27841
25419 11862 21:0 25461
25427 13481 1:0 27850
25437 13482 1:0 27851
25459 11866 0:0 25461
25460 11863 0:0 25461
25460 11865 0:0 25461
25460 11867 0:0 25461
25460 11864 0:0 25461
25462 13571 1:0 27900
25462 13484 1:0 27851
25600 12001 21:0 25644
25643 12002 0:0 25651
25660 12013 21:0 25682
25681 12010 0:0 25682
25681 12009 0:0 25682
25681 12011 0:0 25682
25681 12012 0:0 25682
25681 12014 0:0 25682
25868 12159 21:0 25903
25901 12160 0:0 25903
25901 12158 0:0 25903
25902 12161 0:0 25903
25902 12156 0:0 25903
25902 12155 0:0 25903
25902 12154 0:0 25903
25902 12157 0:0 25903
26069 12302 21:0 26094
26102 12307 21:0 26124
26123 12305 0:0 26124
26123 12303 0:0 26124
26123 12308 0:0 26124
26123 12304 0:0 26124
26123 12306 0:0 26124
26123 12301 0:0 26124
26290 12449 0:0 26300
26300 12451 21:0 26345
26343 12442 0:0 26345
26343 12450 0:0 26345
26343 12454 0:0 26345
26343 12452 0:0 26345
26344 12448 0:0 26345
26344 12453 0:0 26345
26344 12455 0:0 26345
26521 12598 21:0 26566
26564 12601 0:0 26566
26565 12590 0:0 26566
26565 12597 0:0 26566
26565 12602 0:0 26566
26565 12600 0:0 26566
26565 12599 0:0 26566
26745 12744 21:0 26787
26785 12748 0:0 26787
26786 12746 0:0 26787
26786 12747 0:0 26787
26786 12737 0:0 26787
26786 12743 0:0 26787
26786 12749 0:0 26787
26786 12745 0:0 26787
26973 12894 21:0 27008
27006 12891 0:0 27008
27006 12895 0:0 27008
27007 12892 0:0 27008
27007 12896 0:0 27008
27007 12893 0:0 27008
27184 13039 21:0 27229
27227 13041 0:0 27229
27227 13042 0:0 27229
27228 13040 0:0 27229
27228 13031 0:0 27229
27228 13036 0:0 27229
27228 13043 0:0 27229
27228 13038 0:0 27229
27368 13177 21:0 27412
27428 13189 21:0 27450
27449 13185 0:0 27450
27449 13190 0:0 27450
27449 13188 0:0 27450
27449 13184 0:0 27450
27449 13187 0:0 27450
27449 13186 0:0 27450
27619 13330 21:0 27643
27649 13336 21:0 27671
27670 13331 0:0 27671
27670 13337 0:0 27671
27670 13332 0:0 27671
27670 13333 0:0 27671
27670 13335 0:0 27671
27670 13334 0:0 27671
27807 13472 21:0 27853
27852 13471 0:0 27860
27870 13483 21:0 92
