255 48224 0:0 257
256 48229 0:0 257
256 48223 0:0 258
302 48323 0:0 304
302 48235 0:0 304
302 48233 0:0 304
303 48232 0:0 304
303 48236 0:0 304
303 48234 0:0 304
303 48230 0:0 304
303 48324 0:0 304
667 48628 21:0 725
738 48659 21:0 746
745 48660 21:0 812
819 48694 0:0 822
822 48695 21:0 888
966 48758 21:0 974
1047 48793 0:0 1050
1050 48794 21:0 1116
1126 48827 21:0 1192
1275 48891 0:0 1278
1278 48893 21:0 1344
1575 49023 0:0 1578
1580 49025 21:0 1638
1582 49024 0:0 1583
1637 49026 0:0 1649
1651 49056 21:0 1659
1658 49058 0:0 1659
1658 49057 21:0 1725
1723 49059 0:0 1725
1727 49089 0:0 1730
1732 49091 21:0 1790
1734 49090 0:0 1735
1789 49092 0:0 1801
1803 49122 21:0 1811
1810 49124 0:0 1811
1810 49123 0:0 1811
1811 49125 21:0 1877
1879 49155 0:0 1882
1884 49157 21:0 1942
1886 49156 0:0 1887
1941 49158 0:0 1953
1955 49188 21:0 1963
1962 49189 0:0 1963
1962 49190 21:0 2029
2027 49191 0:0 2029
2031 49221 21:0 2039
2036 49223 0:0 2039
2038 49222 0:0 2039
2039 49224 21:0 2105
2107 49254 21:0 2115
2114 49255 0:0 2115
2114 49256 21:0 2181
2179 49257 0:0 2181
2183 49287 21:0 2191
2190 49289 0:0 2191
2190 49288 21:0 2257
2255 49290 0:0 2257
2259 49320 21:0 2267
2266 49322 0:0 2267
2266 49321 21:0 2333
2331 49323 0:0 2333
2335 49353 21:0 2343
2342 49355 0:0 2343
2342 49354 21:0 2409
2407 49356 0:0 2409
2411 49386 0:0 2414
2416 49388 21:0 2474
2418 49387 0:0 2419
2473 49389 0:0 2485
2487 49419 21:0 2495
2494 49421 0:0 2495
2494 49420 21:0 2561
2559 49422 0:0 2561
2563 49452 0:0 2566
2568 49453 21:0 2626
2570 49454 0:0 2571
2625 49455 0:0 2637
2762 328 21:0 2776
2777 328 1:0 2725
2777 48893 1:0 3093
2777 48891 1:0 3099
2777 48827 1:0 3337
2777 48794 1:0 3459
2858 48793 1:0 3466
2859 48758 1:0 3597
2867 48695 1:0 3825
2867 48694 1:0 3832
2873 48660 1:0 3953
2877 329 1:0 5895
2980 48659 1:0 3963
2981 48628 1:0 4076
2989 49455 1:0 6159
2989 49453 1:0 6166
2999 49454 1:0 6167
4745 50465 21:0 4753
4750 50467 0:0 4753
4750 50466 0:0 4753
4753 50468 21:0 4819
4821 50498 21:0 4829
4828 50499 0:0 4829
4828 50500 21:0 4895
4893 50501 0:0 4895
4897 50531 21:0 4905
4904 50532 0:0 4905
4904 50533 0:0 4905
4905 50534 21:0 4971
4973 50564 21:0 4981
4980 50566 0:0 4981
4980 50565 21:0 5047
5045 50567 0:0 5047
5049 50597 21:0 5057
5056 50599 0:0 5057
5056 50598 21:0 5123
5121 50600 0:0 5123
5125 50630 21:0 5133
5132 50632 0:0 5133
5132 50631 0:0 5133
5133 50633 21:0 5199
5201 50663 21:0 5209
5208 50665 0:0 5209
5208 50664 21:0 5275
5273 50666 0:0 5275
5277 50696 21:0 5285
5284 50698 0:0 5285
5284 50697 21:0 5351
5349 50699 0:0 5351
5353 50729 21:0 5361
5358 50730 0:0 5361
5360 50731 0:0 5361
5361 50732 21:0 5427
5429 50762 21:0 5437
5436 50763 0:0 5437
5436 50764 21:0 5503
5501 50765 0:0 5503
5505 50795 0:0 5508
5510 50796 21:0 5568
5512 50797 0:0 5513
5567 50798 0:0 5579
5907 49452 1:0 6177
5908 49422 1:0 6290
5917 49420 1:0 6297
5917 49421 1:0 6298
5923 49419 1:0 6308
5936 329 21:0 5950
5943 49389 1:0 6421
5956 49388 1:0 6429
6038 49387 1:0 6428
6039 49386 1:0 6439
6048 49356 1:0 6552
6048 49354 1:0 6559
6054 49355 1:0 6560
6059 49353 1:0 6570
6087 49323 1:0 6683
6169 49321 1:0 6690
6170 49322 1:0 6691
6179 49320 1:0 6701
6179 49290 1:0 6814
6185 49288 1:0 6821
6205 49289 1:0 6822
6218 49287 1:0 6832
6300 49257 1:0 6945
6301 49256 1:0 6953
6310 49255 1:0 6952
6310 49254 1:0 6963
6318 49224 1:0 7076
6336 49222 1:0 7083
6431 49223 1:0 7084
6432 49221 1:0 7094
6432 49191 1:0 7207
6441 49189 1:0 7214
6441 49190 1:0 7215
6449 49188 1:0 7225
6468 49158 1:0 7338
6562 49157 1:0 7346
6563 49156 1:0 7345
6572 49155 1:0 7356
6572 49125 1:0 7469
6578 49124 1:0 7477
6582 49123 1:0 7476
6599 49122 1:0 7487
6693 49092 1:0 7600
6694 49091 1:0 7608
6703 49090 1:0 7607
6703 49089 1:0 7618
6709 49059 1:0 7731
6713 49057 1:0 7738
6714 330 1:0 9210
6742 49058 1:0 7739
6824 49056 1:0 7749
6825 49026 1:0 7862
6834 49024 1:0 7869
6834 49025 1:0 7870
6840 49023 1:0 7880
6860 50798 1:0 9867
6873 50796 1:0 9874
6955 50797 1:0 9875
8060 51907 21:0 8068
8065 51909 0:0 8068
8065 51908 0:0 8068
8068 51910 21:0 8134
8136 51940 21:0 8144
8143 51942 0:0 8144
8143 51941 21:0 8210
8208 51943 0:0 8210
8212 51973 21:0 8220
8219 51974 0:0 8220
8219 51975 21:0 8286
8284 51976 0:0 8286
8288 52006 21:0 8296
8295 52008 0:0 8296
8295 52007 21:0 8362
8360 52009 0:0 8362
8364 52039 21:0 8372
8371 52040 0:0 8372
8371 52041 21:0 8438
8436 52042 0:0 8438
8440 52072 21:0 8448
8447 52073 0:0 8448
8447 52074 21:0 8514
8512 52075 0:0 8514
8516 52105 21:0 8524
8523 52106 0:0 8524
8523 52107 21:0 8590
8588 52108 0:0 8590
8592 52138 21:0 8600
8599 52140 0:0 8600
8599 52139 21:0 8666
8664 52141 0:0 8666
8668 52171 21:0 8676
8673 52172 0:0 8676
8673 52173 0:0 8676
8676 52174 21:0 8742
8744 52204 0:0 8747
8749 52205 21:0 8807
8751 52206 0:0 8752
8806 52207 0:0 8818
8820 52237 0:0 8823
8825 52238 21:0 8883
8827 52239 0:0 8828
8882 52240 0:0 8894
8896 52270 21:0 8904
8903 52271 0:0 8904
8903 52272 21:0 8970
8968 52273 0:0 8970
8972 52303 21:0 8980
8979 52304 0:0 8980
8979 52305 21:0 9046
9044 52306 0:0 9046
9048 52336 21:0 9056
9055 52337 0:0 9056
9055 52338 21:0 9122
9120 52339 0:0 9122
9222 50795 1:0 9885
9223 50765 1:0 9998
9232 50763 1:0 10005
9232 50764 1:0 10006
9238 50762 1:0 10016
9251 330 21:0 9265
9258 50732 1:0 10129
9271 50731 1:0 10137
9353 50730 1:0 10136
9354 50729 1:0 10147
9363 50699 1:0 10260
9363 50697 1:0 10267
9369 50698 1:0 10268
9374 50696 1:0 10278
9402 50666 1:0 10391
9484 50664 1:0 10398
9485 50665 1:0 10399
9494 50663 1:0 10409
9494 50633 1:0 10522
9500 50632 1:0 10530
9520 50631 1:0 10529
9533 50630 1:0 10540
9615 50600 1:0 10653
9616 50598 1:0 10660
9625 50599 1:0 10661
9625 50597 1:0 10671
9633 50567 1:0 10784
9651 50565 1:0 10791
9746 50566 1:0 10792
9747 50564 1:0 10802
9747 50534 1:0 10915
9756 50532 1:0 10922
9756 50533 1:0 10923
9764 50531 1:0 10933
9783 50501 1:0 11046
9877 50500 1:0 11054
9878 50499 1:0 11053
9887 50498 1:0 11064
9887 50468 1:0 11177
9893 50466 1:0 11184
9897 50467 1:0 11185
9914 50465 1:0 11195
9926 331 1:0 12525
11375 53349 21:0 11383
11380 53351 0:0 11383
11380 53350 0:0 11383
11383 53352 21:0 11449
11451 53382 21:0 11459
11456 53384 0:0 11459
11458 53383 0:0 11459
11459 53385 21:0 11525
11527 53415 21:0 11535
11534 53417 0:0 11535
11534 53416 21:0 11601
11599 53418 0:0 11601
11603 53448 21:0 11611
11610 53450 0:0 11611
11610 53449 21:0 11677
11675 53451 0:0 11677
11679 53481 21:0 11687
11686 53482 0:0 11687
11686 53483 21:0 11753
11751 53484 0:0 11753
11755 53514 21:0 11763
11762 53515 0:0 11763
11762 53516 21:0 11829
11827 53517 0:0 11829
11831 53547 21:0 11839
11838 53548 0:0 11839
11838 53549 21:0 11905
11903 53550 0:0 11905
11907 53580 21:0 11915
11914 53581 0:0 11915
11914 53582 21:0 11981
11979 53583 0:0 11981
11983 53613 21:0 11991
11988 53615 0:0 11991
11990 53614 0:0 11991
11991 53616 21:0 12057
12059 53646 21:0 12067
12066 53648 0:0 12067
12066 53647 21:0 12133
12131 53649 0:0 12133
12135 53679 21:0 12143
12537 52339 1:0 12789
12538 52338 1:0 12797
12547 52337 1:0 12796
12547 52336 1:0 12807
12553 52306 1:0 12920
12566 331 21:0 12580
12573 52305 1:0 12928
12586 52304 1:0 12927
12668 52303 1:0 12938
12669 52273 1:0 13051
12678 52271 1:0 13058
12678 52272 1:0 13059
12684 52270 1:0 13069
12689 52240 1:0 13182
12717 52238 1:0 13189
12799 52239 1:0 13190
12800 52237 1:0 13200
12809 52207 1:0 13313
12809 52205 1:0 13320
12815 52206 1:0 13321
12835 52204 1:0 13331
12848 52174 1:0 13444
12930 52173 1:0 13452
12931 52172 1:0 13451
12940 52171 1:0 13462
12940 52141 1:0 13575
12948 52139 1:0 13582
12966 52140 1:0 13583
13061 52138 1:0 13593
13062 52108 1:0 13706
13062 52107 1:0 13714
13071 52106 1:0 13713
13071 52105 1:0 13724
13079 52075 1:0 13837
13098 52074 1:0 13845
13192 52073 1:0 13844
13193 52072 1:0 13855
13202 52042 1:0 13968
13202 52041 1:0 13976
13208 52040 1:0 13975
13212 52039 1:0 13986
13229 52009 1:0 14099
13323 52007 1:0 14106
13324 52008 1:0 14107
13333 52006 1:0 14117
13333 51976 1:0 14230
13339 51975 1:0 14238
13343 51974 1:0 14237
13372 51973 1:0 14248
13454 51943 1:0 14361
13455 51941 1:0 14368
13464 51942 1:0 14369
13464 51940 1:0 14379
13470 51910 1:0 14492
13475 51909 1:0 14500
13490 332 1:0 15840
13503 51908 1:0 14499
13585 51907 1:0 14510
14690 54791 0:0 14693
14695 54793 21:0 14753
14697 54792 0:0 14698
14752 54794 0:0 14764
14766 54824 21:0 14774
14773 54825 0:0 14774
14773 54826 0:0 14774
14774 54827 21:0 14840
14842 54857 21:0 14850
14849 54859 0:0 14850
14849 54858 21:0 14916
14914 54860 0:0 14916
14918 54890 21:0 14926
14925 54892 0:0 14926
14925 54891 21:0 14992
14990 54893 0:0 14992
14994 54923 21:0 15002
15001 54924 0:0 15002
15001 54925 21:0 15068
15066 54926 0:0 15068
15070 54956 21:0 15078
15077 54958 0:0 15078
15077 54957 21:0 15144
15142 54959 0:0 15144
15146 54989 21:0 15154
15153 54991 0:0 15154
15153 54990 21:0 15220
15218 54992 0:0 15220
15222 55022 21:0 15230
15229 55024 0:0 15230
15229 55023 21:0 15296
15294 55025 0:0 15296
15298 55055 21:0 15306
15305 55057 0:0 15306
15305 55056 21:0 15372
15370 55058 0:0 15372
15374 55088 0:0 15377
15379 55089 21:0 15437
15381 55090 0:0 15382
15436 55091 0:0 15448
15450 55121 21:0 15458
15457 55122 0:0 15458
15457 55123 21:0 15524
15522 55124 0:0 15524
15526 55154 0:0 15529
15531 55156 21:0 15589
15533 55155 0:0 15534
15588 55157 0:0 15600
15602 55187 0:0 15605
15607 55188 21:0 15665
15609 55189 0:0 15610
15664 55190 0:0 15676
15686 55223 21:0 15752
15754 55253 21:0 15762
15761 55254 21:0 15828
15826 55256 0:0 15828
15852 53679 1:0 16515
15853 53649 1:0 16628
15862 53647 1:0 16635
15862 53648 1:0 16636
15868 53646 1:0 16646
15881 332 21:0 15895
15888 53616 1:0 16759
15901 53615 1:0 16767
15983 53614 1:0 16766
15984 53613 1:0 16777
15993 53583 1:0 16890
15993 53582 1:0 16898
15999 53581 1:0 16897
16004 53580 1:0 16908
16032 53550 1:0 17021
16114 53549 1:0 17029
16115 53548 1:0 17028
16124 53547 1:0 17039
16124 53517 1:0 17152
16130 53516 1:0 17160
16150 53515 1:0 17159
16163 53514 1:0 17170
16245 53484 1:0 17283
16246 53483 1:0 17291
16255 53482 1:0 17290
16255 53481 1:0 17301
16263 53451 1:0 17414
16281 53449 1:0 17421
16376 53450 1:0 17422
16377 53448 1:0 17432
16377 53418 1:0 17545
16386 53416 1:0 17552
16386 53417 1:0 17553
16394 53415 1:0 17563
16413 53385 1:0 17676
16507 53384 1:0 17684
16508 53383 1:0 17683
16517 53382 1:0 17694
16517 53352 1:0 17807
16523 53350 1:0 17814
16527 53351 1:0 17815
16544 53349 1:0 17825
16556 333 1:0 19155
16638 55256 1:0 19288
16639 55254 1:0 19295
16648 55253 1:0 19306
18005 56233 0:0 18008
18010 56235 21:0 18068
18012 56234 0:0 18013
18067 56236 0:0 18079
18081 56266 21:0 18089
18088 56267 0:0 18089
18088 56268 0:0 18089
18089 56269 21:0 18155
18157 56299 21:0 18165
18164 56301 0:0 18165
18164 56300 21:0 18231
18229 56302 0:0 18231
18233 56332 21:0 18241
18240 56333 0:0 18241
18240 56334 21:0 18307
18305 56335 0:0 18307
18309 56365 21:0 18317
18316 56367 0:0 18317
18316 56366 21:0 18383
18381 56368 0:0 18383
18385 56398 21:0 18393
18392 56399 0:0 18393
18392 56400 21:0 18459
18457 56401 0:0 18459
18461 56431 21:0 18469
18468 56432 0:0 18469
18468 56433 21:0 18535
18533 56434 0:0 18535
18537 56464 21:0 18545
18544 56466 0:0 18545
18544 56465 21:0 18611
18609 56467 0:0 18611
18613 56497 21:0 18621
18618 56498 0:0 18621
18620 56499 0:0 18621
18621 56500 21:0 18687
18689 56530 21:0 18697
18696 56532 0:0 18697
18696 56531 21:0 18763
18761 56533 0:0 18763
18765 56563 21:0 18773
18772 56565 0:0 18773
18772 56564 0:0 18773
18773 56566 21:0 18839
19167 55223 1:0 19419
19168 55190 1:0 19550
19177 55188 1:0 19557
19177 55189 1:0 19558
19183 55187 1:0 19568
19196 333 21:0 19210
19203 55157 1:0 19681
19216 55156 1:0 19689
19298 55155 1:0 19688
19299 55154 1:0 19699
19308 55124 1:0 19812
19308 55123 1:0 19820
19314 55122 1:0 19819
19319 55121 1:0 19830
19347 55091 1:0 19943
19429 55089 1:0 19950
19430 55090 1:0 19951
19439 55088 1:0 19961
19439 55058 1:0 20074
19445 55056 1:0 20081
19465 55057 1:0 20082
19478 55055 1:0 20092
19560 55025 1:0 20205
19561 55023 1:0 20212
19570 55024 1:0 20213
19570 55022 1:0 20223
19578 54992 1:0 20336
19596 54990 1:0 20343
19691 54991 1:0 20344
19692 54989 1:0 20354
19692 54959 1:0 20467
19701 54957 1:0 20474
19701 54958 1:0 20475
19709 54956 1:0 20485
19728 54926 1:0 20598
19822 54925 1:0 20606
19823 54924 1:0 20605
19832 54923 1:0 20616
19832 54893 1:0 20729
19838 54891 1:0 20736
19842 54892 1:0 20737
19859 54890 1:0 20747
19953 54860 1:0 20860
19954 54858 1:0 20867
19963 54859 1:0 20868
19963 54857 1:0 20878
19969 54827 1:0 20991
19973 54826 1:0 20999
19974 334 1:0 22470
20002 54825 1:0 20998
20084 54824 1:0 21009
20085 54794 1:0 21122
20094 54792 1:0 21129
20094 54793 1:0 21130
20100 54791 1:0 21140
20120 56566 1:0 23127
21320 57675 0:0 21323
21325 57676 21:0 21383
21327 57677 0:0 21328
21382 57678 0:0 21394
21396 57708 21:0 21404
21403 57709 0:0 21404
21403 57710 0:0 21404
21404 57711 21:0 21470
21472 57741 21:0 21480
21479 57743 0:0 21480
21479 57742 21:0 21546
21544 57744 0:0 21546
21548 57774 21:0 21556
21555 57775 0:0 21556
21555 57776 21:0 21622
21620 57777 0:0 21622
21624 57807 21:0 21632
21631 57809 0:0 21632
21631 57808 21:0 21698
21696 57810 0:0 21698
21700 57840 21:0 21708
21707 57841 0:0 21708
21707 57842 0:0 21708
21708 57843 21:0 21774
21776 57873 21:0 21784
21783 57875 0:0 21784
21783 57874 21:0 21850
21848 57876 0:0 21850
21852 57906 21:0 21860
21859 57907 0:0 21860
21859 57908 21:0 21926
21924 57909 0:0 21926
21928 57939 0:0 21931
21933 57941 21:0 21991
21935 57940 0:0 21936
21990 57942 0:0 22002
22004 57972 0:0 22007
22009 57974 21:0 22067
22011 57973 0:0 22012
22066 57975 0:0 22078
22080 58005 21:0 22088
22087 58006 0:0 22088
22087 58007 21:0 22154
22152 58008 0:0 22154
22156 58038 21:0 22164
22163 58040 0:0 22164
22163 58039 21:0 22230
22228 58041 0:0 22230
22232 58071 0:0 22235
22237 58073 21:0 22295
22239 58072 0:0 22240
22294 58074 0:0 22306
22308 58104 21:0 22316
22315 58105 21:0 22382
22482 56565 1:0 23135
22483 56564 1:0 23134
22492 56563 1:0 23145
22492 56533 1:0 23258
22498 56531 1:0 23265
22511 334 21:0 22525
22518 56532 1:0 23266
22531 56530 1:0 23276
22613 56500 1:0 23389
22614 56499 1:0 23397
22623 56498 1:0 23396
22623 56497 1:0 23407
22629 56467 1:0 23520
22634 56465 1:0 23527
22662 56466 1:0 23528
22744 56464 1:0 23538
22745 56434 1:0 23651
22754 56432 1:0 23658
22754 56433 1:0 23659
22760 56431 1:0 23669
22780 56401 1:0 23782
22793 56400 1:0 23790
22875 56399 1:0 23789
22876 56398 1:0 23800
22885 56368 1:0 23913
22885 56366 1:0 23920
22893 56367 1:0 23921
22911 56365 1:0 23931
23006 56335 1:0 24044
23007 56333 1:0 24051
23007 56334 1:0 24052
23016 56332 1:0 24062
23016 56302 1:0 24175
23024 56300 1:0 24182
23043 56301 1:0 24183
23137 56299 1:0 24193
23138 56269 1:0 24306
23147 56267 1:0 24313
23147 56268 1:0 24314
23153 56266 1:0 24324
23157 56236 1:0 24437
23174 56235 1:0 24445
23186 335 1:0 25785
23268 56234 1:0 24444
23269 56233 1:0 24455
24635 59117 0:0 24638
24640 59118 21:0 24698
24642 59119 0:0 24643
24697 59120 0:0 24709
24711 59150 21:0 24719
24718 59152 0:0 24719
24718 59151 0:0 24719
24719 59153 21:0 24785
24787 59183 21:0 24795
24794 59184 0:0 24795
24794 59185 21:0 24861
24859 59186 0:0 24861
24863 59216 21:0 24871
24870 59218 0:0 24871
24870 59217 21:0 24937
24935 59219 0:0 24937
24939 59249 21:0 24947
24946 59250 0:0 24947
24946 59251 21:0 25013
25011 59252 0:0 25013
25015 59282 21:0 25023
25022 59284 0:0 25023
25022 59283 21:0 25089
25087 59285 0:0 25089
25091 59315 21:0 25099
25098 59317 0:0 25099
25098 59316 21:0 25165
25163 59318 0:0 25165
25167 59348 21:0 25175
25174 59349 0:0 25175
25174 59350 21:0 25241
25239 59351 0:0 25241
25243 59381 0:0 25246
25248 59382 21:0 25306
25250 59383 0:0 25251
25324 59415 21:0 25382
25381 59417 0:0 25393
25395 59447 21:0 25403
25403 59450 21:0 25469
25476 59481 21:0 25534
25478 59482 0:0 25479
25552 59514 21:0 25610
25554 59515 0:0 25555
25797 58105 1:0 26056
25798 58104 1:0 26067
25807 58074 1:0 26180
25807 58073 1:0 26188
25813 58072 1:0 26187
25826 335 21:0 25840
25833 58071 1:0 26198
25846 58041 1:0 26311
25928 58039 1:0 26318
25929 58040 1:0 26319
25938 58038 1:0 26329
25938 58008 1:0 26442
25944 58007 1:0 26450
25949 58006 1:0 26449
25977 58005 1:0 26460
26059 57975 1:0 26573
26060 57974 1:0 26581
26069 57973 1:0 26580
26069 57972 1:0 26591
26075 57942 1:0 26704
26095 57941 1:0 26712
26108 57940 1:0 26711
26190 57939 1:0 26722
26191 57909 1:0 26835
26200 57907 1:0 26842
26200 57908 1:0 26843
26208 57906 1:0 26853
26226 57876 1:0 26966
26321 57874 1:0 26973
26322 57875 1:0 26974
26322 57873 1:0 26984
26331 57843 1:0 27097
26331 57841 1:0 27104
26339 57842 1:0 27105
26358 57840 1:0 27115
26452 57810 1:0 27228
26453 57808 1:0 27235
26462 57809 1:0 27236
26462 57807 1:0 27246
26468 57777 1:0 27359
26472 57776 1:0 27367
26489 57775 1:0 27366
26583 57774 1:0 27377
26584 57744 1:0 27490
26593 57742 1:0 27497
26593 57743 1:0 27498
26599 57741 1:0 27508
26603 57711 1:0 27621
26632 57710 1:0 27629
26714 57709 1:0 27628
26715 57708 1:0 27639
26724 57678 1:0 27752
26724 57676 1:0 27759
26730 57677 1:0 27760
26735 57675 1:0 27770
26750 336 1:0 29100
26763 59514 1:0 29502
27950 60559 21:0 27958
27955 60561 0:0 27958
27955 60560 0:0 27958
27958 60562 21:0 28024
28026 60592 21:0 28034
28033 60594 0:0 28034
28033 60593 0:0 28034
28034 60595 21:0 28100
28102 60625 21:0 28110
28109 60626 0:0 28110
28109 60627 21:0 28176
28174 60628 0:0 28176
28178 60658 21:0 28186
28185 60659 0:0 28186
28185 60660 21:0 28252
28250 60661 0:0 28252
28254 60691 21:0 28262
28261 60693 0:0 28262
28261 60692 21:0 28328
28326 60694 0:0 28328
28330 60724 21:0 28338
28337 60725 0:0 28338
28337 60726 0:0 28338
28338 60727 21:0 28404
28406 60757 21:0 28414
28413 60759 0:0 28414
28413 60758 21:0 28480
28478 60760 0:0 28480
28482 60790 21:0 28490
28489 60791 0:0 28490
28489 60792 21:0 28556
28554 60793 0:0 28556
28558 60823 0:0 28561
28563 60824 21:0 28621
28565 60825 0:0 28566
28620 60826 0:0 28632
28634 60856 0:0 28637
28639 60858 21:0 28697
28641 60857 0:0 28642
28696 60859 0:0 28708
28710 60889 21:0 28718
28717 60890 0:0 28718
28717 60891 21:0 28784
28782 60892 0:0 28784
28786 60922 21:0 28794
28793 60924 0:0 28794
28793 60923 0:0 28794
28794 60925 21:0 28860
28862 60955 21:0 28870
28869 60956 0:0 28870
28869 60957 0:0 28870
28870 60958 21:0 28936
28938 60988 0:0 28941
28943 60990 21:0 29001
28945 60989 0:0 28946
29112 59515 1:0 29503
29113 59481 1:0 29633
29122 59482 1:0 29634
29122 59450 1:0 29757
29128 59447 1:0 29775
29141 336 21:0 29155
29148 59417 1:0 29888
29161 59415 1:0 29895
29243 59382 1:0 30026
29244 59383 1:0 30027
29253 59381 1:0 30037
29253 59351 1:0 30150
29259 59350 1:0 30158
29264 59349 1:0 30157
29292 59348 1:0 30168
29374 59318 1:0 30281
29375 59316 1:0 30288
29384 59317 1:0 30289
29384 59315 1:0 30299
29390 59285 1:0 30412
29410 59283 1:0 30419
29423 59284 1:0 30420
29505 59282 1:0 30430
29506 59252 1:0 30543
29515 59250 1:0 30550
29515 59251 1:0 30551
29523 59249 1:0 30561
29541 59219 1:0 30674
29636 59217 1:0 30681
29637 59218 1:0 30682
29637 59216 1:0 30692
29646 59186 1:0 30805
29646 59185 1:0 30813
29654 59184 1:0 30812
29673 59183 1:0 30823
29767 59153 1:0 30936
29768 59151 1:0 30943
29777 59152 1:0 30944
29777 59150 1:0 30954
29783 59120 1:0 31067
29787 59118 1:0 31074
29804 59119 1:0 31075
29816 337 1:0 32415
29898 59117 1:0 31085
29899 60990 1:0 32687
29908 60989 1:0 32686
29908 60988 1:0 32697
29914 60958 1:0 32810
29919 60956 1:0 32817
29947 60957 1:0 32818
31265 62001 21:0 31273
31270 62003 0:0 31273
31272 62002 0:0 31273
31273 62004 21:0 31339
31341 62034 21:0 31349
31348 62036 0:0 31349
31348 62035 21:0 31415
31413 62037 0:0 31415
31417 62067 21:0 31425
31424 62068 0:0 31425
31424 62069 21:0 31491
31489 62070 0:0 31491
31493 62100 21:0 31501
31500 62101 0:0 31501
31500 62102 21:0 31567
31565 62103 0:0 31567
31569 62133 21:0 31577
31576 62135 0:0 31577
31576 62134 21:0 31643
31641 62136 0:0 31643
31645 62166 21:0 31653
31652 62167 0:0 31653
31652 62168 21:0 31719
31717 62169 0:0 31719
31721 62199 21:0 31729
31728 62201 0:0 31729
31728 62200 21:0 31795
31793 62202 0:0 31795
31797 62232 21:0 31805
31804 62233 0:0 31805
31804 62234 21:0 31871
31869 62235 0:0 31871
31873 62265 0:0 31876
31878 62266 21:0 31936
31880 62267 0:0 31881
31935 62268 0:0 31947
31949 62298 21:0 31957
31956 62299 0:0 31957
31956 62300 21:0 32023
32021 62301 0:0 32023
32025 62331 21:0 32033
32101 62364 0:0 32104
32106 62365 21:0 32164
32108 62366 0:0 32109
32163 62367 0:0 32175
32177 62397 21:0 32185
32258 62431 0:0 32261
32261 62433 21:0 32327
32427 60955 1:0 32828
32428 60925 1:0 32941
32437 60923 1:0 32948
32437 60924 1:0 32949
32443 60922 1:0 32959
32456 337 21:0 32470
32463 60892 1:0 33072
32476 60891 1:0 33080
32558 60890 1:0 33079
32559 60889 1:0 33090
32568 60859 1:0 33203
32568 60858 1:0 33211
32574 60857 1:0 33210
32579 60856 1:0 33221
32607 60826 1:0 33334
32689 60824 1:0 33341
32690 60825 1:0 33342
32699 60823 1:0 33352
32699 60793 1:0 33465
32705 60792 1:0 33473
32725 60791 1:0 33472
32738 60790 1:0 33483
32820 60760 1:0 33596
32821 60758 1:0 33603
32830 60759 1:0 33604
32830 60757 1:0 33614
32838 60727 1:0 33727
32856 60726 1:0 33735
32951 60725 1:0 33734
32952 60724 1:0 33745
32952 60694 1:0 33858
32961 60692 1:0 33865
32961 60693 1:0 33866
32969 60691 1:0 33876
32988 60661 1:0 33989
33082 60660 1:0 33997
33083 60659 1:0 33996
33092 60658 1:0 34007
33092 60628 1:0 34120
33098 60627 1:0 34128
33102 60626 1:0 34127
33119 60625 1:0 34138
33213 60595 1:0 34251
33214 60593 1:0 34258
33223 60594 1:0 34259
33223 60592 1:0 34269
33229 60562 1:0 34382
33233 60560 1:0 34389
33234 338 1:0 35730
33262 60561 1:0 34390
33344 60559 1:0 34400
34580 63443 21:0 34588
34585 63444 0:0 34588
34585 63445 0:0 34588
34588 63446 21:0 34654
34656 63476 0:0 34659
34661 63478 21:0 34719
34663 63477 0:0 34664
34718 63479 0:0 34730
34732 63509 21:0 34740
34739 63511 0:0 34740
34739 63510 21:0 34806
34804 63512 0:0 34806
34808 63542 21:0 34816
34815 63544 0:0 34816
34815 63543 21:0 34882
34880 63545 0:0 34882
34884 63575 21:0 34892
34891 63577 0:0 34892
34891 63576 21:0 34958
34956 63578 0:0 34958
34960 63608 21:0 34968
34967 63609 0:0 34968
34967 63610 21:0 35034
35032 63611 0:0 35034
35036 63641 21:0 35044
35043 63643 0:0 35044
35043 63642 0:0 35044
35044 63644 21:0 35110
35112 63674 21:0 35120
35119 63676 0:0 35120
35119 63675 21:0 35186
35184 63677 0:0 35186
35188 63707 0:0 35191
35193 63708 21:0 35251
35195 63709 0:0 35196
35250 63710 0:0 35262
35264 63740 21:0 35272
35271 63742 0:0 35272
35271 63741 0:0 35272
35272 63743 21:0 35338
35340 63773 21:0 35348
35347 63775 0:0 35348
35347 63774 0:0 35348
35348 63776 21:0 35414
35416 63806 0:0 35419
35421 63807 21:0 35479
35423 63808 0:0 35424
35478 63809 0:0 35490
35492 63839 21:0 35500
35742 62433 1:0 35994
35743 62431 1:0 36001
35752 62397 1:0 36143
35752 62367 1:0 36256
35758 62365 1:0 36263
35771 338 21:0 35785
35778 62366 1:0 36264
35791 62364 1:0 36274
35873 62331 1:0 36405
35874 62301 1:0 36518
35883 62299 1:0 36525
35883 62300 1:0 36526
35889 62298 1:0 36536
35894 62268 1:0 36649
35922 62266 1:0 36656
36004 62267 1:0 36657
36005 62265 1:0 36667
36014 62235 1:0 36780
36014 62234 1:0 36788
36020 62233 1:0 36787
36040 62232 1:0 36798
36053 62202 1:0 36911
36135 62200 1:0 36918
36136 62201 1:0 36919
36145 62199 1:0 36929
36145 62169 1:0 37042
36153 62168 1:0 37050
36171 62167 1:0 37049
36266 62166 1:0 37060
36267 62136 1:0 37173
36267 62134 1:0 37180
36276 62135 1:0 37181
36276 62133 1:0 37191
36284 62103 1:0 37304
36303 62102 1:0 37312
36397 62101 1:0 37311
36398 62100 1:0 37322
36407 62070 1:0 37435
36407 62069 1:0 37443
36413 62068 1:0 37442
36417 62067 1:0 37453
36434 62037 1:0 37566
36528 62035 1:0 37573
36529 62036 1:0 37574
36538 62034 1:0 37584
36538 62004 1:0 37697
36544 62002 1:0 37704
36548 62003 1:0 37705
36549 339 1:0 39045
36577 62001 1:0 37715
37895 64885 21:0 37903
37902 64887 0:0 37903
37902 64886 0:0 37903
37903 64888 21:0 37969
37971 64918 21:0 37979
37978 64920 0:0 37979
37978 64919 0:0 37979
37979 64921 21:0 38045
38047 64951 21:0 38055
38054 64953 0:0 38055
38054 64952 21:0 38121
38119 64954 0:0 38121
38123 64984 21:0 38131
38130 64985 0:0 38131
38130 64986 21:0 38197
38195 64987 0:0 38197
38199 65017 21:0 38207
38206 65018 0:0 38207
38206 65019 0:0 38207
38207 65020 21:0 38273
38275 65050 21:0 38283
38282 65051 0:0 38283
38282 65052 21:0 38349
38347 65053 0:0 38349
38351 65083 21:0 38359
38358 65085 0:0 38359
38358 65084 21:0 38425
38423 65086 0:0 38425
38427 65116 21:0 38435
38434 65117 0:0 38435
38434 65118 21:0 38501
38499 65119 0:0 38501
38503 65149 21:0 38511
38508 65151 0:0 38511
38508 65150 0:0 38511
38511 65152 21:0 38577
38579 65182 21:0 38587
38586 65183 0:0 38587
38586 65184 21:0 38653
38651 65185 0:0 38653
38655 65215 0:0 38658
38660 65216 21:0 38718
38717 65218 0:0 38729
38731 65248 0:0 38734
38736 65250 21:0 38794
38738 65249 0:0 38739
38793 65251 0:0 38805
38812 65282 21:0 38870
39057 63839 1:0 39458
39058 63809 1:0 39571
39067 63807 1:0 39578
39067 63808 1:0 39579
39073 63806 1:0 39589
39086 339 21:0 39100
39093 63776 1:0 39702
39106 63774 1:0 39709
39188 63775 1:0 39710
39189 63773 1:0 39720
39198 63743 1:0 39833
39198 63741 1:0 39840
39204 63742 1:0 39841
39209 63740 1:0 39851
39237 63710 1:0 39964
39319 63708 1:0 39971
39320 63709 1:0 39972
39329 63707 1:0 39982
39329 63677 1:0 40095
39335 63675 1:0 40102
39355 63676 1:0 40103
39368 63674 1:0 40113
39450 63644 1:0 40226
39451 63642 1:0 40233
39460 63643 1:0 40234
39460 63641 1:0 40244
39468 63611 1:0 40357
39486 63610 1:0 40365
39581 63609 1:0 40364
39582 63608 1:0 40375
39582 63578 1:0 40488
39591 63576 1:0 40495
39591 63577 1:0 40496
39599 63575 1:0 40506
39618 63545 1:0 40619
39712 63543 1:0 40626
39713 63544 1:0 40627
39722 63542 1:0 40637
39722 63512 1:0 40750
39728 63510 1:0 40757
39732 63511 1:0 40758
39749 63509 1:0 40768
39843 63479 1:0 40881
39844 63478 1:0 40889
39853 63477 1:0 40888
39853 63476 1:0 40899
39859 63446 1:0 41012
39863 63445 1:0 41020
39864 340 1:0 42360
39892 63444 1:0 41019
39974 63443 1:0 41030
39975 65282 1:0 42762
39984 65251 1:0 42886
39984 65250 1:0 42894
41210 66327 0:0 41213
41215 66329 21:0 41273
41217 66328 0:0 41218
41272 66330 0:0 41284
41286 66360 21:0 41294
41293 66361 0:0 41294
41293 66362 0:0 41294
41294 66363 21:0 41360
41362 66393 21:0 41370
41369 66394 0:0 41370
41369 66395 0:0 41370
41370 66396 21:0 41436
41438 66426 21:0 41446
41445 66428 0:0 41446
41445 66427 21:0 41512
41510 66429 0:0 41512
41514 66459 21:0 41522
41521 66460 0:0 41522
41521 66461 21:0 41588
41586 66462 0:0 41588
41590 66492 21:0 41598
41597 66494 0:0 41598
41597 66493 21:0 41664
41662 66495 0:0 41664
41666 66525 21:0 41674
41673 66526 0:0 41674
41673 66527 21:0 41740
41738 66528 0:0 41740
41742 66558 21:0 41750
41749 66559 0:0 41750
41749 66560 0:0 41750
41750 66561 21:0 41816
41818 66591 0:0 41821
41823 66593 21:0 41881
41825 66592 0:0 41826
41880 66594 0:0 41892
41894 66624 0:0 41897
41899 66625 21:0 41957
41901 66626 0:0 41902
41956 66627 0:0 41968
41970 66657 0:0 41973
41975 66659 21:0 42033
41977 66658 0:0 41978
42032 66660 0:0 42044
42046 66690 21:0 42054
42053 66691 0:0 42054
42053 66692 0:0 42054
42054 66693 21:0 42120
42122 66723 0:0 42125
42127 66725 21:0 42185
42129 66724 0:0 42130
42184 66726 0:0 42196
42372 65249 1:0 42893
42373 65248 1:0 42904
42382 65218 1:0 43017
42382 65216 1:0 43024
42388 65215 1:0 43035
42401 340 21:0 42415
42408 65185 1:0 43148
42421 65184 1:0 43156
42503 65183 1:0 43155
42504 65182 1:0 43166
42513 65152 1:0 43279
42513 65151 1:0 43287
42519 65150 1:0 43286
42524 65149 1:0 43297
42552 65119 1:0 43410
42634 65118 1:0 43418
42635 65117 1:0 43417
42644 65116 1:0 43428
42644 65086 1:0 43541
42650 65084 1:0 43548
42670 65085 1:0 43549
42683 65083 1:0 43559
42765 65053 1:0 43672
42766 65052 1:0 43680
42775 65051 1:0 43679
42775 65050 1:0 43690
42783 65020 1:0 43803
42801 65019 1:0 43811
42896 65018 1:0 43810
42897 65017 1:0 43821
42897 64987 1:0 43934
42906 64985 1:0 43941
42906 64986 1:0 43942
42914 64984 1:0 43952
42933 64954 1:0 44065
43027 64952 1:0 44072
43028 64953 1:0 44073
43037 64951 1:0 44083
43037 64921 1:0 44196
43043 64920 1:0 44204
43047 64919 1:0 44203
43064 64918 1:0 44214
43076 341 1:0 45675
43158 64888 1:0 44327
43159 64887 1:0 44335
43168 64886 1:0 44334
43168 64885 1:0 44345
43174 66726 1:0 46070
43179 66725 1:0 46078
43207 66724 1:0 46077
43289 66723 1:0 46088
44525 67769 0:0 44528
44530 67771 21:0 44588
44532 67770 0:0 44533
44587 67772 0:0 44599
44601 67802 21:0 44609
44608 67803 0:0 44609
44608 67804 0:0 44609
44609 67805 21:0 44675
44677 67835 21:0 44685
44684 67836 0:0 44685
44684 67837 21:0 44751
44749 67838 0:0 44751
44753 67868 21:0 44761
44760 67869 0:0 44761
44760 67870 21:0 44827
44825 67871 0:0 44827
44829 67901 21:0 44837
44836 67902 0:0 44837
44836 67903 21:0 44903
44901 67904 0:0 44903
44905 67934 21:0 44913
44912 67936 0:0 44913
44912 67935 21:0 44979
44977 67937 0:0 44979
44981 67967 21:0 44989
44988 67969 0:0 44989
44988 67968 21:0 45055
45053 67970 0:0 45055
45057 68000 21:0 45065
45064 68001 0:0 45065
45064 68002 21:0 45131
45129 68003 0:0 45131
45133 68033 0:0 45136
45138 68035 21:0 45196
45140 68034 0:0 45141
45195 68036 0:0 45207
45209 68066 21:0 45217
45214 68067 0:0 45217
45216 68068 0:0 45217
45217 68069 21:0 45283
45285 68099 0:0 45288
45290 68100 21:0 45348
45292 68101 0:0 45293
45347 68102 0:0 45359
45361 68132 21:0 45369
45368 68133 0:0 45369
45368 68134 0:0 45369
45369 68135 21:0 45435
45437 68165 21:0 45445
45687 66693 1:0 46201
45688 66691 1:0 46208
45697 66692 1:0 46209
45697 66690 1:0 46219
45703 66660 1:0 46332
45716 341 21:0 45730
45723 66659 1:0 46340
45736 66658 1:0 46339
45818 66657 1:0 46350
45819 66627 1:0 46463
45828 66625 1:0 46470
45828 66626 1:0 46471
45834 66624 1:0 46481
45839 66594 1:0 46594
45867 66593 1:0 46602
45949 66592 1:0 46601
45950 66591 1:0 46612
45959 66561 1:0 46725
45959 66559 1:0 46732
45965 66560 1:0 46733
45985 66558 1:0 46743
45998 66528 1:0 46856
46080 66527 1:0 46864
46081 66526 1:0 46863
46090 66525 1:0 46874
46090 66495 1:0 46987
46098 66493 1:0 46994
46116 66494 1:0 46995
46211 66492 1:0 47005
46212 66462 1:0 47118
46212 66461 1:0 47126
46221 66460 1:0 47125
46221 66459 1:0 47136
46229 66429 1:0 47249
46248 66427 1:0 47256
46342 66428 1:0 47257
46343 66426 1:0 47267
46352 66396 1:0 47380
46352 66394 1:0 47387
46358 66395 1:0 47388
46362 66393 1:0 47398
46379 66363 1:0 47511
46473 66361 1:0 47518
46474 66362 1:0 47519
46483 66360 1:0 47529
46483 66330 1:0 47642
46489 66329 1:0 47650
46493 66328 1:0 47649
46494 342 1:0 48990
46522 66327 1:0 47660
46604 68165 1:0 49403
47840 69211 0:0 47843
47845 69213 21:0 47903
47847 69212 0:0 47848
47902 69214 0:0 47914
47916 69244 21:0 47924
47923 69245 0:0 47924
47923 69246 0:0 47924
47924 69247 21:0 47990
47992 69277 21:0 48000
47999 69279 0:0 48000
47999 69278 21:0 48066
48064 69280 0:0 48066
48068 69310 21:0 48076
48075 69311 0:0 48076
48075 69312 21:0 48142
48140 69313 0:0 48142
48144 69343 21:0 48152
48151 69344 0:0 48152
48151 69345 21:0 48218
48216 69346 0:0 48218
48220 69376 21:0 48228
48227 69377 0:0 48228
48227 69378 21:0 48294
48292 69379 0:0 48294
48296 69409 21:0 48304
48303 69411 0:0 48304
48303 69410 21:0 48370
48368 69412 0:0 48370
48372 69442 21:0 48380
48379 69444 0:0 48380
48379 69443 21:0 48446
48444 69445 0:0 48446
48448 69475 21:0 48456
48455 69476 0:0 48456
48455 69477 21:0 48522
48520 69478 0:0 48522
48524 69508 21:0 48532
48531 69509 0:0 48532
48531 69510 0:0 48532
48532 69511 21:0 48598
48600 69541 21:0 48608
48607 69542 0:0 48608
48607 69543 21:0 48674
48672 69544 0:0 48674
48676 69574 21:0 48684
48681 69576 0:0 48684
48683 69575 0:0 48684
48684 69577 21:0 48750
48752 69607 21:0 48760
49002 68135 1:0 49516
49003 68134 1:0 49524
49012 68133 1:0 49523
49012 68132 1:0 49534
49018 68102 1:0 49647
49031 342 21:0 49045
49038 68100 1:0 49654
49051 68101 1:0 49655
49133 68099 1:0 49665
49134 68069 1:0 49778
49143 68067 1:0 49785
49143 68068 1:0 49786
49149 68066 1:0 49796
49154 68036 1:0 49909
49182 68035 1:0 49917
49264 68034 1:0 49916
49265 68033 1:0 49927
49274 68003 1:0 50040
49274 68002 1:0 50048
49280 68001 1:0 50047
49300 68000 1:0 50058
49313 67970 1:0 50171
49395 67968 1:0 50178
49396 67969 1:0 50179
49405 67967 1:0 50189
49405 67937 1:0 50302
49413 67935 1:0 50309
49431 67936 1:0 50310
49526 67934 1:0 50320
49527 67904 1:0 50433
49527 67903 1:0 50441
49536 67902 1:0 50440
49536 67901 1:0 50451
49544 67871 1:0 50564
49563 67870 1:0 50572
49657 67869 1:0 50571
49658 67868 1:0 50582
49667 67838 1:0 50695
49667 67837 1:0 50703
49673 67836 1:0 50702
49677 67835 1:0 50713
49694 67805 1:0 50826
49788 67803 1:0 50833
49789 67804 1:0 50834
49798 67802 1:0 50844
49798 67772 1:0 50957
49804 67771 1:0 50965
49808 67770 1:0 50964
49809 343 1:0 52305
49837 67769 1:0 50975
51155 70653 21:0 51163
51160 70654 0:0 51163
51162 70655 0:0 51163
51163 70656 21:0 51229
51231 70686 21:0 51239
51238 70688 0:0 51239
51238 70687 0:0 51239
51239 70689 21:0 51305
51307 70719 21:0 51315
51314 70721 0:0 51315
51314 70720 21:0 51381
51379 70722 0:0 51381
51383 70752 21:0 51391
51390 70754 0:0 51391
51390 70753 21:0 51457
51455 70755 0:0 51457
51459 70785 21:0 51467
51466 70787 0:0 51467
51466 70786 21:0 51533
51531 70788 0:0 51533
51535 70818 21:0 51543
51542 70819 0:0 51543
51542 70820 0:0 51543
51543 70821 21:0 51609
51611 70851 21:0 51619
51618 70853 0:0 51619
51618 70852 21:0 51685
51683 70854 0:0 51685
51687 70884 21:0 51695
51694 70886 0:0 51695
51694 70885 0:0 51695
51695 70887 21:0 51761
51763 70917 0:0 51766
51768 70919 21:0 51826
51770 70918 0:0 51771
51825 70920 0:0 51837
51839 70950 21:0 51847
51846 70952 0:0 51847
51846 70951 21:0 51913
51911 70953 0:0 51913
51915 70983 21:0 51923
51923 70986 21:0 51989
51991 71016 21:0 51999
51998 71017 21:0 52065
52067 71049 21:0 52075
52074 71050 21:0 52141
52148 71083 21:0 52206
52219 71115 21:0 52227
52317 69607 1:0 52718
52318 69577 1:0 52831
52327 69575 1:0 52838
52327 69576 1:0 52839
52333 69574 1:0 52849
52346 343 21:0 52360
52353 69544 1:0 52962
52366 69543 1:0 52970
52448 69542 1:0 52969
52449 69541 1:0 52980
52458 69511 1:0 53093
52458 69509 1:0 53100
52464 69510 1:0 53101
52469 69508 1:0 53111
52497 69478 1:0 53224
52579 69477 1:0 53232
52580 69476 1:0 53231
52589 69475 1:0 53242
52589 69445 1:0 53355
52595 69443 1:0 53362
52615 69444 1:0 53363
52628 69442 1:0 53373
52710 69412 1:0 53486
52711 69410 1:0 53493
52720 69411 1:0 53494
52720 69409 1:0 53504
52728 69379 1:0 53617
52746 69378 1:0 53625
52841 69377 1:0 53624
52842 69376 1:0 53635
52842 69346 1:0 53748
52851 69344 1:0 53755
52851 69345 1:0 53756
52859 69343 1:0 53766
52878 69313 1:0 53879
52972 69312 1:0 53887
52973 69311 1:0 53886
52982 69310 1:0 53897
52982 69280 1:0 54010
52988 69278 1:0 54017
52992 69279 1:0 54018
53009 69277 1:0 54028
53103 69247 1:0 54141
53104 69245 1:0 54148
53113 69246 1:0 54149
53113 69244 1:0 54159
53119 69214 1:0 54272
53123 69213 1:0 54280
53124 344 1:0 55620
53152 69212 1:0 54279
53234 69211 1:0 54290
54470 72095 21:0 54478
54477 72096 0:0 54478
54477 72097 0:0 54478
54478 72098 21:0 54544
54546 72128 21:0 54554
54553 72129 0:0 54554
54553 72130 21:0 54620
54618 72131 0:0 54620
54622 72161 21:0 54630
54629 72162 0:0 54630
54629 72163 21:0 54696
54694 72164 0:0 54696
54698 72194 21:0 54706
54705 72196 0:0 54706
54705 72195 21:0 54772
54770 72197 0:0 54772
54774 72227 21:0 54782
54781 72228 0:0 54782
54781 72229 21:0 54848
54846 72230 0:0 54848
54850 72260 21:0 54858
54857 72262 0:0 54858
54857 72261 21:0 54924
54922 72263 0:0 54924
54926 72293 21:0 54934
54933 72295 0:0 54934
54933 72294 21:0 55000
54998 72296 0:0 55000
55002 72326 21:0 55010
55009 72328 0:0 55010
55009 72327 0:0 55010
55010 72329 21:0 55076
55078 72359 21:0 55086
55085 72361 0:0 55086
55085 72360 21:0 55152
55150 72362 0:0 55152
55154 72392 0:0 55157
55159 72394 21:0 55217
55161 72393 0:0 55162
55216 72395 0:0 55228
55230 72425 21:0 55238
55237 72426 0:0 55238
55237 72427 0:0 55238
55238 72428 21:0 55304
55306 72458 21:0 55314
55313 72460 0:0 55314
55313 72459 21:0 55380
55378 72461 0:0 55380
55382 72491 21:0 55390
55632 71115 1:0 55771
55633 71083 1:0 55891
55642 71050 1:0 56022
55642 71049 1:0 56033
55648 71017 1:0 56153
55661 344 21:0 55675
55668 71016 1:0 56164
55681 70986 1:0 56277
55763 70983 1:0 56295
55764 70953 1:0 56408
55773 70951 1:0 56415
55773 70952 1:0 56416
55779 70950 1:0 56426
55784 70920 1:0 56539
55812 70919 1:0 56547
55894 70918 1:0 56546
55895 70917 1:0 56557
55904 70887 1:0 56670
55904 70885 1:0 56677
55910 70886 1:0 56678
55930 70884 1:0 56688
55943 70854 1:0 56801
56025 70852 1:0 56808
56026 70853 1:0 56809
56035 70851 1:0 56819
56035 70821 1:0 56932
56043 70820 1:0 56940
56061 70819 1:0 56939
56156 70818 1:0 56950
56157 70788 1:0 57063
56157 70786 1:0 57070
56166 70787 1:0 57071
56166 70785 1:0 57081
56174 70755 1:0 57194
56193 70753 1:0 57201
56287 70754 1:0 57202
56288 70752 1:0 57212
56297 70722 1:0 57325
56297 70720 1:0 57332
56303 70721 1:0 57333
56307 70719 1:0 57343
56324 70689 1:0 57456
56418 70688 1:0 57464
56419 70687 1:0 57463
56428 70686 1:0 57474
56428 70656 1:0 57587
56434 70654 1:0 57594
56438 70655 1:0 57595
56439 345 1:0 58935
56467 70653 1:0 57605
57785 73537 21:0 57793
57790 73539 0:0 57793
57790 73538 0:0 57793
57793 73540 21:0 57859
57861 73570 0:0 57864
57866 73571 21:0 57924
57868 73572 0:0 57869
57923 73573 0:0 57935
57937 73603 21:0 57945
57944 73605 0:0 57945
57944 73604 21:0 58011
58009 73606 0:0 58011
58013 73636 21:0 58021
58020 73637 0:0 58021
58020 73638 21:0 58087
58085 73639 0:0 58087
58089 73669 21:0 58097
58096 73670 0:0 58097
58096 73671 21:0 58163
58161 73672 0:0 58163
58165 73702 21:0 58173
58172 73703 0:0 58173
58172 73704 21:0 58239
58237 73705 0:0 58239
58241 73735 21:0 58249
58248 73736 0:0 58249
58248 73737 21:0 58315
58313 73738 0:0 58315
58317 73768 21:0 58325
58324 73770 0:0 58325
58324 73769 21:0 58391
58389 73771 0:0 58391
58393 73801 21:0 58401
58400 73802 0:0 58401
58400 73803 21:0 58467
58465 73804 0:0 58467
58469 73834 0:0 58472
58474 73836 21:0 58532
58476 73835 0:0 58477
58545 73867 0:0 58548
58550 73868 21:0 58608
58552 73869 0:0 58553
58607 73870 0:0 58619
58621 73900 21:0 58629
58626 73902 0:0 58629
58629 73903 21:0 58695
58702 73934 21:0 58760
58704 73935 0:0 58705
58947 72491 1:0 59348
58948 72461 1:0 59461
58957 72459 1:0 59468
58957 72460 1:0 59469
58963 72458 1:0 59479
58976 345 21:0 58990
58983 72428 1:0 59592
58996 72427 1:0 59600
59078 72426 1:0 59599
59079 72425 1:0 59610
59088 72395 1:0 59723
59088 72394 1:0 59731
59094 72393 1:0 59730
59099 72392 1:0 59741
59127 72362 1:0 59854
59209 72360 1:0 59861
59210 72361 1:0 59862
59219 72359 1:0 59872
59219 72329 1:0 59985
59225 72328 1:0 59993
59245 72327 1:0 59992
59258 72326 1:0 60003
59340 72296 1:0 60116
59341 72294 1:0 60123
59350 72295 1:0 60124
59350 72293 1:0 60134
59358 72263 1:0 60247
59376 72261 1:0 60254
59471 72262 1:0 60255
59472 72260 1:0 60265
59472 72230 1:0 60378
59481 72228 1:0 60385
59481 72229 1:0 60386
59489 72227 1:0 60396
59508 72197 1:0 60509
59602 72195 1:0 60516
59603 72196 1:0 60517
59612 72194 1:0 60527
59612 72164 1:0 60640
59618 72163 1:0 60648
59622 72162 1:0 60647
59639 72161 1:0 60658
59733 72131 1:0 60771
59734 72130 1:0 60779
59743 72129 1:0 60778
59743 72128 1:0 60789
59749 72098 1:0 60902
59753 72096 1:0 60909
59754 346 1:0 62250
59782 72097 1:0 60910
59864 72095 1:0 60920
59865 73934 1:0 62652
59874 73935 1:0 62653
59874 73903 1:0 62776
59880 73902 1:0 62784
59900 73900 1:0 62794
59913 73870 1:0 62907
61100 74979 21:0 61108
61105 74981 0:0 61108
61105 74980 0:0 61108
61108 74982 21:0 61174
61176 75012 21:0 61184
61183 75013 0:0 61184
61183 75014 21:0 61250
61248 75015 0:0 61250
61252 75045 21:0 61260
61259 75046 0:0 61260
61259 75047 21:0 61326
61324 75048 0:0 61326
61328 75078 21:0 61336
61335 75080 0:0 61336
61335 75079 21:0 61402
61400 75081 0:0 61402
61404 75111 21:0 61412
61411 75113 0:0 61412
61411 75112 21:0 61478
61476 75114 0:0 61478
61480 75144 21:0 61488
61487 75145 0:0 61488
61487 75146 21:0 61554
61552 75147 0:0 61554
61556 75177 21:0 61564
61563 75179 0:0 61564
61563 75178 21:0 61630
61628 75180 0:0 61630
61632 75210 21:0 61640
61639 75211 0:0 61640
61639 75212 21:0 61706
61704 75213 0:0 61706
61708 75243 0:0 61711
61713 75244 21:0 61771
61715 75245 0:0 61716
61770 75246 0:0 61782
61784 75276 0:0 61787
61789 75278 21:0 61847
61791 75277 0:0 61792
61846 75279 0:0 61858
61860 75309 21:0 61868
61867 75311 0:0 61868
61867 75310 21:0 61934
61932 75312 0:0 61934
61936 75342 21:0 61944
61943 75344 0:0 61944
61943 75343 21:0 62010
62008 75345 0:0 62010
62012 75375 21:0 62020
62019 75377 0:0 62020
62019 75376 0:0 62020
62020 75378 21:0 62086
62088 75408 21:0 62096
62095 75410 0:0 62096
62095 75409 21:0 62162
62262 73868 1:0 62914
62263 73869 1:0 62915
62272 73867 1:0 62925
62272 73836 1:0 63046
62278 73835 1:0 63045
62291 346 21:0 62305
62298 73834 1:0 63056
62311 73804 1:0 63169
62393 73803 1:0 63177
62394 73802 1:0 63176
62403 73801 1:0 63187
62403 73771 1:0 63300
62409 73769 1:0 63307
62414 73770 1:0 63308
62442 73768 1:0 63318
62524 73738 1:0 63431
62525 73737 1:0 63439
62534 73736 1:0 63438
62534 73735 1:0 63449
62540 73705 1:0 63562
62560 73704 1:0 63570
62573 73703 1:0 63569
62655 73702 1:0 63580
62656 73672 1:0 63693
62665 73670 1:0 63700
62665 73671 1:0 63701
62673 73669 1:0 63711
62691 73639 1:0 63824
62786 73638 1:0 63832
62787 73637 1:0 63831
62787 73636 1:0 63842
62796 73606 1:0 63955
62796 73604 1:0 63962
62804 73605 1:0 63963
62823 73603 1:0 63973
62917 73573 1:0 64086
62918 73571 1:0 64093
62927 73572 1:0 64094
62927 73570 1:0 64104
62933 73540 1:0 64217
62937 73539 1:0 64225
62954 73538 1:0 64224
62966 347 1:0 65565
63048 73537 1:0 64235
63049 75409 1:0 65836
63058 75410 1:0 65837
64415 76421 0:0 64418
64420 76423 21:0 64478
64422 76422 0:0 64423
64477 76424 0:0 64489
64491 76454 21:0 64499
64498 76455 0:0 64499
64499 76457 21:0 64565
64567 76487 21:0 64575
64574 76489 0:0 64575
64574 76488 21:0 64641
64639 76490 0:0 64641
64643 76520 21:0 64651
64650 76521 0:0 64651
64650 76522 21:0 64717
64715 76523 0:0 64717
64719 76553 21:0 64727
64726 76555 0:0 64727
64726 76554 21:0 64793
64791 76556 0:0 64793
64795 76586 21:0 64803
64802 76588 0:0 64803
64802 76587 21:0 64869
64867 76589 0:0 64869
64871 76619 21:0 64879
64878 76620 0:0 64879
64878 76621 21:0 64945
64943 76622 0:0 64945
64947 76652 21:0 64955
64954 76653 0:0 64955
64954 76654 21:0 65021
65019 76655 0:0 65021
65023 76685 0:0 65026
65028 76686 21:0 65086
65030 76687 0:0 65031
65085 76688 0:0 65097
65099 76718 21:0 65107
65104 76719 0:0 65107
65106 76720 0:0 65107
65107 76721 21:0 65173
65175 76751 21:0 65183
65182 76753 21:0 65249
65247 76754 0:0 65249
65251 76784 21:0 65259
65484 76884 21:0 65542
65577 75408 1:0 65847
65578 75378 1:0 65960
65587 75376 1:0 65967
65587 75377 1:0 65968
65593 75375 1:0 65978
65606 347 21:0 65620
65613 75345 1:0 66091
65626 75343 1:0 66098
65708 75344 1:0 66099
65709 75342 1:0 66109
65718 75312 1:0 66222
65718 75310 1:0 66229
65724 75311 1:0 66230
65729 75309 1:0 66240
65757 75279 1:0 66353
65839 75278 1:0 66361
65840 75277 1:0 66360
65849 75276 1:0 66371
65849 75246 1:0 66484
65855 75244 1:0 66491
65875 75245 1:0 66492
65888 75243 1:0 66502
65970 75213 1:0 66615
65971 75212 1:0 66623
65980 75211 1:0 66622
65980 75210 1:0 66633
65988 75180 1:0 66746
66006 75178 1:0 66753
66101 75179 1:0 66754
66102 75177 1:0 66764
66102 75147 1:0 66877
66111 75145 1:0 66884
66111 75146 1:0 66885
66119 75144 1:0 66895
66138 75114 1:0 67008
66232 75112 1:0 67015
66233 75113 1:0 67016
66242 75111 1:0 67026
66242 75081 1:0 67139
66248 75079 1:0 67146
66252 75080 1:0 67147
66269 75078 1:0 67157
66363 75048 1:0 67270
66364 75047 1:0 67278
66373 75046 1:0 67277
66373 75045 1:0 67288
66379 75015 1:0 67401
66383 75014 1:0 67409
66384 348 1:0 68880
66412 75013 1:0 67408
66494 75012 1:0 67419
66495 74982 1:0 67532
66504 74980 1:0 67539
66504 74981 1:0 67540
66510 74979 1:0 67550
67730 77863 0:0 67733
67735 77865 21:0 67793
67737 77864 0:0 67738
67792 77866 0:0 67804
67806 77896 21:0 67814
67811 77897 0:0 67814
67813 77898 0:0 67814
67814 77899 21:0 67880
67882 77929 21:0 67890
67889 77930 0:0 67890
67889 77931 0:0 67890
67890 77932 21:0 67956
67958 77962 21:0 67966
67965 77963 0:0 67966
67965 77964 21:0 68032
68030 77965 0:0 68032
68034 77995 21:0 68042
68041 77997 0:0 68042
68041 77996 21:0 68108
68106 77998 0:0 68108
68110 78028 21:0 68118
68117 78030 0:0 68118
68117 78029 21:0 68184
68182 78031 0:0 68184
68186 78061 21:0 68194
68193 78062 0:0 68194
68193 78063 21:0 68260
68258 78064 0:0 68260
68262 78094 21:0 68270
68269 78096 0:0 68270
68269 78095 21:0 68336
68334 78097 0:0 68336
68338 78127 21:0 68346
68343 78128 0:0 68346
68343 78129 0:0 68346
68346 78130 21:0 68412
68414 78160 21:0 68422
68421 78162 0:0 68422
68421 78161 21:0 68488
68486 78163 0:0 68488
68490 78193 21:0 68498
68497 78194 0:0 68498
68497 78195 21:0 68564
68562 78196 0:0 68564
68566 78226 21:0 68574
68573 78227 0:0 68574
68573 78228 21:0 68640
68638 78229 0:0 68640
68642 78259 21:0 68650
68649 78260 0:0 68650
68649 78261 21:0 68716
68714 78262 0:0 68716
68718 78292 21:0 68726
68892 76884 1:0 69020
68893 76784 1:0 69424
68902 76754 1:0 69537
68902 76753 1:0 69545
68908 76751 1:0 69555
68921 348 21:0 68935
68928 76721 1:0 69668
68941 76720 1:0 69676
69023 76719 1:0 69675
69024 76718 1:0 69686
69033 76688 1:0 69799
69033 76686 1:0 69806
69039 76687 1:0 69807
69044 76685 1:0 69817
69072 76655 1:0 69930
69154 76654 1:0 69938
69155 76653 1:0 69937
69164 76652 1:0 69948
69164 76622 1:0 70061
69170 76621 1:0 70069
69190 76620 1:0 70068
69203 76619 1:0 70079
69285 76589 1:0 70192
69286 76587 1:0 70199
69295 76588 1:0 70200
69295 76586 1:0 70210
69303 76556 1:0 70323
69321 76554 1:0 70330
69416 76555 1:0 70331
69417 76553 1:0 70341
69417 76523 1:0 70454
69426 76521 1:0 70461
69426 76522 1:0 70462
69434 76520 1:0 70472
69453 76490 1:0 70585
69547 76488 1:0 70592
69548 76489 1:0 70593
69557 76487 1:0 70603
69557 76457 1:0 70716
69563 76455 1:0 70723
69567 76454 1:0 70734
69584 76424 1:0 70847
69596 349 1:0 72195
69678 76423 1:0 70855
69679 76422 1:0 70854
69688 76421 1:0 70865
69688 78292 1:0 72477
69694 78262 1:0 72590
69699 78261 1:0 72598
69727 78260 1:0 72597
69809 78259 1:0 72608
69810 78229 1:0 72721
69819 78227 1:0 72728
69819 78228 1:0 72729
71045 79305 0:0 71048
71050 79306 21:0 71108
71052 79307 0:0 71053
71107 79308 0:0 71119
71121 79338 21:0 71129
71128 79339 0:0 71129
71128 79340 0:0 71129
71129 79341 21:0 71195
71197 79371 21:0 71205
71204 79373 0:0 71205
71204 79372 21:0 71271
71269 79374 0:0 71271
71273 79404 21:0 71281
71280 79406 0:0 71281
71280 79405 21:0 71347
71345 79407 0:0 71347
71349 79437 21:0 71357
71356 79438 0:0 71357
71356 79439 21:0 71423
71421 79440 0:0 71423
71425 79470 21:0 71433
71432 79472 0:0 71433
71432 79471 21:0 71499
71497 79473 0:0 71499
71501 79503 21:0 71509
71508 79505 0:0 71509
71508 79504 21:0 71575
71573 79506 0:0 71575
71577 79536 21:0 71585
71584 79537 0:0 71585
71584 79538 21:0 71651
71649 79539 0:0 71651
71653 79569 21:0 71661
71660 79570 0:0 71661
71660 79571 21:0 71727
71725 79572 0:0 71727
71729 79602 21:0 71737
71734 79603 0:0 71737
71736 79604 0:0 71737
71737 79605 21:0 71803
71805 79635 0:0 71808
71810 79636 21:0 71868
71812 79637 0:0 71813
71867 79638 0:0 71879
71881 79668 21:0 71889
71888 79670 0:0 71889
71888 79669 0:0 71889
71889 79671 21:0 71955
71957 79701 21:0 71965
71964 79702 0:0 71965
71964 79703 21:0 72031
72029 79704 0:0 72031
72207 78226 1:0 72739
72208 78196 1:0 72852
72217 78194 1:0 72859
72217 78195 1:0 72860
72223 78193 1:0 72870
72236 349 21:0 72250
72243 78163 1:0 72983
72256 78161 1:0 72990
72338 78162 1:0 72991
72339 78160 1:0 73001
72348 78130 1:0 73114
72348 78129 1:0 73122
72354 78128 1:0 73121
72359 78127 1:0 73132
72387 78097 1:0 73245
72469 78095 1:0 73252
72470 78096 1:0 73253
72479 78094 1:0 73263
72479 78064 1:0 73376
72485 78063 1:0 73384
72505 78062 1:0 73383
72518 78061 1:0 73394
72600 78031 1:0 73507
72601 78029 1:0 73514
72610 78030 1:0 73515
72610 78028 1:0 73525
72618 77998 1:0 73638
72636 77996 1:0 73645
72731 77997 1:0 73646
72732 77995 1:0 73656
72732 77965 1:0 73769
72741 77963 1:0 73776
72741 77964 1:0 73777
72749 77962 1:0 73787
72768 77932 1:0 73900
72862 77930 1:0 73907
72863 77931 1:0 73908
72872 77929 1:0 73918
72872 77899 1:0 74031
72878 77898 1:0 74039
72882 77897 1:0 74038
72899 77896 1:0 74049
72911 350 1:0 75510
72993 77866 1:0 74162
72994 77865 1:0 74170
73003 77864 1:0 74169
73003 77863 1:0 74180
74360 80747 21:0 74368
74365 80749 0:0 74368
74365 80748 0:0 74368
74368 80750 21:0 74434
74436 80780 21:0 74444
74443 80782 0:0 74444
74443 80781 21:0 74510
74508 80783 0:0 74510
74512 80813 21:0 74520
74519 80815 0:0 74520
74519 80814 0:0 74520
74520 80816 21:0 74586
74588 80846 21:0 74596
74595 80847 0:0 74596
74595 80848 21:0 74662
74660 80849 0:0 74662
74664 80879 0:0 74667
74669 80881 21:0 74727
74671 80880 0:0 74672
74726 80882 0:0 74738
74740 80912 21:0 74748
74747 80913 0:0 74748
74747 80914 21:0 74814
74812 80915 0:0 74814
74816 80945 21:0 74824
74823 80947 0:0 74824
74823 80946 21:0 74890
74888 80948 0:0 74890
74892 80978 21:0 74900
74899 80979 0:0 74900
74899 80980 21:0 74966
74964 80981 0:0 74966
74968 81011 0:0 74971
74973 81013 21:0 75031
74975 81012 0:0 74976
75030 81014 0:0 75042
75044 81044 21:0 75052
75049 81046 0:0 75052
75051 81045 0:0 75052
75052 81047 21:0 75118
75120 81077 0:0 75123
75125 81079 21:0 75183
75127 81078 0:0 75128
75182 81080 0:0 75194
75196 81110 21:0 75204
75522 79704 1:0 75905
75523 79703 1:0 75913
75532 79702 1:0 75912
75532 79701 1:0 75923
75538 79671 1:0 76036
75551 350 21:0 75565
75558 79669 1:0 76043
75571 79670 1:0 76044
75653 79668 1:0 76054
75654 79638 1:0 76167
75663 79636 1:0 76174
75663 79637 1:0 76175
75669 79635 1:0 76185
75674 79605 1:0 76298
75702 79604 1:0 76306
75784 79603 1:0 76305
75785 79602 1:0 76316
75794 79572 1:0 76429
75794 79571 1:0 76437
75800 79570 1:0 76436
75820 79569 1:0 76447
75833 79539 1:0 76560
75915 79538 1:0 76568
75916 79537 1:0 76567
75925 79536 1:0 76578
75925 79506 1:0 76691
75933 79504 1:0 76698
75951 79505 1:0 76699
76046 79503 1:0 76709
76047 79473 1:0 76822
76047 79471 1:0 76829
76056 79472 1:0 76830
76056 79470 1:0 76840
76064 79440 1:0 76953
76083 79439 1:0 76961
76177 79438 1:0 76960
76178 79437 1:0 76971
76187 79407 1:0 77084
76187 79405 1:0 77091
76193 79406 1:0 77092
76197 79404 1:0 77102
76214 79374 1:0 77215
76308 79372 1:0 77222
76309 79373 1:0 77223
76318 79371 1:0 77233
76318 79341 1:0 77346
76324 79340 1:0 77354
76328 79339 1:0 77353
76329 351 1:0 78825
76357 79338 1:0 77364
76439 79308 1:0 77477
76440 79306 1:0 77484
76449 79307 1:0 77485
76449 79305 1:0 77495
77675 82189 21:0 77683
77680 82190 0:0 77683
77682 82191 0:0 77683
77683 82192 21:0 77749
77751 82222 21:0 77759
77758 82224 0:0 77759
77758 82223 21:0 77825
77823 82225 0:0 77825
77827 82255 21:0 77835
77834 82257 0:0 77835
77834 82256 0:0 77835
77835 82258 21:0 77901
77903 82288 21:0 77911
77910 82290 0:0 77911
77910 82289 0:0 77911
77911 82291 21:0 77977
77979 82321 21:0 77987
77986 82322 0:0 77987
77986 82323 21:0 78053
78051 82324 0:0 78053
78055 82354 21:0 78063
78062 82356 0:0 78063
78062 82355 21:0 78129
78127 82357 0:0 78129
78131 82387 21:0 78139
78138 82388 0:0 78139
78138 82389 21:0 78205
78203 82390 0:0 78205
78207 82420 21:0 78215
78214 82421 0:0 78215
78214 82422 21:0 78281
78279 82423 0:0 78281
78283 82453 21:0 78291
78290 82455 0:0 78291
78290 82454 21:0 78357
78355 82456 0:0 78357
78359 82486 21:0 78367
78366 82487 0:0 78367
78366 82488 21:0 78433
78431 82489 0:0 78433
78435 82519 21:0 78443
78442 82520 0:0 78443
78442 82521 21:0 78509
78507 82522 0:0 78509
78511 82552 21:0 78519
78516 82553 0:0 78519
78518 82554 0:0 78519
78519 82555 21:0 78585
78587 82585 21:0 78595
78594 82587 0:0 78595
78594 82586 21:0 78661
78659 82588 0:0 78661
78837 81110 1:0 79369
78838 81080 1:0 79482
78847 81078 1:0 79489
78847 81079 1:0 79490
78853 81077 1:0 79500
78866 351 21:0 78880
78873 81047 1:0 79613
78886 81046 1:0 79621
78968 81045 1:0 79620
78969 81044 1:0 79631
78978 81014 1:0 79744
78978 81013 1:0 79752
78984 81012 1:0 79751
78989 81011 1:0 79762
79017 80981 1:0 79875
79099 80980 1:0 79883
79100 80979 1:0 79882
79109 80978 1:0 79893
79109 80948 1:0 80006
79115 80946 1:0 80013
79135 80947 1:0 80014
79148 80945 1:0 80024
79230 80915 1:0 80137
79231 80914 1:0 80145
79240 80913 1:0 80144
79240 80912 1:0 80155
79248 80882 1:0 80268
79266 80881 1:0 80276
79361 80880 1:0 80275
79362 80879 1:0 80286
79362 80849 1:0 80399
79371 80847 1:0 80406
79371 80848 1:0 80407
79379 80846 1:0 80417
79398 80816 1:0 80530
79492 80815 1:0 80538
79493 80814 1:0 80537
79502 80813 1:0 80548
79502 80783 1:0 80661
79508 80781 1:0 80668
79512 80782 1:0 80669
79529 80780 1:0 80679
79541 352 1:0 82140
79623 80750 1:0 80792
79624 80749 1:0 80800
79633 80748 1:0 80799
79633 80747 1:0 80810
79639 82588 1:0 82535
79644 82586 1:0 82542
79672 82587 1:0 82543
79754 82585 1:0 82553
80990 83631 21:0 80998
80995 83632 0:0 80998
80997 83633 0:0 80998
80998 83634 21:0 81064
81066 83664 21:0 81074
81073 83665 0:0 81074
81073 83666 21:0 81140
81138 83667 0:0 81140
81142 83697 21:0 81150
81149 83699 0:0 81150
81149 83698 21:0 81216
81214 83700 0:0 81216
81218 83730 21:0 81226
81225 83732 0:0 81226
81225 83731 21:0 81292
81290 83733 0:0 81292
81294 83763 21:0 81302
81301 83765 0:0 81302
81301 83764 21:0 81368
81366 83766 0:0 81368
81370 83796 21:0 81378
81377 83798 0:0 81378
81377 83797 21:0 81444
81442 83799 0:0 81444
81446 83829 21:0 81454
81453 83831 0:0 81454
81453 83830 0:0 81454
81454 83832 21:0 81520
81522 83862 21:0 81530
81529 83864 0:0 81530
81529 83863 21:0 81596
81594 83865 0:0 81596
81598 83895 0:0 81601
81603 83897 21:0 81661
81605 83896 0:0 81606
81660 83898 0:0 81672
81674 83928 21:0 81682
81681 83929 0:0 81682
81681 83930 21:0 81748
81746 83931 0:0 81748
81755 83962 21:0 81813
81757 83963 0:0 81758
81812 83964 0:0 81824
81826 83994 0:0 81829
81831 83996 21:0 81889
81833 83995 0:0 81834
81888 83997 0:0 81900
81902 84027 21:0 81910
81983 84062 21:0 82041
82152 82555 1:0 82666
82153 82553 1:0 82673
82162 82554 1:0 82674
82162 82552 1:0 82684
82168 82522 1:0 82797
82181 352 21:0 82195
82188 82521 1:0 82805
82201 82520 1:0 82804
82283 82519 1:0 82815
82284 82489 1:0 82928
82293 82487 1:0 82935
82293 82488 1:0 82936
82299 82486 1:0 82946
82304 82456 1:0 83059
82332 82454 1:0 83066
82414 82455 1:0 83067
82415 82453 1:0 83077
82424 82423 1:0 83190
82424 82422 1:0 83198
82430 82421 1:0 83197
82450 82420 1:0 83208
82463 82390 1:0 83321
82545 82389 1:0 83329
82546 82388 1:0 83328
82555 82387 1:0 83339
82555 82357 1:0 83452
82563 82355 1:0 83459
82581 82356 1:0 83460
82676 82354 1:0 83470
82677 82324 1:0 83583
82677 82323 1:0 83591
82686 82322 1:0 83590
82686 82321 1:0 83601
82694 82291 1:0 83714
82713 82289 1:0 83721
82807 82290 1:0 83722
82808 82288 1:0 83732
82817 82258 1:0 83845
82817 82257 1:0 83853
82823 82256 1:0 83852
82827 82255 1:0 83863
82844 82225 1:0 83976
82938 82223 1:0 83983
82939 82224 1:0 83984
82948 82222 1:0 83994
82948 82192 1:0 84107
82954 82191 1:0 84115
82958 82190 1:0 84114
82959 353 1:0 85455
82987 82189 1:0 84125
84305 85073 21:0 84313
84312 85075 0:0 84313
84312 85074 0:0 84313
84313 85076 21:0 84379
84381 85106 21:0 84389
84386 85107 0:0 84389
84388 85108 0:0 84389
84389 85109 21:0 84455
84457 85139 21:0 84465
84464 85141 0:0 84465
84464 85140 21:0 84531
84529 85142 0:0 84531
84533 85172 21:0 84541
84540 85173 0:0 84541
84540 85174 21:0 84607
84605 85175 0:0 84607
84609 85205 21:0 84617
84616 85206 0:0 84617
84616 85207 21:0 84683
84681 85208 0:0 84683
84685 85238 21:0 84693
84692 85240 0:0 84693
84692 85239 21:0 84759
84757 85241 0:0 84759
84761 85271 21:0 84769
84768 85272 0:0 84769
84768 85273 21:0 84835
84833 85274 0:0 84835
84837 85304 21:0 84845
84844 85305 0:0 84845
84844 85306 21:0 84911
84909 85307 0:0 84911
84913 85337 21:0 84921
84920 85338 0:0 84921
84920 85339 21:0 84987
84985 85340 0:0 84987
84989 85370 0:0 84992
84994 85372 21:0 85052
84996 85371 0:0 84997
85051 85373 0:0 85063
85065 85403 21:0 85073
85072 85404 0:0 85073
85072 85405 0:0 85073
85073 85406 21:0 85139
85141 85436 0:0 85144
85146 85437 21:0 85204
85148 85438 0:0 85149
85203 85439 0:0 85215
85467 84062 1:0 85727
85468 84027 1:0 85868
85477 83997 1:0 85981
85477 83996 1:0 85989
85483 83995 1:0 85988
85496 353 21:0 85510
85503 83994 1:0 85999
85516 83964 1:0 86112
85598 83962 1:0 86119
85599 83963 1:0 86120
85608 83931 1:0 86243
85608 83930 1:0 86251
85614 83929 1:0 86250
85619 83928 1:0 86261
85647 83898 1:0 86374
85729 83897 1:0 86382
85730 83896 1:0 86381
85739 83895 1:0 86392
85739 83865 1:0 86505
85745 83863 1:0 86512
85765 83864 1:0 86513
85778 83862 1:0 86523
85860 83832 1:0 86636
85861 83830 1:0 86643
85870 83831 1:0 86644
85870 83829 1:0 86654
85878 83799 1:0 86767
85896 83797 1:0 86774
85991 83798 1:0 86775
85992 83796 1:0 86785
85992 83766 1:0 86898
86001 83764 1:0 86905
86001 83765 1:0 86906
86009 83763 1:0 86916
86028 83733 1:0 87029
86122 83731 1:0 87036
86123 83732 1:0 87037
86132 83730 1:0 87047
86132 83700 1:0 87160
86138 83698 1:0 87167
86142 83699 1:0 87168
86159 83697 1:0 87178
86253 83667 1:0 87291
86254 83666 1:0 87299
86263 83665 1:0 87298
86263 83664 1:0 87309
86269 83634 1:0 87422
86273 83633 1:0 87430
86274 354 1:0 88770
86302 83632 1:0 87429
86384 83631 1:0 87440
86385 85439 1:0 89296
87620 86515 0:0 87623
87625 86517 21:0 87683
87627 86516 0:0 87628
87682 86518 0:0 87694
87696 86548 21:0 87704
87703 86549 0:0 87704
87703 86550 0:0 87704
87704 86551 21:0 87770
87772 86581 21:0 87780
87779 86583 0:0 87780
87779 86582 21:0 87846
87844 86584 0:0 87846
87848 86614 21:0 87856
87855 86615 0:0 87856
87855 86616 21:0 87922
87920 86617 0:0 87922
87924 86647 21:0 87932
87931 86649 0:0 87932
87931 86648 21:0 87998
87996 86650 0:0 87998
88000 86680 21:0 88008
88007 86681 0:0 88008
88007 86682 21:0 88074
88072 86683 0:0 88074
88076 86713 21:0 88084
88083 86714 0:0 88084
88083 86715 21:0 88150
88148 86716 0:0 88150
88152 86746 21:0 88160
88159 86748 0:0 88160
88159 86747 21:0 88226
88224 86749 0:0 88226
88228 86779 0:0 88231
88233 86780 21:0 88291
88235 86781 0:0 88236
88290 86782 0:0 88302
88304 86812 21:0 88312
88311 86813 0:0 88312
88311 86814 21:0 88378
88385 86847 21:0 88443
88387 86846 0:0 88388
88442 86848 0:0 88454
88456 86878 0:0 88459
88461 86879 21:0 88519
88463 86880 0:0 88464
88518 86881 0:0 88530
88532 86911 21:0 88540
88539 86912 21:0 88606
88613 86945 21:0 88671
88670 86947 0:0 88682
88782 85437 1:0 89303
88783 85438 1:0 89304
88792 85436 1:0 89314
88792 85406 1:0 89427
88798 85404 1:0 89434
88811 354 21:0 88825
88818 85405 1:0 89435
88831 85403 1:0 89445
88913 85373 1:0 89558
88914 85372 1:0 89566
88923 85371 1:0 89565
88923 85370 1:0 89576
88929 85340 1:0 89689
88934 85339 1:0 89697
88962 85338 1:0 89696
89044 85337 1:0 89707
89045 85307 1:0 89820
89054 85305 1:0 89827
89054 85306 1:0 89828
89060 85304 1:0 89838
89080 85274 1:0 89951
89093 85273 1:0 89959
89175 85272 1:0 89958
89176 85271 1:0 89969
89185 85241 1:0 90082
89185 85239 1:0 90089
89193 85240 1:0 90090
89211 85238 1:0 90100
89306 85208 1:0 90213
89307 85206 1:0 90220
89307 85207 1:0 90221
89316 85205 1:0 90231
89316 85175 1:0 90344
89324 85174 1:0 90352
89343 85173 1:0 90351
89437 85172 1:0 90362
89438 85142 1:0 90475
89447 85140 1:0 90482
89447 85141 1:0 90483
89453 85139 1:0 90493
89457 85109 1:0 90606
89474 85107 1:0 90613
89568 85108 1:0 90614
89569 85106 1:0 90624
89578 85076 1:0 90737
89578 85074 1:0 90744
89584 85075 1:0 90745
89588 85073 1:0 90755
89589 355 1:0 92085
89617 86947 1:0 92349
89699 86945 1:0 92356
89700 86912 1:0 92487
89709 86911 1:0 92498
89709 86881 1:0 92611
89715 86879 1:0 92618
89735 86880 1:0 92619
89748 86878 1:0 92629
89830 86848 1:0 92742
90935 87957 0:0 90938
90940 87959 21:0 90998
90942 87958 0:0 90943
90997 87960 0:0 91009
91011 87990 21:0 91019
91016 87991 0:0 91019
91018 87992 0:0 91019
91019 87993 21:0 91085
91087 88023 21:0 91095
91094 88024 0:0 91095
91094 88025 0:0 91095
91095 88026 21:0 91161
91163 88056 21:0 91171
91170 88057 0:0 91171
91170 88058 21:0 91237
91235 88059 0:0 91237
91239 88089 21:0 91247
91246 88090 0:0 91247
91246 88091 21:0 91313
91311 88092 0:0 91313
91315 88122 21:0 91323
91322 88124 0:0 91323
91322 88123 21:0 91389
91387 88125 0:0 91389
91391 88155 21:0 91399
91398 88156 0:0 91399
91398 88157 21:0 91465
91463 88158 0:0 91465
91467 88188 21:0 91475
91474 88189 0:0 91475
91474 88190 21:0 91541
91539 88191 0:0 91541
91543 88221 0:0 91546
91548 88222 21:0 91606
91550 88223 0:0 91551
91605 88224 0:0 91617
91619 88254 0:0 91622
91624 88256 21:0 91682
91626 88255 0:0 91627
91681 88257 0:0 91693
91695 88287 0:0 91698
91700 88289 21:0 91758
91702 88288 0:0 91703
91757 88290 0:0 91769
91771 88320 21:0 91779
91778 88321 0:0 91779
91778 88322 21:0 91845
91843 88323 0:0 91845
91847 88353 21:0 91855
91852 88354 0:0 91855
91854 88355 0:0 91855
91855 88356 21:0 91921
91923 88386 21:0 91931
91930 88388 0:0 91931
91930 88387 21:0 91997
91995 88389 0:0 91997
92097 86847 1:0 92750
92098 86846 1:0 92749
92107 86813 1:0 92880
92107 86814 1:0 92881
92113 86812 1:0 92891
92126 355 21:0 92140
92133 86782 1:0 93004
92146 86780 1:0 93011
92228 86781 1:0 93012
92229 86779 1:0 93022
92238 86749 1:0 93135
92238 86747 1:0 93142
92244 86748 1:0 93143
92249 86746 1:0 93153
92277 86716 1:0 93266
92359 86715 1:0 93274
92360 86714 1:0 93273
92369 86713 1:0 93284
92369 86683 1:0 93397
92375 86682 1:0 93405
92395 86681 1:0 93404
92408 86680 1:0 93415
92490 86650 1:0 93528
92491 86648 1:0 93535
92500 86649 1:0 93536
92500 86647 1:0 93546
92508 86617 1:0 93659
92526 86616 1:0 93667
92621 86615 1:0 93666
92622 86614 1:0 93677
92622 86584 1:0 93790
92631 86582 1:0 93797
92631 86583 1:0 93798
92639 86581 1:0 93808
92658 86551 1:0 93921
92752 86549 1:0 93928
92753 86550 1:0 93929
92762 86548 1:0 93939
92762 86518 1:0 94052
92768 86517 1:0 94060
92772 86516 1:0 94059
92789 86515 1:0 94070
92801 356 1:0 95400
94250 89399 0:0 94253
94255 89401 21:0 94313
94257 89400 0:0 94258
94312 89402 0:0 94324
94326 89432 21:0 94334
94333 89434 0:0 94334
94333 89433 0:0 94334
94334 89435 21:0 94400
94402 89465 21:0 94410
94409 89467 0:0 94410
94409 89466 21:0 94476
94474 89468 0:0 94476
94478 89498 21:0 94486
94485 89499 0:0 94486
94485 89500 21:0 94552
94550 89501 0:0 94552
94554 89531 21:0 94562
94561 89532 0:0 94562
94561 89533 21:0 94628
94626 89534 0:0 94628
94630 89564 21:0 94638
94637 89565 0:0 94638
94637 89566 21:0 94704
94702 89567 0:0 94704
94706 89597 21:0 94714
94713 89598 0:0 94714
94713 89599 0:0 94714
94714 89600 21:0 94780
94782 89630 21:0 94790
94789 89631 0:0 94790
94789 89632 21:0 94856
94854 89633 0:0 94856
94858 89663 21:0 94866
94865 89664 0:0 94866
94865 89665 21:0 94932
94930 89666 0:0 94932
94942 89699 21:0 95008
95018 89732 21:0 95084
95091 89764 0:0 95094
95094 89765 21:0 95160
95162 89795 21:0 95170
95412 88389 1:0 95664
95413 88387 1:0 95671
95422 88388 1:0 95672
95422 88386 1:0 95682
95428 88356 1:0 95795
95441 356 21:0 95455
95448 88355 1:0 95803
95461 88354 1:0 95802
95543 88353 1:0 95813
95544 88323 1:0 95926
95553 88321 1:0 95933
95553 88322 1:0 95934
95559 88320 1:0 95944
95564 88290 1:0 96057
95592 88289 1:0 96065
95674 88288 1:0 96064
95675 88287 1:0 96075
95684 88257 1:0 96188
95684 88256 1:0 96196
95690 88255 1:0 96195
95710 88254 1:0 96206
95723 88224 1:0 96319
95805 88222 1:0 96326
95806 88223 1:0 96327
95815 88221 1:0 96337
95815 88191 1:0 96450
95823 88190 1:0 96458
95841 88189 1:0 96457
95936 88188 1:0 96468
95937 88158 1:0 96581
95937 88157 1:0 96589
95946 88156 1:0 96588
95946 88155 1:0 96599
95954 88125 1:0 96712
95973 88123 1:0 96719
96067 88124 1:0 96720
96068 88122 1:0 96730
96077 88092 1:0 96843
96077 88091 1:0 96851
96083 88090 1:0 96850
96087 88089 1:0 96861
96104 88059 1:0 96974
96198 88058 1:0 96982
96199 88057 1:0 96981
96208 88056 1:0 96992
96208 88026 1:0 97105
96214 88025 1:0 97113
96218 88024 1:0 97112
96247 88023 1:0 97123
96329 87993 1:0 97236
96330 87992 1:0 97244
96339 87991 1:0 97243
96339 87990 1:0 97254
96345 87960 1:0 97367
96350 87959 1:0 97375
96365 357 1:0 98715
96378 87958 1:0 97374
96460 87957 1:0 97385
97565 90841 0:0 97568
97570 90842 21:0 97628
97572 90843 0:0 97573
97627 90844 0:0 97639
97641 90874 0:0 97644
97646 90875 21:0 97704
97648 90876 0:0 97649
97703 90877 0:0 97715
97717 90907 21:0 97725
97724 90908 0:0 97725
97724 90909 21:0 97791
97789 90910 0:0 97791
97793 90940 21:0 97801
97800 90942 0:0 97801
97800 90941 21:0 97867
97865 90943 0:0 97867
97869 90973 21:0 97877
97876 90975 0:0 97877
97876 90974 21:0 97943
97941 90976 0:0 97943
97945 91006 21:0 97953
97952 91008 0:0 97953
97952 91007 21:0 98019
98017 91009 0:0 98019
98021 91039 21:0 98029
98028 91041 0:0 98029
98028 91040 21:0 98095
98093 91042 0:0 98095
98097 91072 21:0 98105
98104 91073 0:0 98105
98104 91074 21:0 98171
98169 91075 0:0 98171
98173 91105 21:0 98181
98180 91106 0:0 98181
98180 91107 21:0 98247
98245 91108 0:0 98247
98249 91138 21:0 98257
98256 91140 0:0 98257
98256 91139 21:0 98323
98321 91141 0:0 98323
98325 91171 21:0 98333
98332 91172 0:0 98333
98332 91173 21:0 98399
98397 91174 0:0 98399
98401 91204 21:0 98409
98408 91206 0:0 98409
98408 91205 21:0 98475
98473 91207 0:0 98475
98477 91237 0:0 98480
98482 91239 21:0 98540
98484 91238 0:0 98485
98539 91240 0:0 98551
98553 91270 21:0 98561
98560 91272 0:0 98561
98560 91271 21:0 98627
98625 91273 0:0 98627
98727 89795 1:0 99128
98728 89765 1:0 99241
98737 89764 1:0 99249
98737 89732 1:0 99372
98743 89699 1:0 99503
98756 357 21:0 98770
98763 89666 1:0 99634
98776 89665 1:0 99642
98858 89664 1:0 99641
98859 89663 1:0 99652
98868 89633 1:0 99765
98868 89632 1:0 99773
98874 89631 1:0 99772
98879 89630 1:0 99783
98907 89600 1:0 99896
98989 89598 1:0 99903
98990 89599 1:0 99904
98999 89597 1:0 99914
98999 89567 1:0 100027
99005 89566 1:0 100035
99025 89565 1:0 100034
99038 89564 1:0 100045
99120 89534 1:0 100158
99121 89533 1:0 100166
99130 89532 1:0 100165
99130 89531 1:0 100176
99138 89501 1:0 100289
99156 89500 1:0 100297
99251 89499 1:0 100296
99252 89498 1:0 100307
99252 89468 1:0 100420
99261 89466 1:0 100427
99261 89467 1:0 100428
99269 89465 1:0 100438
99288 89435 1:0 100551
99382 89434 1:0 100559
99383 89433 1:0 100558
99392 89432 1:0 100569
99392 89402 1:0 100682
99398 89401 1:0 100690
99402 89400 1:0 100689
99419 89399 1:0 100700
99431 358 1:0 102030
100880 92283 0:0 100883
100885 92285 21:0 100943
100887 92284 0:0 100888
100942 92286 0:0 100954
100956 92316 0:0 100959
100961 92317 21:0 101019
100963 92318 0:0 100964
101018 92319 0:0 101030
101032 92349 21:0 101040
101039 92350 0:0 101040
101039 92351 21:0 101106
101104 92352 0:0 101106
101108 92382 0:0 101111
101113 92383 21:0 101171
101115 92384 0:0 101116
101170 92385 0:0 101182
101184 92415 21:0 101192
101191 92416 0:0 101192
101191 92417 21:0 101258
101256 92418 0:0 101258
101260 92448 0:0 101263
101265 92450 21:0 101323
101267 92449 0:0 101268
101322 92451 0:0 101334
101336 92481 0:0 101339
101341 92482 21:0 101399
101343 92483 0:0 101344
101398 92484 0:0 101410
101412 92514 21:0 101420
101419 92516 21:0 101486
101484 92517 0:0 101486
101493 92548 21:0 101551
101495 92549 0:0 101496
101550 92550 0:0 101562
101569 92582 21:0 101627
101716 92646 21:0 101724
101724 92649 21:0 101790
101797 92681 21:0 101855
101799 92680 0:0 101800
101868 92712 21:0 101876
101875 92713 21:0 101942
102042 91273 1:0 102294
102043 91271 1:0 102301
102052 91272 1:0 102302
102052 91270 1:0 102312
102058 91240 1:0 102425
102071 358 21:0 102085
102078 91239 1:0 102433
102091 91238 1:0 102432
102173 91237 1:0 102443
102174 91207 1:0 102556
102183 91205 1:0 102563
102183 91206 1:0 102564
102189 91204 1:0 102574
102194 91174 1:0 102687
102222 91173 1:0 102695
102304 91172 1:0 102694
102305 91171 1:0 102705
102314 91141 1:0 102818
102314 91139 1:0 102825
102320 91140 1:0 102826
102340 91138 1:0 102836
102353 91108 1:0 102949
102435 91107 1:0 102957
102436 91106 1:0 102956
102445 91105 1:0 102967
102445 91075 1:0 103080
102453 91074 1:0 103088
102471 91073 1:0 103087
102566 91072 1:0 103098
102567 91042 1:0 103211
102567 91040 1:0 103218
102576 91041 1:0 103219
102576 91039 1:0 103229
102584 91009 1:0 103342
102603 91007 1:0 103349
102697 91008 1:0 103350
102698 91006 1:0 103360
102707 90976 1:0 103473
102707 90974 1:0 103480
102713 90975 1:0 103481
102717 90973 1:0 103491
102734 90943 1:0 103604
102828 90941 1:0 103611
102829 90942 1:0 103612
102838 90940 1:0 103622
102838 90910 1:0 103735
102844 90909 1:0 103743
102848 90908 1:0 103742
102877 90907 1:0 103753
102959 90877 1:0 103866
102960 90875 1:0 103873
102969 90876 1:0 103874
102969 90874 1:0 103884
102975 90844 1:0 103997
102980 90842 1:0 104004
102995 359 1:0 104128
103008 90843 1:0 104005
103090 90841 1:0 104015
103091 46024 1:0 104237
103091 46031 1:0 104237
103091 46026 1:0 104301
103100 46025 1:0 104236
103100 46019 1:0 104236
103100 46030 1:0 104237
103100 46028 1:0 104237
103100 46018 1:0 104237
103100 46029 1:0 104237
103106 46027 1:0 104237
103111 92713 1:0 104443
103127 46174 1:0 104523
103139 46172 1:0 104457
103139 46173 1:0 104458
103139 46171 1:0 104458
103221 46166 1:0 104457
103221 46165 1:0 104458
103221 46178 1:0 104458
103222 46177 1:0 104458
103222 46176 1:0 104458
103231 46175 1:0 104458
103231 92712 1:0 104590
103231 46319 1:0 104678
103231 46320 1:0 104743
103237 92681 1:0 104664
103241 46323 1:0 104678
103242 46318 1:0 104679
103258 46325 1:0 104678
103270 46324 1:0 104678
103270 46313 1:0 104678
103352 46321 1:0 104678
103352 46322 1:0 104678
103352 46312 1:0 104679
103353 92680 1:0 104800
103362 92649 1:0 104885
103362 46470 1:0 104899
103362 46467 1:0 104964
103368 46471 1:0 104899
103370 46472 1:0 104899
103373 46469 1:0 104899
103373 46459 1:0 104900
103389 46468 1:0 104899
103389 46460 1:0 104899
103401 46466 1:0 104899
103401 46465 1:0 104900
103483 92646 1:0 105032
103484 46616 1:0 105121
103484 46606 1:0 105121
103484 46619 1:0 105206
103493 46613 1:0 105120
103493 46617 1:0 105120
103493 46615 1:0 105120
103493 46618 1:0 105121
103493 46612 1:0 105121
103493 46614 1:0 105121
103499 46607 1:0 105120
103503 92582 1:0 105327
103519 46762 1:0 105407
103520 46763 1:0 105342
103532 46761 1:0 105342
103614 46764 1:0 105342
103614 46766 1:0 105342
103615 46754 1:0 105341
103615 46760 1:0 105341
103615 46765 1:0 105342
103615 46753 1:0 105342
103615 46759 1:0 105342
103624 92550 1:0 105480
103624 92548 1:0 105548
103630 46909 1:0 105628
103632 46908 1:0 105562
103632 46901 1:0 105562
103634 46906 1:0 105563
103650 46910 1:0 105562
103651 46911 1:0 105562
103663 46907 1:0 105562
103663 46900 1:0 105563
103745 46912 1:0 105562
103745 46913 1:0 105562
103746 92549 1:0 105685
103746 47059 1:0 105868
103755 92516 1:0 105779
103755 92517 1:0 105780
103761 47056 1:0 105783
103761 47053 1:0 105784
103765 47058 1:0 105783
103781 47057 1:0 105784
103794 47048 1:0 105783
103794 47055 1:0 105784
103794 47047 1:0 105784
103876 47054 1:0 105783
103876 47060 1:0 105784
103876 47202 1:0 106069
103877 92514 1:0 105916
103886 92484 1:0 105922
103886 92482 1:0 105990
103892 47203 1:0 106004
103892 47195 1:0 106004
103892 47194 1:0 106005
103894 47207 1:0 106004
103897 47206 1:0 106004
103912 47201 1:0 106004
103912 47200 1:0 106005
103925 47205 1:0 106004
104007 47204 1:0 106004
104008 92483 1:0 106127
104008 92481 1:0 106137
104017 92450 1:0 106221
104017 92451 1:0 106222
104023 47354 1:0 106311
104025 47352 1:0 106225
104025 47341 1:0 106226
104028 47353 1:0 106226
104043 47348 1:0 106225
104043 47342 1:0 106225
104056 47349 1:0 106226
104097 47350 1:0 106225
104140 47347 1:0 106226
104140 47351 1:0 106226
104141 92449 1:0 106347
104150 92448 1:0 106358
104150 92417 1:0 106432
104156 92418 1:0 106364
104158 47496 1:0 106511
104169 359 21:0 104183
104176 47497 1:0 106446
104176 47489 1:0 106446
104177 47498 1:0 106446
104184 47494 1:0 106447
104189 47495 1:0 106446
104230 47501 1:0 106446
104238 47500 1:0 106446
104258 47499 1:0 106446
104259 47488 1:0 106447
104309 92416 1:0 106568
104311 46026 21:0 104353
104329 92415 1:0 106579
104351 46030 0:0 104353
104351 46028 0:0 104353
104352 46027 0:0 104353
104352 46019 0:0 104353
104352 46029 0:0 104353
104352 46031 0:0 104353
104352 46024 0:0 104353
104352 46025 0:0 104353
104352 46018 0:0 104353
104354 92385 1:0 106585
104354 92383 1:0 106663
104361 47635 1:0 106668
104361 47643 1:0 106668
104361 47648 1:0 106753
104362 47642 1:0 106667
104362 47644 1:0 106667
104362 47645 1:0 106668
104371 47646 1:0 106667
104371 47636 1:0 106667
104371 47641 1:0 106668
104371 47647 1:0 106668
104377 92384 1:0 106790
104381 92382 1:0 106800
104410 92352 1:0 106806
104459 92351 1:0 106874
104479 47790 1:0 106953
104480 47783 1:0 106888
104480 47795 1:0 106888
104481 47782 1:0 106889
104529 46174 21:0 104574
104530 47791 1:0 106888
104540 47789 1:0 106888
104540 47788 1:0 106889
104550 47792 1:0 106888
104572 46173 0:0 104574
104572 46175 0:0 104574
104573 46171 0:0 104574
104573 46172 0:0 104574
104573 46166 0:0 104574
104573 46165 0:0 104574
104573 46177 0:0 104574
104573 46176 0:0 104574
104573 46178 0:0 104574
104575 47794 1:0 106888
104575 47793 1:0 106888
104575 92350 1:0 107010
104582 92349 1:0 107021
104583 92317 1:0 107095
104583 47937 1:0 107174
104592 92319 1:0 107027
104592 47930 1:0 107109
104592 47939 1:0 107110
104598 47938 1:0 107110
104598 47942 1:0 107110
104598 47929 1:0 107110
104602 47941 1:0 107110
104618 47940 1:0 107110
104619 47936 1:0 107109
104619 47935 1:0 107110
104672 92318 1:0 107232
104701 92316 1:0 107242
104751 92286 1:0 107248
104753 46320 21:0 104795
104771 92285 1:0 107316
104793 46322 0:0 104795
104793 46324 0:0 104795
104794 46319 0:0 104795
104794 46321 0:0 104795
104794 46312 0:0 104795
104794 46313 0:0 104795
104794 46318 0:0 104795
104794 46325 0:0 104795
104794 46323 0:0 104795
104796 48077 1:0 107330
104796 48086 1:0 107330
104796 48084 1:0 107330
104796 48076 1:0 107331
104796 48085 1:0 107396
104803 48089 1:0 107330
104803 48083 1:0 107330
104803 48087 1:0 107330
104803 48082 1:0 107331
104804 48088 1:0 107330
104813 92284 1:0 107452
104813 92283 1:0 107463
104813 48224 1:0 107551
104813 48231 1:0 107616
104819 48230 1:0 107551
104819 48232 1:0 107552
104819 48223 1:0 107552
104823 48236 1:0 107552
104839 48235 1:0 107552
104852 48234 1:0 107552
104893 48233 1:0 107552
104893 48229 1:0 107552
104893 48323 1:0 107676
104893 48324 1:0 107677
104974 46467 21:0 105016
105014 46469 0:0 105016
105014 46471 0:0 105016
105015 46466 0:0 105016
105015 46468 0:0 105016
105015 46465 0:0 105016
105015 46470 0:0 105016
105015 46472 0:0 105016
105015 46460 0:0 105016
105015 46459 0:0 105016
105212 46619 21:0 105237
105235 46618 0:0 105237
105235 46615 0:0 105237
105235 46617 0:0 105237
105235 46616 0:0 105237
105236 46607 0:0 105237
105236 46606 0:0 105237
105236 46614 0:0 105237
105236 46612 0:0 105237
105236 46613 0:0 105237
105413 46762 21:0 105458
105456 46765 0:0 105458
105456 46763 0:0 105458
105456 46761 0:0 105458
105457 46764 0:0 105458
105457 46766 0:0 105458
105457 46753 0:0 105458
105457 46754 0:0 105458
105457 46759 0:0 105458
105457 46760 0:0 105458
105634 46909 21:0 105679
105677 46908 0:0 105679
105677 46910 0:0 105679
105677 46912 0:0 105679
105678 46901 0:0 105679
105678 46911 0:0 105679
105678 46913 0:0 105679
105678 46906 0:0 105679
105678 46907 0:0 105679
105678 46900 0:0 105679
105878 47059 21:0 105900
105899 47053 0:0 105900
105899 47060 0:0 105900
105899 47055 0:0 105900
105899 47057 0:0 105900
105899 47058 0:0 105900
105899 47054 0:0 105900
105899 47056 0:0 105900
105899 47047 0:0 105900
105899 47048 0:0 105900
106079 47202 21:0 106121
106119 47206 0:0 106121
106119 47204 0:0 106121
106120 47207 0:0 106121
106120 47200 0:0 106121
106120 47201 0:0 106121
106120 47205 0:0 106121
106120 47194 0:0 106121
106120 47195 0:0 106121
106120 47203 0:0 106121
106317 47354 21:0 106342
106340 47353 0:0 106342
106340 47350 0:0 106342
106340 47352 0:0 106342
106340 47351 0:0 106342
106341 47348 0:0 106342
106341 47342 0:0 106342
106341 47349 0:0 106342
106341 47341 0:0 106342
106341 47347 0:0 106342
106521 47496 21:0 106563
106561 47498 0:0 106563
106561 47500 0:0 106563
106562 47497 0:0 106563
106562 47501 0:0 106563
106562 47495 0:0 106563
106562 47494 0:0 106563
106562 47488 0:0 106563
106562 47489 0:0 106563
106562 47499 0:0 106563
106759 47648 21:0 106784
106782 47645 0:0 106784
106782 47647 0:0 106784
106782 47646 0:0 106784
106782 47644 0:0 106784
106783 47642 0:0 106784
106783 47635 0:0 106784
106783 47636 0:0 106784
106783 47643 0:0 106784
106783 47641 0:0 106784
106963 47790 21:0 107005
107003 47794 0:0 107005
107003 47792 0:0 107005
107004 47789 0:0 107005
107004 47795 0:0 107005
107004 47793 0:0 107005
107004 47791 0:0 107005
107004 47788 0:0 107005
107004 47782 0:0 107005
107004 47783 0:0 107005
107184 47937 21:0 107226
107224 47941 0:0 107226
107224 47939 0:0 107226
107225 47938 0:0 107226
107225 47929 0:0 107226
107225 47942 0:0 107226
107225 47940 0:0 107226
107225 47936 0:0 107226
107225 47935 0:0 107226
107225 47930 0:0 107226
107402 48085 21:0 107447
107445 48088 0:0 107447
107445 48086 0:0 107447
107446 48077 0:0 107447
107446 48089 0:0 107447
107446 48087 0:0 107447
107446 48084 0:0 107447
107446 48083 0:0 107447
107446 48082 0:0 107447
107446 48076 0:0 107447
107626 48231 21:0 304
