130 25531 0:0 159
130 25529 0:0 159
131 25530 0:0 159
131 25527 0:0 159
158 25620 0:0 159
158 313 0:0 159
158 25621 0:0 159
1381 26233 21:0 1391
3358 298 21:0 3376
4414 27625 21:0 4422
4594 27704 21:0 4604
4635 27625 1:0 4905
4636 302 1:0 13437
6717 299 21:0 6735
7474 28966 21:0 7491
7953 29175 21:0 7963
7994 28966 1:0 8778
7995 303 1:0 16796
10076 300 21:0 10094
10904 30468 21:0 10912
11353 30468 1:0 12016
13435 301 21:0 13453
13888 31776 21:0 13905
14712 31776 1:0 16020
14713 304 1:0 20155
16794 302 21:0 16812
16946 33116 21:0 17012
18071 33116 1:0 19895
20153 303 21:0 20171
20758 34783 21:0 20775
21430 34783 1:0 22475
21431 305 1:0 23514
23512 304 21:0 23530
23816 36124 21:0 23882
24789 36124 1:0 26351
24790 306 1:0 26873
24790 307 1:0 30232
24790 308 1:0 33591
26871 305 21:0 26889
27628 37791 21:0 27645
27783 37859 21:0 27849
28148 37859 1:0 28662
28149 37791 1:0 28931
28149 309 1:0 36950
30230 306 21:0 30248
30303 38966 21:0 30320
30987 39263 21:0 31004
31507 39263 1:0 32291
31508 38966 1:0 33470
33589 307 21:0 33607
33814 40503 21:0 33831
34197 40669 21:0 34263
34866 40669 1:0 35904
34867 40503 1:0 36567
34867 310 1:0 40309
36948 308 21:0 36966
37401 42073 21:0 37418
37477 42105 21:0 37494
38225 42105 1:0 39401
38226 42073 1:0 39533
40307 309 21:0 40325
40912 43609 21:0 40929
41439 43839 21:0 41447
41584 43839 1:0 41723
41585 43609 1:0 42629
41585 311 1:0 43668
43666 310 21:0 43684
44426 45148 21:0 44492
44502 45181 21:0 44568
44943 299 1:0 3360
44943 300 1:0 6719
44943 312 1:0 47027
44944 45181 1:0 45588
44944 313 1:0 50386
44953 45148 1:0 45719
47025 311 21:0 47043
47169 46352 21:0 47177
47554 46518 21:0 47571
47777 46616 21:0 47785
48302 46616 1:0 49096
48303 46518 1:0 49478
48312 46352 1:0 50144
50384 312 21:0 50402
50832 47955 21:0 50840
51065 48055 21:0 51082
51516 48252 21:0 51524
51671 301 1:0 10078
51671 23325 1:0 51768
51672 23321 1:0 51768
51672 23322 1:0 51768
51672 23324 1:0 51768
51681 23326 1:0 51768
51681 23323 1:0 51768
51681 23313 1:0 51768
51681 23319 1:0 51768
51681 23314 1:0 51769
51681 23320 1:0 51823
51687 48252 1:0 51900
51689 23472 1:0 51990
51692 23470 1:0 51991
51707 23460 1:0 51991
51720 23471 1:0 51991
51720 23473 1:0 51991
51761 23466 1:0 51990
51761 23461 1:0 51990
51774 23469 1:0 51991
51789 23467 1:0 52044
51790 23468 1:0 51991
51799 23314 0:0 51824
51800 23616 1:0 52205
51802 23313 0:0 51828
51802 23607 1:0 52209
51829 23320 21:0 51854
51840 23615 1:0 52274
51850 23608 1:0 52209
51852 23617 1:0 52284
51854 23319 0:0 51862
51860 23618 1:0 52285
51862 23325 21:0 51884
51862 23613 1:0 52264
51883 23321 0:0 51884
51883 23322 0:0 51884
51883 23326 0:0 51884
51883 23323 0:0 51884
51883 23324 0:0 51884
51885 23614 1:0 52265
51885 23619 1:0 52294
51885 23620 1:0 52295
51885 23754 1:0 52430
51885 23755 1:0 52430
51885 23760 1:0 52485
51892 23763 1:0 52426
51892 23762 1:0 52426
51893 23761 1:0 52486
51893 23764 1:0 52505
51893 23765 1:0 52506
51902 23766 1:0 52515
51902 23767 1:0 52516
51902 23912 1:0 52650
51902 23901 1:0 52676
51902 23902 1:0 52677
51908 23909 1:0 52716
51908 23910 1:0 52717
51912 23911 1:0 52726
51928 23913 1:0 52728
51929 23907 1:0 52706
51929 23908 1:0 52707
51941 23914 1:0 52728
51982 24056 1:0 52871
51990 24048 1:0 52897
51995 24049 1:0 52898
52010 24057 1:0 52938
52011 24058 1:0 52947
52020 23461 0:0 52045
52023 23460 0:0 52049
52023 24059 1:0 52948
52050 23467 21:0 52075
52061 24060 1:0 52949
52071 24061 1:0 52949
52073 24054 1:0 52927
52074 23469 0:0 52105
52075 23466 0:0 52083
52075 23468 0:0 52105
52081 24055 1:0 52928
52083 23472 21:0 52105
52083 24205 1:0 53094
52104 23473 0:0 52105
52104 23470 0:0 52105
52104 23471 0:0 52105
52106 48055 1:0 53082
52106 24206 1:0 53094
52113 24204 1:0 53094
52113 24208 1:0 53094
52114 24201 1:0 53094
52114 24203 1:0 53094
52114 24195 1:0 53094
52114 24196 1:0 53095
52114 24202 1:0 53149
52114 24348 1:0 53315
52123 24207 1:0 53094
52123 24350 1:0 53315
52123 24354 1:0 53315
52123 24353 1:0 53315
52129 24342 1:0 53315
52129 24343 1:0 53316
52131 24351 1:0 53315
52134 24355 1:0 53315
52149 24352 1:0 53315
52150 24349 1:0 53370
52162 24502 1:0 53536
52203 24499 1:0 53536
52216 24500 1:0 53536
52231 24489 1:0 53536
52231 24490 1:0 53537
52232 24501 1:0 53536
52232 24496 1:0 53536
52233 24495 1:0 53590
52282 24497 1:0 53536
52284 23615 21:0 52326
52292 24498 1:0 53536
52302 24648 1:0 53755
52325 23607 0:0 52326
52325 23618 0:0 52326
52325 23620 0:0 52326
52325 23619 0:0 52326
52325 23617 0:0 52326
52325 23613 0:0 52326
52325 23614 0:0 52326
52325 23608 0:0 52326
52325 23616 0:0 52326
52327 24636 1:0 53781
52327 24637 1:0 53782
52327 24642 1:0 53811
52327 24643 1:0 53812
52327 24644 1:0 53821
52327 24645 1:0 53822
52327 24646 1:0 53831
52334 24649 1:0 53832
52334 24647 1:0 53832
52335 47955 1:0 53889
52335 24783 1:0 53978
52344 24792 1:0 53966
52344 24796 1:0 53966
52344 24791 1:0 53966
52344 24794 1:0 53966
52350 24795 1:0 53966
52352 24793 1:0 53978
52354 24789 1:0 53978
52354 24784 1:0 53979
52355 24790 1:0 54033
52355 24931 1:0 54224
52371 24942 1:0 54197
52383 24938 1:0 54263
52424 24939 1:0 54264
52432 24930 1:0 54223
52437 24936 1:0 54253
52452 24940 1:0 54273
52453 24943 1:0 54274
52454 24937 1:0 54254
52503 24941 1:0 54274
52513 25088 1:0 54420
52515 23764 21:0 52547
52523 25083 1:0 54420
52523 25077 1:0 54420
52523 25078 1:0 54421
52523 25084 1:0 54475
52545 23766 0:0 52547
52546 23762 0:0 52547
52546 23761 0:0 52547
52546 23755 0:0 52547
52546 23760 0:0 52547
52546 23754 0:0 52547
52546 23767 0:0 52547
52546 23765 0:0 52547
52546 23763 0:0 52547
52548 25086 1:0 54420
52548 25087 1:0 54420
52548 25085 1:0 54420
52548 25090 1:0 54420
52555 25089 1:0 54420
52555 25234 1:0 54642
52556 25225 1:0 54642
52556 25230 1:0 54643
52556 25224 1:0 54643
52556 25232 1:0 54643
52556 25231 1:0 54696
52556 25372 1:0 54887
52565 25233 1:0 54643
52565 25235 1:0 54643
52565 25236 1:0 54643
52565 25237 1:0 54643
52571 25382 1:0 54860
52573 25379 1:0 54926
52576 25380 1:0 54927
52591 25371 1:0 54886
52592 25381 1:0 54936
52604 25384 1:0 54937
52645 25383 1:0 54937
52653 25377 1:0 54916
52658 29175 1:0 55027
52658 25378 1:0 54917
52673 27704 1:0 55059
52673 26233 1:0 55071
52674 25528 1:0 55084
52675 25518 1:0 55085
52686 23901 21:0 52730
52724 25526 1:0 55085
52726 25524 1:0 55085
52729 23908 0:0 52738
52730 23907 0:0 52738
52730 23902 0:0 52738
52733 23912 21:0 52768
52734 25527 1:0 55085
52736 25531 1:0 55085
52744 25530 1:0 55085
52766 23911 0:0 52768
52767 23914 0:0 52768
52767 23910 0:0 52768
52767 23909 0:0 52768
52767 23913 0:0 52771
52769 25620 1:0 55208
52769 298 1:0 129
52769 25519 1:0 55084
52769 25529 1:0 55085
52769 25525 1:0 55138
52769 25621 1:0 55209
52907 24048 21:0 52951
52950 24055 0:0 52958
52950 24056 21:0 52989
52951 24049 0:0 52959
52951 24054 0:0 52959
52988 24061 0:0 52989
52988 24059 0:0 52989
52988 24058 0:0 52989
52988 24060 0:0 52989
52988 24057 0:0 52992
53125 24196 0:0 53150
53128 24195 0:0 53154
53155 24202 21:0 53180
53179 24205 21:0 53210
53180 24201 0:0 53188
53180 24203 0:0 53210
53209 24207 0:0 53210
53209 24206 0:0 53210
53209 24204 0:0 53210
53209 24208 0:0 53210
53346 24343 0:0 53371
53349 24342 0:0 53375
53376 24349 21:0 53401
53400 24353 21:0 53431
53401 24348 0:0 53409
53429 24352 0:0 53431
53430 24354 0:0 53431
53430 24351 0:0 53431
53430 24350 0:0 53431
53430 24355 0:0 53431
53567 24490 0:0 53592
53570 24489 0:0 53596
53600 24495 21:0 53624
53623 24496 0:0 53634
53623 24498 0:0 53652
53627 24502 21:0 53652
53650 24500 0:0 53652
53650 24501 0:0 53652
53651 24497 0:0 53652
53651 24499 0:0 53652
53788 24637 21:0 53834
53833 24642 0:0 53841
53834 24643 0:0 53842
53834 24636 0:0 53842
53851 24648 21:0 53873
53872 24645 0:0 53873
53872 24644 0:0 53873
53872 24646 0:0 53873
53872 24649 0:0 53873
53872 24647 0:0 53876
54009 24784 0:0 54034
54012 24783 0:0 54038
54039 24790 21:0 54064
54063 24793 21:0 54094
54064 24789 0:0 54072
54092 24791 0:0 54094
54092 24795 0:0 54094
54093 24792 0:0 54094
54093 24796 0:0 54094
54093 24794 0:0 54094
54230 24931 21:0 54276
54275 24930 0:0 54283
54275 24936 0:0 54283
54276 24937 0:0 54284
54293 24942 21:0 54315
54314 24939 0:0 54315
54314 24941 0:0 54315
54314 24940 0:0 54315
54314 24943 0:0 54315
54314 24938 0:0 54318
54451 25078 0:0 54476
54454 25077 0:0 54480
54481 25084 21:0 54506
54505 25088 21:0 54536
54506 25083 0:0 54514
54534 25085 0:0 54536
54534 25089 0:0 54536
54535 25086 0:0 54536
54535 25090 0:0 54536
54535 25087 0:0 54536
54672 25225 0:0 54697
54675 25224 0:0 54701
54702 25231 21:0 54727
54726 25234 21:0 54757
54727 25230 0:0 54735
54755 25236 0:0 54757
54756 25232 0:0 54757
54756 25235 0:0 54757
54756 25237 0:0 54757
54756 25233 0:0 54757
54893 25372 21:0 54939
54938 25371 0:0 54946
54938 25377 0:0 54946
54938 25378 0:0 54946
54943 25382 21:0 54978
54976 25380 0:0 54978
54977 25379 0:0 54978
54977 25384 0:0 54978
54977 25381 0:0 54978
54977 25383 0:0 54981
55114 25519 0:0 55139
55117 25518 0:0 55143
55144 25525 21:0 55169
55168 25528 21:0 131
55169 25524 0:0 55177
55169 25526 0:0 55197
