86 341 0:0 87
86 15407 0:0 87
86 15404 0:0 87
86 15403 0:0 87
86 15394 0:0 87
86 15402 0:0 87
86 15405 0:0 87
122 15401 21:0 123
122 15395 21:0 123
122 15400 21:0 128
141 15569 0:0 144
146 15571 21:0 204
148 15570 0:0 149
203 15572 0:0 215
217 15602 21:0 225
224 15603 0:0 225
224 15604 21:0 291
289 15605 0:0 291
293 15635 21:0 301
298 15637 0:0 301
300 15636 0:0 301
301 15638 21:0 367
369 15668 21:0 377
376 15669 0:0 377
376 15670 21:0 443
441 15671 0:0 443
445 15701 0:0 448
450 15703 21:0 508
452 15702 0:0 453
507 15704 0:0 519
521 15734 21:0 529
528 15735 0:0 529
528 15736 0:0 529
529 15737 21:0 595
597 15767 21:0 605
604 15768 0:0 605
604 15769 21:0 671
669 15770 0:0 671
673 15800 21:0 681
680 15801 0:0 681
680 15802 0:0 681
681 15803 21:0 747
749 15833 21:0 757
754 15835 0:0 757
756 15834 0:0 757
757 15836 21:0 823
825 15866 0:0 828
830 15867 21:0 888
832 15868 0:0 833
887 15869 0:0 899
901 15899 21:0 909
908 15900 0:0 909
908 15901 0:0 909
909 15902 21:0 975
977 15932 21:0 985
984 15933 0:0 985
984 15934 21:0 1051
1049 15935 0:0 1051
1053 15965 21:0 1061
1060 15966 0:0 1061
1060 15967 21:0 1127
1125 15968 0:0 1127
1129 15998 21:0 1137
1136 15999 0:0 1137
1136 16000 0:0 1137
1137 16001 21:0 1203
1205 16031 21:0 1213
1212 16032 0:0 1213
1212 16033 21:0 1221
1220 16034 21:0 1279
1280 16034 1:0 1856
1280 16033 1:0 1863
1461 16143 21:0 1471
1499 16032 1:0 1862
1500 16031 1:0 1872
1500 16001 1:0 1978
1508 15999 1:0 1984
1508 16000 1:0 1985
1518 15998 1:0 1994
1621 15968 1:0 2100
1622 15967 1:0 2107
1630 15966 1:0 2106
1630 15965 1:0 2116
1636 15935 1:0 2222
1655 15934 1:0 2229
1743 15933 1:0 2228
1744 15932 1:0 2238
1752 15902 1:0 2344
1752 15900 1:0 2350
1758 15901 1:0 2351
1865 15899 1:0 2360
1866 15869 1:0 2466
1866 15867 1:0 2472
1874 15868 1:0 2473
1880 15866 1:0 2482
1898 15836 1:0 2588
1987 15835 1:0 2595
1988 15834 1:0 2594
1996 15833 1:0 2604
1996 15803 1:0 2710
2002 15802 1:0 2717
2109 15801 1:0 2716
2110 15800 1:0 2726
2110 15770 1:0 2832
2118 15768 1:0 2838
2118 15769 1:0 2839
2127 16459 21:0 2149
2128 15767 1:0 2848
2231 15737 1:0 2954
2232 15735 1:0 2960
2232 15736 1:0 2961
2240 15734 1:0 2970
2246 15704 1:0 3076
2264 15703 1:0 3083
2353 15702 1:0 3082
2354 15701 1:0 3092
2362 15671 1:0 3198
2362 15670 1:0 3205
2368 15669 1:0 3204
2475 15668 1:0 3214
2476 15638 1:0 3320
2476 15637 1:0 3327
2484 15636 1:0 3326
2484 15635 1:0 3336
2493 16630 21:0 2515
2494 15605 1:0 3442
2596 16680 21:0 2600
2597 15604 1:0 3449
2598 15603 1:0 3448
2598 15602 1:0 3458
2606 15572 1:0 3564
2606 15571 1:0 3571
2616 15570 1:0 3570
2630 335 1:0 3684
2719 15569 1:0 3580
3469 17086 21:0 3491
3682 334 21:0 3732
3731 17198 21:0 3737
3750 17220 21:0 3758
3757 17221 0:0 3758
3757 17222 21:0 3824
3822 17223 0:0 3824
3823 17232 21:0 3829
3826 17253 0:0 3829
3831 17254 21:0 3889
3833 17255 0:0 3834
3888 17256 0:0 3900
3888 17252 21:0 3900
3899 31 21:0 3900
3902 17286 21:0 3910
3909 17288 0:0 3910
3909 17287 21:0 3976
3974 17289 0:0 3976
3975 17265 21:0 3981
3978 17319 0:0 3981
3980 17272 21:0 3981
3983 17321 21:0 4041
3985 17320 0:0 3986
4040 17322 0:0 4052
4040 17335 21:0 4052
4051 17339 21:0 4052
4051 17318 21:0 4057
4054 17352 0:0 4057
4059 17354 21:0 4117
4061 17353 0:0 4062
4116 17355 0:0 4128
4130 17385 0:0 4133
4135 17386 21:0 4193
4137 17387 0:0 4138
4192 17388 0:0 4204
4192 17403 21:0 4204
4206 17418 0:0 4209
4211 17419 21:0 4269
4213 17420 0:0 4214
4268 17430 21:0 4280
4268 17421 0:0 4280
4282 17451 21:0 4290
4289 17452 0:0 4290
4289 17453 21:0 4356
4354 17454 0:0 4356
4358 17484 21:0 4366
4365 17485 0:0 4366
4365 17486 21:0 4432
4430 17487 0:0 4432
4431 17496 21:0 4437
4434 17517 0:0 4437
4436 17469 21:0 4437
4439 17519 21:0 4497
4441 17518 0:0 4442
4496 17520 0:0 4508
4496 177 21:0 4508
4507 17456 21:0 4508
4507 17482 21:0 4513
4510 17550 0:0 4513
4512 17503 21:0 4513
4515 17551 21:0 4573
4517 17552 0:0 4518
4572 17553 0:0 4584
4572 17542 21:0 4584
4583 17549 21:0 4584
4586 17583 0:0 4589
4591 17584 21:0 4649
4593 17585 0:0 4594
4648 17586 0:0 4660
4648 17582 21:0 4660
4662 17616 21:0 4670
4669 17618 0:0 4670
4669 17617 21:0 4736
4734 17619 0:0 4736
4735 17634 21:0 4741
4738 17649 0:0 4741
4743 17650 21:0 4801
4745 17651 0:0 4746
4800 17652 0:0 4812
4814 17682 21:0 4822
4821 17684 0:0 4822
4821 17683 21:0 4888
4886 17685 0:0 4888
4890 17715 21:0 4898
4897 17717 0:0 4898
4897 17716 21:0 4964
4962 17718 0:0 4964
4966 17748 21:0 4974
4973 17749 21:0 5040
5039 17750 21:0 5050
5070 17794 21:0 5080
5111 17750 1:0 5232
5112 17749 1:0 5239
5121 17748 1:0 5250
5121 17718 1:0 5363
5127 17716 1:0 5370
5147 17717 1:0 5371
5242 17715 1:0 5381
5243 17685 1:0 5494
5243 17683 1:0 5501
5252 17684 1:0 5502
5252 17682 1:0 5512
5260 17652 1:0 5625
5291 17650 1:0 5632
5373 17651 1:0 5633
5374 17649 1:0 5643
5374 17634 1:0 5682
5383 17619 1:0 5756
5383 17617 1:0 5763
5389 17618 1:0 5764
5410 17616 1:0 5774
5422 16459 1:0 5783
5504 17586 1:0 5887
5505 17582 1:0 5887
5505 17584 1:0 5894
5514 17585 1:0 5895
5514 17583 1:0 5905
5514 17549 1:0 6018
5522 17553 1:0 6018
5523 16345 21:0 5547
5541 17551 1:0 6025
5635 17552 1:0 6026
5636 17550 1:0 6036
5636 17542 1:0 6051
5645 17520 1:0 6149
5645 17519 1:0 6157
5651 17518 1:0 6156
5651 177 1:0 6162
5672 17517 1:0 6167
5684 16630 1:0 6176
5766 17503 1:0 6197
5766 17496 1:0 6232
5767 17487 1:0 6280
5767 16680 1:0 6280
5776 17485 1:0 6287
5776 17486 1:0 6288
5782 17484 1:0 6298
5782 17482 1:0 6308
5782 17469 1:0 6337
5784 17456 1:0 6395
5815 17454 1:0 6411
5897 17453 1:0 6419
5898 17452 1:0 6418
5907 17451 1:0 6429
5907 17430 1:0 6494
5907 17421 1:0 6542
5913 17419 1:0 6549
5934 17420 1:0 6550
6028 17418 1:0 6560
6028 17403 1:0 6599
6029 17388 1:0 6673
6038 17386 1:0 6680
6038 17387 1:0 6681
6044 17385 1:0 6691
6064 17355 1:0 6804
6159 17354 1:0 6812
6160 17353 1:0 6811
6160 17352 1:0 6822
6169 17339 1:0 6852
6169 17335 1:0 6861
6169 17318 1:0 6935
6169 17322 1:0 6935
6175 17321 1:0 6943
6196 17320 1:0 6942
6290 17319 1:0 6953
6291 17289 1:0 7066
6300 17287 1:0 7073
6300 17288 1:0 7074
6306 17286 1:0 7084
6306 17265 1:0 7117
6306 17272 1:0 7117
6308 31 1:0 7168
6339 17256 1:0 7197
6421 17252 1:0 7197
6422 17254 1:0 7204
6422 17255 1:0 7205
6431 17253 1:0 7215
6431 17086 1:0 7224
6431 17232 1:0 7280
6437 17223 1:0 7328
6442 17222 1:0 7336
6457 336 1:0 7457
6552 17221 1:0 7335
6553 17220 1:0 7346
6553 17198 1:0 7430
6681 16851 21:0 6686
7455 335 21:0 7505
7504 18849 21:0 7510
7523 18871 21:0 7531
7528 18873 0:0 7531
7528 18872 0:0 7531
7531 18874 21:0 7597
7599 18904 21:0 7607
7604 18906 0:0 7607
7606 18905 0:0 7607
7607 18907 21:0 7673
7675 18937 21:0 7683
7680 18939 0:0 7683
7680 18938 0:0 7683
7683 18940 21:0 7749
7731 18949 0:0 7733
7751 18970 0:0 7754
7756 18971 21:0 7814
7758 18972 0:0 7759
7772 18981 0:0 7773
7813 18973 0:0 7825
7822 19001 21:0 7825
7824 18975 21:0 7825
7825 83 21:0 7830
7827 19003 0:0 7830
7832 19004 21:0 7890
7834 19005 0:0 7835
7848 19014 0:0 7849
7889 19006 0:0 7901
7903 19036 21:0 7911
7910 19037 0:0 7911
7910 19035 0:0 7911
7910 19038 21:0 7977
7975 19039 0:0 7977
7979 19069 0:0 7982
7984 19071 21:0 8042
7986 19070 0:0 7987
8035 19081 0:0 8037
8041 19072 0:0 8053
8055 19102 21:0 8063
8062 19103 0:0 8063
8062 19104 21:0 8129
8127 19105 0:0 8129
8129 155 21:0 8134
8131 19135 0:0 8134
8133 19114 21:0 8134
8136 19137 21:0 8194
8138 19136 0:0 8139
8193 19138 0:0 8205
8193 19147 21:0 8205
8207 19168 21:0 8215
8214 19170 0:0 8215
8214 19167 0:0 8215
8214 19169 0:0 8215
8215 19171 21:0 8281
8280 19180 21:0 8286
8283 19201 0:0 8286
8288 19202 21:0 8346
8290 19203 0:0 8291
8345 19204 0:0 8357
8345 19219 21:0 8357
8359 19234 21:0 8367
8366 19235 0:0 8367
8366 19236 0:0 8367
8367 19237 21:0 8433
8435 19267 21:0 8443
8442 19269 0:0 8443
8442 19268 21:0 8509
8507 19270 0:0 8509
8508 19272 0:0 8509
8511 19300 21:0 8519
8518 19302 0:0 8519
8518 19301 21:0 8585
8583 19303 0:0 8585
8587 19333 21:0 8595
8594 267 0:0 8595
8594 19334 0:0 8595
8594 19335 21:0 8661
8659 19336 0:0 8661
8663 19366 21:0 8671
8670 19367 0:0 8671
8670 19368 21:0 8737
8735 19369 0:0 8737
8739 19399 21:0 8747
8746 19401 0:0 8747
8746 19400 21:0 8813
8811 19402 0:0 8813
8812 19311 21:0 8818
8817 211 21:0 8818
8843 19445 21:0 8853
8884 19402 1:0 9005
8885 19400 1:0 9012
8894 19401 1:0 9013
8894 19399 1:0 9023
8900 19369 1:0 9136
8920 19368 1:0 9144
9015 19367 1:0 9143
9016 19366 1:0 9154
9016 19336 1:0 9267
9025 19334 1:0 9274
9025 19335 1:0 9275
9031 267 1:0 9280
9036 19333 1:0 9285
9051 16345 1:0 9294
9146 19311 1:0 9377
9146 19303 1:0 9398
9147 19301 1:0 9405
9156 19302 1:0 9406
9156 19300 1:0 9416
9162 19272 1:0 9513
9162 19270 1:0 9529
9182 19268 1:0 9536
9277 19269 1:0 9537
9278 19267 1:0 9547
9278 19237 1:0 9660
9287 211 1:0 9662
9287 19236 1:0 9668
9293 19235 1:0 9667
9296 16345 21:0 9320
9298 19234 1:0 9678
9313 19219 1:0 9717
9408 19204 1:0 9791
9409 19202 1:0 9798
9409 19203 1:0 9799
9418 19201 1:0 9809
9418 19180 1:0 9814
9418 19171 1:0 9922
9424 19167 1:0 9933
9429 19169 1:0 9929
9539 19170 1:0 9930
9540 19168 1:0 9940
9540 19147 1:0 10005
9540 19138 1:0 10053
9549 19136 1:0 10060
9549 19137 1:0 10061
9557 19135 1:0 10071
9560 155 1:0 10075
9575 19114 1:0 10136
9670 19105 1:0 10184
9671 19103 1:0 10191
9671 19104 1:0 10192
9680 19102 1:0 10202
9680 19081 1:0 10267
9686 19072 1:0 10315
9691 19071 1:0 10323
9801 19070 1:0 10322
9802 19069 1:0 10333
9802 19039 1:0 10446
9802 16851 1:0 10446
9811 19037 1:0 10453
9811 19038 1:0 10454
9817 19035 1:0 10457
9822 19036 1:0 10464
9932 19014 1:0 10556
9932 19006 1:0 10577
9933 19004 1:0 10584
9933 19005 1:0 10585
9942 19003 1:0 10595
9942 83 1:0 10599
9942 19001 1:0 10605
9942 18975 1:0 10692
9948 18973 1:0 10708
9950 18981 1:0 10687
9981 18971 1:0 10715
10063 18972 1:0 10716
10064 18970 1:0 10726
10072 16684 21:0 10075
10073 18949 1:0 10761
10073 18940 1:0 10839
10073 18939 1:0 10847
10079 18938 1:0 10846
10082 16687 21:0 10106
10099 18937 1:0 10857
10194 18907 1:0 10970
10195 18905 1:0 10977
10195 18906 1:0 10978
10204 18904 1:0 10988
10204 18874 1:0 11101
10210 18872 1:0 11108
10231 18873 1:0 11109
10325 18871 1:0 11119
10325 18849 1:0 11203
10326 337 1:0 11230
10475 16858 21:0 10499
10606 16915 21:0 10630
11228 336 21:0 11278
11296 20522 21:0 11304
11301 20523 0:0 11304
11301 20524 0:0 11304
11304 20525 21:0 11370
11372 20555 21:0 11380
11379 20556 0:0 11380
11379 20557 21:0 11446
11434 20574 0:0 11435
11444 20558 0:0 11446
11445 20573 21:0 11451
11448 20588 0:0 11451
11450 20542 21:0 11451
11453 20590 21:0 11511
11455 20589 0:0 11456
11510 20591 0:0 11522
11519 20619 21:0 11522
11524 20621 0:0 11527
11529 20622 21:0 11587
11531 20623 0:0 11532
11586 20632 21:0 11598
11586 20624 0:0 11598
11600 20654 0:0 11603
11605 20656 21:0 11663
11607 20655 0:0 11608
11662 20657 0:0 11674
11676 20687 0:0 11679
11681 20688 21:0 11739
11683 20689 0:0 11684
11738 20690 0:0 11750
11738 20698 21:0 11750
11749 20699 21:0 11750
11752 20720 21:0 11760
11757 20721 0:0 11760
11757 20722 0:0 11760
11760 20723 21:0 11826
11828 20753 21:0 11836
11835 20754 0:0 11836
11835 20755 0:0 11836
11836 20756 21:0 11902
11890 20771 0:0 11891
11904 20786 21:0 11912
11911 20788 0:0 11912
11911 20787 21:0 11978
11976 20789 0:0 11978
11977 20806 0:0 11978
11980 20819 21:0 11988
11987 20821 0:0 11988
11987 20820 21:0 12054
12052 20822 0:0 12054
12056 20852 0:0 12059
12061 20854 21:0 12119
12062 20851 0:0 12064
12063 20853 0:0 12064
12118 20855 0:0 12130
12132 20885 0:0 12135
12137 20887 21:0 12195
12139 20886 0:0 12140
12194 20888 0:0 12206
12194 20897 21:0 12206
12208 20918 21:0 12216
12215 20919 0:0 12216
12215 20920 21:0 12282
12280 20921 0:0 12282
12284 20951 21:0 12292
12291 20952 0:0 12292
12291 20953 21:0 12358
12356 20954 0:0 12358
12360 20984 21:0 12368
12367 20985 0:0 12368
12367 20986 21:0 12434
12432 20987 0:0 12434
12436 21017 21:0 12444
12443 21019 0:0 12444
12443 21018 21:0 12510
12508 21020 0:0 12510
12512 21050 21:0 12520
12519 21051 0:0 12520
12519 21052 21:0 12586
12584 21053 0:0 12586
12585 20938 21:0 12591
12590 20930 21:0 12591
12590 21035 21:0 12596
12595 21036 21:0 12596
12595 299 21:0 12611
12616 21096 21:0 12626
12657 21053 1:0 12778
12658 21052 1:0 12786
12667 21051 1:0 12785
12667 21050 1:0 12796
12667 299 1:0 12800
12667 21036 1:0 12826
12673 21035 1:0 12835
12678 21020 1:0 12909
12788 21018 1:0 12916
12789 21019 1:0 12917
12789 21017 1:0 12927
12798 20987 1:0 13040
12798 20986 1:0 13048
12804 20985 1:0 13047
12807 16231 21:0 12831
12825 20984 1:0 13058
12825 16345 1:0 13067
12919 20954 1:0 13171
12920 20953 1:0 13179
12929 20952 1:0 13178
12929 20951 1:0 13189
12929 20938 1:0 13219
12929 20930 1:0 13254
12935 20921 1:0 13302
12956 20920 1:0 13310
13048 16338 21:0 13053
13050 20919 1:0 13309
13051 20918 1:0 13320
13051 20897 1:0 13385
13060 20888 1:0 13433
13060 20887 1:0 13441
13066 20886 1:0 13440
13071 20885 1:0 13451
13181 20855 1:0 13564
13182 20853 1:0 13571
13182 20854 1:0 13572
13182 20851 1:0 13575
13191 20852 1:0 13582
13191 20822 1:0 13695
13199 20820 1:0 13702
13230 20821 1:0 13703
13312 20819 1:0 13713
13313 20806 1:0 13743
13313 20789 1:0 13826
13313 16684 1:0 13826
13322 20787 1:0 13833
13322 20788 1:0 13834
13330 20786 1:0 13844
13333 16687 1:0 13849
13443 20771 1:0 13879
13443 20756 1:0 13957
13444 20754 1:0 13964
13444 20755 1:0 13965
13453 20753 1:0 13975
13453 20723 1:0 14088
13461 20722 1:0 14096
13492 20721 1:0 14095
13574 20720 1:0 14106
13575 20699 1:0 14171
13575 20698 1:0 14198
13575 20690 1:0 14219
13584 20688 1:0 14226
13584 20689 1:0 14227
13592 20687 1:0 14237
13595 16858 1:0 14246
13705 20657 1:0 14350
13706 20655 1:0 14357
13706 20656 1:0 14358
13715 20654 1:0 14368
13715 16915 1:0 14377
13715 20624 1:0 14481
13721 20632 1:0 14460
13726 20622 1:0 14488
13836 20623 1:0 14489
13837 20621 1:0 14499
13837 20619 1:0 14509
13837 20591 1:0 14612
13846 20589 1:0 14619
13846 20590 1:0 14620
13854 20588 1:0 14630
13857 20573 1:0 14669
13872 20574 1:0 14669
13967 20558 1:0 14743
13968 20556 1:0 14750
13968 20557 1:0 14751
13977 20555 1:0 14761
13977 20542 1:0 14766
13983 20525 1:0 14874
13988 20523 1:0 14881
14003 338 1:0 15003
14098 20524 1:0 14882
14099 20522 1:0 14892
14358 16908 21:0 14363
14500 16969 21:0 14503
14772 17086 21:0 14796
15001 337 21:0 15051
15069 22173 21:0 15077
15074 22175 0:0 15077
15076 22174 0:0 15077
15077 22176 21:0 15143
15089 13 0:0 15091
15145 22206 21:0 15153
15150 22208 0:0 15153
15152 22207 0:0 15153
15153 22209 21:0 15219
15221 22239 21:0 15229
15226 22241 0:0 15229
15226 22240 0:0 15229
15229 22242 21:0 15295
15294 22244 0:0 15295
15297 22272 21:0 15305
15304 22274 0:0 15305
15304 22273 0:0 15305
15305 22275 21:0 15371
15370 22258 21:0 15376
15373 22305 0:0 15376
15375 22172 21:0 15376
15378 22307 21:0 15436
15380 22306 0:0 15381
15435 22308 0:0 15447
15435 22317 21:0 15447
15446 22297 21:0 15447
15449 22338 21:0 15457
15456 22340 0:0 15457
15456 22339 21:0 15523
15521 22341 0:0 15523
15525 22371 21:0 15533
15530 22372 0:0 15533
15530 22373 0:0 15533
15533 22374 21:0 15599
15598 22238 21:0 15604
15601 22404 0:0 15604
15603 22284 21:0 15604
15606 22406 21:0 15664
15608 22405 0:0 15609
15657 22416 0:0 15659
15663 22387 21:0 15675
15663 22407 0:0 15675
15677 22437 0:0 15680
15682 22438 21:0 15740
15684 22439 0:0 15685
15739 22440 0:0 15751
15753 22470 21:0 15761
15760 177 0:0 15761
15760 22471 0:0 15761
15760 22472 21:0 15827
15825 22473 0:0 15827
15826 175 21:0 15832
15829 22503 0:0 15832
15834 22505 21:0 15892
15836 22504 0:0 15837
15891 22506 0:0 15903
15905 22536 0:0 15908
15910 22537 21:0 15968
15912 22538 0:0 15913
15967 22528 21:0 15979
15967 22539 0:0 15979
15981 22569 0:0 15984
15986 22571 21:0 16044
15988 22570 0:0 15989
16043 22572 0:0 16055
16057 22602 21:0 16065
16064 22604 0:0 16065
16064 22603 21:0 16131
16129 22605 0:0 16131
16133 22635 21:0 16141
16140 22636 0:0 16141
16140 22637 21:0 16207
16205 22638 0:0 16207
16209 22668 21:0 16217
16216 22669 0:0 16217
16216 22670 21:0 16283
16281 22671 0:0 16283
16285 22701 21:0 16293
16292 22703 0:0 16293
16292 22702 21:0 16359
16357 22704 0:0 16359
16358 22601 21:0 16364
16363 22613 21:0 16364
16363 22653 21:0 16369
16389 22747 21:0 16399
16430 22704 1:0 16551
16431 22702 1:0 16558
16440 22703 1:0 16559
16440 22701 1:0 16569
16440 16231 1:0 16578
16446 22671 1:0 16682
16467 22670 1:0 16690
16561 22669 1:0 16689
16562 22668 1:0 16700
16562 22653 1:0 16739
16562 16338 1:0 16813
16571 22638 1:0 16813
16571 22637 1:0 16821
16577 22636 1:0 16820
16598 22635 1:0 16831
16610 22613 1:0 16915
16692 22605 1:0 16944
16693 22601 1:0 16944
16693 22603 1:0 16951
16702 22604 1:0 16952
16702 22602 1:0 16962
16708 22572 1:0 17075
16729 22571 1:0 17083
16821 16338 21:0 16826
16823 22570 1:0 17082
16824 22569 1:0 17093
16824 22539 1:0 17206
16833 22537 1:0 17213
16833 22538 1:0 17214
16841 22536 1:0 17224
16844 22528 1:0 17239
16954 22506 1:0 17337
16955 22504 1:0 17344
16955 22505 1:0 17345
16964 22503 1:0 17355
16964 22473 1:0 17468
16964 175 1:0 17468
16972 22472 1:0 17476
17003 22471 1:0 17475
17085 22470 1:0 17486
17086 177 1:0 17481
17086 22440 1:0 17599
17095 22438 1:0 17606
17095 22439 1:0 17607
17101 22437 1:0 17617
17103 22416 1:0 17682
17104 16459 21:0 17128
17122 22407 1:0 17730
17216 22406 1:0 17738
17217 22405 1:0 17737
17226 22404 1:0 17748
17226 22387 1:0 17753
17226 22374 1:0 17861
17232 22373 1:0 17869
17252 22372 1:0 17868
17347 22371 1:0 17879
17348 22341 1:0 17992
17348 22339 1:0 17999
17357 22340 1:0 18000
17357 22338 1:0 18010
17363 22317 1:0 18075
17368 22308 1:0 18123
17383 16908 1:0 18123
17478 22307 1:0 18131
17479 22306 1:0 18130
17479 22284 1:0 18143
17488 22305 1:0 18141
17488 22297 1:0 18146
17488 22275 1:0 18254
17488 16969 1:0 18265
17494 22274 1:0 18262
17515 22273 1:0 18261
17609 22272 1:0 18272
17609 22258 1:0 18277
17610 22244 1:0 18369
17610 22242 1:0 18385
17610 22238 1:0 18396
17619 22240 1:0 18392
17619 22241 1:0 18393
17627 22239 1:0 18403
17628 16687 21:0 17652
17646 22209 1:0 18516
17740 22207 1:0 18523
17741 22208 1:0 18524
17750 22206 1:0 18534
17750 17086 1:0 18539
17750 22176 1:0 18647
17750 13 1:0 18649
17756 22174 1:0 18654
17777 22175 1:0 18655
17789 22172 1:0 18658
17869 16794 21:0 17874
17871 22173 1:0 18665
17872 339 1:0 18776
17890 16801 21:0 17914
18273 16969 21:0 18276
18774 338 21:0 18824
18837 23822 21:0 18840
18839 23809 21:0 18840
18842 23824 0:0 18845
18847 23825 21:0 18905
18849 23826 0:0 18850
18904 23827 0:0 18916
18918 23857 0:0 18921
18923 23858 21:0 18981
18925 23859 0:0 18926
18980 23869 21:0 18992
18980 23860 0:0 18992
18994 23890 0:0 18997
18999 23891 21:0 19057
19001 23892 0:0 19002
19056 23893 0:0 19068
19057 23910 21:0 19068
19067 23902 21:0 19068
19070 23923 21:0 19078
19077 23924 0:0 19078
19077 23925 21:0 19144
19142 23926 0:0 19144
19146 23956 21:0 19154
19151 23958 0:0 19154
19151 23957 0:0 19154
19154 23959 21:0 19220
19222 23989 21:0 19230
19229 23991 0:0 19230
19229 23990 0:0 19230
19230 23992 21:0 19296
19295 23988 21:0 19301
19298 24022 0:0 19301
19300 24008 21:0 19301
19303 24024 21:0 19361
19305 24023 0:0 19306
19360 24025 0:0 19372
19369 24053 21:0 19372
19371 23955 21:0 19372
19374 24055 21:0 19382
19381 24056 0:0 19382
19381 24057 21:0 19448
19446 24058 0:0 19448
19450 24088 21:0 19458
19457 24090 0:0 19458
19457 24089 21:0 19524
19522 24091 0:0 19524
19523 24020 21:0 19529
19526 24121 0:0 19529
19528 83 21:0 19529
19528 24100 21:0 19531
19531 24123 21:0 19589
19533 24122 0:0 19534
19588 24124 0:0 19600
19588 24009 21:0 19600
19602 24154 0:0 19605
19607 24155 21:0 19665
19609 24156 0:0 19610
19664 24157 0:0 19676
19664 24153 21:0 19676
19678 24187 0:0 19681
19683 24189 21:0 19741
19685 24188 0:0 19686
19740 24190 0:0 19752
19740 24199 21:0 19752
19754 24220 21:0 19762
19761 24222 0:0 19762
19761 24221 21:0 19828
19826 24223 0:0 19828
19830 24253 21:0 19838
19837 24255 0:0 19838
19837 24254 21:0 19904
19902 24256 0:0 19904
19906 24286 21:0 19914
19913 24288 0:0 19914
19913 24287 21:0 19980
19978 24289 0:0 19980
19982 24319 21:0 19990
19989 24321 0:0 19990
19989 24320 21:0 20056
20054 24322 0:0 20056
20058 24352 21:0 20066
20065 24354 0:0 20066
20065 24353 21:0 20132
20130 24355 0:0 20132
20162 24398 21:0 20172
20203 24355 1:0 20324
20204 24353 1:0 20331
20213 24354 1:0 20332
20213 24352 1:0 20342
20219 24322 1:0 20455
20239 24320 1:0 20462
20334 24321 1:0 20463
20335 24319 1:0 20473
20335 16338 1:0 20586
20344 24289 1:0 20586
20344 24287 1:0 20593
20350 24288 1:0 20594
20355 24286 1:0 20604
20465 24256 1:0 20717
20466 24254 1:0 20724
20466 24255 1:0 20725
20475 24253 1:0 20735
20475 24223 1:0 20848
20481 24221 1:0 20855
20502 24222 1:0 20856
20596 24220 1:0 20866
20596 16459 1:0 20875
20597 24199 1:0 20931
20597 24190 1:0 20979
20606 24188 1:0 20986
20606 24189 1:0 20987
20612 24187 1:0 20997
20633 24157 1:0 21110
20645 24153 1:0 21110
20727 24155 1:0 21117
20728 24156 1:0 21118
20737 24154 1:0 21128
20737 24124 1:0 21241
20743 24123 1:0 21249
20763 24122 1:0 21248
20858 24121 1:0 21259
20858 24100 1:0 21324
20859 24091 1:0 21372
20868 24089 1:0 21379
20868 24090 1:0 21380
20874 24088 1:0 21390
20874 16687 1:0 21399
20877 16459 21:0 20901
20894 24058 1:0 21503
20989 24057 1:0 21511
20990 24056 1:0 21510
20990 24055 1:0 21521
20990 24053 1:0 21531
20999 16794 1:0 21634
20999 24025 1:0 21634
21005 24024 1:0 21642
21010 24023 1:0 21641
21025 24009 1:0 21648
21026 24008 1:0 21654
21118 16566 21:0 21123
21120 24022 1:0 21652
21120 24020 1:0 21654
21121 16801 1:0 21657
21121 23992 1:0 21765
21130 23990 1:0 21772
21130 23991 1:0 21773
21130 23988 1:0 21776
21136 23989 1:0 21783
21139 16573 21:0 21163
21157 23959 1:0 21896
21157 23955 1:0 21907
21251 23957 1:0 21903
21252 23958 1:0 21904
21261 23956 1:0 21914
21261 83 1:0 21918
21261 16969 1:0 22027
21261 23926 1:0 22027
21267 23925 1:0 22035
21288 23924 1:0 22034
21382 23923 1:0 22045
21382 23910 1:0 22075
21383 23902 1:0 22110
21383 23893 1:0 22158
21392 23891 1:0 22165
21392 23892 1:0 22166
21398 23890 1:0 22176
21400 23869 1:0 22241
21431 23860 1:0 22289
21513 23858 1:0 22296
21514 23859 1:0 22297
21523 23857 1:0 22307
21523 23827 1:0 22420
21529 23825 1:0 22427
21549 23826 1:0 22428
21644 23824 1:0 22438
21644 23822 1:0 22448
21644 23809 1:0 22477
21645 340 1:0 22549
21784 16855 21:0 21787
21915 16912 21:0 21918
22166 17022 21:0 22171
22547 339 21:0 22597
22597 25458 0:0 22602
22610 25473 21:0 22613
22615 25475 21:0 22623
22622 25477 0:0 22623
22622 25476 0:0 22623
22622 25474 0:0 22623
22623 25478 21:0 22689
22691 25508 21:0 22699
22698 25510 0:0 22699
22698 25509 0:0 22699
22699 25511 21:0 22765
22767 25541 21:0 22775
22774 25542 0:0 22775
22774 25543 21:0 22841
22839 25544 0:0 22841
22843 25574 21:0 22851
22844 65 0:0 22846
22850 25575 0:0 22851
22850 25576 0:0 22851
22851 25577 21:0 22917
22899 25586 0:0 22901
22905 25592 0:0 22906
22919 25607 0:0 22922
22924 25609 21:0 22982
22926 25608 0:0 22927
22981 25610 0:0 22993
22993 101 21:0 22998
22995 25640 0:0 22998
23000 25641 21:0 23058
23002 25642 0:0 23003
23057 25643 0:0 23069
23071 25673 21:0 23079
23078 25675 0:0 23079
23078 25674 21:0 23145
23143 25676 0:0 23145
23147 25706 21:0 23155
23154 25707 0:0 23155
23154 25708 0:0 23155
23155 25709 21:0 23221
23220 25726 0:0 23221
23223 25739 21:0 23231
23228 25741 0:0 23231
23230 25740 0:0 23231
23231 25742 21:0 23297
23299 25772 0:0 23302
23304 25774 21:0 23362
23306 25773 0:0 23307
23361 25775 0:0 23373
23375 25805 21:0 23383
23380 25806 0:0 23383
23380 25807 0:0 23383
23383 25808 21:0 23449
23437 25823 0:0 23438
23451 25838 0:0 23454
23456 25840 21:0 23514
23458 25839 0:0 23459
23513 25857 21:0 23525
23513 25841 0:0 23525
23527 25871 0:0 23530
23532 25872 21:0 23590
23534 25873 0:0 23535
23589 25874 0:0 23601
23603 25904 21:0 23611
23610 25905 0:0 23611
23610 25906 21:0 23677
23675 25907 0:0 23677
23676 25909 0:0 23677
23679 25937 21:0 23687
23686 267 0:0 23687
23686 25939 0:0 23687
23686 25938 21:0 23753
23699 25929 0:0 23701
23751 25940 0:0 23753
23755 25970 21:0 23763
23762 25972 0:0 23763
23762 25971 21:0 23829
23827 25973 0:0 23829
23831 26003 21:0 23839
23838 26004 0:0 23839
23838 26005 21:0 23905
23904 26006 21:0 23915
23935 26049 21:0 23945
23944 26036 21:0 23971
23976 26036 1:0 23984
23977 26006 1:0 24097
23977 26005 1:0 24105
23986 26004 1:0 24104
23986 26003 1:0 24115
23994 25973 1:0 24228
24025 25971 1:0 24235
24107 25972 1:0 24236
24108 25970 1:0 24246
24117 25940 1:0 24359
24117 25938 1:0 24366
24123 25939 1:0 24367
24126 16231 21:0 24150
24143 25937 1:0 24377
24144 267 1:0 24372
24144 25929 1:0 24392
24151 12895 1:0 27832
24238 25909 1:0 24474
24238 25907 1:0 24490
24239 25906 1:0 24498
24248 25905 1:0 24497
24248 25904 1:0 24508
24254 25874 1:0 24621
24274 25872 1:0 24628
24369 25873 1:0 24629
24370 25871 1:0 24639
24370 16459 1:0 24648
24370 25857 1:0 24678
24379 25841 1:0 24752
24379 25840 1:0 24760
24385 25839 1:0 24759
24405 25838 1:0 24770
24500 25823 1:0 24805
24500 25808 1:0 24883
24501 16566 1:0 24889
24501 25807 1:0 24891
24510 25806 1:0 24890
24510 25805 1:0 24901
24510 16573 1:0 24910
24516 25775 1:0 25014
24537 25774 1:0 25022
24631 25773 1:0 25021
24632 25772 1:0 25032
24640 16456 21:0 24643
24641 25742 1:0 25145
24641 25741 1:0 25153
24644 25740 1:0 25152
24649 25739 1:0 25163
24680 25709 1:0 25276
24762 25726 1:0 25169
24763 25707 1:0 25283
24763 25708 1:0 25284
24772 25706 1:0 25294
24772 25676 1:0 25407
24778 25674 1:0 25414
24799 25675 1:0 25415
24893 25673 1:0 25425
24894 25643 1:0 25538
24903 25641 1:0 25545
24903 25642 1:0 25546
24903 16855 1:0 25555
24909 25640 1:0 25556
24909 101 1:0 25560
24930 25610 1:0 25669
25024 25609 1:0 25677
25025 25608 1:0 25676
25034 16912 1:0 25686
25034 25607 1:0 25687
25034 25592 1:0 25722
25034 25586 1:0 25722
25034 25577 1:0 25800
25042 25576 1:0 25808
25073 25575 1:0 25807
25155 25574 1:0 25818
25156 65 1:0 25822
25156 25544 1:0 25931
25156 17022 1:0 25931
25165 25542 1:0 25938
25165 25543 1:0 25939
25173 25541 1:0 25949
25204 25511 1:0 26062
25286 25510 1:0 26070
25287 25509 1:0 26069
25296 25508 1:0 26080
25296 25478 1:0 26193
25296 25474 1:0 26204
25302 25476 1:0 26200
25323 25477 1:0 26201
25417 25475 1:0 26211
25417 25473 1:0 26221
25418 25458 1:0 26250
25418 341 1:0 26322
25418 12901 1:0 27832
25698 16915 21:0 25722
26320 340 21:0 26370
26370 27112 21:0 26386
26388 27126 0:0 26391
26393 27128 21:0 26451
26395 27127 0:0 26396
26450 27129 0:0 26462
26464 27159 0:0 26467
26469 27160 21:0 26527
26471 27161 0:0 26472
26526 27162 0:0 26538
26540 27192 0:0 26543
26545 27194 21:0 26603
26547 27193 0:0 26548
26602 27195 0:0 26614
26616 27225 0:0 26619
26621 27226 21:0 26679
26623 27227 0:0 26624
26678 27228 0:0 26690
26692 27258 21:0 26700
26699 27260 0:0 26700
26699 27259 21:0 26766
26712 85 0:0 26714
26764 27261 0:0 26766
26768 27291 21:0 26776
26775 27293 0:0 26776
26775 27292 21:0 26842
26840 27294 0:0 26842
26844 27324 21:0 26852
26845 119 0:0 26847
26851 27326 0:0 26852
26851 27325 21:0 26918
26916 27327 0:0 26918
26920 27357 21:0 26928
26927 27358 0:0 26928
26927 27359 21:0 26994
26992 27360 0:0 26994
26996 27390 21:0 27004
27003 27392 0:0 27004
27003 27391 21:0 27070
27016 157 0:0 27018
27068 27393 0:0 27070
27069 27421 0:0 27070
27072 27423 21:0 27080
27073 173 0:0 27075
27077 27424 0:0 27080
27079 27425 0:0 27080
27080 27426 21:0 27146
27145 27322 21:0 27151
27148 27456 0:0 27151
27150 27377 21:0 27151
27153 27458 21:0 27211
27155 27457 0:0 27156
27210 27408 21:0 27222
27210 27459 0:0 27222
27221 27395 21:0 27222
27224 27489 21:0 27232
27231 27491 0:0 27232
27231 27490 21:0 27298
27296 27492 0:0 27298
27297 27494 21:0 27303
27300 27522 0:0 27303
27302 27488 21:0 27303
27305 27524 21:0 27363
27307 27523 0:0 27308
27362 27323 21:0 27374
27362 27525 0:0 27374
27373 27541 21:0 27374
27376 27555 21:0 27384
27383 27556 0:0 27384
27383 27557 21:0 27450
27448 27558 0:0 27450
27452 27588 21:0 27460
27459 27589 0:0 27460
27459 27590 21:0 27526
27524 27591 0:0 27526
27528 27621 21:0 27536
27535 27623 0:0 27536
27535 27622 21:0 27602
27600 27624 0:0 27602
27604 27654 21:0 27612
27611 27656 0:0 27612
27611 27655 21:0 27678
27676 27657 0:0 27678
27680 27687 21:0 27688
27687 27637 21:0 27715
27759 27687 1:0 27767
27760 12896 1:0 27841
27760 12902 1:0 27851
27760 27657 1:0 27852
27760 12908 1:0 27941
27760 13043 1:0 28053
27769 12903 1:0 27920
27769 12904 1:0 27921
27769 12905 1:0 27930
27769 12906 1:0 27931
27769 12907 1:0 27940
27775 27655 1:0 27977
27780 27656 1:0 27978
27808 27654 1:0 27988
27849 16231 1:0 27997
27849 27637 1:0 28021
27857 13042 1:0 28053
27862 13048 1:0 28062
27862 13049 1:0 28072
27862 13190 1:0 28283
27879 27624 1:0 28073
27928 13051 1:0 28142
27938 13050 1:0 28141
27947 12908 21:0 27972
27948 13052 1:0 28151
27970 12903 0:0 27972
27970 12907 0:0 27972
27970 12904 0:0 27972
27970 12906 0:0 27972
27971 12901 21:0 27972
27971 12905 0:0 27972
27971 12902 21:0 27972
27971 12896 21:0 27972
27971 12895 21:0 27972
27980 13053 1:0 28152
27980 13054 1:0 28161
27980 13055 1:0 28162
27980 13195 1:0 28293
27980 13343 1:0 28495
27981 27622 1:0 28198
27981 13201 1:0 28382
27990 27623 1:0 28199
27990 27621 1:0 28209
27996 27591 1:0 28412
27998 13197 1:0 28362
28001 13198 1:0 28363
28016 13199 1:0 28372
28017 13189 1:0 28322
28017 13196 1:0 28353
28017 13200 1:0 28373
28029 13202 1:0 28383
28083 27590 1:0 28420
28098 13336 1:0 28495
28098 13337 1:0 28504
28148 13051 21:0 28193
28149 27589 1:0 28419
28159 13342 1:0 28514
28159 13484 1:0 28716
28159 13483 1:0 28725
28159 13490 1:0 28735
28169 13349 1:0 28604
28191 13052 0:0 28193
28192 13050 0:0 28193
28192 13042 21:0 28193
28192 13054 0:0 28193
28192 13043 21:0 28193
28192 13053 0:0 28193
28192 13048 21:0 28193
28192 13049 21:0 28193
28192 13055 0:0 28193
28201 27588 1:0 28430
28202 27558 1:0 28515
28202 13344 1:0 28583
28202 13345 1:0 28584
28211 13346 1:0 28593
28211 13347 1:0 28594
28211 13348 1:0 28603
28211 27557 1:0 28641
28217 27556 1:0 28640
28238 27555 1:0 28651
28250 27541 1:0 28684
28250 13492 1:0 28805
28319 27525 1:0 28853
28320 13491 1:0 28804
28320 13493 1:0 28814
28321 13630 1:0 28937
28321 13636 1:0 28946
28370 13489 1:0 28794
28370 13494 1:0 28815
28380 13495 1:0 28824
28390 13496 1:0 28825
28392 13201 21:0 28414
28413 13196 0:0 28414
28413 13190 21:0 28414
28413 13202 0:0 28414
28413 13200 0:0 28414
28413 13198 0:0 28414
28413 13199 0:0 28414
28413 13197 0:0 28414
28413 13195 21:0 28414
28413 13189 0:0 28414
28422 27524 1:0 28862
28423 27523 1:0 28861
28423 13631 1:0 28956
28423 13641 1:0 29036
28423 13777 1:0 29158
28432 16456 1:0 28871
28432 27522 1:0 28872
28432 27494 1:0 28905
28432 27488 1:0 28905
28438 27492 1:0 28957
28440 13639 1:0 29026
28443 13638 1:0 29025
28458 13637 1:0 29016
28458 13640 1:0 29035
28459 13642 1:0 29045
28471 13643 1:0 29046
28525 27490 1:0 29082
28542 27491 1:0 29083
28591 13783 1:0 29158
28591 13778 1:0 29167
28591 13784 1:0 29177
28591 13931 1:0 29388
28601 13788 1:0 29257
28610 13349 21:0 28635
28611 13785 1:0 29246
28633 13348 0:0 28635
28633 13347 0:0 28635
28634 13337 21:0 28635
28634 13336 21:0 28635
28634 13342 21:0 28635
28634 13343 21:0 28635
28634 13345 0:0 28635
28634 13346 0:0 28635
28634 13344 0:0 28635
28643 27489 1:0 29093
28644 13786 1:0 29247
28644 13787 1:0 29256
28644 27459 1:0 29295
28653 13789 1:0 29266
28653 13790 1:0 29267
28653 27458 1:0 29304
28659 27457 1:0 29303
28679 27456 1:0 29314
28680 13930 1:0 29398
28733 27426 1:0 29398
28746 13934 1:0 29477
28761 13932 1:0 29467
28762 13924 1:0 29427
28762 13925 1:0 29428
28762 13933 1:0 29468
28762 13935 1:0 29478
28763 14072 1:0 29600
28763 14071 1:0 29609
28763 14077 1:0 29619
28811 13492 21:0 28856
28812 13936 1:0 29487
28822 13937 1:0 29488
28832 14079 1:0 29688
28854 13495 0:0 28856
28855 13496 0:0 28856
28855 13484 21:0 28856
28855 13483 21:0 28856
28855 13490 21:0 28856
28855 13494 0:0 28856
28855 13491 0:0 28856
28855 13489 0:0 28856
28855 13493 0:0 28856
28864 27424 1:0 29524
28865 27425 1:0 29525
28865 14080 1:0 29689
28874 27423 1:0 29535
28874 173 1:0 29539
28874 27421 1:0 29545
28874 27395 1:0 29568
28874 27408 1:0 29568
28880 27393 1:0 29737
28882 14081 1:0 29698
28885 14082 1:0 29699
28900 14078 1:0 29679
28900 14225 1:0 29821
28900 14219 1:0 29830
28901 14083 1:0 29708
28913 14084 1:0 29709
28913 157 1:0 29740
28982 27391 1:0 29745
29033 27392 1:0 29746
29042 13641 21:0 29077
29043 14224 1:0 29840
29043 14371 1:0 30042
29075 13642 0:0 29077
29076 13643 0:0 29077
29076 13638 0:0 29077
29076 13639 0:0 29077
29076 13640 0:0 29077
29076 13631 21:0 29077
29076 13636 21:0 29077
29076 13637 0:0 29077
29076 13630 21:0 29077
29085 27390 1:0 29756
29085 27377 1:0 29786
29086 14226 1:0 29909
29086 14227 1:0 29910
29086 27360 1:0 29958
29095 14218 1:0 29869
29095 14228 1:0 29919
29095 14229 1:0 29920
29095 14230 1:0 29929
29095 14231 1:0 29930
29095 27359 1:0 29967
29103 27358 1:0 29966
29134 27357 1:0 29977
29134 27323 1:0 30010
29175 14372 1:0 30051
29203 27327 1:0 30062
29204 14366 1:0 30061
29204 14378 1:0 30151
29205 14373 1:0 30130
29254 14374 1:0 30131
29263 13788 21:0 29298
29264 14375 1:0 30140
29274 14365 1:0 30090
29274 14376 1:0 30141
29296 13789 0:0 29298
29297 13787 0:0 29298
29297 13785 0:0 29298
29297 13786 0:0 29298
29297 13778 21:0 29298
29297 13790 0:0 29298
29297 13777 21:0 29298
29297 13783 21:0 29298
29297 13784 21:0 29298
29306 14377 1:0 30150
29306 14518 1:0 30263
29306 14519 1:0 30272
29306 14512 1:0 30282
29307 27325 1:0 30187
29307 27326 1:0 30188
29316 27324 1:0 30198
29316 119 1:0 30202
29316 27322 1:0 30208
29316 14520 1:0 30351
29322 27294 1:0 30283
29324 14521 1:0 30352
29327 14522 1:0 30361
29342 14513 1:0 30312
29342 14523 1:0 30362
29343 14524 1:0 30371
29355 14525 1:0 30372
29409 27292 1:0 30408
29424 14660 1:0 30493
29424 14665 1:0 30503
29475 27293 1:0 30409
29485 14667 1:0 30572
29487 13934 21:0 29519
29495 14668 1:0 30573
29517 13936 0:0 29519
29518 13932 0:0 29519
29518 13925 0:0 29519
29518 13930 21:0 29519
29518 13933 0:0 29519
29518 13935 0:0 29519
29518 13924 0:0 29519
29518 13937 0:0 29519
29518 13931 21:0 29519
29527 27291 1:0 30419
29528 27261 1:0 30504
29528 14659 1:0 30532
29528 14669 1:0 30582
29528 14670 1:0 30583
29537 14666 1:0 30563
29537 14671 1:0 30592
29537 14672 1:0 30593
29537 85 1:0 30624
29537 27259 1:0 30629
29537 14806 1:0 30714
29537 14812 1:0 30724
29545 27260 1:0 30630
29576 27258 1:0 30640
29576 16915 1:0 30649
29617 14960 1:0 30935
29645 27228 1:0 30725
29646 14814 1:0 30793
29646 14819 1:0 30814
29696 14815 1:0 30794
29698 14079 21:0 29740
29706 14816 1:0 30803
29716 14807 1:0 30754
29716 14813 1:0 30784
29716 14817 1:0 30804
29738 14081 0:0 29740
29738 14083 0:0 29740
29739 14084 0:0 29740
29739 14080 0:0 29740
29739 14082 0:0 29740
29739 14078 0:0 29740
29739 14077 21:0 29740
29739 14071 21:0 29740
29739 14072 21:0 29740
29748 14818 1:0 30813
29748 14954 1:0 30945
29749 27226 1:0 30850
29749 27227 1:0 30851
29758 27225 1:0 30861
29758 27195 1:0 30946
29764 14961 1:0 31014
29764 14962 1:0 31015
29764 14964 1:0 31025
29766 14953 1:0 30974
29766 14959 1:0 31004
29766 14963 1:0 31024
29769 14965 1:0 31034
29784 14966 1:0 31035
29838 27194 1:0 31072
29867 27193 1:0 31071
29916 14227 21:0 29961
29927 27192 1:0 31082
29937 15106 1:0 31147
29937 15107 1:0 31156
29937 15100 1:0 31166
29959 14228 0:0 29961
29960 14231 0:0 29961
29960 14218 0:0 29961
29960 14229 0:0 29961
29960 14230 0:0 29961
29960 14226 0:0 29961
29960 14225 21:0 29961
29960 14219 21:0 29961
29960 14224 21:0 29961
29969 15101 1:0 31196
29969 15108 1:0 31235
29969 15109 1:0 31236
29969 15110 1:0 31245
29969 15111 1:0 31246
29970 15112 1:0 31255
29970 15113 1:0 31256
29970 27162 1:0 31284
29979 27160 1:0 31292
29979 27161 1:0 31293
29987 27159 1:0 31303
29990 15247 1:0 31377
29990 15248 1:0 31387
30018 27129 1:0 31388
30059 15256 1:0 31457
30059 15260 1:0 31477
30072 15255 1:0 31456
30087 15257 1:0 31466
30088 15253 1:0 31446
30088 15254 1:0 31447
30088 15258 1:0 31467
30088 15259 1:0 31476
30157 14378 21:0 30182
30180 14376 0:0 30182
30180 14375 0:0 30182
30181 14371 21:0 30182
30181 14374 0:0 30182
30181 14373 0:0 30182
30181 14377 0:0 30182
30181 14365 0:0 30182
30181 14366 21:0 30182
30181 14372 21:0 30182
30190 27128 1:0 31514
30191 27127 1:0 31513
30191 27126 1:0 31524
30191 27112 1:0 31526
30191 26049 1:0 31526
30200 21096 1:0 31529
30200 22747 1:0 31529
30200 24398 1:0 31529
30200 17794 1:0 31554
30200 15400 1:0 31554
30200 19445 1:0 31554
30200 15401 1:0 31554
30200 15395 1:0 31554
30200 334 1:0 31579
30200 16143 1:0 31608
30200 15402 1:0 31677
30200 15403 1:0 31678
30200 15406 1:0 31697
30206 15394 1:0 31637
30206 15404 1:0 31687
30206 15405 1:0 31688
30208 15407 1:0 31698
30361 14520 21:0 30403
30402 14518 21:0 30403
30402 14519 21:0 30403
30402 14513 0:0 30403
30402 14512 21:0 30403
30402 14522 0:0 30403
30402 14523 0:0 30403
30402 14525 0:0 30403
30402 14521 0:0 30403
30402 14524 0:0 30403
30582 14667 21:0 30624
30622 14669 0:0 30624
30622 14671 0:0 30624
30623 14666 0:0 30624
30623 14660 21:0 30624
30623 14670 0:0 30624
30623 14672 0:0 30624
30623 14668 0:0 30624
30623 14659 0:0 30624
30623 14665 21:0 30624
30820 14819 21:0 30845
30843 14816 0:0 30845
30843 14815 0:0 30845
30843 14814 0:0 30845
30843 14817 0:0 30845
30844 14813 0:0 30845
30844 14807 0:0 30845
30844 14812 21:0 30845
30844 14806 21:0 30845
30844 14818 0:0 30845
31031 14964 21:0 31066
31064 14965 0:0 31066
31065 14961 0:0 31066
31065 14966 0:0 31066
31065 14962 0:0 31066
31065 14963 0:0 31066
31065 14953 0:0 31066
31065 14959 0:0 31066
31065 14960 21:0 31066
31065 14954 21:0 31066
31242 15109 21:0 31287
31285 15112 0:0 31287
31286 15107 21:0 31287
31286 15101 0:0 31287
31286 15111 0:0 31287
31286 15108 0:0 31287
31286 15100 21:0 31287
31286 15106 21:0 31287
31286 15113 0:0 31287
31286 15110 0:0 31287
31483 15260 21:0 31508
31506 15259 0:0 31508
31506 15258 0:0 31508
31507 15254 0:0 31508
31507 15248 21:0 31508
31507 15257 0:0 31508
31507 15256 0:0 31508
31507 15255 0:0 31508
31507 15247 21:0 31508
31507 15253 0:0 31508
31707 15406 21:0 123
