84 13844 0:0 113
84 13755 0:0 151
84 13751 0:0 151
128 13750 0:0 151
128 13752 0:0 151
142 13753 0:0 151
150 13754 0:0 155
1373 14457 21:0 1383
3350 298 21:0 3368
6709 299 21:0 6727
13427 301 21:0 13445
18063 299 1:0 3352
18063 301 1:0 10070
20365 22841 21:0 20373
21422 22841 1:0 23133
24109 24478 21:0 24126
24791 11546 1:0 24883
24791 11545 1:0 24952
24792 11547 1:0 24962
24792 11548 1:0 24963
24801 11549 1:0 24972
24801 11550 1:0 24973
24801 11692 1:0 25104
24801 11693 1:0 25104
24807 11694 1:0 25183
24807 11695 1:0 25184
24811 11696 1:0 25193
24827 11697 1:0 25194
24828 11839 1:0 25325
24840 11840 1:0 25325
24881 11842 1:0 25405
24889 12126 1:0 25773
24909 11841 1:0 25404
24910 11843 1:0 25414
24960 11844 1:0 25415
24962 11545 21:0 25004
24970 11986 1:0 25549
24980 11988 1:0 25549
25002 11547 0:0 25004
25003 11550 0:0 25004
25003 11549 0:0 25004
25003 11548 0:0 25004
25003 11546 0:0 25004
25005 11991 1:0 25550
25005 11989 1:0 25550
25005 11987 1:0 25550
25012 11990 1:0 25635
25012 12136 1:0 25772
25013 12133 1:0 25772
25013 12134 1:0 25772
25013 12135 1:0 25772
25022 12138 1:0 25772
25022 12131 1:0 25772
25022 12137 1:0 25772
25022 12125 1:0 25772
25022 12132 1:0 25827
25022 12282 1:0 25991
25028 12272 1:0 26017
25028 12273 1:0 26018
25028 12280 1:0 26057
25032 12281 1:0 26058
25048 12283 1:0 26068
25049 12278 1:0 26047
25049 12279 1:0 26048
25061 12284 1:0 26069
25102 12285 1:0 26069
25115 12432 1:0 26214
25130 12425 1:0 26214
25130 12420 1:0 26215
25131 12429 1:0 26214
25132 12419 1:0 26214
25181 12431 1:0 26214
25191 12428 1:0 26214
25193 11694 21:0 25225
25201 12427 1:0 26214
25223 11696 0:0 25225
25224 11692 0:0 25225
25224 11693 0:0 25225
25224 11695 0:0 25225
25224 11697 0:0 25225
25226 12430 1:0 26214
25226 12426 1:0 26269
25226 12574 1:0 26433
25226 12566 1:0 26459
25226 12567 1:0 26460
25226 12572 1:0 26489
25233 24478 1:0 26387
25234 12573 1:0 26490
25234 12575 1:0 26500
25234 12576 1:0 26509
25243 12577 1:0 26510
25243 12579 1:0 26511
25243 12578 1:0 26511
25243 12725 1:0 26656
25249 12720 1:0 26656
25249 12724 1:0 26656
25249 12714 1:0 26657
25253 12721 1:0 26656
25269 12722 1:0 26656
25270 12713 1:0 26656
25270 12719 1:0 26710
25282 12726 1:0 26656
25323 12723 1:0 26656
25336 12869 1:0 26875
25351 12860 1:0 26901
25351 12861 1:0 26902
25352 12868 1:0 26941
25353 12866 1:0 26931
25402 12870 1:0 26951
25411 11842 21:0 25446
25412 12871 1:0 26952
25422 12873 1:0 26952
25444 11841 0:0 25446
25444 11840 0:0 25446
25444 11843 0:0 25446
25444 11839 0:0 25446
25445 11844 0:0 25446
25447 12867 1:0 26932
25447 12872 1:0 26952
25447 13007 1:0 27098
25447 13018 1:0 27098
25447 13013 1:0 27098
25447 13008 1:0 27099
25454 13017 1:0 27098
25454 13016 1:0 27098
25455 13020 1:0 27098
25455 13019 1:0 27098
25455 13014 1:0 27153
25464 13015 1:0 27098
25464 13163 1:0 27317
25464 13154 1:0 27343
25464 13155 1:0 27344
25464 13162 1:0 27383
25470 13164 1:0 27393
25470 13165 1:0 27394
25474 13166 1:0 27394
25490 13167 1:0 27394
25491 13160 1:0 27373
25491 13161 1:0 27374
25503 13312 1:0 27538
25503 13301 1:0 27564
25552 13309 1:0 27604
25557 13302 1:0 27565
25572 13310 1:0 27605
25573 13311 1:0 27614
25574 13307 1:0 27594
25623 13313 1:0 27616
25633 13314 1:0 27616
25643 13308 1:0 27595
25643 13448 1:0 27761
25643 13454 1:0 27761
25643 13449 1:0 27762
25645 11990 21:0 25667
25666 11991 0:0 25667
25666 11986 0:0 25667
25666 11987 0:0 25667
25666 11989 0:0 25667
25666 11988 0:0 25667
25668 13458 1:0 27761
25668 13456 1:0 27761
25668 13457 1:0 27761
25675 13459 1:0 27761
25675 13460 1:0 27761
25676 13461 1:0 27761
25676 13455 1:0 27816
25676 13605 1:0 27982
25685 13604 1:0 27982
25685 13595 1:0 27982
25685 13603 1:0 27982
25685 13606 1:0 27982
25685 13602 1:0 27983
25685 13596 1:0 27983
25685 13601 1:0 28036
25691 13608 1:0 27982
25693 13607 1:0 27982
25696 298 1:0 28201
25711 13754 1:0 28229
25712 13844 1:0 28300
25712 13742 1:0 28227
25724 13753 1:0 28228
25765 13752 1:0 28229
25778 13750 1:0 28229
25793 14457 1:0 28279
25793 13743 1:0 28228
25794 13751 1:0 28268
25803 12126 0:0 25828
25806 12125 0:0 25833
25806 13755 1:0 28279
25833 12132 21:0 25858
25844 13748 1:0 28257
25844 13749 1:0 28258
25844 13845 1:0 28329
25857 12136 21:0 25888
25857 12134 0:0 25888
25858 12131 0:0 25866
25858 12133 0:0 25888
25886 12135 0:0 25888
25887 12138 0:0 25888
25887 12137 0:0 25888
26027 12272 21:0 26071
26070 12273 0:0 26079
26070 12279 0:0 26079
26071 12278 0:0 26079
26077 12282 21:0 26109
26108 12283 0:0 26109
26108 12280 0:0 26109
26108 12281 0:0 26109
26108 12285 0:0 26109
26108 12284 0:0 26112
26245 12420 0:0 26270
26248 12419 0:0 26274
26275 12426 21:0 26300
26300 12425 0:0 26308
26305 12432 21:0 26330
26328 12431 0:0 26330
26328 12428 0:0 26330
26328 12427 0:0 26330
26329 12429 0:0 26330
26329 12430 0:0 26330
26469 12566 21:0 26513
26512 12573 0:0 26521
26512 12574 21:0 26551
26513 12572 0:0 26521
26513 12567 0:0 26521
26549 12576 0:0 26551
26550 12577 0:0 26551
26550 12575 0:0 26551
26550 12578 0:0 26551
26550 12579 0:0 26554
26687 12714 0:0 26712
26690 12713 0:0 26716
26720 12719 21:0 26744
26743 12720 0:0 26754
26750 12725 21:0 26772
26771 12724 0:0 26772
26771 12723 0:0 26772
26771 12721 0:0 26772
26771 12722 0:0 26772
26771 12726 0:0 26772
26908 12861 21:0 26954
26953 12860 0:0 26961
26953 12866 0:0 26961
26953 12869 21:0 26993
26954 12867 0:0 26962
26991 12868 0:0 26993
26992 12872 0:0 26993
26992 12873 0:0 26993
26992 12870 0:0 26993
26992 12871 0:0 26996
27129 13008 0:0 27154
27132 13007 0:0 27158
27159 13014 21:0 27184
27183 13018 21:0 27214
27184 13013 0:0 27192
27212 13015 0:0 27214
27212 13019 0:0 27214
27212 13017 0:0 27214
27213 13016 0:0 27214
27213 13020 0:0 27214
27350 13155 21:0 27396
27395 13154 0:0 27403
27395 13160 0:0 27403
27395 13163 21:0 27435
27396 13161 0:0 27404
27434 13162 0:0 27435
27434 13167 0:0 27435
27434 13166 0:0 27435
27434 13165 0:0 27435
27434 13164 0:0 27438
27574 13301 21:0 27618
27617 13302 0:0 27626
27617 13308 0:0 27626
27618 13307 0:0 27626
27621 13312 21:0 27656
27655 13313 0:0 27656
27655 13314 0:0 27656
27655 13310 0:0 27656
27655 13309 0:0 27656
27655 13311 0:0 27659
27792 13449 0:0 27817
27795 13448 0:0 27821
27822 13455 21:0 27847
27846 13458 21:0 27877
27846 13457 0:0 27877
27847 13454 0:0 27855
27875 13460 0:0 27877
27875 13456 0:0 27877
27876 13461 0:0 27877
27876 13459 0:0 27877
28013 13596 0:0 28038
28016 13595 0:0 28042
28046 13601 21:0 28070
28069 13602 0:0 28080
28069 13605 21:0 28098
28070 13603 0:0 28098
28097 13606 0:0 28098
28097 13607 0:0 28098
28097 13604 0:0 28098
28097 13608 0:0 28098
28237 13742 21:0 28281
28280 13743 0:0 28289
28280 13749 0:0 28289
28281 13748 0:0 28289
28335 13845 21:0 84
