49 7909 0:0 51
49 7816 0:0 51
49 7814 0:0 51
50 7908 0:0 51
1273 8473 21:0 1283
3250 298 21:0 3290
3323 9437 21:0 3381
3394 9469 0:0 3397
3399 9470 21:0 3457
3470 9502 21:0 3478
3551 9536 21:0 3609
3926 9700 21:0 3934
4154 9799 21:0 4162
4527 9799 1:0 5059
4528 9700 1:0 5452
4537 9536 1:0 6096
4537 9502 1:0 6238
4543 9470 1:0 6358
4563 9469 1:0 6369
4576 9437 1:0 6489
6677 10907 21:0 6685
6910 11008 0:0 6913
6913 11009 21:0 6979
6986 11040 21:0 7044
7217 11141 21:0 7283
7442 11239 21:0 7500
7513 11270 21:0 7521
7886 11270 1:0 8418
7887 11239 1:0 8539
7896 11141 1:0 8924
7896 11040 1:0 9324
7902 11009 1:0 9448
7922 11008 1:0 9456
7923 5608 1:0 11407
7935 5757 1:0 11638
8017 10907 1:0 9859
10117 12412 21:0 10175
10174 12414 0:0 10186
10269 12478 21:0 10327
10271 12479 0:0 10272
10345 12511 21:0 10403
10492 12576 21:0 10500
10652 12645 21:0 10718
10725 12677 21:0 10783
11255 5758 1:0 11573
11255 5759 1:0 11573
11256 5756 1:0 11573
11256 5905 1:0 11794
11256 5907 1:0 11878
11265 5906 1:0 11793
11265 6042 1:0 12039
11265 6049 1:0 12070
11265 6050 1:0 12079
11265 6052 1:0 12089
11271 6053 1:0 12090
11273 6054 1:0 12099
11276 6055 1:0 12100
11291 6199 1:0 12234
11292 6189 1:0 12260
11304 6197 1:0 12300
11345 6198 1:0 12301
11358 6200 1:0 12311
11373 6195 1:0 12290
11373 6196 1:0 12291
11374 6201 1:0 12320
11374 6631 1:0 12894
11413 5608 21:0 11460
11476 6202 1:0 12321
11476 6349 1:0 12542
11477 12677 1:0 12452
11477 6345 1:0 12456
11486 6347 1:0 12456
11486 6346 1:0 12457
11486 6344 1:0 12457
11486 6348 1:0 12457
11494 12645 1:0 12673
11497 6496 1:0 12763
11513 6491 1:0 12678
11525 6493 1:0 12678
11566 6495 1:0 12678
11579 6492 1:0 12677
11595 6643 1:0 12984
11596 6639 1:0 12898
11644 5757 21:0 11689
11645 6642 1:0 12899
11655 6640 1:0 12899
11665 6641 1:0 12898
11687 5758 0:0 11689
11687 5756 0:0 11689
11688 5759 0:0 11689
11690 6788 1:0 13195
11697 6789 1:0 13119
11697 6777 1:0 13120
11698 6786 1:0 13119
11698 6790 1:0 13119
11698 6785 1:0 13120
11707 12576 1:0 13252
11707 6783 1:0 13119
11707 6924 1:0 13365
11707 6931 1:0 13396
11707 6932 1:0 13405
11707 7078 1:0 13617
11713 6933 1:0 13406
11715 6934 1:0 13415
11718 6935 1:0 13416
11734 7083 1:0 13595
11746 7080 1:0 13595
11787 7084 1:0 13595
11800 7079 1:0 13595
11815 7071 1:0 13586
11815 7225 1:0 13782
11816 7365 1:0 14028
11866 12511 1:0 13683
11876 7231 1:0 13868
11886 7226 1:0 13783
11888 5907 21:0 11910
11909 5905 0:0 11910
11909 5906 0:0 11910
11918 7227 1:0 13782
11918 7230 1:0 13783
11919 7229 1:0 13782
11919 7377 1:0 14002
11928 12478 1:0 13904
11928 12479 1:0 13905
11934 7374 1:0 14069
11934 7375 1:0 14078
11938 7376 1:0 14079
11954 7378 1:0 14089
12008 12414 1:0 14211
12016 7520 1:0 14289
12021 7513 1:0 14224
12037 7525 1:0 14224
12037 7524 1:0 14225
12038 7519 1:0 14224
12076 6049 21:0 12125
12087 7522 1:0 14225
12097 7523 1:0 14225
12107 7518 1:0 14225
12107 7512 1:0 14225
12124 6050 0:0 12131
12124 6053 0:0 12131
12125 6052 0:0 12131
12130 6055 0:0 12131
12130 6042 0:0 12131
12130 6054 0:0 12131
12132 12412 1:0 14346
12132 7671 1:0 14530
12139 8473 1:0 14608
12139 7666 1:0 14445
12139 7667 1:0 14446
12139 7813 1:0 14666
12140 298 1:0 14652
12140 7672 1:0 14446
12140 7669 1:0 14446
12149 7908 1:0 14792
12149 7814 1:0 14667
12149 7816 1:0 14667
12149 7806 1:0 14667
12149 7815 1:0 14732
12149 7909 1:0 14793
12270 6189 21:0 12326
12325 6199 21:0 12352
12350 6201 0:0 12352
12351 6200 0:0 12352
12351 6198 0:0 12352
12351 6196 0:0 12352
12351 6197 0:0 12352
12351 6195 0:0 12352
12351 6202 0:0 12352
12548 6349 21:0 12573
12571 6344 0:0 12573
12571 6345 0:0 12573
12571 6347 0:0 12573
12571 6346 0:0 12573
12572 6348 0:0 12573
12769 6496 21:0 12794
12792 6492 0:0 12794
12792 6491 0:0 12794
12792 6493 0:0 12794
12792 6495 0:0 12794
12930 6631 21:0 12987
12990 6643 21:0 13015
13013 6641 0:0 13015
13013 6640 0:0 13015
13013 6639 0:0 13015
13013 6642 0:0 13015
13154 6777 0:0 13180
13184 6783 0:0 13192
13201 6788 21:0 13236
13234 6785 0:0 13236
13234 6789 0:0 13236
13235 6790 0:0 13236
13235 6786 0:0 13236
13402 6931 21:0 13451
13450 6924 0:0 13457
13450 6933 0:0 13457
13451 6934 0:0 13457
13456 6935 0:0 13457
13456 6932 0:0 13457
13596 7071 0:0 13622
13623 7078 21:0 13672
13671 7084 0:0 13678
13671 7080 0:0 13678
13672 7083 0:0 13678
13672 7079 0:0 13678
13874 7231 21:0 13899
13897 7230 0:0 13899
13897 7226 0:0 13899
13897 7229 0:0 13899
13897 7227 0:0 13899
13898 7225 0:0 13899
14038 7365 21:0 14094
14098 7377 21:0 14120
14119 7374 0:0 14120
14119 7378 0:0 14120
14119 7376 0:0 14120
14119 7375 0:0 14120
14286 7519 0:0 14295
14299 7520 21:0 14341
14339 7522 0:0 14341
14339 7513 0:0 14341
14340 7518 0:0 14341
14340 7525 0:0 14341
14340 7524 0:0 14341
14340 7523 0:0 14341
14340 7512 0:0 14341
14507 7666 0:0 14516
14540 7671 21:0 14562
14561 7672 0:0 14562
14561 7669 0:0 14562
14561 7667 0:0 14562
14701 7806 0:0 14727
14728 7813 0:0 14737
14738 7815 21:0 82
