255 48229 0:0 257
256 48223 0:0 257
256 48224 0:0 257
256 48230 0:0 258
302 48232 0:0 304
302 48233 0:0 304
302 48234 0:0 304
302 48235 0:0 304
303 48323 0:0 304
303 48231 0:0 304
303 48324 0:0 304
358 48494 21:0 366
365 48495 0:0 366
365 48496 21:0 432
442 48530 21:0 508
510 48560 0:0 513
515 48561 21:0 573
517 48562 0:0 518
586 48593 0:0 589
591 48594 21:0 649
648 48596 0:0 660
662 48626 0:0 665
667 48628 21:0 725
743 48661 21:0 801
800 48662 0:0 812
814 48692 21:0 822
819 48693 0:0 822
822 48695 21:0 888
890 48725 21:0 898
897 48726 21:0 964
962 48728 0:0 964
966 48758 0:0 969
971 48759 21:0 1029
973 48760 0:0 974
1047 48793 0:0 1050
1050 48794 21:0 1116
1118 48824 21:0 1126
1575 49023 21:0 1583
1582 49025 0:0 1583
1582 49024 21:0 1649
1647 49026 0:0 1649
1651 49056 21:0 1659
1658 49058 0:0 1659
1658 49057 21:0 1725
1723 49059 0:0 1725
1727 49089 21:0 1735
1734 49090 0:0 1735
1734 49091 21:0 1801
1799 49092 0:0 1801
1803 49122 21:0 1811
1810 49123 0:0 1811
1810 49124 21:0 1877
1875 49125 0:0 1877
1879 49155 0:0 1882
1884 49156 21:0 1942
1886 49157 0:0 1887
1941 49158 0:0 1953
1955 49188 21:0 1963
1962 49189 0:0 1963
1962 49190 21:0 2029
2027 49191 0:0 2029
2031 49221 21:0 2039
2038 49222 0:0 2039
2038 49223 21:0 2105
2103 49224 0:0 2105
2107 49254 21:0 2115
2114 49255 0:0 2115
2114 49256 21:0 2181
2179 49257 0:0 2181
2183 49287 21:0 2191
2190 49289 0:0 2191
2190 49288 21:0 2257
2255 49290 0:0 2257
2259 49320 21:0 2267
2266 49322 0:0 2267
2266 49321 21:0 2333
2331 49323 0:0 2333
2335 49353 21:0 2343
2342 49354 0:0 2343
2342 49355 21:0 2409
2407 49356 0:0 2409
2411 49386 21:0 2419
2418 49388 0:0 2419
2418 49387 21:0 2485
2483 49389 0:0 2485
2487 49419 21:0 2495
2494 49420 0:0 2495
2494 49421 21:0 2561
2559 49422 0:0 2561
2563 49452 21:0 2571
2570 49454 0:0 2571
2570 49453 21:0 2637
2736 48824 1:0 3353
2737 48794 1:0 3459
2745 48793 1:0 3466
2745 48759 1:0 3587
2762 328 21:0 2776
2769 48760 1:0 3588
2858 48758 1:0 3597
2859 48728 1:0 3703
2867 48726 1:0 3709
2867 48725 1:0 3719
2877 48695 1:0 3825
2980 48693 1:0 3831
2981 48692 1:0 3841
2989 48662 1:0 3947
2989 48661 1:0 3954
2999 48628 1:0 4076
3102 48626 1:0 4085
3103 48596 1:0 4191
3111 48594 1:0 4197
3111 48593 1:0 4207
3121 48561 1:0 4319
3224 48562 1:0 4320
3225 48560 1:0 4329
3233 48530 1:0 4435
3233 48496 1:0 4564
3243 48495 1:0 4563
3257 329 1:0 5895
3346 48494 1:0 4573
3347 49453 1:0 6166
3355 49454 1:0 6167
3361 49452 1:0 6177
4745 50465 21:0 4753
4752 50467 0:0 4753
4752 50466 21:0 4819
4817 50468 0:0 4819
4821 50498 21:0 4829
4828 50500 0:0 4829
4828 50499 21:0 4895
4893 50501 0:0 4895
4897 50531 21:0 4905
4904 50533 0:0 4905
4904 50532 21:0 4971
4969 50534 0:0 4971
4973 50564 21:0 4981
4980 50565 0:0 4981
4980 50566 21:0 5047
5045 50567 0:0 5047
5049 50597 21:0 5057
5056 50598 0:0 5057
5056 50599 21:0 5123
5121 50600 0:0 5123
5125 50630 21:0 5133
5132 50632 0:0 5133
5132 50631 21:0 5199
5197 50633 0:0 5199
5201 50663 21:0 5209
5208 50664 0:0 5209
5208 50665 21:0 5275
5273 50666 0:0 5275
5277 50696 21:0 5285
5284 50697 0:0 5285
5284 50698 21:0 5351
5349 50699 0:0 5351
5353 50729 21:0 5361
5358 50731 0:0 5361
5358 50730 0:0 5361
5361 50732 21:0 5427
5429 50762 21:0 5437
5436 50764 0:0 5437
5436 50763 21:0 5503
5501 50765 0:0 5503
5505 50795 0:0 5508
5510 50796 21:0 5568
5512 50797 0:0 5513
5567 50798 0:0 5579
5581 50828 0:0 5584
5586 50830 21:0 5644
5588 50829 0:0 5589
5643 50831 0:0 5655
5657 50861 21:0 5665
5664 50863 0:0 5665
5664 50862 0:0 5665
5665 50864 21:0 5731
5733 50894 0:0 5736
5738 50896 21:0 5796
5740 50895 0:0 5741
5795 50897 0:0 5807
5809 50927 21:0 5817
5816 50928 21:0 5883
5907 49422 1:0 6290
5908 49421 1:0 6298
5917 49420 1:0 6297
5917 49419 1:0 6308
5925 49389 1:0 6421
5936 329 21:0 5950
5944 49387 1:0 6428
6038 49388 1:0 6429
6039 49386 1:0 6439
6039 49356 1:0 6552
6048 49354 1:0 6559
6048 49355 1:0 6560
6056 49353 1:0 6570
6075 49323 1:0 6683
6169 49321 1:0 6690
6170 49322 1:0 6691
6179 49320 1:0 6701
6179 49290 1:0 6814
6185 49288 1:0 6821
6189 49289 1:0 6822
6206 49287 1:0 6832
6300 49257 1:0 6945
6301 49256 1:0 6953
6310 49255 1:0 6952
6310 49254 1:0 6963
6316 49224 1:0 7076
6320 49223 1:0 7084
6349 49222 1:0 7083
6431 49221 1:0 7094
6432 49191 1:0 7207
6441 49189 1:0 7214
6441 49190 1:0 7215
6447 49188 1:0 7225
6452 49158 1:0 7338
6480 49156 1:0 7345
6562 49157 1:0 7346
6563 49155 1:0 7356
6572 49125 1:0 7469
6572 49124 1:0 7477
6578 49123 1:0 7476
6583 49122 1:0 7487
6611 49092 1:0 7600
6693 49091 1:0 7608
6694 49090 1:0 7607
6703 49089 1:0 7618
6703 49059 1:0 7731
6709 49057 1:0 7738
6729 49058 1:0 7739
6742 49056 1:0 7749
6824 49026 1:0 7862
6825 49024 1:0 7869
6834 49025 1:0 7870
6834 49023 1:0 7880
6840 330 1:0 9210
6844 50928 1:0 9350
8060 51907 21:0 8068
8067 51909 0:0 8068
8067 51908 21:0 8134
8132 51910 0:0 8134
8136 51940 21:0 8144
8143 51942 0:0 8144
8143 51941 21:0 8210
8208 51943 0:0 8210
8212 51973 21:0 8220
8219 51974 0:0 8220
8219 51975 21:0 8286
8284 51976 0:0 8286
8288 52006 21:0 8296
8295 52007 0:0 8296
8295 52008 21:0 8362
8360 52009 0:0 8362
8364 52039 21:0 8372
8371 52040 0:0 8372
8371 52041 21:0 8438
8436 52042 0:0 8438
8440 52072 21:0 8448
8447 52073 0:0 8448
8447 52074 21:0 8514
8512 52075 0:0 8514
8516 52105 21:0 8524
8523 52107 0:0 8524
8523 52106 21:0 8590
8588 52108 0:0 8590
8592 52138 21:0 8600
8599 52139 0:0 8600
8599 52140 21:0 8666
8664 52141 0:0 8666
8668 52171 21:0 8676
8675 52173 0:0 8676
8675 52172 0:0 8676
8676 52174 21:0 8742
8744 52204 21:0 8752
8751 52206 0:0 8752
8751 52205 21:0 8818
8816 52207 0:0 8818
8820 52237 0:0 8823
8825 52239 21:0 8883
8827 52238 0:0 8828
8882 52240 0:0 8894
8896 52270 21:0 8904
8903 52271 0:0 8904
8903 52272 21:0 8970
8968 52273 0:0 8970
8972 52303 21:0 8980
8979 52305 0:0 8980
8979 52304 21:0 9046
9056 52339 21:0 9122
9132 52372 21:0 9198
9222 50927 1:0 9361
9223 50897 1:0 9474
9232 50895 1:0 9481
9232 50896 1:0 9482
9240 50894 1:0 9492
9251 330 21:0 9265
9259 50864 1:0 9605
9353 50862 1:0 9612
9354 50863 1:0 9613
9354 50861 1:0 9623
9363 50831 1:0 9736
9363 50830 1:0 9744
9371 50829 1:0 9743
9390 50828 1:0 9754
9484 50798 1:0 9867
9485 50796 1:0 9874
9494 50797 1:0 9875
9494 50795 1:0 9885
9500 50765 1:0 9998
9504 50763 1:0 10005
9521 50764 1:0 10006
9615 50762 1:0 10016
9616 50732 1:0 10129
9625 50730 1:0 10136
9625 50731 1:0 10137
9631 50729 1:0 10147
9635 50699 1:0 10260
9664 50698 1:0 10268
9746 50697 1:0 10267
9747 50696 1:0 10278
9756 50666 1:0 10391
9756 50665 1:0 10399
9762 50664 1:0 10398
9767 50663 1:0 10409
9795 50633 1:0 10522
9877 50631 1:0 10529
9878 50632 1:0 10530
9887 50630 1:0 10540
9887 50600 1:0 10653
9893 50599 1:0 10661
9898 50598 1:0 10660
9926 50597 1:0 10671
10008 50567 1:0 10784
10009 50566 1:0 10792
10018 50565 1:0 10791
10018 50564 1:0 10802
10024 50534 1:0 10915
10044 50532 1:0 10922
10057 50533 1:0 10923
10139 50531 1:0 10933
10140 50501 1:0 11046
10149 50499 1:0 11053
10149 50500 1:0 11054
10157 50498 1:0 11064
10175 50468 1:0 11177
10270 50466 1:0 11184
10271 50467 1:0 11185
10271 50465 1:0 11195
10280 52372 1:0 12658
10280 331 1:0 12525
11375 53349 21:0 11383
11382 53350 0:0 11383
11382 53351 21:0 11449
11447 53352 0:0 11449
11451 53382 21:0 11459
11458 53383 0:0 11459
11458 53384 21:0 11525
11523 53385 0:0 11525
11527 53415 21:0 11535
11534 53416 0:0 11535
11534 53417 21:0 11601
11599 53418 0:0 11601
11603 53448 21:0 11611
11610 53450 0:0 11611
11610 53449 21:0 11677
11675 53451 0:0 11677
11679 53481 21:0 11687
11686 53482 0:0 11687
11686 53483 21:0 11753
11751 53484 0:0 11753
11755 53514 21:0 11763
11762 53515 0:0 11763
11762 53516 21:0 11829
11827 53517 0:0 11829
11831 53547 21:0 11839
11838 53549 0:0 11839
11838 53548 21:0 11905
11903 53550 0:0 11905
11907 53580 21:0 11915
11914 53582 0:0 11915
11914 53581 21:0 11981
11979 53583 0:0 11981
11983 53613 21:0 11991
11990 53614 0:0 11991
11990 53615 21:0 12057
12055 53616 0:0 12057
12059 53646 21:0 12067
12066 53647 0:0 12067
12066 53648 21:0 12133
12131 53649 0:0 12133
12135 53679 0:0 12138
12140 53681 21:0 12198
12142 53680 0:0 12143
12197 53682 0:0 12209
12211 53712 21:0 12219
12218 53713 0:0 12219
12218 53714 0:0 12219
12219 53715 21:0 12285
12287 53745 0:0 12290
12292 53747 21:0 12350
12294 53746 0:0 12295
12349 53748 0:0 12361
12363 53778 21:0 12371
12370 53780 0:0 12371
12370 53779 21:0 12437
12435 53781 0:0 12437
12439 53811 0:0 12442
12444 53812 21:0 12502
12537 52339 1:0 12789
12538 52304 1:0 12927
12547 52305 1:0 12928
12547 52303 1:0 12938
12555 52273 1:0 13051
12566 331 21:0 12580
12574 52272 1:0 13059
12668 52271 1:0 13058
12669 52270 1:0 13069
12669 52240 1:0 13182
12678 52238 1:0 13189
12678 52239 1:0 13190
12686 52237 1:0 13200
12705 52207 1:0 13313
12799 52205 1:0 13320
12800 52206 1:0 13321
12809 52204 1:0 13331
12809 52174 1:0 13444
12815 52172 1:0 13451
12819 52173 1:0 13452
12836 52171 1:0 13462
12930 52141 1:0 13575
12931 52140 1:0 13583
12940 52139 1:0 13582
12940 52138 1:0 13593
12946 52108 1:0 13706
12950 52106 1:0 13713
12979 52107 1:0 13714
13061 52105 1:0 13724
13062 52075 1:0 13837
13071 52073 1:0 13844
13071 52074 1:0 13845
13077 52072 1:0 13855
13082 52042 1:0 13968
13110 52041 1:0 13976
13192 52040 1:0 13975
13193 52039 1:0 13986
13202 52009 1:0 14099
13202 52008 1:0 14107
13208 52007 1:0 14106
13213 52006 1:0 14117
13241 51976 1:0 14230
13323 51975 1:0 14238
13324 51974 1:0 14237
13333 51973 1:0 14248
13333 51943 1:0 14361
13339 51941 1:0 14368
13359 51942 1:0 14369
13372 51940 1:0 14379
13454 51910 1:0 14492
13455 51908 1:0 14499
13464 51909 1:0 14500
13464 51907 1:0 14510
13470 332 1:0 15840
14690 54791 21:0 14698
14697 54792 0:0 14698
14697 54793 21:0 14764
14762 54794 0:0 14764
14766 54824 21:0 14774
14773 54826 0:0 14774
14773 54825 21:0 14840
14838 54827 0:0 14840
14842 54857 21:0 14850
14849 54859 0:0 14850
14849 54858 21:0 14916
14914 54860 0:0 14916
14918 54890 21:0 14926
14925 54891 0:0 14926
14925 54892 21:0 14992
14990 54893 0:0 14992
14994 54923 21:0 15002
15001 54925 0:0 15002
15001 54924 21:0 15068
15066 54926 0:0 15068
15070 54956 21:0 15078
15077 54958 0:0 15078
15077 54957 21:0 15144
15142 54959 0:0 15144
15146 54989 21:0 15154
15153 54990 0:0 15154
15153 54991 21:0 15220
15218 54992 0:0 15220
15222 55022 21:0 15230
15229 55023 0:0 15230
15229 55024 21:0 15296
15294 55025 0:0 15296
15298 55055 0:0 15301
15303 55057 21:0 15361
15305 55056 0:0 15306
15360 55058 0:0 15372
15374 55088 21:0 15382
15381 55089 0:0 15382
15381 55090 21:0 15448
15446 55091 0:0 15448
15450 55121 21:0 15458
15457 55123 0:0 15458
15457 55122 21:0 15524
15522 55124 0:0 15524
15526 55154 21:0 15534
15533 55156 0:0 15534
15533 55155 21:0 15600
15598 55157 0:0 15600
15602 55187 21:0 15610
15609 55189 0:0 15610
15609 55188 21:0 15676
15674 55190 0:0 15676
15852 53812 1:0 15980
15853 53811 1:0 15991
15862 53781 1:0 16104
15862 53779 1:0 16111
15870 53780 1:0 16112
15881 332 21:0 15895
15889 53778 1:0 16122
15983 53748 1:0 16235
15984 53746 1:0 16242
15984 53747 1:0 16243
15993 53745 1:0 16253
15993 53715 1:0 16366
16001 53714 1:0 16374
16020 53713 1:0 16373
16114 53712 1:0 16384
16115 53682 1:0 16497
16124 53680 1:0 16504
16124 53681 1:0 16505
16130 53679 1:0 16515
16134 53649 1:0 16628
16151 53648 1:0 16636
16245 53647 1:0 16635
16246 53646 1:0 16646
16255 53616 1:0 16759
16255 53615 1:0 16767
16261 53614 1:0 16766
16265 53613 1:0 16777
16294 53583 1:0 16890
16376 53581 1:0 16897
16377 53582 1:0 16898
16386 53580 1:0 16908
16386 53550 1:0 17021
16392 53548 1:0 17028
16397 53549 1:0 17029
16425 53547 1:0 17039
16507 53517 1:0 17152
16508 53516 1:0 17160
16517 53515 1:0 17159
16517 53514 1:0 17170
16523 53484 1:0 17283
16528 53483 1:0 17291
16556 53482 1:0 17290
16638 53481 1:0 17301
16639 53451 1:0 17414
16648 53449 1:0 17421
16648 53450 1:0 17422
16654 53448 1:0 17432
16674 53418 1:0 17545
16687 53417 1:0 17553
16769 53416 1:0 17552
16770 53415 1:0 17563
16779 53385 1:0 17676
16779 53384 1:0 17684
16787 53383 1:0 17683
16805 53382 1:0 17694
16900 53352 1:0 17807
16901 53350 1:0 17814
16901 53351 1:0 17815
16910 53349 1:0 17825
16910 333 1:0 19155
18005 56233 21:0 18013
18012 56235 0:0 18013
18012 56234 21:0 18079
18077 56236 0:0 18079
18081 56266 21:0 18089
18088 56267 0:0 18089
18088 56268 21:0 18155
18153 56269 0:0 18155
18157 56299 21:0 18165
18164 56300 0:0 18165
18164 56301 21:0 18231
18229 56302 0:0 18231
18233 56332 21:0 18241
18240 56334 0:0 18241
18240 56333 21:0 18307
18305 56335 0:0 18307
18309 56365 21:0 18317
18316 56366 0:0 18317
18316 56367 21:0 18383
18381 56368 0:0 18383
18385 56398 21:0 18393
18392 56400 0:0 18393
18392 56399 21:0 18459
18457 56401 0:0 18459
18461 56431 21:0 18469
18468 56433 0:0 18469
18468 56432 21:0 18535
18533 56434 0:0 18535
18537 56464 21:0 18545
18544 56465 0:0 18545
18544 56466 21:0 18611
18609 56467 0:0 18611
18613 56497 0:0 18616
18618 56498 21:0 18676
18620 56499 0:0 18621
18675 56500 0:0 18687
18689 56530 0:0 18692
18694 56532 21:0 18752
18696 56531 0:0 18697
18751 56533 0:0 18763
18765 56563 21:0 18773
18772 56564 0:0 18773
18772 56565 0:0 18773
18773 56566 21:0 18839
18841 56596 0:0 18844
18846 56597 21:0 18904
18848 56598 0:0 18849
18903 56599 0:0 18915
18917 56629 21:0 18925
18924 56631 0:0 18925
18924 56630 21:0 18991
18989 56632 0:0 18991
18993 56662 21:0 19001
19000 56663 0:0 19001
19000 56664 21:0 19067
19065 56665 0:0 19067
19069 56695 21:0 19077
19076 56697 21:0 19143
19167 55190 1:0 19550
19168 55188 1:0 19557
19177 55189 1:0 19558
19177 55187 1:0 19568
19185 55157 1:0 19681
19196 333 21:0 19210
19204 55155 1:0 19688
19298 55156 1:0 19689
19299 55154 1:0 19699
19299 55124 1:0 19812
19308 55122 1:0 19819
19308 55123 1:0 19820
19316 55121 1:0 19830
19335 55091 1:0 19943
19429 55090 1:0 19951
19430 55089 1:0 19950
19439 55088 1:0 19961
19439 55058 1:0 20074
19445 55057 1:0 20082
19449 55056 1:0 20081
19466 55055 1:0 20092
19560 55025 1:0 20205
19561 55024 1:0 20213
19570 55023 1:0 20212
19570 55022 1:0 20223
19576 54992 1:0 20336
19580 54991 1:0 20344
19609 54990 1:0 20343
19691 54989 1:0 20354
19692 54959 1:0 20467
19701 54957 1:0 20474
19701 54958 1:0 20475
19707 54956 1:0 20485
19712 54926 1:0 20598
19740 54924 1:0 20605
19822 54925 1:0 20606
19823 54923 1:0 20616
19832 54893 1:0 20729
19832 54892 1:0 20737
19838 54891 1:0 20736
19843 54890 1:0 20747
19871 54860 1:0 20860
19953 54858 1:0 20867
19954 54859 1:0 20868
19963 54857 1:0 20878
19963 54827 1:0 20991
19969 54825 1:0 20998
19989 54826 1:0 20999
20002 54824 1:0 21009
20084 54794 1:0 21122
20085 54793 1:0 21130
20094 54792 1:0 21129
20094 54791 1:0 21140
20100 334 1:0 22470
20104 56697 1:0 22611
20121 56695 1:0 22621
20215 56665 1:0 22734
21320 57675 21:0 21328
21327 57676 0:0 21328
21327 57677 21:0 21394
21392 57678 0:0 21394
21396 57708 21:0 21404
21403 57709 0:0 21404
21403 57710 21:0 21470
21468 57711 0:0 21470
21472 57741 21:0 21480
21479 57743 0:0 21480
21479 57742 21:0 21546
21544 57744 0:0 21546
21548 57774 21:0 21556
21555 57775 0:0 21556
21555 57776 21:0 21622
21620 57777 0:0 21622
21624 57807 21:0 21632
21631 57809 0:0 21632
21631 57808 21:0 21698
21696 57810 0:0 21698
21700 57840 21:0 21708
21707 57841 0:0 21708
21707 57842 21:0 21774
21772 57843 0:0 21774
21776 57873 21:0 21784
21783 57874 0:0 21784
21783 57875 21:0 21850
21848 57876 0:0 21850
21852 57906 21:0 21860
21859 57907 0:0 21860
21859 57908 21:0 21926
21924 57909 0:0 21926
21928 57939 21:0 21936
21935 57940 0:0 21936
21935 57941 21:0 22002
22000 57942 0:0 22002
22004 57972 0:0 22007
22009 57974 21:0 22067
22011 57973 0:0 22012
22066 57975 0:0 22078
22080 58005 21:0 22088
22087 58007 0:0 22088
22087 58006 21:0 22154
22152 58008 0:0 22154
22156 58038 21:0 22164
22163 58039 0:0 22164
22163 58040 21:0 22230
22228 58041 0:0 22230
22232 58071 21:0 22240
22237 58072 0:0 22240
22239 58073 0:0 22240
22240 58074 21:0 22306
22308 58104 21:0 22316
22315 58106 0:0 22316
22315 58105 21:0 22382
22482 56664 1:0 22742
22483 56663 1:0 22741
22492 56662 1:0 22752
22492 56632 1:0 22865
22500 56630 1:0 22872
22511 334 21:0 22525
22519 56631 1:0 22873
22613 56629 1:0 22883
22614 56599 1:0 22996
22614 56597 1:0 23003
22623 56598 1:0 23004
22623 56596 1:0 23014
22631 56566 1:0 23127
22650 56565 1:0 23135
22744 56564 1:0 23134
22745 56563 1:0 23145
22754 56533 1:0 23258
22754 56532 1:0 23266
22760 56531 1:0 23265
22764 56530 1:0 23276
22781 56500 1:0 23389
22875 56498 1:0 23396
22876 56499 1:0 23397
22885 56497 1:0 23407
22885 56467 1:0 23520
22891 56466 1:0 23528
22895 56465 1:0 23527
22924 56464 1:0 23538
23006 56434 1:0 23651
23007 56432 1:0 23658
23016 56433 1:0 23659
23016 56431 1:0 23669
23022 56401 1:0 23782
23027 56399 1:0 23789
23055 56400 1:0 23790
23137 56398 1:0 23800
23138 56368 1:0 23913
23147 56366 1:0 23920
23147 56367 1:0 23921
23153 56365 1:0 23931
23158 56335 1:0 24044
23186 56333 1:0 24051
23268 56334 1:0 24052
23269 56332 1:0 24062
23278 56302 1:0 24175
23278 56301 1:0 24183
23284 56300 1:0 24182
23304 56299 1:0 24193
23317 56269 1:0 24306
23399 56268 1:0 24314
23400 56267 1:0 24313
23409 56266 1:0 24324
23409 56236 1:0 24437
23417 56234 1:0 24444
23435 56235 1:0 24445
23436 335 1:0 25785
23530 56233 1:0 24455
24635 59117 21:0 24643
24642 59118 0:0 24643
24642 59119 21:0 24709
24707 59120 0:0 24709
24711 59150 21:0 24719
24718 59151 0:0 24719
24718 59152 21:0 24785
24783 59153 0:0 24785
24787 59183 21:0 24795
24794 59185 0:0 24795
24794 59184 21:0 24861
24859 59186 0:0 24861
24863 59216 21:0 24871
24870 59217 0:0 24871
24870 59218 21:0 24937
24935 59219 0:0 24937
24939 59249 21:0 24947
24946 59251 0:0 24947
24946 59250 21:0 25013
25011 59252 0:0 25013
25015 59282 21:0 25023
25022 59283 0:0 25023
25022 59284 21:0 25089
25087 59285 0:0 25089
25091 59315 21:0 25099
25098 59317 0:0 25099
25098 59316 21:0 25165
25163 59318 0:0 25165
25167 59348 21:0 25175
25174 59349 0:0 25175
25174 59350 21:0 25241
25239 59351 0:0 25241
25243 59381 21:0 25251
25250 59383 0:0 25251
25250 59382 0:0 25251
25251 59384 21:0 25317
25319 59414 21:0 25327
25326 59416 0:0 25327
25326 59415 21:0 25393
25391 59417 0:0 25393
25395 59447 0:0 25398
25400 59448 21:0 25458
25402 59449 0:0 25403
25457 59450 0:0 25469
25471 59480 0:0 25474
25476 59481 21:0 25534
25478 59482 0:0 25479
25533 59483 0:0 25545
25547 59513 21:0 25555
25555 59516 21:0 25621
25623 59546 0:0 25626
25628 59547 21:0 25686
25630 59548 0:0 25631
25685 59549 0:0 25697
25699 59579 21:0 25707
25797 58105 1:0 26056
25798 58106 1:0 26057
25807 58104 1:0 26067
25807 58074 1:0 26180
25815 58073 1:0 26188
25826 335 21:0 25840
25834 58072 1:0 26187
25928 58071 1:0 26198
25929 58041 1:0 26311
25929 58040 1:0 26319
25938 58039 1:0 26318
25938 58038 1:0 26329
25946 58008 1:0 26442
25965 58006 1:0 26449
26059 58007 1:0 26450
26060 58005 1:0 26460
26069 57975 1:0 26573
26069 57974 1:0 26581
26075 57973 1:0 26580
26079 57972 1:0 26591
26096 57942 1:0 26704
26190 57941 1:0 26712
26191 57940 1:0 26711
26200 57939 1:0 26722
26200 57909 1:0 26835
26206 57908 1:0 26843
26210 57907 1:0 26842
26239 57906 1:0 26853
26321 57876 1:0 26966
26322 57875 1:0 26974
26331 57874 1:0 26973
26331 57873 1:0 26984
26337 57843 1:0 27097
26342 57842 1:0 27105
26370 57841 1:0 27104
26452 57840 1:0 27115
26453 57810 1:0 27228
26462 57808 1:0 27235
26462 57809 1:0 27236
26468 57807 1:0 27246
26473 57777 1:0 27359
26501 57776 1:0 27367
26583 57775 1:0 27366
26584 57774 1:0 27377
26593 57744 1:0 27490
26593 57742 1:0 27497
26599 57743 1:0 27498
26619 57741 1:0 27508
26632 57711 1:0 27621
26714 57710 1:0 27629
26715 57709 1:0 27628
26724 57708 1:0 27639
26724 57678 1:0 27752
26732 57677 1:0 27760
26750 57676 1:0 27759
26751 336 1:0 29100
26845 57675 1:0 27770
26846 59579 1:0 29251
26855 59549 1:0 29364
27950 60559 21:0 27958
27957 60561 0:0 27958
27957 60560 21:0 28024
28022 60562 0:0 28024
28026 60592 21:0 28034
28033 60594 0:0 28034
28033 60593 21:0 28100
28098 60595 0:0 28100
28102 60625 21:0 28110
28109 60627 0:0 28110
28109 60626 21:0 28176
28174 60628 0:0 28176
28178 60658 21:0 28186
28185 60660 0:0 28186
28185 60659 21:0 28252
28250 60661 0:0 28252
28254 60691 21:0 28262
28261 60692 0:0 28262
28261 60693 21:0 28328
28326 60694 0:0 28328
28330 60724 21:0 28338
28337 60725 0:0 28338
28337 60726 21:0 28404
28402 60727 0:0 28404
28406 60757 21:0 28414
28413 60758 0:0 28414
28413 60759 21:0 28480
28478 60760 0:0 28480
28482 60790 21:0 28490
28489 60791 0:0 28490
28489 60792 21:0 28556
28554 60793 0:0 28556
28558 60823 21:0 28566
28565 60824 0:0 28566
28565 60825 21:0 28632
28630 60826 0:0 28632
28634 60856 21:0 28642
28641 60857 0:0 28642
28641 60858 0:0 28642
28642 60859 21:0 28708
28710 60889 21:0 28718
28717 60891 0:0 28718
28717 60890 21:0 28784
28782 60892 0:0 28784
28786 60922 0:0 28789
28791 60924 21:0 28849
28793 60923 0:0 28794
28848 60925 0:0 28860
28862 60955 0:0 28865
28867 60957 21:0 28925
28869 60956 0:0 28870
28924 60958 0:0 28936
28938 60988 21:0 28946
28945 60989 0:0 28946
28945 60990 21:0 29012
29010 60991 0:0 29012
29014 61021 21:0 29022
29112 59547 1:0 29371
29113 59548 1:0 29372
29122 59546 1:0 29382
29122 59516 1:0 29495
29130 59513 1:0 29513
29141 336 21:0 29155
29149 59483 1:0 29626
29243 59481 1:0 29633
29244 59482 1:0 29634
29244 59480 1:0 29644
29253 59450 1:0 29757
29253 59448 1:0 29764
29261 59449 1:0 29765
29280 59447 1:0 29775
29374 59417 1:0 29888
29375 59415 1:0 29895
29384 59416 1:0 29896
29384 59414 1:0 29906
29390 59384 1:0 30019
29394 59383 1:0 30027
29411 59382 1:0 30026
29505 59381 1:0 30037
29506 59351 1:0 30150
29515 59349 1:0 30157
29515 59350 1:0 30158
29521 59348 1:0 30168
29525 59318 1:0 30281
29554 59316 1:0 30288
29636 59317 1:0 30289
29637 59315 1:0 30299
29646 59285 1:0 30412
29646 59284 1:0 30420
29652 59283 1:0 30419
29657 59282 1:0 30430
29685 59252 1:0 30543
29767 59250 1:0 30550
29768 59251 1:0 30551
29777 59249 1:0 30561
29777 59219 1:0 30674
29783 59218 1:0 30682
29788 59217 1:0 30681
29816 59216 1:0 30692
29898 59186 1:0 30805
29899 59184 1:0 30812
29908 59185 1:0 30813
29908 59183 1:0 30823
29914 59153 1:0 30936
29934 59152 1:0 30944
29947 59151 1:0 30943
30029 59150 1:0 30954
30030 59120 1:0 31067
30039 59118 1:0 31074
30039 59119 1:0 31075
30047 59117 1:0 31085
30049 337 1:0 32415
30066 61021 1:0 32566
31265 62001 21:0 31273
31272 62002 0:0 31273
31272 62003 21:0 31339
31337 62004 0:0 31339
31341 62034 21:0 31349
31348 62036 0:0 31349
31348 62035 21:0 31415
31413 62037 0:0 31415
31417 62067 21:0 31425
31424 62069 0:0 31425
31424 62068 21:0 31491
31489 62070 0:0 31491
31493 62100 21:0 31501
31500 62102 0:0 31501
31500 62101 21:0 31567
31565 62103 0:0 31567
31569 62133 21:0 31577
31576 62134 0:0 31577
31576 62135 21:0 31643
31641 62136 0:0 31643
31645 62166 21:0 31653
31652 62167 0:0 31653
31652 62168 21:0 31719
31717 62169 0:0 31719
31721 62199 21:0 31729
31728 62200 0:0 31729
31728 62201 21:0 31795
31793 62202 0:0 31795
31797 62232 21:0 31805
31804 62233 0:0 31805
31804 62234 21:0 31871
31869 62235 0:0 31871
31873 62265 0:0 31876
31878 62267 21:0 31936
31880 62266 0:0 31881
31935 62268 0:0 31947
31949 62298 21:0 31957
31956 62300 0:0 31957
31956 62299 21:0 32023
32021 62301 0:0 32023
32025 62331 0:0 32028
32030 62332 21:0 32088
32032 62333 0:0 32033
32087 62334 0:0 32099
32101 62364 21:0 32109
32108 62366 0:0 32109
32108 62365 21:0 32175
32173 62367 0:0 32175
32182 62399 21:0 32240
32184 62398 0:0 32185
32239 62400 0:0 32251
32261 62433 21:0 32327
32334 62465 21:0 32392
32336 62464 0:0 32337
32427 60991 1:0 32679
32428 60990 1:0 32687
32437 60989 1:0 32686
32437 60988 1:0 32697
32445 60958 1:0 32810
32456 337 21:0 32470
32464 60957 1:0 32818
32558 60956 1:0 32817
32559 60955 1:0 32828
32559 60925 1:0 32941
32568 60923 1:0 32948
32568 60924 1:0 32949
32576 60922 1:0 32959
32595 60892 1:0 33072
32689 60890 1:0 33079
32690 60891 1:0 33080
32699 60889 1:0 33090
32699 60859 1:0 33203
32705 60857 1:0 33210
32709 60858 1:0 33211
32726 60856 1:0 33221
32820 60826 1:0 33334
32821 60825 1:0 33342
32830 60824 1:0 33341
32830 60823 1:0 33352
32836 60793 1:0 33465
32840 60792 1:0 33473
32869 60791 1:0 33472
32951 60790 1:0 33483
32952 60760 1:0 33596
32961 60758 1:0 33603
32961 60759 1:0 33604
32967 60757 1:0 33614
32972 60727 1:0 33727
33000 60726 1:0 33735
33082 60725 1:0 33734
33083 60724 1:0 33745
33092 60694 1:0 33858
33092 60693 1:0 33866
33098 60692 1:0 33865
33103 60691 1:0 33876
33131 60661 1:0 33989
33213 60659 1:0 33996
33214 60660 1:0 33997
33223 60658 1:0 34007
33223 60628 1:0 34120
33229 60626 1:0 34127
33249 60627 1:0 34128
33262 60625 1:0 34138
33344 60595 1:0 34251
33345 60593 1:0 34258
33354 60594 1:0 34259
33354 60592 1:0 34269
33362 60562 1:0 34382
33380 60560 1:0 34389
33381 338 1:0 35730
33475 60561 1:0 34390
33476 60559 1:0 34400
34580 63443 21:0 34588
34587 63445 0:0 34588
34587 63444 21:0 34654
34652 63446 0:0 34654
34656 63476 21:0 34664
34663 63477 0:0 34664
34663 63478 21:0 34730
34728 63479 0:0 34730
34732 63509 21:0 34740
34739 63511 0:0 34740
34739 63510 21:0 34806
34804 63512 0:0 34806
34808 63542 21:0 34816
34815 63544 0:0 34816
34815 63543 21:0 34882
34880 63545 0:0 34882
34884 63575 21:0 34892
34891 63576 0:0 34892
34891 63577 21:0 34958
34956 63578 0:0 34958
34960 63608 21:0 34968
34967 63609 0:0 34968
34967 63610 21:0 35034
35032 63611 0:0 35034
35036 63641 21:0 35044
35043 63642 0:0 35044
35043 63643 21:0 35110
35108 63644 0:0 35110
35112 63674 21:0 35120
35119 63675 0:0 35120
35119 63676 21:0 35186
35184 63677 0:0 35186
35188 63707 21:0 35196
35195 63709 0:0 35196
35195 63708 0:0 35196
35196 63710 21:0 35262
35264 63740 21:0 35272
35271 63741 0:0 35272
35271 63742 21:0 35338
35336 63743 0:0 35338
35340 63773 0:0 35343
35345 63774 21:0 35403
35347 63775 0:0 35348
35402 63776 0:0 35414
35416 63806 21:0 35424
35423 63808 0:0 35424
35423 63807 21:0 35490
35488 63809 0:0 35490
35492 63839 0:0 35495
35497 63841 21:0 35555
35499 63840 0:0 35500
35554 63842 0:0 35566
35568 63872 21:0 35576
35575 63873 0:0 35576
35575 63874 21:0 35642
35640 63875 0:0 35642
35742 62465 1:0 35871
35743 62464 1:0 35870
35752 62433 1:0 35994
35752 62400 1:0 36125
35760 62399 1:0 36133
35771 338 21:0 35785
35779 62398 1:0 36132
35873 62367 1:0 36256
35874 62365 1:0 36263
35874 62366 1:0 36264
35883 62364 1:0 36274
35883 62334 1:0 36387
35891 62332 1:0 36394
35910 62333 1:0 36395
36004 62331 1:0 36405
36005 62301 1:0 36518
36014 62299 1:0 36525
36014 62300 1:0 36526
36020 62298 1:0 36536
36024 62268 1:0 36649
36041 62267 1:0 36657
36135 62266 1:0 36656
36136 62265 1:0 36667
36145 62235 1:0 36780
36145 62234 1:0 36788
36151 62233 1:0 36787
36155 62232 1:0 36798
36184 62202 1:0 36911
36266 62201 1:0 36919
36267 62200 1:0 36918
36276 62199 1:0 36929
36276 62169 1:0 37042
36282 62168 1:0 37050
36287 62167 1:0 37049
36315 62166 1:0 37060
36397 62136 1:0 37173
36398 62135 1:0 37181
36407 62134 1:0 37180
36407 62133 1:0 37191
36413 62103 1:0 37304
36418 62101 1:0 37311
36446 62102 1:0 37312
36528 62100 1:0 37322
36529 62070 1:0 37435
36538 62068 1:0 37442
36538 62069 1:0 37443
36544 62067 1:0 37453
36564 62037 1:0 37566
36577 62035 1:0 37573
36659 62036 1:0 37574
36660 62034 1:0 37584
36669 62004 1:0 37697
36669 62003 1:0 37705
36677 62002 1:0 37704
36695 62001 1:0 37715
36696 339 1:0 39045
36790 63875 1:0 39309
36791 63874 1:0 39317
36800 63873 1:0 39316
36800 63872 1:0 39327
37895 64885 21:0 37903
37902 64887 0:0 37903
37902 64886 21:0 37969
37967 64888 0:0 37969
37971 64918 21:0 37979
37978 64920 0:0 37979
37978 64919 21:0 38045
38043 64921 0:0 38045
38047 64951 21:0 38055
38054 64952 0:0 38055
38054 64953 21:0 38121
38119 64954 0:0 38121
38123 64984 21:0 38131
38130 64986 0:0 38131
38130 64985 21:0 38197
38195 64987 0:0 38197
38199 65017 21:0 38207
38206 65018 0:0 38207
38206 65019 21:0 38273
38271 65020 0:0 38273
38275 65050 21:0 38283
38282 65051 0:0 38283
38282 65052 21:0 38349
38347 65053 0:0 38349
38351 65083 21:0 38359
38358 65085 0:0 38359
38358 65084 21:0 38425
38423 65086 0:0 38425
38427 65116 21:0 38435
38434 65117 0:0 38435
38434 65118 21:0 38501
38499 65119 0:0 38501
38503 65149 0:0 38506
38508 65150 21:0 38566
38510 65151 0:0 38511
38565 65152 0:0 38577
38579 65182 21:0 38587
38586 65183 0:0 38587
38586 65184 21:0 38653
38651 65185 0:0 38653
38655 65215 21:0 38663
38662 65216 0:0 38663
38662 65217 21:0 38729
38727 65218 0:0 38729
38731 65248 21:0 38739
38736 65250 0:0 38739
38736 65249 0:0 38739
38739 65251 21:0 38805
38807 65281 0:0 38810
38812 65282 21:0 38870
38814 65283 0:0 38815
38869 65284 0:0 38881
38883 65314 21:0 38891
38890 65316 0:0 38891
38890 65315 21:0 38957
38955 65317 0:0 38957
38959 65347 21:0 38967
38966 65349 21:0 39033
39057 63842 1:0 39440
39058 63841 1:0 39448
39067 63840 1:0 39447
39067 63839 1:0 39458
39075 63809 1:0 39571
39086 339 21:0 39100
39094 63807 1:0 39578
39188 63808 1:0 39579
39189 63806 1:0 39589
39189 63776 1:0 39702
39198 63774 1:0 39709
39198 63775 1:0 39710
39206 63773 1:0 39720
39225 63743 1:0 39833
39319 63742 1:0 39841
39320 63741 1:0 39840
39329 63740 1:0 39851
39329 63710 1:0 39964
39335 63709 1:0 39972
39339 63708 1:0 39971
39356 63707 1:0 39982
39450 63677 1:0 40095
39451 63676 1:0 40103
39460 63675 1:0 40102
39460 63674 1:0 40113
39466 63644 1:0 40226
39470 63643 1:0 40234
39499 63642 1:0 40233
39581 63641 1:0 40244
39582 63611 1:0 40357
39591 63609 1:0 40364
39591 63610 1:0 40365
39597 63608 1:0 40375
39602 63578 1:0 40488
39630 63577 1:0 40496
39712 63576 1:0 40495
39713 63575 1:0 40506
39722 63545 1:0 40619
39722 63543 1:0 40626
39728 63544 1:0 40627
39733 63542 1:0 40637
39761 63512 1:0 40750
39843 63510 1:0 40757
39844 63511 1:0 40758
39853 63509 1:0 40768
39853 63479 1:0 40881
39859 63478 1:0 40889
39879 63477 1:0 40888
39892 63476 1:0 40899
39974 63446 1:0 41012
39975 63444 1:0 41019
39984 63445 1:0 41020
39984 63443 1:0 41030
39990 340 1:0 42360
41210 66327 21:0 41218
41217 66329 0:0 41218
41217 66328 21:0 41284
41282 66330 0:0 41284
41286 66360 21:0 41294
41293 66362 0:0 41294
41293 66361 21:0 41360
41358 66363 0:0 41360
41362 66393 21:0 41370
41369 66395 0:0 41370
41369 66394 21:0 41436
41434 66396 0:0 41436
41438 66426 21:0 41446
41445 66427 0:0 41446
41445 66428 21:0 41512
41510 66429 0:0 41512
41514 66459 21:0 41522
41521 66460 0:0 41522
41521 66461 21:0 41588
41586 66462 0:0 41588
41590 66492 21:0 41598
41597 66493 0:0 41598
41597 66494 21:0 41664
41662 66495 0:0 41664
41666 66525 21:0 41674
41673 66526 0:0 41674
41673 66527 21:0 41740
41738 66528 0:0 41740
41742 66558 21:0 41750
41749 66559 0:0 41750
41749 66560 21:0 41816
41814 66561 0:0 41816
41818 66591 21:0 41826
41825 66592 0:0 41826
41825 66593 21:0 41892
41890 66594 0:0 41892
41894 66624 21:0 41902
41901 66625 0:0 41902
41901 66626 21:0 41968
41966 66627 0:0 41968
41970 66657 21:0 41978
41977 66658 0:0 41978
41977 66659 0:0 41978
41978 66660 21:0 42044
42046 66690 21:0 42054
42053 66691 0:0 42054
42053 66692 0:0 42054
42054 66693 21:0 42120
42122 66723 21:0 42130
42129 66724 0:0 42130
42129 66725 21:0 42196
42198 66756 21:0 42206
42372 65349 1:0 42501
42373 65347 1:0 42511
42382 65317 1:0 42624
42382 65315 1:0 42631
42390 65316 1:0 42632
42401 340 21:0 42415
42409 65314 1:0 42642
42503 65284 1:0 42755
42504 65282 1:0 42762
42504 65283 1:0 42763
42513 65281 1:0 42773
42513 65251 1:0 42886
42521 65249 1:0 42893
42540 65250 1:0 42894
42634 65248 1:0 42904
42635 65218 1:0 43017
42644 65216 1:0 43024
42644 65217 1:0 43025
42650 65215 1:0 43035
42654 65185 1:0 43148
42671 65184 1:0 43156
42765 65183 1:0 43155
42766 65182 1:0 43166
42775 65152 1:0 43279
42775 65150 1:0 43286
42781 65151 1:0 43287
42785 65149 1:0 43297
42814 65119 1:0 43410
42896 65118 1:0 43418
42897 65117 1:0 43417
42906 65116 1:0 43428
42906 65086 1:0 43541
42912 65084 1:0 43548
42917 65085 1:0 43549
42945 65083 1:0 43559
43027 65053 1:0 43672
43028 65052 1:0 43680
43037 65051 1:0 43679
43037 65050 1:0 43690
43043 65020 1:0 43803
43048 65019 1:0 43811
43076 65018 1:0 43810
43158 65017 1:0 43821
43159 64987 1:0 43934
43168 64985 1:0 43941
43168 64986 1:0 43942
43174 64984 1:0 43952
43194 64954 1:0 44065
43207 64953 1:0 44073
43289 64952 1:0 44072
43290 64951 1:0 44083
43299 64921 1:0 44196
43299 64919 1:0 44203
43307 64920 1:0 44204
43325 64918 1:0 44214
43420 64888 1:0 44327
43421 64886 1:0 44334
43421 64887 1:0 44335
43430 64885 1:0 44345
43430 341 1:0 45675
43436 66756 1:0 45957
44525 67769 21:0 44533
44532 67771 0:0 44533
44532 67770 21:0 44599
44597 67772 0:0 44599
44601 67802 21:0 44609
44608 67803 0:0 44609
44608 67804 21:0 44675
44673 67805 0:0 44675
44677 67835 21:0 44685
44684 67836 0:0 44685
44684 67837 21:0 44751
44749 67838 0:0 44751
44753 67868 21:0 44761
44760 67869 0:0 44761
44760 67870 21:0 44827
44825 67871 0:0 44827
44829 67901 21:0 44837
44836 67903 0:0 44837
44836 67902 21:0 44903
44901 67904 0:0 44903
44905 67934 21:0 44913
44912 67935 0:0 44913
44912 67936 21:0 44979
44977 67937 0:0 44979
44981 67967 21:0 44989
44988 67969 0:0 44989
44988 67968 21:0 45055
45053 67970 0:0 45055
45057 68000 21:0 45065
45064 68002 0:0 45065
45064 68001 21:0 45131
45129 68003 0:0 45131
45133 68033 21:0 45141
45140 68035 0:0 45141
45140 68034 21:0 45207
45205 68036 0:0 45207
45209 68066 21:0 45217
45216 68068 0:0 45217
45216 68067 21:0 45283
45281 68069 0:0 45283
45285 68099 21:0 45293
45292 68101 0:0 45293
45292 68100 0:0 45293
45293 68102 21:0 45359
45361 68132 0:0 45364
45366 68133 21:0 45424
45368 68134 0:0 45369
45423 68135 0:0 45435
45437 68165 21:0 45445
45444 68166 0:0 45445
45444 68167 21:0 45511
45509 68168 0:0 45511
45513 68198 0:0 45516
45518 68200 21:0 45576
45520 68199 0:0 45521
45575 68201 0:0 45587
45589 68231 21:0 45597
45596 68232 0:0 45597
45596 68233 21:0 45663
45687 66725 1:0 46078
45688 66724 1:0 46077
45697 66723 1:0 46088
45697 66693 1:0 46201
45705 66692 1:0 46209
45716 341 21:0 45730
45724 66691 1:0 46208
45818 66690 1:0 46219
45819 66660 1:0 46332
45819 66658 1:0 46339
45828 66659 1:0 46340
45828 66657 1:0 46350
45836 66627 1:0 46463
45855 66626 1:0 46471
45949 66625 1:0 46470
45950 66624 1:0 46481
45959 66594 1:0 46594
45959 66593 1:0 46602
45965 66592 1:0 46601
45969 66591 1:0 46612
45986 66561 1:0 46725
46080 66560 1:0 46733
46081 66559 1:0 46732
46090 66558 1:0 46743
46090 66528 1:0 46856
46096 66527 1:0 46864
46100 66526 1:0 46863
46129 66525 1:0 46874
46211 66495 1:0 46987
46212 66494 1:0 46995
46221 66493 1:0 46994
46221 66492 1:0 47005
46227 66462 1:0 47118
46232 66461 1:0 47126
46260 66460 1:0 47125
46342 66459 1:0 47136
46343 66429 1:0 47249
46352 66427 1:0 47256
46352 66428 1:0 47257
46358 66426 1:0 47267
46363 66396 1:0 47380
46391 66394 1:0 47387
46473 66395 1:0 47388
46474 66393 1:0 47398
46483 66363 1:0 47511
46483 66361 1:0 47518
46489 66362 1:0 47519
46509 66360 1:0 47529
46522 66330 1:0 47642
46604 66328 1:0 47649
46605 66329 1:0 47650
46614 66327 1:0 47660
46614 342 1:0 48990
46620 68233 1:0 49131
46624 68232 1:0 49130
46641 68231 1:0 49141
46735 68201 1:0 49254
47840 69211 21:0 47848
47847 69213 0:0 47848
47847 69212 21:0 47914
47912 69214 0:0 47914
47916 69244 21:0 47924
47923 69246 0:0 47924
47923 69245 21:0 47990
47988 69247 0:0 47990
47992 69277 21:0 48000
47999 69279 0:0 48000
47999 69278 21:0 48066
48064 69280 0:0 48066
48068 69310 21:0 48076
48075 69311 0:0 48076
48075 69312 21:0 48142
48140 69313 0:0 48142
48144 69343 21:0 48152
48151 69345 0:0 48152
48151 69344 21:0 48218
48216 69346 0:0 48218
48220 69376 21:0 48228
48227 69377 0:0 48228
48227 69378 21:0 48294
48292 69379 0:0 48294
48296 69409 21:0 48304
48303 69410 0:0 48304
48303 69411 21:0 48370
48368 69412 0:0 48370
48372 69442 21:0 48380
48379 69443 0:0 48380
48379 69444 21:0 48446
48444 69445 0:0 48446
48448 69475 21:0 48456
48453 69477 0:0 48456
48455 69476 0:0 48456
48456 69478 21:0 48522
48524 69508 0:0 48527
48529 69509 21:0 48587
48531 69510 0:0 48532
48586 69511 0:0 48598
48600 69541 21:0 48608
48607 69542 0:0 48608
48607 69543 21:0 48674
48672 69544 0:0 48674
48676 69574 21:0 48684
48681 69575 0:0 48684
48681 69576 0:0 48684
48684 69577 21:0 48750
48752 69607 21:0 48760
48759 69609 0:0 48760
48759 69608 21:0 48826
48824 69610 0:0 48826
48828 69640 21:0 48836
48835 69641 0:0 48836
48835 69642 21:0 48902
49002 68200 1:0 49262
49003 68199 1:0 49261
49012 68198 1:0 49272
49012 68168 1:0 49385
49020 68167 1:0 49393
49031 342 21:0 49045
49039 68166 1:0 49392
49133 68165 1:0 49403
49134 68135 1:0 49516
49134 68133 1:0 49523
49143 68134 1:0 49524
49143 68132 1:0 49534
49151 68102 1:0 49647
49170 68101 1:0 49655
49264 68100 1:0 49654
49265 68099 1:0 49665
49274 68069 1:0 49778
49274 68067 1:0 49785
49280 68068 1:0 49786
49284 68066 1:0 49796
49301 68036 1:0 49909
49395 68034 1:0 49916
49396 68035 1:0 49917
49405 68033 1:0 49927
49405 68003 1:0 50040
49411 68001 1:0 50047
49415 68002 1:0 50048
49444 68000 1:0 50058
49526 67970 1:0 50171
49527 67968 1:0 50178
49536 67969 1:0 50179
49536 67967 1:0 50189
49542 67937 1:0 50302
49547 67936 1:0 50310
49575 67935 1:0 50309
49657 67934 1:0 50320
49658 67904 1:0 50433
49667 67902 1:0 50440
49667 67903 1:0 50441
49673 67901 1:0 50451
49678 67871 1:0 50564
49706 67870 1:0 50572
49788 67869 1:0 50571
49789 67868 1:0 50582
49798 67838 1:0 50695
49798 67837 1:0 50703
49804 67836 1:0 50702
49824 67835 1:0 50713
49837 67805 1:0 50826
49919 67804 1:0 50834
49920 67803 1:0 50833
49929 67802 1:0 50844
49929 67772 1:0 50957
49937 67770 1:0 50964
49955 67771 1:0 50965
49956 343 1:0 52305
50050 67769 1:0 50975
50051 69642 1:0 52577
50060 69641 1:0 52576
50060 69640 1:0 52587
51155 70653 21:0 51163
51162 70654 0:0 51163
51162 70655 21:0 51229
51227 70656 0:0 51229
51231 70686 21:0 51239
51238 70687 0:0 51239
51238 70688 21:0 51305
51303 70689 0:0 51305
51307 70719 21:0 51315
51314 70720 0:0 51315
51314 70721 21:0 51381
51379 70722 0:0 51381
51383 70752 21:0 51391
51390 70754 0:0 51391
51390 70753 21:0 51457
51455 70755 0:0 51457
51459 70785 21:0 51467
51466 70786 0:0 51467
51466 70787 21:0 51533
51531 70788 0:0 51533
51535 70818 21:0 51543
51542 70819 0:0 51543
51542 70820 21:0 51609
51607 70821 0:0 51609
51611 70851 21:0 51619
51618 70853 0:0 51619
51618 70852 21:0 51685
51683 70854 0:0 51685
51687 70884 21:0 51695
51694 70885 0:0 51695
51694 70886 21:0 51761
51759 70887 0:0 51761
51763 70917 21:0 51771
51770 70918 0:0 51771
51770 70919 21:0 51837
51835 70920 0:0 51837
51839 70950 21:0 51847
51846 70952 0:0 51847
51846 70951 21:0 51913
51911 70953 0:0 51913
51915 70983 21:0 51923
51922 70985 0:0 51923
51922 70984 0:0 51923
51923 70986 21:0 51989
51991 71016 21:0 51999
51998 71018 0:0 51999
51998 71017 21:0 52065
52063 71019 0:0 52065
52067 71049 21:0 52075
52074 71051 0:0 52075
52074 71050 21:0 52141
52139 71052 0:0 52141
52143 71082 21:0 52151
52150 71083 0:0 52151
52150 71084 21:0 52217
52224 71116 21:0 52282
52226 71117 0:0 52227
52281 71118 0:0 52293
52317 69610 1:0 52700
52318 69608 1:0 52707
52327 69609 1:0 52708
52327 69607 1:0 52718
52335 69577 1:0 52831
52346 343 21:0 52360
52354 69575 1:0 52838
52448 69576 1:0 52839
52449 69574 1:0 52849
52449 69544 1:0 52962
52458 69542 1:0 52969
52458 69543 1:0 52970
52466 69541 1:0 52980
52485 69511 1:0 53093
52579 69509 1:0 53100
52580 69510 1:0 53101
52589 69508 1:0 53111
52589 69478 1:0 53224
52595 69477 1:0 53232
52599 69476 1:0 53231
52616 69475 1:0 53242
52710 69445 1:0 53355
52711 69444 1:0 53363
52720 69443 1:0 53362
52720 69442 1:0 53373
52726 69412 1:0 53486
52730 69411 1:0 53494
52759 69410 1:0 53493
52841 69409 1:0 53504
52842 69379 1:0 53617
52851 69377 1:0 53624
52851 69378 1:0 53625
52857 69376 1:0 53635
52862 69346 1:0 53748
52890 69344 1:0 53755
52972 69345 1:0 53756
52973 69343 1:0 53766
52982 69313 1:0 53879
52982 69312 1:0 53887
52988 69311 1:0 53886
52993 69310 1:0 53897
53021 69280 1:0 54010
53103 69278 1:0 54017
53104 69279 1:0 54018
53113 69277 1:0 54028
53113 69247 1:0 54141
53119 69245 1:0 54148
53139 69246 1:0 54149
53152 69244 1:0 54159
53234 69214 1:0 54272
53235 69212 1:0 54279
53244 69213 1:0 54280
53244 69211 1:0 54290
53250 344 1:0 55620
54470 72095 21:0 54478
54477 72097 0:0 54478
54477 72096 21:0 54544
54542 72098 0:0 54544
54546 72128 21:0 54554
54553 72130 0:0 54554
54553 72129 21:0 54620
54618 72131 0:0 54620
54622 72161 21:0 54630
54629 72162 0:0 54630
54629 72163 21:0 54696
54694 72164 0:0 54696
54698 72194 21:0 54706
54705 72195 0:0 54706
54705 72196 21:0 54772
54770 72197 0:0 54772
54774 72227 21:0 54782
54781 72228 0:0 54782
54781 72229 21:0 54848
54846 72230 0:0 54848
54850 72260 21:0 54858
54857 72262 0:0 54858
54857 72261 21:0 54924
54922 72263 0:0 54924
54926 72293 21:0 54934
54933 72294 0:0 54934
54933 72295 21:0 55000
54998 72296 0:0 55000
55002 72326 21:0 55010
55009 72327 0:0 55010
55009 72328 21:0 55076
55074 72329 0:0 55076
55078 72359 21:0 55086
55083 72361 0:0 55086
55083 72360 0:0 55086
55086 72362 21:0 55152
55154 72392 21:0 55162
55161 72393 0:0 55162
55161 72394 21:0 55228
55226 72395 0:0 55228
55230 72425 21:0 55238
55237 72427 0:0 55238
55237 72426 0:0 55238
55238 72428 21:0 55304
55306 72458 21:0 55314
55313 72459 0:0 55314
55313 72460 0:0 55314
55314 72461 21:0 55380
55382 72491 21:0 55390
55389 72492 0:0 55390
55389 72493 21:0 55456
55542 72560 21:0 55608
55632 71118 1:0 55753
55633 71116 1:0 55760
55642 71117 1:0 55761
55642 71084 1:0 55892
55650 71083 1:0 55891
55661 344 21:0 55675
55669 71082 1:0 55902
55763 71052 1:0 56015
55764 71050 1:0 56022
55764 71051 1:0 56023
55773 71049 1:0 56033
55773 71019 1:0 56146
55781 71017 1:0 56153
55800 71018 1:0 56154
55894 71016 1:0 56164
55895 70986 1:0 56277
55904 70984 1:0 56284
55904 70985 1:0 56285
55910 70983 1:0 56295
55914 70953 1:0 56408
55931 70951 1:0 56415
56025 70952 1:0 56416
56026 70950 1:0 56426
56035 70920 1:0 56539
56035 70919 1:0 56547
56041 70918 1:0 56546
56045 70917 1:0 56557
56074 70887 1:0 56670
56156 70886 1:0 56678
56157 70885 1:0 56677
56166 70884 1:0 56688
56166 70854 1:0 56801
56172 70852 1:0 56808
56177 70853 1:0 56809
56205 70851 1:0 56819
56287 70821 1:0 56932
56288 70820 1:0 56940
56297 70819 1:0 56939
56297 70818 1:0 56950
56303 70788 1:0 57063
56308 70787 1:0 57071
56336 70786 1:0 57070
56418 70785 1:0 57081
56419 70755 1:0 57194
56428 70753 1:0 57201
56428 70754 1:0 57202
56434 70752 1:0 57212
56454 70722 1:0 57325
56467 70721 1:0 57333
56549 70720 1:0 57332
56550 70719 1:0 57343
56559 70689 1:0 57456
56559 70688 1:0 57464
56567 70687 1:0 57463
56585 70686 1:0 57474
56680 70656 1:0 57587
56681 70654 1:0 57594
56681 70655 1:0 57595
56690 70653 1:0 57605
56690 345 1:0 58935
56696 72560 1:0 59068
57785 73537 21:0 57793
57792 73539 0:0 57793
57792 73538 21:0 57859
57857 73540 0:0 57859
57861 73570 21:0 57869
57868 73572 0:0 57869
57868 73571 21:0 57935
57933 73573 0:0 57935
57937 73603 21:0 57945
57944 73604 0:0 57945
57944 73605 21:0 58011
58009 73606 0:0 58011
58013 73636 21:0 58021
58020 73637 0:0 58021
58020 73638 21:0 58087
58085 73639 0:0 58087
58089 73669 21:0 58097
58096 73670 0:0 58097
58096 73671 21:0 58163
58161 73672 0:0 58163
58165 73702 21:0 58173
58172 73704 0:0 58173
58172 73703 21:0 58239
58237 73705 0:0 58239
58241 73735 21:0 58249
58248 73737 0:0 58249
58248 73736 21:0 58315
58313 73738 0:0 58315
58317 73768 21:0 58325
58324 73770 0:0 58325
58324 73769 21:0 58391
58389 73771 0:0 58391
58393 73801 21:0 58401
58400 73803 0:0 58401
58400 73802 21:0 58467
58465 73804 0:0 58467
58469 73834 21:0 58477
58476 73836 0:0 58477
58476 73835 21:0 58543
58541 73837 0:0 58543
58545 73867 21:0 58553
58552 73869 0:0 58553
58552 73868 0:0 58553
58553 73870 21:0 58619
58621 73900 21:0 58629
58628 73901 0:0 58629
58628 73902 0:0 58629
58629 73903 21:0 58695
58697 73933 21:0 58705
58704 73935 0:0 58705
58704 73934 21:0 58771
58769 73936 0:0 58771
58773 73966 0:0 58776
58778 73967 21:0 58836
58780 73968 0:0 58781
58835 73969 0:0 58847
58849 73999 21:0 58857
58856 74000 0:0 58857
58856 74001 21:0 58923
58947 72493 1:0 59338
58948 72492 1:0 59337
58957 72491 1:0 59348
58957 72461 1:0 59461
58965 72460 1:0 59469
58976 345 21:0 58990
58984 72459 1:0 59468
59078 72458 1:0 59479
59079 72428 1:0 59592
59079 72427 1:0 59600
59088 72426 1:0 59599
59088 72425 1:0 59610
59096 72395 1:0 59723
59115 72394 1:0 59731
59209 72393 1:0 59730
59210 72392 1:0 59741
59219 72362 1:0 59854
59219 72360 1:0 59861
59225 72361 1:0 59862
59229 72359 1:0 59872
59246 72329 1:0 59985
59340 72328 1:0 59993
59341 72327 1:0 59992
59350 72326 1:0 60003
59350 72296 1:0 60116
59356 72295 1:0 60124
59360 72294 1:0 60123
59389 72293 1:0 60134
59471 72263 1:0 60247
59472 72261 1:0 60254
59481 72262 1:0 60255
59481 72260 1:0 60265
59487 72230 1:0 60378
59492 72229 1:0 60386
59520 72228 1:0 60385
59602 72227 1:0 60396
59603 72197 1:0 60509
59612 72195 1:0 60516
59612 72196 1:0 60517
59618 72194 1:0 60527
59623 72164 1:0 60640
59651 72163 1:0 60648
59733 72162 1:0 60647
59734 72161 1:0 60658
59743 72131 1:0 60771
59743 72129 1:0 60778
59749 72130 1:0 60779
59769 72128 1:0 60789
59782 72098 1:0 60902
59864 72096 1:0 60909
59865 72097 1:0 60910
59874 72095 1:0 60920
59874 346 1:0 62250
59880 74001 1:0 62391
59884 74000 1:0 62390
61100 74979 21:0 61108
61107 74980 0:0 61108
61107 74981 21:0 61174
61172 74982 0:0 61174
61176 75012 21:0 61184
61183 75013 0:0 61184
61183 75014 21:0 61250
61248 75015 0:0 61250
61252 75045 21:0 61260
61259 75046 0:0 61260
61259 75047 21:0 61326
61324 75048 0:0 61326
61328 75078 21:0 61336
61335 75079 0:0 61336
61335 75080 21:0 61402
61400 75081 0:0 61402
61404 75111 21:0 61412
61411 75112 0:0 61412
61411 75113 21:0 61478
61476 75114 0:0 61478
61480 75144 21:0 61488
61487 75145 0:0 61488
61487 75146 21:0 61554
61552 75147 0:0 61554
61556 75177 21:0 61564
61563 75179 0:0 61564
61563 75178 21:0 61630
61628 75180 0:0 61630
61632 75210 21:0 61640
61639 75211 0:0 61640
61639 75212 21:0 61706
61704 75213 0:0 61706
61708 75243 21:0 61716
61715 75244 0:0 61716
61715 75245 0:0 61716
61716 75246 21:0 61782
61784 75276 21:0 61792
61791 75278 0:0 61792
61791 75277 21:0 61858
61856 75279 0:0 61858
61860 75309 21:0 61868
61867 75310 0:0 61868
61867 75311 21:0 61934
61932 75312 0:0 61934
61936 75342 0:0 61939
61941 75344 21:0 61999
61943 75343 0:0 61944
61998 75345 0:0 62010
62012 75375 21:0 62020
62019 75377 0:0 62020
62019 75376 21:0 62086
62084 75378 0:0 62086
62093 75409 21:0 62151
62262 73999 1:0 62401
62263 73969 1:0 62514
62272 73967 1:0 62521
62272 73968 1:0 62522
62280 73966 1:0 62532
62291 346 21:0 62305
62299 73936 1:0 62645
62393 73934 1:0 62652
62394 73935 1:0 62653
62394 73933 1:0 62663
62403 73903 1:0 62776
62403 73902 1:0 62784
62411 73901 1:0 62783
62430 73900 1:0 62794
62524 73870 1:0 62907
62525 73868 1:0 62914
62534 73869 1:0 62915
62534 73867 1:0 62925
62540 73837 1:0 63038
62544 73835 1:0 63045
62561 73836 1:0 63046
62655 73834 1:0 63056
62656 73804 1:0 63169
62665 73802 1:0 63176
62665 73803 1:0 63177
62671 73801 1:0 63187
62675 73771 1:0 63300
62704 73769 1:0 63307
62786 73770 1:0 63308
62787 73768 1:0 63318
62796 73738 1:0 63431
62796 73736 1:0 63438
62802 73737 1:0 63439
62807 73735 1:0 63449
62835 73705 1:0 63562
62917 73703 1:0 63569
62918 73704 1:0 63570
62927 73702 1:0 63580
62927 73672 1:0 63693
62933 73671 1:0 63701
62938 73670 1:0 63700
62966 73669 1:0 63711
63048 73639 1:0 63824
63049 73638 1:0 63832
63058 73637 1:0 63831
63058 73636 1:0 63842
63064 73606 1:0 63955
63084 73605 1:0 63963
63097 73604 1:0 63962
63179 73603 1:0 63973
63180 73573 1:0 64086
63189 73571 1:0 64093
63189 73572 1:0 64094
63197 73570 1:0 64104
63215 73540 1:0 64217
63310 73538 1:0 64224
63311 73539 1:0 64225
63311 73537 1:0 64235
63320 75409 1:0 65836
63320 347 1:0 65565
64415 76421 21:0 64423
64422 76423 0:0 64423
64422 76422 21:0 64489
64487 76424 0:0 64489
64491 76454 21:0 64499
64498 76456 0:0 64499
64498 76455 21:0 64565
64563 76457 0:0 64565
64567 76487 21:0 64575
64574 76488 0:0 64575
64574 76489 21:0 64641
64639 76490 0:0 64641
64643 76520 21:0 64651
64650 76522 0:0 64651
64650 76521 21:0 64717
64715 76523 0:0 64717
64719 76553 21:0 64727
64726 76554 0:0 64727
64726 76555 21:0 64793
64791 76556 0:0 64793
64795 76586 21:0 64803
64802 76588 0:0 64803
64802 76587 21:0 64869
64867 76589 0:0 64869
64871 76619 21:0 64879
64878 76620 0:0 64879
64878 76621 21:0 64945
64943 76622 0:0 64945
64947 76652 21:0 64955
64954 76653 0:0 64955
64954 76654 21:0 65021
65019 76655 0:0 65021
65023 76685 21:0 65031
65030 76686 0:0 65031
65030 76687 0:0 65031
65031 76688 21:0 65097
65099 76718 21:0 65107
65106 76719 0:0 65107
65106 76720 21:0 65173
65171 76721 0:0 65173
65175 76751 21:0 65183
65182 76752 0:0 65183
65182 76753 21:0 65249
65247 76754 0:0 65249
65251 76784 21:0 65259
65258 76785 0:0 65259
65258 76786 21:0 65325
65323 76787 0:0 65325
65327 76817 21:0 65335
65334 76819 0:0 65335
65334 76818 21:0 65401
65399 76820 0:0 65401
65403 76850 21:0 65411
65410 76852 0:0 65411
65410 76851 21:0 65477
65475 76853 0:0 65477
65479 76883 21:0 65487
65486 76884 21:0 65553
65577 75378 1:0 65960
65578 75376 1:0 65967
65587 75377 1:0 65968
65587 75375 1:0 65978
65595 75345 1:0 66091
65606 347 21:0 65620
65614 75344 1:0 66099
65708 75343 1:0 66098
65709 75342 1:0 66109
65709 75312 1:0 66222
65718 75310 1:0 66229
65718 75311 1:0 66230
65726 75309 1:0 66240
65745 75279 1:0 66353
65839 75277 1:0 66360
65840 75278 1:0 66361
65849 75276 1:0 66371
65849 75246 1:0 66484
65855 75244 1:0 66491
65859 75245 1:0 66492
65876 75243 1:0 66502
65970 75213 1:0 66615
65971 75212 1:0 66623
65980 75211 1:0 66622
65980 75210 1:0 66633
65986 75180 1:0 66746
65990 75178 1:0 66753
66019 75179 1:0 66754
66101 75177 1:0 66764
66102 75147 1:0 66877
66111 75145 1:0 66884
66111 75146 1:0 66885
66117 75144 1:0 66895
66122 75114 1:0 67008
66150 75113 1:0 67016
66232 75112 1:0 67015
66233 75111 1:0 67026
66242 75081 1:0 67139
66242 75080 1:0 67147
66248 75079 1:0 67146
66253 75078 1:0 67157
66281 75048 1:0 67270
66363 75047 1:0 67278
66364 75046 1:0 67277
66373 75045 1:0 67288
66373 75015 1:0 67401
66379 75014 1:0 67409
66399 75013 1:0 67408
66412 75012 1:0 67419
66494 74982 1:0 67532
66495 74981 1:0 67540
66504 74980 1:0 67539
66504 74979 1:0 67550
66510 348 1:0 68880
66514 76884 1:0 69020
66531 76883 1:0 69031
66625 76853 1:0 69144
66626 76851 1:0 69151
66635 76852 1:0 69152
66635 76850 1:0 69162
66641 76820 1:0 69275
67730 77863 21:0 67738
67737 77864 0:0 67738
67737 77865 21:0 67804
67802 77866 0:0 67804
67806 77896 21:0 67814
67813 77897 0:0 67814
67813 77898 21:0 67880
67878 77899 0:0 67880
67882 77929 21:0 67890
67889 77930 0:0 67890
67889 77931 21:0 67956
67954 77932 0:0 67956
67958 77962 21:0 67966
67965 77964 0:0 67966
67965 77963 21:0 68032
68030 77965 0:0 68032
68034 77995 21:0 68042
68041 77997 0:0 68042
68041 77996 21:0 68108
68106 77998 0:0 68108
68110 78028 21:0 68118
68117 78030 0:0 68118
68117 78029 21:0 68184
68182 78031 0:0 68184
68186 78061 21:0 68194
68193 78063 0:0 68194
68193 78062 21:0 68260
68258 78064 0:0 68260
68262 78094 21:0 68270
68269 78095 0:0 68270
68269 78096 21:0 68336
68334 78097 0:0 68336
68338 78127 0:0 68341
68343 78129 21:0 68401
68345 78128 0:0 68346
68400 78130 0:0 68412
68414 78160 21:0 68422
68421 78162 0:0 68422
68421 78161 21:0 68488
68486 78163 0:0 68488
68490 78193 0:0 68493
68495 78194 21:0 68553
68497 78195 0:0 68498
68552 78196 0:0 68564
68566 78226 0:0 68569
68571 78228 21:0 68629
68573 78227 0:0 68574
68628 78229 0:0 68640
68642 78259 21:0 68650
68649 78261 0:0 68650
68649 78260 21:0 68716
68714 78262 0:0 68716
68718 78292 0:0 68721
68723 78293 21:0 68781
68725 78294 0:0 68726
68780 78295 0:0 68792
68794 78325 21:0 68802
68801 78327 0:0 68802
68801 78326 21:0 68868
68892 76818 1:0 69282
68893 76819 1:0 69283
68902 76817 1:0 69293
68902 76787 1:0 69406
68910 76786 1:0 69414
68921 348 21:0 68935
68929 76785 1:0 69413
69023 76784 1:0 69424
69024 76754 1:0 69537
69024 76753 1:0 69545
69033 76752 1:0 69544
69033 76751 1:0 69555
69041 76721 1:0 69668
69060 76720 1:0 69676
69154 76719 1:0 69675
69155 76718 1:0 69686
69164 76688 1:0 69799
69164 76686 1:0 69806
69170 76687 1:0 69807
69174 76685 1:0 69817
69191 76655 1:0 69930
69285 76654 1:0 69938
69286 76653 1:0 69937
69295 76652 1:0 69948
69295 76622 1:0 70061
69301 76621 1:0 70069
69305 76620 1:0 70068
69334 76619 1:0 70079
69416 76589 1:0 70192
69417 76587 1:0 70199
69426 76588 1:0 70200
69426 76586 1:0 70210
69432 76556 1:0 70323
69437 76555 1:0 70331
69465 76554 1:0 70330
69547 76553 1:0 70341
69548 76523 1:0 70454
69557 76521 1:0 70461
69557 76522 1:0 70462
69563 76520 1:0 70472
69568 76490 1:0 70585
69596 76489 1:0 70593
69678 76488 1:0 70592
69679 76487 1:0 70603
69688 76457 1:0 70716
69688 76455 1:0 70723
69694 76456 1:0 70724
69714 76454 1:0 70734
69727 76424 1:0 70847
69809 76422 1:0 70854
69810 76423 1:0 70855
69819 76421 1:0 70865
69819 349 1:0 72195
69825 78326 1:0 72335
69829 78327 1:0 72336
69846 78325 1:0 72346
69940 78295 1:0 72459
71045 79305 21:0 71053
71052 79306 0:0 71053
71052 79307 21:0 71119
71117 79308 0:0 71119
71121 79338 21:0 71129
71128 79339 0:0 71129
71128 79340 21:0 71195
71193 79341 0:0 71195
71197 79371 21:0 71205
71204 79372 0:0 71205
71204 79373 21:0 71271
71269 79374 0:0 71271
71273 79404 21:0 71281
71280 79405 0:0 71281
71280 79406 21:0 71347
71345 79407 0:0 71347
71349 79437 21:0 71357
71356 79439 0:0 71357
71356 79438 21:0 71423
71421 79440 0:0 71423
71425 79470 21:0 71433
71432 79471 0:0 71433
71432 79472 21:0 71499
71497 79473 0:0 71499
71501 79503 21:0 71509
71508 79504 0:0 71509
71508 79505 21:0 71575
71573 79506 0:0 71575
71577 79536 21:0 71585
71584 79537 0:0 71585
71584 79538 21:0 71651
71649 79539 0:0 71651
71653 79569 21:0 71661
71660 79570 0:0 71661
71660 79571 21:0 71727
71725 79572 0:0 71727
71729 79602 21:0 71737
71736 79604 0:0 71737
71736 79603 21:0 71803
71801 79605 0:0 71803
71805 79635 0:0 71808
71810 79637 21:0 71868
71812 79636 0:0 71813
71867 79638 0:0 71879
71881 79668 0:0 71884
71886 79670 21:0 71944
71888 79669 0:0 71889
71943 79671 0:0 71955
71957 79701 21:0 71965
71962 79702 0:0 71965
71964 79703 0:0 71965
71965 79704 21:0 72031
72033 79734 21:0 72041
72040 79735 0:0 72041
72040 79736 21:0 72107
72207 78293 1:0 72466
72208 78294 1:0 72467
72217 78292 1:0 72477
72217 78262 1:0 72590
72225 78260 1:0 72597
72236 349 21:0 72250
72244 78261 1:0 72598
72338 78259 1:0 72608
72339 78229 1:0 72721
72339 78228 1:0 72729
72348 78227 1:0 72728
72348 78226 1:0 72739
72356 78196 1:0 72852
72375 78194 1:0 72859
72469 78195 1:0 72860
72470 78193 1:0 72870
72479 78163 1:0 72983
72479 78161 1:0 72990
72485 78162 1:0 72991
72489 78160 1:0 73001
72506 78130 1:0 73114
72600 78129 1:0 73122
72601 78128 1:0 73121
72610 78127 1:0 73132
72610 78097 1:0 73245
72616 78096 1:0 73253
72620 78095 1:0 73252
72649 78094 1:0 73263
72731 78064 1:0 73376
72732 78062 1:0 73383
72741 78063 1:0 73384
72741 78061 1:0 73394
72747 78031 1:0 73507
72752 78029 1:0 73514
72780 78030 1:0 73515
72862 78028 1:0 73525
72863 77998 1:0 73638
72872 77996 1:0 73645
72872 77997 1:0 73646
72878 77995 1:0 73656
72883 77965 1:0 73769
72911 77963 1:0 73776
72993 77964 1:0 73777
72994 77962 1:0 73787
73003 77932 1:0 73900
73003 77931 1:0 73908
73009 77930 1:0 73907
73029 77929 1:0 73918
73042 77899 1:0 74031
73124 77898 1:0 74039
73125 77897 1:0 74038
73134 77896 1:0 74049
73134 77866 1:0 74162
73142 77865 1:0 74170
73160 77864 1:0 74169
73161 350 1:0 75510
73255 77863 1:0 74180
73256 79736 1:0 75782
74360 80747 21:0 74368
74367 80748 0:0 74368
74367 80749 21:0 74434
74432 80750 0:0 74434
74436 80780 21:0 74444
74443 80782 0:0 74444
74443 80781 21:0 74510
74508 80783 0:0 74510
74512 80813 21:0 74520
74519 80815 0:0 74520
74519 80814 21:0 74586
74584 80816 0:0 74586
74588 80846 21:0 74596
74595 80847 0:0 74596
74595 80848 21:0 74662
74660 80849 0:0 74662
74664 80879 21:0 74672
74671 80881 0:0 74672
74671 80880 21:0 74738
74736 80882 0:0 74738
74740 80912 21:0 74748
74747 80914 0:0 74748
74747 80913 21:0 74814
74812 80915 0:0 74814
74816 80945 21:0 74824
74823 80947 0:0 74824
74823 80946 21:0 74890
74888 80948 0:0 74890
74892 80978 21:0 74900
74899 80979 0:0 74900
74899 80980 21:0 74966
74964 80981 0:0 74966
74968 81011 0:0 74971
74973 81013 21:0 75031
74975 81012 0:0 74976
75030 81014 0:0 75042
75044 81044 0:0 75047
75049 81045 21:0 75107
75051 81046 0:0 75052
75106 81047 0:0 75118
75120 81077 0:0 75123
75125 81078 21:0 75183
75127 81079 0:0 75128
75182 81080 0:0 75194
75196 81110 0:0 75199
75201 81112 21:0 75259
75203 81111 0:0 75204
75258 81113 0:0 75270
75272 81143 0:0 75275
75277 81144 21:0 75335
75279 81145 0:0 75280
75334 81146 0:0 75346
75348 81176 21:0 75356
75355 81178 0:0 75356
75355 81177 21:0 75422
75420 81179 0:0 75422
75522 79735 1:0 75781
75523 79734 1:0 75792
75532 79704 1:0 75905
75532 79703 1:0 75913
75540 79702 1:0 75912
75551 350 21:0 75565
75559 79701 1:0 75923
75653 79671 1:0 76036
75654 79669 1:0 76043
75654 79670 1:0 76044
75663 79668 1:0 76054
75663 79638 1:0 76167
75671 79637 1:0 76175
75690 79636 1:0 76174
75784 79635 1:0 76185
75785 79605 1:0 76298
75794 79603 1:0 76305
75794 79604 1:0 76306
75800 79602 1:0 76316
75804 79572 1:0 76429
75821 79571 1:0 76437
75915 79570 1:0 76436
75916 79569 1:0 76447
75925 79539 1:0 76560
75925 79538 1:0 76568
75931 79537 1:0 76567
75935 79536 1:0 76578
75964 79506 1:0 76691
76046 79505 1:0 76699
76047 79504 1:0 76698
76056 79503 1:0 76709
76056 79473 1:0 76822
76062 79472 1:0 76830
76067 79471 1:0 76829
76095 79470 1:0 76840
76177 79440 1:0 76953
76178 79438 1:0 76960
76187 79439 1:0 76961
76187 79437 1:0 76971
76193 79407 1:0 77084
76198 79406 1:0 77092
76226 79405 1:0 77091
76308 79404 1:0 77102
76309 79374 1:0 77215
76318 79372 1:0 77222
76318 79373 1:0 77223
76324 79371 1:0 77233
76344 79341 1:0 77346
76357 79340 1:0 77354
76439 79339 1:0 77353
76440 79338 1:0 77364
76449 79308 1:0 77477
76449 79307 1:0 77485
76457 79306 1:0 77484
76475 79305 1:0 77495
76476 351 1:0 78825
76570 81179 1:0 79089
76571 81177 1:0 79096
76580 81178 1:0 79097
76580 81176 1:0 79107
77675 82189 21:0 77683
77682 82190 0:0 77683
77682 82191 21:0 77749
77747 82192 0:0 77749
77751 82222 21:0 77759
77758 82224 0:0 77759
77758 82223 21:0 77825
77823 82225 0:0 77825
77827 82255 21:0 77835
77834 82257 0:0 77835
77834 82256 21:0 77901
77899 82258 0:0 77901
77903 82288 21:0 77911
77910 82290 0:0 77911
77910 82289 21:0 77977
77975 82291 0:0 77977
77979 82321 21:0 77987
77986 82322 0:0 77987
77986 82323 21:0 78053
78051 82324 0:0 78053
78055 82354 21:0 78063
78062 82356 0:0 78063
78062 82355 21:0 78129
78127 82357 0:0 78129
78131 82387 21:0 78139
78138 82389 0:0 78139
78138 82388 21:0 78205
78203 82390 0:0 78205
78207 82420 21:0 78215
78214 82422 0:0 78215
78214 82421 21:0 78281
78279 82423 0:0 78281
78283 82453 0:0 78286
78288 82455 21:0 78346
78290 82454 0:0 78291
78345 82456 0:0 78357
78359 82486 21:0 78367
78366 82488 0:0 78367
78366 82487 21:0 78433
78431 82489 0:0 78433
78435 82519 0:0 78438
78440 82520 21:0 78498
78442 82521 0:0 78443
78497 82522 0:0 78509
78511 82552 21:0 78519
78518 82554 0:0 78519
78518 82553 21:0 78585
78583 82555 0:0 78585
78587 82585 21:0 78595
78594 82586 0:0 78595
78594 82587 21:0 78661
78659 82588 0:0 78661
78663 82618 0:0 78666
78668 82619 21:0 78726
78670 82620 0:0 78671
78725 82621 0:0 78737
78739 82651 21:0 78747
78746 82652 21:0 78813
78837 81146 1:0 79220
78838 81144 1:0 79227
78847 81145 1:0 79228
78847 81143 1:0 79238
78855 81113 1:0 79351
78866 351 21:0 78880
78874 81112 1:0 79359
78968 81111 1:0 79358
78969 81110 1:0 79369
78969 81080 1:0 79482
78978 81078 1:0 79489
78978 81079 1:0 79490
78986 81077 1:0 79500
79005 81047 1:0 79613
79099 81045 1:0 79620
79100 81046 1:0 79621
79109 81044 1:0 79631
79109 81014 1:0 79744
79115 81013 1:0 79752
79119 81012 1:0 79751
79136 81011 1:0 79762
79230 80981 1:0 79875
79231 80980 1:0 79883
79240 80979 1:0 79882
79240 80978 1:0 79893
79246 80948 1:0 80006
79250 80946 1:0 80013
79279 80947 1:0 80014
79361 80945 1:0 80024
79362 80915 1:0 80137
79371 80913 1:0 80144
79371 80914 1:0 80145
79377 80912 1:0 80155
79382 80882 1:0 80268
79410 80880 1:0 80275
79492 80881 1:0 80276
79493 80879 1:0 80286
79502 80849 1:0 80399
79502 80848 1:0 80407
79508 80847 1:0 80406
79513 80846 1:0 80417
79541 80816 1:0 80530
79623 80814 1:0 80537
79624 80815 1:0 80538
79633 80813 1:0 80548
79633 80783 1:0 80661
79639 80781 1:0 80668
79659 80782 1:0 80669
79672 80780 1:0 80679
79754 80750 1:0 80792
79755 80749 1:0 80800
79764 80748 1:0 80799
79764 80747 1:0 80810
79770 352 1:0 82140
79774 82652 1:0 82280
79791 82651 1:0 82291
80990 83631 21:0 80998
80997 83632 0:0 80998
80997 83633 21:0 81064
81062 83634 0:0 81064
81066 83664 21:0 81074
81073 83666 0:0 81074
81073 83665 21:0 81140
81138 83667 0:0 81140
81142 83697 21:0 81150
81149 83698 0:0 81150
81149 83699 21:0 81216
81214 83700 0:0 81216
81218 83730 21:0 81226
81225 83731 0:0 81226
81225 83732 21:0 81292
81290 83733 0:0 81292
81294 83763 21:0 81302
81301 83764 0:0 81302
81301 83765 21:0 81368
81366 83766 0:0 81368
81370 83796 21:0 81378
81377 83798 0:0 81378
81377 83797 21:0 81444
81442 83799 0:0 81444
81446 83829 21:0 81454
81453 83830 0:0 81454
81453 83831 0:0 81454
81454 83832 21:0 81520
81522 83862 21:0 81530
81529 83864 0:0 81530
81529 83863 21:0 81596
81594 83865 0:0 81596
81598 83895 21:0 81606
81605 83897 0:0 81606
81605 83896 21:0 81672
81670 83898 0:0 81672
81674 83928 21:0 81682
81681 83929 0:0 81682
81681 83930 0:0 81682
81682 83931 21:0 81748
81750 83961 21:0 81758
81757 83962 0:0 81758
81757 83963 21:0 81824
81822 83964 0:0 81824
81826 83994 21:0 81834
81833 83996 0:0 81834
81833 83995 21:0 81900
81898 83997 0:0 81900
81902 84027 0:0 81905
81907 84029 21:0 81965
81909 84028 0:0 81910
81964 84030 0:0 81976
82054 84093 21:0 82062
82061 84094 21:0 82128
82152 82621 1:0 82404
82153 82619 1:0 82411
82162 82620 1:0 82412
82162 82618 1:0 82422
82170 82588 1:0 82535
82181 352 21:0 82195
82189 82587 1:0 82543
82283 82586 1:0 82542
82284 82585 1:0 82553
82284 82555 1:0 82666
82293 82553 1:0 82673
82293 82554 1:0 82674
82301 82552 1:0 82684
82320 82522 1:0 82797
82414 82520 1:0 82804
82415 82521 1:0 82805
82424 82519 1:0 82815
82424 82489 1:0 82928
82430 82487 1:0 82935
82434 82488 1:0 82936
82451 82486 1:0 82946
82545 82456 1:0 83059
82546 82455 1:0 83067
82555 82454 1:0 83066
82555 82453 1:0 83077
82561 82423 1:0 83190
82565 82421 1:0 83197
82594 82422 1:0 83198
82676 82420 1:0 83208
82677 82390 1:0 83321
82686 82388 1:0 83328
82686 82389 1:0 83329
82692 82387 1:0 83339
82697 82357 1:0 83452
82725 82355 1:0 83459
82807 82356 1:0 83460
82808 82354 1:0 83470
82817 82324 1:0 83583
82817 82323 1:0 83591
82823 82322 1:0 83590
82828 82321 1:0 83601
82856 82291 1:0 83714
82938 82289 1:0 83721
82939 82290 1:0 83722
82948 82288 1:0 83732
82948 82258 1:0 83845
82954 82256 1:0 83852
82974 82257 1:0 83853
82987 82255 1:0 83863
83069 82225 1:0 83976
83070 82223 1:0 83983
83079 82224 1:0 83984
83079 82222 1:0 83994
83087 82192 1:0 84107
83105 82191 1:0 84115
83106 353 1:0 85455
83200 82190 1:0 84114
83201 82189 1:0 84125
84305 85073 21:0 84313
84312 85074 0:0 84313
84312 85075 21:0 84379
84377 85076 0:0 84379
84381 85106 21:0 84389
84388 85108 0:0 84389
84388 85107 21:0 84455
84453 85109 0:0 84455
84457 85139 21:0 84465
84464 85140 0:0 84465
84464 85141 21:0 84531
84529 85142 0:0 84531
84533 85172 21:0 84541
84540 85173 0:0 84541
84540 85174 21:0 84607
84605 85175 0:0 84607
84609 85205 21:0 84617
84616 85207 0:0 84617
84616 85206 21:0 84683
84681 85208 0:0 84683
84685 85238 21:0 84693
84692 85240 0:0 84693
84692 85239 21:0 84759
84757 85241 0:0 84759
84761 85271 21:0 84769
84768 85273 0:0 84769
84768 85272 21:0 84835
84833 85274 0:0 84835
84837 85304 21:0 84845
84844 85305 0:0 84845
84844 85306 21:0 84911
84909 85307 0:0 84911
84913 85337 21:0 84921
84920 85338 0:0 84921
84920 85339 21:0 84987
84985 85340 0:0 84987
84989 85370 21:0 84997
84996 85372 0:0 84997
84996 85371 21:0 85063
85061 85373 0:0 85063
85065 85403 0:0 85068
85070 85404 21:0 85128
85072 85405 0:0 85073
85127 85406 0:0 85139
85141 85436 21:0 85149
85148 85437 0:0 85149
85148 85438 21:0 85215
85213 85439 0:0 85215
85217 85469 21:0 85225
85224 85471 0:0 85225
85224 85470 21:0 85291
85289 85472 0:0 85291
85293 85502 21:0 85301
85300 85503 0:0 85301
85300 85504 21:0 85367
85369 85535 21:0 85377
85467 84094 1:0 85595
85468 84093 1:0 85606
85477 84030 1:0 85850
85477 84029 1:0 85858
85485 84028 1:0 85857
85496 353 21:0 85510
85504 84027 1:0 85868
85598 83997 1:0 85981
85599 83995 1:0 85988
85599 83996 1:0 85989
85608 83994 1:0 85999
85608 83964 1:0 86112
85616 83963 1:0 86120
85635 83962 1:0 86119
85729 83961 1:0 86130
85730 83931 1:0 86243
85739 83929 1:0 86250
85739 83930 1:0 86251
85745 83928 1:0 86261
85749 83898 1:0 86374
85766 83896 1:0 86381
85860 83897 1:0 86382
85861 83895 1:0 86392
85870 83865 1:0 86505
85870 83863 1:0 86512
85876 83864 1:0 86513
85880 83862 1:0 86523
85909 83832 1:0 86636
85991 83830 1:0 86643
85992 83831 1:0 86644
86001 83829 1:0 86654
86001 83799 1:0 86767
86007 83797 1:0 86774
86012 83798 1:0 86775
86040 83796 1:0 86785
86122 83766 1:0 86898
86123 83765 1:0 86906
86132 83764 1:0 86905
86132 83763 1:0 86916
86138 83733 1:0 87029
86143 83732 1:0 87037
86171 83731 1:0 87036
86253 83730 1:0 87047
86254 83700 1:0 87160
86263 83698 1:0 87167
86263 83699 1:0 87168
86269 83697 1:0 87178
86289 83667 1:0 87291
86302 83665 1:0 87298
86384 83666 1:0 87299
86385 83664 1:0 87309
86394 83634 1:0 87422
86394 83633 1:0 87430
86402 83632 1:0 87429
86420 83631 1:0 87440
86421 354 1:0 88770
86515 85535 1:0 88921
87620 86515 21:0 87628
87627 86516 0:0 87628
87627 86517 21:0 87694
87692 86518 0:0 87694
87696 86548 21:0 87704
87703 86550 0:0 87704
87703 86549 21:0 87770
87768 86551 0:0 87770
87772 86581 21:0 87780
87779 86582 0:0 87780
87779 86583 21:0 87846
87844 86584 0:0 87846
87848 86614 21:0 87856
87855 86615 0:0 87856
87855 86616 21:0 87922
87920 86617 0:0 87922
87924 86647 21:0 87932
87931 86648 0:0 87932
87931 86649 21:0 87998
87996 86650 0:0 87998
88000 86680 21:0 88008
88007 86681 0:0 88008
88007 86682 21:0 88074
88072 86683 0:0 88074
88076 86713 21:0 88084
88083 86715 0:0 88084
88083 86714 21:0 88150
88148 86716 0:0 88150
88152 86746 21:0 88160
88159 86747 0:0 88160
88159 86748 21:0 88226
88224 86749 0:0 88226
88228 86779 21:0 88236
88235 86780 0:0 88236
88235 86781 21:0 88302
88300 86782 0:0 88302
88304 86812 21:0 88312
88311 86813 0:0 88312
88311 86814 21:0 88378
88376 86815 0:0 88378
88380 86845 0:0 88383
88385 86846 21:0 88443
88387 86847 0:0 88388
88442 86848 0:0 88454
88456 86878 21:0 88464
88463 86879 0:0 88464
88463 86880 21:0 88530
88528 86881 0:0 88530
88532 86911 0:0 88535
88537 86912 21:0 88595
88539 86913 0:0 88540
88594 86914 0:0 88606
88608 86944 21:0 88616
88615 86945 0:0 88616
88615 86946 21:0 88682
88782 85504 1:0 89042
88783 85503 1:0 89041
88792 85502 1:0 89052
88792 85472 1:0 89165
88800 85470 1:0 89172
88811 354 21:0 88825
88819 85471 1:0 89173
88913 85469 1:0 89183
88914 85439 1:0 89296
88914 85438 1:0 89304
88923 85437 1:0 89303
88923 85436 1:0 89314
88931 85406 1:0 89427
88950 85404 1:0 89434
89044 85405 1:0 89435
89045 85403 1:0 89445
89054 85373 1:0 89558
89054 85371 1:0 89565
89060 85372 1:0 89566
89064 85370 1:0 89576
89081 85340 1:0 89689
89175 85339 1:0 89697
89176 85338 1:0 89696
89185 85337 1:0 89707
89185 85307 1:0 89820
89191 85306 1:0 89828
89195 85305 1:0 89827
89224 85304 1:0 89838
89306 85274 1:0 89951
89307 85272 1:0 89958
89316 85273 1:0 89959
89316 85271 1:0 89969
89322 85241 1:0 90082
89327 85239 1:0 90089
89355 85240 1:0 90090
89437 85238 1:0 90100
89438 85208 1:0 90213
89447 85206 1:0 90220
89447 85207 1:0 90221
89453 85205 1:0 90231
89458 85175 1:0 90344
89486 85174 1:0 90352
89568 85173 1:0 90351
89569 85172 1:0 90362
89578 85142 1:0 90475
89578 85141 1:0 90483
89584 85140 1:0 90482
89604 85139 1:0 90493
89617 85109 1:0 90606
89699 85107 1:0 90613
89700 85108 1:0 90614
89709 85106 1:0 90624
89709 85076 1:0 90737
89717 85075 1:0 90745
89735 85074 1:0 90744
89736 355 1:0 92085
89830 85073 1:0 90755
90935 87957 21:0 90943
90942 87958 0:0 90943
90942 87959 21:0 91009
91007 87960 0:0 91009
91011 87990 21:0 91019
91018 87991 0:0 91019
91018 87992 21:0 91085
91083 87993 0:0 91085
91087 88023 21:0 91095
91094 88024 0:0 91095
91094 88025 21:0 91161
91159 88026 0:0 91161
91163 88056 21:0 91171
91170 88058 0:0 91171
91170 88057 21:0 91237
91235 88059 0:0 91237
91239 88089 21:0 91247
91246 88091 0:0 91247
91246 88090 21:0 91313
91311 88092 0:0 91313
91315 88122 21:0 91323
91322 88124 0:0 91323
91322 88123 21:0 91389
91387 88125 0:0 91389
91391 88155 21:0 91399
91398 88156 0:0 91399
91398 88157 21:0 91465
91463 88158 0:0 91465
91467 88188 21:0 91475
91474 88190 0:0 91475
91474 88189 21:0 91541
91539 88191 0:0 91541
91543 88221 0:0 91546
91548 88222 21:0 91606
91550 88223 0:0 91551
91605 88224 0:0 91617
91619 88254 21:0 91627
91626 88255 0:0 91627
91626 88256 21:0 91693
91691 88257 0:0 91693
91695 88287 0:0 91698
91700 88289 21:0 91758
91702 88288 0:0 91703
91757 88290 0:0 91769
91771 88320 21:0 91779
91778 88321 0:0 91779
91778 88322 0:0 91779
91779 88323 21:0 91845
91847 88353 0:0 91850
91852 88355 21:0 91910
91854 88354 0:0 91855
91909 88356 0:0 91921
91923 88386 0:0 91926
91928 88387 21:0 91986
92004 88421 21:0 92062
92097 328 1:0 2725
92098 86946 1:0 92357
92107 86945 1:0 92356
92107 86944 1:0 92367
92113 86914 1:0 92480
92117 86912 1:0 92487
92126 355 21:0 92140
92141 86913 1:0 92488
92228 86911 1:0 92498
92229 86881 1:0 92611
92238 86879 1:0 92618
92238 86880 1:0 92619
92244 86878 1:0 92629
92248 86848 1:0 92742
92277 86846 1:0 92749
92359 86847 1:0 92750
92360 86845 1:0 92760
92369 86815 1:0 92873
92369 86814 1:0 92881
92375 86813 1:0 92880
92380 86812 1:0 92891
92408 86782 1:0 93004
92490 86781 1:0 93012
92491 86780 1:0 93011
92500 86779 1:0 93022
92500 86749 1:0 93135
92506 86748 1:0 93143
92511 86747 1:0 93142
92539 86746 1:0 93153
92621 86716 1:0 93266
92622 86714 1:0 93273
92631 86715 1:0 93274
92631 86713 1:0 93284
92637 86683 1:0 93397
92657 86682 1:0 93405
92670 86681 1:0 93404
92752 86680 1:0 93415
92753 86650 1:0 93528
92762 86648 1:0 93535
92762 86649 1:0 93536
92770 86647 1:0 93546
92788 86617 1:0 93659
92883 86616 1:0 93667
92884 86615 1:0 93666
92884 86614 1:0 93677
92893 86584 1:0 93790
92893 86583 1:0 93798
92901 86582 1:0 93797
92920 86581 1:0 93808
93014 86551 1:0 93921
93015 86549 1:0 93928
93024 86550 1:0 93929
93024 86548 1:0 93939
93030 86518 1:0 94052
93034 86517 1:0 94060
93051 86516 1:0 94059
93063 356 1:0 95400
93145 86515 1:0 94070
93146 88421 1:0 95541
94250 89399 21:0 94258
94257 89400 0:0 94258
94257 89401 21:0 94324
94322 89402 0:0 94324
94326 89432 21:0 94334
94333 89433 0:0 94334
94333 89434 21:0 94400
94398 89435 0:0 94400
94402 89465 21:0 94410
94409 89467 0:0 94410
94409 89466 21:0 94476
94474 89468 0:0 94476
94478 89498 21:0 94486
94485 89500 0:0 94486
94485 89499 21:0 94552
94550 89501 0:0 94552
94554 89531 21:0 94562
94561 89532 0:0 94562
94561 89533 21:0 94628
94626 89534 0:0 94628
94630 89564 21:0 94638
94637 89565 0:0 94638
94637 89566 21:0 94704
94702 89567 0:0 94704
94706 89597 21:0 94714
94713 89599 0:0 94714
94713 89598 21:0 94780
94778 89600 0:0 94780
94782 89630 21:0 94790
94789 89631 0:0 94790
94789 89632 21:0 94856
94854 89633 0:0 94856
94858 89663 0:0 94861
94863 89664 21:0 94921
94865 89665 0:0 94866
94920 89666 0:0 94932
94934 89696 21:0 94942
94941 89698 0:0 94942
94941 89697 21:0 95008
95006 89699 0:0 95008
95010 89729 0:0 95013
95015 89730 21:0 95073
95017 89731 0:0 95018
95072 89732 0:0 95084
95086 89762 21:0 95094
95091 89764 0:0 95094
95091 89763 0:0 95094
95094 89765 21:0 95160
95162 89795 0:0 95165
95167 89797 21:0 95225
95169 89796 0:0 95170
95224 89798 0:0 95236
95238 89828 21:0 95246
95245 89829 0:0 95246
95245 89830 0:0 95246
95246 89831 21:0 95312
95314 89861 21:0 95322
95412 88387 1:0 95671
95413 88386 1:0 95682
95422 88356 1:0 95795
95422 88355 1:0 95803
95428 88354 1:0 95802
95432 88353 1:0 95813
95441 356 21:0 95455
95456 88323 1:0 95926
95543 88321 1:0 95933
95544 88322 1:0 95934
95553 88320 1:0 95944
95553 88290 1:0 96057
95559 88289 1:0 96065
95563 88288 1:0 96064
95592 88287 1:0 96075
95674 88257 1:0 96188
95675 88256 1:0 96196
95684 88255 1:0 96195
95684 88254 1:0 96206
95690 88224 1:0 96319
95695 88222 1:0 96326
95723 88223 1:0 96327
95805 88221 1:0 96337
95806 88191 1:0 96450
95815 88189 1:0 96457
95815 88190 1:0 96458
95821 88188 1:0 96468
95826 88158 1:0 96581
95854 88157 1:0 96589
95936 88156 1:0 96588
95937 88155 1:0 96599
95946 88125 1:0 96712
95946 88123 1:0 96719
95952 88124 1:0 96720
95972 88122 1:0 96730
95985 88092 1:0 96843
96067 88090 1:0 96850
96068 88091 1:0 96851
96077 88089 1:0 96861
96077 88059 1:0 96974
96085 88057 1:0 96981
96103 88058 1:0 96982
96198 88056 1:0 96992
96199 88026 1:0 97105
96199 88025 1:0 97113
96208 88024 1:0 97112
96208 88023 1:0 97123
96216 87993 1:0 97236
96235 87992 1:0 97244
96329 87991 1:0 97243
96330 87990 1:0 97254
96339 87960 1:0 97367
96339 87959 1:0 97375
96345 87958 1:0 97374
96349 87957 1:0 97385
96350 357 1:0 98715
96378 89861 1:0 98866
96460 89831 1:0 98979
96461 89829 1:0 98986
96470 89830 1:0 98987
96470 89828 1:0 98997
97565 90841 21:0 97573
97572 90843 0:0 97573
97572 90842 21:0 97639
97637 90844 0:0 97639
97641 90874 21:0 97649
97648 90875 0:0 97649
97648 90876 21:0 97715
97713 90877 0:0 97715
97717 90907 21:0 97725
97724 90909 0:0 97725
97724 90908 21:0 97791
97789 90910 0:0 97791
97793 90940 21:0 97801
97800 90942 0:0 97801
97800 90941 21:0 97867
97865 90943 0:0 97867
97869 90973 21:0 97877
97876 90974 0:0 97877
97876 90975 21:0 97943
97941 90976 0:0 97943
97945 91006 21:0 97953
97952 91007 0:0 97953
97952 91008 21:0 98019
98017 91009 0:0 98019
98021 91039 21:0 98029
98028 91041 0:0 98029
98028 91040 21:0 98095
98093 91042 0:0 98095
98097 91072 21:0 98105
98104 91073 0:0 98105
98104 91074 21:0 98171
98169 91075 0:0 98171
98173 91105 21:0 98181
98180 91107 0:0 98181
98180 91106 21:0 98247
98245 91108 0:0 98247
98249 91138 21:0 98257
98256 91139 0:0 98257
98256 91140 21:0 98323
98321 91141 0:0 98323
98325 91171 21:0 98333
98332 91173 0:0 98333
98332 91172 21:0 98399
98397 91174 0:0 98399
98401 91204 21:0 98409
98408 91206 0:0 98409
98408 91205 21:0 98475
98473 91207 0:0 98475
98477 91237 21:0 98485
98484 91238 0:0 98485
98484 91239 21:0 98551
98549 91240 0:0 98551
98553 91270 21:0 98561
98560 91272 0:0 98561
98560 91271 21:0 98627
98625 91273 0:0 98627
98629 91303 21:0 98637
98636 91305 0:0 98637
98636 91304 21:0 98703
98727 89798 1:0 99110
98728 89797 1:0 99118
98737 89796 1:0 99117
98737 89795 1:0 99128
98743 89765 1:0 99241
98747 89764 1:0 99249
98756 357 21:0 98770
98771 89763 1:0 99248
98858 89762 1:0 99259
98859 89732 1:0 99372
98868 89730 1:0 99379
98868 89731 1:0 99380
98874 89729 1:0 99390
98878 89699 1:0 99503
98907 89697 1:0 99510
98989 89698 1:0 99511
98990 89696 1:0 99521
98999 89666 1:0 99634
98999 89664 1:0 99641
99005 89665 1:0 99642
99010 89663 1:0 99652
99038 89633 1:0 99765
99120 89632 1:0 99773
99121 89631 1:0 99772
99130 89630 1:0 99783
99130 89600 1:0 99896
99136 89598 1:0 99903
99141 89599 1:0 99904
99169 89597 1:0 99914
99251 89567 1:0 100027
99252 89566 1:0 100035
99261 89565 1:0 100034
99261 89564 1:0 100045
99267 89534 1:0 100158
99287 89533 1:0 100166
99300 89532 1:0 100165
99382 89531 1:0 100176
99383 89501 1:0 100289
99392 89499 1:0 100296
99392 89500 1:0 100297
99400 89498 1:0 100307
99418 89468 1:0 100420
99513 89466 1:0 100427
99514 89467 1:0 100428
99514 89465 1:0 100438
99523 89435 1:0 100551
99523 89434 1:0 100559
99531 89433 1:0 100558
99550 89432 1:0 100569
99562 358 1:0 102030
99644 89402 1:0 100682
99645 89401 1:0 100690
99654 89400 1:0 100689
99654 89399 1:0 100700
99660 91304 1:0 102170
99665 91305 1:0 102171
100880 92283 0:0 100883
100885 92285 21:0 100943
100887 92284 0:0 100888
100942 92286 0:0 100954
100956 92316 21:0 100964
100961 92317 0:0 100964
100961 92318 0:0 100964
100964 92319 21:0 101030
101032 92349 0:0 101035
101037 92350 21:0 101095
101039 92351 0:0 101040
101094 92352 0:0 101106
101108 92382 0:0 101111
101113 92383 21:0 101171
101115 92384 0:0 101116
101170 92385 0:0 101182
101184 92415 21:0 101192
101191 92417 0:0 101192
101191 92416 21:0 101258
101256 92418 0:0 101258
101260 92448 0:0 101263
101265 92450 21:0 101323
101267 92449 0:0 101268
101322 92451 0:0 101334
101336 92481 0:0 101339
101341 92482 21:0 101399
101343 92483 0:0 101344
101398 92484 0:0 101410
101412 92514 21:0 101420
101417 92516 0:0 101420
101419 92515 0:0 101420
101420 92517 21:0 101486
101488 92547 21:0 101496
101495 92548 0:0 101496
101495 92549 0:0 101496
101496 92550 21:0 101562
101564 92580 21:0 101572
101571 92582 0:0 101572
101571 92581 0:0 101572
101572 92583 21:0 101638
101640 92613 21:0 101648
101647 92615 0:0 101648
101647 92614 21:0 101714
101712 92616 0:0 101714
101716 92646 21:0 101724
101721 92647 0:0 101724
101721 92648 0:0 101724
101724 92649 21:0 101790
101792 92679 0:0 101795
101797 92681 21:0 101855
101799 92680 0:0 101800
101854 92682 0:0 101866
101868 92712 21:0 101876
101875 92713 21:0 101942
102042 91303 1:0 102181
102043 91273 1:0 102294
102052 91271 1:0 102301
102052 91272 1:0 102302
102058 91270 1:0 102312
102062 91240 1:0 102425
102071 358 21:0 102085
102086 91239 1:0 102433
102173 91238 1:0 102432
102174 91237 1:0 102443
102183 91207 1:0 102556
102183 91205 1:0 102563
102189 91206 1:0 102564
102193 91204 1:0 102574
102222 91174 1:0 102687
102304 91172 1:0 102694
102305 91173 1:0 102695
102314 91171 1:0 102705
102314 91141 1:0 102818
102320 91140 1:0 102826
102325 91139 1:0 102825
102353 91138 1:0 102836
102435 91108 1:0 102949
102436 91106 1:0 102956
102445 91107 1:0 102957
102445 91105 1:0 102967
102451 91075 1:0 103080
102456 91074 1:0 103088
102484 91073 1:0 103087
102566 91072 1:0 103098
102567 91042 1:0 103211
102576 91040 1:0 103218
102576 91041 1:0 103219
102582 91039 1:0 103229
102602 91009 1:0 103342
102615 91008 1:0 103350
102697 91007 1:0 103349
102698 91006 1:0 103360
102707 90976 1:0 103473
102707 90975 1:0 103481
102715 90974 1:0 103480
102733 90973 1:0 103491
102828 90943 1:0 103604
102829 90941 1:0 103611
102829 90942 1:0 103612
102838 90940 1:0 103622
102838 90910 1:0 103735
102846 90908 1:0 103742
102865 90909 1:0 103743
102959 90907 1:0 103753
102960 90877 1:0 103866
102969 90875 1:0 103873
102969 90876 1:0 103874
102975 90874 1:0 103884
102979 90844 1:0 103997
102996 90842 1:0 104004
103008 359 1:0 104128
103090 90843 1:0 104005
103091 90841 1:0 104015
103091 46031 1:0 104235
103100 46018 1:0 104261
103100 46019 1:0 104262
103100 46024 1:0 104291
103100 46026 1:0 104301
103100 46027 1:0 104302
103100 46028 1:0 104311
103106 46025 1:0 104292
103106 46029 1:0 104312
103110 46030 1:0 104321
103127 92713 1:0 104434
103139 46165 1:0 104453
103139 46172 1:0 104457
103139 46166 1:0 104457
103139 46171 1:0 104458
103221 46174 1:0 104458
103221 46178 1:0 104543
103222 46177 1:0 104458
103222 46176 1:0 104458
103231 92712 1:0 104590
103231 46175 1:0 104458
103231 46173 1:0 104458
103239 92682 1:0 104596
103257 92681 1:0 104664
103258 46313 1:0 104678
103258 46319 1:0 104678
103270 46321 1:0 104744
103352 46325 1:0 104678
103352 46318 1:0 104679
103352 46312 1:0 104679
103353 46324 1:0 104678
103353 46320 1:0 104678
103353 46323 1:0 104678
103362 92680 1:0 104800
103362 46322 1:0 104678
103368 92679 1:0 104811
103373 92649 1:0 104885
103389 46467 1:0 104964
103401 46468 1:0 104899
103401 46465 1:0 104900
103483 46471 1:0 104899
103483 46472 1:0 104899
103484 46460 1:0 104899
103484 46466 1:0 104899
103484 46469 1:0 104899
103484 46459 1:0 104900
103493 92648 1:0 105022
103493 46470 1:0 104899
103499 92647 1:0 105021
103503 92646 1:0 105032
103504 46607 1:0 105120
103504 46606 1:0 105121
103519 46613 1:0 105120
103532 92616 1:0 105038
103614 92614 1:0 105109
103615 46619 1:0 105120
103615 46612 1:0 105121
103615 46617 1:0 105196
103624 46615 1:0 105120
103624 46618 1:0 105120
103624 46616 1:0 105120
103624 46614 1:0 105121
103632 92615 1:0 105243
103634 46760 1:0 105341
103651 92613 1:0 105253
103663 46766 1:0 105427
103745 92583 1:0 105337
103746 46754 1:0 105341
103746 46765 1:0 105342
103746 46753 1:0 105342
103746 46761 1:0 105342
103755 46762 1:0 105341
103755 46764 1:0 105341
103755 46763 1:0 105342
103755 46759 1:0 105342
103761 92581 1:0 105463
103781 92582 1:0 105464
103794 92580 1:0 105474
103876 92550 1:0 105558
103877 46909 1:0 105562
103877 46900 1:0 105563
103877 46913 1:0 105648
103886 46907 1:0 105562
103886 46911 1:0 105562
103886 46901 1:0 105562
103886 46908 1:0 105563
103886 46912 1:0 105563
103886 46906 1:0 105563
103892 46910 1:0 105563
103897 92549 1:0 105685
103925 92548 1:0 105684
104007 92547 1:0 105695
104008 92517 1:0 105769
104008 47056 1:0 105849
104017 47059 1:0 105783
104017 47048 1:0 105783
104017 47054 1:0 105783
104017 47060 1:0 105783
104017 47058 1:0 105783
104017 47053 1:0 105784
104017 47047 1:0 105784
104023 47057 1:0 105783
104025 47055 1:0 105783
104044 92515 1:0 105905
104056 47194 1:0 106005
104140 92516 1:0 105906
104141 92514 1:0 105916
104141 92484 1:0 105922
104150 92482 1:0 105990
104150 47207 1:0 106004
104150 47202 1:0 106069
104156 47206 1:0 106004
104158 47204 1:0 106004
104160 47201 1:0 106004
104169 359 21:0 104183
104176 47195 1:0 106004
104176 47200 1:0 106005
104177 47203 1:0 106004
104189 47205 1:0 106004
104243 92483 1:0 106127
104260 92481 1:0 106137
104268 46019 21:0 104325
104319 92451 1:0 106143
104324 46025 0:0 104333
104325 46024 0:0 104340
104328 46031 21:0 104353
104331 92450 1:0 106211
104351 46030 0:0 104353
104352 46018 0:0 104353
104352 46028 0:0 104353
104352 46029 0:0 104353
104352 46027 0:0 104353
104352 46026 0:0 104353
104354 47351 1:0 106225
104354 47354 1:0 106225
104354 47341 1:0 106226
104354 47349 1:0 106290
104361 47352 1:0 106225
104361 47353 1:0 106225
104362 47342 1:0 106225
104362 47350 1:0 106225
104362 47348 1:0 106225
104362 47347 1:0 106226
104371 92449 1:0 106347
104371 92448 1:0 106358
104377 92418 1:0 106364
104397 92416 1:0 106432
104398 47495 1:0 106446
104398 47489 1:0 106446
104410 47496 1:0 106511
104451 47499 1:0 106446
104459 47494 1:0 106447
104479 47500 1:0 106446
104480 47501 1:0 106446
104492 46165 21:0 104548
104519 46172 0:0 104528
104522 46171 0:0 104530
104529 47498 1:0 106446
104530 47497 1:0 106446
104531 47488 1:0 106447
104540 47635 1:0 106668
104549 46178 21:0 104574
104550 92417 1:0 106569
104572 46166 0:0 104574
104572 46176 0:0 104574
104572 46174 0:0 104574
104572 46177 0:0 104574
104573 46173 0:0 104574
104573 46175 0:0 104574
104575 92415 1:0 106579
104575 47642 1:0 106667
104575 47646 1:0 106743
104582 92383 1:0 106656
104583 92385 1:0 106585
104583 47641 1:0 106668
104592 47644 1:0 106667
104592 47645 1:0 106667
104592 47636 1:0 106667
104592 47643 1:0 106668
104598 47647 1:0 106667
104598 47648 1:0 106667
104618 92384 1:0 106790
104631 92382 1:0 106800
104672 47783 1:0 106888
104700 92350 1:0 106884
104701 47789 1:0 106888
104701 47782 1:0 106889
104750 46321 21:0 104795
104751 92352 1:0 106885
104761 47795 1:0 106974
104771 47790 1:0 106889
104793 46320 0:0 104795
104793 46322 0:0 104795
104794 46325 0:0 104795
104794 46323 0:0 104795
104794 46324 0:0 104795
104794 46313 0:0 104795
104794 46312 0:0 104795
104794 46319 0:0 104795
104794 46318 0:0 104795
104796 47793 1:0 106888
104796 47791 1:0 106888
104796 47794 1:0 106889
104796 47792 1:0 106889
104803 47788 1:0 106889
104803 47935 1:0 107110
104804 92351 1:0 107011
104804 92349 1:0 107021
104813 92319 1:0 107105
104813 47940 1:0 107109
104813 47942 1:0 107195
104819 47930 1:0 107109
104819 47929 1:0 107110
104821 47937 1:0 107110
104824 47938 1:0 107109
104839 47939 1:0 107110
104840 47936 1:0 107109
104852 47941 1:0 107110
104906 92318 1:0 107232
104923 92317 1:0 107231
104974 46467 21:0 105016
104982 92316 1:0 107242
104992 48089 1:0 107416
105014 46469 0:0 105016
105014 46471 0:0 105016
105015 46472 0:0 105016
105015 46459 0:0 105016
105015 46460 0:0 105016
105015 46466 0:0 105016
105015 46465 0:0 105016
105015 46468 0:0 105016
105015 46470 0:0 105016
105017 92285 1:0 107326
105017 92286 1:0 107327
105017 48077 1:0 107330
105024 48084 1:0 107331
105024 48086 1:0 107331
105025 48085 1:0 107330
105025 48087 1:0 107330
105025 48076 1:0 107331
105034 92284 1:0 107452
105034 48083 1:0 107330
105034 48082 1:0 107331
105034 48088 1:0 107331
105040 92283 1:0 107463
105044 48236 1:0 107637
105060 48234 1:0 107551
105061 48224 1:0 107551
105061 48229 1:0 107552
105073 48235 1:0 107552
105114 48230 1:0 107551
105122 48233 1:0 107552
105127 48223 1:0 107552
105142 48232 1:0 107551
105143 48231 1:0 107552
105143 48324 1:0 107677
105144 48323 1:0 107676
105202 46617 21:0 105237
105235 46615 0:0 105237
105235 46614 0:0 105237
105235 46616 0:0 105237
105236 46606 0:0 105237
105236 46618 0:0 105237
105236 46619 0:0 105237
105236 46607 0:0 105237
105236 46613 0:0 105237
105236 46612 0:0 105237
105433 46766 21:0 105458
105456 46764 0:0 105458
105456 46763 0:0 105458
105456 46765 0:0 105458
105456 46761 0:0 105458
105457 46754 0:0 105458
105457 46753 0:0 105458
105457 46760 0:0 105458
105457 46759 0:0 105458
105457 46762 0:0 105458
105654 46913 21:0 105679
105677 46910 0:0 105679
105677 46909 0:0 105679
105677 46908 0:0 105679
105677 46911 0:0 105679
105678 46900 0:0 105679
105678 46912 0:0 105679
105678 46906 0:0 105679
105678 46907 0:0 105679
105678 46901 0:0 105679
105855 47056 21:0 105900
105898 47059 0:0 105900
105898 47055 0:0 105900
105898 47057 0:0 105900
105899 47048 0:0 105900
105899 47053 0:0 105900
105899 47060 0:0 105900
105899 47054 0:0 105900
105899 47058 0:0 105900
105899 47047 0:0 105900
106079 47202 21:0 106121
106119 47204 0:0 106121
106119 47206 0:0 106121
106120 47203 0:0 106121
106120 47207 0:0 106121
106120 47201 0:0 106121
106120 47195 0:0 106121
106120 47194 0:0 106121
106120 47200 0:0 106121
106120 47205 0:0 106121
106300 47349 21:0 106342
106340 47351 0:0 106342
106340 47353 0:0 106342
106341 47348 0:0 106342
106341 47341 0:0 106342
106341 47350 0:0 106342
106341 47347 0:0 106342
106341 47354 0:0 106342
106341 47342 0:0 106342
106341 47352 0:0 106342
106521 47496 21:0 106563
106561 47498 0:0 106563
106561 47500 0:0 106563
106562 47501 0:0 106563
106562 47494 0:0 106563
106562 47495 0:0 106563
106562 47489 0:0 106563
106562 47499 0:0 106563
106562 47497 0:0 106563
106562 47488 0:0 106563
106749 47646 21:0 106784
106782 47644 0:0 106784
106782 47647 0:0 106784
106782 47643 0:0 106784
106783 47648 0:0 106784
106783 47642 0:0 106784
106783 47641 0:0 106784
106783 47645 0:0 106784
106783 47635 0:0 106784
106783 47636 0:0 106784
106980 47795 21:0 107005
107003 47794 0:0 107005
107003 47793 0:0 107005
107003 47792 0:0 107005
107003 47791 0:0 107005
107004 47790 0:0 107005
107004 47788 0:0 107005
107004 47783 0:0 107005
107004 47782 0:0 107005
107004 47789 0:0 107005
107201 47942 21:0 107226
107224 47941 0:0 107226
107224 47940 0:0 107226
107224 47939 0:0 107226
107224 47938 0:0 107226
107225 47936 0:0 107226
107225 47937 0:0 107226
107225 47929 0:0 107226
107225 47935 0:0 107226
107225 47930 0:0 107226
107422 48089 21:0 107447
107445 48088 0:0 107447
107445 48087 0:0 107447
107445 48086 0:0 107447
107445 48085 0:0 107447
107446 48084 0:0 107447
107446 48082 0:0 107447
107446 48076 0:0 107447
107446 48077 0:0 107447
107446 48083 0:0 107447
107643 48236 21:0 304
