55 7690 21:0 93
92 7688 21:0 104
103 7691 21:0 109
108 7692 21:0 109
108 7687 21:0 114
113 7839 21:0 169
168 7838 21:0 184
183 7780 21:0 185
184 7779 21:0 185
184 7685 21:0 185
184 7686 21:0 185
184 7679 21:0 185
184 7680 21:0 185
187 7873 21:0 204
203 7871 21:0 256
258 7904 21:0 266
266 7907 21:0 332
331 7905 21:0 337
336 7840 21:0 342
342 7940 21:0 408
407 7938 21:0 413
415 7972 21:0 432
431 7939 21:0 484
486 8003 21:0 494
493 8005 21:0 544
543 8006 21:0 560
559 7872 21:0 570
570 8039 21:0 636
635 8037 21:0 641
643 8070 21:0 660
659 7971 21:0 712
711 7970 21:0 717
722 8105 21:0 788
787 8072 21:0 793
792 8036 21:0 798
798 8138 21:0 864
863 8136 21:0 869
868 8168 21:0 874
873 8071 21:0 940
939 8171 21:0 945
944 8004 21:0 950
950 8204 21:0 1016
1015 7973 21:0 1021
1023 8235 21:0 1040
1039 8237 21:0 1092
1094 8267 21:0 1102
1170 8300 21:0 1178
1177 8301 21:0 1228
1179 8300 1:0 2613
1229 8301 1:0 2603
1323 8367 21:0 1331
1330 8368 21:0 1376
1375 8369 21:0 1397
1396 8370 21:0 1407
1406 8400 21:0 1425
1424 8401 21:0 1473
1472 8402 21:0 1478
1477 8403 21:0 1497
1496 8433 21:0 1549
1548 8435 21:0 1554
1553 8434 21:0 1559
1558 8436 21:0 1625
1624 8466 21:0 1630
1629 8468 21:0 1635
1634 8467 21:0 1690
1689 8469 21:0 1706
1705 8499 21:0 1711
1710 8501 21:0 1766
1765 8502 21:0 1777
1776 8500 21:0 1787
1786 8532 21:0 1832
1831 8534 21:0 1853
1852 8535 21:0 1863
1862 8533 21:0 1878
1877 8565 21:0 1929
1928 8566 21:0 1934
1933 8567 21:0 1953
1952 8568 21:0 2005
2004 8598 21:0 2010
2009 8600 21:0 2015
2014 8599 21:0 2081
2080 8601 21:0 2086
2085 8631 21:0 2091
2090 8632 21:0 2146
2145 8633 21:0 2162
2161 8634 21:0 2167
2166 8664 21:0 2222
2221 8665 21:0 2235
2234 8666 21:0 2243
2242 8667 21:0 2293
2292 8697 21:0 2309
2308 8698 21:0 2319
2318 8699 21:0 2337
2336 8700 21:0 2385
2384 8730 21:0 2390
2389 8731 21:0 2409
2408 8733 21:0 2461
2460 8732 21:0 2466
2465 8763 21:0 2471
2470 8764 21:0 2480
2479 8766 21:0 2487
2484 8267 1:0 2735
2485 8237 1:0 2841
2486 8765 21:0 2490
2488 8235 1:0 2847
2489 8796 21:0 2498
2491 8204 1:0 2963
2493 8171 1:0 3085
2493 8168 1:0 3101
2497 8798 21:0 2524
2499 8138 1:0 3207
2517 8136 1:0 3213
2523 8797 21:0 2599
2525 8105 1:0 3329
2569 8071 1:0 3376
2595 8072 1:0 3451
2598 300 21:0 2599
2598 8799 21:0 2602
2601 8829 21:0 2612
2606 8070 1:0 3457
2607 8039 1:0 3573
2611 8830 21:0 2617
2613 8037 1:0 3579
2615 8036 1:0 3589
2615 8004 1:0 3620
2616 8832 21:0 2620
2618 8006 1:0 3695
2619 8831 21:0 2685
2621 8005 1:0 3702
2625 8003 1:0 3711
2651 7973 1:0 3742
2684 8862 21:0 2721
2686 7971 1:0 3817
2716 7972 1:0 3824
2720 8864 21:0 2724
2723 8925 21:0 2731
2728 7970 1:0 3833
2729 7939 1:0 3864
2730 8932 21:0 2734
2732 7940 1:0 3939
2737 7938 1:0 3945
2737 7907 1:0 4061
2747 7905 1:0 4067
2850 7904 1:0 4077
2851 7872 1:0 4183
2859 9043 21:0 2861
2859 7873 1:0 4190
2859 7871 1:0 4199
2862 301 1:0 5643
2865 7840 1:0 4305
2972 7839 1:0 4311
2973 7838 1:0 4321
2981 8864 1:0 5653
3347 9271 21:0 3349
3947 9552 21:0 3951
4436 9787 21:0 4443
4475 9795 21:0 4491
4490 9792 21:0 4491
4490 9794 21:0 4491
4493 9809 21:0 4501
4500 9810 21:0 4551
4550 9811 21:0 4567
4566 9812 21:0 4577
4576 9842 21:0 4595
4594 9843 21:0 4643
4642 9844 21:0 4648
4647 9845 21:0 4667
4666 9875 21:0 4719
4718 9876 21:0 4724
4723 9877 21:0 4729
4728 9878 21:0 4795
4794 9908 21:0 4800
4799 9910 21:0 4805
4804 9909 21:0 4860
4859 9911 21:0 4876
4875 9941 21:0 4881
4880 9943 21:0 4936
4935 9942 21:0 4952
4951 9944 21:0 4957
4956 9974 21:0 5007
5006 9976 21:0 5023
5022 9975 21:0 5033
5032 9977 21:0 5055
5054 10007 21:0 5099
5098 10009 21:0 5104
5103 10010 21:0 5123
5122 10008 21:0 5175
5174 10040 21:0 5180
5179 10041 21:0 5191
5190 10042 21:0 5251
5250 10043 21:0 5256
5255 10073 21:0 5261
5260 10074 21:0 5327
5326 10075 21:0 5332
5331 10076 21:0 5337
5336 10106 21:0 5392
5391 10107 21:0 5408
5407 10108 21:0 5413
5412 10109 21:0 5463
5462 10139 21:0 5479
5478 10142 21:0 5489
5488 10205 21:0 5525
5524 10140 21:0 5555
5554 10141 21:0 5565
5564 10172 21:0 5579
5578 10174 21:0 5631
5630 10173 21:0 5636
5635 10175 21:0 5647
5646 10207 21:0 5650
5648 8925 1:0 5668
5649 10208 21:0 5658
5655 8862 1:0 5663
5656 8831 1:0 5696
5657 10206 21:0 5663
5659 8832 1:0 5776
5662 10238 21:0 5670
5662 8830 1:0 5783
5665 8829 1:0 5794
5665 8932 1:0 5799
5669 10240 21:0 5698
5671 8799 1:0 5827
5671 8797 1:0 5907
5675 8798 1:0 5915
5697 10239 21:0 5778
5699 8796 1:0 5925
5704 8765 1:0 5958
5758 8766 1:0 6038
5774 9043 1:0 6055
5777 301 21:0 5778
5777 10241 21:0 5781
5779 8764 1:0 6045
5780 10271 21:0 5792
5786 8763 1:0 6056
5787 8732 1:0 6089
5791 10272 21:0 5798
5793 8733 1:0 6169
5796 8731 1:0 6176
5796 8730 1:0 6187
5797 10274 21:0 5801
5799 8700 1:0 6220
5800 9973 21:0 5826
5802 8699 1:0 6300
5802 8698 1:0 6307
5822 8697 1:0 6318
5825 10273 21:0 5883
5835 8667 1:0 6351
5882 10304 21:0 5912
5884 8666 1:0 6431
5889 8665 1:0 6438
5911 8964 21:0 5912
5917 8664 1:0 6449
5918 8634 1:0 6482
5927 8633 1:0 6562
5927 8632 1:0 6569
5933 8631 1:0 6580
5935 9271 1:0 6579
5954 8601 1:0 6613
6048 8599 1:0 6693
6049 8600 1:0 6701
6058 8598 1:0 6711
6058 8568 1:0 6744
6064 8567 1:0 6824
6068 8566 1:0 6831
6085 8565 1:0 6842
6094 9064 21:0 6126
6179 8533 1:0 6875
6180 8535 1:0 6955
6189 8534 1:0 6963
6189 8532 1:0 6973
6195 8500 1:0 7006
6199 8502 1:0 7086
6216 8501 1:0 7094
6228 9552 1:0 7109
6310 8499 1:0 7104
6311 8469 1:0 7137
6320 8467 1:0 7217
6320 8468 1:0 7225
6326 8466 1:0 7235
6346 8436 1:0 7268
6441 8434 1:0 7348
6442 8435 1:0 7356
6442 8433 1:0 7366
6451 8403 1:0 7399
6451 8402 1:0 7479
6459 8401 1:0 7486
6478 8400 1:0 7497
6490 302 1:0 8958
6570 9267 21:0 6575
6572 8370 1:0 7530
6573 8369 1:0 7610
6573 8368 1:0 7617
6582 8367 1:0 7628
6701 9324 21:0 6706
6963 9438 21:0 6968
7066 9477 21:0 7088
7094 9495 21:0 7099
7105 9499 21:0 7108
7225 9552 21:0 7230
7236 9556 21:0 7239
7246 9559 21:0 7270
7487 9666 21:0 7492
7795 11238 21:0 7806
7805 11237 21:0 7806
7813 11252 21:0 7830
7829 11254 21:0 7882
7881 11253 21:0 7887
7889 11286 21:0 7906
7905 11287 21:0 7958
7957 11284 21:0 7963
7962 17 21:0 7968
7967 11271 21:0 7968
7968 11320 21:0 8034
8033 11317 21:0 8039
8038 11270 21:0 8039
8041 11351 21:0 8058
8057 11350 21:0 8110
8109 11285 21:0 8115
8117 11385 21:0 8134
8133 11384 21:0 8186
8185 11318 21:0 8191
8190 11416 21:0 8210
8209 11251 21:0 8262
8261 11383 21:0 8267
8266 11319 21:0 8272
8271 11352 21:0 8338
8337 11353 21:0 8343
8342 11418 21:0 8348
8347 11417 21:0 8403
8402 11419 21:0 8419
8418 11482 21:0 8424
8423 11515 21:0 8479
8478 11451 21:0 8492
8491 11386 21:0 8500
8499 11518 21:0 8550
8549 11484 21:0 8566
8565 11516 21:0 8576
8575 11549 21:0 8594
8593 11548 21:0 8642
8641 11449 21:0 8647
8646 11551 21:0 8666
8665 11483 21:0 8718
8717 11517 21:0 8723
8722 11584 21:0 8728
8727 11617 21:0 8794
8793 11649 21:0 8799
8798 11650 21:0 8804
8803 11614 21:0 8866
8865 11582 21:0 8875
8874 11615 21:0 8880
8879 53 21:0 8894
8893 11647 21:0 8946
8945 211 21:0 8951
8947 11647 1:0 8971
8950 11586 21:0 8951
8950 11382 21:0 8951
8950 11712 21:0 8956
8952 211 1:0 8971
8955 11580 21:0 8956
8955 11663 21:0 8956
8970 10304 1:0 8978
8971 11615 1:0 8983
8979 8872 21:0 8982
8980 10273 1:0 9011
8980 300 1:0 2473
8983 10274 1:0 9091
8986 10272 1:0 9098
8990 9499 1:0 9102
8999 302 21:0 9013
9014 10271 1:0 9109
9019 8964 1:0 9114
9099 8925 21:0 9104
9101 11582 1:0 9114
9102 10241 1:0 9142
9105 10239 1:0 9222
9111 10240 1:0 9230
9111 53 1:0 9233
9117 10238 1:0 9240
9122 11614 1:0 9245
9150 10206 1:0 9273
9232 10208 1:0 9353
9233 10207 1:0 9361
9233 9267 1:0 9364
9242 10205 1:0 9371
9242 11650 1:0 9376
9248 9064 1:0 9376
9252 10175 1:0 9404
9281 10173 1:0 9484
9322 9559 1:0 9495
9363 10174 1:0 9492
9364 10172 1:0 9502
9373 11649 1:0 9507
9373 10141 1:0 9535
9381 10142 1:0 9615
9399 10140 1:0 9622
9412 9438 1:0 9626
9494 10139 1:0 9633
9495 11617 1:0 9638
9504 10109 1:0 9666
9504 10108 1:0 9746
9510 10107 1:0 9753
9512 9495 1:0 9757
9531 10106 1:0 9764
9543 9324 1:0 9888
9625 11584 1:0 9769
9626 10076 1:0 9797
9635 10075 1:0 9877
9635 10074 1:0 9884
9641 10073 1:0 9895
9661 11517 1:0 9900
9674 10043 1:0 9928
9756 10042 1:0 10008
9757 10041 1:0 10015
9766 9552 1:0 10019
9766 10040 1:0 10026
9772 11483 1:0 10031
9776 10008 1:0 10059
9777 9973 1:0 10150
9805 10010 1:0 10139
9887 10009 1:0 10147
9888 10007 1:0 10157
9897 11551 1:0 10162
9897 9977 1:0 10190
9903 9975 1:0 10270
9905 9477 1:0 10293
9923 9976 1:0 10278
9924 9787 1:0 10281
9936 9794 1:0 10412
10018 9974 1:0 10288
10019 11449 1:0 10293
10028 9944 1:0 10321
10028 9942 1:0 10401
10034 9943 1:0 10409
10039 9941 1:0 10419
10067 11548 1:0 10424
10149 9911 1:0 10452
10150 9909 1:0 10532
10159 9910 1:0 10540
10159 9556 1:0 10543
10165 9908 1:0 10550
10169 11549 1:0 10555
10198 9878 1:0 10583
10239 9666 1:0 10674
10280 9877 1:0 10663
10281 9876 1:0 10670
10290 9875 1:0 10681
10290 11516 1:0 10686
10298 9845 1:0 10714
10316 9844 1:0 10794
10317 9792 1:0 10805
10411 9843 1:0 10801
10412 9842 1:0 10812
10421 11484 1:0 10817
10421 9812 1:0 10845
10427 9811 1:0 10925
10431 9810 1:0 10932
10447 17 1:0 10936
10448 9795 1:0 10945
10460 303 1:0 10958
10542 9809 1:0 10943
10543 11518 1:0 10958
10552 11386 1:0 11030
10552 11451 1:0 11061
10558 11515 1:0 11072
10560 8872 1:0 11072
10562 11712 1:0 11078
10563 5476 1:0 11081
10563 5477 1:0 11081
10578 5487 1:0 11078
10579 5475 1:0 11081
10579 5480 1:0 11091
10591 5484 1:0 11081
10591 5479 1:0 11091
10591 5625 1:0 11302
10632 5624 1:0 11302
10673 5481 1:0 11091
10673 5483 1:0 11091
10674 5485 1:0 11117
10674 5482 1:0 11163
10674 5486 1:0 11249
10683 8925 1:0 11282
10683 11482 1:0 11293
10683 5629 1:0 11299
10689 5627 1:0 11302
10689 5631 1:0 11302
10689 5628 1:0 11311
10693 5630 1:0 11311
10694 5626 1:0 11311
10694 5622 1:0 11311
10694 5772 1:0 11523
10709 5768 1:0 11520
10710 5632 1:0 11337
10722 5634 1:0 11384
10804 11663 1:0 11514
10804 5633 1:0 11470
10805 11419 1:0 11514
10805 5779 1:0 11520
10814 5775 1:0 11523
10814 5777 1:0 11523
10814 5774 1:0 11533
10814 5769 1:0 11533
10814 5770 1:0 11533
10814 5776 1:0 11533
10814 5778 1:0 11559
10820 5780 1:0 11605
10822 5781 1:0 11692
10841 11417 1:0 11735
10853 5921 1:0 11741
10853 5926 1:0 11741
10894 5920 1:0 11744
10935 5915 1:0 11744
10935 5918 1:0 11744
10935 5925 1:0 11744
10935 5919 1:0 11754
10935 5916 1:0 11754
10935 5922 1:0 11754
10936 5923 1:0 11754
10936 5924 1:0 11782
10936 6063 1:0 11956
10945 11580 1:0 11945
10945 11586 1:0 11956
10945 5928 1:0 11826
10945 5927 1:0 11912
10945 6062 1:0 11962
10951 11418 1:0 11956
10955 6071 1:0 11962
10956 6068 1:0 11962
10956 6069 1:0 11965
10972 6072 1:0 11965
10984 6075 1:0 11993
11025 6074 1:0 11993
11068 6064 1:0 11993
11068 6073 1:0 12044
11068 6067 1:0 12080
11068 6209 1:0 12183
11069 11353 1:0 12166
11069 6070 1:0 12113
11078 11352 1:0 12177
11078 6218 1:0 12183
11078 6215 1:0 12186
11078 6213 1:0 12195
11078 6210 1:0 12195
11078 6216 1:0 12195
11078 6359 1:0 12407
11084 6222 1:0 12186
11086 6217 1:0 12195
11097 303 21:0 11111
11104 6220 1:0 12222
11112 6219 1:0 12268
11117 6221 1:0 12354
11171 11319 1:0 12398
11186 6363 1:0 12404
11186 6357 1:0 12407
11187 6365 1:0 12404
11187 6360 1:0 12435
11187 6358 1:0 12435
11188 6361 1:0 12523
11188 6505 1:0 12656
11206 5477 21:0 11226
11226 5481 21:0 11251
11237 6366 1:0 12407
11247 6368 1:0 12435
11250 5479 21:0 11258
11257 6364 1:0 12435
11259 5486 21:0 11281
11280 5482 21:0 11284
11283 5485 21:0 11284
11283 5483 21:0 11292
11289 6369 1:0 12486
11289 6367 1:0 12566
11290 11383 1:0 12608
11291 5484 21:0 11295
11293 11253 1:0 12619
11294 5487 21:0 11295
11294 5480 21:0 11301
11296 6504 1:0 12619
11296 6509 1:0 12625
11296 6503 1:0 12625
11296 6514 1:0 12625
11296 6508 1:0 12656
11296 6507 1:0 12744
11299 6510 1:0 12628
11299 6512 1:0 12628
11299 6511 1:0 12656
11299 6515 1:0 12656
11299 6656 1:0 12840
11300 5476 21:0 11301
11300 5475 21:0 11301
11302 6516 1:0 12707
11305 6513 1:0 12786
11310 11254 1:0 12829
11325 6657 1:0 12846
11338 11416 1:0 12840
11379 6651 1:0 12846
11379 6652 1:0 12849
11392 6659 1:0 12846
11407 6661 1:0 12849
11408 6650 1:0 12849
11408 6655 1:0 12877
11408 6653 1:0 12877
11409 6663 1:0 12877
11417 5622 21:0 11463
11458 6662 1:0 12877
11460 6654 1:0 12965
11462 5626 21:0 11469
11468 5624 21:0 11476
11468 6658 1:0 12928
11470 6798 1:0 13070
11477 6799 1:0 13080
11478 6660 1:0 13007
11480 5633 21:0 11502
11501 5634 21:0 11505
11504 5632 21:0 11505
11504 5630 21:0 11513
11510 11318 1:0 13050
11511 11285 1:0 13061
11511 6805 1:0 13067
11512 5631 21:0 11516
11514 6802 1:0 13080
11514 6797 1:0 13080
11514 6800 1:0 13080
11515 5629 21:0 11516
11515 5628 21:0 11522
11517 6810 1:0 13070
11517 6808 1:0 13080
11520 11382 1:0 13282
11520 6806 1:0 13106
11520 6807 1:0 13152
11520 6809 1:0 13238
11520 6950 1:0 13282
11520 6948 1:0 13319
11521 5627 21:0 11522
11521 5625 21:0 11522
11526 11384 1:0 13282
11528 6945 1:0 13288
11528 6951 1:0 13288
11531 6953 1:0 13288
11546 6944 1:0 13291
11547 6954 1:0 13291
11559 6957 1:0 13319
11600 6956 1:0 13319
11608 6946 1:0 13407
11608 7094 1:0 13540
11608 7096 1:0 13540
11628 6952 1:0 13370
11629 6955 1:0 13450
11651 5770 21:0 11670
11671 5774 21:0 11695
11689 11385 1:0 13492
11698 5781 21:0 11723
11699 11350 1:0 13503
11722 5780 21:0 11726
11725 5778 21:0 11726
11725 5776 21:0 11734
11731 7099 1:0 13509
11731 7097 1:0 13509
11731 7098 1:0 13509
11731 7092 1:0 13512
11731 7095 1:0 13627
11732 7102 1:0 13512
11732 7103 1:0 13540
11732 7100 1:0 13540
11733 5777 21:0 11737
11735 7244 1:0 13724
11736 5779 21:0 11737
11736 5769 21:0 11743
11738 7104 1:0 13591
11738 7101 1:0 13670
11741 11351 1:0 13713
11741 11320 1:0 13724
11742 5772 21:0 11743
11742 5775 21:0 11743
11742 5768 21:0 11743
11744 7679 1:0 13724
11744 7532 1:0 13724
11744 7238 1:0 13730
11744 7239 1:0 13730
11747 7251 1:0 13730
11749 7249 1:0 13733
11751 7245 1:0 13733
11751 7242 1:0 13761
11751 7241 1:0 13761
11767 7248 1:0 13761
11780 7250 1:0 13761
11821 7247 1:0 13812
11829 7246 1:0 13881
11834 7240 1:0 13849
11850 11317 1:0 13934
11860 11270 1:0 13945
11869 5918 21:0 11889
11889 5922 21:0 11914
11910 11287 1:0 13945
11912 7391 1:0 13945
11913 5919 21:0 11921
11920 7386 1:0 13951
11920 7392 1:0 13951
11920 7389 1:0 13954
11920 7387 1:0 13954
11920 7385 1:0 13954
11922 5927 21:0 11944
11922 7388 1:0 13982
11943 5928 21:0 11947
11946 5924 21:0 11947
11946 5923 21:0 11955
11952 7396 1:0 13951
11952 7397 1:0 13954
11953 7390 1:0 13982
11953 7395 1:0 13982
11953 7393 1:0 13982
11953 7686 1:0 14166
11953 7537 1:0 14175
11954 5925 21:0 11958
11956 7398 1:0 14033
11957 5926 21:0 11958
11957 5916 21:0 11964
11959 11271 1:0 14152
11959 7394 1:0 14103
11959 7539 1:0 14172
11959 7536 1:0 14203
11962 11286 1:0 14160
11962 11284 1:0 14166
11963 5921 21:0 11964
11963 5915 21:0 11964
11963 5920 21:0 11964
11965 7544 1:0 14172
11968 7533 1:0 14172
11968 7538 1:0 14175
11970 7545 1:0 14175
11973 7543 1:0 14203
11988 7540 1:0 14203
11989 7534 1:0 14203
12001 7541 1:0 14254
12042 7542 1:0 14333
12050 11237 1:0 14373
12055 7685 1:0 14387
12071 11252 1:0 14380
12081 11238 1:0 14393
12100 6067 21:0 12114
12113 6064 21:0 12120
12121 7681 1:0 14424
12123 6070 21:0 12165
12131 11251 1:0 14387
12141 7687 1:0 14393
12164 6073 21:0 12168
12167 6074 21:0 12168
12167 6075 21:0 12176
12173 7692 1:0 14396
12173 7680 1:0 14396
12173 7684 1:0 14525
12174 7691 1:0 14424
12174 7688 1:0 14424
12174 7690 1:0 14475
12175 6072 21:0 12179
12177 7689 1:0 14554
12178 6071 21:0 12179
12178 6069 21:0 12179
12178 6062 21:0 12185
12180 7779 1:0 14574
12180 7780 1:0 14605
12184 6068 21:0 12185
12184 6063 21:0 12185
12301 6210 21:0 12347
12346 6213 21:0 12353
12364 6221 21:0 12386
12385 6219 21:0 12389
12388 6220 21:0 12389
12388 6217 21:0 12397
12396 6222 21:0 12400
12399 6218 21:0 12400
12399 6216 21:0 12406
12405 6215 21:0 12406
12405 6209 21:0 12406
12542 6361 21:0 12556
12555 6358 21:0 12562
12561 6360 21:0 12568
12572 6367 21:0 12607
12606 6369 21:0 12610
12609 6368 21:0 12610
12609 6364 21:0 12618
12617 6366 21:0 12621
12620 6357 21:0 12621
12620 6365 21:0 12621
12620 6363 21:0 12627
12626 6359 21:0 12627
12766 6507 21:0 12778
12777 6508 21:0 12784
12783 6505 21:0 12790
12796 6513 21:0 12828
12827 6516 21:0 12831
12830 6511 21:0 12831
12830 6515 21:0 12839
12838 6512 21:0 12842
12841 6514 21:0 12842
12841 6510 21:0 12842
12841 6503 21:0 12848
12847 6504 21:0 12848
12847 6509 21:0 12848
12967 6650 21:0 13011
13017 6660 21:0 13049
13048 6658 21:0 13052
13051 6662 21:0 13052
13051 6663 21:0 13060
13059 6661 21:0 13063
13062 6657 21:0 13063
13062 6659 21:0 13063
13062 6651 21:0 13069
13068 6654 21:0 13069
13068 6655 21:0 13069
13068 6653 21:0 13069
13068 6656 21:0 13069
13068 6652 21:0 13069
13188 6797 21:0 13232
13231 6800 21:0 13239
13238 6802 21:0 13245
13248 6809 21:0 13270
13269 6807 21:0 13273
13272 6806 21:0 13273
13272 6808 21:0 13281
13280 6810 21:0 13284
13283 6805 21:0 13284
13283 6798 21:0 13290
13289 6799 21:0 13290
13409 6944 21:0 13453
13456 6955 21:0 13491
13490 6952 21:0 13494
13493 6957 21:0 13494
13493 6956 21:0 13502
13501 6954 21:0 13505
13504 6953 21:0 13505
13504 6946 21:0 13505
13504 6945 21:0 13508
13507 6951 21:0 13511
13510 6948 21:0 13511
13510 6950 21:0 13511
13650 7095 21:0 13662
13661 7096 21:0 13668
13667 7094 21:0 13674
13680 7101 21:0 13712
13711 7104 21:0 13715
13714 7100 21:0 13715
13714 7103 21:0 13723
13722 7102 21:0 13726
13725 7092 21:0 13726
13725 7099 21:0 13726
13725 7097 21:0 13732
13731 7098 21:0 13732
13861 7240 21:0 13880
13879 7242 21:0 13887
13891 7246 21:0 13933
13932 7247 21:0 13936
13935 7250 21:0 13936
13935 7248 21:0 13944
13943 7249 21:0 13947
13946 7245 21:0 13947
13946 7251 21:0 13947
13946 7239 21:0 13953
13952 7238 21:0 13953
13952 7241 21:0 13953
13952 7244 21:0 13953
14089 7390 21:0 14103
14102 7388 21:0 14109
14109 7394 21:0 14154
14153 7398 21:0 14157
14156 7395 21:0 14157
14156 7393 21:0 14165
14164 7397 21:0 14168
14167 7385 21:0 14168
14167 7396 21:0 14168
14167 7386 21:0 14174
14173 7389 21:0 14174
14173 7387 21:0 14174
14173 7392 21:0 14174
14173 7391 21:0 14174
14290 7533 21:0 14336
14335 7536 21:0 14342
14343 7542 21:0 14375
14374 7541 21:0 14378
14377 7540 21:0 14378
14377 7543 21:0 14386
14385 7545 21:0 14389
14388 7538 21:0 14389
14388 7544 21:0 14389
14388 7539 21:0 14395
14394 7532 21:0 14395
14394 7534 21:0 14395
14394 7537 21:0 14395
14531 7684 21:0 14545
14544 7681 21:0 14551
14564 7689 21:0 56
