150 25528 0:0 159
150 25529 0:0 159
151 25530 0:0 159
151 25526 0:0 159
151 25527 0:0 159
158 25620 0:0 159
158 313 0:0 159
158 25621 0:0 159
1381 26233 21:0 1391
3358 298 21:0 3376
3882 27394 21:0 3890
4267 27561 21:0 4284
4343 27594 21:0 4360
4345 27593 0:0 4346
4495 27659 21:0 4512
4594 27704 21:0 4604
4635 27659 1:0 4763
4636 27594 1:0 5026
4645 27593 1:0 5025
4645 27561 1:0 5157
4651 27394 1:0 5822
4653 300 1:0 6719
6717 299 21:0 6735
6942 28734 21:0 6959
7246 28867 21:0 7263
7322 28900 21:0 7339
7401 28934 21:0 7467
7550 28999 21:0 7567
7953 29175 21:0 7963
7994 28999 1:0 8647
7995 28934 1:0 8901
8004 28900 1:0 9040
8004 28867 1:0 9171
8010 28734 1:0 9694
8012 301 1:0 10078
10076 300 21:0 10094
10377 30239 21:0 10394
10760 30405 21:0 10826
10833 30436 21:0 10850
10904 30468 21:0 10912
11137 30569 21:0 11154
11312 30646 21:0 11322
11353 30569 1:0 11613
11354 30468 1:0 12016
11363 30436 1:0 12136
11363 30405 1:0 12260
11369 30239 1:0 12923
11371 302 1:0 13437
13435 301 21:0 13453
13503 31609 21:0 13511
13660 31677 21:0 13677
13807 31741 21:0 13815
13888 31775 21:0 13905
14263 31939 21:0 14271
14671 32117 21:0 14681
14712 31939 1:0 15375
14713 31775 1:0 16019
14722 31741 1:0 16161
14722 31677 1:0 16413
14728 31609 1:0 16685
14730 303 1:0 16796
16794 302 21:0 16812
16943 33115 21:0 16960
17019 33147 21:0 17036
17475 33346 21:0 17492
17630 33413 21:0 17696
17858 33512 21:0 17924
18030 33588 21:0 18040
18071 33512 1:0 18323
18072 33413 1:0 18716
18081 33346 1:0 18986
18081 33147 1:0 19771
18087 33115 1:0 19903
18089 304 1:0 20155
20153 303 21:0 20171
20221 34551 21:0 20229
20229 34554 21:0 20295
20530 34685 21:0 20547
20758 34784 21:0 20775
20913 34851 21:0 20979
21389 35059 21:0 21399
21430 34851 1:0 22206
21431 34784 1:0 22476
21440 34685 1:0 22869
21440 34554 1:0 23385
21446 34551 1:0 23403
21448 305 1:0 23514
23512 304 21:0 23530
23588 36025 21:0 23654
24041 36221 21:0 24058
24264 36319 21:0 24272
24345 36354 21:0 24362
24568 36451 21:0 24576
24748 36530 21:0 24758
24789 36451 1:0 25059
24790 36354 1:0 25442
24799 36319 1:0 25583
24799 36221 1:0 25965
24805 36025 1:0 26744
24807 306 1:0 26873
26871 305 21:0 26889
26944 37494 21:0 26961
27327 37661 21:0 27393
27552 37758 21:0 27569
27851 37889 21:0 27859
27859 37892 21:0 27925
28107 38001 21:0 28117
28148 37892 1:0 28531
28149 37889 1:0 28549
28158 37758 1:0 29062
28158 37661 1:0 29448
28164 37494 1:0 30110
28166 307 1:0 30232
30230 306 21:0 30248
30382 39000 21:0 30448
30458 39033 21:0 30524
30914 39231 21:0 30980
31291 39395 21:0 31308
31293 39394 0:0 31294
31507 39395 1:0 31767
31508 39394 1:0 31766
31517 39231 1:0 32414
31517 39033 1:0 33200
31523 39000 1:0 33331
31525 308 1:0 33591
33589 307 21:0 33607
33738 40470 21:0 33755
33890 40535 21:0 33907
33969 40570 21:0 34035
34270 40700 21:0 34287
34272 40701 0:0 34273
34574 40833 21:0 34591
34866 40833 1:0 35257
34867 40700 1:0 35780
34867 40701 1:0 35781
34876 40570 1:0 36297
34876 40535 1:0 36435
34884 40470 1:0 36698
34886 309 1:0 36950
36948 308 21:0 36966
37021 41908 21:0 37038
37038 41909 0:0 37074
37092 41939 21:0 37100
37173 41973 21:0 37190
37325 42039 21:0 37342
37781 42237 21:0 37798
38225 42237 1:0 38877
38226 42039 1:0 39663
38226 41973 1:0 39925
38235 41939 1:0 40067
38235 41909 1:0 40180
38243 41908 1:0 40188
38245 23462 1:0 51991
38246 310 1:0 40309
40307 309 21:0 40325
40456 43411 21:0 40473
40912 43610 21:0 40929
40914 43609 0:0 40915
41064 43675 21:0 41081
41216 43741 21:0 41233
41439 43839 21:0 41447
41584 43839 1:0 41723
41585 43741 1:0 42105
41594 43675 1:0 42367
41594 43610 1:0 42630
41600 43609 1:0 42629
41604 43411 1:0 43415
41605 311 1:0 43668
43666 310 21:0 43684
43962 44947 21:0 43970
44043 44982 21:0 44060
44198 45049 21:0 44264
44494 45178 21:0 44502
44501 45179 21:0 44552
44727 45279 21:0 44744
44943 45279 1:0 45203
44944 45179 1:0 45595
44953 45178 1:0 45606
44953 45049 1:0 46112
44959 44982 1:0 46382
44964 44947 1:0 46523
44979 312 1:0 47027
47025 311 21:0 47043
47245 46385 21:0 47253
47554 46519 21:0 47571
47706 46585 21:0 47723
48013 46718 21:0 48079
48086 46749 21:0 48103
48103 46751 0:0 48139
48302 46751 1:0 48554
48303 46749 1:0 48561
48312 46718 1:0 48685
48312 46585 1:0 49217
48318 46519 1:0 49479
48323 46385 1:0 50013
48338 313 1:0 50386
48339 23319 1:0 51768
50384 312 21:0 50402
50457 47791 21:0 50474
50528 47823 21:0 50536
51141 48088 0:0 51144
51144 48090 21:0 51210
51288 48153 21:0 51296
51364 48186 21:0 51372
51671 299 1:0 3360
51671 23325 1:0 51768
51671 23314 1:0 51769
51672 23313 1:0 51768
51672 23321 1:0 51768
51672 23322 1:0 51768
51672 23320 1:0 51823
51681 23323 1:0 51768
51681 23326 1:0 51768
51681 23324 1:0 51768
51681 23473 1:0 51990
51687 23466 1:0 51991
51687 23469 1:0 51991
51689 23461 1:0 51990
51689 23460 1:0 51991
51692 23468 1:0 51991
51707 23467 1:0 52044
51708 23472 1:0 51991
51720 23471 1:0 51991
51761 23470 1:0 51991
51789 23617 1:0 52208
51790 23615 1:0 52208
51799 23314 0:0 51824
51800 23618 1:0 52209
51829 23320 21:0 51854
51840 23616 1:0 52209
51850 23620 1:0 52209
51852 23608 1:0 52209
51853 23322 0:0 51884
51854 23319 0:0 51862
51854 23321 0:0 51884
51860 23619 1:0 52294
51862 23325 21:0 51884
51862 23607 1:0 52210
51883 23313 0:0 51884
51883 23323 0:0 51884
51883 23324 0:0 51884
51883 23326 0:0 51884
51885 48186 1:0 52342
51885 23614 1:0 52209
51885 23613 1:0 52210
51885 23754 1:0 52431
51892 23764 1:0 52429
51892 23762 1:0 52429
51893 23763 1:0 52430
51893 23765 1:0 52430
51893 23766 1:0 52430
51902 48153 1:0 52563
51902 23755 1:0 52430
51902 23761 1:0 52430
51902 23760 1:0 52431
51902 23767 1:0 52516
51908 23914 1:0 52652
51910 23912 1:0 52652
51913 23909 1:0 52652
51928 23908 1:0 52652
51929 23910 1:0 52652
51941 23913 1:0 52652
51982 23901 1:0 52652
51982 23902 1:0 52653
51982 23907 1:0 52706
51995 23911 1:0 52652
52012 48090 1:0 52826
52020 23461 0:0 52045
52021 24048 1:0 52897
52023 23460 0:0 52049
52031 24049 1:0 52898
52050 23467 21:0 52075
52061 24061 1:0 52871
52071 24056 1:0 52937
52073 24054 1:0 52927
52074 23469 0:0 52105
52075 23466 0:0 52083
52075 23468 0:0 52105
52080 23473 21:0 52105
52081 24057 1:0 52938
52083 24055 1:0 52928
52103 23472 0:0 52105
52104 23470 0:0 52105
52104 23471 0:0 52105
52104 23462 0:0 52105
52106 24058 1:0 52947
52106 24059 1:0 52948
52106 24060 1:0 52949
52113 48088 1:0 52994
52114 24207 1:0 53094
52114 24206 1:0 53094
52114 24196 1:0 53095
52123 24201 1:0 53094
52123 24195 1:0 53094
52123 24204 1:0 53094
52123 24208 1:0 53094
52123 24205 1:0 53094
52123 24202 1:0 53149
52123 24342 1:0 53339
52129 24203 1:0 53094
52131 24352 1:0 53313
52134 24350 1:0 53379
52150 24351 1:0 53380
52162 24343 1:0 53340
52162 24353 1:0 53390
52211 24354 1:0 53391
52216 24348 1:0 53369
52231 24355 1:0 53391
52232 24349 1:0 53370
52233 24497 1:0 53534
52282 24489 1:0 53560
52282 24490 1:0 53561
52282 24495 1:0 53590
52282 24496 1:0 53591
52292 24498 1:0 53601
52302 24499 1:0 53610
52304 23619 21:0 52326
52325 23618 0:0 52326
52325 23607 0:0 52326
52325 23615 0:0 52326
52325 23608 0:0 52326
52325 23616 0:0 52326
52325 23614 0:0 52326
52325 23613 0:0 52326
52325 23617 0:0 52326
52325 23620 0:0 52326
52327 24501 1:0 53611
52327 24500 1:0 53611
52327 24502 1:0 53611
52327 24648 1:0 53757
52334 24643 1:0 53757
52334 24646 1:0 53757
52334 24636 1:0 53757
52334 24637 1:0 53758
52334 24642 1:0 53811
52335 24647 1:0 53757
52335 24644 1:0 53757
52344 24645 1:0 53757
52344 24649 1:0 53757
52344 24791 1:0 53966
52344 24793 1:0 53966
52350 24795 1:0 53966
52352 24796 1:0 53966
52355 24792 1:0 53966
52370 24794 1:0 53978
52371 24789 1:0 53978
52371 24784 1:0 53979
52383 24783 1:0 53978
52383 24790 1:0 54033
52383 24931 1:0 54224
52424 24943 1:0 54197
52437 24938 1:0 54263
52452 24930 1:0 54223
52452 24936 1:0 54253
52453 24939 1:0 54264
52454 24937 1:0 54254
52503 24940 1:0 54273
52513 24941 1:0 54274
52522 23767 21:0 52547
52523 24942 1:0 54274
52545 23765 0:0 52547
52545 23763 0:0 52547
52545 23766 0:0 52547
52545 23764 0:0 52547
52545 23762 0:0 52547
52546 23761 0:0 52547
52546 23754 0:0 52547
52546 23760 0:0 52547
52546 23755 0:0 52547
52548 25077 1:0 54420
52548 25083 1:0 54420
52548 25086 1:0 54420
52548 25087 1:0 54420
52548 25088 1:0 54420
52548 25078 1:0 54421
52548 25084 1:0 54475
52555 25085 1:0 54420
52555 25089 1:0 54420
52556 25090 1:0 54420
52556 25231 1:0 54641
52556 25235 1:0 54641
52556 25225 1:0 54642
52565 25232 1:0 54641
52565 25236 1:0 54641
52565 25237 1:0 54641
52565 25234 1:0 54641
52571 25224 1:0 54641
52571 25233 1:0 54641
52573 25230 1:0 54695
52591 47823 1:0 54773
52645 47791 1:0 54850
52658 25384 1:0 54862
52673 25382 1:0 54862
52674 25379 1:0 54862
52683 23902 0:0 52708
52686 23901 0:0 52712
52686 25383 1:0 54862
52694 25374 1:0 54862
52716 23907 21:0 52740
52724 25371 1:0 54862
52724 25372 1:0 54863
52724 25378 1:0 54863
52734 25380 1:0 54862
52736 25377 1:0 54916
52739 23908 0:0 52750
52743 23914 21:0 52768
52744 25381 1:0 54862
52746 38001 1:0 54999
52766 23909 0:0 52768
52766 23910 0:0 52768
52766 23913 0:0 52768
52767 23911 0:0 52768
52767 23912 0:0 52768
52769 30646 1:0 55024
52769 32117 1:0 55024
52769 36530 1:0 55024
52769 33588 1:0 55024
52769 35059 1:0 55024
52769 29175 1:0 55027
52769 27704 1:0 55059
52769 26233 1:0 55071
52769 25525 1:0 55083
52769 25519 1:0 55084
52776 25531 1:0 55083
52776 25527 1:0 55083
52777 25620 1:0 55208
52777 25528 1:0 55083
52777 25518 1:0 55083
52777 25526 1:0 55083
52786 298 1:0 147
52786 25530 1:0 55083
52786 25529 1:0 55083
52786 25524 1:0 55137
52786 25621 1:0 55209
52907 24048 21:0 52951
52950 24055 0:0 52958
52951 24054 0:0 52959
52951 24049 0:0 52959
52964 24061 21:0 52989
52987 24058 0:0 52989
52988 24056 0:0 52989
52988 24059 0:0 52989
52988 24057 0:0 52989
52988 24060 0:0 52992
53125 24196 0:0 53150
53128 24195 0:0 53154
53155 24202 21:0 53180
53180 24201 0:0 53188
53180 24203 0:0 53210
53188 24207 21:0 53210
53209 24204 0:0 53210
53209 24206 0:0 53210
53209 24205 0:0 53210
53209 24208 0:0 53210
53349 24342 21:0 53393
53392 24349 0:0 53401
53393 24343 0:0 53401
53393 24348 0:0 53401
53399 24352 21:0 53431
53429 24354 0:0 53431
53430 24350 0:0 53431
53430 24351 0:0 53431
53430 24353 0:0 53431
53430 24355 0:0 53434
53567 24490 21:0 53613
53612 24495 0:0 53620
53612 24489 0:0 53620
53612 24497 21:0 53652
53613 24496 0:0 53621
53650 24501 0:0 53652
53651 24498 0:0 53652
53651 24499 0:0 53652
53651 24500 0:0 53652
53651 24502 0:0 53655
53788 24637 0:0 53813
53791 24636 0:0 53817
53821 24642 21:0 53845
53844 24643 0:0 53855
53845 24644 0:0 53873
53851 24648 21:0 53873
53872 24647 0:0 53873
53872 24645 0:0 53873
53872 24649 0:0 53873
53872 24646 0:0 53873
54009 24784 0:0 54034
54012 24783 0:0 54038
54039 24790 21:0 54064
54063 24794 21:0 54094
54064 24789 0:0 54072
54092 24791 0:0 54094
54092 24793 0:0 54094
54092 24795 0:0 54094
54093 24792 0:0 54094
54093 24796 0:0 54094
54230 24931 21:0 54276
54275 24936 0:0 54283
54275 24930 0:0 54283
54276 24937 0:0 54284
54290 24943 21:0 54315
54313 24940 0:0 54315
54314 24939 0:0 54315
54314 24938 0:0 54315
54314 24941 0:0 54315
54314 24942 0:0 54318
54451 25078 0:0 54476
54454 25077 0:0 54480
54481 25084 21:0 54506
54505 25086 0:0 54536
54505 25088 21:0 54536
54506 25083 0:0 54514
54534 25087 0:0 54536
54535 25085 0:0 54536
54535 25089 0:0 54536
54535 25090 0:0 54536
54672 25225 0:0 54697
54675 25224 0:0 54701
54705 25230 21:0 54729
54728 25231 0:0 54739
54728 25233 0:0 54757
54728 25235 21:0 54757
54756 25232 0:0 54757
54756 25234 0:0 54757
54756 25236 0:0 54757
54756 25237 0:0 54757
54893 25372 0:0 54918
54896 25371 0:0 54922
54926 25377 21:0 54950
54949 25378 0:0 54960
54949 25380 0:0 54978
54950 25379 0:0 54978
54953 25384 21:0 54978
54976 25381 0:0 54978
54977 25383 0:0 54978
54977 25382 0:0 54978
54977 25374 0:0 54978
55114 25519 0:0 55139
55117 25518 0:0 55143
55147 25524 21:0 55171
55170 25525 0:0 55181
55174 25531 21:0 151
