78 49172 0:0 106
78 49082 0:0 153
78 49079 0:0 153
79 49074 0:0 92
79 49076 0:0 129
79 49077 0:0 129
128 49070 0:0 130
128 49071 0:0 130
128 329 0:0 131
1397 49785 21:0 1407
3374 298 21:0 3392
3751 50882 21:0 3768
3974 50979 21:0 3982
4131 51047 21:0 4148
4362 51147 21:0 4428
4610 51256 21:0 4620
4651 51147 1:0 5034
4652 51047 1:0 5435
4661 50979 1:0 5707
4661 50882 1:0 6090
4667 301 1:0 10094
6733 299 21:0 6751
6877 52252 21:0 6885
7181 52384 21:0 7189
7262 52418 21:0 7279
7870 52683 21:0 7887
7969 52727 21:0 7979
8010 52683 1:0 8139
8011 52418 1:0 9186
8020 52384 1:0 9328
8020 52252 1:0 9852
8026 302 1:0 13453
10092 300 21:0 10110
10165 53691 21:0 10182
10773 53956 21:0 10790
11077 54088 21:0 11094
11229 54154 21:0 11246
11328 54198 21:0 11338
11369 54154 1:0 11498
11370 54088 1:0 11760
11379 53956 1:0 12284
11379 53691 1:0 13331
11385 303 1:0 16812
13451 301 21:0 13469
14211 55461 21:0 14277
14507 55590 21:0 14515
14514 55592 0:0 14515
14514 55591 21:0 14565
14687 55669 21:0 14697
14728 55591 1:0 14987
14729 55592 1:0 14988
14738 55590 1:0 14998
14738 55461 1:0 15504
14744 304 1:0 20171
16810 302 21:0 16828
16959 56666 21:0 16976
17190 56767 21:0 17256
17486 56896 21:0 17494
17942 57094 21:0 17950
18046 57140 21:0 18056
18087 57094 1:0 18226
18088 56896 1:0 19012
18097 56767 1:0 19518
18097 56666 1:0 19918
18103 305 1:0 23530
20169 303 21:0 20187
20242 58104 21:0 20259
20546 58236 21:0 20563
20926 58401 21:0 20943
21306 58566 21:0 21323
21405 58611 21:0 21415
21446 58566 1:0 21574
21447 58401 1:0 22229
21456 58236 1:0 22884
21456 58104 1:0 23408
21462 306 1:0 26889
23528 304 21:0 23546
23829 59674 21:0 23846
23900 59706 21:0 23908
23981 59740 21:0 23998
24209 59839 21:0 24226
24764 60082 21:0 24774
24805 59839 1:0 25719
24806 59740 1:0 26112
24815 59706 1:0 26254
24815 59674 1:0 26374
24821 307 1:0 30248
26887 305 21:0 26905
26960 61047 21:0 26977
27191 61147 21:0 27257
27340 61212 21:0 27357
27875 61444 21:0 27941
28123 61553 21:0 28133
28164 61444 1:0 28547
28165 61212 1:0 29472
28174 61147 1:0 29726
28174 61047 1:0 30127
28180 308 1:0 33607
30246 306 21:0 30264
30623 62650 21:0 30640
30775 62716 21:0 30792
30846 62747 21:0 30854
31383 62980 21:0 31400
31482 63024 21:0 31492
31523 62980 1:0 31652
31524 62747 1:0 32579
31533 62716 1:0 32700
31533 62650 1:0 32962
31539 309 1:0 36966
33605 307 21:0 33623
33982 64121 21:0 33999
34137 64188 21:0 34203
34210 64219 21:0 34227
34281 64251 21:0 34289
34841 64495 21:0 34851
34882 64251 1:0 35807
34883 64219 1:0 35927
34892 64188 1:0 36051
34892 64121 1:0 36321
34898 310 1:0 40325
36964 308 21:0 36982
37569 65690 21:0 37586
37648 65725 21:0 37714
37792 65788 0:0 37795
37797 65790 21:0 37814
38200 65966 21:0 38210
38241 65790 1:0 38894
38242 65788 1:0 38904
38251 65725 1:0 39148
38251 65690 1:0 39286
38257 311 1:0 43684
40323 309 21:0 40341
40776 67095 21:0 40793
40923 67160 21:0 40931
41075 67226 21:0 41083
41308 67326 21:0 41325
41559 67437 21:0 41569
41600 67326 1:0 41990
41601 67226 1:0 42394
41610 67160 1:0 42656
41610 67095 1:0 42907
41616 312 1:0 47043
43682 310 21:0 43700
44282 68631 21:0 44290
44363 68666 21:0 44380
44667 68798 21:0 44684
44822 68865 21:0 44888
44918 68908 21:0 44928
44959 68865 1:0 45080
44960 68798 1:0 45350
44969 68666 1:0 45874
44969 68631 1:0 46015
44975 313 1:0 50402
47041 311 21:0 47059
47261 69937 21:0 47269
48026 70269 21:0 48043
48102 70301 21:0 48119
48178 70335 21:0 48195
48277 70379 21:0 48287
48318 70335 1:0 48447
48319 70301 1:0 48577
48328 70269 1:0 48709
48328 69937 1:0 50029
48334 314 1:0 53761
50400 312 21:0 50418
50929 71542 21:0 50946
50946 71543 0:0 50982
51456 71771 21:0 51464
51537 71805 21:0 51554
51636 71850 21:0 51646
51677 71805 1:0 51805
51678 71771 1:0 51947
51687 71543 1:0 52846
51687 71542 1:0 52854
51693 315 1:0 57120
53759 313 21:0 53777
54136 72947 21:0 54153
54440 73079 21:0 54457
54820 73244 0:0 54823
54823 73245 21:0 54889
54995 73321 21:0 55005
55036 73245 1:0 55288
55037 73244 1:0 55296
55046 73079 1:0 55951
55046 72947 1:0 56475
55052 316 1:0 60479
57118 314 21:0 57136
57191 74285 21:0 57208
57498 74419 21:0 57564
57870 74581 21:0 57878
57954 74617 21:0 58020
58354 74792 21:0 58364
58395 74617 1:0 59040
58396 74581 1:0 59189
58405 74419 1:0 59826
58405 74285 1:0 60357
58411 317 1:0 63838
60477 315 21:0 60495
60545 75755 21:0 60553
60629 75791 21:0 60695
61077 75986 21:0 61085
61234 76053 21:0 61251
61713 76263 21:0 61723
61754 76053 1:0 62537
61755 75986 1:0 62810
61764 75791 1:0 63578
61764 75755 1:0 63727
61770 318 1:0 67197
63836 316 21:0 63854
63980 77259 21:0 63988
64289 77393 21:0 64306
64306 77394 0:0 64342
64745 77590 21:0 64762
65072 77734 21:0 65082
65113 77590 1:0 65634
65114 77394 1:0 66413
65123 77393 1:0 66421
65123 77259 1:0 66955
65129 319 1:0 70556
67195 317 21:0 67213
67719 78895 21:0 67727
67795 78928 21:0 67803
68028 79028 21:0 68045
68335 79162 21:0 68401
68431 79205 21:0 68441
68472 79162 1:0 68593
68473 79028 1:0 69124
68482 78928 1:0 69528
68482 78895 1:0 69659
68488 320 1:0 73915
70554 318 21:0 70572
70855 80269 21:0 70872
71162 80402 21:0 71228
71691 80631 21:0 71708
71708 80633 0:0 71744
71790 80676 21:0 71800
71831 80633 1:0 71952
71832 80631 1:0 71959
71841 80402 1:0 72869
71841 80269 1:0 73401
71847 321 1:0 77274
73913 319 21:0 73931
73986 81640 21:0 74003
74214 81740 21:0 74231
74589 81903 21:0 74597
74817 82002 21:0 74825
75149 82147 21:0 75159
75190 82002 1:0 75722
75191 81903 1:0 76115
75200 81740 1:0 76760
75200 81640 1:0 77152
75206 322 1:0 80633
77272 320 21:0 77290
77652 83245 21:0 77718
77872 83341 21:0 77880
77953 83375 21:0 77970
78404 83572 21:0 78412
78508 83618 21:0 78518
78549 83572 1:0 78688
78550 83375 1:0 79463
78559 83341 1:0 79605
78559 83245 1:0 79980
78565 323 1:0 83992
80631 321 21:0 80649
80704 84583 21:0 80721
80706 84582 0:0 80707
81008 84714 21:0 81025
81771 85046 21:0 81837
81867 85089 21:0 81877
81908 85046 1:0 82029
81909 84714 1:0 83346
81918 84582 1:0 83870
81918 84583 1:0 83871
83990 322 21:0 84008
84210 86118 0:0 84213
84215 86119 21:0 84232
84514 86250 21:0 84522
85127 86515 21:0 85144
85267 86515 1:0 85395
85268 86250 1:0 86454
85268 324 1:0 87351
85277 86119 1:0 86967
85277 86118 1:0 86978
87349 323 21:0 87367
87417 87523 21:0 87425
87802 87689 21:0 87819
88253 87886 21:0 88261
88329 87919 21:0 88337
88626 87919 1:0 89027
88627 87886 1:0 89158
88636 87689 1:0 89933
88636 87523 1:0 90599
88642 325 1:0 90710
90708 324 21:0 90726
90933 89061 21:0 90950
91384 89258 0:0 91387
91389 89260 21:0 91406
91465 89292 21:0 91482
91541 89325 21:0 91558
91985 89325 1:0 92637
91986 89292 1:0 92768
91986 89260 1:0 92900
91995 89258 1:0 92910
91995 89061 1:0 93685
92001 326 1:0 94069
92001 327 1:0 97428
92003 328 1:0 100787
94067 325 21:0 94085
94295 90534 21:0 94361
94368 90565 21:0 94385
94672 90697 21:0 94689
94827 90765 21:0 94893
94976 90829 21:0 94993
95344 90829 1:0 95865
95345 90765 1:0 96120
95354 90697 1:0 96389
95354 90565 1:0 96913
95360 90534 1:0 97037
97426 326 21:0 97444
97575 91970 21:0 97592
97874 92101 21:0 97882
97881 92102 21:0 97932
98183 92234 21:0 98200
98335 92300 21:0 98352
98703 92300 1:0 99224
98704 92234 1:0 99486
98713 92102 1:0 100010
98713 92101 1:0 100021
98719 91970 1:0 100534
98721 329 1:0 104146
100785 327 21:0 100803
100861 93410 21:0 100927
101385 93638 0:0 101388
101390 93639 21:0 101407
101846 93838 21:0 101863
101922 93871 21:0 101939
102062 93871 1:0 102191
102063 93838 1:0 102322
102072 93639 1:0 103107
102072 93638 1:0 103118
102078 93410 1:0 104017
102080 46866 1:0 105527
104144 328 21:0 104162
104448 94980 21:0 104514
104676 95079 21:0 104742
104825 95144 21:0 104842
105048 95241 21:0 105056
105205 95309 21:0 105222
105431 299 1:0 3376
105431 300 1:0 6735
105431 46873 1:0 105526
105432 46875 1:0 105526
105432 46876 1:0 105527
105432 46870 1:0 105527
105432 46865 1:0 105528
105432 46869 1:0 105528
105441 46874 1:0 105527
105441 46878 1:0 105527
105441 46872 1:0 105527
105441 46868 1:0 105527
105441 46871 1:0 105528
105441 46867 1:0 105528
105441 46877 1:0 105612
105441 47013 1:0 105748
105449 95309 1:0 105744
105452 47021 1:0 105744
105468 47023 1:0 105744
105480 47024 1:0 105744
105521 47020 1:0 105744
105534 47025 1:0 105744
105549 47012 1:0 105748
105549 47018 1:0 105803
105550 47014 1:0 105783
105550 47022 1:0 105823
105550 47164 1:0 105970
105551 47019 1:0 105804
105600 47169 1:0 105970
105610 47170 1:0 105970
105620 47172 1:0 105970
105622 46877 21:0 105644
105643 46867 0:0 105644
105643 46878 0:0 105644
105643 46870 0:0 105644
105643 46868 0:0 105644
105643 46869 0:0 105644
105643 46872 0:0 105644
105643 46866 0:0 105644
105643 46871 0:0 105644
105643 46865 0:0 105644
105643 46873 0:0 105644
105643 46876 0:0 105644
105643 46874 0:0 105644
105643 46875 0:0 105644
105645 47167 1:0 105970
105645 47171 1:0 105970
105645 47168 1:0 105970
105645 47159 1:0 105970
105645 47166 1:0 105970
105645 47160 1:0 105971
105645 47165 1:0 106024
105645 47307 1:0 106190
105652 47315 1:0 106186
105652 47314 1:0 106255
105653 47306 1:0 106190
105653 47309 1:0 106226
105653 47311 1:0 106236
105653 47316 1:0 106265
105653 47317 1:0 106266
105662 47312 1:0 106245
105662 47313 1:0 106246
105662 47318 1:0 106275
105662 47319 1:0 106276
105668 95241 1:0 106323
105670 47461 1:0 106410
105673 47463 1:0 106410
105688 47464 1:0 106411
105689 47458 1:0 106411
105689 47460 1:0 106411
105689 47457 1:0 106412
105701 47466 1:0 106411
105742 47462 1:0 106411
105755 47465 1:0 106496
105770 47456 1:0 106411
105770 47459 1:0 106412
105770 47602 1:0 106667
105771 47454 1:0 106411
105771 47453 1:0 106412
105772 47609 1:0 106628
105781 47601 1:0 106632
105804 47013 0:0 105817
105810 47019 0:0 105820
105821 47608 1:0 106628
105821 47600 1:0 106632
105823 47018 0:0 105831
105831 47610 1:0 106707
105832 47606 1:0 106687
105833 47022 21:0 105865
105840 47014 0:0 105842
105841 47611 1:0 106708
105843 47603 1:0 106668
105863 47024 0:0 105865
105864 47012 0:0 105865
105864 47023 0:0 105865
105864 47021 0:0 105865
105864 47020 0:0 105865
105864 47025 0:0 105865
105866 47605 1:0 106678
105866 47607 1:0 106688
105866 47612 1:0 106717
105866 47613 1:0 106718
105866 47748 1:0 106853
105866 47750 1:0 106889
105873 95144 1:0 106849
105874 47756 1:0 106849
105874 47755 1:0 106849
105874 47758 1:0 106929
105883 47747 1:0 106853
105883 47752 1:0 106899
105883 47753 1:0 106908
105883 47754 1:0 106909
105883 47757 1:0 106928
105883 47759 1:0 106938
105883 47760 1:0 106939
105883 47896 1:0 107109
105889 47902 1:0 107070
105891 47903 1:0 107070
105894 47904 1:0 107149
105909 47895 1:0 107074
105909 47894 1:0 107074
105910 47900 1:0 107129
105910 47901 1:0 107130
105922 47905 1:0 107150
105963 47906 1:0 107159
105971 48044 1:0 107295
105971 48043 1:0 107296
105991 47907 1:0 107160
106001 47160 0:0 106026
106002 95079 1:0 107294
106034 47165 21:0 106058
106042 48051 1:0 107294
106052 48049 1:0 107294
106054 48041 1:0 107296
106057 47169 21:0 106086
106057 47168 0:0 106086
106058 47167 0:0 106086
106062 48050 1:0 107295
106085 47171 0:0 106086
106085 47166 0:0 106086
106085 47159 0:0 106086
106085 47170 0:0 106086
106085 47172 0:0 106086
106085 47164 0:0 106086
106087 48046 1:0 107295
106087 48053 1:0 107295
106087 48052 1:0 107295
106087 48042 1:0 107295
106087 48047 1:0 107296
106087 48054 1:0 107381
106094 48048 1:0 107295
106094 48045 1:0 107296
106094 48196 1:0 107515
106094 48340 1:0 107783
106095 48198 1:0 107515
106095 48197 1:0 107516
106095 48199 1:0 107516
106104 48200 1:0 107516
106104 48195 1:0 107516
106104 48189 1:0 107516
106104 48194 1:0 107517
106104 48188 1:0 107517
106104 48201 1:0 107602
106104 48335 1:0 107737
106110 48343 1:0 107733
106110 48344 1:0 107803
106112 48336 1:0 107737
106112 48341 1:0 107792
106115 48345 1:0 107812
106130 48484 1:0 107993
106130 48632 1:0 108179
106131 48346 1:0 107813
106143 48342 1:0 107793
106184 48347 1:0 107822
106192 48348 1:0 107823
106197 48483 1:0 107958
106213 94980 1:0 107954
106214 48482 1:0 107958
106263 48490 1:0 107954
106265 47314 21:0 106307
106273 48491 1:0 107954
106283 48493 1:0 108034
106305 47318 0:0 106307
106306 47306 0:0 106307
106306 47311 0:0 106307
106306 47312 0:0 106307
106306 47316 0:0 106307
106306 47307 0:0 106307
106306 47313 0:0 106307
106306 47319 0:0 106307
106306 47315 0:0 106307
106306 47317 0:0 106307
106306 47309 0:0 106307
106308 48488 1:0 108013
106308 48489 1:0 108014
106308 48492 1:0 108033
106308 48494 1:0 108043
106308 48495 1:0 108044
106308 48631 1:0 108180
106308 48633 1:0 108180
106315 48639 1:0 108178
106315 48637 1:0 108178
106316 48642 1:0 108179
106316 48640 1:0 108179
106316 48638 1:0 108179
106325 48630 1:0 108179
106325 48636 1:0 108179
106325 48635 1:0 108180
106325 48629 1:0 108180
106325 48641 1:0 108264
106325 48784 1:0 108396
106325 48777 1:0 108400
106331 48785 1:0 108396
106331 48786 1:0 108475
106333 48776 1:0 108400
106333 48782 1:0 108455
106336 48787 1:0 108476
106351 48779 1:0 108436
106351 48780 1:0 108445
106351 48783 1:0 108456
106364 48788 1:0 108485
106405 48789 1:0 108486
106413 48931 1:0 108620
106433 48933 1:0 108620
106434 48924 1:0 108621
106434 48932 1:0 108621
106435 48929 1:0 108622
106484 48935 1:0 108621
106494 48934 1:0 108621
106502 47458 0:0 106505
106504 85089 1:0 108747
106504 48926 1:0 108621
106504 48928 1:0 108621
106504 48930 1:0 108621
106504 48923 1:0 108622
106506 47465 21:0 106528
106527 47460 0:0 106528
106527 47459 0:0 106528
106527 47464 0:0 106528
106527 47453 0:0 106528
106527 47454 0:0 106528
106527 47457 0:0 106528
106527 47462 0:0 106528
106527 47456 0:0 106528
106527 47461 0:0 106528
106527 47466 0:0 106528
106527 47463 0:0 106528
106529 82147 1:0 108747
106529 80676 1:0 108747
106529 83618 1:0 108747
106529 74792 1:0 108750
106529 77734 1:0 108750
106529 79205 1:0 108750
106529 76263 1:0 108750
106529 68908 1:0 108756
106529 67437 1:0 108756
106529 70379 1:0 108756
106529 48936 1:0 108707
106536 73321 1:0 108756
106536 71850 1:0 108756
106536 61553 1:0 108759
106536 63024 1:0 108759
106536 65966 1:0 108759
106536 64495 1:0 108759
106536 60082 1:0 108784
106537 54198 1:0 108784
106537 55669 1:0 108784
106537 57140 1:0 108784
106537 58611 1:0 108784
106537 52727 1:0 108787
106537 51256 1:0 108796
106537 49070 1:0 108842
106537 49074 1:0 108887
106546 298 1:0 108838
106546 49079 1:0 108838
106546 49071 1:0 108842
106546 49076 1:0 108897
106546 49078 1:0 108907
106546 49080 1:0 108917
106552 49077 1:0 108898
106552 49081 1:0 108918
106556 49082 1:0 108927
106557 49785 1:0 108955
106572 49083 1:0 108928
106573 49172 1:0 108968
106573 49173 1:0 108969
106717 47610 21:0 106749
106747 47608 0:0 106749
106747 47612 0:0 106749
106748 47606 0:0 106749
106748 47607 0:0 106749
106748 47613 0:0 106749
106748 47602 0:0 106749
106748 47609 0:0 106749
106748 47611 0:0 106749
106748 47605 0:0 106749
106748 47601 0:0 106749
106748 47603 0:0 106749
106748 47600 0:0 106749
106935 47758 21:0 106970
106968 47757 0:0 106970
106969 47760 0:0 106970
106969 47755 0:0 106970
106969 47756 0:0 106970
106969 47759 0:0 106970
106969 47754 0:0 106970
106969 47748 0:0 106970
106969 47753 0:0 106970
106969 47747 0:0 106970
106969 47750 0:0 106970
106969 47752 0:0 106970
107159 47904 21:0 107191
107189 47906 0:0 107191
107190 47905 0:0 107191
107190 47901 0:0 107191
107190 47907 0:0 107191
107190 47902 0:0 107191
107190 47894 0:0 107191
107190 47896 0:0 107191
107190 47903 0:0 107191
107190 47895 0:0 107191
107190 47900 0:0 107191
107387 48054 21:0 107412
107410 48049 0:0 107412
107410 48051 0:0 107412
107410 48052 0:0 107412
107410 48050 0:0 107412
107410 48053 0:0 107412
107411 48046 0:0 107412
107411 48047 0:0 107412
107411 48041 0:0 107412
107411 48048 0:0 107412
107411 48044 0:0 107412
107411 48043 0:0 107412
107411 48045 0:0 107412
107411 48042 0:0 107412
107608 48201 21:0 107633
107631 48200 0:0 107633
107631 48199 0:0 107633
107631 48196 0:0 107633
107631 48198 0:0 107633
107631 48197 0:0 107633
107632 48188 0:0 107633
107632 48189 0:0 107633
107632 48194 0:0 107633
107632 48195 0:0 107633
107809 48344 21:0 107854
107852 48343 0:0 107854
107852 48345 0:0 107854
107853 48342 0:0 107854
107853 48335 0:0 107854
107853 48346 0:0 107854
107853 48348 0:0 107854
107853 48340 0:0 107854
107853 48347 0:0 107854
107853 48336 0:0 107854
107853 48341 0:0 107854
108040 48493 21:0 108075
108073 48494 0:0 108075
108074 48495 0:0 108075
108074 48482 0:0 108075
108074 48490 0:0 108075
108074 48491 0:0 108075
108074 48492 0:0 108075
108074 48488 0:0 108075
108074 48483 0:0 108075
108074 48489 0:0 108075
108074 48484 0:0 108075
108274 48641 21:0 108296
108295 48635 0:0 108296
108295 48640 0:0 108296
108295 48637 0:0 108296
108295 48639 0:0 108296
108295 48638 0:0 108296
108295 48630 0:0 108296
108295 48632 0:0 108296
108295 48642 0:0 108296
108295 48629 0:0 108296
108295 48636 0:0 108296
108295 48633 0:0 108296
108295 48631 0:0 108296
108485 48786 21:0 108517
108516 48789 0:0 108517
108516 48785 0:0 108517
108516 48783 0:0 108517
108516 48782 0:0 108517
108516 48779 0:0 108517
108516 48777 0:0 108517
108516 48784 0:0 108517
108516 48787 0:0 108517
108516 48788 0:0 108517
108516 48776 0:0 108517
108516 48780 0:0 108517
108713 48936 21:0 108738
108736 48933 0:0 108738
108736 48932 0:0 108738
108736 48934 0:0 108738
108736 48931 0:0 108738
108736 48935 0:0 108738
108737 48930 0:0 108738
108737 48926 0:0 108738
108737 48923 0:0 108738
108737 48929 0:0 108738
108737 48924 0:0 108738
108737 48928 0:0 108738
108917 49078 21:0 108957
108956 49080 0:0 108957
108956 49083 0:0 108957
108956 49081 0:0 108957
108975 49173 21:0 79
