159 25067 21:0 201
200 25063 21:0 212
211 25064 21:0 217
216 25068 21:0 217
216 25065 21:0 222
221 25263 21:0 288
221 25056 21:0 222
221 25062 21:0 222
221 25061 21:0 222
290 25295 21:0 298
298 25298 21:0 364
363 25264 21:0 369
371 25329 21:0 388
387 25265 21:0 440
439 25296 21:0 445
447 25362 21:0 464
463 25361 21:0 516
523 25395 21:0 540
539 25397 21:0 592
594 25427 21:0 602
602 25430 21:0 668
667 25396 21:0 673
675 25462 21:0 692
751 25495 21:0 768
767 25494 21:0 820
819 25493 21:0 825
830 25529 21:0 896
895 25528 21:0 901
906 25562 21:0 972
971 25561 21:0 977
979 25594 21:0 996
1058 25628 21:0 1124
1131 25660 21:0 1148
1210 25694 21:0 1276
1436 25793 21:0 1453
1452 25791 21:0 1505
1507 25824 21:0 1515
1515 25827 21:0 1581
1583 25857 21:0 1591
1590 25859 21:0 1641
1640 25826 21:0 1657
1656 25858 21:0 1667
1666 25794 21:0 1685
1684 25825 21:0 1733
1732 25792 21:0 1738
1737 25860 21:0 1757
1756 25925 21:0 1809
1811 25956 21:0 1819
1818 25957 21:0 1869
1868 25958 21:0 1885
1884 25959 21:0 1895
1894 25989 21:0 1913
1912 25924 21:0 1961
1963 26022 21:0 1971
1970 26023 21:0 2021
2020 26024 21:0 2037
2036 26025 21:0 2047
2046 26055 21:0 2065
2064 26057 21:0 2113
2112 26056 21:0 2118
2117 26058 21:0 2137
2136 26088 21:0 2189
2188 25892 21:0 2194
2193 25890 21:0 2199
2198 25991 21:0 2265
2264 25926 21:0 2270
2269 25923 21:0 2275
2274 25891 21:0 2339
2338 25992 21:0 2346
2345 26090 21:0 2351
2350 25893 21:0 2406
2405 25990 21:0 2422
2421 26089 21:0 2427
2426 26091 21:0 2477
2476 26122 21:0 2493
2492 26187 21:0 2503
2502 26124 21:0 2525
2524 26123 21:0 2569
2568 26156 21:0 2574
2573 26157 21:0 2585
2582 25694 1:0 2827
2584 26121 21:0 2588
2587 26220 21:0 2595
2592 25660 1:0 2956
2593 25628 1:0 3071
2594 26253 21:0 2603
2596 25594 1:0 3200
2601 25562 1:0 3315
2601 25561 1:0 3322
2602 26188 21:0 2606
2604 25529 1:0 3437
2607 25528 1:0 3444
2618 312 21:0 2632
2625 25494 1:0 3559
2631 26154 21:0 2707
2677 25495 1:0 3566
2703 25493 1:0 3575
2706 26190 21:0 2710
2709 26189 21:0 2717
2714 25462 1:0 3688
2715 25430 1:0 3803
2716 26256 21:0 2720
2718 25427 1:0 3819
2719 26155 21:0 2728
2721 25396 1:0 3850
2723 25397 1:0 3925
2723 25395 1:0 3931
2727 26222 21:0 2754
2729 25362 1:0 4053
2733 25361 1:0 4063
2753 26221 21:0 2829
2755 25329 1:0 4175
2799 25298 1:0 4291
2836 25296 1:0 4297
2837 25295 1:0 4307
2845 25265 1:0 4338
2845 25264 1:0 4413
2855 25263 1:0 4419
2869 313 1:0 5751
2958 26256 1:0 5884
2959 26253 1:0 5902
2967 26221 1:0 6015
4606 27234 21:0 4623
4622 27235 21:0 4675
4677 27266 21:0 4685
4684 27268 21:0 4735
4734 27269 21:0 4751
4753 27299 21:0 4761
4760 27301 21:0 4811
4810 27300 21:0 4827
4826 27302 21:0 4837
4836 27332 21:0 4855
4854 27335 21:0 4903
4905 27365 21:0 4913
4912 27366 21:0 4963
4962 27367 21:0 4979
4978 27368 21:0 4989
4988 27398 21:0 5007
5006 27399 21:0 5055
5054 27400 21:0 5060
5059 27401 21:0 5079
5078 27431 21:0 5131
5130 27432 21:0 5136
5135 27434 21:0 5141
5140 27433 21:0 5207
5206 27464 21:0 5212
5211 27465 21:0 5217
5216 27467 21:0 5278
5277 27466 21:0 5288
5287 27233 21:0 5293
5292 27267 21:0 5348
5347 27236 21:0 5364
5363 27499 21:0 5369
5368 27532 21:0 5419
5418 27563 21:0 5435
5434 27334 21:0 5445
5444 27531 21:0 5467
5466 27500 21:0 5511
5510 27530 21:0 5516
5515 27333 21:0 5535
5534 27497 21:0 5587
5586 27533 21:0 5592
5591 27566 21:0 5606
5605 27598 21:0 5663
5662 27564 21:0 5668
5667 27662 21:0 5673
5672 27597 21:0 5739
5738 27498 21:0 5744
5743 27629 21:0 5749
5748 27632 21:0 5755
5750 26222 1:0 6023
5754 27599 21:0 5766
5763 26220 1:0 6033
5764 26189 1:0 6066
5765 27630 21:0 5769
5767 26190 1:0 6146
5768 27696 21:0 5775
5770 26188 1:0 6153
5773 26187 1:0 6164
5773 26155 1:0 6197
5776 26157 1:0 6277
5781 26156 1:0 6285
5792 313 21:0 5806
5800 26154 1:0 6295
5805 27698 21:0 5886
5853 26123 1:0 6328
5881 26124 1:0 6408
5885 27664 21:0 5889
5888 27596 21:0 5897
5894 26122 1:0 6415
5895 26121 1:0 6426
5895 26091 1:0 6459
5896 27631 21:0 5900
5898 26089 1:0 6539
5899 27663 21:0 5909
5901 26090 1:0 6547
5904 26088 1:0 6557
5904 26058 1:0 6590
5910 26056 1:0 6670
5912 26057 1:0 6678
5931 26055 1:0 6688
6025 26025 1:0 6721
6026 26024 1:0 6801
6035 26023 1:0 6808
6035 26022 1:0 6819
6041 25990 1:0 6852
6045 25992 1:0 6932
6062 25991 1:0 6940
6156 25989 1:0 6950
6157 25959 1:0 6983
6166 25958 1:0 7063
6166 25957 1:0 7070
6172 25956 1:0 7081
6176 25926 1:0 7114
6205 25924 1:0 7194
6287 25925 1:0 7202
6288 25923 1:0 7212
6297 25893 1:0 7245
6297 25891 1:0 7325
6303 25892 1:0 7333
6308 25890 1:0 7343
6336 25860 1:0 7376
6418 25858 1:0 7456
6419 25859 1:0 7464
6428 25857 1:0 7474
6428 25825 1:0 7507
6434 25827 1:0 7587
6439 25826 1:0 7595
6467 25824 1:0 7605
6549 25792 1:0 7638
6550 25794 1:0 7718
6550 314 1:0 9066
6559 25793 1:0 7726
6559 25791 1:0 7736
7921 28677 21:0 7938
7937 28676 21:0 7990
7989 28678 21:0 7995
7994 28708 21:0 8014
8013 28710 21:0 8066
8065 28709 21:0 8071
8070 28711 21:0 8076
8076 28744 21:0 8142
8144 28774 21:0 8152
8152 28777 21:0 8218
8220 28807 21:0 8228
8227 28808 21:0 8278
8277 28809 21:0 8294
8293 28810 21:0 8304
8303 28840 21:0 8322
8321 28841 21:0 8370
8369 28842 21:0 8375
8374 28843 21:0 8394
8393 28873 21:0 8446
8445 28875 21:0 8451
8450 28876 21:0 8456
8456 28909 21:0 8522
8524 28939 21:0 8532
8531 28906 21:0 8582
8581 28874 21:0 8598
8597 28675 21:0 8608
8607 28775 21:0 8626
8625 28742 21:0 8674
8673 28940 21:0 8679
8678 28907 21:0 8698
8697 28942 21:0 8750
8749 28776 21:0 8755
8754 28743 21:0 8760
8759 28941 21:0 8826
8825 28908 21:0 8831
8830 28741 21:0 8836
8835 28972 21:0 8898
8897 29007 21:0 8907
8906 29039 21:0 8912
8911 29041 21:0 8967
8966 29005 21:0 8983
8982 28973 21:0 8988
8987 28975 21:0 9038
9037 29006 21:0 9054
9053 29008 21:0 9064
9063 29038 21:0 9070
9065 27698 1:0 9199
9069 29040 21:0 9073
9071 27696 1:0 9206
9072 29140 21:0 9084
9078 27663 1:0 9330
9079 27664 1:0 9338
9083 29104 21:0 9090
9085 27662 1:0 9348
9088 27631 1:0 9381
9088 27632 1:0 9461
9089 29138 21:0 9093
9091 27630 1:0 9468
9094 27629 1:0 9479
9096 27599 1:0 9512
9107 314 21:0 9121
9115 27597 1:0 9592
9120 29074 21:0 9201
9168 27598 1:0 9600
9196 27596 1:0 9610
9200 29139 21:0 9204
9203 29137 21:0 9212
9209 27566 1:0 9723
9210 27564 1:0 9730
9210 27563 1:0 9741
9211 29073 21:0 9215
9213 27533 1:0 9774
9214 29071 21:0 9224
9216 27531 1:0 9854
9219 27532 1:0 9862
9219 27530 1:0 9872
9223 29107 21:0 9252
9225 27498 1:0 9905
9227 27500 1:0 9985
9246 27499 1:0 9993
9251 29106 21:0 9332
9253 27497 1:0 10003
9299 27466 1:0 10036
9340 27467 1:0 10116
9341 27465 1:0 10123
9350 27464 1:0 10134
9350 27433 1:0 10167
9356 27434 1:0 10247
9360 27432 1:0 10254
9377 27431 1:0 10265
9471 27401 1:0 10298
9472 27400 1:0 10378
9481 27399 1:0 10385
9481 27398 1:0 10396
9487 27368 1:0 10429
9491 27367 1:0 10509
9520 27366 1:0 10516
9602 27365 1:0 10527
9603 27333 1:0 10560
9612 27335 1:0 10640
9612 27334 1:0 10648
9618 27332 1:0 10658
9623 27302 1:0 10691
9651 27300 1:0 10771
9733 27301 1:0 10779
9734 27299 1:0 10789
9743 27267 1:0 10822
9743 27269 1:0 10902
9749 27268 1:0 10910
9754 27266 1:0 10920
9782 27236 1:0 10953
9864 27235 1:0 11033
9865 27234 1:0 11040
9865 315 1:0 12381
9874 27233 1:0 11051
9874 29139 1:0 12434
9882 29140 1:0 12514
9901 29138 1:0 12521
11231 30117 21:0 11239
11239 30120 21:0 11305
11307 30150 21:0 11315
11314 30151 21:0 11365
11364 30152 21:0 11381
11380 30153 21:0 11391
11390 30183 21:0 11409
11408 30186 21:0 11457
11459 30216 21:0 11467
11466 30217 21:0 11517
11516 30218 21:0 11533
11532 30219 21:0 11543
11542 30249 21:0 11561
11560 30119 21:0 11609
11611 30282 21:0 11619
11618 30283 21:0 11669
11668 30284 21:0 11685
11684 30285 21:0 11695
11694 30315 21:0 11713
11712 30316 21:0 11761
11760 30317 21:0 11766
11765 30318 21:0 11785
11784 30351 21:0 11837
11836 30251 21:0 11842
11841 30250 21:0 11847
11846 30184 21:0 11913
11912 30252 21:0 11918
11917 30118 21:0 11923
11922 30185 21:0 11985
11984 30384 21:0 11994
11993 30415 21:0 11999
11998 30383 21:0 12054
12053 30382 21:0 12070
12069 30350 21:0 12075
12074 30349 21:0 12125
12124 30417 21:0 12141
12140 30381 21:0 12151
12150 30348 21:0 12173
12172 30416 21:0 12217
12216 30514 21:0 12222
12221 30482 21:0 12241
12240 30481 21:0 12293
12292 30546 21:0 12298
12297 30480 21:0 12317
12316 30447 21:0 12369
12368 30449 21:0 12374
12373 30513 21:0 12379
12378 30414 21:0 12388
12380 29137 1:0 12532
12387 30448 21:0 12396
12393 29107 1:0 12645
12394 29106 1:0 12653
12395 30516 21:0 12399
12397 29104 1:0 12663
12398 30579 21:0 12408
12400 29074 1:0 12776
12403 29073 1:0 12784
12403 29071 1:0 12794
12409 29040 1:0 12827
12411 29041 1:0 12907
12422 315 21:0 12436
12430 29039 1:0 12914
12435 30549 21:0 12516
12483 29038 1:0 12925
12511 29008 1:0 12958
12515 30547 21:0 12519
12518 30580 21:0 12527
12524 29006 1:0 13038
12525 29007 1:0 13046
12525 29005 1:0 13056
12528 28975 1:0 13169
12534 28973 1:0 13176
12534 28972 1:0 13187
12542 28941 1:0 13220
12561 28942 1:0 13300
12655 28940 1:0 13307
12656 28939 1:0 13318
12665 28908 1:0 13351
12665 28909 1:0 13431
12671 28907 1:0 13438
12675 28906 1:0 13449
12692 28874 1:0 13482
12786 28876 1:0 13562
12787 28875 1:0 13570
12796 28873 1:0 13580
12796 28843 1:0 13613
12802 28842 1:0 13693
12806 28841 1:0 13700
12835 28840 1:0 13711
12917 28810 1:0 13744
12918 28809 1:0 13824
12927 28808 1:0 13831
12927 28807 1:0 13842
12933 28776 1:0 13875
12938 28777 1:0 13955
12966 28775 1:0 13962
13048 28774 1:0 13973
13049 28743 1:0 14006
13058 28744 1:0 14086
13058 28742 1:0 14093
13064 28741 1:0 14104
13069 28711 1:0 14137
13097 28709 1:0 14217
13179 28710 1:0 14225
13180 28708 1:0 14235
13189 28678 1:0 14268
13189 28676 1:0 14348
13195 28677 1:0 14356
13215 28675 1:0 14366
13216 316 1:0 15696
14546 31559 21:0 14554
14554 31562 21:0 14620
14622 31592 21:0 14630
14629 31594 21:0 14680
14679 31593 21:0 14696
14695 31595 21:0 14706
14705 31625 21:0 14724
14723 31628 21:0 14772
14774 31658 21:0 14782
14781 31659 21:0 14832
14831 31660 21:0 14848
14847 31661 21:0 14858
14857 31691 21:0 14876
14875 31693 21:0 14924
14923 31692 21:0 14929
14928 31694 21:0 14948
14947 31724 21:0 15000
14999 31727 21:0 15005
15004 31757 21:0 15010
15009 31759 21:0 15076
15075 31758 21:0 15081
15080 31760 21:0 15086
15085 31790 21:0 15152
15151 31627 21:0 15157
15156 31626 21:0 15162
15161 31791 21:0 15217
15216 31560 21:0 15233
15232 31725 21:0 15238
15237 31793 21:0 15288
15287 31726 21:0 15304
15303 31561 21:0 15314
15313 31792 21:0 15336
15335 31826 21:0 15380
15379 31858 21:0 15385
15384 31859 21:0 15404
15403 31823 21:0 15456
15455 31892 21:0 15461
15460 31889 21:0 15480
15479 31891 21:0 15532
15531 31856 21:0 15537
15536 31890 21:0 15542
15541 31857 21:0 15608
15607 31925 21:0 15613
15612 31922 21:0 15618
15617 31825 21:0 15673
15672 31824 21:0 15689
15688 31923 21:0 15694
15693 31924 21:0 15700
15695 30580 1:0 15836
15699 31955 21:0 15711
15708 30579 1:0 15847
15709 30549 1:0 15960
15710 31957 21:0 15714
15712 30547 1:0 15967
15713 31958 21:0 15720
15715 30546 1:0 15978
15718 30516 1:0 16091
15718 30514 1:0 16098
15719 32022 21:0 15723
15721 30513 1:0 16109
15724 30481 1:0 16222
15726 30482 1:0 16230
15737 316 21:0 15751
15745 30480 1:0 16240
15750 31991 21:0 15831
15798 30448 1:0 16353
15826 30449 1:0 16361
15830 31988 21:0 15834
15839 30447 1:0 16371
15840 30416 1:0 16404
15840 30417 1:0 16484
15849 30415 1:0 16491
15849 30414 1:0 16502
15857 30382 1:0 16535
15876 30384 1:0 16615
15970 30383 1:0 16623
15971 30381 1:0 16633
15980 30349 1:0 16666
15980 30351 1:0 16746
15986 30350 1:0 16754
15990 30348 1:0 16764
16007 30318 1:0 16797
16101 30317 1:0 16877
16102 30316 1:0 16884
16111 30315 1:0 16895
16111 30285 1:0 16928
16117 30284 1:0 17008
16121 30283 1:0 17015
16150 30282 1:0 17026
16232 30252 1:0 17059
16233 30250 1:0 17139
16242 30251 1:0 17147
16242 30249 1:0 17157
16248 30219 1:0 17190
16253 30218 1:0 17270
16281 30217 1:0 17277
16363 30216 1:0 17288
16364 30185 1:0 17321
16373 30186 1:0 17401
16373 30184 1:0 17408
16379 30183 1:0 17419
16384 30153 1:0 17452
16412 30152 1:0 17532
16494 30151 1:0 17539
16495 30150 1:0 17550
16504 30118 1:0 17583
16504 30120 1:0 17663
16510 30119 1:0 17671
16530 30117 1:0 17681
16531 317 1:0 19011
17861 33001 21:0 17869
17869 33004 21:0 17935
17937 33034 21:0 17945
17944 33035 21:0 17995
17994 33036 21:0 18011
18010 33037 21:0 18021
18020 33067 21:0 18039
18038 33002 21:0 18087
18089 33100 21:0 18097
18096 33101 21:0 18147
18146 33102 21:0 18163
18162 33103 21:0 18173
18172 33133 21:0 18191
18190 33135 21:0 18239
18238 33134 21:0 18244
18243 33136 21:0 18263
18262 33166 21:0 18315
18314 33167 21:0 18320
18319 33169 21:0 18325
18324 33168 21:0 18391
18390 33199 21:0 18396
18395 33200 21:0 18401
18400 33201 21:0 18467
18466 33235 21:0 18472
18471 33070 21:0 18477
18476 33069 21:0 18532
18531 33268 21:0 18548
18547 33266 21:0 18553
18552 33202 21:0 18603
18602 33265 21:0 18619
18618 33068 21:0 18629
18628 33267 21:0 18651
18650 33301 21:0 18695
18694 33233 21:0 18702
18701 33332 21:0 18719
18718 33333 21:0 18771
18770 33331 21:0 18776
18775 33300 21:0 18795
18794 33298 21:0 18847
18846 33003 21:0 18852
18851 33364 21:0 18857
18856 33432 21:0 18923
18922 33433 21:0 18928
18927 33232 21:0 18933
18932 33365 21:0 18988
18987 33430 21:0 19004
19003 33366 21:0 19009
19008 33431 21:0 19015
19010 32022 1:0 19151
19014 33367 21:0 19026
19023 31991 1:0 19275
19024 31988 1:0 19293
19025 33299 21:0 19029
19027 31958 1:0 19406
19028 33234 21:0 19035
19030 31957 1:0 19414
19033 31955 1:0 19424
19033 31924 1:0 19457
19034 33465 21:0 19038
19036 31925 1:0 19537
19039 31923 1:0 19544
19041 31922 1:0 19555
19052 317 21:0 19066
19060 31890 1:0 19588
19065 33398 21:0 19146
19113 31892 1:0 19668
19141 31891 1:0 19676
19145 33497 21:0 19149
19154 31889 1:0 19686
19155 31857 1:0 19719
19155 31859 1:0 19799
19164 31858 1:0 19807
19164 31856 1:0 19817
19172 31824 1:0 19850
19191 31826 1:0 19930
19285 31825 1:0 19938
19286 31823 1:0 19948
19295 31792 1:0 19981
19295 31793 1:0 20061
19301 31791 1:0 20068
19305 31790 1:0 20079
19322 31760 1:0 20112
19416 31758 1:0 20192
19417 31759 1:0 20200
19426 31757 1:0 20210
19426 31726 1:0 20243
19432 31727 1:0 20323
19436 31725 1:0 20330
19465 31724 1:0 20341
19547 31694 1:0 20374
19548 31692 1:0 20454
19557 31693 1:0 20462
19557 31691 1:0 20472
19563 31661 1:0 20505
19568 31660 1:0 20585
19596 31659 1:0 20592
19678 31658 1:0 20603
19679 31626 1:0 20636
19688 31628 1:0 20716
19688 31627 1:0 20724
19694 31625 1:0 20734
19699 31595 1:0 20767
19727 31593 1:0 20847
19809 31594 1:0 20855
19810 31592 1:0 20865
19819 31561 1:0 20898
19819 31562 1:0 20978
19825 31560 1:0 20985
19845 31559 1:0 20996
19846 318 1:0 22326
21176 34443 21:0 21184
21184 34446 21:0 21250
21252 34476 21:0 21260
21259 34478 21:0 21310
21309 34477 21:0 21326
21325 34479 21:0 21336
21335 34509 21:0 21354
21353 34511 21:0 21402
21401 34510 21:0 21407
21406 34542 21:0 21426
21425 34543 21:0 21478
21480 34575 21:0 21488
21487 34577 21:0 21538
21537 34576 21:0 21554
21553 34578 21:0 21564
21563 34608 21:0 21582
21581 34609 21:0 21630
21629 34610 21:0 21635
21634 34611 21:0 21654
21653 34641 21:0 21706
21705 34644 21:0 21711
21710 34674 21:0 21716
21715 34676 21:0 21782
21781 34675 21:0 21787
21786 34545 21:0 21792
21791 34445 21:0 21858
21857 34544 21:0 21863
21862 34444 21:0 21868
21867 34512 21:0 21923
21922 34740 21:0 21939
21938 34709 21:0 21944
21943 34741 21:0 21994
21993 34742 21:0 22010
22009 34642 21:0 22020
22019 34707 21:0 22042
22041 34743 21:0 22086
22085 34708 21:0 22092
22091 34677 21:0 22110
22109 34643 21:0 22162
22161 34776 21:0 22167
22166 34839 21:0 22186
22185 34710 21:0 22238
22237 34807 21:0 22243
22242 34840 21:0 22248
22247 34841 21:0 22314
22313 34842 21:0 22319
22318 34774 21:0 22324
22323 34809 21:0 22333
22325 33497 1:0 22335
22332 34806 21:0 22341
22338 312 1:0 2581
22339 33465 1:0 22467
22339 33431 1:0 22510
22340 34875 21:0 22344
22343 34872 21:0 22350
22345 33433 1:0 22590
22348 33432 1:0 22598
22348 33430 1:0 22608
22351 33398 1:0 22728
22354 33367 1:0 22772
22358 33366 1:0 22852
22367 318 21:0 22381
22380 34773 21:0 22461
22382 33365 1:0 22859
22428 33364 1:0 22870
22457 33333 1:0 22983
22460 34808 21:0 22464
22463 34907 21:0 22472
22469 33332 1:0 22990
22470 33331 1:0 23001
22470 33299 1:0 23034
22471 34906 21:0 22475
22474 34908 21:0 22484
22476 33301 1:0 23114
22479 33300 1:0 23122
22479 33298 1:0 23132
22483 34874 21:0 22512
22485 33267 1:0 23165
22485 33268 1:0 23245
22489 33266 1:0 23252
22506 33265 1:0 23263
22511 34873 21:0 22592
22518 33234 1:0 23296
22567 33235 1:0 23376
22591 34905 21:0 22595
22593 33233 1:0 23383
22600 33232 1:0 23394
22601 33202 1:0 23427
22610 33201 1:0 23507
22610 33200 1:0 23514
22616 33199 1:0 23525
22621 33168 1:0 23558
22649 33169 1:0 23638
22731 33167 1:0 23645
22732 33166 1:0 23656
22741 33136 1:0 23689
22741 33134 1:0 23769
22747 33135 1:0 23777
22752 33133 1:0 23787
22780 33103 1:0 23820
22862 33102 1:0 23900
22863 33101 1:0 23907
22872 33100 1:0 23918
22872 33068 1:0 23951
22878 33070 1:0 24031
22898 33069 1:0 24039
22911 33067 1:0 24049
22993 33037 1:0 24082
22994 33036 1:0 24162
23003 33035 1:0 24169
23003 33034 1:0 24180
23011 33003 1:0 24213
23029 33004 1:0 24293
23030 319 1:0 25641
23124 33002 1:0 24300
23125 33001 1:0 24311
23134 34908 1:0 25694
23134 34906 1:0 25774
23140 34907 1:0 25782
23144 34905 1:0 25792
23173 34873 1:0 25825
24491 35885 21:0 24499
24499 35888 21:0 24565
24567 35918 21:0 24575
24574 35920 21:0 24625
24624 35919 21:0 24641
24640 35921 21:0 24651
24650 35952 21:0 24669
24668 35953 21:0 24717
24716 35954 21:0 24722
24721 35984 21:0 24741
24740 35986 21:0 24793
24792 35985 21:0 24798
24797 35987 21:0 24803
24803 36020 21:0 24869
24871 36050 21:0 24879
24878 36051 21:0 24929
24928 36052 21:0 24945
24944 36053 21:0 24955
24954 36083 21:0 24973
24972 36085 21:0 25021
25020 36084 21:0 25026
25025 36086 21:0 25045
25044 36116 21:0 25097
25096 36118 21:0 25102
25101 36119 21:0 25107
25106 35887 21:0 25173
25172 36017 21:0 25178
25177 36117 21:0 25183
25182 35886 21:0 25249
25248 35951 21:0 25254
25253 36019 21:0 25259
25258 36018 21:0 25314
25313 36149 21:0 25330
25329 36151 21:0 25335
25334 36217 21:0 25385
25384 36152 21:0 25401
25400 36182 21:0 25411
25410 36184 21:0 25433
25432 36215 21:0 25477
25476 36218 21:0 25484
25483 36150 21:0 25501
25500 36183 21:0 25553
25552 36185 21:0 25558
25557 36248 21:0 25577
25576 36282 21:0 25629
25628 36249 21:0 25634
25633 36216 21:0 25639
25638 36281 21:0 25648
25647 36250 21:0 25656
25653 34875 1:0 25905
25654 34874 1:0 25913
25654 34872 1:0 25923
25655 36284 21:0 25659
25658 36316 21:0 25668
25660 34842 1:0 25956
25663 34841 1:0 26036
25663 34840 1:0 26043
25669 34839 1:0 26054
25669 34808 1:0 26087
25673 34809 1:0 26167
25682 319 21:0 25696
25695 36317 21:0 25776
25697 34807 1:0 26174
25743 34806 1:0 26185
25772 34776 1:0 26298
25775 36348 21:0 25779
25778 36315 21:0 25787
25784 34774 1:0 26305
25785 34773 1:0 26316
25785 34743 1:0 26349
25794 34742 1:0 26429
25794 34741 1:0 26436
25800 34740 1:0 26447
25804 34710 1:0 26480
25833 34708 1:0 26560
25915 34709 1:0 26568
25916 34707 1:0 26578
25925 34677 1:0 26611
25925 34675 1:0 26691
25931 34676 1:0 26699
25936 34674 1:0 26709
25964 34643 1:0 26742
26046 34644 1:0 26822
26047 34642 1:0 26829
26056 34641 1:0 26840
26056 34611 1:0 26873
26062 34610 1:0 26953
26067 34609 1:0 26960
26095 34608 1:0 26971
26177 34578 1:0 27004
26178 34576 1:0 27084
26187 34577 1:0 27092
26187 34575 1:0 27102
26193 34544 1:0 27135
26213 34545 1:0 27215
26226 34543 1:0 27222
26308 34542 1:0 27233
26309 34512 1:0 27266
26318 34510 1:0 27346
26318 34511 1:0 27354
26326 34509 1:0 27364
26344 34479 1:0 27397
26439 34477 1:0 27477
26440 34478 1:0 27485
26440 34476 1:0 27495
26449 34444 1:0 27528
26449 34446 1:0 27608
26457 34445 1:0 27616
26476 34443 1:0 27626
26488 320 1:0 28956
27806 37327 21:0 27814
27814 37330 21:0 27880
27882 37360 21:0 27890
27889 37362 21:0 27940
27939 37361 21:0 27956
27955 37363 21:0 27966
27965 37393 21:0 27984
27983 37328 21:0 28032
28034 37426 21:0 28042
28041 37427 21:0 28092
28091 37428 21:0 28108
28107 37429 21:0 28118
28117 37459 21:0 28136
28135 37461 21:0 28184
28183 37462 21:0 28189
28188 37460 21:0 28208
28207 37492 21:0 28260
28259 37494 21:0 28265
28264 37493 21:0 28270
28269 37495 21:0 28336
28335 37525 21:0 28341
28340 37558 21:0 28346
28346 37561 21:0 28412
28411 37394 21:0 28417
28416 37396 21:0 28422
28421 37395 21:0 28488
28487 37329 21:0 28493
28492 37592 21:0 28498
28497 37560 21:0 28553
28552 37559 21:0 28569
28568 37528 21:0 28574
28573 37527 21:0 28624
28623 37594 21:0 28640
28639 37593 21:0 28650
28649 37591 21:0 28674
28673 37526 21:0 28716
28715 37624 21:0 28723
28722 37658 21:0 28740
28739 37625 21:0 28792
28791 37693 21:0 28797
28796 37692 21:0 28816
28815 37723 21:0 28868
28867 37691 21:0 28873
28872 37660 21:0 28878
28877 37791 21:0 28944
28943 37724 21:0 28949
28948 37757 21:0 28954
28953 37657 21:0 28963
28962 37626 21:0 28971
28968 36348 1:0 29096
28969 36315 1:0 29140
28969 36317 1:0 29220
28970 37789 21:0 28974
28973 37756 21:0 28980
28975 36316 1:0 29228
28978 36284 1:0 29351
28978 36282 1:0 29358
28981 36281 1:0 29369
28984 36250 1:0 29482
28988 36249 1:0 29489
28997 320 21:0 29011
29010 37690 21:0 29091
29012 36248 1:0 29500
29058 36216 1:0 29533
29087 36218 1:0 29613
29090 37759 21:0 29094
29093 37725 21:0 29102
29099 36217 1:0 29621
29100 36215 1:0 29631
29100 36185 1:0 29664
29109 36183 1:0 29744
29109 36184 1:0 29752
29115 36182 1:0 29762
29119 36150 1:0 29795
29148 36152 1:0 29875
29230 36151 1:0 29883
29231 36149 1:0 29893
29240 36117 1:0 29926
29240 36119 1:0 30006
29246 36118 1:0 30014
29251 36116 1:0 30024
29279 36086 1:0 30057
29361 36084 1:0 30137
29362 36085 1:0 30145
29371 36083 1:0 30155
29371 36053 1:0 30188
29377 36052 1:0 30268
29382 36051 1:0 30275
29410 36050 1:0 30286
29492 36018 1:0 30319
29493 36020 1:0 30399
29502 36019 1:0 30407
29502 36017 1:0 30417
29508 35987 1:0 30450
29528 35985 1:0 30530
29541 35986 1:0 30538
29623 35984 1:0 30548
29624 35954 1:0 30581
29633 35953 1:0 30661
29633 35952 1:0 30668
29641 35951 1:0 30679
29659 35921 1:0 30712
29754 35919 1:0 30792
29755 35920 1:0 30800
29755 35918 1:0 30810
29764 35886 1:0 30843
29764 35888 1:0 30923
29772 35887 1:0 30931
29791 35885 1:0 30941
29803 321 1:0 32271
31121 38769 21:0 31129
31129 38772 21:0 31195
31197 38802 21:0 31205
31204 38803 21:0 31255
31254 38804 21:0 31271
31270 38805 21:0 31281
31280 38835 21:0 31299
31298 38836 21:0 31347
31346 38837 21:0 31352
31351 38838 21:0 31371
31370 38871 21:0 31423
31425 38901 21:0 31433
31432 38902 21:0 31483
31482 38903 21:0 31499
31498 38904 21:0 31509
31508 38934 21:0 31527
31526 38936 21:0 31575
31574 38935 21:0 31580
31579 38937 21:0 31599
31598 38967 21:0 31651
31650 38969 21:0 31656
31655 38968 21:0 31661
31660 38970 21:0 31727
31726 39002 21:0 31732
31731 38869 21:0 31737
31736 38771 21:0 31799
31798 38870 21:0 31808
31807 38868 21:0 31813
31812 39001 21:0 31868
31867 39003 21:0 31884
31883 38770 21:0 31889
31888 39000 21:0 31939
31938 39033 21:0 31955
31954 39066 21:0 31965
31964 39067 21:0 31987
31986 39069 21:0 32031
32030 39036 21:0 32036
32035 39034 21:0 32055
32054 39099 21:0 32107
32106 39068 21:0 32112
32111 39035 21:0 32131
32130 39101 21:0 32183
32182 39168 21:0 32188
32187 39102 21:0 32193
32192 39132 21:0 32259
32258 39165 21:0 32264
32263 39134 21:0 32269
32268 39100 21:0 32275
32274 39167 21:0 32286
32283 37791 1:0 32412
32284 37789 1:0 32422
32284 37759 1:0 32535
32285 39166 21:0 32289
32288 39135 21:0 32295
32290 37757 1:0 32542
32293 37756 1:0 32553
32293 37725 1:0 32666
32296 37724 1:0 32673
32299 37723 1:0 32684
32303 37691 1:0 32717
32312 321 21:0 32326
32325 39198 21:0 32406
32327 37693 1:0 32797
32373 37692 1:0 32805
32402 37690 1:0 32815
32405 39133 21:0 32409
32408 39200 21:0 32417
32414 37660 1:0 32928
32415 37658 1:0 32935
32415 37657 1:0 32946
32416 39201 21:0 32420
32419 39234 21:0 32429
32421 37626 1:0 33059
32424 37625 1:0 33066
32424 37624 1:0 33077
32428 39199 21:0 32457
32430 37593 1:0 33110
32430 37594 1:0 33190
32434 37592 1:0 33197
32451 37591 1:0 33208
32456 39231 21:0 32537
32463 37559 1:0 33241
32512 37561 1:0 33321
32536 39233 21:0 32540
32538 37560 1:0 33329
32539 39264 21:0 32548
32545 37558 1:0 33339
32546 37526 1:0 33372
32547 39232 21:0 32554
32549 37528 1:0 33452
32553 39266 21:0 32560
32555 37527 1:0 33460
32555 37525 1:0 33470
32555 37495 1:0 33503
32561 37493 1:0 33583
32561 37494 1:0 33591
32566 37492 1:0 33601
32594 37460 1:0 33634
32676 37462 1:0 33714
32677 37461 1:0 33722
32686 37459 1:0 33732
32686 37429 1:0 33765
32692 37428 1:0 33845
32697 37427 1:0 33852
32725 37426 1:0 33863
32807 37395 1:0 33896
32808 37396 1:0 33976
32817 37394 1:0 33983
32817 37393 1:0 33994
32823 37363 1:0 34027
32843 37361 1:0 34107
32856 37362 1:0 34115
32938 37360 1:0 34125
32939 37329 1:0 34158
32948 37330 1:0 34238
32948 37328 1:0 34245
32956 37327 1:0 34256
32958 322 1:0 35586
32975 39266 1:0 35596
33069 39264 1:0 35606
33070 39232 1:0 35639
33079 39234 1:0 35719
33079 39233 1:0 35727
33085 39231 1:0 35737
33089 39199 1:0 35770
33118 39201 1:0 35850
34441 40213 21:0 34458
34457 40214 21:0 34510
34512 40244 21:0 34520
34519 40246 21:0 34570
34569 40245 21:0 34586
34585 40247 21:0 34596
34595 40277 21:0 34614
34613 40278 21:0 34662
34661 40279 21:0 34667
34666 40280 21:0 34686
34685 40313 21:0 34738
34740 40343 21:0 34748
34747 40344 21:0 34798
34797 40345 21:0 34814
34813 40346 21:0 34824
34823 40376 21:0 34842
34841 40377 21:0 34890
34889 40378 21:0 34895
34894 40379 21:0 34914
34913 40409 21:0 34966
34965 40412 21:0 34971
34970 40442 21:0 34976
34976 40445 21:0 35042
35041 40411 21:0 35047
35046 40211 21:0 35052
35051 40477 21:0 35118
35117 40478 21:0 35123
35122 40410 21:0 35128
35127 40311 21:0 35183
35182 40475 21:0 35199
35198 40443 21:0 35204
35203 40444 21:0 35254
35253 40476 21:0 35270
35269 40310 21:0 35280
35279 40576 21:0 35302
35301 40510 21:0 35346
35345 40509 21:0 35353
35352 40508 21:0 35370
35369 40542 21:0 35422
35421 40212 21:0 35427
35426 40575 21:0 35446
35445 40543 21:0 35498
35497 40577 21:0 35503
35502 40541 21:0 35508
35507 40608 21:0 35574
35573 40607 21:0 35579
35578 40641 21:0 35584
35583 40640 21:0 35593
35592 40642 21:0 35601
35598 39200 1:0 35858
35599 39198 1:0 35868
35599 39166 1:0 35901
35600 40544 21:0 35604
35603 40609 21:0 35610
35605 39168 1:0 35981
35608 39167 1:0 35989
35608 39165 1:0 35999
35611 39133 1:0 36032
35614 39135 1:0 36112
35618 39134 1:0 36120
35627 322 21:0 35641
35640 40312 21:0 35721
35642 39132 1:0 36130
35688 39100 1:0 36163
35717 39102 1:0 36243
35720 40610 21:0 35724
35723 40574 21:0 35732
35729 39101 1:0 36251
35730 39099 1:0 36261
35730 39068 1:0 36294
35731 40675 21:0 35735
35736 39069 1:0 36374
35739 39067 1:0 36381
35739 39066 1:0 36392
35745 39035 1:0 36425
35749 39036 1:0 36505
35778 39034 1:0 36512
35860 39033 1:0 36523
35861 39003 1:0 36556
35870 39001 1:0 36636
35870 39002 1:0 36644
35876 39000 1:0 36654
35881 38970 1:0 36687
35909 38968 1:0 36767
35991 38969 1:0 36775
35992 38967 1:0 36785
36001 38937 1:0 36818
36001 38935 1:0 36898
36007 38936 1:0 36906
36012 38934 1:0 36916
36040 38904 1:0 36949
36122 38903 1:0 37029
36123 38902 1:0 37036
36132 38901 1:0 37047
36132 38870 1:0 37080
36138 38871 1:0 37160
36158 38869 1:0 37167
36171 38868 1:0 37178
36253 38838 1:0 37211
36254 38837 1:0 37291
36263 38836 1:0 37298
36263 38835 1:0 37309
36271 38805 1:0 37342
36289 38804 1:0 37422
36384 38803 1:0 37429
36385 38802 1:0 37440
36385 38770 1:0 37473
36394 38772 1:0 37553
36394 38771 1:0 37561
36402 38769 1:0 37571
36404 323 1:0 38901
37756 41654 21:0 37773
37772 41655 21:0 37825
37824 41656 21:0 37830
37829 41686 21:0 37849
37848 41689 21:0 37901
37903 41719 21:0 37911
37911 41722 21:0 37977
37979 41752 21:0 37987
37986 41754 21:0 38037
38036 41753 21:0 38053
38052 41755 21:0 38063
38062 41785 21:0 38081
38080 41786 21:0 38129
38128 41787 21:0 38134
38133 41788 21:0 38153
38152 41818 21:0 38205
38204 41821 21:0 38210
38209 41851 21:0 38215
38214 41853 21:0 38281
38280 41852 21:0 38286
38285 41854 21:0 38291
38290 41884 21:0 38357
38356 41688 21:0 38362
38361 41720 21:0 38367
38366 41721 21:0 38422
38421 41687 21:0 38438
38437 41653 21:0 38443
38442 41885 21:0 38493
38492 41819 21:0 38509
38508 41886 21:0 38519
38518 41917 21:0 38541
38540 41887 21:0 38585
38584 41820 21:0 38590
38589 41918 21:0 38609
38608 41919 21:0 38661
38660 41920 21:0 38666
38665 41953 21:0 38685
38684 42016 21:0 38737
38736 41986 21:0 38742
38741 41951 21:0 38747
38746 41952 21:0 38813
38812 41950 21:0 38818
38817 41984 21:0 38823
38822 41985 21:0 38878
38877 41983 21:0 38894
38893 42050 21:0 38899
38898 42017 21:0 38905
38904 42049 21:0 38916
38913 40675 1:0 39042
38914 40642 1:0 39165
38914 40641 1:0 39172
38915 42085 21:0 38919
38918 42018 21:0 38925
38920 40640 1:0 39183
38923 40610 1:0 39216
38923 40609 1:0 39296
38924 42019 21:0 38928
38926 40608 1:0 39303
38929 40607 1:0 39314
38929 40577 1:0 39347
38933 40575 1:0 39427
38942 323 21:0 38956
38955 42051 21:0 39036
38957 40576 1:0 39435
39003 40574 1:0 39445
39032 40544 1:0 39478
39035 42083 21:0 39039
39038 42115 21:0 39047
39044 40543 1:0 39558
39045 40542 1:0 39565
39045 40541 1:0 39576
39046 42082 21:0 39050
39051 40509 1:0 39689
39054 40510 1:0 39697
39054 40508 1:0 39707
39060 40476 1:0 39740
39064 40478 1:0 39820
39093 40477 1:0 39828
39175 40475 1:0 39838
39176 40444 1:0 39871
39185 40445 1:0 39951
39185 40443 1:0 39958
39191 40442 1:0 39969
39196 40410 1:0 40002
39224 40412 1:0 40082
39306 40411 1:0 40090
39307 40409 1:0 40100
39316 40379 1:0 40133
39316 40378 1:0 40213
39322 40377 1:0 40220
39327 40376 1:0 40231
39355 40346 1:0 40264
39437 40345 1:0 40344
39438 40344 1:0 40351
39447 40343 1:0 40362
39447 40312 1:0 40395
39453 40313 1:0 40475
39473 40311 1:0 40482
39486 40310 1:0 40493
39568 40280 1:0 40526
39569 40279 1:0 40606
39578 40278 1:0 40613
39578 40277 1:0 40624
39586 40247 1:0 40657
39604 40245 1:0 40737
39699 40246 1:0 40745
39700 40244 1:0 40755
39700 40212 1:0 40788
39709 40214 1:0 40868
39709 40213 1:0 40876
39717 40211 1:0 40886
39719 324 1:0 42216
39748 42115 1:0 42367
41066 43095 21:0 41074
41074 43098 21:0 41140
41142 43128 21:0 41150
41149 43129 21:0 41200
41199 43130 21:0 41216
41215 43131 21:0 41226
41225 43161 21:0 41244
41243 43162 21:0 41292
41294 43194 21:0 41302
41301 43195 21:0 41352
41351 43196 21:0 41368
41367 43197 21:0 41378
41377 43227 21:0 41396
41395 43230 21:0 41444
41446 43260 21:0 41454
41453 43262 21:0 41504
41503 43261 21:0 41520
41519 43263 21:0 41530
41529 43295 21:0 41548
41547 43294 21:0 41596
41595 43296 21:0 41601
41600 43326 21:0 41620
41619 43329 21:0 41672
41671 43096 21:0 41677
41676 43164 21:0 41682
41681 43097 21:0 41748
41747 43163 21:0 41753
41752 43327 21:0 41758
41757 43229 21:0 41822
41821 43328 21:0 41829
41828 43362 21:0 41834
41833 43361 21:0 41889
41888 43360 21:0 41905
41904 43228 21:0 41910
41909 43394 21:0 41960
41959 43395 21:0 41976
41975 43359 21:0 41986
41985 43427 21:0 42008
42007 43426 21:0 42052
42051 43459 21:0 42057
42056 43425 21:0 42076
42075 43493 21:0 42128
42127 43494 21:0 42133
42132 43492 21:0 42152
42151 43392 21:0 42204
42203 43460 21:0 42209
42208 43293 21:0 42214
42213 43525 21:0 42223
42222 43558 21:0 42231
42228 42085 1:0 42480
42229 42083 1:0 42487
42229 42082 1:0 42498
42230 43428 21:0 42234
42233 43491 21:0 42243
42235 42051 1:0 42611
42238 42050 1:0 42618
42238 42049 1:0 42629
42244 42019 1:0 42662
42244 42018 1:0 42742
42248 42017 1:0 42749
42257 324 21:0 42271
42270 43524 21:0 42351
42272 42016 1:0 42760
42318 41985 1:0 42793
42347 41986 1:0 42873
42350 43527 21:0 42354
42353 43458 21:0 42362
42359 41984 1:0 42880
42360 41983 1:0 42891
42360 41952 1:0 42924
42369 41953 1:0 43004
42369 41951 1:0 43011
42375 41950 1:0 43022
42379 41920 1:0 43055
42408 41919 1:0 43135
42490 41918 1:0 43142
42491 41917 1:0 43153
42500 41887 1:0 43186
42500 41886 1:0 43266
42506 41885 1:0 43273
42511 41884 1:0 43284
42539 41854 1:0 43317
42621 41852 1:0 43397
42622 41853 1:0 43405
42631 41851 1:0 43415
42631 41820 1:0 43448
42637 41821 1:0 43528
42642 41819 1:0 43535
42670 41818 1:0 43546
42752 41788 1:0 43579
42753 41787 1:0 43659
42762 41786 1:0 43666
42762 41785 1:0 43677
42768 41755 1:0 43710
42788 41753 1:0 43790
42801 41754 1:0 43798
42883 41752 1:0 43808
42884 41721 1:0 43841
42893 41722 1:0 43921
42893 41720 1:0 43928
42901 41719 1:0 43939
42919 41687 1:0 43972
43014 41689 1:0 44052
43015 41688 1:0 44060
43015 41686 1:0 44070
43024 41656 1:0 44103
43024 41655 1:0 44183
43032 41654 1:0 44190
43051 41653 1:0 44201
43063 325 1:0 45531
44381 44537 21:0 44389
44389 44540 21:0 44455
44457 44570 21:0 44465
44464 44572 21:0 44515
44514 44573 21:0 44531
44530 44571 21:0 44541
44540 44603 21:0 44559
44558 44604 21:0 44607
44606 44605 21:0 44612
44611 44606 21:0 44631
44630 44636 21:0 44683
44682 44637 21:0 44688
44687 44638 21:0 44693
44692 44639 21:0 44759
44758 44669 21:0 44764
44763 44671 21:0 44769
44768 44670 21:0 44835
44834 44672 21:0 44840
44839 44702 21:0 44845
44844 44703 21:0 44900
44899 44704 21:0 44916
44915 44705 21:0 44921
44920 44735 21:0 44971
44970 44768 21:0 44987
44989 44801 21:0 44997
44996 44803 21:0 45047
45046 44802 21:0 45063
45065 44834 21:0 45073
45072 44539 21:0 45123
45122 44538 21:0 45139
45138 44736 21:0 45149
45148 44737 21:0 45167
45166 44738 21:0 45215
45214 44769 21:0 45220
45219 44770 21:0 45239
45238 44771 21:0 45291
45290 44804 21:0 45296
45295 44836 21:0 45301
45300 44835 21:0 45367
45366 44837 21:0 45372
45371 44867 21:0 45377
45376 44868 21:0 45441
45440 44869 21:0 45448
45447 44870 21:0 45453
45452 44900 21:0 45508
45507 44902 21:0 45524
45523 44901 21:0 45529
45528 44903 21:0 45535
45530 43558 1:0 45671
45534 44933 21:0 45541
45540 44935 21:0 45549
45543 43527 1:0 45795
45544 43525 1:0 45802
45548 44934 21:0 45555
45550 43524 1:0 45813
45553 43492 1:0 45846
45553 43494 1:0 45926
45554 44969 21:0 45558
45556 43493 1:0 45934
45559 43491 1:0 45944
45559 43460 1:0 46057
45563 43459 1:0 46064
45572 325 21:0 45586
45587 43458 1:0 46075
45674 43428 1:0 46108
45675 43426 1:0 46188
45684 43427 1:0 46196
45684 43425 1:0 46206
45690 43395 1:0 46319
45694 43394 1:0 46327
45723 43392 1:0 46337
45805 43360 1:0 46370
45806 43362 1:0 46450
45815 43361 1:0 46458
45815 43359 1:0 46468
45821 43328 1:0 46501
45826 43329 1:0 46581
45854 43327 1:0 46588
45936 43326 1:0 46599
45937 43296 1:0 46632
45946 43294 1:0 46712
45946 43295 1:0 46720
45952 43293 1:0 46730
45957 43263 1:0 46763
45985 43261 1:0 46843
46067 43262 1:0 46851
46068 43260 1:0 46861
46077 43228 1:0 46894
46077 43230 1:0 46974
46083 43229 1:0 46982
46103 43227 1:0 46992
46116 43197 1:0 47025
46198 43196 1:0 47105
46199 43195 1:0 47112
46207 26581 21:0 46210
46208 43194 1:0 47123
46208 43163 1:0 47153
46214 43164 1:0 47236
46219 43162 1:0 47243
46247 43161 1:0 47254
46329 43131 1:0 47287
46330 43130 1:0 47367
46339 43129 1:0 47374
46339 43128 1:0 47385
46345 43097 1:0 47418
46350 43098 1:0 47498
46378 43096 1:0 47505
46458 26691 21:0 46463
46460 43095 1:0 47516
46461 326 1:0 48846
46731 26809 21:0 46734
46993 26923 21:0 46996
47003 26926 21:0 47027
47386 27094 21:0 47389
47527 27154 21:0 47551
47696 45979 21:0 47704
47703 45980 21:0 47754
47753 45981 21:0 47770
47769 13 21:0 47775
47777 46014 21:0 47794
47793 46013 21:0 47846
47845 46015 21:0 47851
47856 46048 21:0 47922
47921 46046 21:0 47927
47929 46080 21:0 47946
47945 46081 21:0 47998
47997 46079 21:0 48003
48005 46112 21:0 48022
48021 46111 21:0 48074
48073 46078 21:0 48079
48081 46145 21:0 48098
48097 46146 21:0 48150
48149 46047 21:0 48155
48154 46113 21:0 48174
48173 46147 21:0 48226
48225 46144 21:0 48231
48233 46211 21:0 48250
48249 46114 21:0 48302
48301 46212 21:0 48307
48306 46045 21:0 48326
48325 46178 21:0 48378
48377 46243 21:0 48383
48382 46262 21:0 48383
48385 46278 21:0 48402
48401 46246 21:0 48454
48456 46309 21:0 48464
48463 46310 21:0 48514
48513 46180 21:0 48530
48529 46213 21:0 48540
48539 46343 21:0 48558
48557 46276 21:0 48606
48605 46311 21:0 48611
48610 46342 21:0 48630
48629 46279 21:0 48682
48681 46245 21:0 48687
48686 46012 21:0 48692
48691 45982 21:0 48758
48757 46378 21:0 48763
48762 46409 21:0 48768
48767 46410 21:0 48831
48830 46344 21:0 48839
48838 46375 21:0 48844
48843 46419 21:0 48844
48843 46373 21:0 48850
48845 44969 1:0 48862
48849 161 21:0 48850
48858 46375 1:0 48871
48859 46344 1:0 48899
48868 46410 1:0 48979
48868 46409 1:0 48990
48874 46378 1:0 48999
48887 326 21:0 48901
48895 45982 1:0 49012
48989 46012 1:0 49084
48990 46245 1:0 49113
48990 46279 1:0 49124
48999 46342 1:0 49133
48999 46311 1:0 49161
49007 44934 1:0 49241
49026 44935 1:0 49249
49120 44933 1:0 49259
49121 45981 1:0 49264
49121 44903 1:0 49292
49130 44901 1:0 49372
49130 44902 1:0 49380
49138 44900 1:0 49390
49157 46276 1:0 49395
49169 26581 1:0 49514
49251 44870 1:0 49423
49252 44869 1:0 49503
49261 44868 1:0 49510
49261 44867 1:0 49521
49267 46343 1:0 49526
49287 44837 1:0 49554
49341 44835 1:0 49634
49382 44836 1:0 49642
49383 26691 1:0 49645
49392 44834 1:0 49652
49392 46213 1:0 49657
49398 44804 1:0 49685
49403 44802 1:0 49765
49431 44803 1:0 49773
49513 161 1:0 49776
49514 44801 1:0 49783
49514 46180 1:0 49788
49523 44771 1:0 49816
49523 44770 1:0 49896
49531 44769 1:0 49903
49550 44768 1:0 49914
49562 26809 1:0 50038
49644 46310 1:0 49919
49645 44738 1:0 49947
49654 44737 1:0 50027
49654 44736 1:0 50034
49660 44735 1:0 50045
49680 46246 1:0 50050
49693 44705 1:0 50078
49775 44704 1:0 50158
49776 44703 1:0 50165
49785 26926 1:0 50169
49785 44702 1:0 50176
49791 46243 1:0 50181
49795 44672 1:0 50209
49824 44670 1:0 50289
49906 44671 1:0 50297
49907 26923 1:0 50300
49907 44669 1:0 50307
49916 46278 1:0 50312
49916 44639 1:0 50340
49924 44638 1:0 50420
49943 44637 1:0 50427
50037 44636 1:0 50438
50038 46178 1:0 50443
50038 44606 1:0 50471
50047 44605 1:0 50551
50047 44604 1:0 50558
50055 44603 1:0 50569
50074 46045 1:0 50574
50086 27094 1:0 50693
50168 44571 1:0 50602
50169 44573 1:0 50682
50178 44572 1:0 50690
50178 44570 1:0 50700
50184 46212 1:0 50705
50204 44538 1:0 50733
50217 44540 1:0 50813
50299 44539 1:0 50821
50300 44537 1:0 50831
50309 13 1:0 50833
50309 27154 1:0 50840
50309 46309 1:0 50846
50317 46114 1:0 50918
50319 327 1:0 50944
50336 46144 1:0 50960
50348 22856 1:0 50966
50348 22851 1:0 50969
50348 22850 1:0 50979
50348 22857 1:0 50979
50430 22861 1:0 50966
50430 22862 1:0 50969
50431 22859 1:0 50979
50431 22858 1:0 51005
50431 23003 1:0 51181
50440 46147 1:0 51178
50440 22860 1:0 51051
50440 22863 1:0 51138
50446 46419 1:0 51181
50446 23005 1:0 51187
50448 22997 1:0 51187
50448 23004 1:0 51187
50450 22998 1:0 51190
50466 23010 1:0 51190
50479 23006 1:0 51218
50479 23009 1:0 51218
50561 23008 1:0 51269
50561 23007 1:0 51348
50562 46211 1:0 51391
50562 23150 1:0 51408
50571 46113 1:0 51402
50571 23154 1:0 51408
50571 23153 1:0 51411
50577 23144 1:0 51411
50577 23151 1:0 51421
50577 23145 1:0 51421
50579 23155 1:0 51421
50582 23152 1:0 51448
50598 23157 1:0 51493
50610 46373 1:0 51623
50610 23156 1:0 51579
50692 46047 1:0 51620
50693 23291 1:0 51623
50693 23298 1:0 51629
50693 23292 1:0 51629
50693 23301 1:0 51629
50693 23297 1:0 51632
50693 23444 1:0 51850
50702 23302 1:0 51632
50702 23304 1:0 51660
50702 23300 1:0 51660
50702 23303 1:0 51711
50708 23299 1:0 51780
50713 46015 1:0 51833
50728 23438 1:0 51853
50741 46078 1:0 51844
50823 23450 1:0 51850
50823 23448 1:0 51853
50824 23445 1:0 51863
50824 23447 1:0 51863
50824 23439 1:0 51863
50824 23591 1:0 52065
50824 23586 1:0 52071
50824 23585 1:0 52071
50833 23446 1:0 51890
50833 23449 1:0 51935
50833 23451 1:0 52022
50839 46146 1:0 52062
50841 23594 1:0 52071
50843 23592 1:0 52074
50859 23593 1:0 52074
50872 23598 1:0 52102
50872 23597 1:0 52102
50913 23739 1:0 52286
50956 23595 1:0 52153
50956 23596 1:0 52233
50957 45980 1:0 52283
50957 46262 1:0 52286
50966 23742 1:0 52292
50966 23733 1:0 52292
50966 23732 1:0 52292
50966 23738 1:0 52295
50966 23740 1:0 52295
50966 23745 1:0 52323
50966 23880 1:0 52513
50972 23743 1:0 52323
50974 23744 1:0 52374
50985 327 21:0 50999
50992 23741 1:0 52444
51005 46145 1:0 52496
51059 46048 1:0 52507
51074 23885 1:0 52516
51074 23879 1:0 52526
51075 23891 1:0 52513
51076 23886 1:0 52526
51114 22857 21:0 51140
51125 23887 1:0 52516
51135 23890 1:0 52526
51137 24026 1:0 52728
51144 22863 21:0 51169
51145 23888 1:0 52553
51168 22860 21:0 51172
51171 22858 21:0 51172
51171 22859 21:0 51180
51177 23889 1:0 52598
51177 23892 1:0 52685
51178 46079 1:0 52725
51178 24027 1:0 52734
51178 24033 1:0 52734
51179 22862 21:0 51183
51181 24038 1:0 52734
51182 22861 21:0 51183
51182 22850 21:0 51189
51184 24032 1:0 52737
51184 24037 1:0 52737
51184 24179 1:0 52949
51184 24180 1:0 52955
51187 24036 1:0 52765
51187 24039 1:0 52765
51187 24034 1:0 52816
51187 24035 1:0 52886
51188 22851 21:0 51189
51188 22856 21:0 51189
51190 24174 1:0 52955
51193 46081 1:0 52946
51197 24181 1:0 52955
51198 24173 1:0 52958
51213 24182 1:0 52958
51226 24183 1:0 52986
51267 24186 1:0 52986
51280 24185 1:0 53037
51295 24184 1:0 53117
51296 24326 1:0 53170
51305 22998 21:0 51351
51346 46111 1:0 53167
51348 24321 1:0 53176
51356 24330 1:0 53176
51358 23007 21:0 51390
51366 24327 1:0 53176
51366 24320 1:0 53179
51366 24468 1:0 53391
51389 23008 21:0 51393
51392 23009 21:0 51393
51392 23006 21:0 51401
51398 24332 1:0 53179
51398 24329 1:0 53207
51399 24333 1:0 53207
51399 24328 1:0 53258
51399 24331 1:0 53338
51400 23010 21:0 51404
51403 23005 21:0 51404
51403 22997 21:0 51404
51403 23004 21:0 51410
51405 46112 1:0 53384
51405 24477 1:0 53397
51408 24474 1:0 53397
51408 24467 1:0 53397
51408 24473 1:0 53400
51408 24476 1:0 53400
51408 24480 1:0 53428
51408 24475 1:0 53428
51409 23003 21:0 51410
51414 24479 1:0 53479
51414 24478 1:0 53559
51416 24614 1:0 53612
51434 46080 1:0 53606
51435 24621 1:0 53618
51435 24615 1:0 53618
51447 24622 1:0 53618
51488 24620 1:0 53621
51496 24625 1:0 53621
51516 24627 1:0 53649
51517 24626 1:0 53649
51517 24768 1:0 53839
51518 24767 1:0 53842
51526 23145 21:0 51572
51567 24623 1:0 53700
51569 24761 1:0 53851
51577 24624 1:0 53779
51587 24771 1:0 53839
51589 23156 21:0 51611
51610 23157 21:0 51614
51613 23152 21:0 51614
51613 23155 21:0 51622
51619 46046 1:0 53826
51620 46013 1:0 53833
51620 24769 1:0 53842
51621 23153 21:0 51625
51623 24762 1:0 53851
51624 23154 21:0 51625
51624 23151 21:0 51631
51626 24772 1:0 53851
51626 24770 1:0 53879
51629 46014 1:0 54048
51629 24774 1:0 53924
51629 24773 1:0 54010
51630 23144 21:0 51631
51630 23150 21:0 51631
51632 24915 1:0 54054
51632 24909 1:0 54060
51632 24908 1:0 54060
51635 24920 1:0 54060
51637 24919 1:0 54063
51639 24914 1:0 54063
51655 24916 1:0 54091
51656 24918 1:0 54091
51668 24921 1:0 54142
51709 24917 1:0 54212
51717 25056 1:0 54275
51722 25055 1:0 54281
51738 45979 1:0 54272
51739 25061 1:0 54281
51788 25065 1:0 54281
51790 23299 21:0 51832
51798 25062 1:0 54284
51808 25068 1:0 54284
51831 23303 21:0 51835
51834 23300 21:0 51835
51834 23304 21:0 51843
51840 25064 1:0 54312
51840 25063 1:0 54312
51841 25067 1:0 54363
51841 25066 1:0 54443
51842 23302 21:0 51846
51845 23297 21:0 51846
51845 23301 21:0 51846
51845 23298 21:0 51852
51851 23292 21:0 51852
51851 23291 21:0 51852
51998 23445 21:0 52024
52028 23451 21:0 52053
52052 23449 21:0 52056
52055 23446 21:0 52056
52055 23447 21:0 52064
52063 23448 21:0 52067
52066 23450 21:0 52067
52066 23439 21:0 52073
52072 23444 21:0 52073
52072 23438 21:0 52073
52192 23585 21:0 52236
52239 23596 21:0 52274
52273 23595 21:0 52277
52276 23598 21:0 52277
52276 23597 21:0 52285
52284 23593 21:0 52288
52287 23592 21:0 52288
52287 23594 21:0 52288
52287 23586 21:0 52294
52293 23591 21:0 52294
52450 23741 21:0 52495
52494 23744 21:0 52498
52497 23743 21:0 52498
52497 23745 21:0 52506
52505 23740 21:0 52509
52508 23742 21:0 52509
52508 23738 21:0 52509
52508 23732 21:0 52515
52514 23733 21:0 52515
52514 23739 21:0 52515
52634 23879 21:0 52678
52691 23892 21:0 52716
52715 23889 21:0 52719
52718 23888 21:0 52719
52718 23890 21:0 52727
52726 23887 21:0 52730
52729 23891 21:0 52730
52729 23886 21:0 52736
52735 23880 21:0 52736
52735 23885 21:0 52736
52892 24035 21:0 52937
52936 24034 21:0 52940
52939 24036 21:0 52940
52939 24039 21:0 52948
52947 24037 21:0 52951
52950 24032 21:0 52951
52950 24038 21:0 52951
52950 24033 21:0 52957
52956 24027 21:0 52957
52956 24026 21:0 52957
53076 24173 21:0 53120
53123 24184 21:0 53158
53157 24185 21:0 53161
53160 24186 21:0 53161
53160 24183 21:0 53169
53168 24182 21:0 53172
53171 24180 21:0 53172
53171 24181 21:0 53172
53171 24174 21:0 53178
53177 24179 21:0 53178
53297 24320 21:0 53341
53344 24331 21:0 53379
53378 24328 21:0 53382
53381 24333 21:0 53382
53381 24329 21:0 53390
53389 24332 21:0 53393
53392 24327 21:0 53393
53392 24330 21:0 53393
53392 24321 21:0 53399
53398 24326 21:0 53399
53518 24467 21:0 53562
53565 24478 21:0 53600
53599 24479 21:0 53603
53602 24480 21:0 53603
53602 24475 21:0 53611
53610 24476 21:0 53614
53613 24473 21:0 53614
53613 24477 21:0 53614
53613 24474 21:0 53620
53619 24468 21:0 53620
53736 24615 21:0 53782
53789 24624 21:0 53821
53820 24623 21:0 53824
53823 24627 21:0 53824
53823 24626 21:0 53832
53831 24625 21:0 53835
53834 24620 21:0 53835
53834 24622 21:0 53835
53834 24621 21:0 53841
53840 24614 21:0 53841
53960 24761 21:0 54004
54020 24773 21:0 54042
54041 24774 21:0 54045
54044 24770 21:0 54045
54044 24772 21:0 54053
54052 24769 21:0 54056
54055 24771 21:0 54056
54055 24762 21:0 54062
54061 24768 21:0 54062
54061 24767 21:0 54062
54218 24917 21:0 54263
54262 24921 21:0 54266
54265 24918 21:0 54266
54265 24916 21:0 54274
54273 24919 21:0 54277
54276 24914 21:0 54277
54276 24920 21:0 54277
54276 24908 21:0 54283
54282 24915 21:0 54283
54282 24909 21:0 54283
54402 25055 21:0 54446
54449 25066 21:0 160
