118 49236 0:0 142
118 49144 0:0 257
118 49146 0:0 257
252 329 0:0 258
1525 49913 21:0 1535
3502 298 21:0 3541
4738 51384 21:0 4748
4779 315 1:0 57248
6861 299 21:0 6900
8097 52855 21:0 8107
8138 316 1:0 60607
10220 300 21:0 10259
11456 54326 21:0 11466
11497 317 1:0 63966
13579 301 21:0 13617
14815 55797 21:0 14825
16938 302 21:0 16977
18215 318 1:0 67325
20297 303 21:0 20333
23656 304 21:0 23694
24933 319 1:0 70684
27015 305 21:0 27053
30374 306 21:0 30413
31651 320 1:0 74043
33733 307 21:0 33772
37092 308 21:0 37131
40451 309 21:0 40490
41728 321 1:0 77402
43810 310 21:0 43848
47169 311 21:0 47208
48446 322 1:0 80761
50528 312 21:0 50566
53887 313 21:0 53923
55164 323 1:0 84120
57246 314 21:0 57284
60605 315 21:0 60643
61882 324 1:0 87479
63964 316 21:0 64002
67323 317 21:0 67360
68600 325 1:0 90838
70682 318 21:0 70721
74041 319 21:0 74080
77400 320 21:0 77433
78677 326 1:0 94197
80759 321 21:0 80798
84118 322 21:0 84156
85395 327 1:0 97556
87477 323 21:0 87515
90836 324 21:0 90873
92113 328 1:0 100915
94195 325 21:0 94233
97554 326 21:0 97592
98831 329 1:0 104274
100913 327 21:0 100951
104272 328 21:0 104307
105559 299 1:0 3504
105559 300 1:0 6863
105559 301 1:0 10222
105559 302 1:0 13581
105560 303 1:0 16940
105560 304 1:0 20299
105560 305 1:0 23658
105560 306 1:0 27017
105569 307 1:0 30376
105569 308 1:0 33735
105569 309 1:0 37094
105569 310 1:0 40453
105569 311 1:0 43812
105569 312 1:0 47171
105569 313 1:0 50530
105575 314 1:0 53889
105575 46942 1:0 105654
105577 46929 1:0 105680
105577 46930 1:0 105681
105580 46937 1:0 105720
105596 46938 1:0 105721
105608 46939 1:0 105730
105649 46940 1:0 105731
105657 46935 1:0 105710
105662 46936 1:0 105711
105677 46941 1:0 105740
105678 47088 1:0 105875
105679 47077 1:0 105902
105687 46930 21:0 105744
105728 47084 1:0 105941
105738 47085 1:0 105942
105740 47076 1:0 105901
105743 46936 0:0 105752
105744 46929 0:0 105759
105744 46935 0:0 105759
105747 46942 21:0 105772
105748 47086 1:0 105951
105750 47087 1:0 105952
105770 46941 0:0 105772
105771 46940 0:0 105772
105771 46939 0:0 105772
105771 46938 0:0 105772
105771 46937 0:0 105772
105773 47082 1:0 105931
105773 47083 1:0 105932
105773 47089 1:0 105962
105773 47223 1:0 106098
105773 47235 1:0 106182
105780 47232 1:0 106097
105780 47233 1:0 106098
105781 47224 1:0 106097
105781 47230 1:0 106097
105781 47234 1:0 106097
105781 47231 1:0 106098
105790 47236 1:0 106098
105790 47229 1:0 106098
105790 47381 1:0 106318
105790 47383 1:0 106404
105796 47379 1:0 106318
105796 47382 1:0 106319
105800 47380 1:0 106319
105801 47376 1:0 106319
105816 47378 1:0 106319
105817 47377 1:0 106318
105817 47370 1:0 106319
105829 47371 1:0 106318
105829 47523 1:0 106540
105870 47530 1:0 106625
105883 47526 1:0 106539
105899 47528 1:0 106539
105899 47525 1:0 106540
105900 47518 1:0 106539
105908 47077 21:0 105965
105949 47527 1:0 106540
105959 47529 1:0 106540
105961 47517 1:0 106540
105964 47083 0:0 105974
105965 47076 0:0 105980
105965 47082 0:0 105980
105969 47524 1:0 106539
105969 47664 1:0 106785
105969 47665 1:0 106786
105971 47088 21:0 105993
105971 47676 1:0 106759
105992 47085 0:0 105993
105992 47089 0:0 105993
105992 47086 0:0 105993
105992 47087 0:0 105993
105992 47084 0:0 105993
105994 47672 1:0 106825
105994 47673 1:0 106826
105994 47674 1:0 106835
106001 47670 1:0 106815
106001 47671 1:0 106816
106001 47675 1:0 106836
106001 47812 1:0 107007
106002 47677 1:0 106846
106002 47821 1:0 106980
106002 47811 1:0 107006
106002 47817 1:0 107036
106011 47818 1:0 107037
106011 47819 1:0 107046
106011 47820 1:0 107047
106011 47822 1:0 107057
106017 47823 1:0 107066
106017 47824 1:0 107067
106021 47970 1:0 107201
106022 47959 1:0 107228
106037 47966 1:0 107267
106038 47958 1:0 107227
106050 47967 1:0 107268
106091 47968 1:0 107277
106104 47969 1:0 107278
106119 47964 1:0 107257
106119 47965 1:0 107258
106120 47971 1:0 107288
106120 48111 1:0 107478
106121 48105 1:0 107448
106170 48118 1:0 107454
106180 48114 1:0 107454
106190 48117 1:0 107454
106192 47235 21:0 106214
106212 47236 0:0 106214
106213 47229 0:0 106214
106213 47224 0:0 106214
106213 47223 0:0 106214
106213 47230 0:0 106214
106213 47233 0:0 106214
106213 47234 0:0 106214
106213 47232 0:0 106214
106213 47231 0:0 106214
106215 48106 1:0 107449
106215 48112 1:0 107454
106215 48115 1:0 107454
106215 48113 1:0 107454
106215 48116 1:0 107454
106215 48252 1:0 107669
106215 48258 1:0 107699
106222 48260 1:0 107709
106222 48261 1:0 107710
106223 48253 1:0 107670
106223 48262 1:0 107719
106223 48263 1:0 107720
106232 48259 1:0 107700
106232 48264 1:0 107729
106232 48265 1:0 107730
106232 48412 1:0 107864
106232 48400 1:0 107891
106238 48407 1:0 107930
106238 48408 1:0 107931
106240 48399 1:0 107890
106240 48405 1:0 107920
106243 48409 1:0 107940
106259 48410 1:0 107941
106271 48406 1:0 107921
106271 48546 1:0 108111
106312 48411 1:0 107950
106325 48554 1:0 108151
106340 48555 1:0 108152
106341 48547 1:0 108112
106342 48556 1:0 108161
106391 48557 1:0 108162
106401 48552 1:0 108141
106401 48553 1:0 108142
106401 48693 1:0 108332
106401 48694 1:0 108333
106410 47383 21:0 106435
106411 48558 1:0 108171
106433 47382 0:0 106435
106433 47378 0:0 106435
106433 47379 0:0 106435
106433 47380 0:0 106435
106434 47370 0:0 106435
106434 47371 0:0 106435
106434 47377 0:0 106435
106434 47376 0:0 106435
106434 47381 0:0 106435
106436 48559 1:0 108172
106436 48704 1:0 108306
106436 48701 1:0 108372
106436 48702 1:0 108373
106436 48844 1:0 108573
106443 48699 1:0 108362
106443 48700 1:0 108363
106443 48703 1:0 108382
106443 48847 1:0 108584
106444 48705 1:0 108392
106444 48706 1:0 108393
106453 48853 1:0 108593
106453 48852 1:0 108593
106453 48848 1:0 108593
106453 48849 1:0 108593
106459 48851 1:0 108593
106459 48850 1:0 108593
106461 48840 1:0 108553
106461 48841 1:0 108554
106463 48846 1:0 108583
106464 48994 1:0 108805
106479 48995 1:0 108814
106480 48987 1:0 108774
106480 48988 1:0 108775
106492 48996 1:0 108815
106533 48997 1:0 108824
106541 48993 1:0 108804
106561 48998 1:0 108825
106562 54326 1:0 108908
106562 48999 1:0 108834
106563 55797 1:0 108908
106612 49000 1:0 108835
106622 52855 1:0 108915
106622 51384 1:0 108947
106622 49141 1:0 109026
106631 47530 21:0 106656
106632 298 1:0 108969
106632 49134 1:0 108995
106654 47526 0:0 106656
106654 47529 0:0 106656
106654 47527 0:0 106656
106654 47528 0:0 106656
106655 47525 0:0 106656
106655 47524 0:0 106656
106655 47517 0:0 106656
106655 47523 0:0 106656
106655 47518 0:0 106656
106657 49135 1:0 108996
106657 49142 1:0 109035
106657 49143 1:0 109036
106657 49144 1:0 109045
106657 49145 1:0 109046
106664 49913 1:0 109076
106664 49236 1:0 109096
106664 49140 1:0 109025
106664 49146 1:0 109055
106664 49237 1:0 109097
106665 49147 1:0 109056
106792 47665 21:0 106849
106848 47671 0:0 106858
106848 47664 0:0 106858
106849 47670 0:0 106864
106849 47672 0:0 106877
106855 47676 21:0 106877
106876 47677 0:0 106877
106876 47673 0:0 106877
106876 47675 0:0 106877
106876 47674 0:0 106877
107013 47812 21:0 107070
107069 47818 0:0 107078
107069 47821 21:0 107098
107070 47817 0:0 107085
107070 47811 0:0 107085
107096 47819 0:0 107098
107097 47822 0:0 107098
107097 47820 0:0 107098
107097 47824 0:0 107098
107097 47823 0:0 107098
107234 47959 21:0 107290
107289 47958 0:0 107297
107289 47964 0:0 107297
107290 47965 0:0 107299
107297 47970 21:0 107319
107317 47967 0:0 107319
107318 47968 0:0 107319
107318 47966 0:0 107319
107318 47969 0:0 107319
107318 47971 0:0 107319
107455 48106 0:0 107479
107458 48105 0:0 107484
107488 48111 21:0 107539
107538 48115 0:0 107540
107538 48117 0:0 107540
107539 48114 0:0 107540
107539 48113 0:0 107540
107539 48116 0:0 107540
107539 48118 0:0 107540
107539 48112 0:0 107540
107709 48258 21:0 107760
107760 48253 0:0 107761
107760 48264 0:0 107761
107760 48265 0:0 107761
107760 48262 0:0 107761
107760 48263 0:0 107761
107760 48252 0:0 107761
107760 48261 0:0 107761
107760 48260 0:0 107761
107760 48259 0:0 107761
107897 48400 21:0 107954
107953 48406 0:0 107963
107954 48405 0:0 107969
107954 48399 0:0 107969
107957 48412 21:0 107982
107980 48410 0:0 107982
107981 48411 0:0 107982
107981 48407 0:0 107982
107981 48409 0:0 107982
107981 48408 0:0 107982
108121 48546 21:0 108177
108176 48553 0:0 108190
108176 48547 0:0 108190
108177 48552 0:0 108194
108177 48554 0:0 108203
108179 48557 0:0 108203
108202 48558 0:0 108203
108202 48555 0:0 108203
108202 48559 0:0 108203
108202 48556 0:0 108203
108339 48694 21:0 108396
108395 48700 0:0 108404
108395 48704 21:0 108424
108396 48699 0:0 108410
108396 48693 0:0 108410
108422 48705 0:0 108424
108423 48702 0:0 108424
108423 48701 0:0 108424
108423 48703 0:0 108424
108423 48706 0:0 108424
108590 48847 21:0 108637
108594 48844 0:0 108596
108636 48853 0:0 108645
108637 48849 0:0 108645
108637 48846 0:0 108645
108637 48841 0:0 108645
108637 48840 0:0 108645
108644 48850 0:0 108645
108644 48851 0:0 108645
108644 48852 0:0 108645
108644 48848 0:0 108645
108811 48994 21:0 108858
108857 48999 0:0 108866
108857 48998 0:0 108866
108858 48993 0:0 108866
108858 48988 0:0 108866
108858 48987 0:0 108866
108865 48997 0:0 108866
108865 48995 0:0 108866
108865 49000 0:0 108866
108865 48996 0:0 108866
109032 49141 21:0 109078
109077 49140 0:0 109085
109077 49135 0:0 109085
109077 49134 0:0 109085
109078 49147 0:0 109085
109078 49145 0:0 109085
109084 49142 0:0 109085
109084 49143 0:0 109085
109103 49237 21:0 119
