50 8653 0:0 52
50 8651 0:0 52
50 8655 0:0 52
50 8652 0:0 52
51 8656 0:0 52
88 8787 21:0 104
103 8789 0:0 104
106 8802 21:0 114
113 8803 0:0 114
113 8804 21:0 164
164 8820 21:0 180
164 8805 0:0 180
182 8835 21:0 190
189 8834 0:0 190
189 8836 0:0 190
189 8837 21:0 240
240 8838 0:0 256
258 8868 21:0 266
265 8870 0:0 266
265 8869 21:0 316
316 8871 0:0 332
316 8887 21:0 332
334 8901 21:0 342
341 8902 0:0 342
341 8903 21:0 392
390 8913 0:0 392
392 8904 0:0 408
405 8932 21:0 408
410 8934 21:0 418
417 8936 0:0 418
417 8935 21:0 468
431 8945 0:0 432
468 8950 21:0 484
468 8937 0:0 484
472 8952 0:0 473
486 8967 21:0 494
493 8968 0:0 494
493 8969 21:0 544
506 8959 0:0 508
544 8970 0:0 560
544 8986 21:0 560
562 9000 21:0 570
569 9002 0:0 570
569 9001 21:0 620
583 9011 0:0 584
620 9019 21:0 636
620 9003 0:0 636
638 9033 21:0 646
645 9034 0:0 646
645 9035 21:0 696
658 9025 0:0 660
694 9045 0:0 696
696 9036 0:0 712
703 9038 21:0 712
714 9066 21:0 722
721 9068 0:0 722
721 9067 21:0 772
735 9077 0:0 736
772 9069 0:0 788
779 9071 21:0 788
790 9099 21:0 798
797 9101 0:0 798
797 9100 21:0 848
848 9102 0:0 864
866 9132 21:0 874
873 9133 0:0 874
873 9134 21:0 924
924 9151 0:0 929
924 9135 0:0 940
929 9152 21:0 940
939 9137 21:0 940
942 9165 21:0 950
949 9166 0:0 950
949 9167 21:0 1000
998 9177 0:0 1000
1000 9168 0:0 1016
1018 9198 21:0 1026
1025 9200 0:0 1026
1025 9199 21:0 1076
1076 9201 0:0 1092
1076 9217 21:0 1092
1094 9231 21:0 1102
1101 9232 0:0 1102
1101 9230 0:0 1102
1101 9233 21:0 1152
1152 9234 0:0 1168
1159 9236 21:0 1168
1170 9264 21:0 1178
1177 9265 0:0 1178
1177 9266 21:0 1228
1228 9267 0:0 1244
1246 9297 21:0 1254
1253 9298 0:0 1254
1253 9299 21:0 1304
1304 9300 0:0 1320
1322 9330 21:0 1330
1329 9331 0:0 1330
1329 9332 21:0 1380
1380 9333 0:0 1396
1398 9363 21:0 1406
1405 9365 0:0 1406
1405 9364 0:0 1406
1418 9375 21:0 1429
1429 9376 21:0 1462
1461 9382 0:0 1462
1461 9380 0:0 1462
1461 9383 0:0 1462
1464 9369 21:0 1473
1471 9384 0:0 1473
1471 9366 0:0 1473
1472 9395 21:0 1473
1474 9366 1:0 2779
1475 9397 21:0 1483
1482 9399 0:0 1483
1482 9396 0:0 1483
1482 9398 21:0 1533
1495 9389 0:0 1497
1496 9408 0:0 1497
1531 9409 0:0 1533
1533 9415 0:0 1538
1533 9416 0:0 1538
1533 9413 0:0 1538
1533 9400 0:0 1549
1540 9402 21:0 1549
1547 9417 0:0 1549
1548 9428 21:0 1549
1551 9430 21:0 1559
1558 9429 0:0 1559
1558 9431 0:0 1559
1558 9432 21:0 1609
1571 9422 0:0 1573
1572 9441 0:0 1573
1607 9442 0:0 1609
1609 9449 0:0 1614
1609 9446 0:0 1614
1609 9448 0:0 1614
1609 9433 0:0 1625
1616 9435 21:0 1625
1623 9450 0:0 1625
1624 9461 21:0 1625
1627 9463 21:0 1635
1634 9462 0:0 1635
1634 9465 0:0 1635
1634 9464 21:0 1685
1647 9455 0:0 1649
1648 9474 0:0 1649
1683 9475 0:0 1685
1685 9482 0:0 1690
1685 9481 0:0 1690
1685 9479 0:0 1690
1685 9466 0:0 1701
1692 9468 21:0 1701
1699 9483 0:0 1701
1700 9494 21:0 1701
1703 9496 21:0 1711
1710 9495 0:0 1711
1710 9497 0:0 1711
1710 9498 21:0 1761
1723 9488 0:0 1725
1723 69 0:0 1725
1724 9507 0:0 1725
1759 9508 0:0 1761
1761 9514 0:0 1766
1761 9512 0:0 1766
1761 9515 0:0 1766
1761 9499 0:0 1777
1768 9501 21:0 1777
1775 9516 0:0 1777
1776 9527 21:0 1777
1779 9529 21:0 1787
1786 9531 0:0 1787
1786 89 0:0 1787
1786 9528 0:0 1787
1786 9530 21:0 1837
1799 87 0:0 1801
1799 9521 0:0 1801
1800 9540 0:0 1801
1835 9541 0:0 1837
1837 9545 0:0 1842
1837 9547 0:0 1842
1837 9548 0:0 1842
1837 9532 0:0 1853
1844 9534 21:0 1853
1851 9549 0:0 1853
1852 9560 21:0 1853
1855 9562 21:0 1863
1862 9561 0:0 1863
1862 9564 0:0 1863
1862 9563 21:0 1913
1875 9554 0:0 1877
1876 9573 0:0 1877
1911 9574 0:0 1913
1913 9580 0:0 1918
1913 9581 0:0 1918
1913 9578 0:0 1918
1913 9565 0:0 1929
1920 9567 21:0 1929
1927 9582 0:0 1929
1928 9593 21:0 1929
1931 9595 21:0 1939
1938 9596 0:0 1939
1938 9594 0:0 1939
1938 9597 21:0 1989
1951 9587 0:0 1953
1952 9606 0:0 1953
1987 9607 0:0 1989
1989 9613 0:0 1994
1989 9611 0:0 1994
1989 9614 0:0 1994
1989 9598 0:0 2005
1996 9600 21:0 2005
2003 9615 0:0 2005
2004 9626 21:0 2005
2007 9628 21:0 2015
2014 9630 0:0 2015
2014 9627 0:0 2015
2014 9629 21:0 2065
2027 141 0:0 2029
2027 9620 0:0 2029
2028 9639 0:0 2029
2063 9640 0:0 2065
2065 9646 0:0 2070
2065 9647 0:0 2070
2065 9644 0:0 2070
2065 9631 0:0 2081
2072 9633 21:0 2081
2079 9648 0:0 2081
2080 9659 21:0 2081
2083 9661 21:0 2091
2090 9660 0:0 2091
2090 9663 0:0 2091
2090 9662 21:0 2141
2103 9653 0:0 2105
2104 9672 0:0 2105
2139 9673 0:0 2141
2141 9664 0:0 2157
2141 9677 21:0 2157
2145 9679 0:0 2146
2145 9680 0:0 2146
2156 9681 0:0 2157
2156 9666 21:0 2157
2156 9692 21:0 2157
2159 9694 21:0 2167
2166 9693 0:0 2167
2166 9695 0:0 2167
2166 9696 21:0 2217
2179 9686 0:0 2181
2180 9705 0:0 2181
2215 9706 0:0 2217
2217 9712 0:0 2222
2217 9713 0:0 2222
2217 9710 0:0 2222
2217 9697 0:0 2233
2224 9699 21:0 2233
2231 9714 0:0 2233
2232 9725 21:0 2233
2235 9727 21:0 2243
2242 9726 0:0 2243
2242 9728 0:0 2243
2242 9729 21:0 2293
2255 9719 0:0 2257
2256 9738 0:0 2257
2291 9739 0:0 2293
2293 9730 0:0 2309
2293 9743 21:0 2309
2297 9746 0:0 2298
2297 9745 0:0 2298
2308 9732 21:0 2309
2308 9747 0:0 2309
2308 9758 21:0 2309
2311 9760 21:0 2319
2312 211 0:0 2314
2318 9762 0:0 2319
2318 9759 0:0 2319
2318 215 0:0 2319
2318 9761 21:0 2369
2331 9752 0:0 2333
2332 9771 0:0 2333
2367 9772 0:0 2369
2369 9779 0:0 2374
2369 9776 0:0 2374
2369 9778 0:0 2374
2369 9763 0:0 2385
2382 9791 21:0 2385
2383 9780 0:0 2385
2384 9765 21:0 2385
2387 9793 21:0 2395
2394 9792 0:0 2395
2394 9794 0:0 2395
2394 9795 21:0 2445
2407 9785 0:0 2409
2408 9804 0:0 2409
2443 9805 0:0 2445
2445 9812 21:0 2461
2445 9796 0:0 2461
2449 9811 0:0 2450
2449 9809 0:0 2450
2460 9813 0:0 2461
2460 9798 21:0 2461
2460 9824 21:0 2461
2463 9826 21:0 2471
2470 9827 0:0 2471
2470 9825 0:0 2471
2470 9828 21:0 2521
2483 9818 0:0 2485
2484 9837 0:0 2485
2519 9838 0:0 2521
2521 9842 0:0 2526
2521 9829 0:0 2537
2526 9846 21:0 2537
2536 9857 21:0 2537
2539 9859 21:0 2547
2546 9858 0:0 2547
2546 9861 0:0 2547
2546 9860 21:0 2597
2597 9862 0:0 2613
2604 9864 21:0 2613
2615 9892 21:0 2623
2622 9894 0:0 2623
2622 9893 21:0 2673
2673 9895 0:0 2689
2691 9925 21:0 2699
2698 9927 0:0 2699
2698 9926 21:0 2749
2749 9928 0:0 2765
2767 9958 21:0 2775
2774 9960 21:0 2781
2776 9364 1:0 2785
2779 9365 1:0 2786
2780 9959 21:0 2784
2783 9961 21:0 2794
2788 9363 1:0 2795
2789 9333 1:0 2901
2795 9332 1:0 2908
2797 9331 1:0 2907
2797 9330 1:0 2917
2803 9300 1:0 3023
2814 336 21:0 2828
2910 9299 1:0 3030
2911 9298 1:0 3029
2911 9297 1:0 3039
2919 9267 1:0 3145
2925 9266 1:0 3152
2943 9265 1:0 3151
2944 9236 1:0 3251
3032 9264 1:0 3161
3033 9234 1:0 3267
3033 9230 1:0 3277
3041 9232 1:0 3273
3041 9233 1:0 3274
3051 9231 1:0 3283
3065 9217 1:0 3319
3154 9201 1:0 3389
3155 9199 1:0 3395
3155 9177 1:0 3467
3163 9200 1:0 3396
3163 9198 1:0 3405
3173 9168 1:0 3511
3187 215 1:0 3523
3188 211 1:0 3531
3276 9167 1:0 3518
3277 9166 1:0 3517
3277 9152 1:0 3555
3277 9151 1:0 3563
3285 9165 1:0 3527
3285 9137 1:0 3617
3291 9135 1:0 3633
3398 9134 1:0 3640
3399 9133 1:0 3639
3399 9132 1:0 3649
3407 9102 1:0 3755
3407 9100 1:0 3761
3417 9101 1:0 3762
3431 9071 1:0 3861
3520 9099 1:0 3771
3521 9077 1:0 3857
3521 9069 1:0 3877
3529 9067 1:0 3883
3529 9068 1:0 3884
3539 9066 1:0 3893
3553 9045 1:0 3955
3554 9038 1:0 3983
3642 9036 1:0 3999
3643 141 1:0 4001
3643 9035 1:0 4006
3651 9034 1:0 4005
3651 9033 1:0 4015
3657 9025 1:0 4028
3657 9019 1:0 4051
3657 9011 1:0 4101
3764 9003 1:0 4121
3765 9001 1:0 4127
3765 9002 1:0 4128
3773 9000 1:0 4137
3773 8986 1:0 4173
3773 8959 1:0 4272
3779 8970 1:0 4243
3886 8969 1:0 4250
3887 8968 1:0 4249
3887 8967 1:0 4259
3895 8950 1:0 4295
3895 8952 1:0 4295
3895 8945 1:0 4345
3895 8937 1:0 4365
3901 87 1:0 4367
3919 8935 1:0 4371
3920 89 1:0 4377
4008 8936 1:0 4372
4009 8934 1:0 4381
4009 8932 1:0 4390
4009 8913 1:0 4443
4017 8904 1:0 4487
4017 69 1:0 4489
4017 8887 1:0 4539
4023 8903 1:0 4494
4130 8902 1:0 4493
4131 8901 1:0 4503
4131 8871 1:0 4609
4139 8869 1:0 4615
4145 8870 1:0 4616
4163 8868 1:0 4625
4164 8834 1:0 4741
4252 8838 1:0 4731
4253 8837 1:0 4738
4253 8820 1:0 4783
4261 8836 1:0 4737
4261 8835 1:0 4747
4271 8805 1:0 4853
4285 8789 1:0 4897
4374 8804 1:0 4860
4375 8803 1:0 4859
4375 8787 1:0 4905
4383 8802 1:0 4869
4383 9961 1:0 6314
4393 9959 1:0 6345
4407 337 1:0 6343
4496 9960 1:0 6353
4497 9958 1:0 6363
4505 9928 1:0 6476
4505 9926 1:0 6483
4511 9927 1:0 6484
4515 9864 1:0 6722
4618 9925 1:0 6494
4984 10997 21:0 4995
4995 10998 21:0 5028
5027 11004 0:0 5028
5027 11002 0:0 5028
5027 11005 0:0 5028
5028 11006 21:0 5039
5038 11017 21:0 5039
5038 10991 21:0 5039
5041 11019 21:0 5049
5048 11021 0:0 5049
5048 11018 0:0 5049
5048 11020 21:0 5099
5061 11011 0:0 5063
5062 11030 0:0 5063
5097 11031 0:0 5099
5099 11035 0:0 5104
5099 11037 0:0 5104
5099 11038 0:0 5104
5099 11022 0:0 5115
5106 11024 21:0 5115
5113 11039 0:0 5115
5114 11050 21:0 5115
5117 11052 21:0 5125
5124 11051 0:0 5125
5124 11054 0:0 5125
5124 11053 21:0 5175
5137 11044 0:0 5139
5138 11063 0:0 5139
5173 11064 0:0 5175
5175 11070 0:0 5180
5175 11068 0:0 5180
5175 11071 0:0 5180
5175 11055 0:0 5191
5182 11057 21:0 5191
5189 11072 0:0 5191
5190 11083 21:0 5191
5193 11085 21:0 5201
5200 11084 0:0 5201
5200 11086 0:0 5201
5200 11087 21:0 5251
5213 11077 0:0 5215
5214 11096 0:0 5215
5249 11097 0:0 5251
5251 11103 0:0 5256
5251 11101 0:0 5256
5251 11104 0:0 5256
5251 11088 0:0 5267
5258 11090 21:0 5267
5265 11105 0:0 5267
5266 11116 21:0 5267
5269 11118 21:0 5277
5276 11117 0:0 5277
5276 11119 0:0 5277
5276 11120 21:0 5327
5289 11110 0:0 5291
5290 11129 0:0 5291
5325 11130 0:0 5327
5327 11137 0:0 5332
5327 11136 0:0 5332
5327 11134 0:0 5332
5327 11121 0:0 5343
5334 11123 21:0 5343
5341 11138 0:0 5343
5342 11149 21:0 5343
5345 11151 21:0 5353
5352 11153 0:0 5353
5352 11150 0:0 5353
5352 11152 21:0 5403
5365 11143 0:0 5367
5366 11162 0:0 5367
5401 11163 0:0 5403
5403 11167 0:0 5408
5403 11169 0:0 5408
5403 11170 0:0 5408
5403 11154 0:0 5419
5410 11156 21:0 5419
5417 11171 0:0 5419
5418 11182 21:0 5419
5421 11184 21:0 5429
5428 11183 0:0 5429
5428 11186 0:0 5429
5428 11185 21:0 5479
5441 11176 0:0 5443
5442 11195 0:0 5443
5477 11196 0:0 5479
5479 11203 0:0 5484
5479 11202 0:0 5484
5479 11200 0:0 5484
5479 11187 0:0 5495
5486 11189 21:0 5495
5493 11204 0:0 5495
5494 11215 21:0 5495
5497 11217 21:0 5505
5504 11219 0:0 5505
5504 11216 0:0 5505
5504 11218 21:0 5555
5517 11209 0:0 5519
5518 11228 0:0 5519
5553 11229 0:0 5555
5555 11233 0:0 5560
5555 11235 0:0 5560
5555 11236 0:0 5560
5555 11220 0:0 5571
5562 11222 21:0 5571
5569 11237 0:0 5571
5570 11248 21:0 5571
5573 11250 21:0 5581
5580 11251 0:0 5581
5580 11249 0:0 5581
5580 11252 21:0 5631
5593 11242 0:0 5595
5594 11261 0:0 5595
5629 11262 0:0 5631
5631 11268 0:0 5636
5631 11266 0:0 5636
5631 11269 0:0 5636
5631 11253 0:0 5647
5638 11255 21:0 5647
5645 11270 0:0 5647
5646 11281 21:0 5647
5649 11283 21:0 5657
5656 11284 0:0 5657
5656 11282 0:0 5657
5656 11285 21:0 5707
5669 11275 0:0 5671
5670 11294 0:0 5671
5705 11295 0:0 5707
5707 11301 0:0 5712
5707 11299 0:0 5712
5707 11302 0:0 5712
5707 11286 0:0 5723
5720 11314 21:0 5723
5721 11303 0:0 5723
5722 11288 21:0 5723
5725 11316 21:0 5733
5732 11315 0:0 5733
5732 11317 0:0 5733
5732 11318 21:0 5783
5745 11308 0:0 5747
5746 11327 0:0 5747
5781 11328 0:0 5783
5783 11334 21:0 5799
5783 11319 0:0 5799
5787 11335 0:0 5788
5787 11332 0:0 5788
5798 11321 21:0 5799
5798 11347 21:0 5799
5798 11336 0:0 5799
5801 11349 21:0 5809
5808 11350 0:0 5809
5808 11348 0:0 5809
5808 11351 21:0 5859
5821 11341 0:0 5823
5822 11360 0:0 5823
5857 11361 0:0 5859
5859 11352 0:0 5875
5859 11367 21:0 5875
5877 11382 21:0 5885
5884 11383 0:0 5885
5884 11384 21:0 5935
5897 11374 0:0 5899
5935 11385 0:0 5951
5942 11387 21:0 5951
5949 11402 0:0 5951
5953 11415 21:0 5961
5960 11414 0:0 5961
5960 11416 0:0 5961
5960 11417 21:0 6011
6011 11418 0:0 6027
6024 11446 21:0 6027
6029 11448 21:0 6037
6036 11449 0:0 6037
6036 11450 21:0 6087
6049 11440 0:0 6051
6050 11459 0:0 6051
6085 11460 0:0 6087
6087 11451 0:0 6103
6105 11481 21:0 6113
6112 11483 0:0 6113
6112 11482 21:0 6163
6126 11492 0:0 6127
6163 11484 0:0 6179
6168 11501 21:0 6179
6181 11514 21:0 6189
6188 11516 0:0 6189
6188 11515 21:0 6239
6239 11517 0:0 6255
6257 11547 21:0 6265
6264 11549 0:0 6265
6264 11548 21:0 6315
6315 11550 0:0 6331
6333 11580 21:0 6341
6340 11582 21:0 6347
6342 9895 1:0 6607
6346 11581 21:0 6350
6349 11583 21:0 6361
6355 9893 1:0 6614
6356 9894 1:0 6615
6356 9892 1:0 6625
6362 9862 1:0 6738
6365 9860 1:0 6745
6365 9861 1:0 6746
6371 9858 1:0 6749
6384 337 21:0 6398
6391 9859 1:0 6756
6392 9846 1:0 6786
6399 9857 1:0 6766
6404 9838 1:0 6821
6486 9842 1:0 6795
6486 9837 1:0 6848
6487 9829 1:0 6869
6487 9828 1:0 6877
6496 9827 1:0 6876
6496 9825 1:0 6880
6496 9824 1:0 6897
6496 9818 1:0 6902
6502 9826 1:0 6887
6504 9813 1:0 6917
6507 9812 1:0 6926
6522 9811 1:0 6926
6523 9809 1:0 6926
6535 9805 1:0 6952
6617 9804 1:0 6979
6617 9798 1:0 6984
6618 9796 1:0 7000
6618 9795 1:0 7008
6627 9794 1:0 7007
6627 9792 1:0 7011
6627 9785 1:0 7033
6627 9780 1:0 7048
6633 9793 1:0 7018
6635 9791 1:0 7028
6636 10085 21:0 6660
6638 9779 1:0 7057
6653 9778 1:0 7057
6654 9776 1:0 7057
6661 9772 1:0 7083
6666 9765 1:0 7115
6748 9763 1:0 7131
6749 9771 1:0 7110
6749 9761 1:0 7138
6749 9759 1:0 7142
6758 9762 1:0 7139
6758 9760 1:0 7149
6764 9758 1:0 7159
6764 9752 1:0 7164
6764 9747 1:0 7179
6766 9743 1:0 7188
6769 9745 1:0 7188
6784 9746 1:0 7188
6785 9739 1:0 7214
6797 9732 1:0 7246
6879 9730 1:0 7262
6880 9738 1:0 7241
6880 9729 1:0 7270
6880 9726 1:0 7273
6889 9728 1:0 7269
6889 9727 1:0 7280
6895 9725 1:0 7290
6895 9719 1:0 7295
6895 9714 1:0 7310
6897 9712 1:0 7319
6900 9706 1:0 7345
6915 9710 1:0 7319
6916 9713 1:0 7319
6928 9699 1:0 7377
7010 9697 1:0 7393
7011 9705 1:0 7372
7011 9696 1:0 7401
7011 9693 1:0 7404
7019 10253 21:0 7022
7020 9695 1:0 7400
7020 9694 1:0 7411
7023 9692 1:0 7421
7026 9686 1:0 7426
7026 9681 1:0 7441
7026 9677 1:0 7450
7028 9680 1:0 7450
7029 10256 0:0 7050
7031 9679 1:0 7450
7046 9673 1:0 7476
7047 9672 1:0 7503
7047 9666 1:0 7508
7059 9660 1:0 7535
7141 9664 1:0 7524
7142 9662 1:0 7531
7142 9653 1:0 7557
7142 9648 1:0 7572
7151 9663 1:0 7532
7151 9661 1:0 7542
7157 9659 1:0 7552
7157 9647 1:0 7581
7157 9646 1:0 7581
7159 9640 1:0 7607
7162 9644 1:0 7581
7177 9633 1:0 7639
7178 9639 1:0 7634
7270 10363 21:0 7275
7272 9631 1:0 7655
7273 9629 1:0 7662
7273 9630 1:0 7663
7281 10367 21:0 7284
7282 9627 1:0 7666
7282 9628 1:0 7673
7282 9626 1:0 7683
7282 9620 1:0 7688
7282 9615 1:0 7703
7285 9614 1:0 7712
7288 9611 1:0 7712
7288 9613 1:0 7712
7288 9607 1:0 7738
7290 9600 1:0 7770
7321 9598 1:0 7786
7403 9606 1:0 7765
7403 9594 1:0 7797
7404 9596 1:0 7793
7404 9597 1:0 7794
7413 9595 1:0 7804
7413 9593 1:0 7814
7413 9587 1:0 7819
7413 9582 1:0 7834
7413 9574 1:0 7869
7419 9580 1:0 7843
7419 9578 1:0 7843
7419 9581 1:0 7843
7421 9567 1:0 7901
7422 10427 0:0 7443
7440 9565 1:0 7917
7452 9573 1:0 7896
7534 9563 1:0 7924
7535 9564 1:0 7925
7535 9561 1:0 7928
7535 9549 1:0 7965
7544 9562 1:0 7935
7544 9560 1:0 7945
7544 9554 1:0 7950
7544 9547 1:0 7974
7544 9545 1:0 7974
7550 9548 1:0 7974
7550 9541 1:0 8000
7550 9534 1:0 8032
7552 9540 1:0 8027
7553 10484 0:0 7574
7571 9532 1:0 8048
7583 9528 1:0 8059
7663 10534 21:0 7668
7665 9530 1:0 8055
7666 9531 1:0 8056
7666 9527 1:0 8076
7666 9521 1:0 8081
7666 9516 1:0 8096
7675 9529 1:0 8066
7675 9515 1:0 8105
7675 9514 1:0 8105
7675 9512 1:0 8105
7675 9508 1:0 8131
7681 9501 1:0 8163
7686 9499 1:0 8179
7701 9507 1:0 8158
7702 9495 1:0 8190
7714 9488 1:0 8212
7796 9498 1:0 8187
7797 9497 1:0 8186
7797 9494 1:0 8207
7797 9483 1:0 8227
7805 10595 21:0 7808
7806 9496 1:0 8197
7806 9482 1:0 8236
7806 9479 1:0 8236
7806 9481 1:0 8236
7806 9475 1:0 8262
7809 9468 1:0 8294
7814 9466 1:0 8310
7817 9474 1:0 8289
7832 9462 1:0 8321
7833 9450 1:0 8358
7925 10648 21:0 7930
7927 9464 1:0 8317
7928 9465 1:0 8318
7928 9463 1:0 8328
7937 9461 1:0 8338
7937 9455 1:0 8343
7937 9448 1:0 8367
7937 9449 1:0 8367
7937 9446 1:0 8367
7937 9442 1:0 8393
7937 9435 1:0 8425
7943 9433 1:0 8441
7945 9441 1:0 8420
7946 10655 0:0 7967
7964 9432 1:0 8449
7976 9429 1:0 8452
8058 9431 1:0 8448
8059 9430 1:0 8459
8059 9422 1:0 8474
8059 9417 1:0 8489
8067 10709 21:0 8070
8068 9428 1:0 8469
8068 9415 1:0 8498
8068 9416 1:0 8498
8068 9413 1:0 8498
8068 9409 1:0 8524
8071 9400 1:0 8572
8074 9408 1:0 8551
8074 9402 1:0 8556
8077 10712 0:0 8098
8094 9398 1:0 8579
8095 9396 1:0 8583
8095 9395 1:0 8600
8107 9384 1:0 8620
8189 9399 1:0 8580
8190 9397 1:0 8590
8190 9389 1:0 8605
8190 9376 1:0 8655
8198 10766 21:0 8201
8199 9382 1:0 8625
8199 9383 1:0 8625
8199 9380 1:0 8625
8199 9369 1:0 8674
8199 9375 1:0 8682
8202 11583 1:0 10063
8207 11581 1:0 10074
8210 338 1:0 10072
8329 10823 21:0 8332
8339 10826 0:0 8360
8470 10883 0:0 8491
8591 10937 21:0 8594
8713 12619 21:0 8724
8724 12620 21:0 8757
8752 12624 0:0 8757
8752 12627 0:0 8757
8752 12626 0:0 8757
8765 12639 21:0 8768
8766 12628 0:0 8768
8770 12641 21:0 8778
8777 12640 0:0 8778
8777 12642 0:0 8778
8777 12643 21:0 8828
8790 12633 0:0 8792
8791 12652 0:0 8792
8826 12653 0:0 8828
8828 12659 21:0 8844
8828 12644 0:0 8844
8832 12657 0:0 8833
8832 12660 0:0 8833
8843 12661 0:0 8844
8843 12646 21:0 8844
8843 12672 21:0 8844
8846 12674 21:0 8854
8853 12676 0:0 8854
8853 12673 0:0 8854
8853 35 0:0 8854
8853 12675 21:0 8904
8866 12666 0:0 8868
8867 12685 0:0 8868
8902 12686 0:0 8904
8904 12693 0:0 8909
8904 12692 0:0 8909
8904 12690 0:0 8909
8904 12677 0:0 8920
8911 12679 21:0 8920
8918 12694 0:0 8920
8919 12705 21:0 8920
8922 12707 21:0 8930
8929 12709 0:0 8930
8929 12706 0:0 8930
8929 12708 21:0 8980
8942 12699 0:0 8944
8943 12718 0:0 8944
8978 12719 0:0 8980
8980 12726 0:0 8985
8980 12725 0:0 8985
8980 12710 0:0 8996
8993 12738 21:0 8996
8994 12727 0:0 8996
8995 12712 21:0 8996
8998 12740 21:0 9006
9005 12739 0:0 9006
9005 12742 0:0 9006
9005 12741 21:0 9056
9018 12732 0:0 9020
9018 69 0:0 9020
9019 12751 0:0 9020
9054 12752 0:0 9056
9056 12758 0:0 9061
9056 12756 0:0 9061
9056 12743 0:0 9072
9063 12745 21:0 9072
9070 12760 0:0 9072
9071 12771 21:0 9072
9074 12773 21:0 9082
9081 12774 0:0 9082
9081 12772 0:0 9082
9081 89 0:0 9082
9081 12775 21:0 9132
9094 12765 0:0 9096
9095 12784 0:0 9096
9130 12785 0:0 9132
9132 12776 0:0 9148
9132 12791 21:0 9148
9136 12792 0:0 9137
9136 12789 0:0 9137
9147 12778 21:0 9148
9147 12804 21:0 9148
9147 12793 0:0 9148
9150 12806 21:0 9158
9151 103 0:0 9153
9157 12807 0:0 9158
9157 12808 21:0 9208
9170 12798 0:0 9172
9171 12817 0:0 9172
9206 12818 0:0 9208
9208 12809 0:0 9224
9208 12824 21:0 9224
9212 12825 0:0 9213
9212 12822 0:0 9213
9223 12826 0:0 9224
9226 12839 21:0 9234
9227 121 0:0 9229
9233 12841 0:0 9234
9233 12840 21:0 9284
9246 12831 0:0 9248
9247 12850 0:0 9248
9282 12851 0:0 9284
9284 12858 21:0 9300
9284 12842 0:0 9300
9288 12855 0:0 9289
9288 12857 0:0 9289
9299 12859 0:0 9300
9299 12870 21:0 9300
9302 12872 21:0 9310
9309 12873 0:0 9310
9309 12874 21:0 9360
9322 12864 0:0 9324
9322 141 0:0 9324
9323 12883 0:0 9324
9360 12875 0:0 9376
9365 12892 21:0 9376
9378 12905 21:0 9386
9379 157 0:0 9381
9385 12907 0:0 9386
9385 12906 21:0 9436
9398 12897 0:0 9400
9434 12917 0:0 9436
9436 12923 21:0 9452
9436 12908 0:0 9452
9440 12924 0:0 9441
9451 12936 21:0 9452
9454 12938 21:0 9462
9455 175 0:0 9457
9461 12937 0:0 9462
9461 12939 0:0 9462
9461 12940 21:0 9512
9512 12941 0:0 9528
9517 12958 21:0 9528
9530 12971 21:0 9538
9531 193 0:0 9533
9537 12973 0:0 9538
9537 12970 0:0 9538
9537 12972 21:0 9588
9550 12963 0:0 9552
9551 12982 0:0 9552
9588 12974 0:0 9604
9601 13002 21:0 9604
9606 13004 21:0 9614
9613 13003 0:0 9614
9613 13005 0:0 9614
9613 13006 21:0 9664
9626 12996 0:0 9628
9664 13020 21:0 9680
9664 13007 0:0 9680
9679 13009 21:0 9680
9682 13037 21:0 9690
9689 13038 0:0 9690
9689 13039 21:0 9740
9740 13040 0:0 9756
9740 13056 21:0 9756
9755 13057 0:0 9756
9758 13070 21:0 9766
9765 13071 0:0 9766
9765 13072 21:0 9816
9814 13082 0:0 9816
9816 13073 0:0 9832
9829 13101 21:0 9832
9834 13103 21:0 9842
9841 13104 0:0 9842
9841 13105 21:0 9892
9892 13106 0:0 9908
9899 13108 21:0 9908
9910 13136 21:0 9918
9917 13138 0:0 9918
9917 13137 21:0 9968
9930 13128 0:0 9932
9968 13139 0:0 9984
9986 13169 21:0 9994
9993 13171 0:0 9994
9993 13170 21:0 10044
10044 13172 0:0 10060
10062 13202 21:0 10070
10069 13203 21:0 10076
10073 11582 1:0 10082
10075 13204 21:0 10079
10077 336 1:0 2777
10078 13205 21:0 10090
10084 11580 1:0 10092
10085 11550 1:0 10205
10091 11548 1:0 10212
10094 11549 1:0 10213
10094 11547 1:0 10223
10100 11517 1:0 10336
10113 338 21:0 10127
10121 11515 1:0 10343
10128 11501 1:0 10384
10133 10085 1:0 10363
10215 11516 1:0 10344
10216 11514 1:0 10354
10216 11492 1:0 10446
10225 11484 1:0 10467
10225 11482 1:0 10474
10231 11483 1:0 10475
10252 11481 1:0 10485
10264 11460 1:0 10550
10346 11451 1:0 10598
10347 11459 1:0 10577
10347 11450 1:0 10606
10347 11440 1:0 10631
10356 11449 1:0 10605
10356 11448 1:0 10616
10362 11446 1:0 10626
10367 11418 1:0 10729
10382 11414 1:0 10740
10477 11417 1:0 10737
10478 11416 1:0 10736
10478 11415 1:0 10747
10487 10253 1:0 10746
10487 10256 1:0 10756
10487 11402 1:0 10777
10487 11387 1:0 10844
10487 11385 1:0 10860
10495 11384 1:0 10868
10526 11383 1:0 10867
10608 11382 1:0 10878
10609 11374 1:0 10893
10609 11367 1:0 10917
10609 11361 1:0 10943
10609 11360 1:0 10970
10609 10363 1:0 10997
10609 11348 1:0 11002
10618 11352 1:0 10991
10618 11351 1:0 10999
10626 11350 1:0 10998
10657 11349 1:0 11009
10739 10367 1:0 11008
10739 193 1:0 11013
10739 11347 1:0 11019
10739 11336 1:0 11039
10740 11341 1:0 11024
10740 11332 1:0 11048
10740 11335 1:0 11048
10740 11334 1:0 11048
10740 11328 1:0 11074
10740 11321 1:0 11106
10749 11327 1:0 11101
10749 11319 1:0 11122
10749 11315 1:0 11133
10755 11318 1:0 11130
10775 11317 1:0 11129
10776 175 1:0 11144
10788 10427 1:0 11149
10870 11316 1:0 11140
10871 11314 1:0 11150
10871 11308 1:0 11155
10871 11303 1:0 11170
10871 11302 1:0 11179
10871 11301 1:0 11179
10871 11295 1:0 11205
10880 11299 1:0 11179
10880 11294 1:0 11232
10880 11288 1:0 11237
10880 11286 1:0 11253
10886 11285 1:0 11261
10907 11284 1:0 11260
10919 11282 1:0 11264
11001 11283 1:0 11271
11002 157 1:0 11275
11002 10484 1:0 11280
11002 11281 1:0 11281
11002 11275 1:0 11286
11002 11270 1:0 11301
11002 11262 1:0 11336
11011 11266 1:0 11310
11011 11268 1:0 11310
11011 11269 1:0 11310
11011 11255 1:0 11368
11011 11253 1:0 11384
11017 11261 1:0 11363
11017 141 1:0 11386
11037 11252 1:0 11392
11038 11249 1:0 11395
11050 10534 1:0 11390
11132 11251 1:0 11391
11133 11250 1:0 11402
11133 11248 1:0 11412
11133 11237 1:0 11432
11142 11242 1:0 11417
11142 11233 1:0 11441
11142 11235 1:0 11441
11142 11236 1:0 11441
11142 11229 1:0 11467
11142 11228 1:0 11494
11142 11222 1:0 11499
11148 11220 1:0 11515
11169 11218 1:0 11522
11181 11216 1:0 11526
11263 11219 1:0 11523
11264 10595 1:0 11532
11264 11217 1:0 11533
11264 121 1:0 11537
11273 11215 1:0 11543
11273 11209 1:0 11548
11273 11204 1:0 11563
11273 11202 1:0 11572
11273 11200 1:0 11572
11273 11203 1:0 11572
11273 11196 1:0 11598
11273 11189 1:0 11630
11281 11187 1:0 11646
11284 11195 1:0 11625
11299 11183 1:0 11657
11300 10648 1:0 11652
11312 103 1:0 11668
11394 11185 1:0 11653
11395 11186 1:0 11654
11395 10655 1:0 11673
11395 11176 1:0 11679
11404 11184 1:0 11664
11404 11182 1:0 11674
11404 11171 1:0 11694
11404 11169 1:0 11703
11404 11163 1:0 11729
11410 11167 1:0 11703
11410 11170 1:0 11703
11430 11154 1:0 11777
11431 11156 1:0 11761
11443 11162 1:0 11756
11525 11152 1:0 11784
11526 11153 1:0 11785
11526 11150 1:0 11788
11526 89 1:0 11790
11535 10709 1:0 11794
11535 11151 1:0 11795
11535 10712 1:0 11804
11535 11149 1:0 11805
11535 11138 1:0 11825
11541 11143 1:0 11810
11541 11137 1:0 11834
11541 11136 1:0 11834
11543 11134 1:0 11834
11546 11130 1:0 11860
11561 11123 1:0 11892
11562 11129 1:0 11887
11574 69 1:0 11910
11656 11121 1:0 11908
11657 11120 1:0 11916
11657 11117 1:0 11919
11657 10766 1:0 11925
11666 11119 1:0 11915
11666 11118 1:0 11926
11672 11116 1:0 11936
11672 11110 1:0 11941
11672 11105 1:0 11956
11674 11101 1:0 11965
11677 11103 1:0 11965
11692 11104 1:0 11965
11693 11097 1:0 11991
11705 11090 1:0 12023
11787 11088 1:0 12039
11788 11096 1:0 12018
11788 11087 1:0 12047
11788 11084 1:0 12050
11797 11086 1:0 12046
11797 11085 1:0 12057
11803 10823 1:0 12056
11803 10826 1:0 12066
11803 11083 1:0 12067
11805 11072 1:0 12087
11808 11077 1:0 12072
11823 11064 1:0 12122
11824 11070 1:0 12096
11836 11068 1:0 12096
11918 11071 1:0 12096
11918 11063 1:0 12149
11918 11057 1:0 12154
11918 11051 1:0 12181
11919 11055 1:0 12170
11919 35 1:0 12183
11928 11053 1:0 12177
11928 11054 1:0 12178
11934 11052 1:0 12188
11936 11039 1:0 12218
11939 11044 1:0 12203
11954 10883 1:0 12197
11955 11050 1:0 12198
11967 10937 1:0 12221
12049 11037 1:0 12227
12049 11035 1:0 12227
12049 11038 1:0 12227
12049 11031 1:0 12253
12050 11024 1:0 12285
12050 11022 1:0 12301
12050 339 1:0 12272
12059 11030 1:0 12280
12059 11018 1:0 12305
12059 11020 1:0 12308
12059 11017 1:0 12312
12065 11021 1:0 12309
12067 10991 1:0 12312
12098 11019 1:0 12319
12180 11006 1:0 12321
12180 11011 1:0 12326
12180 10997 1:0 12349
12180 10998 1:0 12349
12181 13205 1:0 12349
12181 11002 1:0 12354
12181 11005 1:0 12354
12190 11004 1:0 12354
12190 13204 1:0 12434
12196 13203 1:0 12441
12201 13202 1:0 12452
12216 6152 1:0 12541
12217 6157 1:0 12541
12229 6156 1:0 12625
12311 6153 1:0 12541
12311 6154 1:0 12541
12311 6155 1:0 12541
12311 6303 1:0 12762
12312 13172 1:0 12655
12312 6304 1:0 12762
12321 13170 1:0 12662
12321 13171 1:0 12663
12327 13169 1:0 12673
12329 6299 1:0 12762
12332 6302 1:0 12762
12347 6300 1:0 12762
12348 6301 1:0 12836
12444 13139 1:0 12876
12445 13137 1:0 12883
12445 13138 1:0 12884
12454 13136 1:0 12894
12454 13128 1:0 12909
12454 13108 1:0 12981
12454 6447 1:0 12983
12460 13106 1:0 13097
12462 6448 1:0 13057
12473 339 21:0 12487
12480 6449 1:0 12983
12481 6450 1:0 12983
12481 6446 1:0 12983
12493 6451 1:0 12983
12547 13105 1:0 13105
12613 13104 1:0 13104
12623 13101 1:0 13125
12635 6156 21:0 12657
12656 6157 0:0 12657
12656 6155 0:0 12657
12656 6154 0:0 12657
12656 6153 0:0 12657
12656 6152 0:0 12657
12665 13103 1:0 13115
12666 13082 1:0 13180
12666 6596 1:0 13204
12666 6593 1:0 13204
12666 6595 1:0 13204
12666 6598 1:0 13204
12666 6597 1:0 13288
12675 13073 1:0 13318
12675 6594 1:0 13204
12681 13072 1:0 13326
12686 13071 1:0 13325
12714 13070 1:0 13336
12755 13057 1:0 13366
12755 13056 1:0 13375
12768 6744 1:0 13509
12783 6742 1:0 13425
12784 6743 1:0 13425
12844 13040 1:0 13539
12846 6301 21:0 12878
12876 6303 0:0 12878
12877 6302 0:0 12878
12877 6299 0:0 12878
12877 6304 0:0 12878
12877 6300 0:0 12878
12886 13020 1:0 13596
12886 6740 1:0 13425
12886 6745 1:0 13425
12886 6741 1:0 13425
12887 13039 1:0 13547
12887 13009 1:0 13644
12887 6892 1:0 13646
12896 13038 1:0 13546
12896 13037 1:0 13557
12902 6888 1:0 13646
12907 13007 1:0 13760
12922 6887 1:0 13646
12923 6890 1:0 13646
12935 6891 1:0 13646
12935 6889 1:0 13720
13004 13006 1:0 13768
13005 13003 1:0 13771
13065 13005 1:0 13767
13067 6448 21:0 13099
13098 6451 0:0 13099
13098 6446 0:0 13099
13098 6450 0:0 13099
13098 6449 0:0 13099
13098 6447 0:0 13099
13107 13004 1:0 13778
13108 13002 1:0 13788
13108 12996 1:0 13793
13108 12982 1:0 13870
13108 7034 1:0 13931
13108 7035 1:0 13932
13108 7036 1:0 13941
13117 12974 1:0 13981
13117 7037 1:0 13942
13117 7039 1:0 13950
13117 7038 1:0 13950
13123 12972 1:0 13988
13144 12973 1:0 13989
13156 12970 1:0 13992
13210 12971 1:0 13999
13225 12958 1:0 14029
13226 12963 1:0 14014
13226 7181 1:0 14152
13276 7182 1:0 14153
13286 7183 1:0 14162
13298 6597 21:0 13320
13319 6594 0:0 13320
13319 6595 0:0 13320
13319 6598 0:0 13320
13319 6596 0:0 13320
13319 6593 0:0 13320
13328 12941 1:0 14202
13329 12937 1:0 14213
13329 12936 1:0 14230
13329 7184 1:0 14163
13329 7185 1:0 14171
13329 7186 1:0 14171
13338 12939 1:0 14209
13338 12940 1:0 14210
13344 12938 1:0 14220
13346 12923 1:0 14259
13349 12917 1:0 14285
13364 12924 1:0 14259
13365 7328 1:0 14309
13418 12908 1:0 14423
13431 7329 1:0 14309
13446 7331 1:0 14309
13447 7333 1:0 14309
13447 7330 1:0 14309
13448 7332 1:0 14393
13519 6744 21:0 13541
13540 6742 0:0 13541
13540 6745 0:0 13541
13540 6740 0:0 13541
13540 6741 0:0 13541
13540 6743 0:0 13541
13549 12906 1:0 14430
13550 12907 1:0 14431
13550 12905 1:0 14441
13559 12897 1:0 14456
13559 12892 1:0 14471
13559 12875 1:0 14644
13559 7479 1:0 14530
13559 7476 1:0 14530
13565 7480 1:0 14530
13565 7478 1:0 14530
13565 7475 1:0 14530
13567 7477 1:0 14604
13570 12883 1:0 14529
13598 12874 1:0 14652
13667 12873 1:0 14651
13718 12872 1:0 14662
13728 12864 1:0 14677
13730 6889 21:0 13762
13760 6891 0:0 13762
13761 6890 0:0 13762
13761 6888 0:0 13762
13761 6887 0:0 13762
13761 6892 0:0 13762
13770 12870 1:0 14672
13770 12859 1:0 14692
13770 12858 1:0 14701
13770 12851 1:0 14727
13771 12857 1:0 14701
13771 12855 1:0 14701
13771 12842 1:0 14865
13780 12850 1:0 14750
13780 7626 1:0 14751
13780 7627 1:0 14751
13780 7625 1:0 14751
13780 7623 1:0 14751
13780 7622 1:0 14751
13780 7624 1:0 14825
13786 12840 1:0 14872
13807 12841 1:0 14873
13868 12839 1:0 14883
13873 12826 1:0 14913
13888 12831 1:0 14898
13889 12824 1:0 14922
13889 12822 1:0 14922
13939 12818 1:0 14948
13949 12825 1:0 14922
13951 7034 0:0 13983
13982 7038 0:0 13983
13982 7037 0:0 13983
13982 7039 0:0 13983
13982 7036 0:0 13983
13982 7035 0:0 13983
13991 7774 1:0 14971
13991 7773 1:0 14971
13991 7770 1:0 14971
13991 7772 1:0 15047
13992 12817 1:0 14971
13992 12809 1:0 15086
13992 7769 1:0 14971
14001 12808 1:0 15094
14001 7771 1:0 14971
14007 12807 1:0 15093
14012 12806 1:0 15104
14027 12798 1:0 15119
14028 12793 1:0 15134
14040 12804 1:0 15114
14040 12791 1:0 15143
14081 12792 1:0 15143
14081 12785 1:0 15169
14094 12789 1:0 15143
14109 12778 1:0 15201
14110 7916 1:0 15257
14170 12776 1:0 15307
14172 7182 0:0 14204
14203 7184 0:0 14204
14203 7181 0:0 14204
14203 7186 0:0 14204
14203 7183 0:0 14204
14203 7185 0:0 14204
14212 12784 1:0 15196
14212 7917 1:0 15258
14212 7918 1:0 15267
14212 7919 1:0 15268
14213 12775 1:0 15315
14213 7920 1:0 15277
14213 7921 1:0 15277
14222 12774 1:0 15314
14222 12772 1:0 15318
14222 12771 1:0 15335
14222 12765 1:0 15340
14228 12773 1:0 15325
14230 12760 1:0 15355
14233 12758 1:0 15364
14248 12756 1:0 15364
14249 12752 1:0 15390
14261 12745 1:0 15412
14261 8064 1:0 15413
14302 8063 1:0 15413
14302 8066 1:0 15413
14315 8065 1:0 15488
14330 8067 1:0 15413
14331 12751 1:0 15413
14331 8068 1:0 15413
14403 7332 21:0 14425
14424 7328 0:0 14425
14424 7330 0:0 14425
14424 7331 0:0 14425
14424 7333 0:0 14425
14424 7329 0:0 14425
14433 12743 1:0 15528
14434 12741 1:0 15535
14434 12742 1:0 15536
14443 12739 1:0 15539
14443 12740 1:0 15546
14443 12738 1:0 15556
14443 12732 1:0 15561
14443 12727 1:0 15576
14449 12725 1:0 15585
14449 12726 1:0 15585
14449 12719 1:0 15611
14451 12712 1:0 15633
14454 8215 1:0 15634
14469 8212 1:0 15709
14470 8210 1:0 15634
14482 12718 1:0 15634
14482 8213 1:0 15634
14523 8211 1:0 15634
14523 8214 1:0 15634
14552 12710 1:0 15749
14553 12706 1:0 15760
14614 7477 21:0 14646
14645 7475 0:0 14646
14645 7480 0:0 14646
14645 7479 0:0 14646
14645 7478 0:0 14646
14645 7476 0:0 14646
14654 12708 1:0 15756
14655 12709 1:0 15757
14655 12707 1:0 15767
14664 12705 1:0 15777
14664 12699 1:0 15782
14664 12694 1:0 15797
14664 12693 1:0 15806
14664 12690 1:0 15806
14664 12692 1:0 15806
14664 12686 1:0 15832
14664 12679 1:0 15864
14670 12685 1:0 15859
14670 8357 1:0 15920
14670 8358 1:0 15921
14691 12677 1:0 15970
14703 8359 1:0 15930
14703 8360 1:0 15931
14744 8361 1:0 15939
14744 8362 1:0 15939
14773 12675 1:0 15977
14774 12673 1:0 15981
14823 12661 1:0 16018
14833 12672 1:0 15998
14835 7624 21:0 14867
14866 7623 0:0 14867
14866 7626 0:0 14867
14866 7622 0:0 14867
14866 7625 0:0 14867
14866 7627 0:0 14867
14875 12676 1:0 15978
14876 12674 1:0 15988
14876 12666 1:0 16003
14876 12659 1:0 16027
14885 12657 1:0 16027
14885 12660 1:0 16027
14885 12653 1:0 16053
14885 12652 1:0 16080
14885 12646 1:0 16085
14885 8504 1:0 16141
14885 8505 1:0 16142
14891 12644 1:0 16191
14893 8506 1:0 16151
14896 8507 1:0 16152
14911 8508 1:0 16160
14912 8509 1:0 16160
14973 12643 1:0 16199
14994 12642 1:0 16198
15044 12640 1:0 16202
15054 12633 1:0 16224
15057 7772 21:0 15088
15087 7770 0:0 15088
15087 7769 0:0 15088
15087 7773 0:0 15088
15087 7771 0:0 15088
15087 7774 0:0 15088
15096 12641 1:0 16209
15097 12639 1:0 16219
15097 12628 1:0 16239
15097 12627 1:0 16248
15097 12624 1:0 16248
15097 12626 1:0 16248
15097 12620 1:0 16274
15106 12619 1:0 16296
15106 8651 1:0 16297
15106 8653 1:0 16297
15106 8655 1:0 16297
15106 8656 1:0 16297
15106 8652 1:0 16297
15106 8654 1:0 16373
15278 7916 0:0 15309
15308 7917 0:0 15309
15308 7921 0:0 15309
15308 7920 0:0 15309
15308 7918 0:0 15309
15308 7919 0:0 15309
15499 8065 21:0 15530
15529 8066 0:0 15530
15529 8068 0:0 15530
15529 8067 0:0 15530
15529 8064 0:0 15530
15529 8063 0:0 15530
15719 8212 21:0 15751
15750 8215 0:0 15751
15750 8210 0:0 15751
15750 8213 0:0 15751
15750 8214 0:0 15751
15750 8211 0:0 15751
15940 8357 0:0 15972
15971 8360 0:0 15972
15971 8359 0:0 15972
15971 8362 0:0 15972
15971 8361 0:0 15972
15971 8358 0:0 15972
16161 8504 0:0 16193
16192 8508 0:0 16193
16192 8505 0:0 16193
16192 8506 0:0 16193
16192 8509 0:0 16193
16192 8507 0:0 16193
16379 8654 21:0 52
