149 15436 0:0 151
150 15432 0:0 151
150 15439 0:0 151
150 15438 0:0 151
150 15435 0:0 151
150 15437 0:0 151
154 15426 0:0 155
158 341 0:0 187
158 15427 21:0 187
186 15433 21:0 192
205 15633 0:0 208
210 15635 21:0 279
212 15634 0:0 213
277 15636 0:0 279
281 15666 21:0 289
286 15668 0:0 289
288 15667 0:0 289
289 15669 21:0 360
359 15699 21:0 365
364 15701 0:0 365
364 15700 0:0 365
365 15702 0:0 387
433 15732 21:0 441
440 15734 0:0 441
440 15733 0:0 441
441 15735 21:0 512
509 15765 0:0 512
514 15767 21:0 572
516 15766 0:0 517
571 15768 0:0 583
585 15798 0:0 588
590 15799 21:0 651
592 15800 0:0 593
651 15801 0:0 659
661 15831 21:0 669
668 15833 0:0 669
668 15832 0:0 669
669 15834 21:0 740
739 15864 0:0 740
742 15866 21:0 811
744 15865 0:0 745
745 15867 0:0 767
813 15897 21:0 821
820 15899 0:0 821
820 15898 21:0 887
885 15900 0:0 887
889 15930 0:0 892
894 15932 21:0 963
896 15931 0:0 897
961 15933 0:0 963
965 15963 0:0 968
970 15964 21:0 1035
972 15965 0:0 973
1035 15966 0:0 1039
1041 15996 21:0 1049
1048 15998 0:0 1049
1048 15997 21:0 1115
1113 15999 0:0 1115
1117 16029 0:0 1120
1122 16031 21:0 1191
1124 16030 0:0 1125
1189 16032 0:0 1191
1193 16062 21:0 1201
1200 16064 0:0 1201
1200 16063 21:0 1267
1265 16065 0:0 1267
1269 16095 21:0 1277
1276 16096 0:0 1277
1276 16097 21:0 1343
1341 16098 0:0 1343
1525 16207 21:0 1535
1563 16098 1:0 1920
1564 16096 1:0 1926
1564 16097 1:0 1927
1572 16095 1:0 1936
1572 16065 1:0 2042
1582 16063 1:0 2048
1685 16064 1:0 2049
1686 16062 1:0 2058
1694 16032 1:0 2164
1694 16031 1:0 2171
1700 16030 1:0 2170
1719 16029 1:0 2180
1807 15999 1:0 2286
1808 15997 1:0 2292
1816 15998 1:0 2293
1816 15996 1:0 2302
1822 15966 1:0 2408
1825 16352 21:0 1847
1929 15964 1:0 2414
1930 15965 1:0 2415
1930 15963 1:0 2424
1938 15933 1:0 2530
1938 15932 1:0 2537
1947 16409 21:0 1969
1948 15931 1:0 2536
2051 15930 1:0 2546
2052 15900 1:0 2652
2052 15898 1:0 2658
2060 15899 1:0 2659
2060 15897 1:0 2668
2070 15867 1:0 2774
2172 16516 21:0 2176
2173 15866 1:0 2781
2174 15865 1:0 2780
2174 15864 1:0 2790
2182 16520 21:0 2184
2182 15834 1:0 2896
2185 15833 1:0 2903
2192 15832 1:0 2902
2294 16573 21:0 2298
2295 15831 1:0 2912
2296 15801 1:0 3018
2296 15799 1:0 3024
2304 15800 1:0 3025
2310 15798 1:0 3034
2328 15768 1:0 3140
2417 15767 1:0 3147
2418 15766 1:0 3146
2426 15765 1:0 3156
2426 15735 1:0 3262
2432 15733 1:0 3268
2539 15734 1:0 3269
2540 15732 1:0 3278
2540 15702 1:0 3384
2548 15700 1:0 3390
2548 15701 1:0 3391
2558 15699 1:0 3400
2661 15669 1:0 3506
2662 15668 1:0 3513
2670 15667 1:0 3512
2670 15666 1:0 3522
2676 15636 1:0 3628
2695 15635 1:0 3635
2783 15634 1:0 3634
2784 15633 1:0 3644
2784 335 1:0 3748
3045 16922 21:0 3067
3270 17029 21:0 3274
3392 17086 21:0 3396
3636 17200 21:0 3640
3746 334 21:0 3796
3801 17271 21:0 3812
3811 335 21:0 3812
3814 17284 21:0 3822
3821 17286 0:0 3822
3821 17285 0:0 3822
3822 17287 21:0 3893
3892 17317 21:0 3898
3897 17318 0:0 3898
3897 17319 0:0 3898
3897 11 21:0 3948
3898 17320 0:0 3920
3948 17335 21:0 3964
3963 33 21:0 3964
3966 17350 21:0 3974
3973 17351 0:0 3974
3973 17352 21:0 4040
4038 17353 0:0 4040
4039 47 21:0 4045
4042 17383 0:0 4045
4047 17384 21:0 4105
4049 17385 0:0 4050
4104 17386 0:0 4116
4105 17403 21:0 4116
4115 69 21:0 4116
4118 17416 21:0 4126
4125 17417 0:0 4126
4125 17418 21:0 4192
4190 17419 0:0 4192
4194 17449 21:0 4202
4201 17450 0:0 4202
4201 17451 21:0 4268
4266 17452 0:0 4268
4267 17434 21:0 4273
4270 17482 0:0 4273
4272 17461 21:0 4273
4275 17484 21:0 4344
4277 17483 0:0 4278
4342 17485 0:0 4344
4343 17481 21:0 4344
4343 83 21:0 4346
4345 17421 21:0 4349
4346 17515 0:0 4349
4348 17469 21:0 4349
4351 17517 21:0 4420
4353 17516 0:0 4354
4418 17518 0:0 4420
4419 17531 21:0 4420
4419 17526 21:0 4422
4422 17548 21:0 4430
4429 17550 0:0 4430
4429 17549 21:0 4496
4494 17551 0:0 4496
4495 17540 21:0 4501
4498 17581 0:0 4501
4500 17553 21:0 4501
4503 17582 21:0 4561
4505 17583 0:0 4506
4560 17584 0:0 4572
4560 17597 21:0 4572
4571 157 21:0 4572
4571 175 21:0 4577
4574 17614 0:0 4577
4576 17428 21:0 4577
4579 17615 21:0 4641
4581 17616 0:0 4582
4640 17617 0:0 4648
4645 17645 21:0 4648
4650 17647 0:0 4653
4655 17649 21:0 4724
4657 17648 0:0 4658
4722 17650 0:0 4724
4723 211 21:0 4724
4726 17680 21:0 4734
4733 17682 0:0 4734
4733 17681 21:0 4800
4798 17683 0:0 4800
4802 17713 21:0 4810
4809 17714 0:0 4810
4809 17715 21:0 4876
4874 17716 0:0 4876
4878 17746 21:0 4886
4885 17747 0:0 4886
4885 17748 21:0 4952
4950 17749 0:0 4952
4954 17779 21:0 4962
4961 17781 0:0 4962
4961 17780 21:0 5028
5026 17782 0:0 5028
5030 17812 21:0 5038
5037 17813 0:0 5038
5037 17814 21:0 5104
5134 17858 21:0 5144
5175 17814 1:0 5304
5176 17813 1:0 5303
5185 17812 1:0 5314
5185 17782 1:0 5427
5191 17780 1:0 5434
5211 17781 1:0 5435
5212 16352 1:0 5454
5224 16409 1:0 5585
5306 17779 1:0 5445
5307 17749 1:0 5558
5316 17747 1:0 5565
5316 17748 1:0 5566
5322 17746 1:0 5576
5342 17716 1:0 5689
5437 17715 1:0 5697
5438 17714 1:0 5696
5438 17713 1:0 5707
5447 16520 1:0 5791
5447 17683 1:0 5820
5447 16516 1:0 5820
5453 17681 1:0 5827
5456 16352 21:0 5480
5473 17682 1:0 5828
5474 16573 1:0 5922
5474 211 1:0 5951
5568 17680 1:0 5838
5569 17650 1:0 5951
5577 16406 21:0 5580
5578 17648 1:0 5958
5578 17649 1:0 5959
5581 17647 1:0 5969
5584 17645 1:0 5979
5589 17617 1:0 6082
5604 17597 1:0 6139
5699 17615 1:0 6089
5700 17616 1:0 6090
5700 17614 1:0 6100
5709 175 1:0 6213
5709 17584 1:0 6213
5715 17582 1:0 6220
5720 17583 1:0 6221
5735 157 1:0 6315
5736 17553 1:0 6328
5748 17540 1:0 6377
5830 17581 1:0 6231
5831 17551 1:0 6344
5831 17531 1:0 6401
5840 17549 1:0 6351
5840 17550 1:0 6352
5846 17548 1:0 6362
5848 17526 1:0 6454
5879 17518 1:0 6475
5961 17517 1:0 6483
5962 17516 1:0 6482
5962 17481 1:0 6606
5971 17515 1:0 6493
5971 17485 1:0 6606
5977 17484 1:0 6614
5979 17469 1:0 6654
5980 16580 21:0 6004
5998 17483 1:0 6613
6010 17461 1:0 6689
6092 17482 1:0 6624
6093 17452 1:0 6737
6093 16922 1:0 6764
6102 17450 1:0 6744
6102 17451 1:0 6745
6108 17449 1:0 6755
6110 17428 1:0 6785
6113 17434 1:0 6794
6128 17421 1:0 6852
6223 17419 1:0 6868
6224 17417 1:0 6875
6224 17418 1:0 6876
6233 17416 1:0 6886
6233 83 1:0 6890
6233 17403 1:0 6916
6233 17029 1:0 6999
6239 17386 1:0 6999
6260 17384 1:0 7006
6272 69 1:0 7012
6354 17385 1:0 7007
6355 17383 1:0 7017
6355 17086 1:0 7130
6363 16748 21:0 6366
6364 17353 1:0 7130
6364 17352 1:0 7138
6370 17351 1:0 7137
6390 17350 1:0 7148
6391 47 1:0 7152
6403 17335 1:0 7187
6485 17320 1:0 7261
6486 17318 1:0 7268
6486 33 1:0 7272
6495 17319 1:0 7269
6495 17317 1:0 7279
6501 17287 1:0 7392
6503 17200 1:0 7398
6534 17286 1:0 7400
6616 17285 1:0 7399
6617 17284 1:0 7410
6617 11 1:0 7414
6617 17271 1:0 7440
6626 335 1:0 7494
6626 336 1:0 7521
7028 17036 21:0 7052
7149 17090 21:0 7152
7159 17093 21:0 7183
7519 335 21:0 7569
7569 18918 21:0 7585
7587 18935 0:0 7590
7592 18937 21:0 7661
7594 18936 0:0 7595
7607 18927 0:0 7609
7659 18938 0:0 7661
7660 18940 21:0 7661
7663 18968 0:0 7666
7668 18969 21:0 7737
7670 18970 0:0 7671
7725 18987 0:0 7726
7735 18971 0:0 7737
7739 19001 21:0 7747
7746 19002 0:0 7747
7746 19003 21:0 7813
7747 19004 0:0 7769
7801 19020 0:0 7802
7815 19034 21:0 7823
7822 19033 0:0 7823
7822 19036 0:0 7823
7822 19035 21:0 7889
7887 19037 0:0 7889
7891 19067 21:0 7899
7898 19068 0:0 7899
7898 19069 0:0 7899
7899 19070 21:0 7965
7967 19100 21:0 7975
7972 19102 0:0 7975
7972 19101 0:0 7975
7974 105 0:0 7975
7975 19103 21:0 8046
8029 19118 0:0 8030
8040 19131 0:0 8041
8045 19133 21:0 8051
8048 19135 0:0 8051
8050 19134 0:0 8051
8051 19136 21:0 8122
8121 19166 21:0 8127
8126 141 0:0 8127
8126 19167 0:0 8127
8126 19168 21:0 8193
8181 19185 0:0 8182
8191 19169 0:0 8193
8195 19199 21:0 8203
8202 19200 0:0 8203
8202 19201 21:0 8269
8267 19202 0:0 8269
8271 19232 21:0 8279
8276 19233 0:0 8279
8278 19234 0:0 8279
8279 19235 21:0 8345
8344 19237 21:0 8350
8347 19265 0:0 8350
8349 85 21:0 8350
8352 19267 21:0 8412
8354 19266 0:0 8355
8403 19277 0:0 8405
8411 19268 0:0 8421
8411 19284 21:0 8421
8420 19086 21:0 8421
8423 19298 21:0 8431
8430 19297 0:0 8431
8430 19300 0:0 8431
8430 19299 21:0 8497
8495 19301 0:0 8497
8499 19331 21:0 8507
8506 19332 0:0 8507
8506 19333 21:0 8573
8555 19343 0:0 8557
8571 19334 0:0 8573
8575 19364 21:0 8583
8582 19366 0:0 8583
8582 19365 21:0 8649
8647 19367 0:0 8649
8651 19397 21:0 8659
8658 19398 0:0 8659
8658 19399 21:0 8725
8723 19400 0:0 8725
8727 19430 21:0 8735
8734 19432 0:0 8735
8734 19431 21:0 8801
8799 19433 0:0 8801
8803 19463 21:0 8811
8810 19465 0:0 8811
8810 19464 21:0 8877
8875 19466 0:0 8877
8876 19017 21:0 8882
8881 19006 21:0 8882
8881 19120 21:0 8887
8886 177 21:0 8887
8907 19509 21:0 8917
8948 19466 1:0 9069
8949 19464 1:0 9076
8958 19465 1:0 9077
8958 19463 1:0 9087
8964 19433 1:0 9200
8984 19431 1:0 9207
8985 16352 1:0 9227
8997 16406 1:0 9331
9079 19432 1:0 9208
9080 19430 1:0 9218
9089 19400 1:0 9331
9089 19399 1:0 9339
9095 19398 1:0 9338
9115 19397 1:0 9349
9210 19367 1:0 9462
9211 19365 1:0 9469
9211 19366 1:0 9470
9220 19364 1:0 9480
9220 19343 1:0 9545
9226 19334 1:0 9593
9231 19333 1:0 9601
9246 19297 1:0 9735
9341 19332 1:0 9600
9342 19331 1:0 9611
9342 19301 1:0 9724
9351 19299 1:0 9731
9351 19300 1:0 9732
9359 19298 1:0 9742
9362 16580 1:0 9751
9377 19284 1:0 9781
9378 19277 1:0 9807
9390 19237 1:0 9878
9472 19268 1:0 9855
9473 19267 1:0 9863
9473 177 1:0 9997
9482 19266 1:0 9862
9482 19265 1:0 9873
9488 19235 1:0 9986
9509 19233 1:0 9993
9521 16748 1:0 10117
9603 19234 1:0 9994
9604 19232 1:0 10004
9613 19202 1:0 10117
9613 19201 1:0 10125
9619 19200 1:0 10124
9622 16523 21:0 9646
9639 19199 1:0 10135
9640 19185 1:0 10174
9734 19169 1:0 10248
9735 19167 1:0 10255
9735 19168 1:0 10256
9744 141 1:0 10261
9744 19166 1:0 10266
9750 19136 1:0 10379
9755 19134 1:0 10386
9770 19120 1:0 10402
9865 19135 1:0 10387
9866 19133 1:0 10397
9866 19103 1:0 10510
9875 19131 1:0 10403
9875 19118 1:0 10432
9875 19101 1:0 10517
9881 19102 1:0 10518
9901 19100 1:0 10528
9902 105 1:0 10523
9914 19086 1:0 10533
9994 16687 21:0 9999
9996 19070 1:0 10641
9997 85 1:0 10643
9997 19068 1:0 10648
10006 19069 1:0 10649
10006 19067 1:0 10659
10012 19037 1:0 10772
10032 19035 1:0 10779
10033 19033 1:0 10783
10045 19006 1:0 10820
10127 19036 1:0 10780
10128 19034 1:0 10790
10128 17036 1:0 10799
10128 19017 1:0 10829
10137 19020 1:0 10829
10137 17090 1:0 10903
10137 19004 1:0 10903
10143 19003 1:0 10911
10163 19002 1:0 10910
10164 17093 1:0 10930
10176 18987 1:0 10960
10258 19001 1:0 10921
10259 18971 1:0 11034
10268 18969 1:0 11041
10268 18970 1:0 11042
10274 18968 1:0 11052
10294 18938 1:0 11165
10295 18940 1:0 11149
10307 18927 1:0 11198
10389 18937 1:0 11173
10390 18936 1:0 11172
10390 18918 1:0 11222
10390 337 1:0 11294
10399 18935 1:0 11183
10518 16915 21:0 10523
10529 16919 21:0 10532
11173 17200 21:0 11178
11292 336 21:0 11342
11347 20573 21:0 11358
11360 20586 21:0 11365
11365 20587 21:0 11434
11367 20588 0:0 11368
11432 20589 0:0 11434
11436 20619 21:0 11444
11437 29 0:0 11439
11443 20620 0:0 11444
11443 20621 21:0 11510
11508 20622 0:0 11510
11512 20652 21:0 11520
11519 20654 0:0 11520
11519 51 0:0 11520
11519 20653 21:0 11586
11532 49 0:0 11534
11584 20655 0:0 11586
11585 31 21:0 11591
11588 20685 0:0 11591
11590 20672 21:0 11591
11593 20686 21:0 11662
11594 69 0:0 11596
11595 20687 0:0 11596
11660 20688 0:0 11662
11661 20637 21:0 11662
11664 20718 21:0 11672
11671 20720 0:0 11672
11671 20719 21:0 11738
11736 20721 0:0 11738
11737 20738 0:0 11738
11740 20751 21:0 11748
11747 20752 0:0 11748
11747 20753 0:0 11748
11748 20754 21:0 11814
11816 20784 21:0 11824
11821 20786 0:0 11824
11821 20785 0:0 11824
11824 20787 21:0 11895
11894 20817 0:0 11895
11894 20677 21:0 11895
11894 20815 21:0 11895
11897 20819 21:0 11966
11899 20818 0:0 11900
11964 20820 0:0 11966
11965 20833 21:0 11966
11968 20850 0:0 11971
11973 20852 21:0 12042
11975 20851 0:0 11976
12040 20853 0:0 12042
12041 20870 21:0 12042
12044 20883 21:0 12052
12051 20884 0:0 12052
12051 20885 21:0 12118
12116 20886 0:0 12118
12117 20894 21:0 12123
12120 20916 0:0 12123
12125 20918 21:0 12183
12126 20915 0:0 12128
12127 20917 0:0 12128
12182 20934 21:0 12194
12182 20919 0:0 12194
12193 20921 21:0 12194
12196 20949 21:0 12204
12203 20950 0:0 12204
12203 20951 21:0 12270
12252 20961 0:0 12254
12268 20952 0:0 12270
12272 20982 21:0 12280
12279 20983 0:0 12280
12279 20984 21:0 12346
12344 20985 0:0 12346
12348 21015 21:0 12356
12355 21014 0:0 12356
12355 21016 0:0 12356
12355 21017 21:0 12422
12420 21018 0:0 12422
12424 21048 21:0 12432
12431 21049 0:0 12432
12431 21050 21:0 12498
12496 21051 0:0 12498
12500 21081 21:0 12508
12507 21083 0:0 12508
12507 21082 21:0 12574
12572 21084 0:0 12574
12576 21114 21:0 12584
12583 21115 0:0 12584
12583 21116 21:0 12650
12648 21117 0:0 12650
12649 21034 21:0 12655
12654 247 21:0 12655
12654 20968 21:0 12660
12659 20936 21:0 12660
12659 21027 21:0 12675
12680 21160 21:0 12690
12721 21117 1:0 12842
12722 21116 1:0 12850
12731 21115 1:0 12849
12731 21114 1:0 12860
12737 21084 1:0 12973
12757 21082 1:0 12980
12852 21083 1:0 12981
12853 21081 1:0 12991
12853 21051 1:0 13104
12862 21049 1:0 13111
12862 21050 1:0 13112
12870 21048 1:0 13122
12873 21027 1:0 13152
12888 21034 1:0 13161
12889 247 1:0 13235
12901 21014 1:0 13246
12983 21018 1:0 13235
12984 21017 1:0 13243
12993 21016 1:0 13242
12993 21015 1:0 13253
12999 20985 1:0 13366
13019 20984 1:0 13374
13020 16523 1:0 13393
13032 20968 1:0 13423
13114 20983 1:0 13373
13115 20982 1:0 13384
13115 20961 1:0 13449
13124 20952 1:0 13497
13124 20951 1:0 13505
13130 20950 1:0 13504
13151 20949 1:0 13515
13163 20936 1:0 13545
13245 20934 1:0 13554
13245 20921 1:0 13612
13246 20919 1:0 13628
13246 20918 1:0 13636
13255 20917 1:0 13635
13255 20915 1:0 13639
13255 16687 1:0 13730
13255 20894 1:0 13738
13261 20916 1:0 13646
13282 20886 1:0 13759
13294 20870 1:0 13807
13376 20885 1:0 13767
13377 20884 1:0 13766
13386 20883 1:0 13777
13386 20853 1:0 13890
13392 20852 1:0 13898
13412 20851 1:0 13897
13413 20833 1:0 13947
13425 20815 1:0 14044
13507 20850 1:0 13908
13508 20820 1:0 14021
13517 20818 1:0 14028
13517 20819 1:0 14029
13523 20817 1:0 14039
13543 20787 1:0 14152
13544 16919 1:0 14294
13636 16630 21:0 13641
13638 20785 1:0 14159
13639 20786 1:0 14160
13639 20784 1:0 14170
13648 20754 1:0 14283
13648 20753 1:0 14291
13654 16915 1:0 14289
13659 20752 1:0 14290
13674 20738 1:0 14331
13769 20751 1:0 14301
13770 20721 1:0 14414
13770 20719 1:0 14421
13779 20720 1:0 14422
13779 20718 1:0 14432
13787 20688 1:0 14545
13818 20686 1:0 14552
13900 20687 1:0 14553
13901 69 1:0 14558
13901 20685 1:0 14563
13901 20672 1:0 14593
13910 20677 1:0 14578
13910 20655 1:0 14676
13910 49 1:0 14678
13916 20653 1:0 14683
13936 20654 1:0 14684
13937 51 1:0 14689
13949 20637 1:0 14733
14029 16801 21:0 14034
14031 20652 1:0 14694
14032 31 1:0 14807
14032 20622 1:0 14807
14032 29 1:0 14829
14041 20620 1:0 14814
14041 20621 1:0 14815
14047 20619 1:0 14825
14068 20589 1:0 14938
14080 17200 1:0 14938
14162 20587 1:0 14945
14163 20588 1:0 14946
14163 20573 1:0 14986
14163 338 1:0 15067
14172 20586 1:0 14956
14815 17143 21:0 14820
14946 17200 21:0 14951
15065 337 21:0 15115
15133 22237 21:0 15141
15138 22239 0:0 15141
15140 22238 0:0 15141
15141 22240 21:0 15212
15211 22270 21:0 15217
15216 22271 0:0 15217
15216 22272 0:0 15217
15217 22273 21:0 15288
15287 22257 21:0 15288
15287 22303 0:0 15288
15287 47 21:0 15290
15290 22304 21:0 15359
15292 22305 0:0 15293
15357 22306 0:0 15359
15358 33 21:0 15359
15358 22302 21:0 15359
15358 22286 21:0 15364
15361 22336 0:0 15364
15363 22295 21:0 15364
15366 22338 21:0 15424
15368 22337 0:0 15369
15423 22339 0:0 15435
15424 22356 21:0 15435
15434 22248 21:0 15435
15437 22369 21:0 15445
15444 22371 0:0 15445
15444 22370 21:0 15511
15509 22372 0:0 15511
15513 22402 21:0 15521
15518 22403 0:0 15521
15518 22404 0:0 15521
15521 22405 21:0 15592
15589 22435 0:0 15592
15591 83 21:0 15592
15591 22355 21:0 15592
15594 22436 21:0 15663
15596 22437 0:0 15597
15661 22438 0:0 15663
15662 22334 21:0 15663
15662 22454 21:0 15663
15662 22420 21:0 15668
15665 22468 0:0 15668
15667 13 21:0 15668
15670 22470 21:0 15739
15672 22469 0:0 15673
15737 22471 0:0 15739
15738 22486 21:0 15739
15741 22501 0:0 15744
15746 22502 21:0 15807
15748 22503 0:0 15749
15806 22513 21:0 15815
15807 22504 0:0 15815
15815 173 21:0 15820
15817 22534 0:0 15820
15822 22536 21:0 15880
15824 22535 0:0 15825
15879 177 21:0 15891
15879 22537 0:0 15891
15893 22567 21:0 15901
15900 22568 0:0 15901
15900 22569 21:0 15967
15965 22570 0:0 15967
15967 209 21:0 15972
15969 22600 0:0 15972
15971 22559 21:0 15972
15974 22602 21:0 16040
15976 22601 0:0 15977
16039 22620 21:0 16043
16039 22603 0:0 16043
16042 193 21:0 16043
16045 22633 21:0 16053
16052 22634 0:0 16053
16052 22635 21:0 16119
16117 22636 0:0 16119
16121 22666 21:0 16129
16128 22667 0:0 16129
16128 22668 21:0 16195
16193 22669 0:0 16195
16197 22699 21:0 16205
16204 22700 0:0 16205
16204 22701 21:0 16271
16269 22702 0:0 16271
16273 22732 21:0 16281
16280 22733 0:0 16281
16280 22734 21:0 16347
16345 22735 0:0 16347
16349 22765 21:0 16357
16356 22767 0:0 16357
16356 22766 21:0 16423
16422 22768 21:0 16433
16453 22811 21:0 16463
16462 22631 21:0 16486
16485 22611 21:0 16486
16485 22566 21:0 16489
16494 22768 1:0 16615
16495 22766 1:0 16622
16504 22767 1:0 16623
16504 22765 1:0 16633
16510 22735 1:0 16746
16530 22734 1:0 16754
16625 22733 1:0 16753
16626 22732 1:0 16764
16626 22702 1:0 16877
16635 22700 1:0 16884
16635 22701 1:0 16885
16643 22699 1:0 16895
16674 22669 1:0 17008
16756 22668 1:0 17016
16757 22667 1:0 17015
16766 22666 1:0 17026
16766 22636 1:0 17139
16772 22635 1:0 17147
16792 22634 1:0 17146
16793 22631 1:0 17167
16805 22620 1:0 17187
16887 22633 1:0 17157
16888 22611 1:0 17249
16888 22603 1:0 17270
16888 209 1:0 17292
16896 16406 21:0 16899
16897 22601 1:0 17277
16897 22602 1:0 17278
16903 22600 1:0 17288
16905 22566 1:0 17321
16908 193 1:0 17372
16923 16630 1:0 17401
17018 22570 1:0 17401
17019 22568 1:0 17408
17019 22569 1:0 17409
17028 22567 1:0 17419
17028 22559 1:0 17434
17034 22537 1:0 17532
17039 22536 1:0 17540
17054 177 1:0 17545
17055 173 1:0 17554
17067 22513 1:0 17615
17149 22535 1:0 17539
17150 22534 1:0 17550
17159 22504 1:0 17663
17159 22502 1:0 17670
17165 22503 1:0 17671
17185 22501 1:0 17681
17186 22486 1:0 17720
17198 16801 1:0 17794
17280 22471 1:0 17794
17281 22470 1:0 17802
17281 22454 1:0 17851
17290 22469 1:0 17801
17290 22468 1:0 17812
17296 22438 1:0 17925
17298 22420 1:0 17948
17299 16580 21:0 17323
17317 22436 1:0 17932
17411 22437 1:0 17933
17412 22435 1:0 17943
17421 22405 1:0 18056
17421 22403 1:0 18063
17427 22404 1:0 18064
17432 22402 1:0 18074
17447 83 1:0 18209
17542 22372 1:0 18187
17543 22370 1:0 18194
17543 22371 1:0 18195
17552 22369 1:0 18205
17552 22356 1:0 18235
17552 22355 1:0 18244
17558 22339 1:0 18318
17578 22338 1:0 18326
17579 22334 1:0 18346
17591 22302 1:0 18449
17673 22337 1:0 18325
17674 22336 1:0 18336
17674 22295 1:0 18469
17683 22306 1:0 18449
17683 22304 1:0 18456
17689 22305 1:0 18457
17710 22303 1:0 18467
17722 22286 1:0 18469
17802 16801 21:0 17807
17804 47 1:0 18471
17804 22248 1:0 18583
17804 17143 1:0 18586
17804 33 1:0 18591
17805 22273 1:0 18580
17805 22257 1:0 18603
17814 22271 1:0 18587
17814 22272 1:0 18588
17820 22270 1:0 18598
17840 22240 1:0 18711
17841 13 1:0 18713
17853 17200 1:0 18717
17935 22238 1:0 18718
17936 22239 1:0 18719
17936 339 1:0 18840
17945 22237 1:0 18729
18838 338 21:0 18888
18887 23866 21:0 18904
18906 23888 21:0 18914
18911 23889 0:0 18914
18913 23890 0:0 18914
18914 23891 21:0 18985
18984 23921 21:0 18990
18987 23922 0:0 18990
18987 23923 0:0 18990
18990 23924 21:0 19061
19060 23913 21:0 19061
19060 23954 0:0 19061
19060 23937 21:0 19063
19063 23955 21:0 19132
19065 23956 0:0 19066
19130 23957 0:0 19132
19131 23974 21:0 19132
19131 23880 21:0 19132
19134 23987 0:0 19137
19139 23988 21:0 19197
19141 23989 0:0 19142
19196 23990 0:0 19208
19196 23986 21:0 19208
19207 69 21:0 19208
19208 83 21:0 19213
19210 24020 0:0 19213
19212 23992 21:0 19213
19215 24021 21:0 19273
19217 24022 0:0 19218
19272 24023 0:0 19284
19272 24012 21:0 19284
19283 24018 21:0 19284
19286 24053 21:0 19294
19293 24054 0:0 19294
19293 24055 21:0 19360
19358 24056 0:0 19360
19362 24086 21:0 19370
19369 24087 0:0 19370
19369 24088 21:0 19436
19434 24089 0:0 19436
19435 24069 21:0 19441
19438 24119 0:0 19441
19440 121 21:0 19441
19443 24121 21:0 19512
19445 24120 0:0 19446
19446 24122 0:0 19468
19511 24098 21:0 19512
19511 24111 21:0 19512
19514 24152 21:0 19522
19521 24154 0:0 19522
19521 24153 21:0 19588
19586 24155 0:0 19588
19587 24171 21:0 19593
19590 24185 0:0 19593
19592 24164 21:0 19593
19595 24187 21:0 19653
19597 24186 0:0 19598
19652 159 21:0 19664
19652 24188 0:0 19664
19663 24190 21:0 19664
19664 191 21:0 19669
19666 24218 0:0 19669
19668 24102 21:0 19669
19671 24219 21:0 19737
19673 24220 0:0 19674
19736 24221 0:0 19740
19737 24249 21:0 19740
19739 193 21:0 19740
19742 24251 21:0 19750
19749 24252 0:0 19750
19749 24253 21:0 19816
19814 24254 0:0 19816
19818 24284 21:0 19826
19825 24285 0:0 19826
19825 24286 21:0 19892
19890 24287 0:0 19892
19894 24317 21:0 19902
19901 24319 0:0 19902
19901 24318 21:0 19968
19966 24320 0:0 19968
19970 24350 21:0 19978
19977 24352 0:0 19978
19977 24351 21:0 20044
20042 24353 0:0 20044
20046 24383 21:0 20054
20053 24384 0:0 20054
20053 24385 21:0 20120
20118 24386 0:0 20120
20122 24416 21:0 20130
20129 24418 0:0 20130
20129 24417 21:0 20196
20194 24419 0:0 20196
20195 24005 21:0 20201
20200 23979 21:0 20201
20200 24196 21:0 20206
20226 24462 21:0 20236
20267 24419 1:0 20388
20268 24417 1:0 20395
20277 24418 1:0 20396
20277 24416 1:0 20406
20283 24386 1:0 20519
20303 24385 1:0 20527
20304 16406 1:0 20650
20398 24384 1:0 20526
20399 24383 1:0 20537
20408 24353 1:0 20650
20408 24351 1:0 20657
20414 24352 1:0 20658
20419 24350 1:0 20668
20529 24320 1:0 20781
20530 24318 1:0 20788
20530 24319 1:0 20789
20539 24317 1:0 20799
20539 24287 1:0 20912
20545 24286 1:0 20920
20548 16352 21:0 20572
20566 24285 1:0 20919
20660 24284 1:0 20930
20661 24254 1:0 21043
20661 24253 1:0 21051
20670 24252 1:0 21050
20670 24251 1:0 21061
20676 16580 1:0 21070
20676 24249 1:0 21071
20676 193 1:0 21174
20697 24221 1:0 21174
20709 191 1:0 21196
20791 24219 1:0 21181
20792 24220 1:0 21182
20792 24196 1:0 21276
20792 24190 1:0 21289
20801 24218 1:0 21192
20801 24188 1:0 21305
20809 24187 1:0 21313
20840 24186 1:0 21312
20922 24185 1:0 21323
20923 24164 1:0 21353
20923 24171 1:0 21362
20923 24155 1:0 21436
20932 159 1:0 21436
20932 24153 1:0 21443
20938 24154 1:0 21444
20943 24152 1:0 21454
20958 16801 1:0 21567
21053 24122 1:0 21567
21054 24120 1:0 21574
21054 24121 1:0 21575
21063 24119 1:0 21585
21063 24111 1:0 21600
21063 24102 1:0 21615
21063 24098 1:0 21650
21063 121 1:0 21698
21071 24089 1:0 21698
21102 24088 1:0 21706
21184 24087 1:0 21705
21185 24086 1:0 21716
21185 24069 1:0 21755
21193 16634 21:0 21196
21194 24056 1:0 21829
21194 24055 1:0 21837
21200 24054 1:0 21836
21220 24053 1:0 21847
21315 24023 1:0 21960
21316 24021 1:0 21967
21316 24022 1:0 21968
21325 24020 1:0 21978
21325 24005 1:0 21980
21325 83 1:0 21982
21325 24018 1:0 21988
21325 24012 1:0 21993
21331 23992 1:0 22062
21331 23986 1:0 22091
21351 23990 1:0 22091
21352 69 1:0 22104
21364 23974 1:0 22139
21446 23988 1:0 22098
21447 23989 1:0 22099
21447 23979 1:0 22124
21456 23987 1:0 22109
21456 23957 1:0 22222
21462 23955 1:0 22229
21464 23937 1:0 22245
21465 16751 21:0 21489
21483 23956 1:0 22230
21495 23913 1:0 22376
21577 23954 1:0 22240
21578 23924 1:0 22353
21587 23922 1:0 22360
21587 23923 1:0 22361
21593 23921 1:0 22371
21613 23891 1:0 22484
21708 23889 1:0 22491
21709 23890 1:0 22492
21709 23888 1:0 22502
21718 23880 1:0 22517
21718 23866 1:0 22586
21718 340 1:0 22613
21968 16972 21:0 21973
21979 16976 21:0 21982
22361 17143 21:0 22366
22611 339 21:0 22661
22666 25526 21:0 22677
22679 25539 21:0 22687
22684 25541 0:0 22687
22684 25540 0:0 22687
22687 25542 21:0 22758
22757 25572 0:0 22758
22760 25574 21:0 22829
22762 25573 0:0 22763
22827 25575 0:0 22829
22828 33 21:0 22829
22829 47 21:0 22834
22831 25605 0:0 22834
22833 25588 21:0 22834
22836 25607 21:0 22905
22838 25606 0:0 22839
22903 25608 0:0 22905
22904 25597 21:0 22905
22904 25624 21:0 22910
22907 25638 0:0 22910
22909 25616 21:0 22910
22909 25583 21:0 22910
22912 25639 21:0 22970
22914 25640 0:0 22915
22969 25649 21:0 22981
22969 25641 0:0 22981
22980 25630 21:0 22981
22981 83 21:0 22986
22983 25671 0:0 22986
22988 25672 21:0 23046
22990 25673 0:0 22991
23045 25674 0:0 23057
23045 25670 21:0 23057
23056 25702 21:0 23057
23059 25704 0:0 23062
23064 25706 21:0 23129
23066 25705 0:0 23067
23128 25723 21:0 23133
23129 25707 0:0 23133
23135 25737 21:0 23143
23140 25739 0:0 23143
23140 25738 0:0 23143
23143 25740 21:0 23214
23213 25770 0:0 23214
23213 25748 21:0 23214
23213 25729 21:0 23216
23216 25771 21:0 23285
23218 25772 0:0 23219
23283 25773 0:0 23285
23284 25762 21:0 23285
23284 25775 21:0 23287
23286 141 21:0 23290
23287 25803 0:0 23290
23289 25788 21:0 23290
23292 25805 21:0 23350
23294 25804 0:0 23295
23349 25806 0:0 23361
23349 25795 21:0 23361
23360 25821 21:0 23361
23360 25756 21:0 23366
23363 25836 0:0 23366
23365 25834 21:0 23366
23368 25837 21:0 23426
23370 25838 0:0 23371
23425 175 21:0 23437
23425 25839 0:0 23437
23437 191 21:0 23442
23439 25869 0:0 23442
23444 25871 21:0 23509
23446 25870 0:0 23447
23508 25861 21:0 23513
23509 25872 0:0 23513
23512 25888 21:0 23513
23515 25902 21:0 23523
23522 25904 0:0 23523
23522 25903 21:0 23589
23587 25905 0:0 23589
23591 25935 21:0 23599
23598 25937 0:0 23599
23598 25936 21:0 23665
23663 25938 0:0 23665
23667 25968 21:0 23675
23674 25970 0:0 23675
23674 25969 21:0 23741
23739 25971 0:0 23741
23743 26001 21:0 23751
23750 26002 0:0 23751
23750 26003 21:0 23817
23815 26004 0:0 23817
23819 26034 21:0 23827
23826 26035 0:0 23827
23826 26036 21:0 23893
23892 26037 21:0 23903
23902 26067 21:0 23969
23968 26069 21:0 23979
23978 26068 21:0 24032
24031 26113 21:0 24035
24040 26068 1:0 24161
24041 26069 1:0 24169
24050 26067 1:0 24179
24050 26037 1:0 24292
24056 26036 1:0 24300
24061 26035 1:0 24299
24076 16352 1:0 24319
24171 26034 1:0 24310
24172 26004 1:0 24423
24172 26003 1:0 24431
24181 26002 1:0 24430
24181 26001 1:0 24441
24189 25971 1:0 24554
24220 25969 1:0 24561
24302 25970 1:0 24562
24303 25968 1:0 24572
24312 25938 1:0 24685
24312 25936 1:0 24692
24318 25937 1:0 24693
24321 16352 21:0 24345
24338 25935 1:0 24703
24339 25888 1:0 24873
24433 25905 1:0 24816
24434 25903 1:0 24823
24434 25904 1:0 24824
24442 16406 21:0 24445
24443 25902 1:0 24834
24443 25872 1:0 24947
24449 25871 1:0 24955
24451 16634 1:0 24964
24452 16409 21:0 24476
24470 25870 1:0 24954
24477 12927 1:0 27896
24482 191 1:0 24969
24562 16459 21:0 24567
24564 25869 1:0 24965
24565 25861 1:0 24980
24565 175 1:0 25078
24565 25839 1:0 25078
24574 25837 1:0 25085
24574 25838 1:0 25086
24580 25836 1:0 25096
24582 25834 1:0 25106
24585 25821 1:0 25135
24600 25795 1:0 25242
24601 16751 1:0 25236
24693 16516 21:0 24698
24695 25806 1:0 25209
24696 25804 1:0 25216
24696 25805 1:0 25217
24705 25803 1:0 25227
24705 25788 1:0 25266
24705 25775 1:0 25324
24711 25773 1:0 25340
24731 25771 1:0 25347
24732 141 1:0 25353
24744 25756 1:0 25360
24824 16573 21:0 24829
24826 25772 1:0 25348
24827 25770 1:0 25358
24827 25748 1:0 25360
24827 25762 1:0 25363
24836 25740 1:0 25471
24836 25739 1:0 25479
24842 25738 1:0 25478
24863 25737 1:0 25489
24875 25729 1:0 25504
24957 25723 1:0 25528
24957 25702 1:0 25630
24958 25707 1:0 25602
24958 25706 1:0 25610
24967 25705 1:0 25609
24967 25704 1:0 25620
24973 16972 1:0 25704
24978 25674 1:0 25733
24993 25670 1:0 25733
25088 25672 1:0 25740
25089 25673 1:0 25741
25089 25671 1:0 25751
25098 16976 1:0 25750
25098 83 1:0 25755
25098 25649 1:0 25843
25098 25641 1:0 25864
25104 25639 1:0 25871
25125 25640 1:0 25872
25137 25630 1:0 25897
25219 25638 1:0 25882
25220 25624 1:0 25921
25220 25616 1:0 25974
25220 25608 1:0 25995
25229 25606 1:0 26002
25229 25607 1:0 26003
25237 25605 1:0 26013
25240 47 1:0 26017
25255 25597 1:0 26028
25256 25583 1:0 26043
25268 25588 1:0 26052
25350 25575 1:0 26126
25351 17143 1:0 26126
25351 25574 1:0 26134
25351 33 1:0 26139
25360 25573 1:0 26133
25360 25572 1:0 26144
25368 25542 1:0 26257
25399 25540 1:0 26264
25481 25541 1:0 26265
25482 25539 1:0 26275
25482 25526 1:0 26305
25482 341 1:0 26386
25491 12934 1:0 27896
26384 340 21:0 26434
26434 27176 21:0 26450
26449 27169 21:0 26450
26452 27190 21:0 26460
26457 27192 0:0 26460
26459 27191 0:0 26460
26460 27193 21:0 26531
26530 27223 21:0 26536
26533 27224 0:0 26536
26533 27225 0:0 26536
26536 27226 21:0 26607
26604 27256 0:0 26607
26606 27215 21:0 26607
26609 27257 21:0 26678
26610 27255 0:0 26612
26611 27258 0:0 26612
26676 27259 0:0 26678
26677 27274 21:0 26678
26680 27289 21:0 26688
26687 27290 0:0 26688
26687 27291 0:0 26688
26688 27292 21:0 26756
26755 27288 21:0 26759
26756 27322 0:0 26759
26761 27323 21:0 26819
26763 27324 0:0 26764
26776 85 0:0 26778
26776 27314 0:0 26778
26777 27333 0:0 26778
26818 27325 0:0 26830
26832 27355 21:0 26840
26839 27356 0:0 26840
26839 27357 21:0 26906
26904 27358 0:0 26906
26905 27360 21:0 26911
26908 27388 0:0 26911
26910 27373 21:0 26911
26913 27390 21:0 26982
26915 27389 0:0 26916
26980 27391 0:0 26982
26981 27419 21:0 26982
26981 27408 21:0 26982
26984 27421 0:0 26987
26989 27423 21:0 27058
26991 27422 0:0 26992
27046 27437 0:0 27047
27056 27424 0:0 27058
27057 27413 21:0 27058
27060 27454 21:0 27068
27067 27455 0:0 27068
27067 27456 21:0 27134
27132 27457 0:0 27134
27133 27474 0:0 27134
27136 27487 21:0 27144
27143 27488 0:0 27144
27143 27489 21:0 27210
27192 27499 0:0 27194
27208 27490 0:0 27210
27212 27520 21:0 27220
27219 27522 0:0 27220
27219 27521 0:0 27220
27220 27523 21:0 27291
27274 27539 0:0 27275
27290 27553 21:0 27296
27295 27554 0:0 27296
27295 27555 21:0 27362
27360 27556 0:0 27362
27364 27586 21:0 27372
27365 227 0:0 27367
27371 27587 0:0 27372
27371 27588 21:0 27438
27436 27589 0:0 27438
27440 27619 21:0 27448
27447 27620 0:0 27448
27447 27621 21:0 27514
27512 27622 0:0 27514
27516 27652 21:0 27524
27523 27654 0:0 27524
27523 27653 21:0 27590
27588 27655 0:0 27590
27592 27685 21:0 27600
27599 27686 0:0 27600
27599 27687 21:0 27666
27664 27688 0:0 27666
27668 27718 21:0 27676
27675 27720 0:0 27676
27675 27719 21:0 27742
27740 27721 0:0 27742
27741 245 21:0 27747
27746 265 21:0 27747
27746 209 21:0 27752
27751 27453 21:0 27752
27751 27569 21:0 27775
27823 27721 1:0 27864
27824 12928 1:0 27905
27824 12933 1:0 27915
27824 12935 1:0 27984
27824 12936 1:0 27985
27824 12937 1:0 27994
27824 12938 1:0 27995
27824 12939 1:0 28004
27824 13081 1:0 28117
27824 13075 1:0 28117
27833 27719 1:0 28041
27833 12940 1:0 28005
27839 27720 1:0 28042
27844 27718 1:0 28052
27859 13074 1:0 28126
27859 13080 1:0 28136
27859 13227 1:0 28338
27860 13083 1:0 28206
27913 27688 1:0 28137
27926 13082 1:0 28205
27941 13084 1:0 28215
27942 13085 1:0 28216
27942 13086 1:0 28225
27943 13087 1:0 28226
27991 12936 21:0 28036
27992 16352 1:0 28278
28034 12937 0:0 28036
28035 12940 0:0 28036
28035 12927 21:0 28036
28035 12935 0:0 28036
28035 12939 0:0 28036
28035 12938 0:0 28036
28035 12933 21:0 28036
28035 12928 21:0 28036
28035 12934 21:0 28036
28044 27687 1:0 28263
28045 27686 1:0 28262
28045 27685 1:0 28273
28054 16406 1:0 28306
28054 265 1:0 28306
28054 27655 1:0 28358
28054 13228 1:0 28338
28054 13221 1:0 28347
28054 13222 1:0 28357
28054 13232 1:0 28437
28054 13369 1:0 28568
28060 13229 1:0 28426
28060 13230 1:0 28427
28060 13231 1:0 28436
28062 13233 1:0 28446
28065 13234 1:0 28447
28093 27653 1:0 28483
28162 27654 1:0 28484
28163 13375 1:0 28578
28163 13368 1:0 28607
28212 13083 21:0 28257
28223 27652 1:0 28494
28233 16409 1:0 28503
28255 13086 0:0 28257
28256 13081 21:0 28257
28256 13084 0:0 28257
28256 13087 0:0 28257
28256 13082 0:0 28257
28256 13085 0:0 28257
28256 13075 21:0 28257
28256 13074 21:0 28257
28256 13080 21:0 28257
28265 16459 1:0 28559
28265 13376 1:0 28647
28265 13377 1:0 28648
28265 13378 1:0 28657
28266 27622 1:0 28579
28266 13374 1:0 28637
28266 13379 1:0 28658
28266 13521 1:0 28780
28266 13516 1:0 28789
28266 13515 1:0 28799
28275 27621 1:0 28705
28275 13380 1:0 28667
28275 13381 1:0 28668
28281 27620 1:0 28704
28301 27619 1:0 28715
28302 245 1:0 28719
28314 16516 1:0 28748
28368 27589 1:0 28800
28383 13527 1:0 28888
28384 13523 1:0 28868
28384 13524 1:0 28869
28385 13522 1:0 28859
28385 13668 1:0 29020
28385 13662 1:0 29049
28434 13525 1:0 28878
28443 13232 21:0 28478
28444 13526 1:0 28879
28454 13528 1:0 28889
28476 13233 0:0 28478
28477 13227 21:0 28478
28477 13228 21:0 28478
28477 13231 0:0 28478
28477 13221 21:0 28478
28477 13230 0:0 28478
28477 13222 21:0 28478
28477 13229 0:0 28478
28477 13234 0:0 28478
28486 27588 1:0 28926
28487 27587 1:0 28925
28487 227 1:0 28940
28487 27569 1:0 28966
28496 27586 1:0 28936
28496 16573 1:0 28966
28496 209 1:0 29010
28496 13671 1:0 29090
28502 27556 1:0 29021
28504 13670 1:0 29089
28507 13672 1:0 29099
28522 13673 1:0 29100
28523 13663 1:0 29050
28523 13669 1:0 29080
28523 13809 1:0 29241
28535 13674 1:0 29109
28535 13675 1:0 29110
28604 27555 1:0 29147
28654 13377 21:0 28699
28655 27554 1:0 29146
28665 27539 1:0 29196
28675 13817 1:0 29310
28697 13380 0:0 28699
28698 13368 0:0 28699
28698 13378 0:0 28699
28698 13379 0:0 28699
28698 13374 0:0 28699
28698 13375 21:0 28699
28698 13376 0:0 28699
28698 13381 0:0 28699
28698 13369 21:0 28699
28707 27553 1:0 29157
28708 27523 1:0 29241
28708 13818 1:0 29311
28708 13819 1:0 29320
28717 27521 1:0 29367
28717 13810 1:0 29271
28717 13815 1:0 29300
28717 13816 1:0 29301
28717 13820 1:0 29321
28717 13821 1:0 29330
28717 13822 1:0 29331
28725 27522 1:0 29368
28728 27499 1:0 29443
28756 27520 1:0 29378
28797 13962 1:0 29462
28797 13964 1:0 29531
28805 13965 1:0 29532
28826 27490 1:0 29580
28827 13956 1:0 29491
28827 13957 1:0 29492
28876 13966 1:0 29541
28886 13967 1:0 29542
28896 13963 1:0 29522
28896 14109 1:0 29673
28896 14110 1:0 29683
28896 14103 1:0 29712
28898 13527 21:0 28920
28919 13523 0:0 28920
28919 13528 0:0 28920
28919 13521 21:0 28920
28919 13515 21:0 28920
28919 13524 0:0 28920
28919 13516 21:0 28920
28919 13526 0:0 28920
28919 13525 0:0 28920
28919 13522 0:0 28920
28928 13968 1:0 29551
28928 13969 1:0 29552
28929 27488 1:0 29588
28929 27489 1:0 29589
28938 27487 1:0 29599
28938 27474 1:0 29629
28938 27453 1:0 29664
28938 14111 1:0 29752
28944 27457 1:0 29684
28946 14112 1:0 29753
28949 14113 1:0 29762
28964 14114 1:0 29763
28965 14104 1:0 29713
28965 14250 1:0 29933
28965 14251 1:0 29934
28977 14115 1:0 29772
28977 14116 1:0 29773
29046 27456 1:0 29810
29096 13671 21:0 29141
29097 27455 1:0 29809
29107 27437 1:0 29859
29117 14260 1:0 29983
29139 13670 0:0 29141
29139 13674 0:0 29141
29140 13668 21:0 29141
29140 13663 0:0 29141
29140 13669 0:0 29141
29140 13662 0:0 29141
29140 13672 0:0 29141
29140 13673 0:0 29141
29140 13675 0:0 29141
29149 27454 1:0 29820
29150 27424 1:0 29905
29150 14258 1:0 29973
29150 14259 1:0 29974
29159 27423 1:0 30031
29159 14256 1:0 29963
29159 14257 1:0 29964
29159 14261 1:0 29984
29159 14262 1:0 29993
29159 14263 1:0 29994
29159 14404 1:0 30125
29167 27422 1:0 30030
29170 27419 1:0 30046
29198 27421 1:0 30041
29239 27413 1:0 30056
29239 27408 1:0 30071
29247 14397 1:0 30154
29252 14409 1:0 30214
29267 14405 1:0 30194
29268 14398 1:0 30155
29268 14403 1:0 30184
29320 13817 21:0 29362
29328 27391 1:0 30244
29338 14406 1:0 30195
29360 13821 0:0 29362
29361 13819 0:0 29362
29361 13815 0:0 29362
29361 13820 0:0 29362
29361 13816 0:0 29362
29361 13810 0:0 29362
29361 13818 0:0 29362
29361 13822 0:0 29362
29361 13809 21:0 29362
29370 27373 1:0 30292
29370 14407 1:0 30204
29370 14408 1:0 30205
29370 14410 1:0 30215
29371 27390 1:0 30252
29371 27360 1:0 30327
29371 14545 1:0 30336
29371 14550 1:0 30346
29371 14544 1:0 30375
29371 14551 1:0 30406
29380 27389 1:0 30251
29380 27388 1:0 30262
29388 27358 1:0 30347
29391 14552 1:0 30415
29406 14553 1:0 30416
29407 14554 1:0 30425
29419 14555 1:0 30426
29419 14556 1:0 30435
29460 14557 1:0 30436
29460 14692 1:0 30557
29460 14698 1:0 30567
29460 14691 1:0 30596
29489 27357 1:0 30473
29541 13964 21:0 29583
29559 27356 1:0 30472
29581 13966 0:0 29583
29582 13957 0:0 29583
29582 13962 21:0 29583
29582 13963 0:0 29583
29582 13965 0:0 29583
29582 13967 0:0 29583
29582 13969 0:0 29583
29582 13968 0:0 29583
29582 13956 0:0 29583
29591 27355 1:0 30483
29592 27325 1:0 30568
29592 14700 1:0 30637
29592 14703 1:0 30656
29601 27333 1:0 30575
29601 85 1:0 30688
29601 14697 1:0 30626
29601 14699 1:0 30636
29601 14701 1:0 30646
29601 14702 1:0 30647
29601 14704 1:0 30657
29601 14839 1:0 30788
29607 27323 1:0 30693
29628 27324 1:0 30694
29681 27322 1:0 30704
29710 27292 1:0 30788
29711 27314 1:0 30719
29760 14846 1:0 30857
29762 14111 21:0 29804
29770 14847 1:0 30858
29780 14848 1:0 30867
29802 14114 0:0 29804
29802 14112 0:0 29804
29802 14115 0:0 29804
29803 14103 0:0 29804
29803 14109 21:0 29804
29803 14110 21:0 29804
29803 14104 0:0 29804
29803 14116 0:0 29804
29803 14113 0:0 29804
29812 14838 1:0 30817
29812 14844 1:0 30847
29812 14845 1:0 30848
29812 14849 1:0 30868
29812 14850 1:0 30877
29812 14851 1:0 30878
29812 14991 1:0 30990
29813 27290 1:0 30914
29813 27288 1:0 30918
29813 27274 1:0 30958
29822 27291 1:0 30915
29822 27289 1:0 30925
29828 14985 1:0 30999
29828 14992 1:0 31009
29828 14986 1:0 31039
29833 27259 1:0 31010
29848 14998 1:0 31099
29849 14994 1:0 31079
29861 14993 1:0 31078
29861 14995 1:0 31088
29902 14996 1:0 31089
29902 14997 1:0 31098
29931 27257 1:0 31135
29993 14260 21:0 30025
30001 27258 1:0 31136
30023 14261 0:0 30025
30024 14262 0:0 30025
30024 14251 0:0 30025
30024 14258 0:0 30025
30024 14259 0:0 30025
30024 14263 0:0 30025
30024 14250 0:0 30025
30024 14256 0:0 30025
30024 14257 0:0 30025
30033 27255 1:0 31139
30033 15133 1:0 31220
30033 15139 1:0 31230
30033 15132 1:0 31259
30033 15138 1:0 31289
30034 27256 1:0 31146
30034 27226 1:0 31230
30043 15140 1:0 31299
30043 15141 1:0 31300
30043 15142 1:0 31309
30043 15143 1:0 31310
30043 15144 1:0 31319
30043 15145 1:0 31320
30049 27225 1:0 31357
30069 27224 1:0 31356
30070 27215 1:0 31360
30131 27223 1:0 31367
30152 27193 1:0 31451
30153 15286 1:0 31451
30153 15279 1:0 31480
30202 15291 1:0 31540
30212 15288 1:0 31521
30222 15287 1:0 31520
30224 14409 21:0 30246
30245 14407 0:0 30246
30245 14398 0:0 30246
30245 14403 0:0 30246
30245 14397 0:0 30246
30245 14404 21:0 30246
30245 14410 0:0 30246
30245 14408 0:0 30246
30245 14406 0:0 30246
30245 14405 0:0 30246
30254 15280 1:0 31481
30254 15285 1:0 31510
30254 15289 1:0 31530
30254 15290 1:0 31531
30254 15292 1:0 31541
30254 15433 1:0 31593
30254 15427 1:0 31611
30255 27191 1:0 31577
30255 27176 1:0 31581
30255 27169 1:0 31581
30264 27192 1:0 31578
30264 27190 1:0 31588
30270 19509 1:0 31593
30270 24462 1:0 31593
30270 26113 1:0 31593
30270 17858 1:0 31611
30270 21160 1:0 31611
30270 15426 1:0 31701
30272 22811 1:0 31611
30272 16207 1:0 31621
30275 334 1:0 31672
30290 15434 1:0 31741
30291 15435 1:0 31742
30303 15436 1:0 31751
30303 15437 1:0 31752
30344 15432 1:0 31731
30344 15438 1:0 31761
30357 15439 1:0 31762
30425 14552 21:0 30467
30466 14557 0:0 30467
30466 14544 0:0 30467
30466 14556 0:0 30467
30466 14555 0:0 30467
30466 14553 0:0 30467
30466 14551 0:0 30467
30466 14554 0:0 30467
30466 14550 21:0 30467
30466 14545 21:0 30467
30666 14703 21:0 30688
30687 14700 0:0 30688
30687 14699 0:0 30688
30687 14702 0:0 30688
30687 14704 0:0 30688
30687 14701 0:0 30688
30687 14697 0:0 30688
30687 14691 0:0 30688
30687 14692 21:0 30688
30687 14698 21:0 30688
30867 14846 21:0 30909
30907 14848 0:0 30909
30908 14838 0:0 30909
30908 14849 0:0 30909
30908 14847 0:0 30909
30908 14851 0:0 30909
30908 14850 0:0 30909
30908 14839 21:0 30909
30908 14845 0:0 30909
30908 14844 0:0 30909
31105 14998 21:0 31130
31128 14993 0:0 31130
31128 14994 0:0 31130
31128 14997 0:0 31130
31128 14996 0:0 31130
31129 14985 21:0 31130
31129 14986 0:0 31130
31129 14991 21:0 31130
31129 14995 0:0 31130
31129 14992 21:0 31130
31329 15144 21:0 31351
31350 15140 0:0 31351
31350 15138 0:0 31351
31350 15143 0:0 31351
31350 15141 0:0 31351
31350 15145 0:0 31351
31350 15142 0:0 31351
31350 15132 0:0 31351
31350 15133 21:0 31351
31350 15139 21:0 31351
31550 15291 21:0 31572
31571 15290 0:0 31572
31571 15289 0:0 31572
31571 15288 0:0 31572
31571 15287 0:0 31572
31571 15292 0:0 31572
31571 15286 21:0 31572
31571 15280 0:0 31572
31571 15279 0:0 31572
31571 15285 0:0 31572
31751 15434 21:0 159
