49 7908 0:0 51
49 7909 0:0 51
49 7807 0:0 51
49 7818 0:0 51
50 7817 0:0 51
50 7814 0:0 51
50 7819 0:0 51
50 7815 0:0 51
1273 8473 21:0 1283
3399 9471 21:0 3457
3475 9504 21:0 3533
3551 9537 21:0 3609
3703 9603 21:0 3761
3782 9637 21:0 3848
3858 9670 21:0 3924
4527 9670 1:0 5565
4528 9637 1:0 5696
4537 9603 1:0 5835
4537 9537 1:0 6097
4543 9504 1:0 6228
4563 9471 1:0 6359
6761 10943 21:0 6827
6829 10973 21:0 6837
7138 11106 0:0 7141
7141 11108 21:0 7207
7366 11206 21:0 7424
7445 11240 21:0 7511
7886 11240 1:0 8531
7887 11206 1:0 8670
7896 11108 1:0 9055
7896 11106 1:0 9062
7902 10973 1:0 9597
7922 10943 1:0 9710
7923 5608 1:0 11351
7935 5611 1:0 11426
10112 12411 0:0 10115
10117 12412 21:0 10175
10193 12446 21:0 10251
10269 12479 21:0 10327
10573 12610 21:0 10631
10872 12741 21:0 10880
11100 12840 21:0 11108
11255 5612 1:0 11352
11255 5610 1:0 11352
11256 12840 1:0 11484
11256 5761 1:0 11658
11265 5759 1:0 11572
11265 5760 1:0 11573
11265 5758 1:0 11573
11265 5907 1:0 11878
11271 5904 1:0 11793
11273 5903 1:0 11794
11276 5905 1:0 11794
11292 5906 1:0 11793
11304 5908 1:0 11793
11304 5902 1:0 11793
11353 6051 1:0 12080
11373 6050 1:0 12015
11374 6052 1:0 12015
11413 5608 0:0 11422
11423 6053 1:0 12015
11424 6054 1:0 12015
11434 6049 1:0 12014
11436 5611 21:0 11468
11444 6055 1:0 12015
11467 5610 0:0 11468
11467 5612 0:0 11468
11476 12741 1:0 12147
11477 6199 1:0 12236
11477 6202 1:0 12236
11477 6197 1:0 12300
11486 6190 1:0 12235
11486 6200 1:0 12236
11486 6201 1:0 12236
11486 6198 1:0 12236
11492 6345 1:0 12456
11492 6348 1:0 12541
11496 6344 1:0 12457
11512 6347 1:0 12456
11513 6346 1:0 12457
11525 6349 1:0 12456
11566 6491 1:0 12742
11574 6483 1:0 12678
11579 6484 1:0 12677
11595 6496 1:0 12678
11595 6495 1:0 12678
11596 6489 1:0 12678
11645 6493 1:0 12678
11655 6492 1:0 12678
11664 5761 21:0 11689
11665 6494 1:0 12678
11687 5759 0:0 11689
11687 5760 0:0 11689
11687 5758 0:0 11689
11690 6639 1:0 12964
11697 6641 1:0 12899
11697 6640 1:0 12899
11698 6643 1:0 12899
11698 6638 1:0 12899
11698 6784 1:0 13119
11707 12610 1:0 13020
11707 6642 1:0 12899
11707 6790 1:0 13205
11713 6786 1:0 13119
11715 6785 1:0 13120
11718 6789 1:0 13120
11734 6787 1:0 13120
11746 6788 1:0 13119
11787 6935 1:0 13416
11800 6932 1:0 13341
11816 6936 1:0 13340
11817 6937 1:0 13341
11866 6925 1:0 13340
11866 6931 1:0 13341
11866 7072 1:0 13561
11876 6934 1:0 13341
11886 6933 1:0 13340
11888 5907 21:0 11910
11909 5908 0:0 11910
11909 5902 0:0 11910
11909 5906 0:0 11910
11909 5905 0:0 11910
11909 5904 0:0 11910
11909 5903 0:0 11910
11911 7081 1:0 13562
11911 7082 1:0 13562
11911 7079 1:0 13626
11918 7084 1:0 13562
11918 7083 1:0 13562
11919 12479 1:0 13768
11919 7080 1:0 13562
11928 7230 1:0 13782
11928 7219 1:0 13782
11928 7226 1:0 13783
11928 7227 1:0 13848
11934 7231 1:0 13782
11934 7228 1:0 13782
11938 7229 1:0 13782
11954 7376 1:0 14079
11967 12446 1:0 13992
12016 7378 1:0 14003
12036 7375 1:0 14003
12037 7374 1:0 14003
12076 6049 0:0 12085
12086 6051 21:0 12131
12086 7377 1:0 14003
12087 7365 1:0 14004
12087 7512 1:0 14225
12087 7660 1:0 14445
12097 7373 1:0 14004
12107 7521 1:0 14290
12129 6050 0:0 12131
12129 6054 0:0 12131
12130 6055 0:0 12131
12130 6052 0:0 12131
12130 6053 0:0 12131
12132 12412 1:0 14210
12132 7524 1:0 14224
12139 7525 1:0 14224
12139 7520 1:0 14225
12140 7522 1:0 14224
12140 7523 1:0 14224
12149 12411 1:0 14357
12149 7668 1:0 14445
12149 7672 1:0 14531
12155 7670 1:0 14445
12155 7669 1:0 14446
12157 8473 1:0 14655
12157 7665 1:0 14446
12160 7667 1:0 14446
12176 7671 1:0 14446
12188 7816 1:0 14741
12229 7815 1:0 14666
12237 7806 1:0 14667
12242 7807 1:0 14666
12257 7818 1:0 14666
12258 7908 1:0 14792
12258 7814 1:0 14666
12259 7909 1:0 14793
12267 6190 0:0 12292
12308 7819 1:0 14666
12310 6197 21:0 12352
12318 7817 1:0 14666
12350 6199 0:0 12352
12350 6201 0:0 12352
12351 6202 0:0 12352
12351 6198 0:0 12352
12351 6200 0:0 12352
12551 6348 21:0 12573
12572 6347 0:0 12573
12572 6349 0:0 12573
12572 6345 0:0 12573
12572 6346 0:0 12573
12572 6344 0:0 12573
12717 6484 0:0 12741
12742 6489 0:0 12750
12752 6491 21:0 12794
12792 6495 0:0 12794
12792 6493 0:0 12794
12793 6492 0:0 12794
12793 6483 0:0 12794
12793 6496 0:0 12794
12793 6494 0:0 12794
12970 6639 21:0 13015
13013 6638 0:0 13015
13013 6640 0:0 13015
13013 6642 0:0 13015
13014 6641 0:0 13015
13014 6643 0:0 13015
13211 6790 21:0 13236
13234 6789 0:0 13236
13234 6787 0:0 13236
13234 6785 0:0 13236
13234 6788 0:0 13236
13235 6784 0:0 13236
13235 6786 0:0 13236
13372 6925 0:0 13397
13422 6935 21:0 13457
13455 6933 0:0 13457
13455 6936 0:0 13457
13455 6932 0:0 13457
13455 6934 0:0 13457
13456 6937 0:0 13457
13456 6931 0:0 13457
13593 7072 0:0 13618
13636 7079 21:0 13678
13676 7080 0:0 13678
13676 7083 0:0 13678
13676 7081 0:0 13678
13677 7084 0:0 13678
13677 7082 0:0 13678
13854 7227 21:0 13899
13897 7228 0:0 13899
13897 7226 0:0 13899
13898 7219 0:0 13899
13898 7230 0:0 13899
13898 7229 0:0 13899
13898 7231 0:0 13899
14085 7376 21:0 14120
14118 7375 0:0 14120
14118 7374 0:0 14120
14118 7377 0:0 14120
14119 7373 0:0 14120
14119 7365 0:0 14120
14119 7378 0:0 14120
14296 7521 21:0 14341
14339 7522 0:0 14341
14339 7512 0:0 14341
14340 7520 0:0 14341
14340 7524 0:0 14341
14340 7523 0:0 14341
14340 7525 0:0 14341
14537 7672 21:0 14562
14560 7671 0:0 14562
14560 7670 0:0 14562
14560 7669 0:0 14562
14560 7667 0:0 14562
14561 7668 0:0 14562
14561 7665 0:0 14562
14561 7660 0:0 14562
14701 7806 0:0 14727
14751 7816 21:0 87
