86 13813 21:0 91
90 13723 21:0 128
127 13721 21:0 139
138 13719 21:0 144
143 13722 21:0 144
143 13718 21:0 149
148 13717 21:0 149
148 13716 21:0 149
148 305 21:0 163
1309 14393 21:0 1319
3286 298 21:0 3304
3359 15357 21:0 3376
3375 15359 21:0 3428
3427 15358 21:0 3433
3435 15390 21:0 3452
3451 15392 21:0 3504
3511 15423 21:0 3528
3527 15424 21:0 3580
3579 15422 21:0 3585
3590 15458 21:0 3656
3663 15489 21:0 3680
3739 15522 21:0 3756
3891 15589 21:0 3908
3970 15623 21:0 4036
4038 15653 21:0 4046
4046 15656 21:0 4112
4114 15686 21:0 4122
4190 15719 21:0 4198
4197 15720 21:0 4248
4271 15754 21:0 4288
4350 15788 21:0 4416
4418 15818 21:0 4426
4522 15864 21:0 4532
4563 15818 1:0 4702
4564 15788 1:0 4815
4573 15754 1:0 4954
4573 15720 1:0 5084
4579 15719 1:0 5095
4583 15686 1:0 5226
4612 15656 1:0 5339
4694 15653 1:0 5357
4695 15623 1:0 5470
4704 15589 1:0 5609
4704 15522 1:0 5870
4710 15489 1:0 6001
4715 15458 1:0 6125
4743 15424 1:0 6256
4825 15423 1:0 6263
4826 15422 1:0 6274
4835 15392 1:0 6387
4835 15390 1:0 6394
4841 15358 1:0 6438
4846 15359 1:0 6518
4874 15357 1:0 6525
4956 300 1:0 6647
6645 299 21:0 6663
6721 16830 21:0 6787
6870 16894 21:0 6887
6886 16893 21:0 6939
6949 16929 21:0 7015
7014 16927 21:0 7020
7022 16960 21:0 7039
7038 16959 21:0 7091
7101 16995 21:0 7167
7174 17027 21:0 7191
7190 17025 21:0 7243
7250 17059 21:0 7267
7266 17060 21:0 7319
7326 17092 21:0 7343
7342 17094 21:0 7395
7402 17125 21:0 7419
7478 17158 21:0 7495
7494 17159 21:0 7547
7546 17157 21:0 7552
7551 17190 21:0 7571
7625 17223 21:0 7633
7706 17258 21:0 7723
7922 17258 1:0 8182
7923 17223 1:0 8323
7932 17190 1:0 8454
7932 17159 1:0 8567
7938 17158 1:0 8574
7943 17157 1:0 8585
7971 17125 1:0 8705
8053 17094 1:0 8829
8054 17092 1:0 8836
8063 17060 1:0 8960
8063 17059 1:0 8967
8069 17027 1:0 9099
8074 17025 1:0 9109
8102 16995 1:0 9222
8184 16960 1:0 9360
8185 16959 1:0 9371
8194 16929 1:0 9484
8194 16927 1:0 9491
8200 16894 1:0 9622
8220 16893 1:0 9633
8274 16830 1:0 9877
8315 301 1:0 10006
10004 300 21:0 10022
10148 18331 21:0 10156
10155 18333 21:0 10206
10308 18400 21:0 10374
10373 18398 21:0 10379
10381 18431 21:0 10398
10397 18432 21:0 10450
10457 18464 21:0 10474
10473 18465 21:0 10526
10533 18498 21:0 10550
10549 18499 21:0 10602
10685 18564 21:0 10702
10701 18562 21:0 10754
10756 18595 21:0 10764
10837 18630 21:0 10854
10853 18629 21:0 10906
10913 18663 21:0 10930
10929 18664 21:0 10982
10992 18697 21:0 11058
11060 18727 21:0 11068
11067 18729 21:0 11118
11141 18761 21:0 11158
11281 18761 1:0 11409
11282 18729 1:0 11541
11291 18727 1:0 11551
11291 18697 1:0 11664
11297 18664 1:0 11795
11302 18663 1:0 11803
11330 18629 1:0 11926
11412 18630 1:0 11934
11413 18595 1:0 12075
11422 18564 1:0 12196
11422 18562 1:0 12206
11428 18499 1:0 12450
11448 18498 1:0 12458
11502 18465 1:0 12581
11543 18464 1:0 12588
11544 18432 1:0 12712
11553 18431 1:0 12719
11553 18400 1:0 12843
11561 18398 1:0 12850
11579 18333 1:0 13113
11580 302 1:0 13365
11674 18331 1:0 13123
13363 301 21:0 13381
13439 19772 21:0 13505
13507 19802 21:0 13515
13514 19804 21:0 13565
13583 19835 21:0 13591
13590 19836 21:0 13641
13640 19838 21:0 13657
13664 19869 21:0 13681
13735 19901 21:0 13743
13743 19904 21:0 13809
13819 19937 21:0 13885
13892 19968 21:0 13909
13968 20001 21:0 13985
14044 20034 21:0 14061
14060 20033 21:0 14113
14120 20068 21:0 14137
14196 20100 21:0 14213
14275 20135 21:0 14341
14348 20166 21:0 14365
14364 20167 21:0 14417
14416 20165 21:0 14422
14427 20201 21:0 14493
14640 20201 1:0 14892
14641 20167 1:0 15023
14650 20166 1:0 15030
14650 20165 1:0 15041
14656 20135 1:0 15154
14676 20100 1:0 15292
14771 20068 1:0 15424
14772 20034 1:0 15554
14772 20033 1:0 15565
14781 20001 1:0 15685
14781 19968 1:0 15816
14789 19937 1:0 15940
14808 19904 1:0 16071
14902 19901 1:0 16089
14903 19869 1:0 16209
14903 19838 1:0 16333
14912 19836 1:0 16340
14912 19835 1:0 16351
14920 19804 1:0 16472
14939 19802 1:0 16482
14951 303 1:0 16724
15033 19772 1:0 16595
16722 302 21:0 16740
16798 21243 21:0 16864
16863 21241 21:0 16869
16871 21275 21:0 16888
16947 21307 21:0 16964
16963 21306 21:0 17016
17023 21341 21:0 17040
17039 21339 21:0 17092
17091 21340 21:0 17097
17175 21407 21:0 17192
17327 21472 21:0 17344
17403 21505 21:0 17420
17419 21506 21:0 17472
17482 21540 21:0 17548
17550 21570 21:0 17558
17557 21572 21:0 17608
17607 21571 21:0 17624
17631 21604 21:0 17648
17710 21639 21:0 17776
17783 21671 21:0 17800
17799 21670 21:0 17852
17854 21702 21:0 17862
17862 21705 21:0 17928
17999 21705 1:0 18120
18000 21702 1:0 18138
18000 21670 1:0 18251
18009 21671 1:0 18259
18009 21639 1:0 18382
18017 21604 1:0 18520
18036 21571 1:0 18644
18130 21572 1:0 18652
18131 21570 1:0 18662
18131 21540 1:0 18775
18140 21506 1:0 18906
18140 21505 1:0 18913
18148 21472 1:0 19044
18167 21407 1:0 19307
18261 21340 1:0 19561
18262 21341 1:0 19569
18271 21339 1:0 19579
18271 21307 1:0 19699
18277 21306 1:0 19710
18281 21275 1:0 19831
18282 304 1:0 20083
18310 21243 1:0 19954
18392 21241 1:0 19961
20081 303 21:0 20099
20154 22713 21:0 20171
20170 22712 21:0 20223
20233 22747 21:0 20299
20301 22777 21:0 20309
20308 22746 21:0 20359
20377 22810 21:0 20385
20385 22813 21:0 20451
20458 22844 21:0 20475
20474 22843 21:0 20527
20526 22846 21:0 20532
20605 22909 21:0 20613
20612 22910 21:0 20663
20689 22945 21:0 20755
20757 22975 21:0 20765
20764 22977 21:0 20815
20814 22943 21:0 20831
20838 23009 21:0 20855
20854 23008 21:0 20907
20906 22976 21:0 20912
20990 23075 21:0 21007
21006 23077 21:0 21059
21066 23109 21:0 21083
21358 23109 1:0 21749
21359 23077 1:0 21872
21359 23075 1:0 21879
21368 23009 1:0 22141
21368 23008 1:0 22152
21376 22976 1:0 22265
21395 22977 1:0 22273
21489 22975 1:0 22283
21490 22945 1:0 22396
21499 22943 1:0 22403
21499 22910 1:0 22534
21505 22909 1:0 22545
21509 22846 1:0 22789
21538 22844 1:0 22796
21620 22843 1:0 22807
21621 22813 1:0 22920
21630 22810 1:0 22938
21630 22777 1:0 23069
21636 22747 1:0 23182
21641 22746 1:0 23190
21656 305 1:0 23442
21669 22712 1:0 23313
21751 22713 1:0 23321
23440 304 21:0 23458
23513 24183 21:0 23530
23529 24185 21:0 23582
23581 24182 21:0 23587
23592 24218 21:0 23658
23657 24184 21:0 23663
23665 24250 21:0 23682
23734 65 21:0 23739
23817 24315 21:0 23834
23833 24316 21:0 23886
23885 24317 21:0 23891
23892 24317 1:0 24720
23896 24350 21:0 23962
23961 24349 21:0 23967
23969 24382 21:0 23986
23985 24380 21:0 24038
24040 24413 21:0 24048
24047 24414 21:0 24098
24121 24448 21:0 24138
24200 24482 21:0 24266
24268 24512 21:0 24276
24276 24515 21:0 24342
24343 24515 1:0 24731
24349 24546 21:0 24366
24367 24546 1:0 24681
24420 24578 21:0 24428
24428 24581 21:0 24494
24493 24579 21:0 24499
24501 24613 21:0 24518
24727 299 1:0 3288
24727 11517 1:0 24737
24728 11514 1:0 24740
24728 11515 1:0 24750
24728 11516 1:0 24778
24737 24579 1:0 24952
24737 11513 1:0 24822
24737 11518 1:0 24909
24743 11663 1:0 24958
24745 11665 1:0 24961
24748 11661 1:0 24971
24764 11662 1:0 24999
24776 11660 1:0 25043
24817 11664 1:0 25129
24846 24613 1:0 25167
24896 24581 1:0 25173
24906 11810 1:0 25179
24915 11518 21:0 24940
24916 11807 1:0 25182
24939 11513 21:0 24943
24942 11516 21:0 24943
24942 11515 21:0 24951
24948 11808 1:0 25192
24948 11809 1:0 25220
24949 11811 1:0 25264
24949 11812 1:0 25351
24949 11959 1:0 25400
24950 11514 21:0 24954
24953 11517 21:0 24954
24955 24578 1:0 25394
24958 11956 1:0 25403
24958 11958 1:0 25431
24958 11954 1:0 25431
24958 11955 1:0 25482
24964 11957 1:0 25562
24968 24448 1:0 25612
24984 12105 1:0 25615
24997 12106 1:0 25621
25038 12101 1:0 25624
25046 12104 1:0 25652
25051 12093 1:0 25652
25067 12103 1:0 25703
25067 12102 1:0 25773
25068 12240 1:0 25883
25127 24482 1:0 25825
25137 12250 1:0 25842
25139 11664 21:0 25161
25160 11660 21:0 25164
25163 11662 21:0 25164
25163 11661 21:0 25172
25169 24512 1:0 25836
25170 12251 1:0 25845
25170 12248 1:0 25873
25170 12253 1:0 25873
25171 11665 21:0 25175
25173 12394 1:0 26066
25173 12390 1:0 26185
25174 11663 21:0 25175
25176 12249 1:0 25927
25176 12252 1:0 26013
25179 24350 1:0 26057
25179 12398 1:0 26063
25179 12400 1:0 26066
25185 12396 1:0 26094
25187 12397 1:0 26094
25190 12399 1:0 26145
25206 12395 1:0 26214
25259 24414 1:0 26278
25272 12544 1:0 26284
25287 12534 1:0 26297
25287 12535 1:0 26297
25288 12545 1:0 26287
25289 12681 1:0 26518
25338 12543 1:0 26297
25348 12542 1:0 26325
25357 11812 21:0 25382
25358 12546 1:0 26369
25381 11811 21:0 25385
25384 11809 21:0 25385
25384 11808 21:0 25393
25390 12547 1:0 26456
25390 12691 1:0 26505
25391 24413 1:0 26499
25391 12692 1:0 26508
25392 11807 21:0 25396
25395 11810 21:0 25396
25397 12689 1:0 26518
25397 12690 1:0 26546
25400 24382 1:0 26714
25400 12693 1:0 26590
25400 12694 1:0 26677
25406 24380 1:0 26720
25410 12839 1:0 26726
25411 12835 1:0 26729
25411 12981 1:0 26960
25427 12841 1:0 26729
25439 12837 1:0 26757
25480 12838 1:0 26757
25493 12840 1:0 26808
25509 12836 1:0 26877
25559 24349 1:0 26935
25568 11957 21:0 25603
25579 24316 1:0 26941
25602 11955 21:0 25606
25605 11954 21:0 25606
25605 11958 21:0 25614
25611 12986 1:0 26947
25611 12985 1:0 26950
25612 12984 1:0 26960
25612 12983 1:0 26988
25612 12987 1:0 27032
25613 11956 21:0 25617
25615 13129 1:0 27181
25616 11959 21:0 25617
25618 12988 1:0 27119
25618 13135 1:0 27168
25621 24315 1:0 27155
25621 24184 1:0 27162
25627 13132 1:0 27171
25629 13133 1:0 27181
25632 13131 1:0 27209
25648 13130 1:0 27253
25660 13134 1:0 27339
25714 24182 1:0 27383
25729 13270 1:0 27389
25729 13276 1:0 27392
25730 65 1:0 27383
25730 13417 1:0 27623
25779 12102 21:0 25824
25780 13282 1:0 27389
25790 13279 1:0 27392
25800 13278 1:0 27420
25823 12103 21:0 25827
25826 12093 21:0 25827
25826 12104 21:0 25827
25826 12101 21:0 25835
25832 13277 1:0 27420
25832 13281 1:0 27471
25833 24250 1:0 27593
25833 13280 1:0 27551
25834 12106 21:0 25838
25836 13425 1:0 27610
25837 12105 21:0 25838
25839 24218 1:0 27604
25842 13428 1:0 27613
25842 13416 1:0 27623
25842 13424 1:0 27623
25842 13427 1:0 27651
25848 13426 1:0 27695
25848 13429 1:0 27782
25850 13569 1:0 27831
25868 24185 1:0 27825
25869 13570 1:0 27831
25869 13564 1:0 27834
25881 13574 1:0 27831
25922 13576 1:0 27834
25935 13575 1:0 27862
25951 13572 1:0 27862
25952 13573 1:0 27913
25963 12240 21:0 26007
26001 13571 1:0 27982
26003 13716 1:0 28052
26021 24183 1:0 28039
26023 12252 21:0 26045
26044 12249 21:0 26048
26047 12253 21:0 26048
26047 12248 21:0 26056
26053 298 1:0 28046
26053 15864 1:0 28046
26053 14393 1:0 28238
26053 13717 1:0 28052
26053 13711 1:0 28055
26053 13813 1:0 28265
26054 13718 1:0 28052
26054 13722 1:0 28055
26054 13721 1:0 28083
26055 12251 21:0 26059
26058 12250 21:0 26059
26060 13719 1:0 28083
26060 13723 1:0 28134
26063 13720 1:0 28213
26191 12390 21:0 26211
26224 12395 21:0 26266
26265 12399 21:0 26269
26268 12397 21:0 26269
26268 12396 21:0 26277
26276 12400 21:0 26280
26279 12398 21:0 26280
26279 12394 21:0 26280
26402 12535 21:0 26448
26462 12547 21:0 26487
26486 12546 21:0 26490
26489 12542 21:0 26490
26489 12543 21:0 26498
26497 12545 21:0 26501
26500 12544 21:0 26501
26500 12534 21:0 26507
26626 12681 21:0 26670
26683 12694 21:0 26708
26707 12693 21:0 26711
26710 12690 21:0 26711
26710 12689 21:0 26719
26718 12692 21:0 26722
26721 12691 21:0 26722
26887 12836 21:0 26929
26928 12840 21:0 26932
26931 12838 21:0 26932
26931 12837 21:0 26940
26939 12841 21:0 26943
26942 12839 21:0 26943
26942 12835 21:0 26943
27098 12981 21:0 27122
27125 12988 21:0 27150
27149 12987 21:0 27153
27152 12983 21:0 27153
27152 12984 21:0 27161
27160 12985 21:0 27164
27163 12986 21:0 27164
27316 13129 21:0 27341
27349 13134 21:0 27371
27370 13130 21:0 27374
27373 13131 21:0 27374
27373 13133 21:0 27382
27381 13132 21:0 27385
27384 13135 21:0 27385
27507 13270 21:0 27553
27557 13280 21:0 27592
27591 13281 21:0 27595
27594 13278 21:0 27595
27594 13277 21:0 27603
27602 13279 21:0 27606
27605 13276 21:0 27606
27605 13282 21:0 27606
27728 13417 21:0 27774
27788 13429 21:0 27813
27812 13426 21:0 27816
27815 13427 21:0 27816
27815 13424 21:0 27824
27823 13428 21:0 27827
27826 13425 21:0 27827
27826 13416 21:0 27833
27992 13571 21:0 28034
28033 13573 21:0 28037
28036 13572 21:0 28037
28036 13575 21:0 28045
28044 13576 21:0 28048
28047 13564 21:0 28048
28047 13574 21:0 28048
28047 13569 21:0 28054
28053 13570 21:0 28054
28170 13711 21:0 28216
28223 13720 21:0 87
