62 48170 0:0 131
130 48167 0:0 176
175 48171 0:0 176
175 48172 0:0 195
194 48259 0:0 207
206 48260 0:0 212
235 48368 21:0 293
311 48400 21:0 369
458 48465 0:0 461
463 48467 21:0 521
539 48500 21:0 597
541 48499 0:0 542
596 48501 0:0 608
610 48531 21:0 618
617 48532 0:0 618
618 48534 21:0 684
694 48567 21:0 760
767 48598 0:0 770
770 48600 21:0 836
843 48632 21:0 901
919 48664 21:0 977
921 48665 0:0 922
990 48696 21:0 998
997 48698 21:0 1064
1071 48731 21:0 1129
1128 48732 0:0 1140
1147 48764 21:0 1205
1204 48765 0:0 1216
1223 48796 21:0 1281
1447 48895 21:0 1455
1454 48897 0:0 1455
1454 48896 21:0 1521
1519 48898 0:0 1521
1523 48928 21:0 1531
1530 48929 0:0 1531
1530 48930 21:0 1597
1595 48931 0:0 1597
1599 48961 21:0 1607
1606 48963 0:0 1607
1606 48962 21:0 1673
1671 48964 0:0 1673
1675 48994 21:0 1683
1682 48995 0:0 1683
1682 48996 21:0 1749
1747 48997 0:0 1749
1751 49027 21:0 1759
1756 49028 0:0 1759
1756 49029 0:0 1759
1759 49030 21:0 1825
1827 49060 21:0 1835
1834 49061 0:0 1835
1834 49062 21:0 1901
1899 49063 0:0 1901
1903 49093 21:0 1911
1910 49094 0:0 1911
1910 49095 21:0 1977
1975 49096 0:0 1977
1979 49126 21:0 1987
1986 49127 0:0 1987
1986 49128 21:0 2053
2051 49129 0:0 2053
2055 49159 21:0 2063
2062 49160 0:0 2063
2062 49161 21:0 2129
2127 49162 0:0 2129
2131 49192 21:0 2139
2138 49193 0:0 2139
2138 49194 21:0 2205
2203 49195 0:0 2205
2207 49225 21:0 2215
2214 49227 0:0 2215
2214 49226 21:0 2281
2279 49228 0:0 2281
2283 49258 21:0 2291
2290 49260 0:0 2291
2290 49259 21:0 2357
2355 49261 0:0 2357
2359 49291 21:0 2367
2366 49293 0:0 2367
2366 49292 21:0 2433
2431 49294 0:0 2433
2435 49324 21:0 2443
2442 49325 0:0 2443
2442 49326 21:0 2509
2507 49327 0:0 2509
2511 49357 21:0 2519
2518 49358 21:0 2585
2634 328 21:0 2648
2649 328 1:0 2597
2649 48796 1:0 2849
2649 48765 1:0 2965
2649 48764 1:0 2972
2649 48732 1:0 3087
2649 48731 1:0 3094
2730 48698 1:0 3216
2731 48696 1:0 3225
2739 48664 1:0 3337
2739 48665 1:0 3338
2749 48632 1:0 3460
2852 48600 1:0 3575
2853 48598 1:0 3581
2861 48567 1:0 3697
2861 48534 1:0 3819
2871 48532 1:0 3825
2974 48531 1:0 3835
2975 48501 1:0 3941
2983 48499 1:0 3947
2983 48500 1:0 3948
2993 48467 1:0 4070
3007 329 1:0 5767
3096 48465 1:0 4079
3097 48400 1:0 4313
3105 48368 1:0 4436
3111 49358 1:0 5907
3129 49357 1:0 5918
3218 49327 1:0 6031
4617 50337 21:0 4625
4624 50338 0:0 4625
4624 50339 21:0 4691
4689 50340 0:0 4691
4693 50370 21:0 4701
4700 50372 0:0 4701
4700 50371 21:0 4767
4765 50373 0:0 4767
4769 50403 21:0 4777
4776 50405 0:0 4777
4776 50404 21:0 4843
4841 50406 0:0 4843
4845 50436 21:0 4853
4852 50438 0:0 4853
4852 50437 21:0 4919
4917 50439 0:0 4919
4921 50469 21:0 4929
4928 50471 0:0 4929
4928 50470 21:0 4995
4993 50472 0:0 4995
4997 50502 21:0 5005
5004 50504 0:0 5005
5004 50503 21:0 5071
5069 50505 0:0 5071
5073 50535 21:0 5081
5080 50536 0:0 5081
5080 50537 21:0 5147
5145 50538 0:0 5147
5149 50568 21:0 5157
5156 50569 0:0 5157
5156 50570 21:0 5223
5221 50571 0:0 5223
5225 50601 0:0 5228
5230 50602 21:0 5286
5232 50603 0:0 5233
5285 50604 0:0 5299
5301 50634 0:0 5304
5306 50636 21:0 5363
5308 50635 0:0 5309
5363 50637 0:0 5375
5377 50667 0:0 5380
5382 50669 21:0 5438
5384 50668 0:0 5385
5437 50670 0:0 5451
5453 50700 0:0 5456
5458 50701 21:0 5516
5460 50702 0:0 5461
5529 50733 0:0 5532
5534 50734 21:0 5589
5536 50735 0:0 5537
5589 50736 0:0 5603
5605 50766 0:0 5608
5610 50768 21:0 5667
5612 50767 0:0 5613
5689 50802 21:0 5755
5779 49326 1:0 6039
5780 49325 1:0 6038
5789 49324 1:0 6049
5789 49294 1:0 6162
5795 49292 1:0 6169
5808 329 21:0 5822
5816 49293 1:0 6170
5910 49291 1:0 6180
5911 49261 1:0 6293
5911 49259 1:0 6300
5920 49260 1:0 6301
5920 49258 1:0 6311
5928 49228 1:0 6424
5947 49226 1:0 6431
6041 49227 1:0 6432
6042 49225 1:0 6442
6042 49195 1:0 6555
6051 49193 1:0 6562
6051 49194 1:0 6563
6059 49192 1:0 6573
6078 49162 1:0 6686
6172 49161 1:0 6694
6173 49160 1:0 6693
6182 49159 1:0 6704
6182 49129 1:0 6817
6188 49128 1:0 6825
6192 49127 1:0 6824
6221 49126 1:0 6835
6303 49096 1:0 6948
6304 49095 1:0 6956
6313 49094 1:0 6955
6313 49093 1:0 6966
6319 49063 1:0 7079
6324 49062 1:0 7087
6352 49061 1:0 7086
6434 49060 1:0 7097
6435 49030 1:0 7210
6444 49028 1:0 7217
6444 49029 1:0 7218
6450 49027 1:0 7228
6455 48997 1:0 7341
6483 48996 1:0 7349
6565 48995 1:0 7348
6566 48994 1:0 7359
6575 48964 1:0 7472
6575 48962 1:0 7479
6581 48963 1:0 7480
6601 48961 1:0 7490
6614 48931 1:0 7603
6696 48930 1:0 7611
6697 48929 1:0 7610
6706 48928 1:0 7621
6706 48898 1:0 7734
6712 48896 1:0 7741
6732 48897 1:0 7742
6733 330 1:0 9082
6827 48895 1:0 7752
7932 51779 21:0 7940
7939 51781 0:0 7940
7939 51780 21:0 8006
8004 51782 0:0 8006
8008 51812 21:0 8016
8015 51814 0:0 8016
8015 51813 21:0 8082
8080 51815 0:0 8082
8084 51845 21:0 8092
8091 51847 0:0 8092
8091 51846 21:0 8158
8156 51848 0:0 8158
8160 51878 21:0 8168
8167 51880 0:0 8168
8167 51879 21:0 8234
8232 51881 0:0 8234
8236 51911 21:0 8244
8243 51912 0:0 8244
8243 51913 21:0 8310
8308 51914 0:0 8310
8312 51944 21:0 8320
8319 51945 0:0 8320
8319 51946 21:0 8386
8384 51947 0:0 8386
8388 51977 21:0 8396
8395 51978 0:0 8396
8395 51979 21:0 8462
8460 51980 0:0 8462
8464 52010 21:0 8472
8471 52011 0:0 8472
8471 52012 0:0 8472
8472 52013 21:0 8538
8540 52043 21:0 8548
8547 52044 0:0 8548
8547 52045 21:0 8614
8612 52046 0:0 8614
8616 52076 0:0 8619
8621 52078 21:0 8679
8623 52077 0:0 8624
8678 52079 0:0 8690
8692 52109 21:0 8700
8699 52111 0:0 8700
8699 52110 21:0 8766
8764 52112 0:0 8766
8768 52142 21:0 8776
8775 52143 0:0 8776
8775 52144 21:0 8842
8840 52145 0:0 8842
8844 52175 0:0 8847
8849 52176 21:0 8907
8851 52177 0:0 8852
8906 52178 0:0 8918
8925 52210 0:0 8928
8928 52211 21:0 8994
9004 52244 21:0 9070
9094 50802 1:0 9215
9095 50768 1:0 9354
9104 50767 1:0 9353
9104 50766 1:0 9364
9110 50736 1:0 9477
9123 330 21:0 9137
9131 50734 1:0 9484
9225 50735 1:0 9485
9226 50733 1:0 9495
9226 50701 1:0 9615
9235 50702 1:0 9616
9235 50700 1:0 9626
9243 50670 1:0 9739
9262 50669 1:0 9747
9356 50668 1:0 9746
9357 50667 1:0 9757
9357 50637 1:0 9870
9366 50635 1:0 9877
9366 50636 1:0 9878
9374 50634 1:0 9888
9393 50604 1:0 10001
9487 50602 1:0 10008
9488 50603 1:0 10009
9497 50601 1:0 10019
9497 50571 1:0 10132
9503 50570 1:0 10140
9507 50569 1:0 10139
9536 50568 1:0 10150
9618 50538 1:0 10263
9619 50537 1:0 10271
9628 50536 1:0 10270
9628 50535 1:0 10281
9634 50505 1:0 10394
9639 50503 1:0 10401
9667 50504 1:0 10402
9749 50502 1:0 10412
9750 50472 1:0 10525
9759 50470 1:0 10532
9759 50471 1:0 10533
9765 50469 1:0 10543
9770 50439 1:0 10656
9798 50437 1:0 10663
9880 50438 1:0 10664
9881 50436 1:0 10674
9890 50406 1:0 10787
9890 50404 1:0 10794
9896 50405 1:0 10795
9916 50403 1:0 10805
9929 50373 1:0 10918
10011 50371 1:0 10925
10012 50372 1:0 10926
10021 50370 1:0 10936
10021 50340 1:0 11049
10027 50339 1:0 11057
10047 50338 1:0 11056
10048 331 1:0 12397
10142 50337 1:0 11067
10143 52244 1:0 12530
10152 52211 1:0 12661
10152 52210 1:0 12669
11247 53221 21:0 11255
11254 53223 0:0 11255
11254 53222 21:0 11321
11319 53224 0:0 11321
11323 53254 21:0 11331
11330 53256 0:0 11331
11330 53255 21:0 11397
11395 53257 0:0 11397
11399 53287 21:0 11407
11406 53288 0:0 11407
11406 53289 21:0 11473
11471 53290 0:0 11473
11475 53320 21:0 11483
11482 53322 0:0 11483
11482 53321 21:0 11549
11547 53323 0:0 11549
11551 53353 21:0 11559
11558 53355 0:0 11559
11558 53354 21:0 11625
11623 53356 0:0 11625
11627 53386 21:0 11635
11634 53388 0:0 11635
11634 53387 21:0 11701
11699 53389 0:0 11701
11703 53419 21:0 11711
11710 53420 0:0 11711
11710 53421 0:0 11711
11711 53422 21:0 11777
11779 53452 21:0 11787
11786 53454 0:0 11787
11786 53453 21:0 11853
11851 53455 0:0 11853
11855 53485 0:0 11858
11860 53487 21:0 11918
11862 53486 0:0 11863
11917 53488 0:0 11929
11931 53518 21:0 11939
11938 53520 0:0 11939
11938 53519 21:0 12005
12003 53521 0:0 12005
12007 53551 21:0 12015
12014 53553 0:0 12015
12014 53552 21:0 12081
12079 53554 0:0 12081
12083 53584 21:0 12091
12088 53585 0:0 12091
12088 53586 0:0 12091
12091 53587 21:0 12157
12159 53617 21:0 12167
12166 53618 21:0 12233
12231 53620 0:0 12233
12235 53650 0:0 12238
12240 53652 21:0 12298
12242 53651 0:0 12243
12297 53653 0:0 12309
12311 53683 0:0 12314
12316 53684 21:0 12372
12318 53685 0:0 12319
12409 52178 1:0 12792
12410 52176 1:0 12799
12419 52177 1:0 12800
12419 52175 1:0 12810
12425 52145 1:0 12923
12438 331 21:0 12452
12446 52144 1:0 12931
12540 52143 1:0 12930
12541 52142 1:0 12941
12541 52112 1:0 13054
12550 52110 1:0 13061
12550 52111 1:0 13062
12558 52109 1:0 13072
12577 52079 1:0 13185
12671 52078 1:0 13193
12672 52077 1:0 13192
12672 52076 1:0 13203
12681 52046 1:0 13316
12681 52045 1:0 13324
12689 52044 1:0 13323
12708 52043 1:0 13334
12802 52013 1:0 13447
12803 52011 1:0 13454
12812 52012 1:0 13455
12812 52010 1:0 13465
12818 51980 1:0 13578
12822 51979 1:0 13586
12851 51978 1:0 13585
12933 51977 1:0 13596
12934 51947 1:0 13709
12943 51945 1:0 13716
12943 51946 1:0 13717
12949 51944 1:0 13727
12954 51914 1:0 13840
12982 51913 1:0 13848
13064 51912 1:0 13847
13065 51911 1:0 13858
13074 51881 1:0 13971
13074 51879 1:0 13978
13080 51880 1:0 13979
13085 51878 1:0 13989
13113 51848 1:0 14102
13195 51846 1:0 14109
13196 51847 1:0 14110
13205 51845 1:0 14120
13205 51815 1:0 14233
13211 51813 1:0 14240
13231 51814 1:0 14241
13244 51812 1:0 14251
13326 51782 1:0 14364
13327 51780 1:0 14371
13327 332 1:0 15712
13336 51781 1:0 14372
13336 51779 1:0 14382
13344 53684 1:0 15852
13363 53685 1:0 15853
13457 53683 1:0 15863
13458 53653 1:0 15976
13467 53652 1:0 15984
14562 54663 21:0 14570
14569 54664 0:0 14570
14569 54665 21:0 14636
14634 54666 0:0 14636
14638 54696 21:0 14646
14645 54697 0:0 14646
14645 54698 21:0 14712
14710 54699 0:0 14712
14714 54729 21:0 14722
14721 54731 0:0 14722
14721 54730 21:0 14788
14786 54732 0:0 14788
14790 54762 21:0 14798
14797 54764 0:0 14798
14797 54763 21:0 14864
14862 54765 0:0 14864
14866 54795 21:0 14874
14873 54796 0:0 14874
14873 54797 21:0 14940
14938 54798 0:0 14940
14942 54828 21:0 14950
14949 54829 0:0 14950
14949 54830 21:0 15016
15014 54831 0:0 15016
15018 54861 21:0 15026
15025 54863 0:0 15026
15025 54862 0:0 15026
15026 54864 21:0 15092
15094 54894 21:0 15102
15101 54895 0:0 15102
15101 54896 21:0 15168
15166 54897 0:0 15168
15170 54927 0:0 15173
15175 54929 21:0 15232
15177 54928 0:0 15178
15232 54930 0:0 15244
15246 54960 21:0 15254
15253 54961 0:0 15254
15253 54962 21:0 15320
15318 54963 0:0 15320
15322 54993 0:0 15325
15327 54994 21:0 15385
15329 54995 0:0 15330
15384 54996 0:0 15396
15398 55026 21:0 15406
15405 55028 0:0 15406
15405 55027 21:0 15472
15474 55059 0:0 15477
15479 55060 21:0 15537
15481 55061 0:0 15482
15536 55062 0:0 15548
15550 55092 0:0 15553
15555 55094 21:0 15613
15557 55093 0:0 15558
15626 55125 21:0 15634
15633 55126 21:0 15700
15698 55128 0:0 15700
15724 53651 1:0 15983
15725 53650 1:0 15994
15734 53620 1:0 16107
15734 53618 1:0 16114
15740 53617 1:0 16125
15753 332 21:0 15767
15761 53587 1:0 16238
15855 53586 1:0 16246
15856 53585 1:0 16245
15856 53584 1:0 16256
15865 53554 1:0 16369
15865 53552 1:0 16376
15873 53553 1:0 16377
15892 53551 1:0 16387
15986 53521 1:0 16500
15987 53519 1:0 16507
15987 53520 1:0 16508
15996 53518 1:0 16518
15996 53488 1:0 16631
16004 53487 1:0 16639
16023 53486 1:0 16638
16117 53485 1:0 16649
16118 53455 1:0 16762
16127 53453 1:0 16769
16127 53454 1:0 16770
16133 53452 1:0 16780
16137 53422 1:0 16893
16166 53420 1:0 16900
16248 53421 1:0 16901
16249 53419 1:0 16911
16258 53389 1:0 17024
16258 53387 1:0 17031
16264 53388 1:0 17032
16269 53386 1:0 17042
16297 53356 1:0 17155
16379 53354 1:0 17162
16380 53355 1:0 17163
16389 53353 1:0 17173
16389 53323 1:0 17286
16395 53321 1:0 17293
16400 53322 1:0 17294
16428 53320 1:0 17304
16510 53290 1:0 17417
16511 53289 1:0 17425
16520 53288 1:0 17424
16520 53287 1:0 17435
16526 53257 1:0 17548
16546 53255 1:0 17555
16559 53256 1:0 17556
16641 53254 1:0 17566
16642 53224 1:0 17679
16651 53222 1:0 17686
16651 53223 1:0 17687
16657 53221 1:0 17697
16659 333 1:0 19027
17877 56105 21:0 17885
17884 56106 0:0 17885
17884 56107 21:0 17951
17949 56108 0:0 17951
17953 56138 21:0 17961
17960 56140 0:0 17961
17960 56139 21:0 18027
18025 56141 0:0 18027
18029 56171 21:0 18037
18036 56173 0:0 18037
18036 56172 21:0 18103
18101 56174 0:0 18103
18105 56204 21:0 18113
18112 56205 0:0 18113
18112 56206 21:0 18179
18177 56207 0:0 18179
18181 56237 21:0 18189
18188 56238 0:0 18189
18188 56239 21:0 18255
18253 56240 0:0 18255
18257 56270 21:0 18265
18264 56271 0:0 18265
18264 56272 21:0 18331
18329 56273 0:0 18331
18333 56303 21:0 18341
18340 56305 0:0 18341
18340 56304 0:0 18341
18341 56306 21:0 18407
18409 56336 21:0 18417
18416 56338 0:0 18417
18416 56337 0:0 18417
18417 56339 21:0 18483
18485 56369 21:0 18493
18492 56371 0:0 18493
18492 56370 21:0 18559
18557 56372 0:0 18559
18561 56402 0:0 18564
18566 56404 21:0 18624
18568 56403 0:0 18569
18623 56405 0:0 18635
18637 56435 0:0 18640
18642 56436 21:0 18698
18644 56437 0:0 18645
18697 56438 0:0 18711
18713 56468 0:0 18716
18718 56470 21:0 18776
18720 56469 0:0 18721
18775 56471 0:0 18787
18789 56501 21:0 18797
18796 56503 0:0 18797
18796 56502 21:0 18863
18865 56534 21:0 18873
18946 56569 21:0 19004
19039 55128 1:0 19160
19040 55126 1:0 19167
19049 55125 1:0 19178
19049 55094 1:0 19299
19055 55093 1:0 19298
19068 333 21:0 19082
19076 55092 1:0 19309
19170 55062 1:0 19422
19171 55060 1:0 19429
19171 55061 1:0 19430
19180 55059 1:0 19440
19180 55027 1:0 19560
19188 55028 1:0 19561
19207 55026 1:0 19571
19301 54996 1:0 19684
19302 54994 1:0 19691
19302 54995 1:0 19692
19311 54993 1:0 19702
19311 54963 1:0 19815
19319 54962 1:0 19823
19338 54961 1:0 19822
19432 54960 1:0 19833
19433 54930 1:0 19946
19442 54928 1:0 19953
19442 54929 1:0 19954
19448 54927 1:0 19964
19452 54897 1:0 20077
19481 54896 1:0 20085
19563 54895 1:0 20084
19564 54894 1:0 20095
19573 54864 1:0 20208
19573 54863 1:0 20216
19579 54862 1:0 20215
19584 54861 1:0 20226
19612 54831 1:0 20339
19694 54830 1:0 20347
19695 54829 1:0 20346
19704 54828 1:0 20357
19704 54798 1:0 20470
19710 54797 1:0 20478
19715 54796 1:0 20477
19743 54795 1:0 20488
19825 54765 1:0 20601
19826 54763 1:0 20608
19835 54764 1:0 20609
19835 54762 1:0 20619
19841 54732 1:0 20732
19861 54730 1:0 20739
19874 54731 1:0 20740
19956 54729 1:0 20750
19957 54699 1:0 20863
19966 54697 1:0 20870
19966 54698 1:0 20871
19972 54696 1:0 20881
19992 54666 1:0 20994
20087 54665 1:0 21002
20088 54664 1:0 21001
20088 54663 1:0 21012
20097 334 1:0 22342
20097 56569 1:0 22483
20103 56534 1:0 22624
21192 57547 21:0 21200
21199 57548 0:0 21200
21199 57549 21:0 21266
21264 57550 0:0 21266
21268 57580 21:0 21276
21275 57582 0:0 21276
21275 57581 21:0 21342
21340 57583 0:0 21342
21344 57613 21:0 21352
21351 57615 0:0 21352
21351 57614 21:0 21418
21416 57616 0:0 21418
21420 57646 21:0 21428
21427 57647 0:0 21428
21427 57648 21:0 21494
21492 57649 0:0 21494
21496 57679 21:0 21504
21503 57680 0:0 21504
21503 57681 21:0 21570
21568 57682 0:0 21570
21572 57712 21:0 21580
21579 57714 0:0 21580
21579 57713 21:0 21646
21644 57715 0:0 21646
21648 57745 21:0 21656
21655 57746 0:0 21656
21655 57747 21:0 21722
21720 57748 0:0 21722
21724 57778 21:0 21732
21731 57779 0:0 21732
21731 57780 21:0 21798
21796 57781 0:0 21798
21800 57811 21:0 21808
21807 57812 0:0 21808
21807 57813 0:0 21808
21808 57814 21:0 21874
21876 57844 21:0 21884
21883 57845 0:0 21884
21883 57846 0:0 21884
21884 57847 21:0 21950
21952 57877 21:0 21960
21959 57878 0:0 21960
21959 57879 0:0 21960
21960 57880 21:0 22026
22028 57910 21:0 22036
22035 57911 0:0 22036
22035 57912 0:0 22036
22036 57913 21:0 22102
22104 57943 0:0 22107
22109 57945 21:0 22167
22111 57944 0:0 22112
22166 57946 0:0 22178
22180 57976 0:0 22183
22185 57977 21:0 22243
22187 57978 0:0 22188
22242 57979 0:0 22254
22256 58009 21:0 22264
22263 58011 0:0 22264
22263 58010 21:0 22330
22354 56502 1:0 22744
22355 56503 1:0 22745
22364 56501 1:0 22755
22364 56471 1:0 22868
22370 56470 1:0 22876
22383 334 21:0 22397
22391 56469 1:0 22875
22485 56468 1:0 22886
22486 56438 1:0 22999
22486 56436 1:0 23006
22495 56437 1:0 23007
22495 56435 1:0 23017
22503 56405 1:0 23130
22522 56404 1:0 23138
22616 56403 1:0 23137
22617 56402 1:0 23148
22617 56372 1:0 23261
22626 56370 1:0 23268
22626 56371 1:0 23269
22634 56369 1:0 23279
22653 56339 1:0 23392
22747 56337 1:0 23399
22748 56338 1:0 23400
22757 56336 1:0 23410
22757 56306 1:0 23523
22763 56304 1:0 23530
22767 56305 1:0 23531
22796 56303 1:0 23541
22878 56273 1:0 23654
22879 56272 1:0 23662
22888 56271 1:0 23661
22888 56270 1:0 23672
22894 56240 1:0 23785
22899 56239 1:0 23793
22927 56238 1:0 23792
23009 56237 1:0 23803
23010 56207 1:0 23916
23019 56205 1:0 23923
23019 56206 1:0 23924
23025 56204 1:0 23934
23030 56174 1:0 24047
23058 56172 1:0 24054
23140 56173 1:0 24055
23141 56171 1:0 24065
23150 56141 1:0 24178
23150 56139 1:0 24185
23156 56140 1:0 24186
23176 56138 1:0 24196
23189 56108 1:0 24309
23271 56107 1:0 24317
23272 56106 1:0 24316
23272 335 1:0 25657
23281 56105 1:0 24327
23281 58010 1:0 25797
24507 58989 21:0 24515
24514 58991 0:0 24515
24514 58990 21:0 24581
24579 58992 0:0 24581
24583 59022 21:0 24591
24590 59024 0:0 24591
24590 59023 21:0 24657
24655 59025 0:0 24657
24659 59055 21:0 24667
24666 59056 0:0 24667
24666 59057 21:0 24733
24731 59058 0:0 24733
24735 59088 21:0 24743
24742 59090 0:0 24743
24742 59089 21:0 24809
24807 59091 0:0 24809
24811 59121 21:0 24819
24818 59122 0:0 24819
24818 59123 21:0 24885
24883 59124 0:0 24885
24887 59154 21:0 24895
24894 59156 0:0 24895
24894 59155 21:0 24961
24959 59157 0:0 24961
24963 59187 21:0 24971
24970 59189 0:0 24971
24970 59188 21:0 25037
25035 59190 0:0 25037
25039 59220 21:0 25047
25046 59222 0:0 25047
25046 59221 21:0 25113
25111 59223 0:0 25113
25115 59253 21:0 25123
25122 59254 0:0 25123
25122 59255 21:0 25189
25187 59256 0:0 25189
25191 59286 21:0 25199
25196 59288 0:0 25199
25196 59287 0:0 25199
25199 59289 21:0 25265
25267 59319 21:0 25275
25272 59320 0:0 25275
25272 59321 0:0 25275
25275 59322 21:0 25341
25343 59352 0:0 25346
25348 59353 21:0 25406
25350 59354 0:0 25351
25405 59355 0:0 25417
25419 59385 0:0 25422
25424 59387 21:0 25482
25426 59386 0:0 25427
25481 59388 0:0 25493
25669 58011 1:0 25798
25670 58009 1:0 25808
25679 57979 1:0 25921
25679 57977 1:0 25928
25685 57978 1:0 25929
25698 335 21:0 25712
25706 57976 1:0 25939
25800 57946 1:0 26052
25801 57944 1:0 26059
25801 57945 1:0 26060
25810 57943 1:0 26070
25810 57913 1:0 26183
25818 57912 1:0 26191
25837 57911 1:0 26190
25931 57910 1:0 26201
25932 57880 1:0 26314
25932 57878 1:0 26321
25941 57879 1:0 26322
25941 57877 1:0 26332
25949 57847 1:0 26445
25968 57845 1:0 26452
26062 57846 1:0 26453
26063 57844 1:0 26463
26072 57814 1:0 26576
26072 57813 1:0 26584
26078 57812 1:0 26583
26082 57811 1:0 26594
26111 57781 1:0 26707
26193 57780 1:0 26715
26194 57779 1:0 26714
26203 57778 1:0 26725
26203 57748 1:0 26838
26209 57747 1:0 26846
26214 57746 1:0 26845
26242 57745 1:0 26856
26324 57715 1:0 26969
26325 57713 1:0 26976
26334 57714 1:0 26977
26334 57712 1:0 26987
26340 57682 1:0 27100
26345 57681 1:0 27108
26373 57680 1:0 27107
26455 57679 1:0 27118
26456 57649 1:0 27231
26465 57647 1:0 27238
26465 57648 1:0 27239
26471 57646 1:0 27249
26491 57616 1:0 27362
26504 57614 1:0 27369
26586 57615 1:0 27370
26587 57613 1:0 27380
26596 57583 1:0 27493
26596 57581 1:0 27500
26602 57582 1:0 27501
26622 57580 1:0 27511
26717 57550 1:0 27624
26718 57548 1:0 27631
26718 57549 1:0 27632
26727 57547 1:0 27642
26727 336 1:0 28972
27822 60431 21:0 27830
27829 60433 0:0 27830
27829 60432 21:0 27896
27894 60434 0:0 27896
27898 60464 21:0 27906
27905 60465 0:0 27906
27905 60466 21:0 27972
27970 60467 0:0 27972
27974 60497 21:0 27982
27981 60498 0:0 27982
27981 60499 21:0 28048
28046 60500 0:0 28048
28050 60530 21:0 28058
28057 60532 0:0 28058
28057 60531 21:0 28124
28122 60533 0:0 28124
28126 60563 21:0 28134
28133 60565 0:0 28134
28133 60564 21:0 28200
28198 60566 0:0 28200
28202 60596 21:0 28210
28209 60597 0:0 28210
28209 60598 21:0 28276
28274 60599 0:0 28276
28278 60629 21:0 28286
28285 60631 0:0 28286
28285 60630 21:0 28352
28350 60632 0:0 28352
28354 60662 21:0 28362
28361 60664 0:0 28362
28361 60663 21:0 28428
28426 60665 0:0 28428
28430 60695 21:0 28438
28437 60696 0:0 28438
28437 60697 0:0 28438
28438 60698 21:0 28504
28506 60728 0:0 28509
28511 60730 21:0 28569
28513 60729 0:0 28514
28568 60731 0:0 28580
28582 60761 0:0 28585
28587 60762 21:0 28645
28589 60763 0:0 28590
28644 60764 0:0 28656
28658 60794 21:0 28666
28665 60796 0:0 28666
28665 60795 0:0 28666
28666 60797 21:0 28732
28734 60827 0:0 28737
28739 60828 21:0 28797
28741 60829 0:0 28742
28796 60830 0:0 28808
28810 60860 21:0 28818
28817 60861 0:0 28818
28818 60863 21:0 28884
28886 60893 21:0 28894
28891 60895 0:0 28894
28894 60896 21:0 28960
28984 59388 1:0 29367
28985 59387 1:0 29375
28994 59386 1:0 29374
28994 59385 1:0 29385
29000 59355 1:0 29498
29013 336 21:0 29027
29021 59353 1:0 29505
29115 59354 1:0 29506
29116 59352 1:0 29516
29116 59322 1:0 29629
29125 59320 1:0 29636
29125 59321 1:0 29637
29133 59319 1:0 29647
29152 59289 1:0 29760
29246 59287 1:0 29767
29247 59288 1:0 29768
29247 59286 1:0 29778
29256 59256 1:0 29891
29256 59255 1:0 29899
29264 59254 1:0 29898
29283 59253 1:0 29909
29377 59223 1:0 30022
29378 59221 1:0 30029
29387 59222 1:0 30030
29387 59220 1:0 30040
29393 59190 1:0 30153
29397 59188 1:0 30160
29426 59189 1:0 30161
29508 59187 1:0 30171
29509 59157 1:0 30284
29518 59155 1:0 30291
29518 59156 1:0 30292
29524 59154 1:0 30302
29529 59124 1:0 30415
29557 59123 1:0 30423
29639 59122 1:0 30422
29640 59121 1:0 30433
29649 59091 1:0 30546
29649 59089 1:0 30553
29655 59090 1:0 30554
29660 59088 1:0 30564
29688 59058 1:0 30677
29770 59057 1:0 30685
29771 59056 1:0 30684
29780 59055 1:0 30695
29780 59025 1:0 30808
29786 59023 1:0 30815
29806 59024 1:0 30816
29819 59022 1:0 30826
29901 58992 1:0 30939
29902 58990 1:0 30946
29902 337 1:0 32287
29911 58991 1:0 30947
29911 58989 1:0 30957
29919 60896 1:0 32420
29938 60895 1:0 32428
30032 60893 1:0 32438
30033 60863 1:0 32551
30042 60861 1:0 32558
31137 61873 21:0 31145
31144 61875 0:0 31145
31144 61874 21:0 31211
31209 61876 0:0 31211
31213 61906 21:0 31221
31220 61907 0:0 31221
31220 61908 21:0 31287
31285 61909 0:0 31287
31289 61939 21:0 31297
31296 61941 0:0 31297
31296 61940 21:0 31363
31361 61942 0:0 31363
31365 61972 21:0 31373
31372 61973 0:0 31373
31372 61974 21:0 31439
31437 61975 0:0 31439
31441 62005 21:0 31449
31448 62007 0:0 31449
31448 62006 21:0 31515
31513 62008 0:0 31515
31517 62038 21:0 31525
31524 62040 0:0 31525
31524 62039 21:0 31591
31589 62041 0:0 31591
31593 62071 21:0 31601
31600 62072 0:0 31601
31600 62073 21:0 31667
31665 62074 0:0 31667
31669 62104 21:0 31677
31676 62106 0:0 31677
31676 62105 21:0 31743
31741 62107 0:0 31743
31745 62137 21:0 31753
31752 62138 0:0 31753
31752 62139 21:0 31819
31817 62140 0:0 31819
31821 62170 21:0 31829
31828 62172 0:0 31829
31828 62171 0:0 31829
31829 62173 21:0 31895
31897 62203 21:0 31905
31904 62205 0:0 31905
31904 62204 21:0 31971
31969 62206 0:0 31971
31973 62236 0:0 31976
31978 62237 21:0 32036
31980 62238 0:0 31981
32035 62239 0:0 32047
32049 62269 21:0 32057
32056 62270 0:0 32057
32056 62271 21:0 32123
32121 62272 0:0 32123
32125 62302 21:0 32133
32132 62304 0:0 32133
32132 62303 21:0 32199
32197 62305 0:0 32199
32206 62336 21:0 32264
32299 60860 1:0 32569
32300 60830 1:0 32682
32309 60828 1:0 32689
32309 60829 1:0 32690
32315 60827 1:0 32700
32328 337 21:0 32342
32336 60797 1:0 32813
32430 60796 1:0 32821
32431 60795 1:0 32820
32431 60794 1:0 32831
32440 60764 1:0 32944
32440 60762 1:0 32951
32448 60763 1:0 32952
32467 60761 1:0 32962
32561 60731 1:0 33075
32562 60729 1:0 33082
32562 60730 1:0 33083
32571 60728 1:0 33093
32571 60698 1:0 33206
32579 60696 1:0 33213
32598 60697 1:0 33214
32692 60695 1:0 33224
32693 60665 1:0 33337
32702 60663 1:0 33344
32702 60664 1:0 33345
32708 60662 1:0 33355
32712 60632 1:0 33468
32741 60630 1:0 33475
32823 60631 1:0 33476
32824 60629 1:0 33486
32833 60599 1:0 33599
32833 60598 1:0 33607
32839 60597 1:0 33606
32844 60596 1:0 33617
32872 60566 1:0 33730
32954 60564 1:0 33737
32955 60565 1:0 33738
32964 60563 1:0 33748
32964 60533 1:0 33861
32970 60531 1:0 33868
32975 60532 1:0 33869
33003 60530 1:0 33879
33085 60500 1:0 33992
33086 60499 1:0 34000
33095 60498 1:0 33999
33095 60497 1:0 34010
33101 60467 1:0 34123
33121 60466 1:0 34131
33134 60465 1:0 34130
33216 60464 1:0 34141
33217 60434 1:0 34254
33226 60432 1:0 34261
33226 60433 1:0 34262
33232 60431 1:0 34272
33234 338 1:0 35602
34452 63315 21:0 34460
34459 63317 0:0 34460
34459 63316 21:0 34526
34524 63318 0:0 34526
34528 63348 21:0 34536
34535 63349 0:0 34536
34535 63350 21:0 34602
34600 63351 0:0 34602
34604 63381 21:0 34612
34611 63383 0:0 34612
34611 63382 21:0 34678
34676 63384 0:0 34678
34680 63414 21:0 34688
34687 63415 0:0 34688
34687 63416 21:0 34754
34752 63417 0:0 34754
34756 63447 21:0 34764
34763 63448 0:0 34764
34763 63449 21:0 34830
34828 63450 0:0 34830
34832 63480 21:0 34840
34839 63481 0:0 34840
34839 63482 21:0 34906
34904 63483 0:0 34906
34908 63513 21:0 34916
34915 63515 0:0 34916
34915 63514 21:0 34982
34980 63516 0:0 34982
34984 63546 21:0 34992
34991 63547 0:0 34992
34991 63548 21:0 35058
35056 63549 0:0 35058
35060 63579 21:0 35068
35067 63580 0:0 35068
35067 63581 21:0 35134
35132 63582 0:0 35134
35136 63612 21:0 35144
35143 63614 0:0 35144
35143 63613 21:0 35210
35208 63615 0:0 35210
35212 63645 21:0 35220
35219 63647 0:0 35220
35219 63646 21:0 35286
35284 63648 0:0 35286
35288 63678 0:0 35291
35293 63679 21:0 35351
35295 63680 0:0 35296
35350 63681 0:0 35362
35364 63711 0:0 35367
35369 63713 21:0 35427
35426 63714 0:0 35438
35440 63744 21:0 35448
35521 63778 21:0 35579
35614 62336 1:0 35742
35615 62305 1:0 35866
35624 62303 1:0 35873
35624 62304 1:0 35874
35630 62302 1:0 35884
35643 338 21:0 35657
35651 62272 1:0 35997
35745 62271 1:0 36005
35746 62270 1:0 36004
35746 62269 1:0 36015
35755 62239 1:0 36128
35755 62237 1:0 36135
35763 62238 1:0 36136
35782 62236 1:0 36146
35876 62206 1:0 36259
35877 62204 1:0 36266
35877 62205 1:0 36267
35886 62203 1:0 36277
35886 62173 1:0 36390
35894 62172 1:0 36398
35913 62171 1:0 36397
36007 62170 1:0 36408
36008 62140 1:0 36521
36017 62138 1:0 36528
36017 62139 1:0 36529
36023 62137 1:0 36539
36027 62107 1:0 36652
36056 62105 1:0 36659
36138 62106 1:0 36660
36139 62104 1:0 36670
36148 62074 1:0 36783
36148 62073 1:0 36791
36154 62072 1:0 36790
36159 62071 1:0 36801
36187 62041 1:0 36914
36269 62039 1:0 36921
36270 62040 1:0 36922
36279 62038 1:0 36932
36279 62008 1:0 37045
36285 62006 1:0 37052
36290 62007 1:0 37053
36318 62005 1:0 37063
36400 61975 1:0 37176
36401 61974 1:0 37184
36410 61973 1:0 37183
36410 61972 1:0 37194
36416 61942 1:0 37307
36436 61940 1:0 37314
36449 61941 1:0 37315
36531 61939 1:0 37325
36532 61909 1:0 37438
36541 61907 1:0 37445
36541 61908 1:0 37446
36547 61906 1:0 37456
36567 61876 1:0 37569
36662 61874 1:0 37576
36663 61875 1:0 37577
36663 61873 1:0 37587
36672 339 1:0 38917
36672 63778 1:0 39057
36678 63744 1:0 39199
37767 64757 21:0 37775
37774 64759 0:0 37775
37774 64758 21:0 37841
37839 64760 0:0 37841
37843 64790 21:0 37851
37850 64791 0:0 37851
37850 64792 21:0 37917
37915 64793 0:0 37917
37919 64823 21:0 37927
37926 64825 0:0 37927
37926 64824 21:0 37993
37991 64826 0:0 37993
37995 64856 21:0 38003
38002 64858 0:0 38003
38002 64857 21:0 38069
38067 64859 0:0 38069
38071 64889 21:0 38079
38078 64890 0:0 38079
38078 64891 21:0 38145
38143 64892 0:0 38145
38147 64922 21:0 38155
38154 64923 0:0 38155
38154 64924 21:0 38221
38219 64925 0:0 38221
38223 64955 21:0 38231
38230 64956 0:0 38231
38230 64957 21:0 38297
38295 64958 0:0 38297
38299 64988 21:0 38307
38306 64989 0:0 38307
38306 64990 21:0 38373
38371 64991 0:0 38373
38375 65021 0:0 38378
38380 65023 21:0 38435
38382 65022 0:0 38383
38435 65024 0:0 38449
38451 65054 21:0 38459
38458 65056 0:0 38459
38458 65055 21:0 38525
38523 65057 0:0 38525
38527 65087 21:0 38535
38534 65088 0:0 38535
38534 65089 21:0 38601
38599 65090 0:0 38601
38603 65120 0:0 38606
38608 65122 21:0 38664
38610 65121 0:0 38611
38663 65123 0:0 38677
38679 65153 21:0 38687
38686 65155 0:0 38687
38686 65154 0:0 38687
38687 65156 21:0 38753
38755 65186 0:0 38758
38760 65188 21:0 38818
38762 65187 0:0 38763
38817 65189 0:0 38829
38831 65219 0:0 38834
38836 65221 21:0 38891
38838 65220 0:0 38839
38929 63714 1:0 39312
38930 63713 1:0 39320
38939 63711 1:0 39330
38939 63681 1:0 39443
38945 63679 1:0 39450
38958 339 21:0 38972
38966 63680 1:0 39451
39060 63678 1:0 39461
39061 63648 1:0 39574
39061 63646 1:0 39581
39070 63647 1:0 39582
39070 63645 1:0 39592
39078 63615 1:0 39705
39097 63613 1:0 39712
39191 63614 1:0 39713
39192 63612 1:0 39723
39192 63582 1:0 39836
39201 63580 1:0 39843
39201 63581 1:0 39844
39209 63579 1:0 39854
39228 63549 1:0 39967
39322 63548 1:0 39975
39323 63547 1:0 39974
39332 63546 1:0 39985
39332 63516 1:0 40098
39338 63514 1:0 40105
39342 63515 1:0 40106
39371 63513 1:0 40116
39453 63483 1:0 40229
39454 63482 1:0 40237
39463 63481 1:0 40236
39463 63480 1:0 40247
39469 63450 1:0 40360
39474 63449 1:0 40368
39502 63448 1:0 40367
39584 63447 1:0 40378
39585 63417 1:0 40491
39594 63415 1:0 40498
39594 63416 1:0 40499
39600 63414 1:0 40509
39605 63384 1:0 40622
39633 63382 1:0 40629
39715 63383 1:0 40630
39716 63381 1:0 40640
39725 63351 1:0 40753
39725 63350 1:0 40761
39731 63349 1:0 40760
39751 63348 1:0 40771
39764 63318 1:0 40884
39846 63316 1:0 40891
39847 63317 1:0 40892
39847 340 1:0 42232
39856 63315 1:0 40902
39856 65221 1:0 42373
39864 65220 1:0 42372
41082 66199 21:0 41090
41089 66200 0:0 41090
41089 66201 21:0 41156
41154 66202 0:0 41156
41158 66232 21:0 41166
41165 66234 0:0 41166
41165 66233 21:0 41232
41230 66235 0:0 41232
41234 66265 21:0 41242
41241 66266 0:0 41242
41241 66267 21:0 41308
41306 66268 0:0 41308
41310 66298 21:0 41318
41317 66300 0:0 41318
41317 66299 21:0 41384
41382 66301 0:0 41384
41386 66331 21:0 41394
41393 66332 0:0 41394
41393 66333 21:0 41460
41458 66334 0:0 41460
41462 66364 21:0 41470
41469 66365 0:0 41470
41469 66366 21:0 41536
41534 66367 0:0 41536
41538 66397 21:0 41546
41545 66399 0:0 41546
41545 66398 21:0 41612
41610 66400 0:0 41612
41614 66430 21:0 41622
41621 66431 0:0 41622
41621 66432 21:0 41688
41686 66433 0:0 41688
41690 66463 21:0 41698
41695 66465 0:0 41698
41695 66464 0:0 41698
41698 66466 21:0 41764
41766 66496 21:0 41774
41773 66497 0:0 41774
41773 66498 21:0 41840
41838 66499 0:0 41840
41842 66529 21:0 41850
41849 66530 0:0 41850
41849 66531 0:0 41850
41850 66532 21:0 41916
41918 66562 21:0 41926
41925 66564 0:0 41926
41925 66563 21:0 41992
41990 66565 0:0 41992
41994 66595 21:0 42002
42001 66596 0:0 42002
42001 66597 21:0 42068
42070 66628 21:0 42078
42077 66630 21:0 42144
42244 65219 1:0 42383
42245 65189 1:0 42496
42254 65187 1:0 42503
42254 65188 1:0 42504
42260 65186 1:0 42514
42273 340 21:0 42287
42281 65156 1:0 42627
42375 65154 1:0 42634
42376 65155 1:0 42635
42376 65153 1:0 42645
42385 65123 1:0 42758
42385 65122 1:0 42766
42393 65121 1:0 42765
42412 65120 1:0 42776
42506 65090 1:0 42889
42507 65088 1:0 42896
42507 65089 1:0 42897
42516 65087 1:0 42907
42516 65057 1:0 43020
42524 65055 1:0 43027
42543 65056 1:0 43028
42637 65054 1:0 43038
42638 65024 1:0 43151
42647 65022 1:0 43158
42647 65023 1:0 43159
42653 65021 1:0 43169
42657 64991 1:0 43282
42686 64990 1:0 43290
42768 64989 1:0 43289
42769 64988 1:0 43300
42778 64958 1:0 43413
42778 64957 1:0 43421
42784 64956 1:0 43420
42789 64955 1:0 43431
42817 64925 1:0 43544
42899 64924 1:0 43552
42900 64923 1:0 43551
42909 64922 1:0 43562
42909 64892 1:0 43675
42915 64891 1:0 43683
42920 64890 1:0 43682
42948 64889 1:0 43693
43030 64859 1:0 43806
43031 64857 1:0 43813
43040 64858 1:0 43814
43040 64856 1:0 43824
43046 64826 1:0 43937
43066 64824 1:0 43944
43079 64825 1:0 43945
43161 64823 1:0 43955
43162 64793 1:0 44068
43171 64791 1:0 44075
43171 64792 1:0 44076
43177 64790 1:0 44086
43197 64760 1:0 44199
43292 64758 1:0 44206
43293 64759 1:0 44207
43293 64757 1:0 44217
43302 341 1:0 45547
44397 67641 21:0 44405
44404 67642 0:0 44405
44404 67643 21:0 44471
44469 67644 0:0 44471
44473 67674 21:0 44481
44480 67675 0:0 44481
44480 67676 21:0 44547
44545 67677 0:0 44547
44549 67707 21:0 44557
44556 67708 0:0 44557
44556 67709 21:0 44623
44621 67710 0:0 44623
44625 67740 21:0 44633
44632 67742 0:0 44633
44632 67741 21:0 44699
44697 67743 0:0 44699
44701 67773 21:0 44709
44708 67775 0:0 44709
44708 67774 21:0 44775
44773 67776 0:0 44775
44777 67806 21:0 44785
44784 67808 0:0 44785
44784 67807 21:0 44851
44849 67809 0:0 44851
44853 67839 21:0 44861
44860 67840 0:0 44861
44860 67841 21:0 44927
44925 67842 0:0 44927
44929 67872 21:0 44937
44936 67874 0:0 44937
44936 67873 21:0 45003
45001 67875 0:0 45003
45005 67905 0:0 45008
45010 67906 21:0 45068
45012 67907 0:0 45013
45067 67908 0:0 45079
45081 67938 21:0 45089
45086 67939 0:0 45089
45086 67940 0:0 45089
45089 67941 21:0 45155
45157 67971 0:0 45160
45162 67972 21:0 45220
45164 67973 0:0 45165
45219 67974 0:0 45231
45233 68004 21:0 45241
45238 68005 0:0 45241
45240 68006 0:0 45241
45241 68007 21:0 45307
45309 68037 21:0 45317
45314 68038 0:0 45317
45314 68039 0:0 45317
45317 68040 21:0 45383
45385 68070 21:0 45393
45392 68071 0:0 45393
45392 68072 0:0 45393
45393 68073 21:0 45459
45461 68103 21:0 45469
45559 66630 1:0 45819
45560 66628 1:0 45829
45569 66596 1:0 45949
45569 66597 1:0 45950
45575 66595 1:0 45960
45588 341 21:0 45602
45596 66565 1:0 46073
45690 66563 1:0 46080
45691 66564 1:0 46081
45691 66562 1:0 46091
45700 66532 1:0 46204
45700 66530 1:0 46211
45708 66531 1:0 46212
45727 66529 1:0 46222
45821 66499 1:0 46335
45822 66497 1:0 46342
45822 66498 1:0 46343
45831 66496 1:0 46353
45831 66466 1:0 46466
45839 66465 1:0 46474
45858 66464 1:0 46473
45952 66463 1:0 46484
45953 66433 1:0 46597
45962 66431 1:0 46604
45962 66432 1:0 46605
45968 66430 1:0 46615
45972 66400 1:0 46728
46001 66398 1:0 46735
46083 66399 1:0 46736
46084 66397 1:0 46746
46093 66367 1:0 46859
46093 66366 1:0 46867
46099 66365 1:0 46866
46104 66364 1:0 46877
46132 66334 1:0 46990
46214 66333 1:0 46998
46215 66332 1:0 46997
46224 66331 1:0 47008
46224 66301 1:0 47121
46230 66299 1:0 47128
46235 66300 1:0 47129
46263 66298 1:0 47139
46345 66268 1:0 47252
46346 66267 1:0 47260
46355 66266 1:0 47259
46355 66265 1:0 47270
46361 66235 1:0 47383
46381 66233 1:0 47390
46394 66234 1:0 47391
46476 66232 1:0 47401
46477 66202 1:0 47514
46486 66200 1:0 47521
46486 66201 1:0 47522
46492 66199 1:0 47532
46494 342 1:0 48862
46513 68103 1:0 49013
46607 68073 1:0 49126
47712 69083 21:0 47720
47719 69085 0:0 47720
47719 69084 21:0 47786
47784 69086 0:0 47786
47788 69116 21:0 47796
47795 69117 0:0 47796
47795 69118 21:0 47862
47860 69119 0:0 47862
47864 69149 21:0 47872
47871 69150 0:0 47872
47871 69151 21:0 47938
47936 69152 0:0 47938
47940 69182 21:0 47948
47947 69184 0:0 47948
47947 69183 21:0 48014
48012 69185 0:0 48014
48016 69215 21:0 48024
48023 69217 0:0 48024
48023 69216 21:0 48090
48088 69218 0:0 48090
48092 69248 21:0 48100
48099 69249 0:0 48100
48099 69250 21:0 48166
48164 69251 0:0 48166
48168 69281 21:0 48176
48175 69283 0:0 48176
48175 69282 21:0 48242
48240 69284 0:0 48242
48244 69314 21:0 48252
48251 69315 0:0 48252
48251 69316 21:0 48318
48316 69317 0:0 48318
48320 69347 0:0 48323
48325 69349 21:0 48383
48327 69348 0:0 48328
48382 69350 0:0 48394
48396 69380 21:0 48404
48403 69382 0:0 48404
48403 69381 0:0 48404
48404 69383 21:0 48470
48472 69413 21:0 48480
48479 69414 0:0 48480
48479 69415 21:0 48546
48544 69416 0:0 48546
48548 69446 21:0 48556
48555 69448 0:0 48556
48555 69447 21:0 48622
48620 69449 0:0 48622
48624 69479 0:0 48627
48629 69481 21:0 48687
48631 69480 0:0 48632
48686 69482 0:0 48698
48700 69512 0:0 48703
48705 69513 21:0 48763
48707 69514 0:0 48708
48874 68071 1:0 49133
48875 68072 1:0 49134
48884 68070 1:0 49144
48884 68040 1:0 49257
48890 68039 1:0 49265
48903 342 21:0 48917
48911 68038 1:0 49264
49005 68037 1:0 49275
49006 68007 1:0 49388
49006 68005 1:0 49395
49015 68006 1:0 49396
49015 68004 1:0 49406
49023 67974 1:0 49519
49042 67972 1:0 49526
49136 67973 1:0 49527
49137 67971 1:0 49537
49137 67941 1:0 49650
49146 67939 1:0 49657
49146 67940 1:0 49658
49154 67938 1:0 49668
49173 67908 1:0 49781
49267 67906 1:0 49788
49268 67907 1:0 49789
49277 67905 1:0 49799
49277 67875 1:0 49912
49283 67873 1:0 49919
49287 67874 1:0 49920
49316 67872 1:0 49930
49398 67842 1:0 50043
49399 67841 1:0 50051
49408 67840 1:0 50050
49408 67839 1:0 50061
49414 67809 1:0 50174
49419 67807 1:0 50181
49447 67808 1:0 50182
49529 67806 1:0 50192
49530 67776 1:0 50305
49539 67774 1:0 50312
49539 67775 1:0 50313
49545 67773 1:0 50323
49550 67743 1:0 50436
49578 67741 1:0 50443
49660 67742 1:0 50444
49661 67740 1:0 50454
49670 67710 1:0 50567
49670 67709 1:0 50575
49676 67708 1:0 50574
49696 67707 1:0 50585
49709 67677 1:0 50698
49791 67676 1:0 50706
49792 67675 1:0 50705
49801 67674 1:0 50716
49801 67644 1:0 50829
49807 67643 1:0 50837
49827 67642 1:0 50836
49828 343 1:0 52177
49922 67641 1:0 50847
49923 69513 1:0 52448
51027 70525 21:0 51035
51034 70527 0:0 51035
51034 70526 21:0 51101
51099 70528 0:0 51101
51103 70558 21:0 51111
51110 70560 0:0 51111
51110 70559 21:0 51177
51175 70561 0:0 51177
51179 70591 21:0 51187
51186 70592 0:0 51187
51186 70593 21:0 51253
51251 70594 0:0 51253
51255 70624 21:0 51263
51262 70625 0:0 51263
51262 70626 21:0 51329
51327 70627 0:0 51329
51331 70657 21:0 51339
51338 70658 0:0 51339
51338 70659 21:0 51405
51403 70660 0:0 51405
51407 70690 21:0 51415
51414 70691 0:0 51415
51414 70692 21:0 51481
51479 70693 0:0 51481
51483 70723 21:0 51491
51490 70724 0:0 51491
51490 70725 0:0 51491
51491 70726 21:0 51557
51559 70756 21:0 51567
51566 70757 0:0 51567
51566 70758 21:0 51633
51631 70759 0:0 51633
51635 70789 0:0 51638
51640 70791 21:0 51698
51642 70790 0:0 51643
51697 70792 0:0 51709
51711 70822 21:0 51719
51716 70824 0:0 51719
51718 70823 0:0 51719
51719 70825 21:0 51785
51787 70855 0:0 51790
51792 70857 21:0 51850
51794 70856 0:0 51795
51849 70858 0:0 51861
51863 70888 21:0 51871
51870 70890 0:0 51871
51870 70889 21:0 51937
51935 70891 0:0 51937
51939 70921 21:0 51947
51946 70922 21:0 52013
52011 70924 0:0 52013
52015 70954 0:0 52018
52020 70955 21:0 52078
52022 70956 0:0 52023
52091 70987 0:0 52094
52096 70989 21:0 52154
52189 69514 1:0 52449
52190 69512 1:0 52459
52199 69482 1:0 52572
52199 69481 1:0 52580
52205 69480 1:0 52579
52218 343 21:0 52232
52226 69479 1:0 52590
52320 69449 1:0 52703
52321 69447 1:0 52710
52321 69448 1:0 52711
52330 69446 1:0 52721
52330 69416 1:0 52834
52338 69415 1:0 52842
52357 69414 1:0 52841
52451 69413 1:0 52852
52452 69383 1:0 52965
52452 69381 1:0 52972
52461 69382 1:0 52973
52461 69380 1:0 52983
52469 69350 1:0 53096
52488 69349 1:0 53104
52582 69348 1:0 53103
52583 69347 1:0 53114
52592 69317 1:0 53227
52592 69316 1:0 53235
52598 69315 1:0 53234
52602 69314 1:0 53245
52631 69284 1:0 53358
52713 69282 1:0 53365
52714 69283 1:0 53366
52723 69281 1:0 53376
52723 69251 1:0 53489
52729 69250 1:0 53497
52734 69249 1:0 53496
52762 69248 1:0 53507
52844 69218 1:0 53620
52845 69216 1:0 53627
52854 69217 1:0 53628
52854 69215 1:0 53638
52860 69185 1:0 53751
52865 69183 1:0 53758
52893 69184 1:0 53759
52975 69182 1:0 53769
52976 69152 1:0 53882
52985 69150 1:0 53889
52985 69151 1:0 53890
52991 69149 1:0 53900
53011 69119 1:0 54013
53024 69118 1:0 54021
53106 69117 1:0 54020
53107 69116 1:0 54031
53116 69086 1:0 54144
53116 69084 1:0 54151
53122 69085 1:0 54152
53142 69083 1:0 54162
53143 344 1:0 55492
54342 71967 21:0 54350
54349 71969 0:0 54350
54349 71968 21:0 54416
54414 71970 0:0 54416
54418 72000 21:0 54426
54425 72002 0:0 54426
54425 72001 21:0 54492
54490 72003 0:0 54492
54494 72033 21:0 54502
54501 72034 0:0 54502
54501 72035 21:0 54568
54566 72036 0:0 54568
54570 72066 21:0 54578
54577 72067 0:0 54578
54577 72068 21:0 54644
54642 72069 0:0 54644
54646 72099 21:0 54654
54653 72100 0:0 54654
54653 72101 21:0 54720
54718 72102 0:0 54720
54722 72132 21:0 54730
54729 72133 0:0 54730
54729 72134 21:0 54796
54794 72135 0:0 54796
54798 72165 21:0 54806
54805 72167 0:0 54806
54805 72166 21:0 54872
54870 72168 0:0 54872
54874 72198 21:0 54882
54881 72200 0:0 54882
54881 72199 21:0 54948
54946 72201 0:0 54948
54950 72231 0:0 54953
54955 72232 21:0 55013
54957 72233 0:0 54958
55012 72234 0:0 55024
55026 72264 21:0 55034
55033 72266 0:0 55034
55033 72265 0:0 55034
55034 72267 21:0 55100
55102 72297 21:0 55110
55109 72299 0:0 55110
55109 72298 21:0 55176
55174 72300 0:0 55176
55178 72330 21:0 55186
55185 72331 0:0 55186
55185 72332 21:0 55252
55250 72333 0:0 55252
55254 72363 0:0 55257
55259 72365 21:0 55317
55261 72364 0:0 55262
55316 72366 0:0 55328
55335 72398 21:0 55393
55414 72432 21:0 55480
55504 70989 1:0 55633
55505 70987 1:0 55643
55514 70955 1:0 55763
55514 70956 1:0 55764
55520 70954 1:0 55774
55533 344 21:0 55547
55541 70924 1:0 55887
55635 70922 1:0 55894
55636 70921 1:0 55905
55636 70891 1:0 56018
55645 70889 1:0 56025
55645 70890 1:0 56026
55653 70888 1:0 56036
55672 70858 1:0 56149
55766 70857 1:0 56157
55767 70856 1:0 56156
55767 70855 1:0 56167
55776 70825 1:0 56280
55776 70824 1:0 56288
55784 70823 1:0 56287
55803 70822 1:0 56298
55897 70792 1:0 56411
55898 70791 1:0 56419
55907 70790 1:0 56418
55907 70789 1:0 56429
55913 70759 1:0 56542
55917 70758 1:0 56550
55946 70757 1:0 56549
56028 70756 1:0 56560
56029 70726 1:0 56673
56038 70724 1:0 56680
56038 70725 1:0 56681
56044 70723 1:0 56691
56049 70693 1:0 56804
56077 70692 1:0 56812
56159 70691 1:0 56811
56160 70690 1:0 56822
56169 70660 1:0 56935
56169 70659 1:0 56943
56175 70658 1:0 56942
56180 70657 1:0 56953
56208 70627 1:0 57066
56290 70626 1:0 57074
56291 70625 1:0 57073
56300 70624 1:0 57084
56300 70594 1:0 57197
56306 70593 1:0 57205
56326 70592 1:0 57204
56339 70591 1:0 57215
56421 70561 1:0 57328
56422 70559 1:0 57335
56431 70560 1:0 57336
56431 70558 1:0 57346
56437 70528 1:0 57459
56457 70526 1:0 57466
56458 345 1:0 58807
56552 70527 1:0 57467
56553 70525 1:0 57477
57657 73409 21:0 57665
57664 73410 0:0 57665
57664 73411 21:0 57731
57729 73412 0:0 57731
57733 73442 21:0 57741
57740 73444 0:0 57741
57740 73443 21:0 57807
57805 73445 0:0 57807
57809 73475 21:0 57817
57816 73476 0:0 57817
57816 73477 21:0 57883
57881 73478 0:0 57883
57885 73508 21:0 57893
57892 73509 0:0 57893
57892 73510 21:0 57959
57957 73511 0:0 57959
57961 73541 21:0 57969
57968 73543 0:0 57969
57968 73542 21:0 58035
58033 73544 0:0 58035
58037 73574 21:0 58045
58044 73575 0:0 58045
58044 73576 21:0 58111
58109 73577 0:0 58111
58113 73607 21:0 58121
58120 73609 0:0 58121
58120 73608 21:0 58187
58185 73610 0:0 58187
58189 73640 21:0 58197
58196 73642 0:0 58197
58196 73641 21:0 58263
58261 73643 0:0 58263
58265 73673 0:0 58268
58270 73675 21:0 58328
58272 73674 0:0 58273
58327 73676 0:0 58339
58341 73706 21:0 58349
58348 73708 0:0 58349
58348 73707 0:0 58349
58349 73709 21:0 58415
58417 73739 0:0 58420
58422 73741 21:0 58480
58424 73740 0:0 58425
58479 73742 0:0 58491
58493 73772 21:0 58501
58498 73774 0:0 58501
58500 73773 0:0 58501
58501 73775 21:0 58567
58569 73805 0:0 58572
58574 73806 21:0 58632
58576 73807 0:0 58577
58631 73808 0:0 58643
58645 73838 21:0 58653
58652 73840 0:0 58653
58652 73839 0:0 58653
58653 73841 21:0 58719
58819 72432 1:0 58940
58820 72398 1:0 59079
58829 72366 1:0 59202
58829 72365 1:0 59210
58835 72364 1:0 59209
58848 345 21:0 58862
58856 72363 1:0 59220
58950 72333 1:0 59333
58951 72331 1:0 59340
58951 72332 1:0 59341
58960 72330 1:0 59351
58960 72300 1:0 59464
58968 72298 1:0 59471
58987 72299 1:0 59472
59081 72297 1:0 59482
59082 72267 1:0 59595
59082 72266 1:0 59603
59091 72265 1:0 59602
59091 72264 1:0 59613
59099 72234 1:0 59726
59118 72232 1:0 59733
59212 72233 1:0 59734
59213 72231 1:0 59744
59222 72201 1:0 59857
59222 72199 1:0 59864
59228 72200 1:0 59865
59232 72198 1:0 59875
59261 72168 1:0 59988
59343 72166 1:0 59995
59344 72167 1:0 59996
59353 72165 1:0 60006
59353 72135 1:0 60119
59359 72134 1:0 60127
59364 72133 1:0 60126
59392 72132 1:0 60137
59474 72102 1:0 60250
59475 72101 1:0 60258
59484 72100 1:0 60257
59484 72099 1:0 60268
59490 72069 1:0 60381
59495 72068 1:0 60389
59523 72067 1:0 60388
59605 72066 1:0 60399
59606 72036 1:0 60512
59615 72034 1:0 60519
59615 72035 1:0 60520
59621 72033 1:0 60530
59641 72003 1:0 60643
59654 72001 1:0 60650
59736 72002 1:0 60651
59737 72000 1:0 60661
59746 71970 1:0 60774
59746 71968 1:0 60781
59752 71969 1:0 60782
59772 71967 1:0 60792
59773 346 1:0 62122
60972 74851 21:0 60980
60979 74853 0:0 60980
60979 74852 21:0 61046
61044 74854 0:0 61046
61048 74884 21:0 61056
61055 74886 0:0 61056
61055 74885 21:0 61122
61120 74887 0:0 61122
61124 74917 21:0 61132
61131 74918 0:0 61132
61131 74919 21:0 61198
61196 74920 0:0 61198
61200 74950 21:0 61208
61207 74952 0:0 61208
61207 74951 21:0 61274
61272 74953 0:0 61274
61276 74983 21:0 61284
61283 74985 0:0 61284
61283 74984 21:0 61350
61348 74986 0:0 61350
61352 75016 21:0 61360
61359 75017 0:0 61360
61359 75018 21:0 61426
61424 75019 0:0 61426
61428 75049 21:0 61436
61435 75051 0:0 61436
61435 75050 0:0 61436
61436 75052 21:0 61502
61504 75082 21:0 61512
61511 75084 0:0 61512
61511 75083 0:0 61512
61512 75085 21:0 61578
61580 75115 21:0 61588
61587 75117 0:0 61588
61587 75116 21:0 61654
61652 75118 0:0 61654
61656 75148 21:0 61664
61663 75150 0:0 61664
61663 75149 21:0 61730
61728 75151 0:0 61730
61732 75181 0:0 61735
61737 75183 21:0 61795
61739 75182 0:0 61740
61794 75184 0:0 61806
61808 75214 0:0 61811
61813 75215 21:0 61871
61815 75216 0:0 61816
61884 75247 21:0 61892
61889 75249 0:0 61892
61889 75248 0:0 61892
61892 75250 21:0 61958
61965 75281 21:0 62023
62041 75315 0:0 62044
62044 75316 21:0 62110
62134 73841 1:0 62386
62135 73839 1:0 62393
62144 73840 1:0 62394
62144 73838 1:0 62404
62150 73808 1:0 62517
62163 346 21:0 62177
62171 73806 1:0 62524
62265 73807 1:0 62525
62266 73805 1:0 62535
62266 73775 1:0 62648
62275 73773 1:0 62655
62275 73774 1:0 62656
62283 73772 1:0 62666
62302 73742 1:0 62779
62396 73741 1:0 62787
62397 73740 1:0 62786
62397 73739 1:0 62797
62406 73709 1:0 62910
62406 73707 1:0 62917
62414 73708 1:0 62918
62433 73706 1:0 62928
62527 73676 1:0 63041
62528 73675 1:0 63049
62537 73674 1:0 63048
62537 73673 1:0 63059
62543 73643 1:0 63172
62547 73641 1:0 63179
62576 73642 1:0 63180
62658 73640 1:0 63190
62659 73610 1:0 63303
62668 73608 1:0 63310
62668 73609 1:0 63311
62674 73607 1:0 63321
62679 73577 1:0 63434
62707 73576 1:0 63442
62789 73575 1:0 63441
62790 73574 1:0 63452
62799 73544 1:0 63565
62799 73542 1:0 63572
62805 73543 1:0 63573
62810 73541 1:0 63583
62838 73511 1:0 63696
62920 73510 1:0 63704
62921 73509 1:0 63703
62930 73508 1:0 63714
62930 73478 1:0 63827
62936 73477 1:0 63835
62956 73476 1:0 63834
62969 73475 1:0 63845
63051 73445 1:0 63958
63052 73443 1:0 63965
63061 73444 1:0 63966
63061 73442 1:0 63976
63067 73412 1:0 64089
63087 73411 1:0 64097
63088 347 1:0 65437
63182 73410 1:0 64096
63183 73409 1:0 64107
63192 75316 1:0 65570
64287 76293 21:0 64295
64294 76294 0:0 64295
64294 76295 21:0 64361
64359 76296 0:0 64361
64363 76326 21:0 64371
64370 76327 0:0 64371
64370 76328 21:0 64437
64435 76329 0:0 64437
64439 76359 21:0 64447
64446 76360 0:0 64447
64446 76361 21:0 64513
64511 76362 0:0 64513
64515 76392 21:0 64523
64522 76394 0:0 64523
64522 76393 21:0 64589
64587 76395 0:0 64589
64591 76425 21:0 64599
64598 76426 0:0 64599
64598 76427 21:0 64665
64663 76428 0:0 64665
64667 76458 21:0 64675
64674 76460 0:0 64675
64674 76459 21:0 64741
64739 76461 0:0 64741
64743 76491 21:0 64751
64750 76493 0:0 64751
64750 76492 21:0 64817
64815 76494 0:0 64817
64819 76524 21:0 64827
64826 76525 0:0 64827
64826 76526 21:0 64893
64891 76527 0:0 64893
64895 76557 0:0 64898
64900 76559 21:0 64958
64902 76558 0:0 64903
64957 76560 0:0 64969
64971 76590 0:0 64974
64976 76591 21:0 65034
64978 76592 0:0 64979
65033 76593 0:0 65045
65047 76623 21:0 65055
65054 76624 0:0 65055
65054 76625 0:0 65055
65055 76626 21:0 65121
65123 76656 21:0 65131
65130 76657 0:0 65131
65130 76658 21:0 65197
65195 76659 0:0 65197
65199 76689 21:0 65207
65206 76691 0:0 65207
65206 76690 21:0 65273
65271 76692 0:0 65273
65275 76722 21:0 65283
65280 76723 0:0 65283
65282 76724 0:0 65283
65283 76725 21:0 65349
65351 76755 21:0 65359
65449 75315 1:0 65578
65450 75281 1:0 65708
65459 75250 1:0 65832
65459 75249 1:0 65840
65465 75248 1:0 65839
65478 347 21:0 65492
65486 75247 1:0 65850
65580 75215 1:0 65970
65581 75216 1:0 65971
65581 75214 1:0 65981
65590 75184 1:0 66094
65590 75183 1:0 66102
65598 75182 1:0 66101
65617 75181 1:0 66112
65711 75151 1:0 66225
65712 75149 1:0 66232
65712 75150 1:0 66233
65721 75148 1:0 66243
65721 75118 1:0 66356
65729 75116 1:0 66363
65748 75117 1:0 66364
65842 75115 1:0 66374
65843 75085 1:0 66487
65852 75083 1:0 66494
65852 75084 1:0 66495
65858 75082 1:0 66505
65862 75052 1:0 66618
65891 75050 1:0 66625
65973 75051 1:0 66626
65974 75049 1:0 66636
65983 75019 1:0 66749
65983 75018 1:0 66757
65989 75017 1:0 66756
65994 75016 1:0 66767
66022 74986 1:0 66880
66104 74984 1:0 66887
66105 74985 1:0 66888
66114 74983 1:0 66898
66114 74953 1:0 67011
66120 74951 1:0 67018
66125 74952 1:0 67019
66153 74950 1:0 67029
66235 74920 1:0 67142
66236 74919 1:0 67150
66245 74918 1:0 67149
66245 74917 1:0 67160
66251 74887 1:0 67273
66271 74885 1:0 67280
66284 74886 1:0 67281
66366 74884 1:0 67291
66367 74854 1:0 67404
66376 74852 1:0 67411
66376 74853 1:0 67412
66382 74851 1:0 67422
66384 348 1:0 68752
66403 76755 1:0 68903
67602 77735 21:0 67610
67609 77737 0:0 67610
67609 77736 21:0 67676
67674 77738 0:0 67676
67678 77768 21:0 67686
67685 77769 0:0 67686
67685 77770 21:0 67752
67750 77771 0:0 67752
67754 77801 21:0 67762
67761 77802 0:0 67762
67761 77803 21:0 67828
67826 77804 0:0 67828
67830 77834 21:0 67838
67837 77835 0:0 67838
67837 77836 21:0 67904
67902 77837 0:0 67904
67906 77867 21:0 67914
67913 77869 0:0 67914
67913 77868 21:0 67980
67978 77870 0:0 67980
67982 77900 21:0 67990
67989 77901 0:0 67990
67989 77902 21:0 68056
68054 77903 0:0 68056
68058 77933 21:0 68066
68065 77935 0:0 68066
68065 77934 21:0 68132
68130 77936 0:0 68132
68134 77966 21:0 68142
68141 77968 0:0 68142
68141 77967 21:0 68208
68206 77969 0:0 68208
68210 77999 0:0 68213
68215 78001 21:0 68273
68217 78000 0:0 68218
68272 78002 0:0 68284
68286 78032 21:0 68294
68293 78034 0:0 68294
68293 78033 21:0 68360
68358 78035 0:0 68360
68362 78065 21:0 68370
68369 78066 0:0 68370
68369 78067 21:0 68436
68434 78068 0:0 68436
68438 78098 0:0 68441
68443 78100 21:0 68501
68445 78099 0:0 68446
68500 78101 0:0 68512
68514 78131 0:0 68517
68519 78133 21:0 68577
68521 78132 0:0 68522
68576 78134 0:0 68588
68590 78164 21:0 68598
68597 78165 21:0 68664
68764 76725 1:0 69016
68765 76724 1:0 69024
68774 76723 1:0 69023
68774 76722 1:0 69034
68780 76692 1:0 69147
68793 348 21:0 68807
68801 76690 1:0 69154
68895 76691 1:0 69155
68896 76689 1:0 69165
68896 76659 1:0 69278
68905 76657 1:0 69285
68905 76658 1:0 69286
68913 76656 1:0 69296
68932 76626 1:0 69409
69026 76625 1:0 69417
69027 76624 1:0 69416
69027 76623 1:0 69427
69036 76593 1:0 69540
69036 76591 1:0 69547
69044 76592 1:0 69548
69063 76590 1:0 69558
69157 76560 1:0 69671
69158 76559 1:0 69679
69167 76558 1:0 69678
69167 76557 1:0 69689
69173 76527 1:0 69802
69177 76526 1:0 69810
69206 76525 1:0 69809
69288 76524 1:0 69820
69289 76494 1:0 69933
69298 76492 1:0 69940
69298 76493 1:0 69941
69304 76491 1:0 69951
69309 76461 1:0 70064
69337 76459 1:0 70071
69419 76460 1:0 70072
69420 76458 1:0 70082
69429 76428 1:0 70195
69429 76427 1:0 70203
69435 76426 1:0 70202
69440 76425 1:0 70213
69468 76395 1:0 70326
69550 76393 1:0 70333
69551 76394 1:0 70334
69560 76392 1:0 70344
69560 76362 1:0 70457
69566 76361 1:0 70465
69586 76360 1:0 70464
69599 76359 1:0 70475
69681 76329 1:0 70588
69682 76328 1:0 70596
69691 76327 1:0 70595
69691 76326 1:0 70606
69697 76296 1:0 70719
69717 76295 1:0 70727
69718 349 1:0 72067
69812 76294 1:0 70726
69813 76293 1:0 70737
70917 79177 21:0 70925
70924 79178 0:0 70925
70924 79179 21:0 70991
70989 79180 0:0 70991
70993 79210 21:0 71001
71000 79211 0:0 71001
71000 79212 21:0 71067
71065 79213 0:0 71067
71069 79243 21:0 71077
71076 79244 0:0 71077
71076 79245 21:0 71143
71141 79246 0:0 71143
71145 79276 21:0 71153
71152 79277 0:0 71153
71152 79278 21:0 71219
71217 79279 0:0 71219
71221 79309 21:0 71229
71228 79311 0:0 71229
71228 79310 21:0 71295
71293 79312 0:0 71295
71297 79342 21:0 71305
71304 79343 0:0 71305
71304 79344 21:0 71371
71369 79345 0:0 71371
71373 79375 21:0 71381
71380 79377 0:0 71381
71380 79376 0:0 71381
71381 79378 21:0 71447
71449 79408 21:0 71457
71456 79409 0:0 71457
71456 79410 21:0 71523
71521 79411 0:0 71523
71525 79441 0:0 71528
71530 79443 21:0 71588
71532 79442 0:0 71533
71587 79444 0:0 71599
71601 79474 21:0 71609
71608 79476 0:0 71609
71608 79475 0:0 71609
71609 79477 21:0 71675
71677 79507 21:0 71685
71684 79509 0:0 71685
71684 79508 21:0 71751
71749 79510 0:0 71751
71753 79540 0:0 71756
71758 79542 21:0 71816
71760 79541 0:0 71761
71815 79543 0:0 71827
71829 79573 0:0 71832
71834 79575 21:0 71892
71836 79574 0:0 71837
71891 79576 0:0 71903
71905 79606 21:0 71913
71912 79607 0:0 71913
71912 79608 0:0 71913
71913 79609 21:0 71979
72079 78165 1:0 72338
72080 78164 1:0 72349
72089 78134 1:0 72462
72089 78133 1:0 72470
72095 78132 1:0 72469
72108 349 21:0 72122
72116 78131 1:0 72480
72210 78101 1:0 72593
72211 78099 1:0 72600
72211 78100 1:0 72601
72220 78098 1:0 72611
72220 78068 1:0 72724
72228 78067 1:0 72732
72247 78066 1:0 72731
72341 78065 1:0 72742
72342 78035 1:0 72855
72342 78033 1:0 72862
72351 78034 1:0 72863
72351 78032 1:0 72873
72359 78002 1:0 72986
72378 78001 1:0 72994
72472 78000 1:0 72993
72473 77999 1:0 73004
72482 77969 1:0 73117
72482 77967 1:0 73124
72488 77968 1:0 73125
72492 77966 1:0 73135
72521 77936 1:0 73248
72603 77934 1:0 73255
72604 77935 1:0 73256
72613 77933 1:0 73266
72613 77903 1:0 73379
72619 77902 1:0 73387
72624 77901 1:0 73386
72652 77900 1:0 73397
72734 77870 1:0 73510
72735 77868 1:0 73517
72744 77869 1:0 73518
72744 77867 1:0 73528
72750 77837 1:0 73641
72755 77836 1:0 73649
72783 77835 1:0 73648
72865 77834 1:0 73659
72866 77804 1:0 73772
72875 77802 1:0 73779
72875 77803 1:0 73780
72881 77801 1:0 73790
72901 77771 1:0 73903
72914 77770 1:0 73911
72996 77769 1:0 73910
72997 77768 1:0 73921
73006 77738 1:0 74034
73006 77736 1:0 74041
73012 77737 1:0 74042
73032 77735 1:0 74052
73033 350 1:0 75382
73127 79609 1:0 75646
73128 79607 1:0 75653
73137 79608 1:0 75654
74232 80619 21:0 74240
74239 80621 0:0 74240
74239 80620 21:0 74306
74304 80622 0:0 74306
74308 80652 21:0 74316
74315 80653 0:0 74316
74315 80654 21:0 74382
74380 80655 0:0 74382
74384 80685 21:0 74392
74391 80686 0:0 74392
74391 80687 21:0 74458
74456 80688 0:0 74458
74460 80718 21:0 74468
74467 80719 0:0 74468
74467 80720 21:0 74534
74532 80721 0:0 74534
74536 80751 21:0 74544
74543 80753 0:0 74544
74543 80752 21:0 74610
74608 80754 0:0 74610
74612 80784 21:0 74620
74619 80786 0:0 74620
74619 80785 21:0 74686
74684 80787 0:0 74686
74688 80817 21:0 74696
74695 80819 0:0 74696
74695 80818 21:0 74762
74760 80820 0:0 74762
74764 80850 21:0 74772
74771 80851 0:0 74772
74771 80852 21:0 74838
74836 80853 0:0 74838
74840 80883 0:0 74843
74845 80885 21:0 74903
74847 80884 0:0 74848
74902 80886 0:0 74914
74916 80916 21:0 74924
74923 80918 0:0 74924
74923 80917 21:0 74990
74988 80919 0:0 74990
74992 80949 21:0 75000
74999 80950 0:0 75000
74999 80951 21:0 75066
75064 80952 0:0 75066
75068 80982 21:0 75076
75073 80983 0:0 75076
75073 80984 0:0 75076
75076 80985 21:0 75142
75144 81015 21:0 75152
75151 81017 0:0 75152
75151 81016 21:0 75218
75216 81018 0:0 75218
75220 81048 21:0 75228
75227 81050 0:0 75228
75227 81049 21:0 75294
75296 81081 0:0 75299
75301 81083 21:0 75359
75394 79606 1:0 75664
75395 79576 1:0 75777
75404 79574 1:0 75784
75404 79575 1:0 75785
75410 79573 1:0 75795
75423 350 21:0 75437
75431 79543 1:0 75908
75525 79542 1:0 75916
75526 79541 1:0 75915
75526 79540 1:0 75926
75535 79510 1:0 76039
75535 79508 1:0 76046
75543 79509 1:0 76047
75562 79507 1:0 76057
75656 79477 1:0 76170
75657 79475 1:0 76177
75657 79476 1:0 76178
75666 79474 1:0 76188
75666 79444 1:0 76301
75674 79443 1:0 76309
75693 79442 1:0 76308
75787 79441 1:0 76319
75788 79411 1:0 76432
75797 79409 1:0 76439
75797 79410 1:0 76440
75803 79408 1:0 76450
75807 79378 1:0 76563
75836 79377 1:0 76571
75918 79376 1:0 76570
75919 79375 1:0 76581
75928 79345 1:0 76694
75928 79344 1:0 76702
75934 79343 1:0 76701
75939 79342 1:0 76712
75967 79312 1:0 76825
76049 79310 1:0 76832
76050 79311 1:0 76833
76059 79309 1:0 76843
76059 79279 1:0 76956
76065 79278 1:0 76964
76070 79277 1:0 76963
76098 79276 1:0 76974
76180 79246 1:0 77087
76181 79245 1:0 77095
76190 79244 1:0 77094
76190 79243 1:0 77105
76196 79213 1:0 77218
76216 79212 1:0 77226
76229 79211 1:0 77225
76311 79210 1:0 77236
76312 79180 1:0 77349
76321 79178 1:0 77356
76321 79179 1:0 77357
76327 79177 1:0 77367
76329 351 1:0 78697
77547 82061 21:0 77555
77554 82063 0:0 77555
77554 82062 21:0 77621
77619 82064 0:0 77621
77623 82094 21:0 77631
77630 82096 0:0 77631
77630 82095 21:0 77697
77695 82097 0:0 77697
77699 82127 21:0 77707
77706 82129 0:0 77707
77706 82128 21:0 77773
77771 82130 0:0 77773
77775 82160 21:0 77783
77782 82162 0:0 77783
77782 82161 21:0 77849
77847 82163 0:0 77849
77851 82193 21:0 77859
77858 82194 0:0 77859
77858 82195 21:0 77925
77923 82196 0:0 77925
77927 82226 21:0 77935
77934 82227 0:0 77935
77934 82228 21:0 78001
77999 82229 0:0 78001
78003 82259 21:0 78011
78010 82261 0:0 78011
78010 82260 21:0 78077
78075 82262 0:0 78077
78079 82292 21:0 78087
78086 82294 0:0 78087
78086 82293 0:0 78087
78087 82295 21:0 78153
78155 82325 0:0 78158
78160 82326 21:0 78218
78162 82327 0:0 78163
78217 82328 0:0 78229
78231 82358 21:0 78239
78238 82360 0:0 78239
78238 82359 21:0 78305
78303 82361 0:0 78305
78307 82391 21:0 78315
78314 82392 0:0 78315
78314 82393 21:0 78381
78379 82394 0:0 78381
78383 82424 21:0 78391
78390 82426 0:0 78391
78390 82425 21:0 78457
78455 82427 0:0 78457
78459 82457 21:0 78467
78466 82458 0:0 78467
78466 82459 21:0 78533
78531 82460 0:0 78533
78535 82490 21:0 78543
78709 81083 1:0 78838
78710 81081 1:0 78848
78719 81049 1:0 78968
78719 81050 1:0 78969
78725 81048 1:0 78979
78738 351 21:0 78752
78746 81018 1:0 79092
78840 81016 1:0 79099
78841 81017 1:0 79100
78841 81015 1:0 79110
78850 80985 1:0 79223
78850 80983 1:0 79230
78858 80984 1:0 79231
78877 80982 1:0 79241
78971 80952 1:0 79354
78972 80950 1:0 79361
78972 80951 1:0 79362
78981 80949 1:0 79372
78981 80919 1:0 79485
78989 80917 1:0 79492
79008 80918 1:0 79493
79102 80916 1:0 79503
79103 80886 1:0 79616
79112 80884 1:0 79623
79112 80885 1:0 79624
79118 80883 1:0 79634
79122 80853 1:0 79747
79151 80852 1:0 79755
79233 80851 1:0 79754
79234 80850 1:0 79765
79243 80820 1:0 79878
79243 80818 1:0 79885
79249 80819 1:0 79886
79254 80817 1:0 79896
79282 80787 1:0 80009
79364 80785 1:0 80016
79365 80786 1:0 80017
79374 80784 1:0 80027
79374 80754 1:0 80140
79380 80752 1:0 80147
79385 80753 1:0 80148
79413 80751 1:0 80158
79495 80721 1:0 80271
79496 80720 1:0 80279
79505 80719 1:0 80278
79505 80718 1:0 80289
79511 80688 1:0 80402
79531 80687 1:0 80410
79544 80686 1:0 80409
79626 80685 1:0 80420
79627 80655 1:0 80533
79636 80653 1:0 80540
79636 80654 1:0 80541
79642 80652 1:0 80551
79662 80622 1:0 80664
79757 80620 1:0 80671
79758 80621 1:0 80672
79758 80619 1:0 80682
79767 352 1:0 82012
80862 83503 21:0 80870
80869 83505 0:0 80870
80869 83504 21:0 80936
80934 83506 0:0 80936
80938 83536 21:0 80946
80945 83538 0:0 80946
80945 83537 21:0 81012
81010 83539 0:0 81012
81014 83569 21:0 81022
81021 83571 0:0 81022
81021 83570 21:0 81088
81086 83572 0:0 81088
81090 83602 21:0 81098
81097 83603 0:0 81098
81097 83604 21:0 81164
81162 83605 0:0 81164
81166 83635 21:0 81174
81173 83636 0:0 81174
81173 83637 21:0 81240
81238 83638 0:0 81240
81242 83668 21:0 81250
81249 83669 0:0 81250
81249 83670 21:0 81316
81314 83671 0:0 81316
81318 83701 21:0 81326
81325 83702 0:0 81326
81325 83703 21:0 81392
81390 83704 0:0 81392
81394 83734 21:0 81402
81401 83736 0:0 81402
81401 83735 0:0 81402
81402 83737 21:0 81468
81470 83767 21:0 81478
81477 83769 0:0 81478
81477 83768 21:0 81544
81542 83770 0:0 81544
81546 83800 21:0 81554
81553 83801 0:0 81554
81553 83802 21:0 81620
81618 83803 0:0 81620
81622 83833 21:0 81630
81629 83835 0:0 81630
81629 83834 21:0 81696
81694 83836 0:0 81696
81698 83866 21:0 81706
81705 83868 0:0 81706
81705 83867 0:0 81706
81706 83869 21:0 81772
81774 83899 0:0 81777
81779 83900 21:0 81837
81781 83901 0:0 81782
81836 83902 0:0 81848
81850 83932 21:0 81858
81857 83934 21:0 81924
81931 83967 21:0 81989
81933 83966 0:0 81934
82002 83998 21:0 82010
82024 82490 1:0 82294
82025 82460 1:0 82407
82034 82458 1:0 82414
82034 82459 1:0 82415
82040 82457 1:0 82425
82053 352 21:0 82067
82061 82427 1:0 82538
82155 82425 1:0 82545
82156 82426 1:0 82546
82156 82424 1:0 82556
82165 82394 1:0 82669
82165 82393 1:0 82677
82173 82392 1:0 82676
82192 82391 1:0 82687
82286 82361 1:0 82800
82287 82359 1:0 82807
82287 82360 1:0 82808
82296 82358 1:0 82818
82296 82328 1:0 82931
82304 82326 1:0 82938
82323 82327 1:0 82939
82417 82325 1:0 82949
82418 82295 1:0 83062
82427 82293 1:0 83069
82427 82294 1:0 83070
82433 82292 1:0 83080
82437 82262 1:0 83193
82466 82260 1:0 83200
82548 82261 1:0 83201
82549 82259 1:0 83211
82558 82229 1:0 83324
82558 82228 1:0 83332
82564 82227 1:0 83331
82569 82226 1:0 83342
82597 82196 1:0 83455
82679 82195 1:0 83463
82680 82194 1:0 83462
82689 82193 1:0 83473
82689 82163 1:0 83586
82695 82161 1:0 83593
82700 82162 1:0 83594
82728 82160 1:0 83604
82810 82130 1:0 83717
82811 82128 1:0 83724
82820 82129 1:0 83725
82820 82127 1:0 83735
82826 82097 1:0 83848
82846 82095 1:0 83855
82859 82096 1:0 83856
82941 82094 1:0 83866
82942 82064 1:0 83979
82951 82062 1:0 83986
82951 82063 1:0 83987
82957 82061 1:0 83997
82959 353 1:0 85327
82978 83998 1:0 85347
84177 84945 21:0 84185
84184 84947 0:0 84185
84184 84946 21:0 84251
84249 84948 0:0 84251
84253 84978 21:0 84261
84260 84980 0:0 84261
84260 84979 21:0 84327
84325 84981 0:0 84327
84329 85011 21:0 84337
84336 85013 0:0 84337
84336 85012 21:0 84403
84401 85014 0:0 84403
84405 85044 21:0 84413
84412 85046 0:0 84413
84412 85045 21:0 84479
84477 85047 0:0 84479
84481 85077 21:0 84489
84488 85078 0:0 84489
84488 85079 21:0 84555
84553 85080 0:0 84555
84557 85110 21:0 84565
84564 85111 0:0 84565
84564 85112 21:0 84631
84629 85113 0:0 84631
84633 85143 21:0 84641
84640 85145 0:0 84641
84640 85144 0:0 84641
84641 85146 21:0 84707
84709 85176 21:0 84717
84716 85178 0:0 84717
84716 85177 21:0 84783
84781 85179 0:0 84783
84785 85209 21:0 84793
84792 85210 0:0 84793
84792 85211 21:0 84859
84857 85212 0:0 84859
84861 85242 21:0 84869
84868 85243 0:0 84869
84868 85244 21:0 84935
84933 85245 0:0 84935
84937 85275 21:0 84945
84944 85276 0:0 84945
84944 85277 21:0 85011
85009 85278 0:0 85011
85013 85308 0:0 85016
85018 85309 21:0 85076
85020 85310 0:0 85021
85075 85311 0:0 85087
85089 85341 0:0 85092
85094 85342 21:0 85152
85096 85343 0:0 85097
85151 85344 0:0 85163
85165 85374 21:0 85173
85317 85440 21:0 85325
85339 83967 1:0 85468
85340 83966 1:0 85467
85349 83934 1:0 85599
85349 83932 1:0 85609
85355 83902 1:0 85722
85368 353 21:0 85382
85376 83900 1:0 85729
85470 83901 1:0 85730
85471 83899 1:0 85740
85471 83869 1:0 85853
85480 83867 1:0 85860
85480 83868 1:0 85861
85488 83866 1:0 85871
85507 83836 1:0 85984
85601 83834 1:0 85991
85602 83835 1:0 85992
85602 83833 1:0 86002
85611 83803 1:0 86115
85611 83802 1:0 86123
85619 83801 1:0 86122
85638 83800 1:0 86133
85732 83770 1:0 86246
85733 83768 1:0 86253
85742 83769 1:0 86254
85742 83767 1:0 86264
85748 83737 1:0 86377
85752 83736 1:0 86385
85781 83735 1:0 86384
85863 83734 1:0 86395
85864 83704 1:0 86508
85873 83702 1:0 86515
85873 83703 1:0 86516
85879 83701 1:0 86526
85884 83671 1:0 86639
85912 83670 1:0 86647
85994 83669 1:0 86646
85995 83668 1:0 86657
86004 83638 1:0 86770
86004 83637 1:0 86778
86010 83636 1:0 86777
86015 83635 1:0 86788
86043 83605 1:0 86901
86125 83604 1:0 86909
86126 83603 1:0 86908
86135 83602 1:0 86919
86135 83572 1:0 87032
86141 83570 1:0 87039
86161 83571 1:0 87040
86174 83569 1:0 87050
86256 83539 1:0 87163
86257 83537 1:0 87170
86266 83538 1:0 87171
86266 83536 1:0 87181
86272 83506 1:0 87294
86292 83504 1:0 87301
86293 354 1:0 88642
86387 83505 1:0 87302
86388 83503 1:0 87312
87492 86387 21:0 87500
87499 86388 0:0 87500
87499 86389 21:0 87566
87564 86390 0:0 87566
87568 86420 21:0 87576
87575 86421 0:0 87576
87575 86422 21:0 87642
87640 86423 0:0 87642
87644 86453 21:0 87652
87651 86455 0:0 87652
87651 86454 21:0 87718
87716 86456 0:0 87718
87720 86486 21:0 87728
87727 86488 0:0 87728
87727 86487 21:0 87794
87792 86489 0:0 87794
87796 86519 21:0 87804
87803 86520 0:0 87804
87803 86521 21:0 87870
87868 86522 0:0 87870
87872 86552 21:0 87880
87879 86554 0:0 87880
87879 86553 21:0 87946
87944 86555 0:0 87946
87948 86585 21:0 87956
87955 86587 0:0 87956
87955 86586 21:0 88022
88020 86588 0:0 88022
88024 86618 21:0 88032
88031 86620 0:0 88032
88031 86619 21:0 88098
88096 86621 0:0 88098
88100 86651 21:0 88108
88107 86652 0:0 88108
88107 86653 21:0 88174
88172 86654 0:0 88174
88176 86684 0:0 88179
88181 86685 21:0 88239
88183 86686 0:0 88184
88238 86687 0:0 88250
88252 86717 0:0 88255
88257 86719 21:0 88315
88259 86718 0:0 88260
88314 86720 0:0 88326
88328 86750 0:0 88331
88333 86751 21:0 88391
88335 86752 0:0 88336
88390 86753 0:0 88402
88404 86783 21:0 88412
88409 86785 0:0 88412
88411 86784 0:0 88412
88412 86786 21:0 88478
88480 86816 0:0 88483
88485 86817 21:0 88543
88487 86818 0:0 88488
88542 86819 0:0 88554
88654 85440 1:0 88662
88655 85374 1:0 88924
88664 85344 1:0 89037
88664 85342 1:0 89044
88670 85343 1:0 89045
88683 354 21:0 88697
88691 85341 1:0 89055
88785 85311 1:0 89168
88786 85309 1:0 89175
88786 85310 1:0 89176
88795 85308 1:0 89186
88795 85278 1:0 89299
88803 85277 1:0 89307
88822 85276 1:0 89306
88916 85275 1:0 89317
88917 85245 1:0 89430
88917 85244 1:0 89438
88926 85243 1:0 89437
88926 85242 1:0 89448
88934 85212 1:0 89561
88953 85211 1:0 89569
89047 85210 1:0 89568
89048 85209 1:0 89579
89057 85179 1:0 89692
89057 85177 1:0 89699
89063 85178 1:0 89700
89067 85176 1:0 89710
89096 85146 1:0 89823
89178 85145 1:0 89831
89179 85144 1:0 89830
89188 85143 1:0 89841
89188 85113 1:0 89954
89194 85112 1:0 89962
89199 85111 1:0 89961
89227 85110 1:0 89972
89309 85080 1:0 90085
89310 85079 1:0 90093
89319 85078 1:0 90092
89319 85077 1:0 90103
89325 85047 1:0 90216
89330 85045 1:0 90223
89358 85046 1:0 90224
89440 85044 1:0 90234
89441 85014 1:0 90347
89450 85012 1:0 90354
89450 85013 1:0 90355
89456 85011 1:0 90365
89476 84981 1:0 90478
89489 84979 1:0 90485
89571 84980 1:0 90486
89572 84978 1:0 90496
89581 84948 1:0 90609
89581 84946 1:0 90616
89587 84947 1:0 90617
89607 84945 1:0 90627
89608 355 1:0 91957
89702 86819 1:0 92221
90807 87829 21:0 90815
90814 87831 0:0 90815
90814 87830 21:0 90881
90879 87832 0:0 90881
90883 87862 21:0 90891
90890 87864 0:0 90891
90890 87863 21:0 90957
90955 87865 0:0 90957
90959 87895 21:0 90967
90966 87897 0:0 90967
90966 87896 21:0 91033
91031 87898 0:0 91033
91035 87928 21:0 91043
91042 87930 0:0 91043
91042 87929 21:0 91109
91107 87931 0:0 91109
91111 87961 21:0 91119
91118 87963 0:0 91119
91118 87962 21:0 91185
91183 87964 0:0 91185
91187 87994 21:0 91195
91194 87996 0:0 91195
91194 87995 21:0 91261
91259 87997 0:0 91261
91263 88027 21:0 91271
91270 88029 0:0 91271
91270 88028 21:0 91337
91335 88030 0:0 91337
91339 88060 21:0 91347
91346 88062 0:0 91347
91346 88061 21:0 91413
91411 88063 0:0 91413
91415 88093 0:0 91418
91420 88095 21:0 91478
91422 88094 0:0 91423
91477 88096 0:0 91489
91491 88126 0:0 91494
91496 88127 21:0 91554
91498 88128 0:0 91499
91553 88129 0:0 91565
91567 88159 21:0 91575
91574 88160 0:0 91575
91574 88161 21:0 91641
91639 88162 0:0 91641
91643 88192 21:0 91651
91650 88194 0:0 91651
91650 88193 21:0 91717
91715 88195 0:0 91717
91719 88225 21:0 91727
91726 88226 0:0 91727
91726 88227 21:0 91793
91791 88228 0:0 91793
91795 88258 0:0 91798
91800 88259 21:0 91858
91802 88260 0:0 91803
91969 86817 1:0 92228
91970 86818 1:0 92229
91979 86816 1:0 92239
91979 86786 1:0 92352
91985 86784 1:0 92359
91998 355 21:0 92012
92006 86785 1:0 92360
92100 86783 1:0 92370
92101 86753 1:0 92483
92101 86751 1:0 92490
92110 86752 1:0 92491
92110 86750 1:0 92501
92118 86720 1:0 92614
92137 86719 1:0 92622
92231 86718 1:0 92621
92232 86717 1:0 92632
92232 86687 1:0 92745
92241 86685 1:0 92752
92241 86686 1:0 92753
92249 86684 1:0 92763
92268 86654 1:0 92876
92362 86653 1:0 92884
92363 86652 1:0 92883
92372 86651 1:0 92894
92372 86621 1:0 93007
92378 86619 1:0 93014
92382 86620 1:0 93015
92411 86618 1:0 93025
92493 86588 1:0 93138
92494 86586 1:0 93145
92503 86587 1:0 93146
92503 86585 1:0 93156
92509 86555 1:0 93269
92514 86553 1:0 93276
92542 86554 1:0 93277
92624 86552 1:0 93287
92625 86522 1:0 93400
92634 86520 1:0 93407
92634 86521 1:0 93408
92640 86519 1:0 93418
92645 86489 1:0 93531
92673 86487 1:0 93538
92755 86488 1:0 93539
92756 86486 1:0 93549
92765 86456 1:0 93662
92765 86454 1:0 93669
92771 86455 1:0 93670
92791 86453 1:0 93680
92804 86423 1:0 93793
92886 86422 1:0 93801
92887 86421 1:0 93800
92896 86420 1:0 93811
92896 86390 1:0 93924
92902 86389 1:0 93932
92922 86388 1:0 93931
92923 356 1:0 95272
93017 86387 1:0 93942
94122 89271 21:0 94130
94129 89273 0:0 94130
94129 89272 21:0 94196
94194 89274 0:0 94196
94198 89304 21:0 94206
94205 89306 0:0 94206
94205 89305 21:0 94272
94270 89307 0:0 94272
94274 89337 21:0 94282
94281 89338 0:0 94282
94281 89339 21:0 94348
94346 89340 0:0 94348
94350 89370 21:0 94358
94357 89372 0:0 94358
94357 89371 21:0 94424
94422 89373 0:0 94424
94426 89403 21:0 94434
94433 89405 0:0 94434
94433 89404 21:0 94500
94498 89406 0:0 94500
94502 89436 21:0 94510
94509 89437 0:0 94510
94509 89438 21:0 94576
94574 89439 0:0 94576
94578 89469 21:0 94586
94585 89470 0:0 94586
94585 89471 21:0 94652
94650 89472 0:0 94652
94654 89502 21:0 94662
94661 89504 0:0 94662
94661 89503 21:0 94728
94726 89505 0:0 94728
94730 89535 21:0 94738
94737 89537 0:0 94738
94737 89536 0:0 94738
94738 89538 21:0 94804
94806 89568 0:0 94809
94811 89570 21:0 94869
94813 89569 0:0 94814
94868 89571 0:0 94880
94887 89603 21:0 94945
94889 89602 0:0 94890
94944 89604 0:0 94956
94958 89634 21:0 94966
94965 89636 0:0 94966
94965 89635 21:0 95032
95030 89637 0:0 95032
95034 89667 21:0 95042
95041 89668 0:0 95042
95041 89669 21:0 95108
95106 89670 0:0 95108
95115 89701 21:0 95173
95117 89702 0:0 95118
95172 89703 0:0 95184
95191 89734 21:0 95249
95284 88259 1:0 95543
95285 88260 1:0 95544
95294 88258 1:0 95554
95294 88228 1:0 95667
95300 88227 1:0 95675
95313 356 21:0 95327
95321 88226 1:0 95674
95415 88225 1:0 95685
95416 88195 1:0 95798
95416 88193 1:0 95805
95425 88194 1:0 95806
95425 88192 1:0 95816
95433 88162 1:0 95929
95452 88161 1:0 95937
95546 88160 1:0 95936
95547 88159 1:0 95947
95547 88129 1:0 96060
95556 88127 1:0 96067
95556 88128 1:0 96068
95564 88126 1:0 96078
95583 88096 1:0 96191
95677 88095 1:0 96199
95678 88094 1:0 96198
95687 88093 1:0 96209
95687 88063 1:0 96322
95693 88061 1:0 96329
95697 88062 1:0 96330
95726 88060 1:0 96340
95808 88030 1:0 96453
95809 88028 1:0 96460
95818 88029 1:0 96461
95818 88027 1:0 96471
95824 87997 1:0 96584
95829 87995 1:0 96591
95857 87996 1:0 96592
95939 87994 1:0 96602
95940 87964 1:0 96715
95949 87962 1:0 96722
95949 87963 1:0 96723
95955 87961 1:0 96733
95960 87931 1:0 96846
95988 87929 1:0 96853
96070 87930 1:0 96854
96071 87928 1:0 96864
96080 87898 1:0 96977
96080 87896 1:0 96984
96086 87897 1:0 96985
96106 87895 1:0 96995
96119 87865 1:0 97108
96201 87863 1:0 97115
96202 87864 1:0 97116
96211 87862 1:0 97126
96211 87832 1:0 97239
96217 87830 1:0 97246
96237 87831 1:0 97247
96238 357 1:0 98587
96332 87829 1:0 97257
96333 89734 1:0 98727
96342 89703 1:0 98851
96342 89701 1:0 98858
96348 89702 1:0 98859
96352 89670 1:0 98982
97437 90713 21:0 97445
97444 90715 0:0 97445
97444 90714 21:0 97511
97509 90716 0:0 97511
97513 90746 21:0 97521
97520 90748 0:0 97521
97520 90747 21:0 97587
97585 90749 0:0 97587
97589 90779 21:0 97597
97596 90780 0:0 97597
97596 90781 21:0 97663
97661 90782 0:0 97663
97665 90812 21:0 97673
97672 90813 0:0 97673
97672 90814 21:0 97739
97737 90815 0:0 97739
97741 90845 21:0 97749
97748 90847 0:0 97749
97748 90846 21:0 97815
97813 90848 0:0 97815
97817 90878 21:0 97825
97824 90880 0:0 97825
97824 90879 21:0 97891
97889 90881 0:0 97891
97893 90911 21:0 97901
97900 90912 0:0 97901
97900 90913 21:0 97967
97965 90914 0:0 97967
97969 90944 21:0 97977
97976 90946 0:0 97977
97976 90945 0:0 97977
97977 90947 21:0 98043
98045 90977 21:0 98053
98052 90978 0:0 98053
98052 90979 0:0 98053
98053 90980 21:0 98119
98121 91010 21:0 98129
98128 91011 0:0 98129
98128 91012 21:0 98195
98193 91013 0:0 98195
98197 91043 21:0 98205
98204 91044 0:0 98205
98204 91045 21:0 98271
98269 91046 0:0 98271
98273 91076 21:0 98281
98280 91078 0:0 98281
98280 91077 21:0 98347
98345 91079 0:0 98347
98349 91109 21:0 98357
98356 91111 0:0 98357
98356 91110 21:0 98423
98421 91112 0:0 98423
98425 91142 21:0 98433
98432 91143 0:0 98433
98432 91144 21:0 98499
98497 91145 0:0 98499
98501 91175 21:0 98509
98508 91176 0:0 98509
98508 91177 21:0 98575
98573 91178 0:0 98575
98599 89669 1:0 98990
98600 89668 1:0 98989
98609 89667 1:0 99000
98609 89637 1:0 99113
98615 89635 1:0 99120
98628 357 21:0 98642
98636 89636 1:0 99121
98730 89634 1:0 99131
98731 89604 1:0 99244
98731 89603 1:0 99252
98740 89602 1:0 99251
98740 89571 1:0 99375
98748 89570 1:0 99383
98767 89569 1:0 99382
98861 89568 1:0 99393
98862 89538 1:0 99506
98862 89536 1:0 99513
98871 89537 1:0 99514
98871 89535 1:0 99524
98879 89505 1:0 99637
98898 89503 1:0 99644
98992 89504 1:0 99645
98993 89502 1:0 99655
99002 89472 1:0 99768
99002 89471 1:0 99776
99008 89470 1:0 99775
99012 89469 1:0 99786
99041 89439 1:0 99899
99123 89438 1:0 99907
99124 89437 1:0 99906
99133 89436 1:0 99917
99133 89406 1:0 100030
99139 89404 1:0 100037
99144 89405 1:0 100038
99172 89403 1:0 100048
99254 89373 1:0 100161
99255 89371 1:0 100168
99264 89372 1:0 100169
99264 89370 1:0 100179
99270 89340 1:0 100292
99275 89339 1:0 100300
99303 89338 1:0 100299
99385 89337 1:0 100310
99386 89307 1:0 100423
99395 89305 1:0 100430
99395 89306 1:0 100431
99401 89304 1:0 100441
99421 89274 1:0 100554
99434 89272 1:0 100561
99516 89273 1:0 100562
99517 89271 1:0 100572
99517 358 1:0 101902
100752 92155 0:0 100755
100757 92156 21:0 100815
100759 92157 0:0 100760
100814 92158 0:0 100826
100828 92188 21:0 100836
100833 92189 0:0 100836
100835 92190 0:0 100836
100836 92191 21:0 100902
100904 92221 0:0 100907
100909 92223 21:0 100967
100911 92222 0:0 100912
100966 92224 0:0 100978
100980 92254 21:0 100988
100987 92255 0:0 100988
100987 92256 0:0 100988
100988 92257 21:0 101054
101056 92287 21:0 101064
101061 92288 0:0 101064
101061 92289 0:0 101064
101064 92290 21:0 101130
101132 92320 0:0 101135
101137 92322 21:0 101195
101139 92321 0:0 101140
101194 92323 0:0 101206
101208 92353 21:0 101216
101213 92355 0:0 101216
101213 92354 0:0 101216
101216 92356 21:0 101282
101284 92386 21:0 101292
101291 92388 0:0 101292
101291 92387 0:0 101292
101292 92389 21:0 101358
101360 92419 0:0 101363
101365 92421 21:0 101423
101367 92420 0:0 101368
101436 92452 21:0 101444
101441 92453 0:0 101444
101443 92454 0:0 101444
101444 92455 21:0 101510
101512 92485 21:0 101520
101519 92486 0:0 101520
101519 92487 0:0 101520
101520 92488 21:0 101586
101593 92520 21:0 101651
101595 92519 0:0 101596
101650 92521 0:0 101662
101669 92552 21:0 101727
101726 92554 0:0 101738
101748 92587 21:0 101814
101821 92618 21:0 101879
101914 91178 1:0 102035
101915 91177 1:0 102043
101924 91176 1:0 102042
101924 91175 1:0 102053
101930 91145 1:0 102166
101943 358 21:0 101957
101951 91144 1:0 102174
102045 91143 1:0 102173
102046 91142 1:0 102184
102046 91112 1:0 102297
102055 91110 1:0 102304
102055 91111 1:0 102305
102063 91109 1:0 102315
102082 91079 1:0 102428
102176 91077 1:0 102435
102177 91078 1:0 102436
102177 91076 1:0 102446
102186 91046 1:0 102559
102186 91045 1:0 102567
102194 91044 1:0 102566
102213 91043 1:0 102577
102307 91013 1:0 102690
102308 91012 1:0 102698
102317 91011 1:0 102697
102317 91010 1:0 102708
102323 90980 1:0 102821
102327 90978 1:0 102828
102356 90979 1:0 102829
102438 90977 1:0 102839
102439 90947 1:0 102952
102448 90945 1:0 102959
102448 90946 1:0 102960
102454 90944 1:0 102970
102459 90914 1:0 103083
102487 90913 1:0 103091
102569 90912 1:0 103090
102570 90911 1:0 103101
102579 90881 1:0 103214
102579 90879 1:0 103221
102585 90880 1:0 103222
102590 90878 1:0 103232
102618 90848 1:0 103345
102700 90846 1:0 103352
102701 90847 1:0 103353
102710 90845 1:0 103363
102710 90815 1:0 103476
102716 90814 1:0 103484
102736 90813 1:0 103483
102749 90812 1:0 103494
102831 90782 1:0 103607
102832 90781 1:0 103615
102841 90780 1:0 103614
102841 90779 1:0 103625
102847 90749 1:0 103738
102867 90747 1:0 103745
102962 90748 1:0 103746
102963 90746 1:0 103756
102963 90716 1:0 103869
102972 90714 1:0 103876
102972 90715 1:0 103877
102980 90713 1:0 103887
102982 359 1:0 104000
102983 45961 1:0 104164
103011 92618 1:0 104107
103093 45954 1:0 104133
103093 45955 1:0 104134
103093 45962 1:0 104173
103093 45963 1:0 104174
103094 45956 1:0 104143
103094 45959 1:0 104154
103094 45960 1:0 104163
103094 45964 1:0 104183
103094 45965 1:0 104184
103103 45966 1:0 104193
103103 45967 1:0 104194
103103 92587 1:0 104274
103109 46114 1:0 104328
103109 46102 1:0 104355
103113 46109 1:0 104394
103129 46101 1:0 104354
103129 46110 1:0 104395
103142 46111 1:0 104404
103224 46104 1:0 104365
103224 46107 1:0 104384
103224 46108 1:0 104385
103224 46112 1:0 104405
103224 46113 1:0 104414
103225 92552 1:0 104495
103234 46261 1:0 104549
103234 46249 1:0 104576
103234 46256 1:0 104615
103234 92554 1:0 104637
103240 46248 1:0 104575
103240 46257 1:0 104616
103242 46258 1:0 104625
103245 46259 1:0 104626
103260 46250 1:0 104585
103260 46254 1:0 104605
103260 46255 1:0 104606
103273 46260 1:0 104635
103355 92520 1:0 104770
103356 92521 1:0 104770
103356 46404 1:0 104802
103365 46408 1:0 104802
103365 46407 1:0 104802
103365 46406 1:0 104802
103365 46405 1:0 104802
103371 46395 1:0 104796
103371 46403 1:0 104802
103371 46401 1:0 104826
103373 46396 1:0 104797
103373 46402 1:0 104802
103392 92519 1:0 104893
103404 46552 1:0 105023
103404 46549 1:0 105048
103486 92488 1:0 104991
103487 46550 1:0 105023
103487 46553 1:0 105023
103496 46542 1:0 105017
103496 46543 1:0 105018
103496 46551 1:0 105023
103496 46545 1:0 105023
103496 46546 1:0 105023
103496 46548 1:0 105023
103496 46555 1:0 105023
103496 46554 1:0 105023
103504 92487 1:0 105115
103522 92486 1:0 105114
103535 46699 1:0 105212
103535 46689 1:0 105238
103617 92485 1:0 105125
103618 92455 1:0 105158
103627 46690 1:0 105239
103627 46695 1:0 105268
103627 46696 1:0 105269
103627 46697 1:0 105278
103627 46698 1:0 105279
103627 46700 1:0 105289
103627 46701 1:0 105298
103633 46702 1:0 105299
103638 92454 1:0 105336
103653 46836 1:0 105459
103666 92453 1:0 105335
103748 92452 1:0 105346
103749 92421 1:0 105433
103758 46837 1:0 105460
103758 46844 1:0 105499
103758 46845 1:0 105500
103758 46846 1:0 105509
103758 46847 1:0 105510
103764 46842 1:0 105489
103764 46843 1:0 105490
103764 46848 1:0 105519
103768 46849 1:0 105520
103797 92420 1:0 105556
103879 92419 1:0 105567
103880 92389 1:0 105600
103880 46996 1:0 105654
103880 46983 1:0 105680
103889 46984 1:0 105681
103889 46991 1:0 105720
103889 46992 1:0 105721
103889 46993 1:0 105730
103895 46989 1:0 105710
103895 46990 1:0 105711
103895 46994 1:0 105731
103897 46995 1:0 105740
103916 92387 1:0 105777
103969 92388 1:0 105778
104012 92386 1:0 105788
104013 92356 1:0 105821
104022 47140 1:0 105875
104022 47130 1:0 105901
104022 47131 1:0 105902
104022 47138 1:0 105941
104022 47139 1:0 105942
104028 47134 1:0 105921
104028 47136 1:0 105931
104028 47137 1:0 105932
104028 47141 1:0 105952
104030 47142 1:0 105961
104041 359 21:0 104055
104048 47143 1:0 105962
104061 92355 1:0 105999
104115 92354 1:0 105998
104131 92353 1:0 106009
104170 45961 21:0 104217
104191 92322 1:0 106042
104201 47289 1:0 106096
104201 47278 1:0 106123
104216 45967 0:0 104225
104217 45966 0:0 104225
104224 45959 0:0 104225
104224 45956 0:0 104225
104224 45955 0:0 104225
104224 45954 0:0 104225
104224 45962 0:0 104225
104224 45963 0:0 104225
104224 45964 0:0 104225
104224 45965 0:0 104225
104224 45960 0:0 104225
104226 47277 1:0 106122
104226 47285 1:0 106162
104226 47286 1:0 106163
104226 92323 1:0 106184
104233 47287 1:0 106172
104233 47288 1:0 106173
104234 47282 1:0 106143
104234 47283 1:0 106152
104234 47284 1:0 106153
104234 47290 1:0 106183
104243 92321 1:0 106219
104243 92320 1:0 106230
104249 92290 1:0 106263
104253 47436 1:0 106317
104253 47424 1:0 106343
104269 47432 1:0 106383
104282 47425 1:0 106344
104282 47433 1:0 106384
104323 47434 1:0 106393
104336 47430 1:0 106373
104336 47435 1:0 106394
104351 47431 1:0 106374
104352 47437 1:0 106404
104361 46102 21:0 104418
104412 92288 1:0 106440
104417 46108 0:0 104427
104418 46101 0:0 104433
104418 46107 0:0 104433
104421 46114 21:0 104446
104422 92289 1:0 106441
104444 46113 0:0 104446
104445 46110 0:0 104446
104445 46109 0:0 104446
104445 46111 0:0 104446
104445 46112 0:0 104446
104445 46104 0:0 104446
104447 92287 1:0 106451
104447 47581 1:0 106538
104447 47572 1:0 106565
104454 92257 1:0 106484
104455 47571 1:0 106564
104455 47579 1:0 106604
104455 47580 1:0 106605
104464 47577 1:0 106594
104464 47578 1:0 106595
104464 47582 1:0 106615
104464 47583 1:0 106624
104464 47584 1:0 106625
104470 92255 1:0 106661
104475 92256 1:0 106662
104503 92254 1:0 106672
104557 92223 1:0 106759
104574 92224 1:0 106759
104582 46249 21:0 104639
104623 47724 1:0 106815
104633 47729 1:0 106794
104635 47730 1:0 106794
104638 46255 0:0 104648
104639 46248 0:0 104654
104639 46254 0:0 104654
104642 46261 21:0 104667
104643 47728 1:0 106794
104645 47726 1:0 106794
104665 46256 0:0 104667
104666 46250 0:0 104667
104666 46259 0:0 104667
104666 46260 0:0 104667
104666 46257 0:0 104667
104666 46258 0:0 104667
104668 47718 1:0 106785
104668 47719 1:0 106786
104668 47731 1:0 106794
104668 47721 1:0 106794
104668 47725 1:0 106794
104668 47727 1:0 106794
104675 92222 1:0 106882
104676 92221 1:0 106893
104676 47872 1:0 107037
104685 92191 1:0 106980
104685 47865 1:0 107006
104685 47873 1:0 107046
104685 47874 1:0 107047
104691 47866 1:0 107007
104691 47875 1:0 107056
104695 47876 1:0 107057
104696 47871 1:0 107036
104711 47877 1:0 107066
104724 47878 1:0 107067
104778 92190 1:0 107104
104794 92189 1:0 107103
104803 46396 0:0 104828
104806 46395 0:0 104832
104836 46401 21:0 104888
104844 92188 1:0 107114
104864 92156 1:0 107201
104886 46403 0:0 104888
104887 46405 0:0 104888
104887 46407 0:0 104888
104887 46402 0:0 104888
104887 46404 0:0 104888
104887 46406 0:0 104888
104887 46408 0:0 104888
104889 48012 1:0 107227
104889 48013 1:0 107228
104889 48019 1:0 107258
104889 48020 1:0 107267
104889 48021 1:0 107268
104889 48166 1:0 107479
104896 92158 1:0 107310
104897 48014 1:0 107237
104897 48018 1:0 107257
104897 48022 1:0 107277
104897 48023 1:0 107278
104906 48024 1:0 107287
104906 48025 1:0 107288
104906 92157 1:0 107325
104912 92155 1:0 107335
104916 48167 1:0 107488
104932 48168 1:0 107489
104933 48159 1:0 107448
104933 48160 1:0 107449
104945 48169 1:0 107498
104986 48170 1:0 107499
104994 48165 1:0 107478
105014 48171 1:0 107508
105015 48172 1:0 107509
105015 48260 1:0 107531
105015 48259 1:0 107531
105024 46543 0:0 105049
105027 46542 0:0 105053
105054 46549 21:0 105101
105100 46553 0:0 105109
105101 46552 0:0 105109
105101 46548 0:0 105109
105101 46550 0:0 105109
105108 46546 0:0 105109
105108 46545 0:0 105109
105108 46555 0:0 105109
105108 46551 0:0 105109
105108 46554 0:0 105109
105248 46689 21:0 105304
105303 46696 0:0 105317
105303 46690 0:0 105317
105303 46699 21:0 105330
105304 46695 0:0 105321
105328 46701 0:0 105330
105329 46697 0:0 105330
105329 46698 0:0 105330
105329 46702 0:0 105330
105329 46700 0:0 105330
105469 46836 21:0 105525
105524 46843 0:0 105538
105525 46837 0:0 105542
105525 46842 0:0 105542
105525 46844 0:0 105551
105527 46847 0:0 105551
105550 46849 0:0 105551
105550 46848 0:0 105551
105550 46846 0:0 105551
105550 46845 0:0 105551
105690 46983 21:0 105746
105745 46990 0:0 105760
105746 46984 0:0 105763
105746 46989 0:0 105763
105747 46996 21:0 105772
105770 46994 0:0 105772
105771 46993 0:0 105772
105771 46992 0:0 105772
105771 46995 0:0 105772
105771 46991 0:0 105772
105911 47130 21:0 105967
105966 47137 0:0 105980
105966 47140 21:0 105993
105967 47136 0:0 105984
105967 47131 0:0 105984
105991 47138 0:0 105993
105992 47142 0:0 105993
105992 47134 0:0 105993
105992 47139 0:0 105993
105992 47141 0:0 105993
105992 47143 0:0 105993
106129 47278 21:0 106186
106185 47284 0:0 106195
106186 47277 0:0 106201
106186 47283 0:0 106201
106192 47289 21:0 106214
106212 47287 0:0 106214
106213 47285 0:0 106214
106213 47286 0:0 106214
106213 47288 0:0 106214
106213 47282 0:0 106214
106213 47290 0:0 106214
106353 47424 21:0 106409
106408 47431 0:0 106423
106408 47425 0:0 106423
106409 47430 0:0 106426
106409 47432 0:0 106435
106413 47436 21:0 106435
106434 47437 0:0 106435
106434 47435 0:0 106435
106434 47433 0:0 106435
106434 47434 0:0 106435
106571 47572 21:0 106628
106627 47578 0:0 106637
106627 47571 0:0 106637
106627 47581 21:0 106656
106628 47577 0:0 106643
106655 47584 0:0 106656
106655 47582 0:0 106656
106655 47579 0:0 106656
106655 47580 0:0 106656
106655 47583 0:0 106656
106795 47718 0:0 106821
106804 47719 0:0 106825
106825 47724 21:0 106876
106875 47726 0:0 106877
106875 47728 0:0 106877
106876 47721 0:0 106877
106876 47729 0:0 106877
106876 47727 0:0 106877
106876 47730 0:0 106877
106876 47725 0:0 106877
106876 47731 0:0 106877
107043 47872 21:0 107092
107092 47877 0:0 107098
107092 47875 0:0 107098
107092 47871 0:0 107098
107092 47865 0:0 107098
107092 47866 0:0 107098
107097 47878 0:0 107098
107097 47874 0:0 107098
107097 47873 0:0 107098
107097 47876 0:0 107098
107264 48019 21:0 107311
107311 48018 0:0 107319
107311 48013 0:0 107319
107311 48012 0:0 107319
107311 48025 0:0 107319
107311 48024 0:0 107319
107318 48020 0:0 107319
107318 48014 0:0 107319
107318 48021 0:0 107319
107318 48023 0:0 107319
107318 48022 0:0 107319
107485 48166 21:0 107532
107532 48165 0:0 107542
107532 48159 0:0 107542
107532 48160 0:0 107542
107532 48169 0:0 84
107532 48168 0:0 84
