78 49172 0:0 106
78 49071 0:0 128
78 49078 0:0 153
78 49079 0:0 153
1397 49785 21:0 1407
3374 298 21:0 3392
105431 46875 1:0 105526
105431 46878 1:0 105526
105432 46873 1:0 105526
105432 46872 1:0 105527
105432 46876 1:0 105527
105441 46874 1:0 105527
105441 46871 1:0 105528
105441 46877 1:0 105612
105441 47022 1:0 105747
105441 47012 1:0 105747
105447 47020 1:0 105747
105447 47023 1:0 105748
105451 47025 1:0 105748
105467 47021 1:0 105748
105468 47013 1:0 105748
105468 47019 1:0 105748
105480 47018 1:0 105749
105480 47024 1:0 105833
105521 47162 1:0 106005
105529 47169 1:0 105968
105534 47166 1:0 105991
105549 47167 1:0 105992
105550 47170 1:0 105992
105551 47160 1:0 105991
105562 46865 21:0 105606
105600 47168 1:0 105992
105605 46872 0:0 105613
105606 46871 0:0 105614
105607 46865 1:0 105526
105610 47165 1:0 105992
105610 47159 1:0 105992
105612 47171 1:0 106054
105620 47172 1:0 106055
105622 46877 21:0 105644
105643 46874 0:0 105644
105643 46873 0:0 105644
105643 46878 0:0 105644
105643 46875 0:0 105644
105643 46876 0:0 105644
105645 47312 1:0 106192
105645 47316 1:0 106192
105645 47307 1:0 106192
105645 47318 1:0 106193
105645 47306 1:0 106193
105645 47313 1:0 106246
105652 47317 1:0 106193
105652 47315 1:0 106193
105653 47319 1:0 106193
105653 47314 1:0 106193
105653 47454 1:0 106411
105653 47456 1:0 106447
105653 47605 1:0 106678
105662 47461 1:0 106407
105662 47462 1:0 106407
105662 47453 1:0 106411
105662 47459 1:0 106466
105662 47460 1:0 106467
105662 47463 1:0 106486
105668 47464 1:0 106487
105670 47465 1:0 106496
105673 47466 1:0 106497
105688 47601 1:0 106632
105689 47608 1:0 106628
105701 47609 1:0 106698
105742 47600 1:0 106632
105750 47610 1:0 106707
105770 47611 1:0 106708
105771 47606 1:0 106687
105771 47607 1:0 106688
105772 47612 1:0 106717
105783 47012 21:0 105827
105821 47613 1:0 106718
105823 47747 1:0 106853
105826 47013 0:0 105834
105827 47018 0:0 105835
105831 47755 1:0 106849
105833 47748 1:0 106853
105833 47753 1:0 106908
105841 47756 1:0 106849
105843 47024 21:0 105865
105864 47019 0:0 105865
105864 47025 0:0 105865
105864 47022 0:0 105865
105864 47021 0:0 105865
105864 47020 0:0 105865
105864 47023 0:0 105865
105866 47754 1:0 106909
105866 47760 1:0 106928
105866 47757 1:0 106928
105866 47759 1:0 106928
105873 47758 1:0 106929
105873 47902 1:0 107073
105874 47904 1:0 107073
105874 47905 1:0 107074
105874 47899 1:0 107074
105874 47896 1:0 107075
105874 47894 1:0 107075
105883 47906 1:0 107074
105883 47901 1:0 107074
105883 47895 1:0 107074
105883 47903 1:0 107074
105883 47900 1:0 107075
105883 47907 1:0 107160
105889 48049 1:0 107291
105891 48050 1:0 107361
105893 48041 1:0 107295
105893 48042 1:0 107295
105909 48051 1:0 107370
105910 48047 1:0 107350
105910 48048 1:0 107351
105922 48052 1:0 107371
105963 48053 1:0 107380
105976 48054 1:0 107381
105992 48196 1:0 107512
105993 48197 1:0 107512
106002 48190 1:0 107551
106011 47162 21:0 106031
106031 47166 21:0 106056
106042 48199 1:0 107592
106052 48189 1:0 107516
106052 48188 1:0 107516
106052 48193 1:0 107562
106052 48194 1:0 107571
106052 48337 1:0 107772
106054 48195 1:0 107572
106055 47169 21:0 106086
106056 47165 0:0 106064
106056 47160 0:0 106064
106056 47159 0:0 106064
106056 47167 0:0 106086
106062 48198 1:0 107591
106064 48335 1:0 107737
106064 48336 1:0 107737
106064 48342 1:0 107793
106085 47172 0:0 106086
106085 47168 0:0 106086
106085 47170 0:0 106086
106085 47171 0:0 106086
106087 48200 1:0 107601
106087 48201 1:0 107602
106087 48343 1:0 107733
106094 48344 1:0 107733
106094 48346 1:0 107813
106095 48345 1:0 107812
106095 48347 1:0 107822
106095 48482 1:0 107958
106104 48348 1:0 107823
106104 48490 1:0 107954
106104 48483 1:0 107958
106104 48488 1:0 108013
106104 48491 1:0 108024
106110 48492 1:0 108033
106110 48493 1:0 108034
106112 48486 1:0 108003
106112 48489 1:0 108014
106112 48632 1:0 108215
106115 48494 1:0 108043
106131 48495 1:0 108044
106143 48638 1:0 108175
106184 48637 1:0 108175
106197 48640 1:0 108255
106212 48630 1:0 108179
106212 48629 1:0 108179
106213 48635 1:0 108234
106213 48639 1:0 108254
106214 48636 1:0 108235
106222 47307 0:0 106247
106225 47306 0:0 106251
106252 47313 21:0 106277
106263 48641 1:0 108264
106273 48642 1:0 108265
106276 47316 21:0 106307
106277 47312 0:0 106285
106283 48785 1:0 108396
106285 48784 1:0 108396
106305 47318 0:0 106307
106305 47314 0:0 106307
106306 47317 0:0 106307
106306 47315 0:0 106307
106306 47319 0:0 106307
106308 48777 1:0 108400
106308 48776 1:0 108400
106308 48782 1:0 108455
106308 48783 1:0 108456
106308 48786 1:0 108475
106308 48787 1:0 108476
106315 48788 1:0 108485
106315 48789 1:0 108486
106316 48931 1:0 108620
106316 48933 1:0 108620
106316 48930 1:0 108621
106316 48927 1:0 108622
106316 49073 1:0 108878
106325 48935 1:0 108620
106325 48924 1:0 108621
106325 48934 1:0 108621
106325 48932 1:0 108621
106325 48923 1:0 108622
106325 48929 1:0 108622
106331 48936 1:0 108707
106333 49079 1:0 108796
106335 298 1:0 108838
106351 49078 1:0 108838
106352 49070 1:0 108842
106352 49071 1:0 108842
106364 49080 1:0 108917
106405 49081 1:0 108918
106413 49076 1:0 108897
106418 49077 1:0 108898
106433 49082 1:0 108927
106434 49083 1:0 108928
106434 49173 1:0 108969
106435 49785 1:0 108936
106484 49172 1:0 108968
106496 47463 21:0 106528
106526 47464 0:0 106528
106527 47454 0:0 106528
106527 47453 0:0 106528
106527 47465 0:0 106528
106527 47461 0:0 106528
106527 47459 0:0 106528
106527 47466 0:0 106528
106527 47460 0:0 106528
106527 47462 0:0 106528
106527 47456 0:0 106528
106704 47609 21:0 106749
106747 47610 0:0 106749
106748 47612 0:0 106749
106748 47606 0:0 106749
106748 47601 0:0 106749
106748 47613 0:0 106749
106748 47600 0:0 106749
106748 47605 0:0 106749
106748 47611 0:0 106749
106748 47607 0:0 106749
106748 47608 0:0 106749
106929 47748 0:0 106937
106929 47754 0:0 106937
106938 47757 21:0 106970
106968 47747 0:0 106970
106968 47760 0:0 106970
106969 47758 0:0 106970
106969 47756 0:0 106970
106969 47753 0:0 106970
106969 47755 0:0 106970
106969 47759 0:0 106970
107166 47907 21:0 107191
107189 47903 0:0 107191
107189 47904 0:0 107191
107189 47894 0:0 107191
107189 47905 0:0 107191
107189 47906 0:0 107191
107189 47902 0:0 107191
107190 47900 0:0 107191
107190 47901 0:0 107191
107190 47895 0:0 107191
107190 47896 0:0 107191
107190 47899 0:0 107191
107367 48050 21:0 107412
107410 48051 0:0 107412
107410 48049 0:0 107412
107411 48041 0:0 107412
107411 48048 0:0 107412
107411 48042 0:0 107412
107411 48054 0:0 107412
107411 48052 0:0 107412
107411 48053 0:0 107412
107411 48047 0:0 107412
107598 48199 21:0 107633
107631 48200 0:0 107633
107631 48197 0:0 107633
107632 48190 0:0 107633
107632 48198 0:0 107633
107632 48201 0:0 107633
107632 48189 0:0 107633
107632 48196 0:0 107633
107632 48188 0:0 107633
107632 48193 0:0 107633
107632 48195 0:0 107633
107632 48194 0:0 107633
107819 48346 21:0 107854
107852 48343 0:0 107854
107852 48347 0:0 107854
107852 48345 0:0 107854
107853 48335 0:0 107854
107853 48348 0:0 107854
107853 48336 0:0 107854
107853 48342 0:0 107854
107853 48337 0:0 107854
107853 48344 0:0 107854
108030 48491 21:0 108075
108073 48492 0:0 108075
108074 48483 0:0 108075
108074 48486 0:0 108075
108074 48488 0:0 108075
108074 48493 0:0 108075
108074 48490 0:0 108075
108074 48482 0:0 108075
108074 48489 0:0 108075
108074 48495 0:0 108075
108074 48494 0:0 108075
108261 48640 21:0 108296
108295 48641 0:0 108296
108295 48638 0:0 108296
108295 48635 0:0 108296
108295 48629 0:0 108296
108295 48637 0:0 108296
108295 48632 0:0 108296
108295 48639 0:0 108296
108295 48636 0:0 108296
108295 48630 0:0 108296
108295 48642 0:0 108296
108485 48786 21:0 108517
108515 48784 0:0 108517
108515 48788 0:0 108517
108516 48776 0:0 108517
108516 48787 0:0 108517
108516 48789 0:0 108517
108516 48785 0:0 108517
108516 48777 0:0 108517
108516 48783 0:0 108517
108516 48782 0:0 108517
108687 48923 0:0 108695
108694 48927 0:0 108697
108696 48929 0:0 108705
108704 48930 0:0 108712
108713 48936 21:0 108738
108736 48931 0:0 108738
108736 48924 0:0 108738
108736 48934 0:0 108738
108736 48933 0:0 108738
108736 48932 0:0 108738
108737 48935 0:0 108738
108927 49080 21:0 108957
108937 49082 0:0 108957
108956 49073 0:0 108957
108956 49070 0:0 108957
108956 49076 0:0 108957
108956 49081 0:0 108957
108956 49077 0:0 108957
108956 49083 0:0 108957
108975 49173 21:0 79
