59 25528 0:0 152
151 25620 0:0 156
155 25621 0:0 159
158 313 0:0 159
1381 26233 21:0 1391
3358 298 21:0 3398
4110 27493 21:0 4118
4594 27704 21:0 4604
4635 27493 1:0 5429
4636 302 1:0 13437
6717 299 21:0 6757
7773 29096 21:0 7781
7953 29175 21:0 7963
7994 29096 1:0 8264
7995 303 1:0 16796
10076 300 21:0 10115
10377 30238 21:0 10435
11353 30238 1:0 12922
13435 301 21:0 13475
13736 31710 21:0 13794
14712 31710 1:0 16282
14713 304 1:0 20155
16794 302 21:0 16833
17551 33378 21:0 17609
18071 33378 1:0 18854
20153 303 21:0 20190
20530 34684 21:0 20588
21430 34684 1:0 22868
21431 305 1:0 23514
23512 304 21:0 23551
23737 36090 21:0 23795
24789 36090 1:0 26490
24790 306 1:0 26873
24790 307 1:0 30232
24790 308 1:0 33591
26871 305 21:0 26910
27243 37625 21:0 27251
28003 37955 21:0 28011
28148 37955 1:0 28287
28149 37625 1:0 29597
28149 309 1:0 36950
30230 306 21:0 30270
31294 39396 21:0 31360
31362 39426 21:0 31370
31507 39426 1:0 31646
31508 39396 1:0 31759
33589 307 21:0 33628
33893 40537 21:0 33959
34113 40633 21:0 34121
34866 40633 1:0 36053
34867 40537 1:0 36428
34867 310 1:0 40309
36948 308 21:0 36988
37252 42008 21:0 37318
37705 42204 21:0 37763
38225 42204 1:0 39008
38226 42008 1:0 39787
40307 309 21:0 40346
40451 43410 21:0 40459
40684 43510 21:0 40742
41584 43510 1:0 43022
41585 43410 1:0 43426
41585 311 1:0 43668
43666 310 21:0 43706
44347 45114 21:0 44405
44423 45146 21:0 44481
44943 299 1:0 3360
44943 300 1:0 6719
44943 312 1:0 47027
44944 45146 1:0 45726
44944 313 1:0 50386
44953 45114 1:0 45858
47025 311 21:0 47065
47701 46583 21:0 47709
47929 46682 21:0 47937
48165 46784 21:0 48231
48302 46784 1:0 48423
48303 46682 1:0 48834
48303 23314 1:0 51793
48312 46583 1:0 49227
50384 312 21:0 50424
50528 47823 21:0 50536
51141 48088 21:0 51199
51521 48254 21:0 51579
51671 301 1:0 10078
51671 23325 1:0 51766
51671 23313 1:0 51792
51672 48254 1:0 51712
51672 23319 1:0 51822
51672 23320 1:0 51823
51681 23321 1:0 51832
51681 23322 1:0 51833
51681 23323 1:0 51842
51681 23324 1:0 51843
51687 23326 1:0 51853
51687 23466 1:0 52043
51691 23470 1:0 52019
51707 23469 1:0 52019
51720 23471 1:0 52019
51720 23468 1:0 52019
51761 23460 1:0 52013
51761 23461 1:0 52014
51761 23467 1:0 52019
51769 23607 1:0 52210
51789 23472 1:0 52073
51790 23473 1:0 52074
51790 23613 1:0 52210
51791 23614 1:0 52209
51799 23314 21:0 51856
51840 23619 1:0 52294
51850 23616 1:0 52209
51855 23320 0:0 51865
51856 23313 0:0 51871
51856 23319 0:0 51871
51860 23618 1:0 52209
51862 23325 21:0 51884
51862 23615 1:0 52210
51883 23321 0:0 51884
51883 23326 0:0 51884
51883 23324 0:0 51884
51883 23322 0:0 51884
51883 23323 0:0 51884
51885 23608 1:0 52209
51885 23620 1:0 52209
51885 23617 1:0 52210
51885 23755 1:0 52430
51885 23760 1:0 52431
51885 23754 1:0 52431
51892 23765 1:0 52430
51892 23762 1:0 52495
51893 23764 1:0 52430
51893 23766 1:0 52430
51893 23761 1:0 52430
51902 23767 1:0 52430
51902 23763 1:0 52430
51902 23911 1:0 52650
51902 23901 1:0 52676
51902 23902 1:0 52677
51908 23909 1:0 52716
51908 23910 1:0 52717
51912 23912 1:0 52727
51913 23907 1:0 52706
51913 23908 1:0 52707
51929 23913 1:0 52736
51941 23914 1:0 52737
51995 48088 1:0 52871
52011 24056 1:0 52903
52012 24058 1:0 52903
52020 23461 0:0 52044
52021 24054 1:0 52927
52053 23466 21:0 52105
52061 24059 1:0 52903
52071 24057 1:0 52903
52081 24060 1:0 52903
52103 23472 0:0 52105
52104 23470 0:0 52105
52104 23468 0:0 52105
52104 23460 0:0 52105
52104 23469 0:0 52105
52104 23467 0:0 52105
52104 23473 0:0 52105
52104 23471 0:0 52105
52106 24048 1:0 52897
52106 24049 1:0 52898
52106 24061 1:0 52903
52106 24055 1:0 52903
52106 24208 1:0 53092
52106 24195 1:0 53118
52106 24196 1:0 53119
52106 24201 1:0 53148
52113 24203 1:0 53158
52113 24204 1:0 53159
52114 24202 1:0 53149
52114 24205 1:0 53168
52114 24206 1:0 53169
52114 24342 1:0 53339
52123 24207 1:0 53178
52123 24354 1:0 53313
52123 24350 1:0 53379
52123 24351 1:0 53380
52129 24343 1:0 53340
52129 24352 1:0 53389
52133 24353 1:0 53390
52134 24348 1:0 53369
52134 24349 1:0 53370
52149 24496 1:0 53591
52150 24355 1:0 53400
52162 24497 1:0 53600
52203 24498 1:0 53601
52211 24489 1:0 53560
52216 24490 1:0 53561
52232 24499 1:0 53610
52232 24500 1:0 53611
52233 24495 1:0 53590
52282 24501 1:0 53620
52292 24502 1:0 53621
52302 24644 1:0 53787
52304 23619 21:0 52326
52325 23620 0:0 52326
52325 23615 0:0 52326
52325 23607 0:0 52326
52325 23614 0:0 52326
52325 23618 0:0 52326
52325 23616 0:0 52326
52325 23613 0:0 52326
52325 23608 0:0 52326
52325 23617 0:0 52326
52327 24645 1:0 53787
52327 24648 1:0 53787
52327 24646 1:0 53787
52327 24649 1:0 53787
52334 24636 1:0 53781
52334 24637 1:0 53782
52334 24642 1:0 53787
52334 24647 1:0 53787
52334 24643 1:0 53812
52335 24796 1:0 53976
52335 24784 1:0 54003
52335 24791 1:0 54042
52344 24783 1:0 54002
52344 24789 1:0 54032
52344 24790 1:0 54033
52344 24792 1:0 54043
52344 24793 1:0 54052
52344 24794 1:0 54053
52344 24937 1:0 54254
52350 24795 1:0 54062
52352 24942 1:0 54229
52355 24938 1:0 54229
52371 24939 1:0 54229
52383 24943 1:0 54229
52424 24940 1:0 54229
52437 24941 1:0 54229
52452 24930 1:0 54223
52452 24931 1:0 54224
52453 24936 1:0 54229
52454 25087 1:0 54418
52503 25077 1:0 54444
52503 25078 1:0 54445
52503 25083 1:0 54474
52503 25084 1:0 54475
52505 23762 21:0 52547
52513 25085 1:0 54484
52523 25086 1:0 54485
52545 23766 0:0 52547
52545 23764 0:0 52547
52546 23761 0:0 52547
52546 23755 0:0 52547
52546 23754 0:0 52547
52546 23763 0:0 52547
52546 23767 0:0 52547
52546 23765 0:0 52547
52546 23760 0:0 52547
52548 25088 1:0 54495
52548 25089 1:0 54504
52548 25090 1:0 54505
52548 25224 1:0 54665
52548 25225 1:0 54666
52548 25230 1:0 54695
52548 25231 1:0 54696
52555 25232 1:0 54705
52555 25233 1:0 54706
52556 25234 1:0 54715
52556 25235 1:0 54716
52556 25377 1:0 54916
52565 47823 1:0 54773
52565 25236 1:0 54725
52565 25237 1:0 54726
52571 25379 1:0 54926
52573 25380 1:0 54927
52575 25371 1:0 54886
52575 25372 1:0 54887
52591 25381 1:0 54936
52592 29175 1:0 55019
52592 25378 1:0 54917
52604 25382 1:0 54937
52645 25383 1:0 54946
52658 25384 1:0 54947
52673 27704 1:0 55027
52673 26233 1:0 55081
52674 298 1:0 55071
52686 23901 21:0 52742
52724 25527 1:0 55113
52734 25529 1:0 55113
52741 23908 0:0 52755
52741 23911 21:0 52768
52742 23907 0:0 52759
52742 23902 0:0 52759
52743 25530 1:0 55113
52744 25528 1:0 55113
52746 25518 1:0 55107
52746 25519 1:0 55108
52746 25524 1:0 55137
52767 23912 0:0 52768
52767 23910 0:0 52768
52767 23909 0:0 52768
52767 23913 0:0 52768
52767 23914 0:0 52768
52769 25620 1:0 55194
52769 25531 1:0 55113
52769 25526 1:0 55113
52769 25525 1:0 55113
52769 25621 1:0 55194
52904 24049 0:0 52928
52907 24048 0:0 52933
52937 24054 21:0 52988
52987 24058 0:0 52989
52987 24060 0:0 52989
52988 24055 0:0 52989
52988 24057 0:0 52989
52988 24056 0:0 52989
52988 24059 0:0 52989
52988 24061 0:0 52989
53128 24195 21:0 53184
53183 24202 0:0 53197
53183 24196 0:0 53197
53184 24201 0:0 53201
53185 24208 21:0 53210
53208 24206 0:0 53210
53209 24204 0:0 53210
53209 24203 0:0 53210
53209 24205 0:0 53210
53209 24207 0:0 53210
53349 24342 21:0 53405
53404 24349 0:0 53419
53404 24351 0:0 53431
53405 24343 0:0 53422
53405 24348 0:0 53422
53409 24354 21:0 53431
53430 24352 0:0 53431
53430 24350 0:0 53431
53430 24355 0:0 53431
53430 24353 0:0 53431
53597 24496 21:0 53644
53644 24497 0:0 53652
53644 24489 0:0 53652
53644 24495 0:0 53652
53644 24490 0:0 53652
53644 24500 0:0 53652
53651 24501 0:0 53652
53651 24498 0:0 53652
53651 24502 0:0 53652
53651 24499 0:0 53652
53788 24637 0:0 53813
53791 24636 0:0 53817
53818 24643 21:0 53865
53864 24647 0:0 53873
53864 24649 0:0 53873
53865 24646 0:0 53873
53865 24642 0:0 53873
53872 24644 0:0 53873
53872 24645 0:0 53873
53872 24648 0:0 53873
54009 24784 21:0 54066
54065 24790 0:0 54074
54065 24792 0:0 54094
54066 24783 0:0 54081
54066 24789 0:0 54081
54072 24796 21:0 54094
54092 24793 0:0 54094
54093 24795 0:0 54094
54093 24794 0:0 54094
54093 24791 0:0 54094
54230 24931 0:0 54255
54233 24930 0:0 54259
54260 24937 21:0 54307
54306 24943 0:0 54315
54306 24939 0:0 54315
54307 24942 0:0 54315
54307 24936 0:0 54315
54314 24941 0:0 54315
54314 24940 0:0 54315
54314 24938 0:0 54315
54454 25077 21:0 54510
54509 25084 0:0 54523
54510 25083 0:0 54527
54510 25078 0:0 54527
54510 25085 0:0 54536
54512 25087 21:0 54536
54534 25090 0:0 54536
54535 25089 0:0 54536
54535 25088 0:0 54536
54535 25086 0:0 54536
54675 25224 21:0 54731
54730 25231 0:0 54744
54730 25225 0:0 54744
54730 25233 0:0 54757
54731 25230 0:0 54748
54735 25232 0:0 54757
54756 25235 0:0 54757
54756 25234 0:0 54757
54756 25236 0:0 54757
54756 25237 0:0 54757
54926 25377 21:0 54977
54976 25383 0:0 54978
54977 25378 0:0 54978
54977 25379 0:0 54978
54977 25371 0:0 54978
54977 25372 0:0 54978
54977 25384 0:0 54978
54977 25380 0:0 54978
54977 25382 0:0 54978
54977 25381 0:0 54978
55114 25519 0:0 55138
55117 25518 0:0 55143
55147 25524 21:0 55197
55195 25526 0:0 55197
55196 25525 0:0 55197
55196 25531 0:0 55197
55196 25529 0:0 55197
55196 25527 0:0 55197
55196 25530 0:0 60
