49 7909 0:0 51
49 7818 0:0 51
49 7815 0:0 51
49 7814 0:0 51
50 7908 0:0 51
50 7807 0:0 51
50 7819 0:0 51
1273 8473 21:0 1283
3323 9438 21:0 3381
3551 9537 21:0 3609
3627 9569 21:0 3685
3779 9636 21:0 3837
3931 9701 21:0 3989
4007 9734 21:0 4065
4086 9769 21:0 4152
4238 9835 21:0 4304
4527 9835 1:0 4910
4528 9769 1:0 5172
4537 9734 1:0 5310
4537 9701 1:0 5441
4543 9636 1:0 5704
4548 9569 1:0 5965
4576 9537 1:0 6097
4658 9438 1:0 6490
6677 10907 21:0 6685
6837 10976 21:0 6903
6905 11006 21:0 6913
6989 11042 21:0 7055
7062 11074 21:0 7120
7445 11240 21:0 7511
7597 11306 21:0 7663
7746 11370 21:0 7804
7886 11370 1:0 8014
7887 11306 1:0 8269
7896 11240 1:0 8531
7896 11074 1:0 9194
7902 11042 1:0 9317
7907 11006 1:0 9466
7922 5755 1:0 11572
7935 10976 1:0 9579
8017 10907 1:0 9859
10112 12411 21:0 10120
10340 12510 21:0 10348
10421 12545 21:0 10479
10478 12546 0:0 10490
10573 12611 21:0 10631
10649 12644 21:0 10707
10801 12709 21:0 10859
11105 12842 21:0 11163
11255 12842 1:0 11474
11256 5758 1:0 11573
11256 5756 1:0 11637
11265 5761 1:0 11573
11265 5760 1:0 11573
11265 5757 1:0 11573
11265 5904 1:0 11859
11271 5908 1:0 11794
11271 5907 1:0 11794
11275 5906 1:0 11794
11276 5901 1:0 11794
11292 5905 1:0 11794
11304 6050 1:0 12079
11345 6052 1:0 12015
11358 6053 1:0 12015
11374 6055 1:0 12015
11374 6200 1:0 12311
11375 6195 1:0 12236
11476 12709 1:0 12224
11477 6202 1:0 12235
11477 6198 1:0 12235
11486 6199 1:0 12235
11486 6201 1:0 12235
11486 6197 1:0 12236
11486 6347 1:0 12532
11492 6346 1:0 12456
11494 6345 1:0 12456
11497 6348 1:0 12456
11512 6344 1:0 12457
11513 6484 1:0 12673
11525 6496 1:0 12763
11566 6495 1:0 12678
11579 6494 1:0 12677
11594 6631 1:0 12898
11595 6493 1:0 12678
11634 5755 0:0 11643
11645 12644 1:0 12800
11647 5756 21:0 11689
11655 6641 1:0 12974
11665 6640 1:0 12899
11687 5758 0:0 11689
11687 5760 0:0 11689
11688 5761 0:0 11689
11688 5757 0:0 11689
11690 6642 1:0 12898
11690 6638 1:0 12899
11697 6643 1:0 12899
11697 6785 1:0 13184
11698 12611 1:0 13021
11698 6777 1:0 13120
11707 6788 1:0 13120
11707 6790 1:0 13120
11707 6786 1:0 13120
11707 6789 1:0 13120
11713 6787 1:0 13120
11718 12546 1:0 13330
11734 6935 1:0 13416
11746 6936 1:0 13340
11787 6934 1:0 13340
11800 6937 1:0 13340
11816 6933 1:0 13340
11816 6932 1:0 13341
11817 7078 1:0 13561
11865 5904 21:0 11910
11876 12545 1:0 13463
11886 7084 1:0 13647
11908 5907 0:0 11910
11908 5905 0:0 11910
11909 5901 0:0 11910
11909 5906 0:0 11910
11909 5908 0:0 11910
11911 7083 1:0 13562
11911 7081 1:0 13562
11918 7080 1:0 13561
11918 7079 1:0 13562
11919 7082 1:0 13561
11919 7226 1:0 13847
11928 12510 1:0 13694
11928 7229 1:0 13782
11928 7227 1:0 13782
11934 7230 1:0 13782
11934 7228 1:0 13782
11936 7219 1:0 13782
11939 7231 1:0 13782
11954 7375 1:0 14078
11955 7371 1:0 14004
11967 7373 1:0 14004
12008 7374 1:0 14003
12021 7378 1:0 14004
12036 7372 1:0 14003
12036 7366 1:0 14003
12037 7518 1:0 14225
12037 7524 1:0 14309
12038 7665 1:0 14500
12087 7520 1:0 14225
12089 6050 21:0 12131
12097 7523 1:0 14224
12107 7521 1:0 14224
12129 6052 0:0 12131
12130 6053 0:0 12131
12130 6055 0:0 12131
12132 7525 1:0 14224
12139 7522 1:0 14225
12139 7667 1:0 14510
12140 12411 1:0 14357
12140 7660 1:0 14471
12149 7668 1:0 14511
12149 7669 1:0 14520
12149 7670 1:0 14521
12149 7671 1:0 14530
12155 8473 1:0 14655
12155 7672 1:0 14531
12155 7807 1:0 14666
12159 7817 1:0 14742
12160 7908 1:0 14792
12175 7819 1:0 14666
12176 7812 1:0 14667
12176 7909 1:0 14793
12188 7815 1:0 14666
12229 7818 1:0 14666
12242 7814 1:0 14666
12300 6195 0:0 12308
12317 6200 21:0 12352
12350 6201 0:0 12352
12350 6198 0:0 12352
12350 6197 0:0 12352
12351 6199 0:0 12352
12351 6202 0:0 12352
12538 6347 21:0 12573
12571 6346 0:0 12573
12571 6344 0:0 12573
12571 6345 0:0 12573
12571 6348 0:0 12573
12709 6484 21:0 12766
12769 6496 21:0 12794
12792 6493 0:0 12794
12792 6495 0:0 12794
12792 6494 0:0 12794
12930 6631 0:0 12955
12980 6641 21:0 13015
13013 6640 0:0 13015
13013 6638 0:0 13015
13013 6642 0:0 13015
13014 6643 0:0 13015
13194 6785 21:0 13236
13234 6787 0:0 13236
13235 6789 0:0 13236
13235 6786 0:0 13236
13235 6777 0:0 13236
13235 6790 0:0 13236
13235 6788 0:0 13236
13422 6935 21:0 13457
13455 6932 0:0 13457
13455 6934 0:0 13457
13455 6933 0:0 13457
13455 6936 0:0 13457
13456 6937 0:0 13457
13653 7084 21:0 13678
13676 7083 0:0 13678
13676 7079 0:0 13678
13676 7081 0:0 13678
13676 7080 0:0 13678
13677 7082 0:0 13678
13677 7078 0:0 13678
13857 7226 21:0 13899
13897 7229 0:0 13899
13897 7228 0:0 13899
13897 7230 0:0 13899
13898 7227 0:0 13899
13898 7231 0:0 13899
13898 7219 0:0 13899
14043 7366 0:0 14067
14065 7372 0:0 14074
14088 7375 21:0 14120
14119 7371 0:0 14120
14119 7378 0:0 14120
14119 7373 0:0 14120
14119 7374 0:0 14120
14319 7524 21:0 14341
14340 7518 0:0 14341
14340 7522 0:0 14341
14340 7521 0:0 14341
14340 7520 0:0 14341
14340 7523 0:0 14341
14340 7525 0:0 14341
14510 7665 21:0 14562
14560 7669 0:0 14562
14561 7667 0:0 14562
14561 7671 0:0 14562
14561 7670 0:0 14562
14561 7672 0:0 14562
14561 7660 0:0 14562
14561 7668 0:0 14562
14731 7812 0:0 14739
14748 7817 21:0 87
