85 15404 0:0 87
86 15407 0:0 87
86 15406 0:0 87
86 15405 0:0 87
86 15403 0:0 87
90 15400 0:0 91
90 15401 0:0 91
94 15394 0:0 95
94 341 0:0 123
94 15395 21:0 123
141 15569 0:0 144
146 15571 21:0 204
148 15570 0:0 149
203 15572 0:0 215
217 15602 0:0 220
222 15603 21:0 280
224 15604 0:0 225
279 15605 0:0 291
293 15635 21:0 301
298 15636 0:0 301
298 15637 0:0 301
301 15638 21:0 367
369 15668 0:0 372
374 15669 21:0 432
376 15670 0:0 377
431 15671 0:0 443
445 15701 21:0 453
452 15703 0:0 453
452 15702 21:0 519
517 15704 0:0 519
521 15734 0:0 524
526 15735 21:0 584
528 15736 0:0 529
583 15737 0:0 595
597 15767 21:0 605
604 15768 0:0 605
604 15769 21:0 671
669 15770 0:0 671
673 15800 21:0 681
680 15801 0:0 681
680 15802 0:0 681
681 15803 21:0 747
749 15833 0:0 752
754 15835 21:0 812
756 15834 0:0 757
811 15836 0:0 823
825 15866 0:0 828
830 15868 21:0 888
832 15867 0:0 833
887 15869 0:0 899
901 15899 0:0 904
906 15900 21:0 964
908 15901 0:0 909
963 15902 0:0 975
977 15932 21:0 985
984 15933 0:0 985
984 15934 21:0 1051
1049 15935 0:0 1051
1053 15965 21:0 1061
1058 15966 0:0 1061
1058 15967 0:0 1061
1061 15968 21:0 1127
1129 15998 21:0 1137
1136 16000 0:0 1137
1136 15999 0:0 1137
1137 16001 21:0 1203
1205 16031 0:0 1208
1210 16033 21:0 1221
1212 16032 0:0 1213
1220 16034 21:0 1248
1461 16143 21:0 1471
1499 16034 1:0 1856
1500 16032 1:0 1862
1500 16033 1:0 1863
1508 16031 1:0 1872
1508 16001 1:0 1978
1518 16000 1:0 1985
1621 15999 1:0 1984
1622 15998 1:0 1994
1630 15968 1:0 2100
1630 15967 1:0 2107
1636 15966 1:0 2106
1655 15965 1:0 2116
1743 15935 1:0 2222
1744 15934 1:0 2229
1752 15933 1:0 2228
1752 15932 1:0 2238
1758 15902 1:0 2344
1865 15900 1:0 2350
1866 15901 1:0 2351
1866 15899 1:0 2360
1874 15869 1:0 2466
1880 15868 1:0 2473
1898 15867 1:0 2472
1987 15866 1:0 2482
1988 15836 1:0 2588
1996 15834 1:0 2594
1996 15835 1:0 2595
2002 15833 1:0 2604
2108 16452 21:0 2112
2109 15803 1:0 2710
2110 15801 1:0 2716
2110 15802 1:0 2717
2118 15800 1:0 2726
2118 15770 1:0 2832
2124 15769 1:0 2839
2231 15768 1:0 2838
2232 15767 1:0 2848
2232 15737 1:0 2954
2240 15735 1:0 2960
2246 15736 1:0 2961
2264 15734 1:0 2970
2353 15704 1:0 3076
2354 15702 1:0 3082
2362 16570 21:0 2364
2362 15703 1:0 3083
2362 15701 1:0 3092
2368 15671 1:0 3198
2371 16573 21:0 2393
2386 15669 1:0 3204
2475 15670 1:0 3205
2476 15668 1:0 3214
2484 15638 1:0 3320
2484 15637 1:0 3327
2490 15636 1:0 3326
2493 16630 21:0 2515
2509 15635 1:0 3336
2597 15605 1:0 3442
2598 15603 1:0 3448
2606 15604 1:0 3449
2606 15602 1:0 3458
2612 15572 1:0 3564
2616 335 1:0 3684
2719 15571 1:0 3571
2720 15570 1:0 3570
2720 15569 1:0 3580
2737 16744 21:0 2759
2859 16801 21:0 2881
3094 16912 21:0 3096
3216 16969 21:0 3218
3582 17140 21:0 3584
3591 17143 21:0 3613
3682 334 21:0 3732
3731 17199 21:0 3737
3736 17203 21:0 3748
3750 17220 0:0 3753
3755 17222 21:0 3813
3757 17221 0:0 3758
3812 17223 0:0 3824
3826 17253 0:0 3829
3831 17254 21:0 3889
3833 17255 0:0 3834
3888 17256 0:0 3900
3888 31 21:0 3900
3902 17286 21:0 3910
3907 17287 0:0 3910
3907 17288 0:0 3910
3910 17289 21:0 3976
3975 17291 21:0 3981
3978 17319 0:0 3981
3980 17302 21:0 3981
3983 17320 21:0 4041
3985 17321 0:0 3986
4040 17322 0:0 4052
4043 17324 21:0 4052
4054 17352 0:0 4057
4059 17354 21:0 4117
4061 17353 0:0 4062
4116 17355 0:0 4128
4116 17344 21:0 4128
4130 17385 21:0 4138
4135 17387 0:0 4138
4137 17386 0:0 4138
4138 17388 21:0 4204
4206 17418 21:0 4214
4213 17420 0:0 4214
4213 17419 0:0 4214
4214 17421 21:0 4280
4279 17430 21:0 4285
4282 17451 0:0 4285
4284 17390 21:0 4285
4287 17452 21:0 4345
4289 17453 0:0 4290
4344 141 21:0 4356
4344 17454 0:0 4356
4355 17404 21:0 4356
4358 17484 21:0 4366
4365 17486 0:0 4366
4365 17485 21:0 4432
4430 17487 0:0 4432
4431 137 21:0 4437
4434 17517 0:0 4437
4436 17456 21:0 4437
4439 17518 21:0 4497
4441 17519 0:0 4442
4496 17520 0:0 4508
4505 17548 21:0 4508
4507 17533 21:0 4508
4507 17522 21:0 4513
4510 17550 0:0 4513
4515 17552 21:0 4573
4517 17551 0:0 4518
4572 17553 0:0 4584
4572 17569 21:0 4584
4583 17561 21:0 4584
4586 17583 0:0 4589
4591 17585 21:0 4649
4593 17584 0:0 4594
4648 17586 0:0 4660
4648 17601 21:0 4660
4659 17575 21:0 4660
4662 17616 21:0 4670
4669 17618 0:0 4670
4669 17617 21:0 4736
4734 17619 0:0 4736
4738 17649 21:0 4746
4745 17650 0:0 4746
4745 17651 21:0 4812
4810 17652 0:0 4812
4814 17682 21:0 4822
4821 17683 0:0 4822
4821 17684 21:0 4888
4886 17685 0:0 4888
4890 17715 21:0 4898
4897 17717 0:0 4898
4897 17716 21:0 4964
4962 17718 0:0 4964
4966 17748 21:0 4974
4973 17749 21:0 5040
5039 17750 21:0 5050
5070 17794 21:0 5080
5079 17751 21:0 5106
5111 17751 1:0 5124
5112 17750 1:0 5232
5121 17749 1:0 5239
5121 17748 1:0 5250
5127 17718 1:0 5363
5132 17716 1:0 5370
5242 17717 1:0 5371
5243 17715 1:0 5381
5243 17685 1:0 5494
5252 17683 1:0 5501
5252 17684 1:0 5502
5258 17682 1:0 5512
5279 17652 1:0 5625
5291 16452 1:0 5756
5373 17651 1:0 5633
5374 17650 1:0 5632
5383 17649 1:0 5643
5383 17619 1:0 5756
5389 17617 1:0 5763
5409 17618 1:0 5764
5410 17601 1:0 5813
5422 17575 1:0 5920
5504 17616 1:0 5774
5505 17586 1:0 5887
5505 17569 1:0 5944
5514 17584 1:0 5894
5514 17585 1:0 5895
5520 17583 1:0 5905
5541 17553 1:0 6018
5553 17561 1:0 5997
5635 17552 1:0 6026
5636 17551 1:0 6025
5636 16570 1:0 6035
5636 17548 1:0 6046
5645 17550 1:0 6036
5645 16573 1:0 6045
5645 17533 1:0 6075
5645 17522 1:0 6133
5651 17520 1:0 6149
5672 17518 1:0 6156
5684 16630 1:0 6176
5766 17519 1:0 6157
5767 17517 1:0 6167
5775 16456 21:0 5778
5776 17487 1:0 6280
5776 17485 1:0 6287
5782 17486 1:0 6288
5785 16459 21:0 5809
5787 17484 1:0 6298
5802 17456 1:0 6395
5803 141 1:0 6424
5897 17454 1:0 6411
5898 17452 1:0 6418
5898 17453 1:0 6419
5907 17451 1:0 6429
5907 137 1:0 6431
5907 16744 1:0 6431
5907 17430 1:0 6434
5913 17421 1:0 6542
5915 17404 1:0 6553
5946 17419 1:0 6549
6028 16801 1:0 6553
6028 17390 1:0 6565
6029 17420 1:0 6550
6029 17418 1:0 6560
6038 17388 1:0 6673
6038 17386 1:0 6680
6046 17387 1:0 6681
6077 17385 1:0 6691
6159 17355 1:0 6804
6160 17354 1:0 6812
6160 16912 1:0 6821
6160 17344 1:0 6837
6169 17353 1:0 6811
6169 17352 1:0 6822
6177 17322 1:0 6935
6180 17324 1:0 6919
6195 17302 1:0 6955
6196 16969 1:0 6952
6288 16680 21:0 6293
6290 17320 1:0 6942
6291 17321 1:0 6943
6291 17319 1:0 6953
6300 17291 1:0 6958
6300 17289 1:0 7066
6306 17288 1:0 7074
6311 17287 1:0 7073
6326 31 1:0 7197
6421 17286 1:0 7084
6422 17256 1:0 7197
6422 17254 1:0 7204
6431 17255 1:0 7205
6431 17253 1:0 7215
6439 17223 1:0 7328
6470 17222 1:0 7336
6552 17221 1:0 7335
6553 17140 1:0 7345
6553 17220 1:0 7346
6553 17203 1:0 7376
6562 17143 1:0 7355
6562 17199 1:0 7411
6562 336 1:0 7457
7455 335 21:0 7505
7523 18871 0:0 7526
7528 18873 21:0 7586
7530 18872 0:0 7531
7585 18874 0:0 7597
7585 18887 21:0 7597
7599 18904 21:0 7607
7606 18906 0:0 7607
7606 18905 21:0 7673
7671 18907 0:0 7673
7675 18937 21:0 7683
7682 18938 0:0 7683
7682 18939 21:0 7749
7747 18940 0:0 7749
7748 18924 21:0 7754
7751 18970 0:0 7754
7753 18936 21:0 7754
7756 18971 21:0 7814
7758 18972 0:0 7759
7813 18968 21:0 7825
7813 18973 0:0 7825
7824 67 21:0 7825
7827 19003 21:0 7835
7834 19005 0:0 7835
7834 19004 21:0 7901
7889 19021 0:0 7890
7899 19006 0:0 7901
7903 19036 21:0 7911
7910 19037 0:0 7911
7910 19038 0:0 7911
7911 19039 21:0 7977
7976 19052 21:0 7982
7979 19069 0:0 7982
7981 83 21:0 7982
7984 19070 21:0 8042
7986 19071 0:0 7987
8041 19072 0:0 8053
8044 19074 21:0 8053
8052 19047 21:0 8053
8055 19102 21:0 8063
8062 19104 0:0 8063
8062 19103 21:0 8129
8127 19105 0:0 8129
8128 18953 21:0 8134
8131 19135 0:0 8134
8133 155 21:0 8134
8136 19137 21:0 8194
8137 159 0:0 8139
8138 19136 0:0 8139
8193 157 21:0 8205
8193 19138 0:0 8205
8204 19166 21:0 8205
8207 19168 0:0 8210
8212 19170 21:0 8270
8214 19169 0:0 8215
8269 19184 21:0 8281
8269 19171 0:0 8281
8280 19199 21:0 8281
8283 19201 21:0 8291
8290 19203 0:0 8291
8290 19202 0:0 8291
8291 19204 21:0 8357
8359 19234 21:0 8367
8366 19235 0:0 8367
8366 213 0:0 8367
8366 19236 21:0 8433
8431 19237 0:0 8433
8435 19267 21:0 8443
8442 19269 0:0 8443
8442 19268 21:0 8509
8507 19270 0:0 8509
8511 19300 21:0 8519
8518 19302 0:0 8519
8518 19301 21:0 8585
8583 19303 0:0 8585
8584 19320 0:0 8585
8587 19333 21:0 8595
8594 19335 0:0 8595
8594 19334 21:0 8661
8659 19336 0:0 8661
8663 19366 21:0 8671
8670 19367 0:0 8671
8670 19368 21:0 8737
8735 19369 0:0 8737
8739 19399 21:0 8747
8746 19401 0:0 8747
8746 19400 21:0 8813
8811 19402 0:0 8813
8812 19299 21:0 8818
8817 19253 21:0 8818
8817 19344 21:0 8823
8822 19279 21:0 8823
8822 19233 21:0 8838
8843 19445 21:0 8853
8852 19278 21:0 8876
8875 19188 21:0 8876
8884 19402 1:0 9005
8885 19400 1:0 9012
8894 19401 1:0 9013
8894 19399 1:0 9023
8900 19369 1:0 9136
8920 19368 1:0 9144
9015 19367 1:0 9143
9016 19366 1:0 9154
9016 19336 1:0 9267
9025 19344 1:0 9246
9025 19334 1:0 9274
9031 19335 1:0 9275
9036 19333 1:0 9285
9051 19320 1:0 9315
9052 19299 1:0 9398
9064 19278 1:0 9446
9146 19303 1:0 9398
9147 19301 1:0 9405
9147 19279 1:0 9481
9147 16456 1:0 9529
9156 19302 1:0 9406
9156 19300 1:0 9416
9164 19270 1:0 9529
9195 19268 1:0 9536
9277 19269 1:0 9537
9278 19267 1:0 9547
9278 16459 1:0 9556
9278 19253 1:0 9586
9287 19233 1:0 9660
9287 19237 1:0 9660
9293 19236 1:0 9668
9298 19235 1:0 9667
9313 213 1:0 9673
9408 19234 1:0 9678
9409 19204 1:0 9791
9409 19202 1:0 9798
9418 19203 1:0 9799
9418 19201 1:0 9809
9424 19199 1:0 9819
9424 19188 1:0 9839
9424 19184 1:0 9848
9445 19171 1:0 9922
9457 19166 1:0 9950
9539 19170 1:0 9930
9540 19169 1:0 9929
9540 16680 1:0 10024
9540 157 1:0 10053
9549 19168 1:0 9940
9549 19138 1:0 10053
9557 19137 1:0 10061
9588 19136 1:0 10060
9670 159 1:0 10066
9670 155 1:0 10075
9671 19135 1:0 10071
9671 19105 1:0 10184
9680 19103 1:0 10191
9680 19104 1:0 10192
9688 19102 1:0 10202
9691 19074 1:0 10299
9706 19047 1:0 10335
9801 19072 1:0 10315
9802 19070 1:0 10322
9802 19071 1:0 10323
9811 19069 1:0 10333
9811 19052 1:0 10338
9817 19039 1:0 10446
9822 19037 1:0 10453
9837 19021 1:0 10503
9932 19038 1:0 10454
9933 19036 1:0 10464
9933 19006 1:0 10577
9942 19004 1:0 10584
9942 19005 1:0 10585
9950 19003 1:0 10595
9953 83 1:0 10599
9968 67 1:0 10708
9969 18968 1:0 10736
10061 16680 21:0 10066
10063 18973 1:0 10708
10064 18971 1:0 10715
10064 18972 1:0 10716
10073 18970 1:0 10726
10073 18953 1:0 10765
10073 18936 1:0 10839
10079 18940 1:0 10839
10099 18939 1:0 10847
10100 18924 1:0 10887
10194 18938 1:0 10846
10195 18937 1:0 10857
10204 18907 1:0 10970
10204 18905 1:0 10977
10210 18906 1:0 10978
10215 18904 1:0 10988
10230 18887 1:0 11027
10325 18874 1:0 11101
10326 18872 1:0 11108
10326 18873 1:0 11109
10335 18871 1:0 11119
10335 337 1:0 11230
10344 16801 21:0 10368
10585 16908 21:0 10590
10606 16915 21:0 10630
11228 336 21:0 11278
11278 20507 21:0 11294
11293 20500 21:0 11294
11296 20522 21:0 11304
11301 20524 0:0 11304
11301 20523 0:0 11304
11304 20525 21:0 11370
11372 20555 0:0 11375
11377 20557 21:0 11435
11379 20556 0:0 11380
11393 20566 0:0 11394
11434 20558 0:0 11446
11448 20588 21:0 11456
11455 20590 0:0 11456
11455 20589 0:0 11456
11456 20591 21:0 11522
11504 20600 0:0 11506
11524 20621 21:0 11532
11531 20623 0:0 11532
11531 20622 0:0 11532
11532 20624 21:0 11598
11586 20640 0:0 11587
11600 20654 21:0 11608
11607 20655 0:0 11608
11607 20656 21:0 11674
11621 20665 0:0 11622
11672 20657 0:0 11674
11673 20674 0:0 11674
11676 20687 21:0 11684
11683 20689 0:0 11684
11683 20688 0:0 11684
11684 20690 21:0 11750
11749 83 21:0 11755
11752 20720 0:0 11755
11754 20673 21:0 11755
11757 20722 21:0 11815
11759 20721 0:0 11760
11814 20723 0:0 11826
11817 20725 21:0 11826
11825 20739 21:0 11826
11828 20753 0:0 11831
11833 20754 21:0 11891
11835 20755 0:0 11836
11890 20752 21:0 11902
11890 20756 0:0 11902
11901 20772 21:0 11902
11904 20786 21:0 11912
11911 20787 0:0 11912
11911 20788 0:0 11912
11912 20789 21:0 11978
11977 20791 0:0 11978
11980 20819 21:0 11988
11987 20820 0:0 11988
11987 20821 21:0 12054
12052 20822 0:0 12054
12053 20804 21:0 12059
12056 20852 0:0 12059
12058 20745 21:0 12059
12061 20854 21:0 12119
12063 20853 0:0 12064
12076 20844 0:0 12078
12118 20855 0:0 12130
12127 20883 21:0 12130
12132 20885 21:0 12140
12139 20887 0:0 12140
12139 20886 21:0 12206
12204 20888 0:0 12206
12208 20918 21:0 12216
12215 20920 0:0 12216
12215 20919 21:0 12282
12280 20921 0:0 12282
12284 20951 21:0 12292
12291 20953 0:0 12292
12291 20952 21:0 12358
12356 20954 0:0 12358
12360 20984 21:0 12368
12367 20983 0:0 12368
12367 20985 0:0 12368
12367 20986 21:0 12434
12432 20987 0:0 12434
12436 21017 21:0 12444
12443 21019 0:0 12444
12443 21018 21:0 12510
12508 21020 0:0 12510
12512 21050 21:0 12520
12519 21052 0:0 12520
12519 21051 21:0 12586
12584 21053 0:0 12586
12585 20943 21:0 12591
12590 20970 21:0 12591
12590 211 21:0 12596
12595 20897 21:0 12596
12595 209 21:0 12611
12616 21096 21:0 12626
12625 20967 21:0 12649
12657 21053 1:0 12778
12658 21051 1:0 12785
12667 21052 1:0 12786
12667 21050 1:0 12796
12673 21020 1:0 12909
12693 21018 1:0 12916
12788 21019 1:0 12917
12789 21017 1:0 12927
12789 20987 1:0 13040
12798 20986 1:0 13048
12798 20983 1:0 13051
12804 20985 1:0 13047
12809 20984 1:0 13058
12824 20967 1:0 13088
12825 20970 1:0 13097
12837 20943 1:0 13204
12919 20954 1:0 13171
12920 20952 1:0 13178
12929 20953 1:0 13179
12929 20951 1:0 13189
12935 20921 1:0 13302
12955 20919 1:0 13309
12956 20897 1:0 13385
12968 211 1:0 13433
13050 20920 1:0 13310
13051 20918 1:0 13320
13060 20888 1:0 13433
13060 20886 1:0 13440
13066 20887 1:0 13441
13086 20885 1:0 13451
13087 209 1:0 13455
13099 20883 1:0 13461
13181 20855 1:0 13564
13182 20854 1:0 13572
13182 20844 1:0 13597
13190 16399 21:0 13193
13191 20853 1:0 13571
13191 20852 1:0 13582
13197 20822 1:0 13695
13217 20821 1:0 13703
13218 20804 1:0 13718
13230 20791 1:0 13810
13312 20820 1:0 13702
13313 20819 1:0 13713
13313 16680 1:0 13832
13322 20789 1:0 13826
13322 20787 1:0 13833
13328 20788 1:0 13834
13330 20772 1:0 13883
13331 16459 21:0 13355
13349 20786 1:0 13844
13361 20752 1:0 13957
13443 20756 1:0 13957
13444 20754 1:0 13964
13444 20745 1:0 13990
13444 20739 1:0 14014
13453 20755 1:0 13965
13453 20753 1:0 13975
13459 20725 1:0 14072
13464 20723 1:0 14088
13479 16801 1:0 14111
13574 20722 1:0 14096
13575 20721 1:0 14095
13575 20720 1:0 14106
13583 16570 21:0 13586
13584 20690 1:0 14219
13584 20689 1:0 14227
13590 20688 1:0 14226
13592 20674 1:0 14267
13593 16573 21:0 13617
13611 20687 1:0 14237
13623 16908 1:0 14267
13705 20673 1:0 14276
13705 20665 1:0 14329
13705 16915 1:0 14350
13705 83 1:0 14372
13706 20657 1:0 14350
13715 20655 1:0 14357
13715 20656 1:0 14358
13721 20654 1:0 14368
13741 20624 1:0 14481
13742 20640 1:0 14403
13754 20600 1:0 14534
13836 20623 1:0 14489
13837 20622 1:0 14488
13846 20621 1:0 14499
13846 20591 1:0 14612
13852 20590 1:0 14620
13872 20589 1:0 14619
13873 20566 1:0 14722
13967 20588 1:0 14630
13968 20558 1:0 14743
13977 20556 1:0 14750
13977 20557 1:0 14751
13983 20555 1:0 14761
13988 20525 1:0 14874
14003 20500 1:0 14922
14098 20524 1:0 14882
14099 20523 1:0 14881
14099 20522 1:0 14892
14108 20507 1:0 14931
14108 338 1:0 15003
14500 16969 21:0 14503
15001 337 21:0 15051
15014 22151 0:0 15015
15051 22159 21:0 15067
15069 22173 21:0 15077
15076 15 0:0 15077
15076 22175 0:0 15077
15076 22174 21:0 15143
15141 22176 0:0 15143
15142 22193 0:0 15143
15145 22206 21:0 15153
15152 22208 0:0 15153
15152 22207 0:0 15153
15153 22209 21:0 15219
15221 22239 0:0 15224
15226 22241 21:0 15284
15228 22240 0:0 15229
15277 22251 0:0 15279
15283 22255 21:0 15295
15283 22242 0:0 15295
15294 22238 21:0 15295
15294 22259 0:0 15295
15294 49 21:0 15300
15297 22272 0:0 15300
15302 22273 21:0 15360
15304 22274 0:0 15305
15317 67 0:0 15319
15359 22275 0:0 15371
15359 22264 21:0 15371
15370 22271 21:0 15371
15373 22305 21:0 15381
15380 22306 0:0 15381
15380 22307 0:0 15381
15381 22308 21:0 15447
15449 22338 21:0 15457
15456 22339 0:0 15457
15456 22340 0:0 15457
15456 105 0:0 15457
15457 22341 21:0 15523
15525 22371 21:0 15533
15532 22372 0:0 15533
15532 22373 21:0 15599
15597 22374 0:0 15599
15601 22404 0:0 15604
15606 22405 21:0 15664
15608 22406 0:0 15609
15663 22407 0:0 15675
15663 22423 21:0 15675
15674 22409 21:0 15675
15677 22437 21:0 15685
15682 22439 0:0 15685
15682 22438 0:0 15685
15685 22440 21:0 15751
15753 22470 21:0 15761
15760 22471 0:0 15761
15760 22472 0:0 15761
15761 22473 21:0 15827
15829 22503 21:0 15837
15836 22505 0:0 15837
15836 22504 21:0 15903
15849 22495 0:0 15851
15901 22506 0:0 15903
15902 22521 21:0 15908
15905 22536 0:0 15908
15910 22538 21:0 15968
15912 22537 0:0 15913
15967 22539 0:0 15979
15967 211 21:0 15979
15978 22552 21:0 15979
15981 22569 21:0 15989
15988 22571 0:0 15989
15988 22570 21:0 16055
16053 22572 0:0 16055
16057 22602 21:0 16065
16064 22604 0:0 16065
16064 22603 21:0 16131
16129 22605 0:0 16131
16133 22635 21:0 16141
16140 22636 0:0 16141
16140 22637 21:0 16207
16205 22638 0:0 16207
16209 22668 21:0 16217
16216 22670 0:0 16217
16216 22669 21:0 16283
16281 22671 0:0 16283
16285 22701 21:0 16293
16292 22702 0:0 16293
16292 22703 21:0 16359
16357 22704 0:0 16359
16358 22600 21:0 16364
16363 22633 21:0 16364
16363 22618 21:0 16369
16368 281 21:0 16369
16368 267 21:0 16384
16389 22747 21:0 16399
16430 22704 1:0 16551
16431 22703 1:0 16559
16440 22702 1:0 16558
16440 22701 1:0 16569
16446 22671 1:0 16682
16466 22669 1:0 16689
16467 281 1:0 16704
16479 267 1:0 16813
16561 22670 1:0 16690
16562 22668 1:0 16700
16571 22638 1:0 16813
16571 22637 1:0 16821
16577 22636 1:0 16820
16597 22635 1:0 16831
16598 22633 1:0 16841
16610 22618 1:0 16870
16692 22605 1:0 16944
16693 16399 1:0 16944
16693 22603 1:0 16951
16693 22600 1:0 16972
16702 22604 1:0 16952
16702 22602 1:0 16962
16710 22572 1:0 17075
16741 22570 1:0 17082
16823 22571 1:0 17083
16824 22569 1:0 17093
16824 16459 1:0 17102
16824 22552 1:0 17132
16833 22539 1:0 17206
16833 211 1:0 17206
16839 22538 1:0 17214
16844 22537 1:0 17213
16859 22521 1:0 17263
16860 16570 1:0 17337
16952 16395 21:0 16957
16954 22536 1:0 17224
16955 22506 1:0 17337
16955 22504 1:0 17344
16964 22505 1:0 17345
16964 22503 1:0 17355
16970 16573 1:0 17360
16970 22495 1:0 17362
16990 22473 1:0 17468
17085 22472 1:0 17476
17086 22471 1:0 17475
17086 22470 1:0 17486
17094 16456 21:0 17097
17095 22440 1:0 17599
17095 22439 1:0 17607
17101 22438 1:0 17606
17122 22437 1:0 17617
17134 22423 1:0 17656
17216 22409 1:0 17714
17217 22407 1:0 17730
17217 22405 1:0 17737
17226 22406 1:0 17738
17226 22404 1:0 17748
17232 22374 1:0 17861
17253 22373 1:0 17869
17265 105 1:0 18005
17347 22372 1:0 17868
17348 22371 1:0 17879
17357 22341 1:0 17992
17357 22339 1:0 17999
17363 22340 1:0 18000
17383 22338 1:0 18010
17478 22308 1:0 18123
17479 22306 1:0 18130
17479 22307 1:0 18131
17488 22305 1:0 18141
17488 22271 1:0 18254
17494 22275 1:0 18254
17499 22273 1:0 18261
17514 67 1:0 18256
17515 16969 1:0 18271
17527 22264 1:0 18287
17609 22274 1:0 18262
17610 22272 1:0 18272
17610 49 1:0 18302
17610 22259 1:0 18302
17619 22255 1:0 18311
17619 22251 1:0 18337
17619 22242 1:0 18385
17619 22238 1:0 18385
17625 22241 1:0 18393
17646 22240 1:0 18392
17658 22193 1:0 18564
17740 22239 1:0 18403
17741 22209 1:0 18516
17750 22207 1:0 18523
17750 22208 1:0 18524
17756 22206 1:0 18534
17776 22176 1:0 18647
17777 15 1:0 18660
17869 16794 21:0 17874
17871 22174 1:0 18654
17872 22175 1:0 18655
17872 22173 1:0 18665
17881 22159 1:0 18704
17881 22151 1:0 18757
17881 339 1:0 18776
18774 338 21:0 18824
18829 23811 21:0 18840
18842 23824 21:0 18850
18847 23825 0:0 18850
18847 23826 0:0 18850
18850 23827 21:0 18916
18862 13 0:0 18864
18918 23857 21:0 18926
18925 23859 0:0 18926
18925 23856 0:0 18926
18925 23858 21:0 18992
18990 23860 0:0 18992
18994 23890 21:0 19002
19001 23892 0:0 19002
19001 23891 0:0 19002
19002 23893 21:0 19068
19014 23882 0:0 19016
19067 23921 0:0 19068
19070 23923 21:0 19078
19077 23925 0:0 19078
19077 23924 21:0 19144
19090 67 0:0 19092
19142 23926 0:0 19144
19146 23956 21:0 19154
19153 23958 0:0 19154
19153 23957 0:0 19154
19154 23959 21:0 19220
19208 23972 0:0 19209
19222 23989 21:0 19230
19229 23991 0:0 19230
19229 23990 21:0 19296
19284 24005 0:0 19285
19294 23992 0:0 19296
19295 24020 21:0 19301
19298 24022 0:0 19301
19300 23844 21:0 19301
19303 24023 21:0 19361
19305 24024 0:0 19306
19360 24025 0:0 19372
19360 85 21:0 19372
19371 23843 21:0 19372
19374 24055 21:0 19382
19381 24057 0:0 19382
19381 24056 0:0 19382
19382 24058 21:0 19448
19450 24088 21:0 19458
19451 155 0:0 19453
19457 24089 0:0 19458
19457 24090 21:0 19524
19512 24107 0:0 19513
19522 24091 0:0 19524
19526 24121 0:0 19529
19531 24123 21:0 19589
19532 177 0:0 19534
19533 24122 0:0 19534
19588 24124 0:0 19600
19602 24154 21:0 19610
19609 24156 0:0 19610
19609 24155 21:0 19676
19674 24157 0:0 19676
19678 24187 21:0 19686
19683 24188 0:0 19686
19685 24189 0:0 19686
19686 24190 21:0 19752
19698 211 0:0 19700
19734 24199 0:0 19736
19754 24220 21:0 19762
19761 231 0:0 19762
19761 24221 0:0 19762
19761 24222 21:0 19828
19826 24223 0:0 19828
19830 24253 21:0 19838
19837 24255 0:0 19838
19837 24252 0:0 19838
19837 24254 21:0 19904
19886 24265 0:0 19888
19902 24256 0:0 19904
19906 24286 21:0 19914
19913 24287 0:0 19914
19913 24285 0:0 19914
19913 24288 21:0 19980
19978 24289 0:0 19980
19982 24319 21:0 19990
19989 24321 0:0 19990
19989 24320 21:0 20056
20054 24322 0:0 20056
20058 24352 21:0 20066
20065 24354 0:0 20066
20065 24353 21:0 20132
20130 24355 0:0 20132
20134 24385 21:0 20142
20162 24398 21:0 20172
20171 24272 21:0 20195
20203 24385 1:0 20211
20204 24355 1:0 20324
20213 24353 1:0 20331
20213 24354 1:0 20332
20219 24352 1:0 20342
20239 24322 1:0 20455
20332 16224 21:0 20337
20334 24320 1:0 20462
20335 24321 1:0 20463
20335 24319 1:0 20473
20344 24289 1:0 20586
20344 24288 1:0 20594
20350 24287 1:0 20593
20352 24285 1:0 20597
20383 24286 1:0 20604
20465 24272 1:0 20643
20465 24265 1:0 20669
20465 16395 1:0 20717
20465 24252 1:0 20728
20466 24256 1:0 20717
20475 24254 1:0 20724
20475 24255 1:0 20725
20481 24253 1:0 20735
20501 24223 1:0 20848
20502 16456 1:0 20848
20514 231 1:0 20861
20596 24222 1:0 20856
20597 24221 1:0 20855
20597 24199 1:0 20901
20597 211 1:0 20981
20606 24220 1:0 20866
20606 24190 1:0 20979
20614 24188 1:0 20986
20615 16345 21:0 20639
20633 24189 1:0 20987
20727 24187 1:0 20997
20728 24157 1:0 21110
20737 24155 1:0 21117
20737 24156 1:0 21118
20743 24154 1:0 21128
20748 24124 1:0 21241
20763 177 1:0 21254
20858 24123 1:0 21249
20859 24122 1:0 21248
20859 24121 1:0 21259
20868 24107 1:0 21298
20868 24091 1:0 21372
20874 24090 1:0 21380
20879 24089 1:0 21379
20894 155 1:0 21394
20989 24088 1:0 21390
20990 24058 1:0 21503
20990 24057 1:0 21511
20998 16513 21:0 21001
20999 24056 1:0 21510
20999 24055 1:0 21521
21005 24025 1:0 21634
21007 16794 1:0 21634
21038 24023 1:0 21641
21120 24024 1:0 21642
21121 24022 1:0 21652
21121 24020 1:0 21662
21121 24005 1:0 21691
21130 23992 1:0 21765
21130 23990 1:0 21772
21138 23991 1:0 21773
21169 23989 1:0 21783
21251 23959 1:0 21896
21252 23972 1:0 21818
21252 85 1:0 21898
21252 23958 1:0 21904
21260 16627 21:0 21263
21261 23957 1:0 21903
21261 23956 1:0 21914
21267 23926 1:0 22027
21269 67 1:0 22029
21300 23924 1:0 22034
21382 23925 1:0 22035
21383 23923 1:0 22045
21383 23921 1:0 22051
21392 23893 1:0 22158
21392 23891 1:0 22165
21398 23892 1:0 22166
21400 23882 1:0 22191
21401 16687 21:0 21425
21419 23890 1:0 22176
21426 12895 1:0 27832
21431 23843 1:0 22289
21513 23860 1:0 22289
21514 23858 1:0 22296
21514 23856 1:0 22300
21514 23844 1:0 22312
21522 16741 21:0 21525
21523 23859 1:0 22297
21523 23857 1:0 22307
21529 23827 1:0 22420
21531 13 1:0 22422
21562 23826 1:0 22428
21644 23825 1:0 22427
21645 23824 1:0 22438
21645 23811 1:0 22468
21645 340 1:0 22549
21663 16801 21:0 21687
22547 339 21:0 22597
22604 340 21:0 22613
22615 25475 21:0 22623
22622 25477 0:0 22623
22622 25476 21:0 22689
22687 25478 0:0 22689
22691 25508 21:0 22699
22698 25509 0:0 22699
22698 25510 0:0 22699
22699 25511 21:0 22765
22767 25541 21:0 22775
22774 25543 0:0 22775
22774 25542 21:0 22841
22839 25544 0:0 22841
22840 25513 21:0 22846
22843 25574 0:0 22846
22845 13 21:0 22846
22848 25575 21:0 22906
22850 25576 0:0 22851
22905 25585 21:0 22917
22905 25577 0:0 22917
22916 25486 21:0 22917
22916 33 21:0 22922
22919 25607 0:0 22922
22921 25594 21:0 22922
22924 25609 21:0 22982
22926 25608 0:0 22927
22981 25610 0:0 22993
22981 25625 21:0 22993
22995 25640 21:0 23003
23002 25641 0:0 23003
23002 25642 21:0 23069
23067 25643 0:0 23069
23068 25660 21:0 23074
23071 25673 0:0 23074
23076 25675 21:0 23134
23078 25674 0:0 23079
23133 25676 0:0 23145
23133 25691 21:0 23145
23144 123 21:0 23145
23147 25706 21:0 23155
23154 25708 0:0 23155
23154 25707 21:0 23221
23209 25724 0:0 23210
23219 25709 0:0 23221
23223 25739 21:0 23231
23230 25740 0:0 23231
23230 25741 21:0 23297
23295 25742 0:0 23297
23296 155 21:0 23302
23299 25772 0:0 23302
23301 25757 21:0 23302
23301 25750 21:0 23304
23304 25774 21:0 23362
23306 25773 0:0 23307
23361 25775 0:0 23373
23361 25705 21:0 23373
23375 25805 0:0 23378
23380 25806 21:0 23438
23382 25807 0:0 23383
23437 25808 0:0 23449
23437 195 21:0 23449
23451 25838 21:0 23459
23458 25840 0:0 23459
23458 25839 0:0 23459
23459 25841 21:0 23525
23472 25849 0:0 23473
23524 25843 0:0 23525
23527 25871 21:0 23535
23534 25872 0:0 23535
23534 25873 21:0 23601
23599 25874 0:0 23601
23603 25904 21:0 23611
23610 25905 0:0 23611
23610 25903 0:0 23611
23610 25906 21:0 23677
23675 25907 0:0 23677
23679 25937 21:0 23687
23686 25939 0:0 23687
23686 25938 21:0 23753
23751 25940 0:0 23753
23755 25970 21:0 23763
23762 25971 0:0 23763
23762 25972 21:0 23829
23827 25973 0:0 23829
23831 26003 21:0 23839
23838 26005 0:0 23839
23838 26004 21:0 23905
23903 26006 0:0 23905
23904 25858 21:0 23910
23909 25923 21:0 23910
23935 26049 21:0 23945
23976 26006 1:0 24097
23977 16224 1:0 24097
23977 26004 1:0 24104
23986 26005 1:0 24105
23986 26003 1:0 24115
23992 25973 1:0 24228
24013 25972 1:0 24236
24107 25971 1:0 24235
24108 25970 1:0 24246
24117 25940 1:0 24359
24117 25938 1:0 24366
24123 25939 1:0 24367
24128 25937 1:0 24377
24143 16345 1:0 24386
24144 25923 1:0 24416
24156 25903 1:0 24501
24238 25907 1:0 24490
24239 25906 1:0 24498
24248 25905 1:0 24497
24248 25904 1:0 24508
24254 25874 1:0 24621
24274 25873 1:0 24629
24275 25858 1:0 24644
24287 25843 1:0 24736
24369 25872 1:0 24628
24370 25871 1:0 24639
24370 25849 1:0 24731
24370 16513 1:0 24763
24379 25841 1:0 24752
24379 25840 1:0 24760
24387 25839 1:0 24759
24418 25838 1:0 24770
24500 25808 1:0 24883
24501 25806 1:0 24890
24501 195 1:0 24896
24510 25807 1:0 24891
24510 25805 1:0 24901
24516 25775 1:0 25014
24537 25774 1:0 25022
24549 16627 1:0 25031
24631 25773 1:0 25021
24632 25772 1:0 25032
24632 25757 1:0 25071
24632 25750 1:0 25124
24641 25742 1:0 25145
24641 25741 1:0 25153
24649 25740 1:0 25152
24680 25739 1:0 25163
24762 155 1:0 25167
24762 16687 1:0 25172
24762 25724 1:0 25202
24762 25705 1:0 25247
24763 16741 1:0 25276
24763 25709 1:0 25276
24772 25707 1:0 25283
24772 25708 1:0 25284
24778 25706 1:0 25294
24780 25691 1:0 25333
24811 25676 1:0 25407
24893 25675 1:0 25415
24894 25674 1:0 25414
24894 123 1:0 25420
24894 25660 1:0 25455
24903 25673 1:0 25425
24903 16801 1:0 25434
24909 25643 1:0 25538
24914 25642 1:0 25546
24929 25625 1:0 25595
25024 25641 1:0 25545
25025 25640 1:0 25556
25025 25610 1:0 25669
25033 16627 21:0 25036
25034 25608 1:0 25676
25034 25609 1:0 25677
25040 25607 1:0 25687
25042 25594 1:0 25717
25073 25577 1:0 25800
25155 25585 1:0 25779
25156 25575 1:0 25807
25156 25576 1:0 25808
25165 25574 1:0 25818
25165 25544 1:0 25931
25171 25542 1:0 25938
25192 25543 1:0 25939
25204 25513 1:0 25954
25286 25541 1:0 25949
25287 25511 1:0 26062
25287 33 1:0 26073
25287 25486 1:0 26164
25295 16741 21:0 25298
25296 25509 1:0 26069
25296 25510 1:0 26070
25302 25508 1:0 26080
25323 25478 1:0 26193
25335 13 1:0 26193
25417 25476 1:0 26200
25418 25477 1:0 26201
25418 340 1:0 26308
25418 341 1:0 26322
25427 25475 1:0 26211
25427 12902 1:0 27832
26070 17079 21:0 26075
26091 17086 21:0 26115
26212 17140 21:0 26215
26320 340 21:0 26370
26370 27111 21:0 26386
26388 27126 21:0 26396
26395 27127 0:0 26396
26395 27128 21:0 26462
26460 27129 0:0 26462
26461 27144 21:0 26467
26464 27159 0:0 26467
26466 27157 21:0 26467
26469 27161 21:0 26527
26471 27160 0:0 26472
26526 33 21:0 26538
26526 27162 0:0 26538
26537 27171 21:0 26538
26537 27146 21:0 26543
26540 27192 0:0 26543
26545 27194 21:0 26603
26547 27193 0:0 26548
26602 27195 0:0 26614
26616 27225 0:0 26619
26621 27227 21:0 26679
26623 27226 0:0 26624
26678 27237 21:0 26690
26678 27228 0:0 26690
26689 27241 21:0 26690
26692 27258 0:0 26695
26697 27259 21:0 26755
26699 27260 0:0 26700
26754 27261 0:0 26766
26768 27291 21:0 26776
26775 27293 0:0 26776
26775 27292 21:0 26842
26840 27294 0:0 26842
26844 27324 21:0 26852
26851 27326 0:0 26852
26851 27325 0:0 26852
26852 27327 21:0 26918
26920 27357 21:0 26928
26927 27359 0:0 26928
26927 27358 0:0 26928
26928 27360 21:0 26994
26993 27322 21:0 26999
26996 27390 0:0 26999
26998 27368 21:0 26999
27001 27392 21:0 27059
27003 27391 0:0 27004
27058 27309 21:0 27070
27058 27393 0:0 27070
27069 27421 21:0 27070
27072 27423 21:0 27080
27079 27425 0:0 27080
27079 27424 21:0 27146
27144 27426 0:0 27146
27145 27343 21:0 27151
27148 27456 0:0 27151
27150 123 21:0 27151
27150 27382 21:0 27153
27153 27458 21:0 27211
27155 27457 0:0 27156
27210 137 21:0 27222
27210 27459 0:0 27222
27221 27454 21:0 27222
27224 27489 21:0 27232
27231 27491 0:0 27232
27231 27490 21:0 27298
27296 27492 0:0 27298
27300 27522 21:0 27308
27307 27524 0:0 27308
27307 27523 21:0 27374
27372 27525 0:0 27374
27376 27555 21:0 27384
27383 27557 0:0 27384
27383 27556 21:0 27450
27448 27558 0:0 27450
27452 27588 21:0 27460
27459 27590 0:0 27460
27459 27589 21:0 27526
27524 27591 0:0 27526
27525 27619 0:0 27526
27528 27621 21:0 27536
27535 27623 0:0 27536
27535 27622 21:0 27602
27600 27624 0:0 27602
27604 27654 21:0 27612
27611 27656 0:0 27612
27611 27655 21:0 27678
27676 27657 0:0 27678
27677 263 21:0 27683
27682 27514 21:0 27683
27682 27509 21:0 27688
27687 27604 21:0 27688
27687 27527 21:0 27703
27702 27505 21:0 27751
27750 27389 21:0 27751
27759 27657 1:0 27800
27760 12901 1:0 27841
27760 12896 1:0 27851
27760 12903 1:0 27920
27760 12904 1:0 27921
27760 12905 1:0 27930
27760 12906 1:0 27931
27760 12907 1:0 27940
27760 13043 1:0 28053
27760 13042 1:0 28053
27769 27655 1:0 27977
27769 12908 1:0 27941
27775 27656 1:0 27978
27780 27654 1:0 27988
27795 13049 1:0 28062
27795 13048 1:0 28072
27795 13190 1:0 28274
27796 13051 1:0 28142
27849 27624 1:0 28073
27862 13050 1:0 28141
27877 13052 1:0 28151
27878 13053 1:0 28152
27878 13054 1:0 28161
27879 13055 1:0 28162
27928 27604 1:0 28242
27937 12906 21:0 27972
27971 12904 0:0 27972
27971 12907 0:0 27972
27971 12903 0:0 27972
27971 12905 0:0 27972
27971 12908 0:0 27972
27971 12902 21:0 27972
27971 12895 21:0 27972
27971 12901 21:0 27972
27971 12896 21:0 27972
27980 27622 1:0 28198
27981 27623 1:0 28199
27981 27621 1:0 28209
27990 27619 1:0 28219
27990 27591 1:0 28294
27990 13196 1:0 28283
27990 13195 1:0 28293
27990 13189 1:0 28322
27990 13198 1:0 28363
27990 13202 1:0 28383
27990 13337 1:0 28495
27996 13197 1:0 28362
27996 13199 1:0 28372
27996 13200 1:0 28373
27998 13201 1:0 28382
28029 27589 1:0 28419
28083 27590 1:0 28420
28098 13342 1:0 28495
28098 13343 1:0 28504
28148 13051 21:0 28193
28149 27588 1:0 28430
28159 263 1:0 28434
28169 13336 1:0 28514
28169 13483 1:0 28764
28169 13484 1:0 28765
28191 13052 0:0 28193
28192 13049 21:0 28193
28192 13042 21:0 28193
28192 13043 21:0 28193
28192 13050 0:0 28193
28192 13054 0:0 28193
28192 13055 0:0 28193
28192 13053 0:0 28193
28192 13048 21:0 28193
28201 27558 1:0 28515
28202 13344 1:0 28583
28202 13345 1:0 28584
28202 13346 1:0 28593
28202 13347 1:0 28594
28202 13348 1:0 28603
28202 13349 1:0 28604
28211 27556 1:0 28640
28211 27557 1:0 28641
28219 27555 1:0 28651
28222 27527 1:0 28735
28237 13491 1:0 28804
28238 13492 1:0 28805
28291 27525 1:0 28854
28299 13489 1:0 28794
28304 13493 1:0 28814
28319 13494 1:0 28815
28320 13490 1:0 28795
28320 13495 1:0 28824
28320 13630 1:0 28946
28320 13636 1:0 28956
28321 13496 1:0 28825
28370 27514 1:0 28887
28389 13202 21:0 28414
28412 13200 0:0 28414
28412 13201 0:0 28414
28413 13198 0:0 28414
28413 13199 0:0 28414
28413 13195 21:0 28414
28413 13190 21:0 28414
28413 13197 0:0 28414
28413 13196 21:0 28414
28413 13189 0:0 28414
28422 27523 1:0 28861
28423 27524 1:0 28862
28423 27522 1:0 28872
28432 27509 1:0 28902
28432 27505 1:0 28911
28432 27492 1:0 28957
28432 13639 1:0 29026
28432 13640 1:0 29035
28438 13631 1:0 28986
28438 13637 1:0 29016
28438 13638 1:0 29025
28438 13641 1:0 29036
28438 13777 1:0 29167
28440 13642 1:0 29045
28443 13643 1:0 29046
28471 27490 1:0 29082
28540 27491 1:0 29083
28591 27489 1:0 29093
28593 13344 21:0 28635
28601 13784 1:0 29177
28601 13778 1:0 29207
28601 13783 1:0 29236
28601 13931 1:0 29388
28611 13790 1:0 29267
28633 13348 0:0 28635
28634 13342 21:0 28635
28634 13336 21:0 28635
28634 13343 21:0 28635
28634 13337 21:0 28635
28634 13347 0:0 28635
28634 13346 0:0 28635
28634 13345 0:0 28635
28634 13349 0:0 28635
28643 13785 1:0 29246
28643 13786 1:0 29247
28643 13787 1:0 29256
28643 13788 1:0 29257
28644 27459 1:0 29295
28644 13789 1:0 29266
28653 27457 1:0 29303
28653 27458 1:0 29304
28659 27456 1:0 29314
28661 27454 1:0 29324
28664 16627 1:0 29379
28679 13930 1:0 29398
28679 13924 1:0 29427
28679 13925 1:0 29428
28680 13935 1:0 29478
28733 27426 1:0 29399
28746 13933 1:0 29468
28761 13932 1:0 29467
28762 13934 1:0 29477
28762 13936 1:0 29487
28763 14078 1:0 29600
28763 14071 1:0 29609
28763 14072 1:0 29619
28812 13937 1:0 29488
28814 13491 21:0 28856
28855 13489 0:0 28856
28855 13483 0:0 28856
28855 13494 0:0 28856
28855 13496 0:0 28856
28855 13495 0:0 28856
28855 13493 0:0 28856
28855 13492 0:0 28856
28855 13490 0:0 28856
28855 13484 0:0 28856
28864 27424 1:0 29524
28865 27425 1:0 29525
28865 27423 1:0 29535
28874 27421 1:0 29545
28874 27389 1:0 29568
28874 27393 1:0 29737
28874 14079 1:0 29688
28874 14080 1:0 29689
28880 14077 1:0 29678
28880 14081 1:0 29698
28880 14082 1:0 29699
28880 14219 1:0 29840
28880 14218 1:0 29869
28882 14083 1:0 29708
28885 14084 1:0 29709
28913 27392 1:0 29746
28982 27391 1:0 29745
28983 27382 1:0 29758
29043 27390 1:0 29756
29045 13640 21:0 29077
29053 27368 1:0 29830
29075 13638 0:0 29077
29075 13642 0:0 29077
29076 13631 0:0 29077
29076 13637 0:0 29077
29076 13643 0:0 29077
29076 13639 0:0 29077
29076 13636 21:0 29077
29076 13641 0:0 29077
29076 13630 21:0 29077
29085 27360 1:0 29840
29086 14224 1:0 29899
29086 14225 1:0 29900
29086 14226 1:0 29909
29086 14227 1:0 29910
29086 14228 1:0 29919
29086 14229 1:0 29920
29086 14230 1:0 29929
29086 14365 1:0 30051
29095 27358 1:0 29966
29095 16741 1:0 29970
29095 137 1:0 29970
29095 14231 1:0 29930
29101 27359 1:0 29967
29122 27357 1:0 29977
29175 27327 1:0 30061
29183 14372 1:0 30061
29188 27343 1:0 30016
29203 14374 1:0 30131
29204 14373 1:0 30130
29204 14375 1:0 30140
29205 14366 1:0 30091
29205 14371 1:0 30120
29254 14376 1:0 30141
29264 14377 1:0 30150
29273 13790 21:0 29298
29274 14378 1:0 30151
29296 13789 0:0 29298
29296 13785 0:0 29298
29296 13788 0:0 29298
29297 13778 0:0 29298
29297 13786 0:0 29298
29297 13787 0:0 29298
29297 13783 0:0 29298
29297 13784 21:0 29298
29297 13777 21:0 29298
29306 27325 1:0 30187
29307 27326 1:0 30188
29307 123 1:0 30191
29307 27322 1:0 30208
29316 27324 1:0 30198
29316 27309 1:0 30237
29316 14518 1:0 30282
29316 14512 1:0 30311
29316 14513 1:0 30312
29316 14519 1:0 30342
29316 14523 1:0 30362
29322 27294 1:0 30283
29324 14521 1:0 30352
29327 14520 1:0 30351
29342 14522 1:0 30361
29343 14524 1:0 30371
29355 14525 1:0 30372
29409 27292 1:0 30408
29424 14660 1:0 30503
29424 14659 1:0 30532
29424 14666 1:0 30563
29475 27293 1:0 30409
29484 13935 21:0 29519
29485 14671 1:0 30592
29495 14667 1:0 30572
29517 13936 0:0 29519
29517 13932 0:0 29519
29517 13933 0:0 29519
29517 13934 0:0 29519
29518 13930 21:0 29519
29518 13925 0:0 29519
29518 13931 21:0 29519
29518 13924 0:0 29519
29518 13937 0:0 29519
29527 27291 1:0 30419
29528 27261 1:0 30504
29528 14668 1:0 30573
29528 14669 1:0 30582
29537 27259 1:0 30629
29537 14665 1:0 30562
29537 14670 1:0 30583
29537 14672 1:0 30593
29537 14806 1:0 30714
29537 14812 1:0 30724
29543 27260 1:0 30630
29564 27258 1:0 30640
29576 27241 1:0 30670
29576 27237 1:0 30705
29617 14807 1:0 30754
29645 27228 1:0 30725
29646 14814 1:0 30793
29646 14815 1:0 30794
29647 14813 1:0 30784
29647 14954 1:0 30935
29696 14816 1:0 30803
29698 14079 21:0 29740
29706 14817 1:0 30804
29716 14818 1:0 30813
29738 14083 0:0 29740
29739 14072 21:0 29740
29739 14081 0:0 29740
29739 14082 0:0 29740
29739 14080 0:0 29740
29739 14084 0:0 29740
29739 14077 0:0 29740
29739 14071 21:0 29740
29739 14078 21:0 29740
29748 14819 1:0 30814
29748 14960 1:0 30945
29748 14953 1:0 30974
29748 14959 1:0 31004
29749 27226 1:0 30850
29749 27227 1:0 30851
29758 27225 1:0 30861
29758 27195 1:0 30946
29764 14961 1:0 31014
29764 14962 1:0 31015
29764 14963 1:0 31024
29766 14964 1:0 31025
29769 14965 1:0 31034
29784 14966 1:0 31035
29838 27194 1:0 31072
29867 27193 1:0 31071
29916 14227 21:0 29961
29927 27192 1:0 31082
29937 27171 1:0 31112
29959 14230 0:0 29961
29960 14231 0:0 29961
29960 14219 21:0 29961
29960 14225 0:0 29961
29960 14228 0:0 29961
29960 14224 0:0 29961
29960 14218 0:0 29961
29960 14226 0:0 29961
29960 14229 0:0 29961
29969 17079 1:0 31156
29969 15101 1:0 31166
29969 15100 1:0 31195
29969 15106 1:0 31225
29969 15107 1:0 31226
29969 15108 1:0 31235
29969 15109 1:0 31236
29970 27162 1:0 31284
29970 15110 1:0 31245
29970 15111 1:0 31246
29979 27161 1:0 31293
29979 33 1:0 31298
29979 15112 1:0 31255
29979 15113 1:0 31256
29985 27160 1:0 31292
29987 27111 1:0 31305
29990 27146 1:0 31305
30018 27159 1:0 31303
30059 17140 1:0 31308
30067 27157 1:0 31313
30072 17086 1:0 31312
30087 27144 1:0 31342
30088 15247 1:0 31387
30088 15248 1:0 31417
30137 14374 21:0 30182
30148 27129 1:0 31388
30158 15260 1:0 31477
30180 14375 0:0 30182
30181 14373 0:0 30182
30181 14376 0:0 30182
30181 14366 0:0 30182
30181 14377 0:0 30182
30181 14371 0:0 30182
30181 14372 21:0 30182
30181 14365 21:0 30182
30181 14378 0:0 30182
30190 15255 1:0 31456
30190 15256 1:0 31457
30190 15257 1:0 31466
30190 15258 1:0 31467
30191 27128 1:0 31514
30191 22747 1:0 31529
30191 15253 1:0 31446
30191 15254 1:0 31447
30191 15259 1:0 31476
30200 27127 1:0 31513
30200 27126 1:0 31524
30206 24398 1:0 31529
30206 26049 1:0 31529
30206 21096 1:0 31554
30206 17794 1:0 31554
30206 19445 1:0 31554
30206 15395 1:0 31554
30208 334 1:0 31579
30211 16143 1:0 31608
30211 15394 1:0 31637
30211 15400 1:0 31667
30226 15402 1:0 31677
30227 15403 1:0 31678
30239 15404 1:0 31687
30239 15405 1:0 31688
30280 15401 1:0 31668
30280 15406 1:0 31697
30293 15407 1:0 31698
30368 14523 21:0 30403
30401 14524 0:0 30403
30402 14519 0:0 30403
30402 14512 0:0 30403
30402 14522 0:0 30403
30402 14518 21:0 30403
30402 14520 0:0 30403
30402 14521 0:0 30403
30402 14513 0:0 30403
30402 14525 0:0 30403
30602 14671 21:0 30624
30623 14667 0:0 30624
30623 14672 0:0 30624
30623 14670 0:0 30624
30623 14669 0:0 30624
30623 14668 0:0 30624
30623 14660 21:0 30624
30623 14665 0:0 30624
30623 14666 0:0 30624
30623 14659 0:0 30624
30800 14815 21:0 30845
30843 14816 0:0 30845
30844 14814 0:0 30845
30844 14819 0:0 30845
30844 14807 0:0 30845
30844 14813 0:0 30845
30844 14818 0:0 30845
30844 14817 0:0 30845
30844 14812 21:0 30845
30844 14806 21:0 30845
31024 14961 21:0 31066
31064 14965 0:0 31066
31065 14966 0:0 31066
31065 14954 21:0 31066
31065 14962 0:0 31066
31065 14960 21:0 31066
31065 14963 0:0 31066
31065 14959 0:0 31066
31065 14964 0:0 31066
31065 14953 0:0 31066
31245 15108 21:0 31287
31285 15112 0:0 31287
31286 15101 21:0 31287
31286 15110 0:0 31287
31286 15111 0:0 31287
31286 15109 0:0 31287
31286 15113 0:0 31287
31286 15107 0:0 31287
31286 15100 0:0 31287
31286 15106 0:0 31287
31483 15260 21:0 31508
31506 15258 0:0 31508
31506 15259 0:0 31508
31507 15248 0:0 31508
31507 15253 0:0 31508
31507 15254 0:0 31508
31507 15247 21:0 31508
31507 15257 0:0 31508
31507 15256 0:0 31508
31507 15255 0:0 31508
31687 15402 21:0 95
