31 3429 0:0 33
32 11839 0:0 33
32 11840 0:0 33
53 11867 0:0 54
53 11868 0:0 54
53 11866 0:0 54
58 11869 0:0 60
59 11865 21:0 60
59 11874 0:0 60
59 11707 0:0 60
59 11703 0:0 60
59 11704 0:0 60
61 471 1:0 680
61 555 1:0 800
61 559 1:0 800
61 667 1:0 960
62 11878 21:0 81
63 23 0:0 65
71 11875 0:0 73
72 11881 0:0 73
81 11879 0:0 94
81 27 0:0 100
82 751 1:0 1080
89 11887 0:0 94
89 11885 0:0 94
89 11886 0:0 94
96 11882 21:0 100
99 11893 21:0 100
99 11888 0:0 100
101 811 1:0 1181
102 11897 21:0 121
103 51 0:0 105
111 11894 0:0 113
112 11900 0:0 113
121 11898 0:0 134
121 55 0:0 140
122 835 1:0 1200
129 11904 0:0 134
129 11905 0:0 134
129 11906 0:0 134
136 11901 21:0 140
139 11907 21:0 140
139 11912 0:0 140
141 839 1:0 1221
142 11916 21:0 161
143 79 0:0 145
151 11913 0:0 153
152 11919 0:0 153
161 11917 0:0 174
161 83 0:0 180
162 863 1:0 1252
169 11924 0:0 174
169 11925 0:0 174
169 11923 0:0 174
176 11920 21:0 180
179 11931 21:0 180
179 11926 0:0 180
181 867 1:0 1261
182 11935 21:0 201
183 107 0:0 185
191 11932 0:0 193
192 11938 0:0 193
201 11936 0:0 214
201 111 0:0 220
202 895 1:0 1299
209 11942 0:0 214
209 11943 0:0 214
209 11944 0:0 214
216 11939 21:0 220
219 11945 0:0 220
219 11950 21:0 220
221 23 1:0 1333
222 11954 21:0 241
223 135 0:0 225
231 11951 0:0 233
232 11957 0:0 233
241 11955 0:0 254
241 139 0:0 260
242 27 1:0 1346
249 11961 0:0 254
249 11962 0:0 254
249 11963 0:0 254
256 11958 21:0 260
259 11969 21:0 260
259 11964 0:0 260
261 55 1:0 1365
262 11973 21:0 281
263 163 0:0 265
271 11970 0:0 273
272 11976 0:0 273
281 11974 0:0 294
281 167 0:0 300
282 51 1:0 1365
289 11980 0:0 294
289 11982 0:0 294
289 11981 0:0 294
296 11977 21:0 300
299 11983 21:0 300
299 11988 0:0 300
301 79 1:0 1405
302 11992 21:0 321
303 191 0:0 305
311 11989 0:0 313
312 11995 0:0 313
321 11993 0:0 334
321 195 0:0 340
322 83 1:0 1405
329 11999 0:0 334
329 12001 0:0 334
329 12000 0:0 334
336 11996 21:0 340
339 12007 0:0 340
339 12002 21:0 340
341 107 1:0 1445
342 12011 21:0 361
343 219 0:0 345
351 12008 0:0 353
352 12014 0:0 353
361 12012 0:0 374
361 223 0:0 380
362 111 1:0 1466
369 12020 0:0 374
369 12019 0:0 374
369 12018 0:0 374
376 12015 21:0 380
379 12026 0:0 380
379 12021 21:0 380
381 135 1:0 1485
382 12030 21:0 401
383 247 0:0 385
391 12027 0:0 393
392 12033 0:0 393
401 12031 0:0 414
401 251 0:0 420
402 139 1:0 1506
409 12037 0:0 414
409 12038 0:0 414
409 12039 0:0 414
416 12034 21:0 420
419 12045 21:0 420
419 12040 0:0 420
421 167 1:0 1525
422 12049 21:0 441
423 275 0:0 425
431 12046 0:0 433
432 12052 0:0 433
441 12050 0:0 454
441 279 0:0 460
442 163 1:0 1525
449 12057 0:0 454
449 12058 0:0 454
449 12056 0:0 454
456 12053 21:0 460
459 12059 21:0 460
459 12064 0:0 460
461 195 1:0 1565
462 12068 21:0 481
463 303 0:0 465
471 12065 0:0 473
472 12071 0:0 473
481 12069 0:0 494
481 307 0:0 500
482 191 1:0 1565
489 12075 0:0 494
489 12077 0:0 494
489 12076 0:0 494
496 12072 21:0 500
499 12078 21:0 500
499 12083 0:0 500
501 219 1:0 1605
502 12087 21:0 521
503 331 0:0 505
511 12084 0:0 513
512 12090 0:0 513
521 12088 0:0 534
521 335 0:0 540
522 223 1:0 1626
529 12095 0:0 534
529 12096 0:0 534
529 12094 0:0 534
536 12091 21:0 540
539 12102 21:0 540
539 12097 0:0 540
541 247 1:0 1645
542 12106 21:0 561
543 359 0:0 545
551 12103 0:0 553
552 12109 0:0 553
561 12107 0:0 574
561 363 0:0 580
562 251 1:0 1666
569 12113 0:0 574
569 12114 0:0 574
569 12115 0:0 574
576 12110 21:0 580
579 12121 0:0 580
579 12116 21:0 580
581 275 1:0 1685
582 12125 21:0 601
583 387 0:0 585
591 12122 0:0 593
592 12128 0:0 593
601 12126 0:0 614
601 391 0:0 620
602 279 1:0 1706
609 12133 0:0 614
609 12134 0:0 614
609 12132 0:0 614
616 12129 21:0 620
619 12135 21:0 620
619 12140 0:0 620
621 303 1:0 1725
622 12144 21:0 641
623 415 0:0 625
631 12141 0:0 633
632 12147 0:0 633
641 12145 0:0 654
641 419 0:0 660
642 307 1:0 1746
649 12152 0:0 654
649 12153 0:0 654
649 12151 0:0 654
656 12148 21:0 660
659 12154 0:0 660
659 12159 21:0 660
661 331 1:0 1765
662 12163 21:0 681
663 443 0:0 665
671 12160 0:0 673
672 12166 0:0 673
681 12164 0:0 694
681 447 0:0 700
682 335 1:0 1786
689 12170 0:0 694
689 12172 0:0 694
689 12171 0:0 694
696 12167 21:0 700
699 12173 21:0 700
699 12178 0:0 700
701 359 1:0 1805
702 12182 21:0 721
703 471 0:0 705
711 12179 0:0 713
712 12185 0:0 713
721 12183 0:0 734
721 475 0:0 740
722 363 1:0 1826
729 12191 0:0 734
729 12189 0:0 734
729 12190 0:0 734
736 12186 21:0 740
739 12192 0:0 740
739 12197 21:0 740
741 387 1:0 1845
742 12201 21:0 761
743 499 0:0 745
751 12198 0:0 753
752 12204 0:0 753
761 12202 0:0 774
761 503 0:0 780
762 391 1:0 1866
769 12209 21:0 780
773 12208 0:0 774
773 12210 0:0 774
778 12211 0:0 780
779 12216 21:0 780
779 12205 21:0 780
781 415 1:0 1885
782 12220 21:0 801
783 527 0:0 785
791 12217 0:0 793
792 12223 0:0 793
801 12221 0:0 814
801 531 0:0 820
802 419 1:0 1906
809 12229 0:0 814
809 12228 0:0 814
809 12227 0:0 814
816 12224 21:0 820
819 12230 0:0 820
819 12235 21:0 820
821 443 1:0 1925
822 12239 21:0 841
823 555 0:0 825
831 12236 0:0 833
832 12242 0:0 833
841 12240 0:0 854
841 559 0:0 860
842 447 1:0 1946
849 12247 0:0 854
849 12246 0:0 854
849 12248 0:0 854
856 12243 21:0 860
859 12249 0:0 860
859 12254 21:0 860
861 471 1:0 1965
862 12258 21:0 881
863 583 0:0 865
871 12255 0:0 873
872 12261 0:0 873
881 12259 0:0 894
881 587 0:0 900
882 475 1:0 1986
889 12266 0:0 894
889 12267 0:0 894
889 12265 0:0 894
896 12262 21:0 900
899 12273 0:0 900
899 12268 21:0 900
901 499 1:0 2005
902 12277 21:0 921
903 611 0:0 905
911 12274 0:0 913
912 12280 0:0 913
921 12278 0:0 934
921 615 0:0 940
922 503 1:0 2026
929 12284 0:0 934
929 12286 0:0 934
929 12285 0:0 934
936 12281 21:0 940
939 12292 0:0 940
939 12287 21:0 940
941 527 1:0 2045
942 12296 21:0 961
943 639 0:0 945
952 12299 0:0 953
961 12297 0:0 974
961 643 0:0 980
982 12315 21:0 1001
983 667 0:0 985
986 531 1:0 2066
1001 12316 0:0 1014
1001 671 0:0 1020
1022 12334 21:0 1041
1023 695 0:0 1025
1041 12335 0:0 1054
1041 699 0:0 1060
1062 12353 21:0 1081
1063 723 0:0 1065
1081 12354 0:0 1094
1081 727 0:0 1100
1082 555 1:0 2085
1102 12372 21:0 1121
1103 751 0:0 1105
1121 12373 0:0 1134
1121 755 0:0 1140
1142 12391 21:0 1161
1143 779 0:0 1145
1161 12392 0:0 1174
1161 783 0:0 1180
1182 12410 21:0 1201
1183 807 0:0 1185
1201 12411 0:0 1214
1201 811 0:0 1220
1220 835 21:0 1254
1224 12429 0:0 1225
1253 839 0:0 1260
1253 12430 0:0 1260
1260 863 21:0 1294
1261 559 1:0 2106
1264 12448 0:0 1265
1293 867 0:0 1300
1293 12449 0:0 1300
1300 891 0:0 1305
1301 583 1:0 2125
1302 12467 0:0 1305
1305 895 0:0 1322
1306 587 1:0 2146
1313 5 21:0 1318
1316 3 0:0 1318
1325 12468 0:0 1339
1325 7 21:0 1339
1332 15 0:0 1334
1333 11 0:0 1334
1334 12478 0:0 1339
1334 12479 0:0 1339
1334 12480 0:0 1339
1335 611 1:0 2165
1341 12477 21:0 1345
1344 19 0:0 1345
1344 12486 21:0 1345
1344 12481 0:0 1345
1347 12490 21:0 1366
1348 23 0:0 1350
1351 615 1:0 2186
1356 12487 0:0 1358
1357 12493 0:0 1358
1366 12491 0:0 1379
1366 27 0:0 1385
1374 12498 0:0 1379
1374 12497 0:0 1379
1374 12499 0:0 1379
1380 639 1:0 2205
1381 12494 21:0 1385
1384 39 0:0 1385
1384 35 0:0 1385
1384 43 0:0 1385
1384 12500 0:0 1385
1384 12505 21:0 1385
1384 47 0:0 1385
1386 643 1:0 2226
1387 12509 21:0 1406
1388 51 0:0 1390
1391 667 1:0 2245
1396 12506 0:0 1398
1397 12512 0:0 1398
1406 12510 0:0 1419
1406 55 0:0 1425
1414 12518 0:0 1419
1414 12517 0:0 1419
1414 12516 0:0 1419
1420 671 1:0 2266
1422 12524 21:0 1425
1423 63 0:0 1425
1423 12519 0:0 1425
1423 75 0:0 1425
1423 71 0:0 1425
1423 67 0:0 1425
1424 12513 21:0 1425
1426 695 1:0 2285
1427 12528 21:0 1446
1428 79 0:0 1430
1431 699 1:0 2306
1436 12525 0:0 1438
1437 12531 0:0 1438
1445 95 0:0 1454
1445 91 0:0 1454
1446 99 0:0 1454
1446 12529 0:0 1459
1446 83 0:0 1465
1454 12536 21:0 1465
1455 723 1:0 2325
1458 12535 0:0 1459
1458 12537 0:0 1459
1463 103 0:0 1465
1463 12538 0:0 1465
1464 12532 21:0 1465
1464 12543 21:0 1465
1466 727 1:0 2346
1467 12547 21:0 1486
1468 107 0:0 1470
1471 751 1:0 2365
1476 12544 0:0 1478
1477 12550 0:0 1478
1485 119 0:0 1494
1485 123 0:0 1494
1486 127 0:0 1494
1486 12548 0:0 1499
1486 111 0:0 1505
1494 12555 21:0 1505
1495 755 1:0 2386
1498 12556 0:0 1499
1498 12554 0:0 1499
1503 131 0:0 1505
1504 12551 21:0 1505
1504 12557 21:0 1505
1504 12562 0:0 1505
1506 779 1:0 2405
1507 12566 21:0 1526
1508 135 0:0 1510
1511 783 1:0 2426
1516 12563 0:0 1518
1517 12569 0:0 1518
1526 12567 0:0 1539
1526 139 0:0 1545
1534 12574 0:0 1539
1534 12573 0:0 1539
1534 12575 0:0 1539
1540 807 1:0 2445
1542 12581 21:0 1545
1543 159 0:0 1545
1543 12570 0:0 1545
1543 147 0:0 1545
1543 151 0:0 1545
1543 155 0:0 1545
1544 12576 21:0 1545
1546 811 1:0 2466
1547 12585 21:0 1566
1548 163 0:0 1550
1551 835 1:0 2485
1556 12582 0:0 1558
1557 12588 0:0 1558
1566 12586 0:0 1579
1566 167 0:0 1585
1574 12594 0:0 1579
1574 12592 0:0 1579
1574 12593 0:0 1579
1580 839 1:0 2504
1581 12589 21:0 1585
1584 12600 0:0 1585
1584 187 0:0 1585
1584 12595 21:0 1585
1584 175 0:0 1585
1584 183 0:0 1585
1584 179 0:0 1585
1586 863 1:0 2525
1587 12604 21:0 1606
1588 191 0:0 1590
1591 867 1:0 2546
1596 12601 0:0 1598
1597 12607 0:0 1598
1605 203 21:0 1619
1606 12605 0:0 1619
1606 195 0:0 1625
1612 211 0:0 1614
1613 207 0:0 1614
1614 12612 0:0 1619
1614 12611 0:0 1619
1614 12613 0:0 1619
1615 891 1:0 2565
1619 12614 21:0 1625
1623 12608 0:0 1625
1623 215 0:0 1625
1624 12619 21:0 1625
1626 895 1:0 2586
1627 12623 21:0 1646
1628 219 0:0 1630
1631 9859 1:0 2595
1636 12620 0:0 1638
1637 12626 0:0 1638
1645 235 0:0 1654
1645 231 0:0 1654
1646 239 0:0 1654
1646 12624 0:0 1659
1646 223 0:0 1665
1647 12468 1:0 2597
1654 12630 21:0 1665
1658 12632 0:0 1659
1658 12631 0:0 1659
1660 12467 1:0 2604
1663 12633 0:0 1665
1663 243 0:0 1665
1664 12627 21:0 1665
1664 12638 21:0 1665
1666 7675 1:0 2608
1667 12642 21:0 1686
1668 247 0:0 1670
1676 12639 0:0 1678
1677 12645 0:0 1678
1685 259 21:0 1699
1686 12643 0:0 1699
1686 251 0:0 1705
1687 12449 1:0 2672
1692 267 0:0 1694
1693 263 0:0 1694
1694 12650 0:0 1699
1694 12651 0:0 1699
1694 12649 0:0 1699
1700 7507 1:0 2683
1702 12657 21:0 1705
1703 271 0:0 1705
1703 12652 0:0 1705
1704 12646 21:0 1705
1706 12448 1:0 2679
1707 12661 21:0 1726
1708 275 0:0 1710
1711 12430 1:0 2747
1716 12658 0:0 1718
1717 12664 0:0 1718
1725 291 0:0 1734
1725 287 0:0 1734
1726 295 0:0 1734
1726 12662 0:0 1739
1726 279 0:0 1745
1734 12668 21:0 1745
1735 8179 1:0 2758
1738 12669 0:0 1739
1738 12670 0:0 1739
1743 299 0:0 1745
1743 12665 0:0 1745
1744 12676 21:0 1745
1744 12671 21:0 1745
1746 12429 1:0 2754
1746 12410 1:0 2822
1747 12680 21:0 1766
1748 303 0:0 1750
1756 12677 0:0 1758
1757 12683 0:0 1758
1765 319 0:0 1774
1765 315 0:0 1774
1766 323 0:0 1774
1766 12681 0:0 1779
1766 307 0:0 1785
1767 12411 1:0 2822
1774 12688 21:0 1785
1778 12687 0:0 1779
1778 12689 0:0 1779
1780 8348 1:0 2833
1783 327 0:0 1785
1784 12695 0:0 1785
1784 12690 21:0 1785
1784 12684 21:0 1785
1786 12391 1:0 2897
1787 12699 21:0 1806
1788 331 0:0 1790
1791 12392 1:0 2897
1796 12696 0:0 1798
1797 12702 0:0 1798
1805 343 21:0 1819
1806 12700 0:0 1819
1806 335 0:0 1825
1812 351 0:0 1814
1814 12708 0:0 1819
1814 12706 0:0 1819
1814 12707 0:0 1819
1820 8516 1:0 2908
1822 12714 21:0 1825
1823 12703 0:0 1825
1824 12709 21:0 1825
1826 12372 1:0 2972
1827 12718 21:0 1846
1828 359 0:0 1830
1831 12373 1:0 2972
1836 12715 0:0 1838
1837 12721 0:0 1838
1846 12719 0:0 1859
1846 363 0:0 1865
1854 12726 21:0 1865
1858 12727 0:0 1859
1858 12725 0:0 1859
1863 12728 0:0 1865
1864 12733 21:0 1865
1864 12722 21:0 1865
1866 8683 1:0 2983
1867 12737 21:0 1886
1868 387 0:0 1870
1871 8852 1:0 3058
1876 12734 0:0 1878
1877 12740 0:0 1878
1886 12738 0:0 1899
1886 391 0:0 1905
1894 12744 0:0 1899
1894 12745 0:0 1899
1894 12746 0:0 1899
1899 12747 21:0 1905
1904 12752 0:0 1905
1904 12741 21:0 1905
1906 9020 1:0 3133
1907 12756 21:0 1926
1908 415 0:0 1910
1911 7844 1:0 3208
1916 12753 0:0 1918
1917 12759 0:0 1918
1926 12757 0:0 1939
1926 419 0:0 1945
1927 12292 1:0 3291
1927 12287 1:0 3295
1934 12765 0:0 1939
1934 12764 0:0 1939
1934 12763 0:0 1939
1942 12771 21:0 1945
1943 12760 0:0 1945
1944 12766 21:0 1945
1946 7340 1:0 3283
1947 12775 21:0 1966
1948 443 0:0 1950
1951 12286 1:0 3298
1951 12284 1:0 3298
1951 12281 1:0 3313
1956 12772 0:0 1958
1957 12778 0:0 1958
1966 12776 0:0 1979
1966 447 0:0 1985
1967 12285 1:0 3298
1967 12274 1:0 3358
1974 12782 0:0 1979
1974 12783 0:0 1979
1974 12784 0:0 1979
1981 12779 21:0 1985
1984 12785 21:0 1985
1984 12790 0:0 1985
1986 6500 1:0 3358
1987 12794 21:0 2006
1988 471 0:0 1990
1991 12273 1:0 3366
1991 12268 1:0 3371
1991 12266 1:0 3373
1996 12791 0:0 1998
1997 12797 0:0 1998
2006 12795 0:0 2019
2006 475 0:0 2025
2007 12267 1:0 3373
2007 12265 1:0 3373
2014 12802 21:0 2025
2018 12803 0:0 2019
2018 12801 0:0 2019
2023 12804 0:0 2025
2024 12798 21:0 2025
2024 12809 21:0 2025
2027 12813 21:0 2046
2028 499 0:0 2030
2036 12810 0:0 2038
2037 12816 0:0 2038
2046 12814 0:0 2059
2046 503 0:0 2065
2054 12822 0:0 2059
2054 12821 0:0 2059
2054 12820 0:0 2059
2061 12817 21:0 2065
2064 12828 0:0 2065
2064 12823 21:0 2065
2067 12832 21:0 2086
2068 527 0:0 2070
2076 12829 0:0 2078
2077 12835 0:0 2078
2086 12833 0:0 2099
2086 531 0:0 2105
2094 12841 0:0 2099
2094 12839 0:0 2099
2094 12840 0:0 2099
2102 12847 21:0 2105
2103 12836 0:0 2105
2104 12842 21:0 2105
2107 12851 21:0 2126
2108 555 0:0 2110
2116 12848 0:0 2118
2117 12854 0:0 2118
2126 12852 0:0 2139
2126 559 0:0 2145
2134 12859 0:0 2139
2134 12858 0:0 2139
2134 12860 0:0 2139
2142 12866 21:0 2145
2143 12861 0:0 2145
2144 12855 21:0 2145
2147 12870 21:0 2166
2148 583 0:0 2150
2156 12867 0:0 2158
2157 12873 0:0 2158
2166 12871 0:0 2179
2166 587 0:0 2185
2174 12877 0:0 2179
2174 12878 0:0 2179
2174 12879 0:0 2179
2182 12885 21:0 2185
2183 12874 0:0 2185
2184 12880 21:0 2185
2187 12889 21:0 2206
2188 611 0:0 2190
2196 12886 0:0 2198
2197 12892 0:0 2198
2205 615 0:0 2219
2206 12890 0:0 2219
2214 12898 21:0 2225
2218 12896 0:0 2219
2218 12897 0:0 2219
2220 615 1:0 3335
2220 12280 1:0 3337
2220 12278 1:0 3347
2220 12277 1:0 3347
2220 611 1:0 3356
2224 12899 21:0 2225
2224 12904 0:0 2225
2224 12893 21:0 2225
2227 12908 21:0 2246
2228 639 0:0 2230
2236 12905 0:0 2238
2237 12911 0:0 2238
2245 643 0:0 2259
2246 12909 0:0 2259
2254 12916 21:0 2265
2258 12917 0:0 2259
2258 12915 0:0 2259
2260 643 1:0 3260
2260 12299 1:0 3260
2260 12296 1:0 3272
2260 12297 1:0 3272
2260 639 1:0 3281
2263 12918 0:0 2265
2264 12912 21:0 2265
2264 12923 21:0 2265
2267 12927 21:0 2286
2268 667 0:0 2270
2276 12924 0:0 2278
2277 12930 0:0 2278
2285 671 0:0 2299
2286 12928 0:0 2299
2294 12936 0:0 2299
2294 12934 0:0 2299
2294 12935 0:0 2299
2301 12931 21:0 2305
2304 12942 0:0 2305
2304 12937 21:0 2305
2307 12946 21:0 2326
2308 695 0:0 2310
2311 695 1:0 3131
2311 671 1:0 3185
2311 12316 1:0 3197
2311 12315 1:0 3197
2311 667 1:0 3206
2316 12943 0:0 2318
2317 12949 0:0 2318
2325 699 0:0 2339
2326 12947 0:0 2339
2334 12955 0:0 2339
2334 12953 0:0 2339
2334 12954 0:0 2339
2340 699 1:0 3110
2340 12335 1:0 3122
2340 12334 1:0 3122
2341 12950 21:0 2345
2344 12956 21:0 2345
2344 12961 0:0 2345
2347 12965 21:0 2366
2348 723 0:0 2350
2356 12962 0:0 2358
2357 12968 0:0 2358
2366 12966 0:0 2379
2374 12974 21:0 2385
2378 12972 0:0 2379
2378 12973 0:0 2379
2383 727 0:0 2385
2383 12975 0:0 2385
2384 12980 21:0 2385
2384 12969 21:0 2385
2386 727 1:0 2995
2386 12353 1:0 3047
2386 12354 1:0 3047
2386 723 1:0 3056
2387 12984 21:0 2406
2388 751 0:0 2390
2391 751 1:0 2981
2396 12981 0:0 2398
2397 12987 0:0 2398
2406 12985 0:0 2419
2414 12992 21:0 2425
2418 12993 0:0 2419
2418 12991 0:0 2419
2423 12988 0:0 2425
2424 12999 21:0 2425
2424 12994 21:0 2425
2427 13003 21:0 2446
2436 13000 0:0 2438
2437 13006 0:0 2438
2446 13004 0:0 2459
2454 13011 21:0 2465
2458 13012 0:0 2459
2458 13010 0:0 2459
2463 13007 0:0 2465
2464 13013 21:0 2465
2464 13018 21:0 2465
2467 13022 21:0 2486
2476 13019 0:0 2478
2477 13025 0:0 2478
2486 13023 0:0 2499
2494 13029 21:0 2505
2498 13031 0:0 2499
2498 13030 0:0 2499
2503 13032 0:0 2505
2504 13026 21:0 2505
2504 13037 21:0 2505
2507 13041 21:0 2526
2516 13038 0:0 2518
2517 13044 0:0 2518
2526 13042 0:0 2539
2534 13049 21:0 2545
2538 13050 0:0 2539
2538 13048 0:0 2539
2544 13056 0:0 2545
2544 13045 21:0 2545
2544 13051 21:0 2545
2547 13060 21:0 2566
2556 13057 0:0 2558
2557 13063 0:0 2558
2566 13061 0:0 2579
2574 13069 0:0 2579
2574 13067 0:0 2579
2574 13068 0:0 2579
2579 13070 21:0 2585
2583 13064 0:0 2585
2584 13075 21:0 2585
2587 13079 21:0 2598
2596 13076 0:0 2598
2597 13082 0:0 2598
2597 13080 21:0 2609
2598 895 0:0 2600
2599 12262 1:0 3389
2601 587 1:0 3420
2607 12261 1:0 3418
2607 12259 1:0 3423
2608 13089 21:0 2611
2609 891 0:0 2611
2612 12258 1:0 3429
2612 583 1:0 3431
2612 12255 1:0 3433
2612 12254 1:0 3441
2612 12249 1:0 3446
2614 12247 1:0 3448
2614 12243 1:0 3464
2616 13093 21:0 2663
2618 12246 1:0 3448
2618 12248 1:0 3448
2621 887 0:0 2623
2638 13099 0:0 2639
2639 883 0:0 2641
2648 13105 0:0 2650
2650 879 0:0 2652
2653 12242 1:0 3493
2653 559 1:0 3495
2659 13109 0:0 2661
2662 875 21:0 2673
2672 13112 21:0 2673
2673 867 0:0 2675
2676 12240 1:0 3498
2676 12239 1:0 3504
2680 13117 21:0 2686
2684 863 0:0 2686
2687 555 1:0 3506
2687 12236 1:0 3508
2687 12235 1:0 3516
2687 12230 1:0 3521
2687 12229 1:0 3523
2687 12227 1:0 3523
2687 12228 1:0 3523
2687 12224 1:0 3539
2691 13121 21:0 2738
2693 531 1:0 3570
2696 859 0:0 2698
2706 12223 1:0 3568
2713 13127 0:0 2714
2714 855 0:0 2716
2723 13133 0:0 2725
2725 851 0:0 2727
2728 12220 1:0 3579
2734 13137 0:0 2736
2736 847 0:0 2738
2739 12221 1:0 3573
2743 13140 21:0 2748
2748 839 0:0 2750
2751 527 1:0 3581
2755 13145 21:0 2761
2757 12217 1:0 3583
2757 12216 1:0 3591
2759 835 0:0 2761
2762 12211 1:0 3596
2762 12208 1:0 3604
2762 12210 1:0 3604
2762 12209 1:0 3604
2762 12205 1:0 3614
2762 12204 1:0 3643
2762 503 1:0 3645
2766 13149 21:0 2813
2768 12201 1:0 3654
2771 831 0:0 2773
2788 13155 0:0 2789
2789 827 0:0 2791
2798 13161 0:0 2800
2798 12202 1:0 3648
2800 823 0:0 2802
2809 13165 0:0 2811
2812 819 21:0 2823
2814 499 1:0 3656
2822 13168 21:0 2823
2823 811 0:0 2825
2826 12198 1:0 3658
2826 12197 1:0 3666
2826 12192 1:0 3671
2826 12191 1:0 3673
2826 12190 1:0 3673
2830 13173 21:0 2836
2832 12189 1:0 3673
2832 12186 1:0 3689
2834 807 0:0 2836
2837 12185 1:0 3718
2837 475 1:0 3720
2837 12182 1:0 3729
2841 13177 21:0 2888
2843 12183 1:0 3723
2846 803 0:0 2848
2863 13183 0:0 2864
2864 799 0:0 2866
2873 13189 0:0 2875
2873 471 1:0 3731
2875 795 0:0 2877
2878 12179 1:0 3733
2878 12178 1:0 3741
2880 12173 1:0 3746
2884 13193 0:0 2886
2886 791 0:0 2888
2889 12172 1:0 3748
2889 12171 1:0 3748
2893 13196 21:0 2898
2898 783 0:0 2900
2901 12170 1:0 3748
2901 12167 1:0 3764
2905 13201 21:0 2911
2907 447 1:0 3795
2909 779 0:0 2911
2912 12166 1:0 3793
2912 12164 1:0 3798
2912 12163 1:0 3804
2916 13205 21:0 2963
2918 443 1:0 3806
2918 12160 1:0 3808
2921 775 0:0 2923
2931 12159 1:0 3816
2931 12154 1:0 3821
2938 13211 0:0 2939
2939 771 0:0 2941
2942 12151 1:0 3823
2948 13217 0:0 2950
2948 12148 1:0 3839
2950 767 0:0 2952
2953 12153 1:0 3823
2953 12152 1:0 3823
2959 13221 0:0 2961
2962 763 21:0 2973
2972 13224 21:0 2973
2973 755 0:0 2975
2976 12147 1:0 3868
2976 419 1:0 3870
2980 13229 21:0 2986
2982 12145 1:0 3873
2984 751 0:0 2986
2987 12144 1:0 3879
2987 415 1:0 3881
2987 12141 1:0 3883
2987 12135 1:0 3896
2989 12140 1:0 3891
2989 12133 1:0 3898
2991 13233 21:0 3038
2993 12132 1:0 3898
2993 12129 1:0 3914
2996 747 0:0 2998
3006 12134 1:0 3898
3013 13239 0:0 3014
3014 743 0:0 3016
3023 13245 0:0 3025
3025 739 0:0 3027
3028 391 1:0 3945
3030 12128 1:0 3943
3034 13249 0:0 3036
3036 735 0:0 3038
3043 13252 21:0 3048
3048 727 0:0 3050
3051 12126 1:0 3948
3055 13257 21:0 3061
3057 12125 1:0 3954
3059 723 0:0 3061
3062 387 1:0 3956
3062 12122 1:0 3958
3062 12121 1:0 3966
3062 12116 1:0 3971
3062 12113 1:0 3973
3062 12114 1:0 3973
3062 12115 1:0 3973
3062 12110 1:0 3989
3066 13261 21:0 3113
3071 719 0:0 3073
3081 12109 1:0 4018
3081 363 1:0 4020
3088 13267 0:0 3089
3089 715 0:0 3091
3098 13273 0:0 3100
3111 707 0:0 3113
3112 711 0:0 3113
3112 13277 21:0 3123
3114 12106 1:0 4029
3122 13280 21:0 3123
3123 699 0:0 3125
3126 12107 1:0 4023
3130 13285 21:0 3136
3132 359 1:0 4031
3132 12103 1:0 4033
3134 695 0:0 3136
3137 12102 1:0 4041
3137 12097 1:0 4046
3137 351 1:0 4047
3137 12096 1:0 4048
3137 12095 1:0 4048
3137 12094 1:0 4048
3137 12091 1:0 4064
3137 343 1:0 4083
3139 335 1:0 4095
3141 13289 21:0 3188
3143 12090 1:0 4093
3146 691 0:0 3148
3163 13295 0:0 3164
3164 687 0:0 3166
3167 12088 1:0 4098
3173 13301 0:0 3175
3186 679 0:0 3188
3187 683 0:0 3188
3187 13305 21:0 3198
3189 12087 1:0 4104
3197 13308 21:0 3198
3198 671 0:0 3200
3201 331 1:0 4106
3201 12084 1:0 4108
3201 12083 1:0 4116
3205 13313 21:0 3211
3207 12078 1:0 4121
3209 667 0:0 3211
3212 327 1:0 4118
3212 323 1:0 4122
3212 12076 1:0 4123
3212 12077 1:0 4123
3212 12075 1:0 4123
3212 12072 1:0 4139
3212 319 1:0 4147
3212 315 1:0 4158
3214 307 1:0 4170
3216 13317 21:0 3263
3218 12071 1:0 4168
3221 663 0:0 3223
3238 13323 0:0 3239
3239 659 0:0 3241
3242 12069 1:0 4173
3248 13329 0:0 3250
3261 651 0:0 3263
3262 655 0:0 3263
3262 13333 21:0 3273
3264 12068 1:0 4179
3272 13336 21:0 3273
3273 643 0:0 3275
3276 303 1:0 4181
3276 12065 1:0 4183
3276 12059 1:0 4196
3280 13341 21:0 3286
3282 299 1:0 4193
3284 639 0:0 3286
3287 12064 1:0 4191
3287 295 1:0 4197
3287 12058 1:0 4198
3287 12056 1:0 4198
3287 12057 1:0 4198
3287 12053 1:0 4214
3287 291 1:0 4222
3287 287 1:0 4233
3289 279 1:0 4245
3291 13345 21:0 3338
3293 12052 1:0 4243
3296 635 0:0 3298
3313 13351 0:0 3314
3314 631 0:0 3316
3317 12050 1:0 4248
3323 13357 0:0 3325
3336 623 0:0 3338
3337 627 0:0 3338
3337 13361 21:0 3348
3339 12049 1:0 4254
3347 13364 21:0 3348
3348 615 0:0 3350
3351 275 1:0 4256
3351 12046 1:0 4258
3355 13369 21:0 3361
3357 12045 1:0 4266
3357 271 1:0 4268
3359 611 0:0 3361
3362 12040 1:0 4271
3362 267 1:0 4272
3362 12037 1:0 4273
3362 12038 1:0 4273
3362 12039 1:0 4273
3362 12034 1:0 4289
3362 263 1:0 4297
3362 259 1:0 4308
3364 251 1:0 4320
3366 13373 21:0 3413
3381 12033 1:0 4318
3388 13379 0:0 3389
3388 607 0:0 3389
3389 603 0:0 3391
3392 12031 1:0 4323
3398 13385 0:0 3400
3400 599 0:0 3402
3414 12030 1:0 4329
3422 13392 21:0 3423
3422 13389 0:0 3423
3422 595 0:0 3423
3423 587 0:0 3425
3426 247 1:0 4331
3426 12027 1:0 4333
3430 13397 21:0 3436
3432 12026 1:0 4341
3432 243 1:0 4343
3434 583 0:0 3436
3437 12021 1:0 4346
3437 239 1:0 4347
3437 12020 1:0 4348
3437 12018 1:0 4348
3437 12019 1:0 4348
3437 12015 1:0 4364
3437 235 1:0 4372
3437 231 1:0 4383
3439 223 1:0 4395
3441 13401 21:0 3488
3456 12014 1:0 4393
3463 579 0:0 3464
3463 13407 0:0 3464
3464 575 0:0 3466
3467 12012 1:0 4398
3473 13413 0:0 3475
3475 571 0:0 3477
3489 12011 1:0 4404
3497 567 0:0 3498
3497 13417 0:0 3498
3498 559 0:0 3500
3501 219 1:0 4406
3505 13425 21:0 3511
3507 12008 1:0 4408
3507 12007 1:0 4416
3509 555 0:0 3511
3512 215 1:0 4418
3512 12002 1:0 4421
3512 211 1:0 4422
3512 11999 1:0 4423
3512 12001 1:0 4423
3512 12000 1:0 4423
3512 11996 1:0 4439
3512 207 1:0 4447
3512 203 1:0 4458
3516 13429 21:0 3563
3531 11995 1:0 4468
3531 195 1:0 4470
3538 13435 0:0 3539
3548 13441 0:0 3550
3572 13445 0:0 3573
3573 531 0:0 3575
3576 11993 1:0 4473
3580 13453 21:0 3586
3582 11992 1:0 4479
3584 527 0:0 3586
3587 191 1:0 4481
3587 11989 1:0 4484
3587 11988 1:0 4491
3587 187 1:0 4493
3587 11983 1:0 4496
3587 183 1:0 4497
3587 11980 1:0 4498
3587 11981 1:0 4498
3589 11982 1:0 4498
3589 11977 1:0 4514
3591 13457 21:0 3638
3606 179 1:0 4522
3606 175 1:0 4533
3613 13463 0:0 3614
3623 13469 0:0 3625
3647 13473 0:0 3648
3648 503 0:0 3650
3651 11976 1:0 4543
3651 167 1:0 4545
3655 13481 21:0 3661
3659 499 0:0 3661
3662 11974 1:0 4548
3662 11973 1:0 4554
3662 163 1:0 4556
3662 11970 1:0 4559
3664 11969 1:0 4566
3664 159 1:0 4568
3666 13485 21:0 3713
3681 11964 1:0 4571
3681 11961 1:0 4573
3688 13491 0:0 3689
3698 13497 0:0 3700
3698 11962 1:0 4573
3714 11958 1:0 4589
3722 13501 0:0 3723
3723 475 0:0 3725
3726 155 1:0 4572
3726 11963 1:0 4573
3726 151 1:0 4597
3726 147 1:0 4608
3730 13509 21:0 3736
3734 471 0:0 3736
3737 11957 1:0 4618
3737 139 1:0 4620
3737 11955 1:0 4623
3737 11954 1:0 4629
3741 13513 21:0 3788
3763 13519 0:0 3764
3773 13525 0:0 3775
3773 135 1:0 4631
3789 11951 1:0 4634
3797 13529 0:0 3798
3798 447 0:0 3800
3801 11950 1:0 4641
3801 131 1:0 4643
3801 11945 1:0 4646
3801 127 1:0 4647
3801 11939 1:0 4664
3805 13537 21:0 3811
3807 11944 1:0 4648
3807 11943 1:0 4648
3809 443 0:0 3811
3812 11942 1:0 4648
3812 123 1:0 4672
3812 119 1:0 4683
3812 11938 1:0 4693
3812 111 1:0 4695
3816 13541 21:0 3863
3818 11936 1:0 4698
3838 13547 0:0 3839
3848 13553 0:0 3850
3864 11935 1:0 4704
3872 13557 0:0 3873
3873 419 0:0 3875
3876 107 1:0 4706
3880 13565 21:0 3886
3882 11932 1:0 4709
3882 103 1:0 4718
3884 415 0:0 3886
3887 11931 1:0 4716
3887 11926 1:0 4721
3887 99 1:0 4722
3887 11924 1:0 4723
3887 11925 1:0 4723
3887 11923 1:0 4723
3887 11920 1:0 4739
3887 95 1:0 4747
3887 91 1:0 4758
3891 13569 21:0 3938
3906 11919 1:0 4768
3906 83 1:0 4770
3913 13575 0:0 3914
3923 13581 0:0 3925
3947 13585 0:0 3948
3948 391 0:0 3950
3951 11916 1:0 4779
3955 13593 21:0 3961
3957 11917 1:0 4773
3959 387 0:0 3961
3962 79 1:0 4781
3962 11913 1:0 4784
3962 11912 1:0 4791
3962 75 1:0 4793
3962 11907 1:0 4796
3962 71 1:0 4797
3962 11905 1:0 4798
3964 11906 1:0 4798
3964 11904 1:0 4798
3966 13597 21:0 4013
3968 11901 1:0 4814
3981 67 1:0 4822
3981 63 1:0 4833
3988 13603 0:0 3989
3998 13609 0:0 4000
4022 13613 0:0 4023
4023 363 0:0 4025
4026 11900 1:0 4843
4026 55 1:0 4845
4030 13621 21:0 4036
4034 359 0:0 4036
4037 11898 1:0 4848
4037 11897 1:0 4854
4037 51 1:0 4856
4037 11894 1:0 4859
4039 47 1:0 4868
4041 13625 21:0 4088
4043 11893 1:0 4866
4056 11888 1:0 4871
4056 11882 1:0 4889
4063 13631 0:0 4064
4073 13637 0:0 4075
4073 11886 1:0 4873
4089 11885 1:0 4873
4097 13641 0:0 4098
4098 335 0:0 4100
4101 43 1:0 4872
4101 11887 1:0 4873
4101 39 1:0 4897
4101 35 1:0 4908
4105 13649 21:0 4111
4109 331 0:0 4111
4112 11881 1:0 4918
4112 27 1:0 4920
4112 11878 1:0 4929
4114 11879 1:0 4923
4116 13653 21:0 4163
4138 13659 0:0 4139
4148 13665 0:0 4150
4148 23 1:0 4931
4164 11875 1:0 4934
4172 13669 0:0 4173
4173 307 0:0 4175
4176 8012 1:0 4946
4180 13677 21:0 4186
4182 11874 1:0 4941
4182 19 1:0 4943
4184 303 0:0 4186
4187 11869 1:0 4946
4187 15 1:0 4947
4187 11866 1:0 4954
4187 11868 1:0 4954
4187 11867 1:0 4954
4187 11865 1:0 4964
4187 11 1:0 4972
4187 7 1:0 4983
4187 3429 1:0 4993
4187 3 1:0 4995
4187 5 1:0 4998
4191 13681 21:0 4238
4213 13687 0:0 4214
4223 13693 0:0 4225
4247 13697 0:0 4248
4248 279 0:0 4250
4255 13705 21:0 4261
4259 275 0:0 4261
4266 13709 21:0 4313
4288 13715 0:0 4289
4298 13721 0:0 4300
4322 13725 0:0 4323
4323 251 0:0 4325
4330 13733 21:0 4336
4334 247 0:0 4336
4341 13737 21:0 4388
4363 13743 0:0 4364
4373 13749 0:0 4375
4397 13753 0:0 4398
4398 223 0:0 4400
4405 13761 21:0 4411
4409 219 0:0 4411
4416 13765 21:0 4463
4438 13771 0:0 4439
4448 13777 0:0 4450
4472 13781 0:0 4473
4473 195 0:0 4475
4480 13789 21:0 4486
4484 191 0:0 4486
4491 13793 21:0 4538
4513 13799 0:0 4514
4523 13805 0:0 4525
4547 13809 0:0 4548
4548 167 0:0 4550
4555 13817 21:0 4561
4559 163 0:0 4561
4566 13821 21:0 4613
4588 13827 0:0 4589
4598 13833 0:0 4600
4622 13837 0:0 4623
4623 139 0:0 4625
4626 139 1:0 5173
4626 167 1:0 5203
4626 163 1:0 5203
4626 191 1:0 5253
4626 195 1:0 5253
4626 219 1:0 5293
4626 223 1:0 5313
4626 247 1:0 5333
4626 251 1:0 5333
4626 275 1:0 5373
4626 279 1:0 5393
4626 303 1:0 5413
4626 307 1:0 5433
4626 331 1:0 5453
4626 335 1:0 5473
4626 359 1:0 5493
4626 363 1:0 5513
4626 387 1:0 5533
4626 391 1:0 5553
4626 415 1:0 5573
4626 419 1:0 5593
4626 443 1:0 5613
4626 447 1:0 5633
4626 471 1:0 5653
4626 475 1:0 5673
4626 499 1:0 5693
4626 503 1:0 5713
4630 13845 21:0 4636
4637 527 1:0 5733
4637 13364 1:0 5755
4637 13392 1:0 5755
4641 13849 21:0 4688
4656 531 1:0 5753
4656 13361 1:0 5763
4663 13855 0:0 4664
4673 13861 0:0 4675
4673 13336 1:0 5763
4689 13333 1:0 5772
4697 13865 0:0 4698
4705 13873 21:0 4711
4712 555 1:0 5773
4712 13308 1:0 5795
4716 13877 21:0 4763
4731 559 1:0 5793
4731 13305 1:0 5795
4738 13883 0:0 4739
4748 13889 0:0 4750
4764 13280 1:0 5803
4772 13893 0:0 4773
4780 13901 21:0 4786
4782 567 1:0 5801
4782 571 1:0 5803
4787 13277 1:0 5803
4787 575 1:0 5809
4787 13252 1:0 5812
4791 13905 21:0 4838
4793 583 1:0 5813
4806 579 1:0 5812
4806 763 1:0 5835
4813 13911 0:0 4814
4823 13917 0:0 4825
4847 13921 0:0 4848
4855 13929 21:0 4861
4862 587 1:0 5833
4862 13224 1:0 5835
4862 595 1:0 5841
4862 13196 1:0 5843
4862 599 1:0 5843
4864 13168 1:0 5843
4866 13933 21:0 4913
4868 819 1:0 5852
4881 607 1:0 5852
4888 13939 0:0 4889
4898 13945 0:0 4900
4898 603 1:0 5849
4922 13949 0:0 4923
4930 13957 21:0 4936
4937 611 1:0 5853
4937 13140 1:0 5875
4937 13112 1:0 5875
4941 13961 21:0 4988
4943 615 1:0 5873
4956 875 1:0 5883
4963 13967 0:0 4964
4973 13973 0:0 4975
4973 627 1:0 5883
4980 623 1:0 5881
4984 13977 0:0 4986
4989 13075 1:0 5883
4989 635 1:0 5892
4989 13070 1:0 5892
4998 13983 21:0 5006
5004 3 0:0 5006
5005 3429 0:0 5006
5005 13980 0:0 5006
5005 5 21:0 5010
5009 7 21:0 5022
5012 11 0:0 5014
5020 15 0:0 5022
5022 13988 21:0 5033
5026 13990 0:0 5027
5026 13989 0:0 5027
5031 19 0:0 5033
5031 13991 0:0 5033
5032 13996 21:0 5033
5032 13987 21:0 5033
5035 14000 21:0 5054
5036 23 0:0 5038
5039 631 1:0 5889
5039 639 1:0 5893
5044 13997 0:0 5046
5045 14003 0:0 5046
5047 13051 1:0 5915
5048 35 0:0 5050
5052 39 0:0 5054
5054 43 0:0 5062
5054 14001 0:0 5067
5054 27 0:0 5073
5055 13045 1:0 5915
5062 14008 21:0 5073
5066 14007 0:0 5067
5066 14009 0:0 5067
5068 643 1:0 5913
5071 47 0:0 5073
5072 14015 0:0 5073
5072 14004 21:0 5073
5072 14010 21:0 5073
5074 651 1:0 5921
5074 655 1:0 5923
5074 13049 1:0 5923
5074 13026 1:0 5923
5074 13037 1:0 5932
5075 14019 21:0 5094
5076 51 0:0 5078
5079 659 1:0 5929
5084 14016 0:0 5086
5085 14022 0:0 5086
5088 63 0:0 5090
5092 67 0:0 5094
5094 71 0:0 5102
5094 14020 0:0 5107
5094 55 0:0 5113
5095 663 1:0 5932
5095 667 1:0 5933
5095 13029 1:0 5955
5102 14028 21:0 5113
5106 14027 0:0 5107
5106 14026 0:0 5107
5108 13018 1:0 5955
5111 75 0:0 5113
5111 14029 0:0 5113
5112 14034 21:0 5113
5112 14023 21:0 5113
5114 671 1:0 5953
5115 14038 21:0 5134
5116 79 0:0 5118
5119 683 1:0 5963
5119 13013 1:0 5963
5119 13011 1:0 5963
5124 14035 0:0 5126
5125 14041 0:0 5126
5127 679 1:0 5961
5128 91 0:0 5130
5132 95 0:0 5134
5134 99 0:0 5142
5134 14039 0:0 5147
5134 83 0:0 5153
5135 687 1:0 5969
5135 691 1:0 5972
5135 12994 1:0 5972
5142 14045 21:0 5153
5146 14046 0:0 5147
5146 14047 0:0 5147
5151 103 0:0 5153
5152 14048 21:0 5153
5152 14053 0:0 5153
5152 14042 21:0 5153
5154 695 1:0 5973
5154 12999 1:0 5995
5155 14057 21:0 5174
5156 107 0:0 5158
5164 14054 0:0 5166
5165 14060 0:0 5166
5174 127 0:0 5182
5174 14058 0:0 5187
5174 111 0:0 5193
5175 699 1:0 5993
5175 12992 1:0 5995
5175 12980 1:0 6003
5182 14066 0:0 5187
5182 14065 0:0 5187
5182 14064 0:0 5187
5188 711 1:0 6003
5188 12969 1:0 6003
5189 14061 21:0 5193
5192 14072 0:0 5193
5192 131 0:0 5193
5192 14067 21:0 5193
5194 707 1:0 6001
5194 12974 1:0 6013
5195 14076 21:0 5214
5196 135 0:0 5198
5199 723 1:0 6013
5204 14073 0:0 5206
5205 14079 0:0 5206
5207 715 1:0 6009
5208 147 0:0 5210
5212 151 0:0 5214
5214 155 0:0 5222
5214 14077 0:0 5227
5214 139 0:0 5233
5215 719 1:0 6013
5215 12950 1:0 6036
5215 12956 1:0 6036
5222 14083 21:0 5233
5226 14085 0:0 5227
5226 14084 0:0 5227
5231 159 0:0 5233
5232 14086 21:0 5233
5232 14080 21:0 5233
5232 14091 0:0 5233
5234 727 1:0 6033
5234 735 1:0 6041
5234 739 1:0 6043
5235 14095 21:0 5254
5236 163 0:0 5238
5239 12937 1:0 6043
5239 12931 1:0 6043
5239 12923 1:0 6053
5244 14092 0:0 5246
5245 14098 0:0 5246
5254 14096 0:0 5267
5254 167 0:0 5273
5255 743 1:0 6049
5262 14103 0:0 5267
5262 14104 0:0 5267
5262 14102 0:0 5267
5270 14110 21:0 5273
5271 175 0:0 5273
5271 14105 0:0 5273
5271 179 0:0 5273
5271 183 0:0 5273
5271 187 0:0 5273
5272 14099 21:0 5273
5274 751 1:0 6053
5274 747 1:0 6053
5274 755 1:0 6073
5275 14114 21:0 5294
5276 191 0:0 5278
5279 12916 1:0 6076
5279 12912 1:0 6076
5284 14111 0:0 5286
5285 14117 0:0 5286
5293 203 0:0 5302
5293 207 0:0 5302
5294 211 0:0 5302
5294 14115 0:0 5307
5294 195 0:0 5313
5295 12899 1:0 6083
5295 12893 1:0 6083
5295 767 1:0 6083
5302 14122 21:0 5313
5306 14121 0:0 5307
5306 14123 0:0 5307
5311 215 0:0 5313
5311 14118 0:0 5313
5312 14124 21:0 5313
5312 14129 21:0 5313
5314 771 1:0 6089
5314 779 1:0 6093
5314 12898 1:0 6093
5314 775 1:0 6093
5314 12880 1:0 6116
5315 14133 21:0 5334
5316 219 0:0 5318
5319 12885 1:0 6116
5324 14130 0:0 5326
5325 14136 0:0 5326
5334 14134 0:0 5347
5334 223 0:0 5353
5342 14142 0:0 5347
5342 14140 0:0 5347
5342 14141 0:0 5347
5348 783 1:0 6113
5348 795 1:0 6123
5350 14148 21:0 5353
5351 243 0:0 5353
5351 239 0:0 5353
5351 231 0:0 5353
5351 235 0:0 5353
5351 14143 0:0 5353
5352 14137 21:0 5353
5354 791 1:0 6121
5354 12866 1:0 6123
5354 12855 1:0 6123
5354 799 1:0 6129
5354 12842 1:0 6133
5355 14152 21:0 5374
5356 247 0:0 5358
5359 807 1:0 6133
5364 14149 0:0 5366
5365 14155 0:0 5366
5374 267 0:0 5382
5374 14153 0:0 5387
5374 251 0:0 5393
5375 803 1:0 6133
5382 14160 0:0 5387
5382 14161 0:0 5387
5382 14159 0:0 5387
5389 14156 21:0 5393
5392 14162 0:0 5393
5392 271 0:0 5393
5392 14167 21:0 5393
5394 811 1:0 6153
5394 12823 1:0 6156
5394 12847 1:0 6156
5394 12798 1:0 6168
5395 14171 21:0 5414
5396 275 0:0 5398
5399 823 1:0 6163
5399 12817 1:0 6163
5399 12809 1:0 6173
5404 14168 0:0 5406
5405 14174 0:0 5406
5413 287 0:0 5422
5413 291 0:0 5422
5414 295 0:0 5422
5414 14172 0:0 5427
5414 279 0:0 5433
5415 827 1:0 6169
5422 14180 21:0 5433
5423 835 1:0 6173
5426 14179 0:0 5427
5426 14178 0:0 5427
5431 299 0:0 5433
5431 14175 0:0 5433
5432 14181 21:0 5433
5432 14186 21:0 5433
5434 831 1:0 6173
5434 12785 1:0 6196
5435 14190 21:0 5454
5436 303 0:0 5438
5439 839 1:0 6193
5439 12802 1:0 6196
5444 14187 0:0 5446
5445 14193 0:0 5446
5454 323 0:0 5462
5454 14191 0:0 5467
5454 307 0:0 5473
5455 851 1:0 6197
5455 847 1:0 6197
5455 12771 1:0 6208
5462 14197 0:0 5467
5462 14198 0:0 5467
5462 14199 0:0 5467
5467 14200 21:0 5473
5468 12766 1:0 6208
5468 12779 1:0 6208
5471 327 0:0 5473
5472 14205 0:0 5473
5472 14194 21:0 5473
5474 12741 1:0 6213
5475 14209 21:0 5494
5476 331 0:0 5478
5479 855 1:0 6209
5479 863 1:0 6213
5484 14206 0:0 5486
5485 14212 0:0 5486
5494 351 0:0 5502
5494 14210 0:0 5507
5494 335 0:0 5513
5495 859 1:0 6213
5502 14218 0:0 5507
5502 14217 0:0 5507
5502 14216 0:0 5507
5510 14224 21:0 5513
5511 14213 0:0 5513
5512 14219 21:0 5513
5514 867 1:0 6233
5515 14228 21:0 5534
5516 359 0:0 5518
5519 13089 1:0 6253
5524 14225 0:0 5526
5525 14231 0:0 5526
5534 14229 0:0 5547
5534 363 0:0 5553
5535 879 1:0 6243
5535 12747 1:0 6253
5542 14237 0:0 5547
5542 14236 0:0 5547
5542 14235 0:0 5547
5548 883 1:0 6249
5549 14232 21:0 5553
5552 14238 0:0 5553
5552 14243 21:0 5553
5555 14247 21:0 5574
5556 387 0:0 5558
5559 891 1:0 6253
5559 887 1:0 6253
5564 14244 0:0 5566
5565 14250 0:0 5566
5574 14248 0:0 5587
5574 391 0:0 5593
5582 14255 0:0 5587
5582 14256 0:0 5587
5582 14254 0:0 5587
5588 895 1:0 6273
5590 14262 21:0 5593
5591 14257 0:0 5593
5592 14251 21:0 5593
5595 14266 21:0 5614
5596 415 0:0 5598
5599 13082 1:0 6281
5599 12722 1:0 6285
5599 13080 1:0 6285
5604 14263 0:0 5606
5605 14269 0:0 5606
5614 14267 0:0 5627
5614 419 0:0 5633
5622 14275 21:0 5633
5626 14274 0:0 5627
5626 14273 0:0 5627
5632 14270 21:0 5633
5632 14276 21:0 5633
5632 14281 0:0 5633
5634 13079 1:0 6295
5634 12733 1:0 6298
5635 14285 21:0 5654
5636 443 0:0 5638
5639 13093 1:0 6306
5644 14282 0:0 5646
5645 14288 0:0 5646
5653 447 0:0 5667
5654 14286 0:0 5667
5655 13076 1:0 6299
5662 14293 0:0 5667
5662 14292 0:0 5667
5662 14294 0:0 5667
5668 13068 1:0 6317
5668 13117 1:0 6374
5670 14300 21:0 5673
5671 14289 0:0 5673
5672 14295 21:0 5673
5675 14304 21:0 5694
5676 471 0:0 5678
5679 13067 1:0 6317
5679 13069 1:0 6317
5684 14301 0:0 5686
5685 14307 0:0 5686
5693 475 0:0 5707
5694 14305 0:0 5707
5695 13099 1:0 6317
5695 13064 1:0 6334
5702 14313 21:0 5713
5706 14312 0:0 5707
5706 14311 0:0 5707
5708 13105 1:0 6337
5708 13109 1:0 6350
5708 13063 1:0 6370
5712 14319 0:0 5713
5712 14314 21:0 5713
5712 14308 21:0 5713
5715 14323 21:0 5734
5716 499 0:0 5718
5719 13061 1:0 6376
5724 14320 0:0 5726
5725 14326 0:0 5726
5733 503 0:0 5747
5734 14324 0:0 5747
5742 14330 21:0 5753
5746 14332 0:0 5747
5746 14331 0:0 5747
5748 13060 1:0 6384
5748 12726 1:0 6387
5751 14333 0:0 5753
5752 14338 21:0 5753
5752 14327 21:0 5753
5755 14342 21:0 5774
5756 527 0:0 5758
5759 13057 1:0 6388
5759 13121 1:0 6395
5764 14339 0:0 5766
5765 14345 0:0 5766
5773 531 0:0 5787
5774 14343 0:0 5787
5775 13056 1:0 6398
5782 14351 0:0 5787
5782 14349 0:0 5787
5782 14350 0:0 5787
5787 14352 21:0 5793
5788 13048 1:0 6406
5788 13145 1:0 6463
5791 14346 0:0 5793
5792 14357 21:0 5793
5795 14361 21:0 5814
5796 555 0:0 5798
5799 13127 1:0 6406
5799 13050 1:0 6406
5804 14358 0:0 5806
5805 14364 0:0 5806
5813 559 0:0 5827
5814 14362 0:0 5827
5815 13133 1:0 6426
5815 13137 1:0 6439
5822 14369 0:0 5827
5822 14368 0:0 5827
5822 14370 0:0 5827
5827 14371 21:0 5833
5828 13044 1:0 6459
5828 13041 1:0 6473
5832 14376 0:0 5833
5832 14365 21:0 5833
5835 14380 21:0 5854
5836 583 0:0 5838
5844 14377 0:0 5846
5845 14383 0:0 5846
5853 587 0:0 5867
5854 14381 0:0 5867
5855 13042 1:0 6465
5855 12709 1:0 6476
5862 14389 21:0 5873
5866 14387 0:0 5867
5866 14388 0:0 5867
5868 13038 1:0 6477
5872 14395 0:0 5873
5872 14390 21:0 5873
5872 14384 21:0 5873
5875 14399 21:0 5894
5876 611 0:0 5878
5879 13149 1:0 6484
5879 13032 1:0 6493
5884 14396 0:0 5886
5885 14402 0:0 5886
5893 615 0:0 5907
5894 14400 0:0 5907
5902 14406 0:0 5907
5902 14407 0:0 5907
5902 14408 0:0 5907
5907 14409 21:0 5913
5908 13031 1:0 6495
5908 13030 1:0 6495
5908 13155 1:0 6495
5908 13173 1:0 6552
5911 14403 0:0 5913
5912 14414 21:0 5913
5915 14418 21:0 5934
5916 639 0:0 5918
5919 13161 1:0 6515
5919 13165 1:0 6528
5924 14415 0:0 5926
5925 14421 0:0 5926
5933 643 0:0 5947
5934 14419 0:0 5947
5935 13025 1:0 6548
5942 14425 21:0 5953
5946 14426 0:0 5947
5946 14427 0:0 5947
5948 13022 1:0 6562
5951 14422 0:0 5953
5952 14433 21:0 5953
5952 14428 21:0 5953
5955 14437 21:0 5974
5956 667 0:0 5958
5959 13023 1:0 6554
5959 12714 1:0 6565
5964 14434 0:0 5966
5965 14440 0:0 5966
5973 671 0:0 5987
5974 14438 0:0 5987
5982 14445 21:0 5993
5986 14444 0:0 5987
5986 14446 0:0 5987
5988 13019 1:0 6566
5988 13177 1:0 6573
5991 14441 0:0 5993
5992 14447 21:0 5993
5992 14452 21:0 5993
5995 14456 21:0 6014
5996 695 0:0 5998
6004 14453 0:0 6006
6005 14459 0:0 6006
6014 14457 0:0 6027
6015 13012 1:0 6584
6015 13201 1:0 6641
6022 14463 21:0 6033
6026 14464 0:0 6027
6026 14465 0:0 6027
6028 13183 1:0 6584
6031 14460 0:0 6033
6031 699 0:0 6033
6032 14471 21:0 6033
6032 14466 21:0 6033
6034 13010 1:0 6584
6034 13007 1:0 6602
6034 13189 1:0 6604
6034 13193 1:0 6617
6035 14475 21:0 6054
6036 723 0:0 6038
6039 13006 1:0 6637
6044 14472 0:0 6046
6045 14478 0:0 6046
6054 14476 0:0 6067
6055 13003 1:0 6651
6062 14482 21:0 6073
6066 14484 0:0 6067
6066 14483 0:0 6067
6072 14485 21:0 6073
6072 14479 21:0 6073
6072 14490 0:0 6073
6072 727 0:0 6073
6074 13004 1:0 6643
6074 12690 1:0 6654
6075 14494 21:0 6094
6076 751 0:0 6078
6084 14491 0:0 6086
6085 14497 0:0 6086
6094 14495 0:0 6107
6095 13205 1:0 6662
6102 14501 21:0 6113
6106 14503 0:0 6107
6106 14502 0:0 6107
6112 14498 21:0 6113
6112 14504 21:0 6113
6112 14509 0:0 6113
6112 755 0:0 6113
6115 14513 21:0 6134
6124 14510 0:0 6126
6125 14516 0:0 6126
6134 14514 0:0 6147
6142 14522 21:0 6153
6146 14521 0:0 6147
6146 14520 0:0 6147
6152 14528 0:0 6153
6152 14523 21:0 6153
6152 14517 21:0 6153
6155 14532 21:0 6174
6164 14529 0:0 6166
6165 14535 0:0 6166
6174 14533 0:0 6187
6182 14541 21:0 6193
6186 14539 0:0 6187
6186 14540 0:0 6187
6191 14536 0:0 6193
6192 14542 21:0 6193
6192 14547 21:0 6193
6195 14551 21:0 6214
6204 14548 0:0 6206
6205 14554 0:0 6206
6214 14552 0:0 6227
6226 14559 0:0 6227
6226 14558 0:0 6227
6226 14560 0:0 6227
6230 14566 21:0 6233
6231 14555 0:0 6233
6232 14561 21:0 6233
6235 14570 21:0 6254
6244 14567 0:0 6246
6245 14573 0:0 6246
6254 14571 0:0 6267
6266 14577 0:0 6267
6266 14579 0:0 6267
6266 14578 0:0 6267
6270 14585 21:0 6273
6271 14574 0:0 6273
6272 14580 21:0 6273
6275 14589 21:0 6287
6285 14592 0:0 6287
6286 14586 0:0 6287
6286 14590 21:0 6300
6287 895 0:0 6289
6288 13000 1:0 6655
6290 755 1:0 6670
6296 13229 1:0 6730
6298 12993 1:0 6673
6298 13211 1:0 6673
6298 12991 1:0 6673
6298 12988 1:0 6691
6298 13217 1:0 6693
6298 13221 1:0 6706
6299 13089 21:0 6302
6300 891 0:0 6302
6303 12987 1:0 6726
6303 12985 1:0 6732
6303 12984 1:0 6740
6305 751 1:0 6741
6305 12684 1:0 6743
6308 13093 21:0 6363
6309 12981 1:0 6744
6315 887 0:0 6317
6318 13233 1:0 6751
6333 13099 0:0 6335
6335 883 0:0 6337
6346 727 1:0 6759
6347 13105 0:0 6348
6348 879 0:0 6350
6360 13109 0:0 6361
6361 875 0:0 6363
6364 12975 1:0 6760
6364 12972 1:0 6762
6364 12973 1:0 6762
6364 13257 1:0 6819
6369 13112 21:0 6376
6376 867 0:0 6378
6379 13239 1:0 6762
6379 13245 1:0 6782
6379 13249 1:0 6795
6379 12968 1:0 6815
6379 12965 1:0 6829
6384 13117 21:0 6391
6389 863 0:0 6391
6392 12966 1:0 6821
6392 723 1:0 6830
6392 12688 1:0 6832
6392 12962 1:0 6833
6394 13261 1:0 6840
6394 12961 1:0 6843
6397 13121 21:0 6452
6400 699 1:0 6848
6404 859 0:0 6406
6422 13127 0:0 6424
6424 855 0:0 6426
6427 13285 1:0 6908
6429 12955 1:0 6851
6433 12953 1:0 6851
6435 12954 1:0 6851
6436 13133 0:0 6437
6437 851 0:0 6439
6440 13267 1:0 6851
6450 847 0:0 6452
6451 13137 21:0 6465
6453 13273 1:0 6871
6453 12949 1:0 6904
6464 13140 21:0 6465
6465 839 0:0 6467
6468 12947 1:0 6910
6468 12946 1:0 6918
6468 12671 1:0 6921
6473 13145 21:0 6480
6476 695 1:0 6919
6478 835 0:0 6480
6481 12943 1:0 6922
6481 13289 1:0 6929
6481 12942 1:0 6932
6481 671 1:0 6936
6486 13149 21:0 6541
6487 12936 1:0 6940
6487 12935 1:0 6940
6487 13313 1:0 6997
6489 12934 1:0 6940
6489 13295 1:0 6940
6505 13301 1:0 6960
6505 12930 1:0 6993
6511 13155 0:0 6513
6512 831 0:0 6513
6513 827 0:0 6515
6518 12928 1:0 6999
6525 13161 0:0 6526
6526 823 0:0 6528
6535 12927 1:0 7007
6538 13165 0:0 6539
6540 819 21:0 6554
6553 13168 21:0 6554
6554 811 0:0 6556
6557 667 1:0 7008
6557 12676 1:0 7010
6557 12924 1:0 7011
6557 13317 1:0 7018
6562 13173 21:0 6569
6567 807 0:0 6569
6570 643 1:0 7025
6570 12918 1:0 7027
6570 12917 1:0 7029
6570 13323 1:0 7029
6570 12915 1:0 7029
6570 13329 1:0 7049
6570 13341 1:0 7086
6572 12911 1:0 7082
6575 13177 21:0 6630
6576 12909 1:0 7088
6591 12908 1:0 7096
6600 13183 0:0 6602
6602 799 0:0 6604
6603 803 0:0 6604
6607 639 1:0 7097
6613 12668 1:0 7099
6614 13189 0:0 6615
6615 795 0:0 6617
6618 12905 1:0 7100
6627 13193 0:0 6628
6628 791 0:0 6630
6631 13345 1:0 7107
6636 13196 21:0 6643
6643 783 0:0 6645
6646 12904 1:0 7110
6646 615 1:0 7114
6646 13369 1:0 7175
6651 13201 21:0 6658
6652 12896 1:0 7118
6654 12897 1:0 7118
6656 779 0:0 6658
6659 13351 1:0 7118
6659 13357 1:0 7138
6659 12892 1:0 7171
6659 12890 1:0 7177
6659 12889 1:0 7185
6661 12646 1:0 7188
6664 13205 21:0 6719
6665 611 1:0 7186
6665 12886 1:0 7189
6689 13211 0:0 6691
6691 771 0:0 6693
6692 775 0:0 6693
6694 13373 1:0 7196
6703 13217 0:0 6704
6704 767 0:0 6706
6707 587 1:0 7203
6716 13221 0:0 6717
6717 763 0:0 6719
6720 13379 1:0 7207
6720 13397 1:0 7264
6725 13224 21:0 6732
6732 755 0:0 6734
6735 12877 1:0 7207
6735 12878 1:0 7207
6735 12879 1:0 7207
6735 12874 1:0 7225
6735 13385 1:0 7227
6735 13389 1:0 7240
6735 12873 1:0 7260
6740 13229 21:0 6747
6743 12870 1:0 7274
6745 751 0:0 6747
6748 12871 1:0 7266
6748 583 1:0 7275
6748 12657 1:0 7277
6748 12867 1:0 7278
6753 13233 21:0 6808
6754 13401 1:0 7285
6772 559 1:0 7292
6772 12861 1:0 7294
6778 13239 0:0 6780
6779 747 0:0 6780
6780 743 0:0 6782
6791 13425 1:0 7353
6792 13245 0:0 6793
6793 739 0:0 6795
6796 12860 1:0 7296
6798 12858 1:0 7296
6802 12859 1:0 7296
6805 13249 0:0 6806
6806 735 0:0 6808
6809 13407 1:0 7296
6809 13413 1:0 7316
6809 13417 1:0 7329
6809 12854 1:0 7349
6814 13252 21:0 6821
6821 727 0:0 6823
6824 12852 1:0 7355
6824 12851 1:0 7363
6829 13257 21:0 6836
6834 723 0:0 6836
6837 555 1:0 7364
6837 12627 1:0 7366
6837 12848 1:0 7367
6837 13429 1:0 7374
6839 531 1:0 7381
6842 13261 21:0 6897
6843 13453 1:0 7442
6845 12840 1:0 7385
6858 12839 1:0 7385
6861 13435 1:0 7385
6867 13267 0:0 6869
6869 715 0:0 6871
6870 719 0:0 6871
6872 12841 1:0 7385
6872 12836 1:0 7403
6872 13441 1:0 7405
6878 13445 1:0 7418
6880 12835 1:0 7438
6881 13273 0:0 6882
6882 711 0:0 6884
6894 13277 0:0 6895
6896 707 21:0 6910
6898 12833 1:0 7444
6909 13280 21:0 6910
6910 699 0:0 6912
6913 12832 1:0 7452
6913 527 1:0 7453
6913 12638 1:0 7455
6918 13285 21:0 6925
6921 13457 1:0 7463
6923 695 0:0 6925
6926 12829 1:0 7456
6926 12828 1:0 7466
6926 503 1:0 7470
6928 12822 1:0 7474
6928 12821 1:0 7474
6928 12820 1:0 7474
6928 13481 1:0 7531
6931 13289 21:0 6986
6932 13463 1:0 7474
6932 13469 1:0 7494
6934 13473 1:0 7507
6934 12816 1:0 7527
6957 13295 0:0 6958
6958 687 0:0 6960
6959 691 0:0 6960
6961 12814 1:0 7533
6970 13301 0:0 6971
6971 683 0:0 6973
6974 12813 1:0 7541
6983 13305 0:0 6984
6984 679 0:0 6986
6987 499 1:0 7542
6987 12630 1:0 7544
6992 13308 21:0 6999
6999 671 0:0 7001
7002 12810 1:0 7545
7002 13485 1:0 7552
7007 13313 21:0 7014
7010 475 1:0 7559
7012 667 0:0 7014
7015 12804 1:0 7561
7015 12801 1:0 7563
7015 12803 1:0 7563
7015 13491 1:0 7563
7015 13497 1:0 7583
7015 13501 1:0 7596
7015 13509 1:0 7620
7017 12797 1:0 7616
7020 13317 21:0 7075
7021 12795 1:0 7622
7023 12794 1:0 7630
7045 13323 0:0 7047
7046 663 0:0 7047
7047 659 0:0 7049
7050 471 1:0 7631
7052 12619 1:0 7633
7058 12791 1:0 7634
7059 13329 0:0 7060
7060 655 0:0 7062
7073 651 0:0 7075
7074 13333 21:0 7088
7076 13513 1:0 7641
7076 12790 1:0 7644
7087 13336 21:0 7088
7088 643 0:0 7090
7091 447 1:0 7648
7091 13537 1:0 7709
7096 13341 21:0 7103
7097 12784 1:0 7652
7099 13519 1:0 7652
7099 12783 1:0 7652
7101 639 0:0 7103
7104 12782 1:0 7652
7104 13525 1:0 7672
7104 13529 1:0 7685
7104 12778 1:0 7705
7104 12775 1:0 7719
7106 12776 1:0 7711
7106 12614 1:0 7722
7109 13345 21:0 7164
7110 443 1:0 7720
7134 13351 0:0 7136
7135 635 0:0 7136
7136 631 0:0 7138
7137 13541 1:0 7730
7139 12772 1:0 7723
7148 13357 0:0 7149
7149 627 0:0 7151
7154 419 1:0 7737
7161 13361 0:0 7162
7163 623 21:0 7177
7165 13565 1:0 7798
7176 13364 21:0 7177
7177 615 0:0 7179
7180 13547 1:0 7741
7180 12764 1:0 7741
7180 12763 1:0 7741
7180 12765 1:0 7741
7180 12760 1:0 7759
7180 13553 1:0 7761
7180 13557 1:0 7774
7180 12759 1:0 7794
7185 13369 21:0 7192
7190 611 0:0 7192
7193 12757 1:0 7800
7193 12756 1:0 7808
7193 415 1:0 7809
7193 12595 1:0 7811
7198 13373 21:0 7253
7199 12753 1:0 7812
7199 13569 1:0 7819
7199 12752 1:0 7822
7224 13379 0:0 7225
7225 603 0:0 7227
7226 607 0:0 7227
7228 391 1:0 7826
7237 13385 0:0 7238
7238 599 0:0 7240
7241 13593 1:0 7887
7243 13575 1:0 7830
7247 12746 1:0 7830
7250 13389 0:0 7251
7251 595 0:0 7253
7254 12745 1:0 7830
7254 12744 1:0 7830
7254 13581 1:0 7850
7259 13392 21:0 7266
7266 587 0:0 7268
7269 13585 1:0 7863
7269 12740 1:0 7883
7269 12737 1:0 7897
7274 13397 21:0 7281
7275 12738 1:0 7889
7279 583 0:0 7281
7282 387 1:0 7898
7282 12589 1:0 7900
7282 12734 1:0 7901
7282 13597 1:0 7908
7284 363 1:0 7915
7287 13401 21:0 7342
7288 12728 1:0 7917
7306 12727 1:0 7919
7306 13621 1:0 7976
7313 13407 0:0 7314
7314 575 0:0 7316
7315 579 0:0 7316
7317 13603 1:0 7919
7317 12725 1:0 7919
7319 13609 1:0 7939
7325 13613 1:0 7952
7326 13413 0:0 7327
7327 571 0:0 7329
7330 12721 1:0 7972
7355 559 0:0 7357
7358 12719 1:0 7978
7358 12718 1:0 7986
7363 13425 21:0 7370
7364 359 1:0 7987
7366 12576 1:0 7989
7368 555 0:0 7370
7371 12715 1:0 7990
7371 13625 1:0 7997
7371 335 1:0 8004
7373 13649 1:0 8065
7376 13429 21:0 7431
7377 13631 1:0 8008
7377 351 1:0 8008
7379 12708 1:0 8008
7379 12707 1:0 8008
7395 12706 1:0 8008
7395 12703 1:0 8026
7402 13435 0:0 7403
7408 13637 1:0 8028
7414 13641 1:0 8041
7415 13441 0:0 7416
7421 12702 1:0 8061
7444 531 0:0 7446
7447 12700 1:0 8067
7447 12699 1:0 8075
7452 13453 21:0 7459
7455 331 1:0 8076
7457 527 0:0 7459
7460 12581 1:0 8078
7460 12696 1:0 8079
7460 13653 1:0 8086
7462 12695 1:0 8089
7462 327 1:0 8091
7462 307 1:0 8093
7465 13457 21:0 7520
7468 13677 1:0 8154
7481 323 1:0 8097
7484 12687 1:0 8097
7491 13463 0:0 7492
7497 13659 1:0 8097
7501 12689 1:0 8097
7504 13469 0:0 7505
7510 13665 1:0 8117
7521 13669 1:0 8130
7533 503 0:0 7535
7536 12683 1:0 8150
7536 12681 1:0 8156
7536 12680 1:0 8164
7541 13481 21:0 7548
7546 499 0:0 7548
7549 303 1:0 8165
7549 12557 1:0 8167
7549 12677 1:0 8169
7549 13681 1:0 8175
7549 299 1:0 8180
7551 279 1:0 8182
7554 13485 21:0 7609
7557 13705 1:0 8243
7573 295 1:0 8186
7573 12669 1:0 8186
7579 13491 0:0 7581
7586 12670 1:0 8186
7592 13687 1:0 8186
7593 13497 0:0 7594
7599 12665 1:0 8204
7610 13693 1:0 8206
7622 475 0:0 7624
7625 291 1:0 8205
7625 287 1:0 8218
7625 13697 1:0 8219
7625 12664 1:0 8239
7625 12661 1:0 8253
7630 13509 21:0 7637
7635 471 0:0 7637
7638 12662 1:0 8245
7638 275 1:0 8254
7638 12551 1:0 8256
7638 12658 1:0 8258
7640 13709 1:0 8264
7640 271 1:0 8269
7643 13513 21:0 7698
7646 251 1:0 8271
7646 12652 1:0 8273
7669 13519 0:0 7670
7682 13525 0:0 7683
7688 13733 1:0 8332
7699 12650 1:0 8275
7711 447 0:0 7713
7714 13715 1:0 8275
7714 12649 1:0 8275
7714 267 1:0 8275
7714 12651 1:0 8275
7714 13721 1:0 8295
7714 13725 1:0 8308
7714 12645 1:0 8328
7719 13537 21:0 7726
7722 12642 1:0 8342
7724 443 0:0 7726
7727 12643 1:0 8334
7727 247 1:0 8343
7727 12555 1:0 8345
7729 13737 1:0 8353
7732 13541 21:0 7787
7733 12639 1:0 8347
7751 243 1:0 8358
7751 223 1:0 8360
7758 13547 0:0 7759
7771 13553 0:0 7772
7788 13761 1:0 8421
7800 419 0:0 7802
7803 12633 1:0 8362
7803 12632 1:0 8364
7803 239 1:0 8364
7803 12631 1:0 8364
7803 13743 1:0 8364
7803 235 1:0 8383
7803 13749 1:0 8384
7808 13565 21:0 7815
7809 231 1:0 8396
7811 13753 1:0 8397
7811 12626 1:0 8417
7813 415 0:0 7815
7816 12624 1:0 8423
7816 12623 1:0 8431
7816 12532 1:0 8434
7818 219 1:0 8432
7821 13569 21:0 7876
7824 12620 1:0 8436
7824 13765 1:0 8442
7840 215 1:0 8447
7847 13575 0:0 7848
7860 13581 0:0 7861
7877 195 1:0 8449
7889 391 0:0 7891
7892 12612 1:0 8453
7892 13771 1:0 8453
7892 211 1:0 8453
7892 12611 1:0 8453
7892 13789 1:0 8510
7897 13593 21:0 7904
7898 12613 1:0 8453
7900 12608 1:0 8471
7900 207 1:0 8472
7902 387 0:0 7904
7905 13777 1:0 8473
7905 203 1:0 8485
7905 13781 1:0 8486
7905 12607 1:0 8506
7905 12605 1:0 8512
7907 12604 1:0 8520
7910 13597 21:0 7965
7911 191 1:0 8521
7913 12543 1:0 8523
7913 12601 1:0 8525
7935 13603 0:0 7937
7949 13609 0:0 7950
7955 13793 1:0 8531
7966 187 1:0 8536
7978 363 0:0 7980
7981 12600 1:0 8534
7981 167 1:0 8538
7986 13621 21:0 7993
7989 12592 1:0 8542
7989 13817 1:0 8599
7991 359 0:0 7993
7994 183 1:0 8542
7994 12594 1:0 8542
7994 12593 1:0 8542
7994 13799 1:0 8542
7994 179 1:0 8561
7994 13805 1:0 8562
7994 175 1:0 8574
7994 13809 1:0 8575
7994 12588 1:0 8595
7996 12585 1:0 8609
7999 13625 21:0 8054
8000 12586 1:0 8601
8002 12536 1:0 8612
8025 13631 0:0 8026
8037 163 1:0 8610
8038 13637 0:0 8039
8067 335 0:0 8069
8070 12582 1:0 8614
8070 13821 1:0 8620
8070 159 1:0 8625
8075 13649 21:0 8082
8076 139 1:0 8627
8080 331 0:0 8082
8083 155 1:0 8631
8083 12575 1:0 8631
8083 12573 1:0 8631
8083 12574 1:0 8631
8083 13827 1:0 8631
8083 12570 1:0 8649
8083 13833 1:0 8651
8083 13845 1:0 8688
8085 151 1:0 8650
8085 147 1:0 8663
8085 13837 1:0 8664
8088 13653 21:0 8143
8089 12569 1:0 8684
8091 12567 1:0 8690
8113 13659 0:0 8115
8124 12566 1:0 8698
8127 13665 0:0 8128
8156 307 0:0 8158
8159 135 1:0 8699
8159 12513 1:0 8701
8159 12563 1:0 8703
8159 13849 1:0 8709
8164 13677 21:0 8171
8165 12562 1:0 8712
8167 131 1:0 8714
8169 303 0:0 8171
8172 111 1:0 8716
8172 12554 1:0 8720
8172 13873 1:0 8777
8174 13855 1:0 8720
8174 12556 1:0 8720
8174 127 1:0 8720
8174 13861 1:0 8740
8177 13681 21:0 8232
8178 13865 1:0 8753
8178 12550 1:0 8773
8196 12548 1:0 8779
8202 13687 0:0 8204
8216 13693 0:0 8217
8222 12547 1:0 8787
8233 12524 1:0 8790
8245 279 0:0 8247
8248 107 1:0 8788
8253 13705 21:0 8260
8254 13877 1:0 8798
8256 12544 1:0 8792
8258 275 0:0 8260
8261 103 1:0 8803
8261 83 1:0 8805
8261 12538 1:0 8807
8261 13901 1:0 8866
8263 99 1:0 8809
8263 12535 1:0 8809
8263 12537 1:0 8809
8266 13709 21:0 8321
8267 13883 1:0 8809
8267 95 1:0 8828
8267 13889 1:0 8829
8269 91 1:0 8841
8285 13893 1:0 8842
8285 12531 1:0 8862
8292 13715 0:0 8293
8305 13721 0:0 8306
8311 12529 1:0 8868
8334 251 0:0 8336
8337 12528 1:0 8876
8337 79 1:0 8877
8337 12505 1:0 8879
8342 13733 21:0 8349
8347 247 0:0 8349
8350 12525 1:0 8881
8350 13905 1:0 8887
8350 75 1:0 8892
8350 55 1:0 8894
8350 12519 1:0 8896
8352 13929 1:0 8955
8355 13737 21:0 8410
8356 12516 1:0 8898
8356 13911 1:0 8898
8358 71 1:0 8898
8358 12518 1:0 8898
8374 12517 1:0 8898
8374 13917 1:0 8918
8380 13743 0:0 8382
8387 67 1:0 8917
8393 63 1:0 8930
8394 13749 0:0 8395
8411 13921 1:0 8931
8411 12512 1:0 8951
8423 223 0:0 8425
8426 12510 1:0 8957
8426 12509 1:0 8965
8426 12494 1:0 8968
8431 13761 21:0 8438
8436 219 0:0 8438
8439 51 1:0 8966
8439 12506 1:0 8970
8439 13933 1:0 8976
8439 47 1:0 8981
8441 27 1:0 8983
8444 13765 21:0 8499
8445 12500 1:0 8985
8463 12498 1:0 8987
8463 13957 1:0 9044
8470 13771 0:0 8471
8476 13939 1:0 8987
8482 12499 1:0 8987
8483 13777 0:0 8484
8489 12497 1:0 8987
8500 43 1:0 8987
8512 195 0:0 8514
8515 39 1:0 9006
8515 13945 1:0 9007
8515 35 1:0 9019
8515 13949 1:0 9020
8515 12493 1:0 9040
8520 13789 21:0 8527
8521 12490 1:0 9054
8528 12491 1:0 9046
8530 23 1:0 9055
8530 12486 1:0 9057
8530 12487 1:0 9059
8533 13793 21:0 8588
8536 13961 1:0 9065
8536 19 1:0 9070
8552 12481 1:0 9074
8552 13967 1:0 9076
8559 13799 0:0 8560
8565 12477 1:0 9094
8571 15 1:0 9076
8572 13805 0:0 8573
8578 12480 1:0 9076
8587 191 0:0 8601
8589 12479 1:0 9076
8589 12478 1:0 9076
8589 13973 1:0 9100
8589 11 1:0 9103
8589 7 1:0 9116
8601 167 0:0 8603
8604 13977 1:0 9113
8604 5 1:0 9120
8604 13980 1:0 9126
8604 3429 1:0 9129
8604 13983 1:0 9132
8604 3 1:0 9132
8604 167 1:0 9340
8609 13817 21:0 8616
8617 195 1:0 9390
8619 191 1:0 9390
8622 13821 21:0 8677
8623 219 1:0 9430
8641 223 1:0 9450
8648 13827 0:0 8649
8661 13833 0:0 8662
8693 247 1:0 9470
8698 13845 21:0 8705
8701 251 1:0 9490
8706 275 1:0 9510
8708 279 1:0 9530
8711 13849 21:0 8766
8714 303 1:0 9550
8736 13855 0:0 8738
8747 307 1:0 9570
8750 13861 0:0 8751
8782 331 1:0 9590
8787 13873 21:0 8794
8790 335 1:0 9610
8795 359 1:0 9630
8797 363 1:0 9650
8800 13877 21:0 8855
8803 387 1:0 9670
8825 13883 0:0 8827
8839 13889 0:0 8840
8845 391 1:0 9690
8871 415 1:0 9710
8876 13901 21:0 8883
8884 419 1:0 9730
8886 443 1:0 9750
8889 13905 21:0 8944
8890 447 1:0 9770
8917 13911 0:0 8918
8919 471 1:0 9790
8928 13917 0:0 8929
8945 475 1:0 9810
8965 13929 21:0 8972
8966 499 1:0 9830
8973 503 1:0 9850
8975 527 1:0 9870
8978 13933 21:0 9033
8979 531 1:0 9890
8981 13392 1:0 9909
9006 13939 0:0 9007
9016 555 1:0 9910
9017 13945 0:0 9018
9023 13364 1:0 9932
9034 623 1:0 9932
9054 13957 21:0 9061
9055 559 1:0 9930
9057 571 1:0 9940
9062 13336 1:0 9940
9062 13333 1:0 9940
9062 575 1:0 9946
9062 13308 1:0 9949
9062 579 1:0 9949
9067 13961 21:0 9122
9068 583 1:0 9950
9086 587 1:0 9970
9095 13967 0:0 9096
9097 13280 1:0 9972
9099 707 1:0 9972
9105 13252 1:0 9980
9106 13973 0:0 9107
9116 599 1:0 9980
9119 13977 0:0 9120
9123 595 1:0 9978
9123 13224 1:0 9980
9123 13196 1:0 9989
9135 3 21:0 9143
9142 13983 0:0 9143
9142 13980 0:0 9143
9142 3429 0:0 9143
9142 5 21:0 9147
9151 15 0:0 9159
9159 15500 0:0 9164
9159 15498 0:0 9164
9159 15499 0:0 9164
9167 15506 21:0 9170
9168 15501 0:0 9170
9168 19 0:0 9170
9169 15497 21:0 9170
9172 15510 21:0 9191
9173 23 0:0 9175
9176 607 1:0 9989
9176 611 1:0 9990
9181 15507 0:0 9183
9182 15513 0:0 9183
9191 43 0:0 9199
9191 15511 0:0 9204
9191 27 0:0 9210
9192 603 1:0 9986
9192 13168 1:0 10012
9199 15517 0:0 9204
9199 15518 0:0 9204
9199 15519 0:0 9204
9207 15525 21:0 9210
9208 15520 0:0 9210
9208 47 0:0 9210
9209 15514 21:0 9210
9211 615 1:0 10010
9211 819 1:0 10012
9212 15529 21:0 9231
9213 51 0:0 9215
9216 627 1:0 10020
9216 13137 1:0 10020
9216 13140 1:0 10020
9221 15526 0:0 9223
9222 15532 0:0 9223
9231 71 0:0 9239
9231 15530 0:0 9244
9231 55 0:0 9250
9232 13112 1:0 10029
9232 635 1:0 10029
9239 15538 0:0 9244
9239 15537 0:0 9244
9239 15536 0:0 9244
9245 631 1:0 10026
9246 15533 21:0 9250
9249 15544 0:0 9250
9249 15539 21:0 9250
9249 75 0:0 9250
9251 639 1:0 10030
9252 15548 21:0 9271
9253 79 0:0 9255
9256 14580 1:0 10052
9256 14585 1:0 10052
9261 15545 0:0 9263
9262 15551 0:0 9263
9271 99 0:0 9279
9271 15549 0:0 9284
9271 83 0:0 9290
9279 15557 0:0 9284
9279 15556 0:0 9284
9279 15555 0:0 9284
9280 643 1:0 10050
9285 14566 1:0 10060
9286 15552 21:0 9290
9289 103 0:0 9290
9289 15558 0:0 9290
9289 15563 21:0 9290
9291 651 1:0 10058
9291 14561 1:0 10060
9291 655 1:0 10060
9291 14542 1:0 10069
9292 15567 21:0 9311
9293 107 0:0 9295
9296 659 1:0 10066
9296 663 1:0 10069
9301 15564 0:0 9303
9302 15570 0:0 9303
9311 127 0:0 9319
9311 15568 0:0 9324
9311 111 0:0 9330
9319 15575 0:0 9324
9319 15574 0:0 9324
9319 15576 0:0 9324
9325 667 1:0 10070
9325 14541 1:0 10092
9326 15571 21:0 9330
9329 131 0:0 9330
9329 15577 21:0 9330
9329 15582 0:0 9330
9331 14547 1:0 10092
9332 15586 21:0 9351
9333 135 0:0 9335
9336 671 1:0 10090
9336 683 1:0 10100
9341 15583 0:0 9343
9342 15589 0:0 9343
9344 679 1:0 10098
9345 147 0:0 9347
9349 151 0:0 9351
9351 155 0:0 9359
9351 15587 0:0 9364
9351 139 0:0 9370
9352 14517 1:0 10101
9352 14523 1:0 10101
9352 691 1:0 10109
9352 14522 1:0 10109
9359 15594 21:0 9370
9363 15595 0:0 9364
9363 15593 0:0 9364
9368 15596 0:0 9370
9368 159 0:0 9370
9369 15590 21:0 9370
9369 15601 21:0 9370
9371 687 1:0 10106
9371 695 1:0 10110
9372 15605 21:0 9391
9373 163 0:0 9375
9376 14498 1:0 10132
9381 15602 0:0 9383
9382 15608 0:0 9383
9391 15606 0:0 9404
9391 167 0:0 9410
9399 15614 0:0 9404
9399 15612 0:0 9404
9399 15613 0:0 9404
9405 699 1:0 10130
9405 14504 1:0 10132
9407 15620 21:0 9410
9408 179 0:0 9410
9408 187 0:0 9410
9408 175 0:0 9410
9408 15615 0:0 9410
9408 183 0:0 9410
9409 15609 21:0 9410
9411 711 1:0 10134
9411 14485 1:0 10145
9411 14501 1:0 10145
9411 14479 1:0 10145
9411 715 1:0 10146
9411 719 1:0 10147
9411 14482 1:0 10150
9412 15624 21:0 9431
9413 191 0:0 9415
9421 15621 0:0 9423
9422 15627 0:0 9423
9430 203 0:0 9439
9430 207 0:0 9439
9431 211 0:0 9439
9431 15625 0:0 9444
9431 195 0:0 9450
9432 723 1:0 10150
9439 15633 21:0 9450
9443 15631 0:0 9444
9443 15632 0:0 9444
9445 727 1:0 10170
9448 15628 0:0 9450
9448 215 0:0 9450
9449 15639 21:0 9450
9449 15634 21:0 9450
9451 14471 1:0 10173
9451 14466 1:0 10173
9451 739 1:0 10174
9451 735 1:0 10174
9451 14463 1:0 10185
9452 15643 21:0 9471
9453 219 0:0 9455
9456 14452 1:0 10185
9456 14447 1:0 10185
9456 743 1:0 10186
9461 15640 0:0 9463
9462 15646 0:0 9463
9470 231 0:0 9479
9470 235 0:0 9479
9471 239 0:0 9479
9471 15644 0:0 9484
9471 223 0:0 9490
9472 747 1:0 10187
9472 14445 1:0 10190
9479 15652 21:0 9490
9483 15651 0:0 9484
9483 15650 0:0 9484
9488 243 0:0 9490
9489 15653 21:0 9490
9489 15658 0:0 9490
9489 15647 21:0 9490
9491 751 1:0 10190
9491 755 1:0 10210
9492 15662 21:0 9511
9493 247 0:0 9495
9496 14428 1:0 10211
9496 14433 1:0 10211
9501 15659 0:0 9503
9502 15665 0:0 9503
9510 259 0:0 9519
9510 263 0:0 9519
9511 267 0:0 9519
9511 15663 0:0 9524
9511 251 0:0 9530
9512 763 1:0 10214
9512 767 1:0 10214
9512 14425 1:0 10214
9519 15670 21:0 9530
9520 14414 1:0 10214
9520 771 1:0 10226
9520 14409 1:0 10237
9523 15671 0:0 9524
9523 15669 0:0 9524
9528 15672 0:0 9530
9528 271 0:0 9530
9529 15666 21:0 9530
9529 15677 21:0 9530
9531 775 1:0 10239
9531 779 1:0 10245
9532 15681 21:0 9551
9533 275 0:0 9535
9536 14390 1:0 10248
9536 14384 1:0 10251
9541 15678 0:0 9543
9542 15684 0:0 9543
9550 291 0:0 9559
9550 287 0:0 9559
9551 295 0:0 9559
9551 15682 0:0 9564
9551 279 0:0 9570
9559 15688 21:0 9570
9560 783 1:0 10250
9560 14389 1:0 10251
9563 15689 0:0 9564
9563 15690 0:0 9564
9565 795 1:0 10254
9568 299 0:0 9570
9569 15691 21:0 9570
9569 15685 21:0 9570
9569 15696 0:0 9570
9571 14371 1:0 10254
9571 14365 1:0 10254
9571 791 1:0 10254
9571 799 1:0 10266
9571 14357 1:0 10277
9572 15700 21:0 9591
9573 303 0:0 9575
9581 15697 0:0 9583
9582 15703 0:0 9583
9590 319 0:0 9599
9590 315 0:0 9599
9591 323 0:0 9599
9591 15701 0:0 9604
9591 307 0:0 9610
9592 807 1:0 10285
9592 14352 1:0 10288
9599 15707 21:0 9610
9600 803 1:0 10279
9600 14327 1:0 10291
9603 15708 0:0 9604
9603 15709 0:0 9604
9608 327 0:0 9610
9608 15710 0:0 9610
9609 15704 21:0 9610
9609 15715 21:0 9610
9611 811 1:0 10290
9611 14338 1:0 10291
9611 14330 1:0 10294
9612 15719 21:0 9631
9613 331 0:0 9615
9616 14314 1:0 10294
9616 823 1:0 10294
9621 15716 0:0 9623
9622 15722 0:0 9623
9631 351 0:0 9639
9631 15720 0:0 9644
9631 335 0:0 9650
9632 827 1:0 10306
9632 14308 1:0 10317
9639 15726 0:0 9644
9639 15728 0:0 9644
9639 15727 0:0 9644
9644 15729 21:0 9650
9649 15723 21:0 9650
9649 15734 0:0 9650
9651 831 1:0 10319
9651 835 1:0 10325
9652 15738 21:0 9671
9653 359 0:0 9655
9656 14313 1:0 10328
9656 14295 1:0 10331
9661 15735 0:0 9663
9662 15741 0:0 9663
9671 15739 0:0 9684
9671 363 0:0 9690
9679 15746 0:0 9684
9679 15747 0:0 9684
9679 15745 0:0 9684
9684 15748 21:0 9690
9685 839 1:0 10330
9688 15742 0:0 9690
9689 15753 21:0 9690
9691 14300 1:0 10331
9691 847 1:0 10334
9691 14276 1:0 10334
9692 15757 21:0 9711
9693 387 0:0 9695
9696 851 1:0 10334
9696 14270 1:0 10334
9696 14275 1:0 10357
9701 15754 0:0 9703
9702 15760 0:0 9703
9710 399 0:0 9719
9711 15758 0:0 9724
9711 391 0:0 9730
9712 855 1:0 10346
9719 15765 21:0 9730
9723 15764 0:0 9724
9723 15766 0:0 9724
9729 15761 21:0 9730
9729 15772 0:0 9730
9729 15767 21:0 9730
9731 859 1:0 10359
9731 863 1:0 10365
9732 15776 21:0 9751
9733 415 0:0 9735
9736 14251 1:0 10368
9736 14243 1:0 10373
9741 15773 0:0 9743
9742 15779 0:0 9743
9751 15777 0:0 9764
9751 419 0:0 9770
9759 15785 21:0 9770
9763 15783 0:0 9764
9763 15784 0:0 9764
9768 15786 0:0 9770
9769 15780 21:0 9770
9769 15791 21:0 9770
9771 867 1:0 10370
9771 14262 1:0 10373
9771 875 1:0 10374
9772 15795 21:0 9791
9773 443 0:0 9775
9781 15792 0:0 9783
9782 15798 0:0 9783
9790 447 0:0 9804
9791 15796 0:0 9804
9792 891 1:0 10374
9799 15802 21:0 9810
9803 15804 0:0 9804
9803 15803 0:0 9804
9805 879 1:0 10382
9805 13089 1:0 10408
9808 15799 0:0 9810
9809 15810 21:0 9810
9809 15805 21:0 9810
9812 15814 21:0 9831
9813 471 0:0 9815
9816 883 1:0 10386
9816 887 1:0 10390
9821 15811 0:0 9823
9822 15817 0:0 9823
9830 475 0:0 9844
9831 15815 0:0 9844
9839 15823 0:0 9844
9839 15821 0:0 9844
9839 15822 0:0 9844
9845 895 1:0 10410
9846 15818 21:0 9850
9849 15829 21:0 9850
9849 15824 0:0 9850
9852 15833 21:0 9871
9853 499 0:0 9855
9856 14232 1:0 10422
9856 14590 1:0 10422
9861 15830 0:0 9863
9862 15836 0:0 9863
9870 503 0:0 9884
9871 15834 0:0 9884
9872 910 1:0 10417
9872 14592 1:0 10418
9879 15840 21:0 9890
9883 15842 0:0 9884
9883 15841 0:0 9884
9885 14589 1:0 10432
9885 14219 1:0 10435
9888 15837 0:0 9890
9889 15848 21:0 9890
9889 15843 21:0 9890
9892 15852 21:0 9911
9893 527 0:0 9895
9901 15849 0:0 9903
9902 15855 0:0 9903
9910 531 0:0 9924
9911 15853 0:0 9924
9912 13093 1:0 10443
9919 15860 21:0 9930
9923 15859 0:0 9924
9923 15861 0:0 9924
9925 14586 1:0 10436
9928 15856 0:0 9930
9929 15862 21:0 9930
9929 15867 21:0 9930
9932 15871 21:0 9951
9933 555 0:0 9935
9936 14579 1:0 10454
9936 14578 1:0 10454
9936 13117 1:0 10511
9941 15868 0:0 9943
9942 15874 0:0 9943
9950 559 0:0 9964
9951 15872 0:0 9964
9952 14577 1:0 10454
9952 13099 1:0 10454
9959 15880 0:0 9964
9959 15879 0:0 9964
9959 15878 0:0 9964
9965 14574 1:0 10472
9965 13105 1:0 10474
9965 13109 1:0 10487
9965 14573 1:0 10507
9967 15886 21:0 9970
9968 15881 0:0 9970
9969 15875 21:0 9970
9972 15890 21:0 9991
9973 583 0:0 9975
9976 14571 1:0 10513
9981 15887 0:0 9983
9982 15893 0:0 9983
9990 587 0:0 10004
9991 15891 0:0 10004
9999 15897 21:0 10010
10003 15899 0:0 10004
10003 15898 0:0 10004
10005 14570 1:0 10521
10005 14224 1:0 10524
10005 14567 1:0 10525
10009 15905 0:0 10010
10009 15900 21:0 10010
10009 15894 21:0 10010
10012 15909 21:0 10031
10013 611 0:0 10015
10021 15906 0:0 10023
10022 15912 0:0 10023
10030 615 0:0 10044
10031 15910 0:0 10044
10032 13121 1:0 10532
10039 15917 0:0 10044
10039 15916 0:0 10044
10039 15918 0:0 10044
10045 14560 1:0 10543
10045 13145 1:0 10600
10047 15924 21:0 10050
10048 15919 0:0 10050
10049 15913 21:0 10050
10052 15928 21:0 10071
10053 639 0:0 10055
10056 13127 1:0 10543
10056 14559 1:0 10543
10061 15925 0:0 10063
10062 15931 0:0 10063
10070 643 0:0 10084
10071 15929 0:0 10084
10072 14558 1:0 10543
10072 14555 1:0 10561
10079 15935 21:0 10090
10083 15936 0:0 10084
10083 15937 0:0 10084
10085 13133 1:0 10563
10085 14554 1:0 10596
10089 15938 21:0 10090
10089 15943 0:0 10090
10089 15932 21:0 10090
10092 15947 21:0 10111
10093 667 0:0 10095
10096 14551 1:0 10610
10101 15944 0:0 10103
10102 15950 0:0 10103
10110 671 0:0 10124
10111 15948 0:0 10124
10119 15955 21:0 10130
10123 15954 0:0 10124
10123 15956 0:0 10124
10129 15962 0:0 10130
10129 15951 21:0 10130
10129 15957 21:0 10130
10132 15966 21:0 10151
10133 695 0:0 10135
10141 15963 0:0 10143
10142 15969 0:0 10143
10150 699 0:0 10164
10151 15967 0:0 10164
10159 15974 21:0 10170
10163 15975 0:0 10164
10163 15973 0:0 10164
10168 15976 0:0 10170
10169 15981 21:0 10170
10169 15970 21:0 10170
10172 15985 21:0 10191
10173 723 0:0 10175
10181 15982 0:0 10183
10182 15988 0:0 10183
10190 727 0:0 10204
10191 15986 0:0 10204
10203 15994 0:0 10204
10203 15993 0:0 10204
10203 15992 0:0 10204
10204 15995 21:0 10210
10209 16000 21:0 10210
10209 15989 21:0 10215
10210 751 0:0 10215
10212 16004 0:0 10215
10215 16005 0:0 10227
10217 16001 21:0 10227
10222 16007 0:0 10223
10243 16011 0:0 10244
10243 16013 0:0 10244
10243 16012 21:0 10250
10249 16014 21:0 10250
10249 16008 21:0 10250
10249 16019 21:0 10255
10252 16023 0:0 10255
10255 16024 0:0 10267
10292 16042 0:0 10295
10295 16043 0:0 10307
10332 16061 0:0 10335
10335 16062 0:0 10347
10372 16080 21:0 10391
10381 16077 0:0 10383
10382 16083 0:0 10383
10391 16081 0:0 10404
10412 16099 21:0 10424
10422 16102 0:0 10424
10423 910 0:0 10424
10423 16096 0:0 10424
10423 16100 21:0 10437
10424 895 0:0 10426
10427 14552 1:0 10602
10427 14194 1:0 10613
10427 14548 1:0 10614
10427 13149 1:0 10621
10435 14539 1:0 10632
10435 14540 1:0 10632
10435 13173 1:0 10689
10437 891 0:0 10439
10440 13155 1:0 10632
10440 14536 1:0 10650
10440 13161 1:0 10652
10440 13165 1:0 10665
10440 14535 1:0 10685
10442 14533 1:0 10691
10445 13093 21:0 10500
10448 14532 1:0 10699
10448 14200 1:0 10702
10472 883 0:0 10474
10473 887 0:0 10474
10473 13099 0:0 10474
10475 13177 1:0 10710
10477 14529 1:0 10703
10483 14528 1:0 10713
10484 13105 0:0 10485
10485 879 0:0 10487
10513 867 21:0 10526
10516 14520 1:0 10721
10516 14521 1:0 10721
10516 13201 1:0 10778
10522 13183 1:0 10721
10524 13189 1:0 10741
10524 13193 1:0 10754
10524 14516 1:0 10774
10524 14514 1:0 10780
10525 13117 0:0 10526
10526 863 0:0 10528
10527 14513 1:0 10788
10527 14181 1:0 10791
10529 14510 1:0 10792
10529 13205 1:0 10799
10531 14509 1:0 10802
10534 13121 21:0 10589
10535 14503 1:0 10810
10535 13229 1:0 10867
10537 14502 1:0 10810
10553 13211 1:0 10810
10561 855 0:0 10563
10562 859 0:0 10563
10562 13127 0:0 10563
10564 13217 1:0 10830
10564 13221 1:0 10843
10564 14497 1:0 10863
10573 13133 0:0 10574
10574 851 0:0 10576
10577 14495 1:0 10869
10602 839 0:0 10604
10605 14494 1:0 10877
10605 751 1:0 10878
10605 14186 1:0 10880
10605 14491 1:0 10881
10610 13145 21:0 10617
10615 835 0:0 10617
10618 13233 1:0 10888
10618 14490 1:0 10891
10618 727 1:0 10895
10620 14483 1:0 10899
10620 13239 1:0 10899
10620 13257 1:0 10956
10623 13149 21:0 10678
10624 14484 1:0 10899
10624 13245 1:0 10919
10626 13249 1:0 10932
10626 14478 1:0 10952
10650 827 0:0 10652
10651 13155 0:0 10652
10651 831 0:0 10652
10653 14475 1:0 10966
10662 13161 0:0 10663
10663 823 0:0 10665
10666 14476 1:0 10958
10666 14180 1:0 10969
10691 811 0:0 10693
10694 723 1:0 10967
10694 14472 1:0 10970
10694 13261 1:0 10977
10699 13173 21:0 10706
10704 807 0:0 10706
10707 699 1:0 10984
10707 13267 1:0 10988
10707 14464 1:0 10988
10707 14465 1:0 10988
10707 14460 1:0 11006
10707 13285 1:0 11045
10709 13273 1:0 11008
10709 13277 1:0 11021
10709 14459 1:0 11041
10712 13177 21:0 10767
10715 14457 1:0 11047
10738 803 0:0 10739
10738 13183 0:0 10739
10739 799 0:0 10741
10740 14456 1:0 11055
10751 13189 0:0 10752
10752 795 0:0 10754
10755 695 1:0 11056
10757 14167 1:0 11058
10768 14453 1:0 11059
10780 783 0:0 10782
10783 13289 1:0 11066
10788 13201 21:0 10795
10789 671 1:0 11073
10793 779 0:0 10795
10796 13295 1:0 11077
10796 14446 1:0 11077
10796 14444 1:0 11077
10796 14441 1:0 11095
10796 13301 1:0 11097
10796 13305 1:0 11110
10796 14440 1:0 11130
10796 13313 1:0 11134
10798 14438 1:0 11136
10801 13205 21:0 10856
10802 14437 1:0 11144
10827 775 0:0 10828
10827 13211 0:0 10828
10828 771 0:0 10830
10829 667 1:0 11145
10831 14156 1:0 11147
10840 13217 0:0 10841
10841 767 0:0 10843
10846 13317 1:0 11155
10857 14434 1:0 11148
10869 755 0:0 10871
10872 643 1:0 11162
10877 13229 21:0 10884
10878 13341 1:0 11223
10880 13323 1:0 11166
10880 14427 1:0 11166
10882 751 0:0 10884
10885 14426 1:0 11166
10885 14422 1:0 11184
10885 13329 1:0 11186
10885 14421 1:0 11219
10885 14418 1:0 11233
10887 14419 1:0 11225
10887 14137 1:0 11236
10890 13233 21:0 10945
10893 639 1:0 11234
10893 14415 1:0 11237
10916 747 0:0 10917
10916 13239 0:0 10917
10917 743 0:0 10919
10920 13345 1:0 11244
10929 13245 0:0 10930
10930 739 0:0 10932
10946 615 1:0 11251
10958 727 21:0 10971
10961 13369 1:0 11312
10969 14406 1:0 11255
10969 13351 1:0 11255
10969 14408 1:0 11255
10969 14407 1:0 11255
10969 14403 1:0 11273
10969 13357 1:0 11275
10969 13361 1:0 11288
10970 13257 0:0 10971
10971 723 0:0 10973
10972 14402 1:0 11308
10972 14399 1:0 11322
10974 14400 1:0 11314
10976 611 1:0 11323
10976 14148 1:0 11325
10979 13261 21:0 11034
10980 14396 1:0 11326
10998 13373 1:0 11333
11006 715 0:0 11008
11007 13267 0:0 11008
11007 719 0:0 11008
11009 14395 1:0 11336
11017 587 1:0 11340
11018 13273 0:0 11019
11019 711 0:0 11021
11047 699 21:0 11060
11050 14387 1:0 11344
11050 14388 1:0 11344
11050 13397 1:0 11401
11056 13379 1:0 11344
11058 13385 1:0 11364
11058 13389 1:0 11377
11058 14383 1:0 11397
11059 13285 0:0 11060
11060 695 0:0 11062
11061 14381 1:0 11403
11061 14380 1:0 11411
11063 583 1:0 11412
11063 14129 1:0 11414
11065 14377 1:0 11415
11068 13289 21:0 11123
11069 13401 1:0 11422
11069 14376 1:0 11425
11095 687 0:0 11097
11096 691 0:0 11097
11096 13295 0:0 11097
11098 559 1:0 11429
11107 13301 0:0 11108
11108 683 0:0 11110
11111 13425 1:0 11490
11113 13407 1:0 11433
11124 14370 1:0 11433
11136 671 21:0 11149
11139 14369 1:0 11433
11139 14368 1:0 11433
11139 13413 1:0 11453
11139 14364 1:0 11486
11147 14362 1:0 11492
11147 14361 1:0 11500
11148 13313 0:0 11149
11149 667 0:0 11151
11150 14124 1:0 11503
11152 555 1:0 11501
11152 13429 1:0 11511
11154 14358 1:0 11504
11157 13317 21:0 11212
11158 531 1:0 11518
11184 659 0:0 11186
11185 663 0:0 11186
11185 13323 0:0 11186
11187 14350 1:0 11522
11187 14349 1:0 11522
11187 14351 1:0 11522
11187 13453 1:0 11579
11193 13435 1:0 11522
11195 14346 1:0 11540
11196 13329 0:0 11197
11197 655 0:0 11199
11200 13441 1:0 11542
11202 14345 1:0 11575
11225 643 21:0 11238
11228 14343 1:0 11581
11236 14342 1:0 11589
11236 14122 1:0 11592
11237 13341 0:0 11238
11238 639 0:0 11240
11239 527 1:0 11590
11239 14339 1:0 11593
11241 13457 1:0 11600
11243 503 1:0 11607
11243 14333 1:0 11609
11246 13345 21:0 11301
11247 13481 1:0 11668
11249 14331 1:0 11611
11249 14332 1:0 11611
11273 631 0:0 11275
11274 635 0:0 11275
11274 13351 0:0 11275
11276 13463 1:0 11611
11276 13469 1:0 11631
11276 14326 1:0 11664
11285 13357 0:0 11286
11286 627 0:0 11288
11289 14323 1:0 11678
11314 615 21:0 11327
11317 14324 1:0 11670
11325 499 1:0 11679
11325 14099 1:0 11681
11325 14320 1:0 11682
11326 13369 0:0 11327
11327 611 0:0 11329
11328 13485 1:0 11689
11330 14319 1:0 11692
11330 475 1:0 11696
11332 14311 1:0 11700
11332 13491 1:0 11700
11332 13509 1:0 11757
11335 13373 21:0 11390
11336 14312 1:0 11700
11336 13497 1:0 11720
11336 14307 1:0 11753
11354 14304 1:0 11767
11361 13379 0:0 11362
11361 607 0:0 11362
11362 603 0:0 11364
11367 14305 1:0 11759
11374 13385 0:0 11375
11375 599 0:0 11377
11403 587 21:0 11416
11406 471 1:0 11768
11406 14110 1:0 11770
11414 14301 1:0 11771
11414 13513 1:0 11778
11415 13397 0:0 11416
11416 583 0:0 11418
11417 447 1:0 11785
11419 13519 1:0 11789
11419 14294 1:0 11789
11419 14292 1:0 11789
11419 14293 1:0 11789
11419 14289 1:0 11807
11419 13537 1:0 11846
11421 13525 1:0 11809
11421 14288 1:0 11842
11424 13401 21:0 11479
11425 14286 1:0 11848
11443 14285 1:0 11856
11451 575 0:0 11453
11452 13407 0:0 11453
11452 579 0:0 11453
11454 14086 1:0 11859
11462 443 1:0 11857
11463 13413 0:0 11464
11464 571 0:0 11466
11467 14282 1:0 11860
11492 559 21:0 11505
11495 13541 1:0 11867
11495 14281 1:0 11870
11503 419 1:0 11874
11504 13425 0:0 11505
11505 555 0:0 11507
11506 14274 1:0 11878
11506 14273 1:0 11878
11506 13547 1:0 11878
11506 13565 1:0 11935
11508 13553 1:0 11898
11508 14269 1:0 11931
11508 14267 1:0 11937
11510 14266 1:0 11945
11513 13429 21:0 11568
11529 415 1:0 11946
11540 547 0:0 11542
11541 551 0:0 11542
11541 13435 0:0 11542
11543 14080 1:0 11948
11551 13569 1:0 11956
11552 13441 0:0 11553
11553 543 0:0 11555
11556 14263 1:0 11949
11581 531 21:0 11594
11584 391 1:0 11963
11584 14257 1:0 11965
11592 13575 1:0 11967
11592 14255 1:0 11967
11592 14256 1:0 11967
11592 14254 1:0 11967
11592 13593 1:0 12024
11593 13453 0:0 11594
11594 527 0:0 11596
11595 13581 1:0 11987
11595 399 1:0 11999
11595 14250 1:0 12020
11597 14247 1:0 12034
11599 14248 1:0 12026
11602 13457 21:0 11657
11603 387 1:0 12035
11603 14083 1:0 12037
11605 14244 1:0 12038
11628 13463 0:0 11629
11628 523 0:0 11629
11629 519 0:0 11631
11632 13597 1:0 12045
11641 13469 0:0 11642
11642 515 0:0 11644
11647 363 1:0 12052
11670 503 21:0 11683
11673 13621 1:0 12113
11679 14238 1:0 12054
11681 14235 1:0 12056
11681 14237 1:0 12056
11681 13603 1:0 12056
11681 14236 1:0 12056
11681 13609 1:0 12076
11681 14231 1:0 12109
11682 13481 0:0 11683
11683 499 0:0 11685
11684 14229 1:0 12115
11686 14228 1:0 12123
11688 359 1:0 12124
11688 14067 1:0 12126
11688 14225 1:0 12127
11691 13485 21:0 11746
11694 13625 1:0 12134
11717 495 0:0 11718
11717 13491 0:0 11718
11718 491 0:0 11720
11721 335 1:0 12141
11730 13497 0:0 11731
11731 487 0:0 11733
11736 13649 1:0 12202
11747 13631 1:0 12145
11759 475 21:0 11772
11762 14217 1:0 12145
11762 14216 1:0 12145
11762 14218 1:0 12145
11762 351 1:0 12145
11768 14213 1:0 12163
11770 13637 1:0 12165
11770 14212 1:0 12198
11770 14209 1:0 12212
11771 13509 0:0 11772
11772 471 0:0 11774
11773 14210 1:0 12204
11773 14061 1:0 12215
11775 331 1:0 12213
11777 13653 1:0 12223
11780 13513 21:0 11835
11781 14206 1:0 12216
11781 14205 1:0 12226
11781 327 1:0 12228
11807 463 0:0 11809
11808 467 0:0 11809
11808 13519 0:0 11809
11810 307 1:0 12230
11819 13525 0:0 11820
11820 459 0:0 11822
11823 13677 1:0 12291
11825 14197 1:0 12234
11836 14198 1:0 12234
11848 447 21:0 11861
11851 323 1:0 12234
11851 14199 1:0 12234
11851 13659 1:0 12234
11851 319 1:0 12251
11859 13665 1:0 12254
11859 315 1:0 12266
11859 14193 1:0 12287
11859 14191 1:0 12293
11860 13537 0:0 11861
11861 443 0:0 11863
11862 14190 1:0 12301
11862 14042 1:0 12304
11864 303 1:0 12302
11864 14187 1:0 12305
11869 13541 21:0 11924
11870 13681 1:0 12312
11870 299 1:0 12317
11888 279 1:0 12319
11895 13547 0:0 11896
11895 439 0:0 11896
11896 435 0:0 11898
11907 13705 1:0 12380
11908 13553 0:0 11909
11909 431 0:0 11911
11912 14179 1:0 12323
11914 14178 1:0 12323
11925 13687 1:0 12323
11937 419 21:0 11950
11940 295 1:0 12323
11940 291 1:0 12340
11940 14175 1:0 12341
11946 13693 1:0 12343
11948 287 1:0 12355
11948 14174 1:0 12376
11948 14172 1:0 12382
11949 13565 0:0 11950
11950 415 0:0 11952
11951 14171 1:0 12390
11951 14048 1:0 12393
11953 275 1:0 12391
11955 14168 1:0 12394
11955 13709 1:0 12401
11958 13569 21:0 12013
11959 271 1:0 12406
11985 407 0:0 11987
11986 13575 0:0 11987
11986 411 0:0 11987
11988 251 1:0 12408
11996 13733 1:0 12469
11997 13581 0:0 11998
11998 403 0:0 12000
12001 14162 1:0 12410
12003 267 1:0 12412
12014 14161 1:0 12412
12014 14159 1:0 12412
12026 391 21:0 12039
12029 13715 1:0 12412
12029 14160 1:0 12412
12029 263 1:0 12431
12035 13721 1:0 12432
12037 259 1:0 12444
12037 14155 1:0 12465
12037 14153 1:0 12471
12038 13593 0:0 12039
12039 387 0:0 12041
12040 14152 1:0 12479
12040 14045 1:0 12482
12042 247 1:0 12480
12042 14149 1:0 12483
12044 13737 1:0 12490
12047 13597 21:0 12102
12063 223 1:0 12497
12074 379 0:0 12076
12075 13603 0:0 12076
12075 383 0:0 12076
12077 243 1:0 12495
12077 14143 1:0 12499
12086 13609 0:0 12087
12087 375 0:0 12089
12090 13761 1:0 12558
12092 239 1:0 12501
12103 13743 1:0 12501
12115 363 21:0 12128
12118 14142 1:0 12501
12118 14140 1:0 12501
12118 14141 1:0 12501
12118 235 1:0 12520
12124 13749 1:0 12521
12126 231 1:0 12533
12126 14136 1:0 12554
12126 14134 1:0 12560
12127 13621 0:0 12128
12128 359 0:0 12130
12129 14133 1:0 12568
12131 219 1:0 12569
12131 14023 1:0 12571
12133 13765 1:0 12579
12136 13625 21:0 12191
12137 14130 1:0 12572
12155 195 1:0 12586
12163 351 0:0 12165
12164 355 0:0 12165
12164 13631 0:0 12165
12166 215 1:0 12584
12174 13789 1:0 12647
12175 13637 0:0 12176
12176 347 0:0 12178
12179 14121 1:0 12590
12181 13771 1:0 12590
12192 211 1:0 12590
12204 335 21:0 12217
12207 14123 1:0 12590
12207 14118 1:0 12608
12207 207 1:0 12609
12213 13777 1:0 12610
12215 203 1:0 12622
12215 14117 1:0 12643
12215 14114 1:0 12657
12216 13649 0:0 12217
12217 331 0:0 12219
12218 14115 1:0 12649
12218 14034 1:0 12660
12220 191 1:0 12658
12222 14111 1:0 12661
12222 13793 1:0 12668
12225 13653 21:0 12280
12226 187 1:0 12673
12244 167 1:0 12675
12252 323 0:0 12254
12253 327 0:0 12254
12253 13659 0:0 12254
12261 13817 1:0 12736
12263 14105 1:0 12677
12264 13665 0:0 12265
12265 319 0:0 12267
12268 13799 1:0 12679
12270 14102 1:0 12679
12281 14104 1:0 12679
12293 307 21:0 12306
12296 183 1:0 12679
12296 14103 1:0 12679
12296 13805 1:0 12699
12302 179 1:0 12698
12304 175 1:0 12711
12304 14098 1:0 12732
12304 14095 1:0 12746
12305 13677 0:0 12306
12306 303 0:0 12308
12307 14096 1:0 12738
12307 14028 1:0 12749
12309 163 1:0 12747
12311 14092 1:0 12750
12311 13821 1:0 12757
12314 13681 21:0 12369
12317 139 1:0 12764
12341 295 0:0 12343
12342 13687 0:0 12343
12342 299 0:0 12343
12344 14091 1:0 12760
12344 159 1:0 12762
12353 13693 0:0 12354
12354 291 0:0 12356
12357 13845 1:0 12825
12359 155 1:0 12768
12370 14084 1:0 12768
12370 14085 1:0 12768
12382 279 21:0 12395
12385 13827 1:0 12768
12385 151 1:0 12787
12385 13833 1:0 12788
12391 147 1:0 12800
12393 14079 1:0 12821
12393 14077 1:0 12827
12394 13705 0:0 12395
12395 275 0:0 12397
12396 14076 1:0 12835
12398 135 1:0 12836
12398 14010 1:0 12838
12398 14073 1:0 12839
12400 13849 1:0 12846
12403 13709 21:0 12458
12406 111 1:0 12853
12419 14072 1:0 12849
12435 131 1:0 12851
12441 267 0:0 12443
12441 13715 0:0 12443
12441 271 0:0 12443
12442 13721 0:0 12443
12443 263 0:0 12445
12444 13873 1:0 12914
12446 127 1:0 12857
12448 14065 1:0 12857
12459 13855 1:0 12857
12471 251 21:0 12484
12474 14066 1:0 12857
12474 14064 1:0 12857
12474 13861 1:0 12877
12474 14060 1:0 12910
12482 14058 1:0 12916
12482 14057 1:0 12924
12483 13733 0:0 12484
12484 247 0:0 12486
12485 14004 1:0 12927
12487 107 1:0 12925
12487 14054 1:0 12928
12489 13877 1:0 12935
12489 14053 1:0 12938
12489 103 1:0 12940
12492 13737 21:0 12547
12495 83 1:0 12942
12530 243 0:0 12532
12530 239 0:0 12532
12530 13743 0:0 12532
12531 13749 0:0 12532
12532 235 0:0 12534
12533 13883 1:0 12946
12533 14047 1:0 12946
12533 13901 1:0 13003
12535 99 1:0 12946
12537 14046 1:0 12946
12548 13889 1:0 12966
12560 223 21:0 12573
12563 14041 1:0 12999
12569 14039 1:0 13005
12571 14038 1:0 13013
12572 13761 0:0 12573
12573 219 0:0 12575
12574 79 1:0 13014
12574 14008 1:0 13016
12574 14035 1:0 13017
12576 13905 1:0 13024
12576 75 1:0 13029
12578 55 1:0 13031
12581 13765 21:0 12636
12582 14029 1:0 13033
12600 13929 1:0 13092
12617 71 1:0 13035
12619 211 0:0 12621
12619 13771 0:0 12621
12619 215 0:0 12621
12620 13777 0:0 12621
12621 207 0:0 12623
12622 13911 1:0 13035
12622 14026 1:0 13035
12622 14027 1:0 13035
12622 13917 1:0 13055
12624 14022 1:0 13088
12649 195 21:0 12662
12652 14020 1:0 13094
12660 14019 1:0 13102
12660 51 1:0 13103
12660 13996 1:0 13105
12661 13789 0:0 12662
12662 191 0:0 12664
12663 14016 1:0 13106
12665 13933 1:0 13113
12665 14015 1:0 13116
12665 47 1:0 13118
12667 27 1:0 13120
12670 13793 21:0 12725
12671 13957 1:0 13181
12673 14009 1:0 13124
12673 43 1:0 13124
12689 14007 1:0 13124
12706 13939 1:0 13124
12708 187 0:0 12710
12708 183 0:0 12710
12708 13799 0:0 12710
12709 13805 0:0 12710
12710 179 0:0 12712
12711 13945 1:0 13144
12711 14003 1:0 13177
12715 14001 1:0 13183
12738 167 21:0 12751
12741 14000 1:0 13191
12741 13987 1:0 13194
12749 23 1:0 13192
12749 13997 1:0 13195
12750 13817 0:0 12751
12751 163 0:0 12753
12752 13961 1:0 13202
12752 19 1:0 13207
12752 13991 1:0 13211
12754 13988 1:0 13221
12754 895 1:0 13229
12756 13967 1:0 13217
12756 13989 1:0 13221
12756 13990 1:0 13221
12756 15 1:0 13227
12759 13821 21:0 12814
12762 16100 1:0 13274
12775 13973 1:0 13233
12791 13977 1:0 13246
12797 159 0:0 12799
12797 13827 0:0 12799
12797 16102 1:0 13270
12798 13833 0:0 12799
12798 155 0:0 12799
12799 151 0:0 12801
12800 13980 1:0 13263
12800 3429 1:0 13266
12800 13983 1:0 13269
12804 16099 1:0 13284
12827 139 21:0 12840
12830 891 1:0 13285
12836 16019 1:0 13287
12838 16096 1:0 13289
12838 13093 1:0 13295
12838 887 1:0 13300
12839 13845 0:0 12840
12840 135 0:0 12842
12841 6495 1:0 13302
12843 13099 1:0 13310
12843 883 1:0 13320
12843 16008 1:0 13322
12845 6496 1:0 13323
12848 13849 21:0 12903
12849 867 1:0 13501
12851 13105 1:0 13326
12867 879 1:0 13325
12880 16083 1:0 13499
12886 127 0:0 12888
12886 13855 0:0 12888
12886 131 0:0 12888
12887 13861 0:0 12888
12888 123 0:0 12890
12889 16081 1:0 13505
12904 16080 1:0 13513
12916 111 21:0 12929
12919 16014 1:0 13516
12927 13117 1:0 13511
12927 863 1:0 13514
12928 13873 0:0 12929
12929 107 0:0 12931
12930 16077 1:0 13518
12930 13121 1:0 13524
12932 859 1:0 13529
12932 6664 1:0 13531
12937 13877 21:0 12992
12938 6663 1:0 13531
12956 6667 1:0 13531
12964 99 0:0 12966
12965 103 0:0 12966
12965 13883 0:0 12966
12969 6668 1:0 13531
12975 16012 1:0 13551
12976 13889 0:0 12977
12977 95 0:0 12979
12980 855 1:0 13549
12982 13127 1:0 13539
12993 16001 1:0 13564
13005 83 21:0 13018
13008 13133 1:0 13559
13008 851 1:0 13562
13008 15989 1:0 13577
13014 16000 1:0 13617
13016 831 1:0 13758
13016 6831 1:0 13760
13016 15970 1:0 13780
13017 13901 0:0 13018
13018 79 0:0 13020
13019 6836 1:0 13760
13021 6832 1:0 13760
13023 6835 1:0 13760
13026 13905 21:0 13081
13027 13155 1:0 13768
13027 827 1:0 13778
13027 15981 1:0 13793
13029 13161 1:0 13788
13045 823 1:0 13791
13053 71 0:0 13055
13054 13911 0:0 13055
13054 75 0:0 13055
13056 15974 1:0 13806
13056 15957 1:0 13843
13065 13917 0:0 13066
13066 67 0:0 13068
13069 811 1:0 13959
13071 15951 1:0 13961
13094 55 21:0 13107
13097 13173 1:0 13969
13105 16043 1:0 13963
13105 16042 1:0 13971
13106 13929 0:0 13107
13107 51 0:0 13109
13108 807 1:0 13972
13110 13177 1:0 13982
13112 7003 1:0 13989
13115 13933 21:0 13170
13118 7000 1:0 13989
13142 43 0:0 13144
13143 13939 0:0 13144
13143 47 0:0 13144
13145 6999 1:0 13989
13154 13945 0:0 13155
13155 39 0:0 13157
13171 7004 1:0 13989
13183 27 21:0 13196
13186 803 1:0 13987
13186 13183 1:0 13997
13186 799 1:0 14007
13186 15955 1:0 14009
13192 15932 1:0 14022
13194 13189 1:0 14017
13194 795 1:0 14020
13194 15938 1:0 14035
13194 15935 1:0 14072
13195 13957 0:0 13196
13196 23 0:0 13198
13197 783 1:0 14188
13197 15913 1:0 14190
13204 13961 21:0 13259
13243 13973 0:0 13244
13243 15 0:0 13244
13243 13967 0:0 13244
13243 19 0:0 13244
13244 11 0:0 13246
13256 13977 0:0 13257
13257 7 0:0 13259
13269 3429 21:0 13276
13274 13980 0:0 13276
13275 13983 21:0 13276
13277 13983 1:0 13617
13277 839 1:0 13730
13277 15995 1:0 13732
13277 16062 1:0 13734
13277 13145 1:0 13740
13277 16061 1:0 13742
13277 835 1:0 13743
13277 13149 1:0 13753
13279 16024 1:0 14192
13287 13201 1:0 14198
13294 779 1:0 14201
13300 16023 1:0 14200
13353 13205 1:0 14211
13359 775 1:0 14216
13369 16013 1:0 14230
13369 15924 1:0 14238
13449 7172 1:0 14218
13469 6495 0:0 13505
13469 6496 0:0 13505
13469 6500 21:0 13507
13469 7167 1:0 14218
13471 13211 1:0 14226
13503 895 0:0 13505
13506 7171 1:0 14218
13506 7168 1:0 14218
13508 16011 1:0 14230
13508 771 1:0 14236
13508 13217 1:0 14246
13508 767 1:0 14249
13508 15900 1:0 14251
13508 15894 1:0 14264
13508 16007 1:0 14299
13508 15897 1:0 14299
13521 755 1:0 14417
13523 15875 1:0 14419
13527 16005 1:0 14421
13558 13229 1:0 14427
13598 751 1:0 14430
13678 16004 1:0 14429
13678 747 1:0 14445
13698 13233 1:0 14440
13700 15992 1:0 14459
13700 15886 1:0 14467
13729 6668 0:0 13734
13729 863 0:0 13734
13729 6664 0:0 13734
13729 6663 0:0 13734
13729 6667 0:0 13734
13729 867 0:0 13734
13735 7335 1:0 14447
13735 7339 1:0 14447
13735 13239 1:0 14455
13735 15994 1:0 14459
13735 15993 1:0 14459
13735 743 1:0 14465
13735 7336 1:0 14468
13735 13245 1:0 14471
13735 727 1:0 14646
13737 739 1:0 14470
13737 15988 1:0 14644
13745 15986 1:0 14650
13752 15985 1:0 14658
13758 13257 1:0 14656
13758 15867 1:0 14661
13813 723 1:0 14659
13817 719 1:0 14674
13907 15982 1:0 14663
13907 13261 1:0 14669
13927 7503 1:0 14676
13929 15976 1:0 14678
13929 15862 1:0 14696
13958 839 0:0 13963
13958 835 0:0 13963
13958 6832 0:0 13963
13958 6835 0:0 13963
13958 6836 0:0 13963
13958 6831 0:0 13963
13964 13267 1:0 14684
13964 15975 1:0 14688
13964 15973 1:0 14688
13964 715 1:0 14694
13964 7508 1:0 14697
13964 7504 1:0 14697
13964 711 1:0 14699
13964 13273 1:0 14700
13964 15969 1:0 14873
13964 699 1:0 14875
13966 15966 1:0 14887
13974 15967 1:0 14879
13981 695 1:0 14888
13981 15860 1:0 14890
13987 13285 1:0 14885
14042 13289 1:0 14898
14046 15963 1:0 14892
14056 691 1:0 14903
14136 7671 1:0 14905
14156 15962 1:0 14901
14156 15956 1:0 14917
14156 15954 1:0 14917
14156 687 1:0 14923
14156 15843 1:0 14925
14158 13295 1:0 14913
14187 811 0:0 14192
14187 7003 0:0 14192
14187 7004 0:0 14192
14187 7000 0:0 14192
14187 6999 0:0 14192
14193 7672 1:0 14926
14193 683 1:0 14928
14193 13301 1:0 14929
14193 15950 1:0 15102
14193 671 1:0 15104
14193 15948 1:0 15108
14195 15947 1:0 15116
14203 667 1:0 15117
14210 13313 1:0 15114
14210 15848 1:0 15119
14214 15944 1:0 15121
14232 13317 1:0 15127
14275 7839 1:0 15134
14285 663 1:0 15132
14365 7843 1:0 15134
14385 15943 1:0 15130
14385 15840 1:0 15154
14387 7840 1:0 15155
14417 7167 0:0 14421
14417 7171 0:0 14421
14417 7168 0:0 14421
14417 7172 0:0 14421
14422 13323 1:0 15142
14422 15936 1:0 15146
14422 15937 1:0 15146
14422 659 1:0 15152
14422 655 1:0 15157
14422 13329 1:0 15158
14422 15931 1:0 15331
14422 643 1:0 15333
14424 15929 1:0 15337
14432 15928 1:0 15345
14432 15829 1:0 15348
14439 13341 1:0 15343
14445 639 1:0 15346
14461 15925 1:0 15350
14504 13345 1:0 15356
14514 635 1:0 15361
14594 8007 1:0 15363
14614 7335 0:0 14650
14614 7336 0:0 14650
14614 7340 21:0 14652
14614 15919 1:0 15365
14614 15818 1:0 15383
14616 8008 1:0 15384
14648 751 0:0 14650
14648 7339 0:0 14650
14651 13351 1:0 15371
14651 15918 1:0 15375
14651 15916 1:0 15375
14651 15917 1:0 15375
14651 631 1:0 15381
14651 627 1:0 15386
14651 13357 1:0 15387
14651 15912 1:0 15560
14651 615 1:0 15562
14653 15910 1:0 15566
14653 15909 1:0 15574
14661 611 1:0 15575
14668 13369 1:0 15572
14672 15810 1:0 15577
14672 15906 1:0 15579
14716 13373 1:0 15585
14727 607 1:0 15590
14729 15905 1:0 15588
14733 15805 1:0 15612
14743 15898 1:0 15604
14823 8175 1:0 15592
14843 7504 0:0 14879
14843 7503 0:0 14879
14843 8180 1:0 15613
14845 7507 21:0 14881
14845 13379 1:0 15600
14845 603 1:0 15610
14878 7508 0:0 14879
14880 15899 1:0 15604
14880 8176 1:0 15613
14882 599 1:0 15615
14882 13385 1:0 15616
14882 15893 1:0 15789
14882 587 1:0 15791
14882 15891 1:0 15795
14895 15890 1:0 15803
14897 15802 1:0 15806
14901 13397 1:0 15801
14932 583 1:0 15804
14945 15887 1:0 15808
14956 579 1:0 15819
14958 15881 1:0 15823
14962 15791 1:0 15841
14972 575 1:0 15839
15052 13401 1:0 15814
15072 7671 0:0 15108
15072 7672 0:0 15108
15072 8343 1:0 15821
15074 7675 21:0 15110
15074 15880 1:0 15833
15074 15879 1:0 15833
15109 13407 1:0 15829
15109 15878 1:0 15833
15111 8344 1:0 15842
15111 13413 1:0 15845
15111 559 1:0 16020
15117 571 1:0 15844
15119 15874 1:0 16018
15126 15871 1:0 16032
15130 15872 1:0 16024
15130 15780 1:0 16035
15174 13425 1:0 16030
15281 555 1:0 16033
15301 7839 0:0 15337
15301 7840 0:0 15337
15301 7844 21:0 15339
15301 15868 1:0 16037
15301 13429 1:0 16043
15303 8511 1:0 16050
15335 7843 0:0 15337
15335 667 0:0 15337
15338 551 1:0 16048
15338 8515 1:0 16050
15338 13435 1:0 16058
15338 15861 1:0 16062
15338 15859 1:0 16062
15338 547 1:0 16068
15338 15785 1:0 16070
15340 8512 1:0 16071
15340 15856 1:0 16072
15340 13441 1:0 16074
15340 531 1:0 16249
15346 543 1:0 16073
15348 15855 1:0 16247
15355 15852 1:0 16261
15359 15853 1:0 16253
15359 15761 1:0 16264
15403 13453 1:0 16259
15510 527 1:0 16262
15530 8007 0:0 15566
15530 8008 0:0 15566
15530 8012 21:0 15568
15530 15849 1:0 16266
15530 13457 1:0 16272
15530 523 1:0 16277
15530 15767 1:0 16299
15532 13463 1:0 16287
15532 519 1:0 16297
15567 8684 1:0 16300
15569 15841 1:0 16291
15569 15842 1:0 16291
15569 8680 1:0 16300
15569 15837 1:0 16301
15582 503 1:0 16478
15584 515 1:0 16302
15584 13469 1:0 16303
15584 15836 1:0 16476
15588 15834 1:0 16482
15632 15833 1:0 16490
15643 15765 1:0 16493
15739 499 1:0 16491
15759 8176 0:0 15795
15759 8175 0:0 15795
15759 13481 1:0 16488
15759 15830 1:0 16495
15761 8179 21:0 15797
15761 13485 1:0 16501
15794 8180 0:0 15795
15796 495 1:0 16506
15796 8851 1:0 16508
15796 15824 1:0 16510
15796 15821 1:0 16520
15796 15753 1:0 16528
15798 13491 1:0 16516
15798 15823 1:0 16520
15798 15822 1:0 16520
15798 491 1:0 16526
15798 8848 1:0 16529
15813 487 1:0 16531
15813 13497 1:0 16532
15813 475 1:0 16707
15817 15817 1:0 16705
15819 15815 1:0 16711
15872 15814 1:0 16719
15874 467 1:0 16735
15968 471 1:0 16720
15968 15748 1:0 16722
15988 8343 0:0 16024
15988 8344 0:0 16024
15988 8348 21:0 16026
15988 13509 1:0 16717
15988 15811 1:0 16724
15990 15723 1:0 16757
16025 13513 1:0 16730
16027 9019 1:0 16737
16027 9015 1:0 16737
16033 13519 1:0 16745
16035 15803 1:0 16749
16035 463 1:0 16755
16042 9016 1:0 16758
16046 15804 1:0 16749
16077 447 1:0 16936
16090 15799 1:0 16759
16101 13525 1:0 16761
16103 459 1:0 16760
16107 15798 1:0 16934
16197 15796 1:0 16940
16217 8512 0:0 16253
16217 8511 0:0 16253
16217 555 0:0 16253
16217 8516 21:0 16255
16217 15795 1:0 16948
16219 443 1:0 16949
16251 559 0:0 16253
16251 8515 0:0 16253
16254 13537 1:0 16946
16254 15729 1:0 16951
16254 15792 1:0 16953
16254 13541 1:0 16959
16254 439 1:0 16964
16254 15786 1:0 16968
16254 13547 1:0 16974
16254 15783 1:0 16978
16254 15784 1:0 16978
16254 435 1:0 16984
16254 15715 1:0 16986
16256 9184 1:0 16987
16262 9183 1:0 16987
16271 431 1:0 16989
16271 13553 1:0 16990
16271 419 1:0 17165
16275 9168 1:0 17015
16275 9167 1:0 17016
16277 15779 1:0 17163
16319 15777 1:0 17169
16346 15776 1:0 17177
16426 13565 1:0 17175
16446 8680 0:0 16482
16446 15704 1:0 17180
16448 8683 21:0 16484
16448 415 1:0 17178
16448 15773 1:0 17182
16481 8684 0:0 16482
16483 13569 1:0 17188
16485 15772 1:0 17191
16485 411 1:0 17193
16485 15766 1:0 17207
16485 15707 1:0 17215
16485 9352 1:0 17216
16491 407 1:0 17213
16493 13575 1:0 17203
16500 9351 1:0 17216
16506 9356 1:0 17216
16561 9355 1:0 17216
16565 15764 1:0 17207
16655 13581 1:0 17219
16655 391 1:0 17394
16675 8848 0:0 16711
16675 8852 21:0 16713
16675 403 1:0 17218
16675 9339 1:0 17244
16675 9348 1:0 17244
16675 9343 1:0 17244
16677 9336 1:0 17244
16677 9335 1:0 17245
16709 8851 0:0 16711
16712 9344 1:0 17244
16712 9340 1:0 17244
16712 15760 1:0 17392
16714 15758 1:0 17398
16714 15757 1:0 17406
16714 15691 1:0 17409
16727 387 1:0 17407
16733 13593 1:0 17404
16751 13597 1:0 17417
16764 15754 1:0 17411
16777 383 1:0 17422
16788 15685 1:0 17444
16790 379 1:0 17442
16794 15747 1:0 17436
16804 13603 1:0 17432
16884 9519 1:0 17445
16904 9015 0:0 16940
16904 9016 0:0 16940
16904 9020 21:0 16942
16904 15745 1:0 17436
16904 15746 1:0 17436
16906 9520 1:0 17445
16938 471 0:0 16940
16938 9019 0:0 16940
16941 15742 1:0 17446
16941 375 1:0 17447
16941 13609 1:0 17448
16941 9504 1:0 17473
16941 9508 1:0 17474
16941 9503 1:0 17474
16941 15741 1:0 17621
16941 363 1:0 17623
16943 15739 1:0 17627
16943 15738 1:0 17635
16951 359 1:0 17636
16956 15688 1:0 17638
16962 13621 1:0 17633
16962 15735 1:0 17640
16993 13625 1:0 17646
17006 355 1:0 17651
17017 15734 1:0 17649
17019 15677 1:0 17673
17032 9168 0:0 17087
17035 9167 0:0 17089
17073 9687 1:0 17674
17113 13631 1:0 17661
17113 15726 1:0 17665
17113 15728 1:0 17665
17113 351 1:0 17671
17133 9183 0:0 17169
17133 9184 0:0 17169
17133 9688 1:0 17674
17135 15727 1:0 17665
17170 13637 1:0 17677
17170 335 1:0 17852
17172 347 1:0 17676
17172 9672 1:0 17702
17172 9671 1:0 17703
17178 15722 1:0 17850
17187 15720 1:0 17856
17191 15719 1:0 17864
17209 13649 1:0 17862
17252 331 1:0 17865
17261 9336 0:0 17316
17262 15666 1:0 17867
17264 9335 0:0 17318
17281 9340 0:0 17335
17284 9339 0:0 17336
17313 9344 0:0 17338
17317 13653 1:0 17875
17322 15716 1:0 17869
17337 9343 0:0 17356
17342 327 1:0 17880
17342 15710 1:0 17884
17342 13659 1:0 17890
17342 323 1:0 17900
17342 15670 1:0 17902
17344 15709 1:0 17894
17362 9348 0:0 17398
17362 9856 1:0 17903
17364 15708 1:0 17894
17397 9356 0:0 17398
17397 9355 0:0 17398
17397 9352 0:0 17398
17397 9351 0:0 17398
17399 319 1:0 17905
17399 13665 1:0 17906
17399 15703 1:0 18079
17399 307 1:0 18081
17399 15701 1:0 18085
17399 15700 1:0 18093
17399 15647 1:0 18096
17407 303 1:0 18094
17416 13677 1:0 18091
17420 13681 1:0 18104
17422 15697 1:0 18098
17438 299 1:0 18109
17481 10023 1:0 18111
17490 9504 0:0 17545
17491 15696 1:0 18107
17493 9503 0:0 17547
17510 9508 0:0 17564
17511 15653 1:0 18131
17531 13687 1:0 18119
17531 15690 1:0 18123
17533 295 1:0 18129
17571 10024 1:0 18132
17591 9520 0:0 17627
17591 9519 0:0 17627
17591 15689 1:0 18123
17593 279 1:0 18310
17628 291 1:0 18134
17628 13693 1:0 18135
17628 15684 1:0 18308
17630 15681 1:0 18322
17638 15682 1:0 18314
17645 13705 1:0 18320
17651 275 1:0 18323
17651 15652 1:0 18325
17706 13709 1:0 18333
17710 15678 1:0 18327
17719 9672 0:0 17774
17720 271 1:0 18338
17722 9671 0:0 17776
17740 15672 1:0 18342
17760 15639 1:0 18360
17800 13715 1:0 18348
17800 15669 1:0 18352
17800 15671 1:0 18352
17800 267 1:0 18358
17820 359 0:0 17856
17820 9688 0:0 17856
17820 9687 0:0 17856
17820 13721 1:0 18364
17820 251 1:0 18539
17822 263 1:0 18363
17857 15665 1:0 18537
17857 15663 1:0 18543
17857 15662 1:0 18551
17857 15634 1:0 18554
17865 247 1:0 18552
17874 13733 1:0 18549
17878 13737 1:0 18562
17880 15659 1:0 18556
17880 15658 1:0 18565
17896 243 1:0 18567
17909 15633 1:0 18589
17922 239 1:0 18587
17933 15651 1:0 18581
17935 15650 1:0 18581
17949 13743 1:0 18577
18029 223 1:0 18768
18049 9856 0:0 18085
18049 235 1:0 18592
18049 13749 1:0 18593
18049 15646 1:0 18766
18051 9859 21:0 18087
18051 15644 1:0 18772
18084 331 0:0 18085
18086 15643 1:0 18780
18088 13761 1:0 18778
18088 15609 1:0 18783
18094 219 1:0 18781
18096 15640 1:0 18785
18103 13765 1:0 18791
18103 215 1:0 18796
18107 15620 1:0 18818
18125 10528 1:0 18819
18138 15632 1:0 18810
18151 15631 1:0 18810
18164 13771 1:0 18806
18168 211 1:0 18816
18258 15628 1:0 18820
18258 195 1:0 18997
18278 10024 0:0 18314
18278 10023 0:0 18314
18278 207 1:0 18821
18278 13777 1:0 18822
18278 15627 1:0 18995
18280 15624 1:0 19009
18315 15625 1:0 19001
18317 191 1:0 19010
18332 13789 1:0 19007
18332 15590 1:0 19012
18332 15621 1:0 19014
18338 13793 1:0 19020
18351 187 1:0 19025
18367 15615 1:0 19029
18380 15601 1:0 19047
18391 15613 1:0 19039
18393 15612 1:0 19039
18397 15614 1:0 19039
18407 13799 1:0 19035
18487 10696 1:0 19048
18507 183 1:0 19045
18546 167 1:0 19226
18552 179 1:0 19050
18554 13805 1:0 19051
18554 15608 1:0 19224
18561 15605 1:0 19238
18565 15606 1:0 19230
18567 15594 1:0 19241
18622 163 1:0 19239
18716 13817 1:0 19236
18736 13821 1:0 19249
18775 15602 1:0 19243
18775 159 1:0 19254
18788 10863 1:0 19256
18790 15596 1:0 19258
18790 13827 1:0 19264
18790 15595 1:0 19268
18790 15577 1:0 19276
18796 10864 1:0 19277
18812 155 1:0 19274
18825 15593 1:0 19268
18865 139 1:0 19455
18945 151 1:0 19279
18945 13833 1:0 19280
18945 15589 1:0 19453
18965 10528 0:0 19001
18965 15587 1:0 19459
18967 15586 1:0 19467
19010 13845 1:0 19465
19019 135 1:0 19468
19019 15571 1:0 19470
19019 15583 1:0 19472
19025 13849 1:0 19478
19041 131 1:0 19483
19054 15582 1:0 19481
19067 15563 1:0 19505
19078 15574 1:0 19497
19080 15576 1:0 19497
19084 15575 1:0 19497
19094 127 1:0 19503
19174 11032 1:0 19506
19194 10696 0:0 19230
19194 13855 1:0 19493
19196 13861 1:0 19509
19196 111 1:0 19684
19233 123 1:0 19508
19233 15570 1:0 19682
19241 15568 1:0 19688
19248 15567 1:0 19696
19254 107 1:0 19697
19307 13873 1:0 19694
19309 15552 1:0 19699
19313 15564 1:0 19701
19403 13877 1:0 19707
19403 103 1:0 19712
19423 10863 0:0 19459
19423 10864 0:0 19459
19423 15558 1:0 19716
19423 13883 1:0 19722
19423 15555 1:0 19726
19423 99 1:0 19732
19423 15539 1:0 19734
19425 15556 1:0 19726
19425 15557 1:0 19726
19460 83 1:0 19913
19462 95 1:0 19737
19462 13889 1:0 19738
19462 15551 1:0 19911
19475 15548 1:0 19925
19477 15549 1:0 19917
19481 15533 1:0 19928
19499 13901 1:0 19923
19542 79 1:0 19926
19632 15545 1:0 19930
19632 13905 1:0 19936
19652 11032 0:0 19688
19652 15544 1:0 19939
19652 75 1:0 19941
19652 71 1:0 19961
19652 15514 1:0 19963
19654 13911 1:0 19951
19654 15536 1:0 19955
19691 15537 1:0 19955
19691 15538 1:0 19955
19699 55 1:0 20142
19704 67 1:0 19966
19706 13917 1:0 19967
19706 15532 1:0 20140
19710 15529 1:0 20154
19728 15530 1:0 20146
19771 51 1:0 20155
19861 13929 1:0 20152
19861 15525 1:0 20157
19881 15526 1:0 20159
19920 13933 1:0 20165
19926 47 1:0 20170
19928 15520 1:0 20174
19928 15497 1:0 20192
19933 15517 1:0 20184
19935 13939 1:0 20180
19935 15519 1:0 20184
19935 15518 1:0 20184
19939 43 1:0 20190
19957 27 1:0 20371
19970 39 1:0 20195
19994 13945 1:0 20196
19996 15513 1:0 20369
20090 15511 1:0 20375
20090 15510 1:0 20383
20149 23 1:0 20384
20149 15506 1:0 20386
20164 13957 1:0 20381
20164 15507 1:0 20388
20168 13961 1:0 20394
20223 11704 1:0 20403
20319 11703 1:0 20403
20339 11707 1:0 20403
20378 19 1:0 20399
20378 3429 1:0 20403
20378 15501 1:0 20403
20386 11708 1:0 20560
20391 13967 1:0 20405
20393 15 1:0 20405
20393 15498 1:0 20405
20393 15499 1:0 20405
20397 15500 1:0 20405
20397 11 1:0 20424
20397 13973 1:0 20425
20399 7 1:0 20437
20415 13977 1:0 20438
20428 13980 1:0 20451
20441 5 1:0 20547
20468 331 1:0 480
20548 3 1:0 20611
20548 11839 1:0 20613
20548 11840 1:0 20614
20567 11708 21:0 60
20568 359 1:0 520
