30 11903 0:0 32
31 906 0:0 32
31 11902 0:0 32
31 3 0:0 32
31 2829 0:0 32
34 5 0:0 36
38 9 0:0 40
46 13 0:0 48
52 11927 0:0 53
52 11929 0:0 53
52 11928 0:0 53
57 17 0:0 59
57 11930 0:0 59
58 11926 21:0 59
58 11935 0:0 59
58 11764 0:0 59
58 11765 0:0 59
58 11768 0:0 59
61 11939 21:0 80
62 21 0:0 64
70 11936 0:0 72
71 11942 0:0 72
78 37 0:0 80
79 33 21:0 93
80 11940 0:0 93
80 25 0:0 99
86 41 0:0 88
92 11947 0:0 93
92 11946 0:0 93
92 11948 0:0 93
93 45 21:0 99
97 11949 0:0 99
98 11954 0:0 99
98 11943 21:0 99
101 11958 21:0 120
102 49 0:0 104
110 11955 0:0 112
111 11961 0:0 112
114 61 0:0 116
118 65 0:0 120
120 11959 0:0 133
120 53 0:0 139
120 69 21:0 139
132 11966 0:0 133
132 11965 0:0 133
132 11967 0:0 133
137 11968 0:0 139
138 11973 0:0 139
138 11962 21:0 139
138 73 21:0 139
141 11977 21:0 160
142 77 0:0 144
150 11974 0:0 152
151 11980 0:0 152
158 93 0:0 160
159 89 21:0 173
160 11978 0:0 173
160 81 0:0 179
166 97 0:0 168
172 11986 0:0 173
172 11985 0:0 173
172 11984 0:0 173
175 11981 21:0 179
178 11992 21:0 179
178 101 0:0 179
178 11987 0:0 179
181 11996 21:0 200
182 105 0:0 184
190 11993 0:0 192
191 11999 0:0 192
198 121 0:0 200
199 117 21:0 213
200 11997 0:0 213
200 109 0:0 219
206 125 0:0 208
212 12005 0:0 213
212 12004 0:0 213
212 12003 21:0 219
217 129 0:0 219
217 12000 0:0 219
218 12006 21:0 219
218 12011 0:0 219
221 12015 21:0 240
222 133 0:0 224
230 12012 0:0 232
231 12018 0:0 232
238 149 0:0 240
239 145 21:0 253
240 12016 0:0 253
240 137 0:0 259
246 153 0:0 248
252 12024 0:0 253
252 12023 0:0 253
252 12022 21:0 259
257 12025 0:0 259
257 12019 0:0 259
258 157 21:0 259
258 12030 0:0 259
261 12034 21:0 280
262 161 0:0 264
270 12031 0:0 272
271 12037 0:0 272
278 177 0:0 280
279 173 21:0 293
280 12035 0:0 293
280 165 0:0 299
286 181 0:0 288
292 12041 0:0 293
292 12042 0:0 293
292 12043 0:0 293
295 12038 21:0 299
298 12044 0:0 299
298 185 0:0 299
298 12049 21:0 299
301 12053 21:0 320
302 189 0:0 304
310 12050 0:0 312
311 12056 0:0 312
314 201 0:0 316
318 205 0:0 320
320 12054 0:0 333
320 193 0:0 339
320 209 21:0 339
332 12061 0:0 333
332 12062 0:0 333
332 12060 0:0 333
337 12063 0:0 339
338 12068 0:0 339
338 12057 21:0 339
338 213 21:0 339
341 12072 21:0 360
342 217 0:0 344
350 12069 0:0 352
351 12075 0:0 352
358 233 0:0 360
359 229 21:0 373
360 12073 0:0 373
360 221 0:0 379
366 237 0:0 368
372 12080 0:0 373
372 12081 0:0 373
372 12079 0:0 373
373 241 21:0 379
377 12082 0:0 379
378 12076 21:0 379
378 12087 0:0 379
381 12091 21:0 400
382 245 0:0 384
390 12088 0:0 392
391 12094 0:0 392
398 261 0:0 400
399 257 21:0 413
400 12092 0:0 413
400 249 0:0 419
406 265 0:0 408
412 12100 0:0 413
412 12098 0:0 413
412 12099 0:0 413
415 12095 21:0 419
418 269 21:0 419
418 12106 0:0 419
418 12101 0:0 419
421 12110 21:0 440
422 273 0:0 424
430 12107 0:0 432
431 12113 0:0 432
438 289 0:0 440
439 285 21:0 453
440 12111 0:0 453
440 277 0:0 459
446 293 0:0 448
452 12119 0:0 453
452 12117 0:0 453
452 12118 0:0 453
455 12114 21:0 459
458 12120 21:0 459
458 12125 0:0 459
458 297 0:0 459
461 12129 21:0 480
462 301 0:0 464
470 12126 0:0 472
471 12132 0:0 472
478 317 0:0 480
479 313 21:0 493
480 12130 0:0 493
480 305 0:0 499
486 321 0:0 488
492 12137 0:0 493
492 12138 0:0 493
492 12136 0:0 493
495 12133 21:0 499
498 12139 21:0 499
498 12144 0:0 499
498 325 0:0 499
501 12148 21:0 520
502 329 0:0 504
510 12145 0:0 512
511 12151 0:0 512
514 341 0:0 516
519 345 21:0 533
520 12149 0:0 533
520 333 0:0 539
526 349 0:0 528
532 12155 0:0 533
532 12157 0:0 533
532 12156 0:0 533
535 12152 21:0 539
538 12158 21:0 539
538 12163 0:0 539
538 353 0:0 539
541 12167 21:0 560
542 357 0:0 544
550 12164 0:0 552
551 12170 0:0 552
558 373 0:0 560
559 369 21:0 573
560 12168 0:0 573
560 361 0:0 579
566 377 0:0 568
572 12175 0:0 573
572 12174 0:0 573
572 12176 21:0 579
577 381 0:0 579
577 12177 0:0 579
578 12171 21:0 579
578 12182 0:0 579
581 12186 21:0 600
582 385 0:0 584
590 12183 0:0 592
591 12189 0:0 592
598 401 0:0 600
599 397 21:0 613
600 12187 0:0 613
600 389 0:0 619
606 405 0:0 608
612 12194 0:0 613
612 12195 0:0 613
612 12193 0:0 613
615 12190 21:0 619
618 12196 21:0 619
618 12201 0:0 619
618 409 0:0 619
621 12205 21:0 640
622 413 0:0 624
640 12206 0:0 653
640 417 0:0 659
661 12224 21:0 680
662 441 0:0 664
680 12225 0:0 693
680 445 0:0 699
701 12243 21:0 720
702 469 0:0 704
720 12244 0:0 733
720 473 0:0 739
741 12262 21:0 760
742 497 0:0 744
760 12263 0:0 773
760 501 0:0 779
781 12281 21:0 800
782 525 0:0 784
800 12282 0:0 813
800 529 0:0 819
821 12300 21:0 840
822 553 0:0 824
840 12301 0:0 853
840 557 0:0 859
859 581 0:0 864
861 12319 0:0 864
864 585 21:0 899
898 12320 0:0 899
899 609 21:0 933
903 12338 0:0 904
932 613 0:0 939
932 12339 0:0 939
939 637 21:0 973
943 12357 0:0 944
972 12358 0:0 979
972 641 0:0 979
979 665 21:0 1013
983 12376 0:0 984
1012 669 0:0 1019
1012 12377 0:0 1019
1019 693 21:0 1053
1023 12395 0:0 1024
1052 12396 0:0 1059
1052 697 0:0 1059
1059 721 21:0 1093
1063 12414 0:0 1064
1092 725 0:0 1099
1092 12415 0:0 1099
1099 749 21:0 1133
1103 12433 0:0 1104
1132 753 0:0 1139
1134 749 1:0 1647
1140 753 1:0 1659
1140 12433 1:0 1714
1140 721 1:0 1722
1140 725 1:0 1734
1140 12415 1:0 1786
1140 12414 1:0 1793
1140 693 1:0 1836
1140 697 1:0 1859
1140 12396 1:0 1861
1140 12395 1:0 1868
1140 665 1:0 1911
1140 669 1:0 1934
1140 12377 1:0 1936
1140 12376 1:0 1943
1140 641 1:0 1987
1140 12358 1:0 2011
1140 637 1:0 2011
1140 12357 1:0 2018
1140 613 1:0 2062
1140 609 1:0 2086
1140 12339 1:0 2086
1140 12338 1:0 2093
1140 585 1:0 2159
1140 12320 1:0 2161
1140 12319 1:0 2168
1140 581 1:0 2170
1140 557 1:0 2224
1140 12301 1:0 2236
1140 12300 1:0 2236
1140 553 1:0 2245
1140 529 1:0 2299
1140 12281 1:0 2311
1140 12282 1:0 2311
1140 525 1:0 2320
1140 501 1:0 2374
1140 12262 1:0 2386
1140 12263 1:0 2386
1140 497 1:0 2395
1140 473 1:0 2449
1140 12243 1:0 2461
1320 12538 21:0 1330
1333 12546 21:0 1337
1336 903 21:0 1337
1337 893 0:0 1339
1340 12244 1:0 2461
1344 12553 21:0 1350
1348 889 0:0 1350
1351 469 1:0 2470
1351 445 1:0 2534
1351 12224 1:0 2543
1355 12557 21:0 1402
1357 12225 1:0 2537
1360 885 0:0 1362
1377 12563 0:0 1378
1378 881 0:0 1380
1387 12569 0:0 1389
1389 877 0:0 1391
1392 441 1:0 2545
1398 12573 0:0 1400
1400 873 0:0 1402
1407 12576 21:0 1412
1412 865 0:0 1414
1415 417 1:0 2609
1415 12206 1:0 2612
1419 12581 21:0 1425
1423 861 0:0 1425
1426 12205 1:0 2618
1426 413 1:0 2620
1426 12201 1:0 2630
1426 409 1:0 2632
1426 12196 1:0 2635
1426 405 1:0 2650
1428 12195 1:0 2637
1428 12190 1:0 2653
1430 12585 21:0 1477
1432 12193 1:0 2637
1435 857 0:0 1437
1438 12194 1:0 2637
1445 401 1:0 2661
1452 12591 0:0 1453
1453 853 0:0 1455
1456 397 1:0 2672
1462 12597 0:0 1464
1464 849 0:0 1466
1473 12601 0:0 1475
1475 845 0:0 1477
1478 12189 1:0 2682
1478 389 1:0 2684
1482 12604 21:0 1487
1487 837 0:0 1489
1490 12187 1:0 2687
1494 12609 21:0 1500
1498 833 0:0 1500
1501 12186 1:0 2693
1501 385 1:0 2695
1501 12183 1:0 2697
1501 12182 1:0 2705
1501 381 1:0 2707
1501 12177 1:0 2710
1501 12176 1:0 2718
1503 12175 1:0 2718
1503 377 1:0 2725
1505 12613 21:0 1552
1507 12174 1:0 2718
1507 12171 1:0 2728
1510 829 0:0 1512
1520 373 1:0 2736
1527 12619 0:0 1528
1528 825 0:0 1530
1531 369 1:0 2747
1537 12625 0:0 1539
1539 821 0:0 1541
1548 12629 0:0 1550
1550 817 0:0 1552
1553 12170 1:0 2757
1553 361 1:0 2759
1557 12632 21:0 1562
1562 809 0:0 1564
1565 12167 1:0 2768
1569 12637 21:0 1575
1573 805 0:0 1575
1576 12168 1:0 2762
1576 357 1:0 2770
1576 12164 1:0 2772
1576 12163 1:0 2780
1576 353 1:0 2782
1576 12158 1:0 2783
1576 12152 1:0 2801
1578 12156 1:0 2793
1578 349 1:0 2800
1580 12641 21:0 1627
1582 12155 1:0 2793
1582 12157 1:0 2793
1585 801 0:0 1587
1595 345 1:0 2811
1602 12647 0:0 1603
1603 797 0:0 1605
1606 341 1:0 2822
1612 12653 0:0 1614
1614 793 0:0 1616
1623 12657 0:0 1625
1625 789 0:0 1627
1628 12151 1:0 2832
1628 333 1:0 2834
1632 12660 21:0 1637
1637 781 0:0 1639
1640 12148 1:0 2843
1644 12665 21:0 1650
1648 777 0:0 1650
1651 12149 1:0 2837
1651 329 1:0 2845
1651 12145 1:0 2847
1651 12144 1:0 2855
1651 325 1:0 2857
1651 12139 1:0 2860
1651 12133 1:0 2878
1653 12137 1:0 2862
1653 12136 1:0 2862
1655 12669 21:0 1702
1657 12138 1:0 2862
1657 321 1:0 2875
1660 773 0:0 1662
1670 317 1:0 2886
1677 12675 0:0 1678
1678 769 0:0 1680
1681 313 1:0 2897
1687 12681 0:0 1689
1689 765 0:0 1691
1698 12685 0:0 1700
1700 761 0:0 1702
1703 12132 1:0 2907
1703 305 1:0 2909
1707 12688 21:0 1712
1712 753 0:0 1714
1715 12130 1:0 2912
1719 12693 21:0 1725
1723 749 0:0 1725
1726 12129 1:0 2918
1726 301 1:0 2920
1726 12126 1:0 2922
1726 12125 1:0 2930
1726 297 1:0 2932
1726 12120 1:0 2935
1726 12118 1:0 2937
1728 293 1:0 2936
1728 12117 1:0 2937
1730 12697 21:0 1777
1732 12119 1:0 2937
1732 12114 1:0 2953
1735 745 0:0 1737
1745 289 1:0 2961
1752 12703 0:0 1753
1753 741 0:0 1755
1756 285 1:0 2972
1762 12709 0:0 1764
1764 737 0:0 1766
1773 12713 0:0 1775
1775 733 0:0 1777
1778 12113 1:0 2982
1778 277 1:0 2984
1782 12716 21:0 1787
1787 725 0:0 1789
1790 12110 1:0 2993
1794 12721 21:0 1800
1798 721 0:0 1800
1801 12111 1:0 2987
1801 273 1:0 2995
1801 12107 1:0 2997
1801 12106 1:0 3005
1801 269 1:0 3007
1801 12101 1:0 3010
1801 12100 1:0 3012
1803 12098 1:0 3012
1803 12099 1:0 3012
1805 12725 21:0 1852
1807 265 1:0 3011
1807 12095 1:0 3028
1810 717 0:0 1812
1820 261 1:0 3036
1827 12731 0:0 1828
1828 713 0:0 1830
1831 257 1:0 3047
1837 12737 0:0 1839
1839 709 0:0 1841
1848 12741 0:0 1850
1853 12094 1:0 3057
1853 249 1:0 3059
1857 12744 21:0 1862
1860 705 0:0 1862
1862 697 0:0 1864
1865 12091 1:0 3068
1869 12749 21:0 1875
1873 693 0:0 1875
1876 12092 1:0 3062
1876 245 1:0 3070
1876 12088 1:0 3072
1876 12087 1:0 3080
1876 241 1:0 3082
1876 12082 1:0 3085
1876 12076 1:0 3103
1878 12080 1:0 3093
1878 12081 1:0 3093
1880 12753 21:0 1927
1882 12079 1:0 3093
1882 237 1:0 3100
1885 689 0:0 1887
1895 233 1:0 3111
1902 12759 0:0 1903
1903 685 0:0 1905
1906 229 1:0 3122
1912 12765 0:0 1914
1914 681 0:0 1916
1923 12769 0:0 1925
1928 12075 1:0 3132
1928 221 1:0 3134
1932 12772 21:0 1937
1935 677 0:0 1937
1937 669 0:0 1939
1940 12073 1:0 3137
1944 12777 21:0 1950
1948 665 0:0 1950
1951 12072 1:0 3143
1951 217 1:0 3145
1951 12069 1:0 3147
1951 12068 1:0 3155
1951 213 1:0 3157
1951 12057 1:0 3158
1951 209 1:0 3175
1953 12063 1:0 3160
1953 12061 1:0 3168
1955 12781 21:0 2002
1957 12062 1:0 3168
1957 12060 1:0 3168
1960 661 0:0 1962
1987 12787 0:0 1989
1987 12793 0:0 1989
1987 657 0:0 1989
1987 205 1:0 3186
1989 653 0:0 1991
1990 201 1:0 3197
1998 12797 0:0 2000
2000 649 0:0 2002
2003 12056 1:0 3207
2003 193 1:0 3209
2007 12800 21:0 2012
2012 641 0:0 2014
2015 12053 1:0 3218
2019 12805 21:0 2025
2023 637 0:0 2025
2026 12054 1:0 3212
2026 189 1:0 3220
2026 12050 1:0 3222
2026 12049 1:0 3230
2026 185 1:0 3232
2026 12044 1:0 3235
2026 181 1:0 3236
2028 12043 1:0 3237
2028 12038 1:0 3253
2030 12809 21:0 2077
2032 12041 1:0 3237
2032 12042 1:0 3237
2035 633 0:0 2037
2062 629 0:0 2064
2062 12815 0:0 2064
2062 12821 0:0 2064
2062 177 1:0 3261
2064 625 0:0 2066
2065 173 1:0 3272
2073 12825 0:0 2075
2075 621 0:0 2077
2078 12037 1:0 3282
2078 165 1:0 3284
2082 12828 21:0 2087
2087 613 0:0 2089
2090 12035 1:0 3287
2094 12833 21:0 2100
2098 609 0:0 2100
2101 12034 1:0 3293
2101 161 1:0 3295
2101 12031 1:0 3298
2101 12030 1:0 3305
2101 157 1:0 3307
2101 12025 1:0 3310
2101 12022 1:0 3318
2103 12024 1:0 3318
2103 12023 1:0 3318
2105 12837 21:0 2152
2107 153 1:0 3325
2107 12019 1:0 3328
2110 605 0:0 2112
2120 149 1:0 3336
2127 12843 0:0 2128
2128 601 0:0 2130
2131 145 1:0 3347
2137 12849 0:0 2139
2139 597 0:0 2141
2148 12853 0:0 2150
2150 593 0:0 2152
2153 12018 1:0 3357
2153 137 1:0 3359
2157 12856 21:0 2162
2162 585 0:0 2164
2165 12016 1:0 3362
2169 12861 21:0 2175
2173 581 0:0 2175
2176 12015 1:0 3368
2176 133 1:0 3370
2176 12012 1:0 3373
2176 12011 1:0 3380
2176 129 1:0 3382
2176 12006 1:0 3383
2176 12003 1:0 3393
2178 12005 1:0 3393
2178 125 1:0 3400
2180 12865 21:0 2227
2182 12004 1:0 3393
2182 12000 1:0 3403
2185 577 0:0 2187
2195 121 1:0 3411
2202 12871 0:0 2203
2203 573 0:0 2205
2206 117 1:0 3422
2212 12877 0:0 2214
2225 565 0:0 2227
2226 569 0:0 2227
2226 12881 0:0 2227
2228 11999 1:0 3432
2228 109 1:0 3434
2232 12884 21:0 2237
2237 557 0:0 2239
2240 11997 1:0 3437
2244 12889 21:0 2250
2248 553 0:0 2250
2251 11996 1:0 3443
2251 105 1:0 3445
2251 11993 1:0 3448
2251 11992 1:0 3455
2251 101 1:0 3457
2251 11987 1:0 3460
2251 11981 1:0 3478
2253 97 1:0 3461
2253 11984 1:0 3462
2255 12893 21:0 2302
2257 11986 1:0 3462
2257 11985 1:0 3462
2260 549 0:0 2262
2270 93 1:0 3486
2277 12899 0:0 2278
2278 545 0:0 2280
2281 89 1:0 3497
2287 12905 0:0 2289
2300 537 0:0 2302
2301 541 0:0 2302
2301 12909 0:0 2302
2303 11980 1:0 3507
2303 81 1:0 3509
2307 12912 21:0 2312
2312 529 0:0 2314
2315 11978 1:0 3512
2319 12917 21:0 2325
2323 525 0:0 2325
2326 11977 1:0 3518
2326 77 1:0 3520
2326 11974 1:0 3523
2326 11973 1:0 3530
2326 73 1:0 3532
2326 11962 1:0 3533
2326 11968 1:0 3535
2328 11966 1:0 3543
2328 69 1:0 3550
2330 12921 21:0 2377
2332 11967 1:0 3543
2332 11965 1:0 3543
2335 521 0:0 2337
2345 65 1:0 3561
2352 12927 0:0 2353
2353 517 0:0 2355
2356 61 1:0 3572
2362 12933 0:0 2364
2375 509 0:0 2377
2376 12937 0:0 2377
2376 513 0:0 2377
2378 11961 1:0 3582
2378 53 1:0 3584
2382 12940 21:0 2387
2387 501 0:0 2389
2390 11958 1:0 3593
2394 12945 21:0 2400
2398 497 0:0 2400
2401 11959 1:0 3587
2401 49 1:0 3595
2401 11955 1:0 3598
2401 11954 1:0 3605
2401 45 1:0 3607
2401 11949 1:0 3610
2401 11943 1:0 3628
2403 11947 1:0 3612
2403 41 1:0 3625
2405 12949 21:0 2452
2407 11948 1:0 3612
2407 11946 1:0 3612
2410 493 0:0 2412
2420 37 1:0 3636
2427 12955 0:0 2428
2428 489 0:0 2430
2431 33 1:0 3647
2437 12961 0:0 2439
2451 12965 0:0 2452
2457 12968 21:0 2462
2462 473 0:0 2464
2465 11942 1:0 3657
2465 25 1:0 3659
2469 12973 21:0 2475
2471 11939 1:0 3668
2473 469 0:0 2475
2476 11940 1:0 3662
2476 21 1:0 3670
2476 11936 1:0 3673
2476 11935 1:0 3680
2476 17 1:0 3682
2478 11930 1:0 3685
2478 11927 1:0 3687
2480 12977 21:0 2527
2495 11929 1:0 3687
2495 13 1:0 3700
2502 12983 0:0 2503
2512 12989 0:0 2514
2512 11926 1:0 3703
2528 11928 1:0 3687
2528 9 1:0 3711
2532 12996 21:0 2537
2535 12993 0:0 2537
2537 445 0:0 2539
2540 5 1:0 3722
2540 2829 1:0 3732
2540 3 1:0 3735
2544 13001 21:0 2550
2548 441 0:0 2550
2555 13005 21:0 2602
2577 13011 0:0 2578
2587 13017 0:0 2589
2607 13024 21:0 2612
2610 13021 0:0 2612
2612 417 0:0 2614
2619 13029 21:0 2625
2623 413 0:0 2625
2630 13033 21:0 2677
2652 13039 0:0 2653
2662 13045 0:0 2664
2682 13052 21:0 2687
2685 13049 0:0 2687
2687 389 0:0 2689
2694 13057 21:0 2700
2698 385 0:0 2700
2705 13061 21:0 2752
2727 13067 0:0 2728
2737 13073 0:0 2739
2751 13077 21:0 2762
2761 13080 21:0 2762
2762 361 0:0 2764
2769 13085 21:0 2775
2773 357 0:0 2775
2780 13089 21:0 2827
2802 13095 0:0 2803
2812 13101 0:0 2814
2832 13108 21:0 2837
2835 13105 0:0 2837
2837 333 0:0 2839
2844 13113 21:0 2850
2848 329 0:0 2850
2855 13117 21:0 2902
2877 13123 0:0 2878
2887 13129 0:0 2889
2907 13136 21:0 2912
2910 13133 0:0 2912
2912 305 0:0 2914
2919 13141 21:0 2925
2923 301 0:0 2925
2930 13145 21:0 2977
2952 13151 0:0 2953
2962 13157 0:0 2964
2982 13164 21:0 2987
2985 13161 0:0 2987
2987 277 0:0 2989
2994 13169 21:0 3000
2998 273 0:0 3000
3005 13173 21:0 3052
3027 13179 0:0 3028
3037 13185 0:0 3039
3057 13192 21:0 3062
3060 13189 0:0 3062
3062 249 0:0 3064
3069 13197 21:0 3075
3073 245 0:0 3075
3080 13201 21:0 3127
3102 13207 0:0 3103
3112 13213 0:0 3114
3132 13220 21:0 3137
3135 13217 0:0 3137
3137 221 0:0 3139
3144 13225 21:0 3150
3148 217 0:0 3150
3155 13229 21:0 3202
3177 13235 0:0 3178
3187 13241 0:0 3189
3207 13248 21:0 3212
3210 13245 0:0 3212
3212 193 0:0 3214
3219 13253 21:0 3225
3223 189 0:0 3225
3230 13257 21:0 3277
3252 13263 0:0 3253
3262 13269 0:0 3264
3276 13273 21:0 3287
3286 13276 21:0 3287
3287 165 0:0 3289
3294 13281 21:0 3300
3298 161 0:0 3300
3305 13285 21:0 3352
3327 13291 0:0 3328
3337 13297 0:0 3339
3357 13304 21:0 3362
3360 13301 0:0 3362
3362 137 0:0 3364
3369 13309 21:0 3375
3373 133 0:0 3375
3376 133 1:0 3910
3376 137 1:0 3930
3376 161 1:0 3950
3376 165 1:0 3970
3376 189 1:0 3990
3376 193 1:0 4010
3376 217 1:0 4030
3376 221 1:0 4050
3376 245 1:0 4070
3376 249 1:0 4090
3376 273 1:0 4110
3376 277 1:0 4130
3376 301 1:0 4150
3376 305 1:0 4170
3376 329 1:0 4190
3376 333 1:0 4210
3376 357 1:0 4230
3376 361 1:0 4250
3376 385 1:0 4270
3376 389 1:0 4290
3376 413 1:0 4310
3376 417 1:0 4330
3376 441 1:0 4350
3376 445 1:0 4369
3376 469 1:0 4405
3376 473 1:0 4410
3376 489 1:0 4414
3376 493 1:0 4439
3376 497 1:0 4445
3376 501 1:0 4450
3376 509 1:0 4454
3376 513 1:0 4454
3376 517 1:0 4454
3376 521 1:0 4479
3376 525 1:0 4485
3376 529 1:0 4490
3376 537 1:0 4494
3376 545 1:0 4494
3376 541 1:0 4494
3376 549 1:0 4519
3376 553 1:0 4525
3376 557 1:0 4530
3376 569 1:0 4534
3376 573 1:0 4534
3376 565 1:0 4534
3376 577 1:0 4559
3376 581 1:0 4565
3376 585 1:0 4570
3376 601 1:0 4574
3376 597 1:0 4574
3376 593 1:0 4574
3376 605 1:0 4599
3376 609 1:0 4605
3376 613 1:0 4610
3376 621 1:0 4614
3376 629 1:0 4614
3376 625 1:0 4614
3376 633 1:0 4639
3376 637 1:0 4645
3376 641 1:0 4650
3376 653 1:0 4654
3376 649 1:0 4654
3376 657 1:0 4654
3376 661 1:0 4679
3376 665 1:0 4685
3376 669 1:0 4690
3376 677 1:0 4694
3376 681 1:0 4694
3376 685 1:0 4694
3376 689 1:0 4719
3376 693 1:0 4725
3376 697 1:0 4730
3376 705 1:0 4734
3376 709 1:0 4734
3376 713 1:0 4746
3376 717 1:0 4759
3376 721 1:0 4765
3376 725 1:0 4770
3376 733 1:0 4778
3376 737 1:0 4782
3376 741 1:0 4786
3376 745 1:0 4799
3376 749 1:0 4805
3376 753 1:0 4810
3376 761 1:0 4818
3376 765 1:0 4822
3376 769 1:0 4826
3376 773 1:0 4839
3376 777 1:0 4845
3376 781 1:0 4850
3376 789 1:0 4858
3376 793 1:0 4862
3376 797 1:0 4866
3376 805 1:0 4885
3378 801 1:0 4879
3380 13313 21:0 3427
3402 13319 0:0 3403
3412 13325 0:0 3414
3412 809 1:0 4890
3428 817 1:0 4898
3428 821 1:0 4902
3432 13332 21:0 3437
3435 13329 0:0 3437
3444 13337 21:0 3450
3446 825 1:0 4906
3451 829 1:0 4919
3451 833 1:0 4925
3455 13341 21:0 3502
3470 837 1:0 4930
3477 13347 0:0 3478
3487 13353 0:0 3489
3487 845 1:0 4938
3503 849 1:0 4942
3503 853 1:0 4946
3507 13360 21:0 3512
3510 13357 0:0 3512
3519 13365 21:0 3525
3526 857 1:0 4959
3526 861 1:0 4965
3530 13369 21:0 3577
3545 865 1:0 4970
3545 873 1:0 4978
3552 13375 0:0 3553
3562 13381 0:0 3564
3578 877 1:0 4982
3578 881 1:0 4986
3586 13388 21:0 3587
3586 13385 0:0 3587
3594 13393 21:0 3600
3601 885 1:0 4999
3601 889 1:0 5005
3601 903 1:0 5013
3601 12546 1:0 5013
3605 13397 21:0 3652
3620 893 1:0 5010
3627 13403 0:0 3628
3637 13409 0:0 3639
3651 13413 21:0 3662
3661 13416 21:0 3662
3669 13421 21:0 3675
3671 12553 1:0 5050
3676 12557 1:0 5070
3676 12563 1:0 5085
3676 12569 1:0 5105
3678 12573 1:0 5118
3680 13425 21:0 3727
3682 12576 1:0 5131
3702 13431 0:0 3703
3712 13437 0:0 3714
3723 13441 0:0 3725
3728 12581 1:0 5146
3728 12585 1:0 5159
3735 2829 21:0 3743
3742 13444 0:0 3743
3742 3 21:0 3747
3746 5 21:0 3759
3749 9 0:0 3751
3758 13 21:0 3770
3763 13450 0:0 3764
3763 13451 0:0 3764
3763 13452 0:0 3764
3768 13453 0:0 3770
3768 17 0:0 3770
3769 13449 21:0 3770
3769 13458 21:0 3770
3772 13462 21:0 3791
3773 21 0:0 3775
3776 12591 1:0 5174
3776 12597 1:0 5194
3776 12601 1:0 5207
3781 13459 0:0 3783
3782 13465 0:0 3783
3785 33 0:0 3787
3788 12604 1:0 5220
3790 37 21:0 3804
3791 13463 0:0 3804
3791 25 0:0 3810
3797 41 0:0 3799
3803 13470 0:0 3804
3803 13471 0:0 3804
3803 13469 0:0 3804
3804 45 21:0 3810
3805 12609 1:0 5235
3808 13472 0:0 3810
3809 13477 0:0 3810
3809 13466 21:0 3810
3811 12613 1:0 5248
3812 13481 21:0 3831
3813 49 0:0 3815
3816 12619 1:0 5263
3816 12625 1:0 5283
3816 12629 1:0 5296
3821 13478 0:0 3823
3822 13484 0:0 3823
3825 61 0:0 3827
3828 12632 1:0 5309
3830 65 21:0 3844
3831 13482 0:0 3844
3831 53 0:0 3850
3837 69 0:0 3839
3843 13490 0:0 3844
3843 13489 0:0 3844
3843 13488 0:0 3844
3844 73 21:0 3850
3845 12637 1:0 5324
3848 13485 0:0 3850
3848 13491 0:0 3850
3849 13496 21:0 3850
3851 12641 1:0 5337
3852 13500 21:0 3871
3853 77 0:0 3855
3856 12647 1:0 5352
3856 12653 1:0 5372
3861 13497 0:0 3863
3862 13503 0:0 3863
3871 13501 0:0 3884
3871 81 0:0 3890
3892 13519 21:0 3911
3893 105 0:0 3895
3901 13516 0:0 3903
3902 13522 0:0 3903
3911 13520 0:0 3924
3911 109 0:0 3930
3932 13538 21:0 3951
3933 133 0:0 3935
3941 13535 0:0 3943
3942 13541 0:0 3943
3951 13539 0:0 3964
3951 137 0:0 3970
3972 13557 21:0 3991
3973 161 0:0 3975
3981 13554 0:0 3983
3982 13560 0:0 3983
3991 13558 0:0 4004
3991 165 0:0 4010
4012 13576 21:0 4031
4013 189 0:0 4015
4021 13573 0:0 4023
4022 13579 0:0 4023
4031 13577 0:0 4044
4031 193 0:0 4050
4052 13595 21:0 4071
4053 217 0:0 4055
4061 13592 0:0 4063
4062 13598 0:0 4063
4071 13596 0:0 4084
4071 221 0:0 4090
4092 13614 21:0 4111
4093 245 0:0 4095
4101 13611 0:0 4103
4102 13617 0:0 4103
4111 13615 0:0 4124
4111 249 0:0 4130
4132 13633 21:0 4151
4133 273 0:0 4135
4141 13630 0:0 4143
4142 13636 0:0 4143
4151 13634 0:0 4164
4151 277 0:0 4170
4172 13652 21:0 4191
4173 301 0:0 4175
4181 13649 0:0 4183
4182 13655 0:0 4183
4191 13653 0:0 4204
4191 305 0:0 4210
4212 13671 21:0 4231
4213 329 0:0 4215
4221 13668 0:0 4223
4222 13674 0:0 4223
4231 13672 0:0 4244
4231 333 0:0 4250
4252 13690 21:0 4271
4253 357 0:0 4255
4261 13687 0:0 4263
4262 13693 0:0 4263
4271 13691 0:0 4284
4271 361 0:0 4290
4292 13709 21:0 4311
4293 385 0:0 4295
4301 13706 0:0 4303
4302 13712 0:0 4303
4311 13710 0:0 4324
4311 389 0:0 4330
4332 13728 21:0 4351
4333 413 0:0 4335
4351 13729 0:0 4364
4351 417 0:0 4370
4370 441 0:0 4375
4372 13747 0:0 4375
4375 13748 0:0 4387
4375 445 0:0 4387
4410 469 0:0 4415
4412 13766 0:0 4415
4415 473 0:0 4427
4415 13767 0:0 4427
4450 497 0:0 4455
4452 13785 0:0 4455
4455 13786 0:0 4467
4455 501 0:0 4467
4490 525 0:0 4495
4492 13804 0:0 4495
4495 13805 0:0 4507
4495 529 0:0 4507
4530 553 0:0 4535
4532 13823 0:0 4535
4535 13824 0:0 4547
4535 557 0:0 4547
4570 581 0:0 4575
4572 13842 0:0 4575
4575 585 0:0 4587
4575 13843 0:0 4587
4610 609 0:0 4615
4612 13861 0:0 4615
4615 13862 0:0 4627
4615 613 0:0 4627
4650 637 0:0 4655
4652 13880 0:0 4655
4655 641 0:0 4667
4655 13881 0:0 4667
4690 665 0:0 4695
4692 13899 0:0 4695
4695 669 0:0 4707
4695 13900 0:0 4707
4730 693 0:0 4735
4732 13918 0:0 4735
4735 697 0:0 4747
4735 13919 0:0 4747
4770 721 0:0 4775
4772 13937 0:0 4775
4803 13938 0:0 4810
4803 725 0:0 4810
4810 749 0:0 4815
4812 13956 0:0 4815
4843 753 0:0 4850
4850 777 0:0 4855
5031 14061 21:0 5041
5044 12546 21:0 5051
5050 903 21:0 5051
5051 893 0:0 5053
5054 12657 1:0 5385
5054 12660 1:0 5398
5054 12665 1:0 5413
5059 12553 21:0 5066
5062 777 1:0 5416
5064 889 0:0 5066
5067 12669 1:0 5426
5067 753 1:0 5434
5067 12675 1:0 5441
5069 12681 1:0 5461
5069 12685 1:0 5474
5069 12688 1:0 5487
5072 12557 21:0 5127
5075 12693 1:0 5502
5079 885 0:0 5081
5097 12563 0:0 5099
5099 881 0:0 5101
5102 13956 1:0 5504
5111 12569 0:0 5112
5112 877 0:0 5114
5117 749 1:0 5505
5124 12573 0:0 5125
5125 873 0:0 5127
5128 12697 1:0 5515
5133 12576 21:0 5140
5140 865 0:0 5142
5143 725 1:0 5523
5143 12703 1:0 5530
5143 12709 1:0 5550
5143 12713 1:0 5563
5148 12581 21:0 5155
5149 12716 1:0 5576
5153 861 0:0 5155
5156 13938 1:0 5584
5156 12721 1:0 5591
5158 721 1:0 5594
5161 12585 21:0 5216
5162 13937 1:0 5593
5168 857 0:0 5170
5171 12725 1:0 5604
5180 12731 1:0 5619
5180 12737 1:0 5639
5186 12591 0:0 5188
5188 853 0:0 5190
5200 12597 0:0 5201
5201 849 0:0 5203
5204 697 1:0 5657
5210 12741 1:0 5652
5213 12601 0:0 5214
5214 845 0:0 5216
5217 12744 1:0 5665
5222 12604 21:0 5229
5229 837 0:0 5231
5232 13919 1:0 5673
5232 12749 1:0 5680
5237 12609 21:0 5244
5240 693 1:0 5683
5242 833 0:0 5244
5245 13918 1:0 5682
5245 12753 1:0 5693
5245 12759 1:0 5708
5245 12765 1:0 5728
5247 12769 1:0 5741
5247 12772 1:0 5754
5250 12613 21:0 5305
5251 669 1:0 5759
5257 829 0:0 5259
5269 12777 1:0 5769
5275 12619 0:0 5277
5277 825 0:0 5279
5288 13900 1:0 5762
5289 12625 0:0 5290
5290 821 0:0 5292
5302 12629 0:0 5303
5303 817 0:0 5305
5306 665 1:0 5772
5311 12632 21:0 5318
5318 809 0:0 5320
5321 13899 1:0 5771
5321 12781 1:0 5782
5321 12787 1:0 5797
5321 12793 1:0 5817
5326 12637 21:0 5333
5329 12797 1:0 5830
5331 805 0:0 5333
5334 12800 1:0 5843
5334 641 1:0 5848
5334 12805 1:0 5858
5336 13881 1:0 5851
5339 12641 21:0 5394
5342 637 1:0 5861
5346 801 0:0 5348
5358 13880 1:0 5860
5364 12647 0:0 5366
5366 797 0:0 5368
5378 12653 0:0 5379
5379 793 0:0 5381
5382 12809 1:0 5871
5384 12815 1:0 5886
5388 12821 1:0 5906
5391 12657 0:0 5392
5392 789 0:0 5394
5395 12825 1:0 5919
5395 12828 1:0 5932
5400 12660 21:0 5407
5407 781 0:0 5409
5410 613 1:0 5937
5410 12833 1:0 5947
5415 12665 21:0 5422
5420 777 0:0 5422
5423 13862 1:0 5940
5423 13861 1:0 5949
5423 609 1:0 5950
5425 12837 1:0 5960
5428 12669 21:0 5483
5429 12843 1:0 5975
5429 12849 1:0 5995
5431 12853 1:0 6008
5435 773 0:0 5437
5447 585 1:0 6026
5453 12675 0:0 5455
5455 769 0:0 5457
5458 12856 1:0 6021
5467 12681 0:0 5468
5468 765 0:0 5470
5473 13843 1:0 6029
5480 12685 0:0 5481
5481 761 0:0 5483
5484 12861 1:0 6036
5489 12688 21:0 5496
5496 753 0:0 5498
5499 13842 1:0 6038
5499 581 1:0 6039
5504 12693 21:0 5511
5509 749 0:0 5511
5512 12865 1:0 6049
5512 12871 1:0 6064
5512 12877 1:0 6084
5512 13496 1:0 6090
5512 12881 1:0 6097
5512 12884 1:0 6110
5514 557 1:0 6115
5517 12697 21:0 5572
5518 13824 1:0 6118
5524 745 0:0 5526
5536 12889 1:0 6125
5542 12703 0:0 5544
5544 741 0:0 5546
5549 13823 1:0 6127
5556 12709 0:0 5557
5557 737 0:0 5559
5569 12713 0:0 5570
5570 733 0:0 5572
5573 553 1:0 6128
5578 12716 21:0 5585
5585 725 0:0 5587
5588 12893 1:0 6138
5588 12899 1:0 6153
5588 12905 1:0 6173
5588 73 1:0 6179
5588 12909 1:0 6186
5588 12912 1:0 6199
5593 12721 21:0 5600
5598 721 0:0 5600
5601 529 1:0 6204
5601 13805 1:0 6207
5601 12917 1:0 6214
5603 525 1:0 6217
5606 12725 21:0 5661
5609 13804 1:0 6216
5613 717 0:0 5615
5631 12731 0:0 5633
5633 713 0:0 5635
5636 12921 1:0 6227
5638 65 1:0 6253
5644 12927 1:0 6242
5645 12737 0:0 5646
5651 13466 1:0 6267
5655 12933 1:0 6262
5658 709 0:0 5659
5658 12741 0:0 5659
5659 705 0:0 5661
5660 13458 1:0 6280
5662 12937 1:0 6275
5667 12744 21:0 5674
5674 697 0:0 5676
5677 12940 1:0 6288
5677 501 1:0 6293
5677 13786 1:0 6296
5682 12749 21:0 5689
5685 12945 1:0 6303
5687 693 0:0 5689
5690 13785 1:0 6305
5690 497 1:0 6306
5692 12949 1:0 6316
5695 12753 21:0 5750
5696 12955 1:0 6331
5696 45 1:0 6342
5696 37 1:0 6356
5698 12961 1:0 6351
5702 689 0:0 5704
5705 13449 1:0 6369
5711 12965 1:0 6364
5720 12759 0:0 5722
5722 685 0:0 5724
5733 473 1:0 6382
5734 12765 0:0 5735
5735 681 0:0 5737
5738 12968 1:0 6377
5747 12769 0:0 5748
5751 13767 1:0 6385
5756 12772 21:0 5763
5761 677 0:0 5763
5763 669 0:0 5765
5766 12973 1:0 6392
5766 13766 1:0 6394
5771 12777 21:0 5778
5774 469 1:0 6395
5776 665 0:0 5778
5779 12977 1:0 6405
5779 12983 1:0 6420
5779 13388 1:0 6431
5779 12989 1:0 6440
5779 13220 1:0 6445
5779 13080 1:0 6458
5781 12993 1:0 6453
5781 12996 1:0 6466
5784 12781 21:0 5839
5787 445 1:0 6471
5791 661 0:0 5793
5803 13001 1:0 6481
5809 12787 0:0 5811
5811 657 0:0 5813
5823 12793 0:0 5824
5824 653 0:0 5826
5827 13748 1:0 6475
5840 13747 1:0 6483
5845 12800 21:0 5852
5850 649 0:0 5852
5850 12797 0:0 5852
5852 641 0:0 5854
5855 441 1:0 6484
5855 13005 1:0 6494
5860 12805 21:0 5867
5865 637 0:0 5867
5868 13011 1:0 6509
5868 13024 1:0 6520
5868 417 1:0 6521
5868 13017 1:0 6525
5868 13021 1:0 6538
5868 13728 1:0 6562
5870 13029 1:0 6570
5873 12809 21:0 5928
5876 13729 1:0 6564
5880 633 0:0 5882
5892 413 1:0 6573
5898 12815 0:0 5900
5900 629 0:0 5902
5912 12821 0:0 5913
5913 625 0:0 5915
5918 13033 1:0 6583
5929 13052 1:0 6609
5934 12828 21:0 5941
5939 621 0:0 5941
5939 12825 0:0 5941
5941 613 0:0 5943
5944 13039 1:0 6598
5944 389 1:0 6610
5944 13045 1:0 6614
5944 13049 1:0 6627
5944 13709 1:0 6651
5949 12833 21:0 5956
5950 13712 1:0 6647
5954 609 0:0 5956
5957 13710 1:0 6653
5957 13057 1:0 6659
5959 385 1:0 6662
5959 13706 1:0 6665
5962 12837 21:0 6017
5963 13061 1:0 6672
5965 13077 1:0 6698
5969 605 0:0 5971
5981 361 1:0 6699
5987 12843 0:0 5989
5989 601 0:0 5991
5992 13067 1:0 6687
6001 12849 0:0 6002
6002 597 0:0 6004
6007 13690 1:0 6740
6018 13073 1:0 6703
6018 13693 1:0 6736
6023 12856 21:0 6030
6028 593 0:0 6030
6028 12853 0:0 6030
6030 585 0:0 6032
6033 13691 1:0 6742
6033 13085 1:0 6748
6038 12861 21:0 6045
6041 357 1:0 6751
6041 13687 1:0 6754
6043 581 0:0 6045
6046 13089 1:0 6761
6046 13108 1:0 6787
6046 333 1:0 6788
6048 13095 1:0 6776
6051 12865 21:0 6106
6052 13101 1:0 6792
6052 13671 1:0 6829
6054 13105 1:0 6805
6054 13674 1:0 6825
6058 577 0:0 6060
6076 12871 0:0 6078
6078 573 0:0 6080
6081 13672 1:0 6831
6090 12877 0:0 6091
6091 569 0:0 6093
6096 13113 1:0 6837
6107 329 1:0 6840
6112 12884 21:0 6119
6117 565 0:0 6119
6117 12881 0:0 6119
6119 557 0:0 6121
6122 13668 1:0 6843
6122 13117 1:0 6850
6122 13136 1:0 6876
6127 12889 21:0 6134
6130 305 1:0 6877
6132 553 0:0 6134
6135 13123 1:0 6865
6135 13129 1:0 6881
6135 13133 1:0 6894
6135 13655 1:0 6914
6135 13652 1:0 6918
6137 13653 1:0 6920
6140 12893 21:0 6195
6141 13141 1:0 6926
6147 549 0:0 6149
6159 301 1:0 6929
6165 12899 0:0 6167
6167 545 0:0 6169
6170 13649 1:0 6932
6179 12905 0:0 6180
6180 541 0:0 6182
6185 13145 1:0 6939
6196 13164 1:0 6965
6201 12912 21:0 6208
6206 537 0:0 6208
6206 12909 0:0 6208
6208 529 0:0 6210
6211 13151 1:0 6954
6211 277 1:0 6966
6211 13157 1:0 6970
6211 13161 1:0 6983
6211 13633 1:0 7007
6216 12917 21:0 6223
6217 13636 1:0 7003
6221 525 0:0 6223
6224 13634 1:0 7009
6224 13169 1:0 7015
6226 273 1:0 7018
6226 13630 1:0 7021
6229 12921 21:0 6284
6230 13173 1:0 7028
6236 521 0:0 6238
6248 249 1:0 7055
6254 12927 0:0 6256
6256 517 0:0 6258
6259 13192 1:0 7054
6261 13179 1:0 7043
6268 12933 0:0 6269
6269 513 0:0 6271
6285 13185 1:0 7059
6285 13189 1:0 7072
6285 13617 1:0 7092
6285 13614 1:0 7096
6290 12940 21:0 6297
6295 12937 0:0 6297
6295 509 0:0 6297
6297 501 0:0 6299
6300 13615 1:0 7098
6300 13197 1:0 7104
6305 12945 21:0 6312
6310 497 0:0 6312
6313 245 1:0 7107
6313 13611 1:0 7110
6313 13201 1:0 7117
6313 13248 1:0 7143
6315 13207 1:0 7132
6315 221 1:0 7144
6318 12949 21:0 6373
6321 13213 1:0 7148
6321 13595 1:0 7185
6325 493 0:0 6327
6328 13217 1:0 7161
6337 13598 1:0 7181
6343 12955 0:0 6345
6345 489 0:0 6347
6354 13596 1:0 7187
6357 12961 0:0 6358
6358 485 0:0 6360
6374 13225 1:0 7193
6379 12968 21:0 6386
6384 12965 0:0 6386
6386 473 0:0 6388
6389 217 1:0 7196
6389 13592 1:0 7199
6389 13229 1:0 7206
6394 12973 21:0 6401
6397 13276 1:0 7232
6399 469 0:0 6401
6402 13235 1:0 7221
6402 193 1:0 7233
6402 13241 1:0 7237
6402 13245 1:0 7250
6402 13576 1:0 7274
6404 13579 1:0 7270
6407 12977 21:0 6462
6408 13253 1:0 7282
6426 13577 1:0 7276
6432 12983 0:0 6434
6446 12989 0:0 6447
6463 189 1:0 7285
6468 12996 21:0 6475
6473 12993 0:0 6475
6478 13573 1:0 7288
6478 13257 1:0 7295
6483 13001 21:0 6490
6484 13273 1:0 7321
6486 445 0:0 6488
6486 13263 1:0 7310
6486 165 1:0 7322
6488 441 0:0 6490
6491 13269 1:0 7326
6491 13560 1:0 7359
6491 13557 1:0 7363
6491 13558 1:0 7365
6493 13281 1:0 7371
6496 13005 21:0 6551
6499 161 1:0 7374
6521 13011 0:0 6523
6534 13285 1:0 7384
6535 13017 0:0 6536
6541 13554 1:0 7377
6548 13021 0:0 6549
6557 13024 21:0 6564
6564 417 0:0 6566
6567 13291 1:0 7399
6567 13304 1:0 7410
6567 137 1:0 7411
6567 13297 1:0 7415
6567 13538 1:0 7452
6572 13029 21:0 6579
6573 13301 1:0 7428
6575 13541 1:0 7448
6577 413 0:0 6579
6580 13539 1:0 7454
6580 13309 1:0 7460
6582 133 1:0 7463
6582 13535 1:0 7467
6585 13033 21:0 6640
6588 13313 1:0 7473
6601 13332 1:0 7499
6610 13039 0:0 6612
6624 13045 0:0 6625
6630 109 1:0 7500
6634 13319 1:0 7488
6637 13049 0:0 6638
6646 13052 21:0 6653
6653 389 0:0 6655
6656 13325 1:0 7504
6656 13329 1:0 7517
6656 13522 1:0 7537
6656 13519 1:0 7541
6656 13520 1:0 7543
6661 13057 21:0 6668
6666 385 0:0 6668
6669 13337 1:0 7549
6669 105 1:0 7552
6669 13516 1:0 7556
6671 13341 1:0 7562
6671 13360 1:0 7588
6674 13061 21:0 6729
6677 81 1:0 7589
6693 13347 1:0 7577
6699 13067 0:0 6701
6712 13500 1:0 7630
6713 13073 0:0 6714
6728 13077 21:0 6742
6730 13353 1:0 7593
6730 13357 1:0 7606
6730 13503 1:0 7626
6741 13080 21:0 6742
6742 361 0:0 6744
6745 13501 1:0 7632
6745 13365 1:0 7638
6750 13085 21:0 6757
6755 357 0:0 6757
6758 77 1:0 7641
6758 13497 1:0 7645
6758 13369 1:0 7651
6760 13491 1:0 7660
6760 13488 1:0 7670
6760 13416 1:0 7677
6760 53 1:0 7678
6763 13089 21:0 6818
6764 13489 1:0 7670
6764 13490 1:0 7670
6766 13375 1:0 7666
6766 69 1:0 7676
6782 13485 1:0 7680
6788 13095 0:0 6790
6802 13101 0:0 6803
6808 13481 1:0 7719
6812 13381 1:0 7682
6815 13105 0:0 6816
6819 61 1:0 7694
6819 13385 1:0 7695
6824 13108 21:0 6831
6831 333 0:0 6833
6834 13484 1:0 7715
6834 13393 1:0 7727
6839 13113 21:0 6846
6840 13482 1:0 7721
6844 329 0:0 6846
6847 49 1:0 7730
6847 13478 1:0 7734
6847 13397 1:0 7740
6847 13477 1:0 7743
6849 25 1:0 7767
6852 13117 21:0 6907
6853 13472 1:0 7749
6853 13469 1:0 7759
6853 13413 1:0 7766
6855 13470 1:0 7759
6855 41 1:0 7765
6871 13403 1:0 7755
6871 13471 1:0 7759
6877 13123 0:0 6879
6891 13129 0:0 6892
6901 13462 1:0 7808
6904 13133 0:0 6905
6908 13409 1:0 7771
6908 33 1:0 7783
6913 13136 21:0 6920
6920 305 0:0 6922
6923 13465 1:0 7804
6923 13463 1:0 7810
6928 13141 21:0 6935
6929 13421 1:0 7816
6933 301 0:0 6935
6936 21 1:0 7819
6936 13459 1:0 7823
6936 13425 1:0 7829
6936 17 1:0 7834
6936 13453 1:0 7838
6938 13451 1:0 7848
6938 13452 1:0 7848
6938 13450 1:0 7848
6938 13 1:0 7854
6941 13145 21:0 6996
6942 13431 1:0 7844
6942 9 1:0 7867
6944 13437 1:0 7864
6957 5 1:0 7880
6960 13441 1:0 7877
6960 3 1:0 7884
6966 13151 0:0 6968
6973 2829 1:0 7893
6979 13444 1:0 7890
6980 13157 0:0 6981
6995 13161 21:0 7009
7008 13164 21:0 7009
7009 277 0:0 7011
7017 13169 21:0 7024
7022 273 0:0 7024
7030 13173 21:0 7085
7055 13179 0:0 7057
7069 13185 0:0 7070
7082 13189 0:0 7083
7091 13192 21:0 7098
7098 249 0:0 7100
7106 13197 21:0 7113
7111 245 0:0 7113
7119 13201 21:0 7174
7144 13207 0:0 7146
7158 13213 0:0 7159
7171 13217 0:0 7172
7180 13220 21:0 7187
7187 221 0:0 7189
7195 13225 21:0 7202
7200 217 0:0 7202
7208 13229 21:0 7263
7233 13235 0:0 7235
7247 13241 0:0 7248
7262 13245 21:0 7276
7275 13248 21:0 7276
7276 193 0:0 7278
7284 13253 21:0 7291
7289 189 0:0 7291
7297 13257 21:0 7352
7322 13263 0:0 7324
7336 13269 0:0 7337
7349 13273 0:0 7350
7358 13276 21:0 7365
7365 165 0:0 7367
7373 13281 21:0 7380
7378 161 0:0 7380
7386 13285 21:0 7441
7411 13291 0:0 7413
7425 13297 0:0 7426
7440 13301 21:0 7454
7453 13304 21:0 7454
7454 137 0:0 7456
7462 13309 21:0 7469
7467 133 0:0 7469
7470 133 1:0 8071
7470 137 1:0 8091
7470 161 1:0 8111
7470 165 1:0 8131
7470 189 1:0 8151
7470 193 1:0 8171
7470 217 1:0 8191
7470 221 1:0 8211
7470 245 1:0 8231
7470 249 1:0 8251
7470 273 1:0 8271
7470 277 1:0 8291
7470 301 1:0 8311
7470 305 1:0 8331
7470 329 1:0 8351
7470 333 1:0 8371
7470 357 1:0 8391
7470 361 1:0 8411
7470 385 1:0 8431
7470 389 1:0 8451
7470 413 1:0 8471
7470 417 1:0 8491
7470 441 1:0 8511
7470 445 1:0 8530
7470 469 1:0 8566
7470 473 1:0 8571
7470 489 1:0 8575
7470 485 1:0 8575
7470 493 1:0 8600
7470 497 1:0 8606
7470 501 1:0 8611
7470 509 1:0 8615
7470 513 1:0 8615
7470 517 1:0 8615
7470 521 1:0 8640
7470 525 1:0 8646
7470 529 1:0 8651
7470 541 1:0 8655
7470 537 1:0 8655
7470 545 1:0 8655
7470 549 1:0 8680
7470 553 1:0 8686
7470 557 1:0 8691
7470 565 1:0 8695
7470 569 1:0 8695
7470 573 1:0 8695
7470 577 1:0 8720
7470 581 1:0 8726
7470 585 1:0 8731
7470 597 1:0 8735
7470 593 1:0 8735
7470 601 1:0 8735
7470 605 1:0 8760
7470 609 1:0 8766
7470 613 1:0 8771
7470 621 1:0 8775
7470 625 1:0 8775
7470 629 1:0 8775
7470 633 1:0 8800
7470 637 1:0 8806
7470 641 1:0 8811
7470 649 1:0 8815
7470 653 1:0 8815
7470 657 1:0 8815
7470 661 1:0 8840
7470 665 1:0 8846
7472 669 1:0 8851
7472 685 1:0 8855
7472 681 1:0 8855
7472 677 1:0 8855
7475 13313 21:0 7530
7491 693 1:0 8886
7494 689 1:0 8880
7500 13319 0:0 7502
7514 13325 0:0 7515
7529 13329 21:0 7543
7531 697 1:0 8891
7531 709 1:0 8895
7531 705 1:0 8895
7542 13332 21:0 7543
7546 713 1:0 8907
7551 13337 21:0 7558
7554 721 1:0 8926
7559 717 1:0 8920
7559 725 1:0 8931
7561 733 1:0 8935
7561 737 1:0 8935
7561 741 1:0 8947
7564 13341 21:0 7619
7567 749 1:0 8966
7583 745 1:0 8960
7589 13347 0:0 7591
7603 13353 0:0 7604
7609 753 1:0 8971
7613 761 1:0 8979
7616 13357 0:0 7617
7620 765 1:0 8983
7620 769 1:0 8987
7625 13360 21:0 7632
7640 13365 21:0 7647
7641 777 1:0 9006
7643 773 1:0 9000
7648 781 1:0 9011
7648 789 1:0 9019
7650 793 1:0 9023
7650 797 1:0 9027
7653 13369 21:0 7708
7654 805 1:0 9046
7656 801 1:0 9040
7678 13375 0:0 7680
7691 809 1:0 9051
7692 13381 0:0 7693
7702 817 1:0 9059
7705 13385 0:0 7706
7709 821 1:0 9063
7709 825 1:0 9067
7714 13388 21:0 7721
7724 833 1:0 9086
7729 13393 21:0 7736
7732 829 1:0 9080
7737 837 1:0 9091
7737 845 1:0 9099
7737 849 1:0 9103
7739 853 1:0 9107
7742 13397 21:0 7797
7743 861 1:0 9126
7745 857 1:0 9120
7767 13403 0:0 7769
7778 9081 1:0 9142
7781 13409 0:0 7782
7794 13413 0:0 7795
7798 865 1:0 9131
7803 13416 21:0 7810
7813 873 1:0 9139
7813 877 1:0 9143
7818 13421 21:0 7825
7821 9248 1:0 9174
7826 881 1:0 9147
7826 889 1:0 9166
7828 885 1:0 9160
7831 13425 21:0 7886
7832 893 1:0 9171
7832 903 1:0 9182
7834 12546 1:0 9203
7856 13431 0:0 7858
7867 12553 1:0 9218
7870 13437 0:0 7871
7883 13441 0:0 7884
7887 12557 1:0 9231
7887 12563 1:0 9246
7887 12569 1:0 9266
7887 12573 1:0 9279
7889 12576 1:0 9292
7899 3 21:0 7904
7902 13444 0:0 7904
7903 2829 21:0 7908
7907 5 21:0 7920
7910 9 0:0 7912
7919 13 21:0 7931
7924 14973 0:0 7925
7924 14975 0:0 7925
7924 14974 0:0 7925
7929 17 0:0 7931
7929 14976 0:0 7931
7930 14981 21:0 7931
7930 14972 21:0 7931
7933 14985 21:0 7952
7934 21 0:0 7936
7942 14982 0:0 7944
7943 14988 0:0 7944
7946 33 0:0 7948
7949 12581 1:0 9307
7951 37 21:0 7965
7952 14986 0:0 7965
7952 25 0:0 7971
7958 41 0:0 7960
7964 14994 0:0 7965
7964 14993 0:0 7965
7964 14992 0:0 7965
7966 12585 1:0 9320
7966 12591 1:0 9335
7968 15000 21:0 7971
7969 14989 0:0 7971
7969 45 0:0 7971
7970 14995 21:0 7971
7972 12597 1:0 9355
7972 12601 1:0 9368
7972 12604 1:0 9381
7973 15004 21:0 7992
7974 49 0:0 7976
7982 15001 0:0 7984
7983 15007 0:0 7984
7986 61 0:0 7988
7989 12609 1:0 9396
7991 65 21:0 8005
7992 15005 0:0 8005
7992 53 0:0 8011
7998 69 0:0 8000
8005 73 21:0 8011
8013 15023 21:0 8032
8014 77 0:0 8016
8017 12613 1:0 9409
8017 12619 1:0 9424
8017 12625 1:0 9444
8022 15020 0:0 8024
8023 15026 0:0 8024
8032 15024 0:0 8045
8032 81 0:0 8051
8033 12629 1:0 9457
8053 15042 21:0 8072
8054 105 0:0 8056
8057 12632 1:0 9470
8062 15039 0:0 8064
8063 15045 0:0 8064
8072 15043 0:0 8085
8072 109 0:0 8091
8093 15061 21:0 8112
8094 133 0:0 8096
8102 15058 0:0 8104
8103 15064 0:0 8104
8112 15062 0:0 8125
8112 137 0:0 8131
8133 15080 21:0 8152
8134 161 0:0 8136
8142 15077 0:0 8144
8143 15083 0:0 8144
8152 15081 0:0 8165
8152 165 0:0 8171
8173 15099 21:0 8192
8174 189 0:0 8176
8182 15096 0:0 8184
8183 15102 0:0 8184
8192 15100 0:0 8205
8192 193 0:0 8211
8213 15118 21:0 8232
8214 217 0:0 8216
8222 15115 0:0 8224
8223 15121 0:0 8224
8232 15119 0:0 8245
8232 221 0:0 8251
8253 15137 21:0 8272
8254 245 0:0 8256
8262 15134 0:0 8264
8263 15140 0:0 8264
8272 15138 0:0 8285
8272 249 0:0 8291
8293 15156 21:0 8312
8294 273 0:0 8296
8302 15153 0:0 8304
8303 15159 0:0 8304
8312 15157 0:0 8325
8312 277 0:0 8331
8333 15175 21:0 8352
8334 301 0:0 8336
8342 15172 0:0 8344
8343 15178 0:0 8344
8352 15176 0:0 8365
8352 305 0:0 8371
8373 15194 21:0 8392
8374 329 0:0 8376
8382 15191 0:0 8384
8383 15197 0:0 8384
8392 15195 0:0 8405
8392 333 0:0 8411
8413 15213 21:0 8432
8414 357 0:0 8416
8422 15210 0:0 8424
8423 15216 0:0 8424
8432 15214 0:0 8445
8432 361 0:0 8451
8453 15232 21:0 8472
8454 385 0:0 8456
8462 15229 0:0 8464
8463 15235 0:0 8464
8472 15233 0:0 8485
8472 389 0:0 8491
8493 15251 21:0 8512
8494 413 0:0 8496
8512 15252 0:0 8525
8512 417 0:0 8531
8531 441 0:0 8536
8533 15270 0:0 8536
8536 15271 0:0 8548
8536 445 0:0 8548
8571 469 0:0 8576
8573 15289 0:0 8576
8576 473 0:0 8588
8576 15290 0:0 8588
8611 497 0:0 8616
8613 15308 0:0 8616
8616 15309 0:0 8628
8616 501 0:0 8628
8651 525 0:0 8656
8653 15327 0:0 8656
8656 15328 0:0 8668
8656 529 0:0 8668
8691 553 0:0 8696
8693 15346 0:0 8696
8696 15347 0:0 8708
8696 557 0:0 8708
8731 581 0:0 8736
8733 15365 0:0 8736
8736 585 0:0 8748
8736 15366 0:0 8748
8771 609 0:0 8776
8773 15384 0:0 8776
8776 15385 0:0 8788
8776 613 0:0 8788
8811 637 0:0 8816
8813 15403 0:0 8816
8816 641 0:0 8828
8816 15404 0:0 8828
8851 665 0:0 8856
8853 15422 0:0 8856
8856 669 0:0 8868
8856 15423 0:0 8868
8891 693 0:0 8896
8893 15441 0:0 8896
8896 15442 0:0 8908
8896 697 0:0 8908
8931 721 0:0 8936
8933 15460 0:0 8936
8936 15461 0:0 8948
8936 725 0:0 8948
8971 749 0:0 8976
8973 15479 0:0 8976
9004 753 0:0 9011
9004 15480 0:0 9011
9011 777 0:0 9016
9192 15584 21:0 9202
9205 12546 21:0 9212
9211 903 21:0 9212
9212 893 0:0 9214
9215 12637 1:0 9485
9215 12641 1:0 9498
9220 12553 21:0 9227
9221 12647 1:0 9513
9223 12653 1:0 9533
9225 889 0:0 9227
9228 12657 1:0 9546
9228 12660 1:0 9559
9228 12665 1:0 9574
9230 777 1:0 9577
9233 12557 21:0 9288
9234 12669 1:0 9587
9240 885 0:0 9242
9252 753 1:0 9595
9252 12675 1:0 9602
9258 12563 0:0 9260
9260 881 0:0 9262
9263 12681 1:0 9622
9265 12685 1:0 9635
9271 12688 1:0 9648
9272 12569 0:0 9273
9273 877 0:0 9275
9285 12573 0:0 9286
9286 873 0:0 9288
9289 15480 1:0 9656
9294 12576 21:0 9301
9301 865 0:0 9303
9304 12693 1:0 9663
9304 749 1:0 9666
9309 12581 21:0 9316
9312 15479 1:0 9665
9314 861 0:0 9316
9317 12697 1:0 9676
9317 12703 1:0 9691
9317 12709 1:0 9711
9317 725 1:0 9729
9319 12713 1:0 9724
9319 12716 1:0 9737
9322 12585 21:0 9377
9323 15461 1:0 9745
9329 857 0:0 9331
9341 12721 1:0 9752
9347 12591 0:0 9349
9349 853 0:0 9351
9360 15460 1:0 9754
9361 12597 0:0 9362
9362 849 0:0 9364
9374 12601 0:0 9375
9375 845 0:0 9377
9378 721 1:0 9755
9383 12604 21:0 9390
9390 837 0:0 9392
9393 12725 1:0 9765
9393 12731 1:0 9780
9393 12737 1:0 9800
9398 12609 21:0 9405
9399 697 1:0 9818
9401 12741 1:0 9813
9403 833 0:0 9405
9406 12744 1:0 9826
9406 15442 1:0 9834
9406 12749 1:0 9841
9408 693 1:0 9844
9411 12613 21:0 9466
9414 15441 1:0 9843
9418 829 0:0 9420
9436 12619 0:0 9438
9438 825 0:0 9440
9441 12753 1:0 9854
9443 12759 1:0 9869
9449 12765 1:0 9889
9450 12625 0:0 9451
9451 821 0:0 9453
9463 12629 0:0 9464
9464 817 0:0 9466
9467 12769 1:0 9902
9467 669 1:0 9907
9467 12772 1:0 9915
9472 12632 21:0 9479
9479 809 0:0 9481
9482 15423 1:0 9923
9482 12777 1:0 9930
9487 12637 21:0 9494
9492 805 0:0 9494
9495 15422 1:0 9932
9495 665 1:0 9933
9495 12781 1:0 9943
9497 12787 1:0 9958
9497 12793 1:0 9978
9497 12797 1:0 9991
9500 12641 21:0 9555
9503 641 1:0 10009
9507 801 0:0 9509
9510 12800 1:0 10004
9525 12647 0:0 9527
9527 797 0:0 9529
9530 15404 1:0 10012
9539 12653 0:0 9540
9540 793 0:0 9542
9549 12805 1:0 10019
9552 12657 0:0 9553
9553 789 0:0 9555
9556 15403 1:0 10021
9561 12660 21:0 9568
9568 781 0:0 9570
9571 637 1:0 10022
9576 12665 21:0 9583
9577 12809 1:0 10032
9579 12815 1:0 10047
9579 12821 1:0 10067
9581 777 0:0 9583
9584 12825 1:0 10080
9584 12828 1:0 10093
9584 613 1:0 10098
9586 12833 1:0 10108
9589 12669 21:0 9644
9590 15385 1:0 10101
9596 773 0:0 9598
9608 609 1:0 10111
9614 12675 0:0 9616
9616 769 0:0 9618
9621 15384 1:0 10110
9628 12681 0:0 9629
9629 765 0:0 9631
9641 12685 0:0 9642
9642 761 0:0 9644
9645 12837 1:0 10121
9645 12843 1:0 10136
9645 73 1:0 10162
9650 12688 21:0 9657
9657 753 0:0 9659
9660 12849 1:0 10156
9660 12853 1:0 10169
9660 12856 1:0 10182
9660 585 1:0 10187
9665 12693 21:0 9672
9670 749 0:0 9672
9673 15366 1:0 10190
9673 12861 1:0 10197
9673 15365 1:0 10199
9675 581 1:0 10200
9678 12697 21:0 9733
9681 12865 1:0 10210
9685 745 0:0 9687
9688 12871 1:0 10225
9694 65 1:0 10251
9697 12877 1:0 10245
9703 12703 0:0 9705
9705 741 0:0 9707
9708 12881 1:0 10258
9710 12884 1:0 10271
9717 12709 0:0 9718
9730 737 0:0 9731
9730 12713 0:0 9731
9731 733 0:0 9733
9732 557 1:0 10276
9734 15347 1:0 10279
9739 12716 21:0 9746
9746 725 0:0 9748
9749 12889 1:0 10286
9754 12721 21:0 9761
9755 553 1:0 10289
9759 721 0:0 9761
9762 15346 1:0 10288
9762 12893 1:0 10299
9762 12899 1:0 10314
9762 12905 1:0 10334
9762 14995 1:0 10352
9764 12909 1:0 10347
9767 12725 21:0 9822
9768 12912 1:0 10360
9768 529 1:0 10365
9774 717 0:0 9776
9786 15328 1:0 10368
9792 12731 0:0 9794
9794 713 0:0 9796
9806 12737 0:0 9807
9812 12917 1:0 10375
9819 12741 0:0 9820
9819 709 0:0 9820
9820 705 0:0 9822
9823 525 1:0 10378
9828 12744 21:0 9835
9835 697 0:0 9837
9838 15327 1:0 10377
9838 12921 1:0 10388
9838 15000 1:0 10414
9843 12749 21:0 9850
9844 12927 1:0 10403
9846 12933 1:0 10423
9846 37 1:0 10428
9848 693 0:0 9850
9851 12937 1:0 10436
9851 14981 1:0 10441
9851 12940 1:0 10449
9851 501 1:0 10454
9853 12945 1:0 10464
9856 12753 21:0 9911
9857 15309 1:0 10457
9863 689 0:0 9865
9872 15308 1:0 10466
9881 12759 0:0 9883
9883 685 0:0 9885
9894 497 1:0 10467
9895 12765 0:0 9896
9908 12769 0:0 9909
9908 681 0:0 9909
9909 677 0:0 9911
9912 12949 1:0 10477
9912 12955 1:0 10492
9912 14972 1:0 10503
9917 12772 21:0 9924
9924 669 0:0 9926
9927 12961 1:0 10512
9927 13304 1:0 10517
9927 12965 1:0 10525
9927 13301 1:0 10530
9927 12968 1:0 10538
9932 12777 21:0 9939
9935 473 1:0 10543
9937 665 0:0 9939
9940 15290 1:0 10546
9940 12973 1:0 10553
9942 15289 1:0 10555
9945 12781 21:0 10000
9946 469 1:0 10556
9952 661 0:0 9954
9964 12977 1:0 10566
9964 13220 1:0 10592
9970 12787 0:0 9972
9972 657 0:0 9974
9975 12983 1:0 10581
9977 13136 1:0 10606
9983 12989 1:0 10601
9984 12793 0:0 9985
9985 653 0:0 9987
9988 13052 1:0 10619
10001 12993 1:0 10614
10001 12996 1:0 10627
10006 12800 21:0 10013
10011 649 0:0 10013
10011 12797 0:0 10013
10013 641 0:0 10015
10016 445 1:0 10632
10016 15271 1:0 10636
10021 12805 21:0 10028
10024 13001 1:0 10642
10026 637 0:0 10028
10029 15270 1:0 10644
10029 441 1:0 10645
10031 13005 1:0 10655
10031 13024 1:0 10681
10034 12809 21:0 10089
10037 417 1:0 10682
10041 633 0:0 10043
10044 13011 1:0 10670
10059 12815 0:0 10061
10061 629 0:0 10063
10064 15251 1:0 10723
10066 13017 1:0 10686
10072 13021 1:0 10699
10073 12821 0:0 10074
10074 625 0:0 10076
10090 13029 1:0 10731
10095 12828 21:0 10102
10100 621 0:0 10102
10100 12825 0:0 10102
10102 613 0:0 10104
10105 15252 1:0 10725
10105 413 1:0 10734
10110 12833 21:0 10117
10113 13033 1:0 10744
10115 609 0:0 10117
10118 13039 1:0 10759
10118 13080 1:0 10770
10118 389 1:0 10771
10118 15232 1:0 10812
10120 13045 1:0 10775
10120 13049 1:0 10788
10120 15235 1:0 10808
10123 12837 21:0 10178
10126 13057 1:0 10820
10130 605 0:0 10132
10142 15233 1:0 10814
10148 12843 0:0 10150
10150 601 0:0 10152
10162 12849 0:0 10163
10163 597 0:0 10165
10168 385 1:0 10823
10179 15229 1:0 10826
10184 12856 21:0 10191
10189 12853 0:0 10191
10189 593 0:0 10191
10191 585 0:0 10193
10194 13061 1:0 10833
10194 13067 1:0 10848
10194 13077 1:0 10859
10194 361 1:0 10860
10199 12861 21:0 10206
10202 15213 1:0 10901
10204 581 0:0 10206
10207 13073 1:0 10864
10207 15216 1:0 10897
10207 15214 1:0 10903
10207 13085 1:0 10909
10212 12865 21:0 10267
10213 357 1:0 10912
10213 15210 1:0 10915
10219 577 0:0 10221
10231 13089 1:0 10922
10237 12871 0:0 10239
10239 573 0:0 10241
10251 12877 0:0 10252
10252 569 0:0 10254
10255 333 1:0 10949
10257 13108 1:0 10948
10268 13095 1:0 10937
10268 15194 1:0 10990
10273 12884 21:0 10280
10278 12881 0:0 10280
10278 565 0:0 10280
10280 557 0:0 10282
10283 13101 1:0 10953
10283 13105 1:0 10966
10283 15197 1:0 10986
10283 15195 1:0 10992
10288 12889 21:0 10295
10291 13113 1:0 10998
10293 553 0:0 10295
10296 329 1:0 11001
10296 15191 1:0 11004
10296 13117 1:0 11011
10298 13164 1:0 11037
10301 12893 21:0 10356
10302 305 1:0 11038
10304 13123 1:0 11026
10308 549 0:0 10310
10320 15175 1:0 11079
10326 12899 0:0 10328
10328 545 0:0 10330
10331 13129 1:0 11042
10333 13133 1:0 11055
10339 15178 1:0 11075
10340 12905 0:0 10341
10341 541 0:0 10343
10357 15176 1:0 11081
10362 12912 21:0 10369
10367 537 0:0 10369
10367 12909 0:0 10369
10369 529 0:0 10371
10372 13141 1:0 11087
10372 301 1:0 11090
10372 15172 1:0 11093
10377 12917 21:0 10384
10380 13145 1:0 11100
10382 525 0:0 10384
10385 13151 1:0 11115
10385 13161 1:0 11126
10385 277 1:0 11127
10387 13157 1:0 11131
10387 15159 1:0 11164
10387 15156 1:0 11168
10390 12921 21:0 10445
10391 15157 1:0 11170
10397 521 0:0 10399
10409 13169 1:0 11176
10415 12927 0:0 10417
10417 517 0:0 10419
10429 12933 0:0 10430
10430 513 0:0 10432
10433 273 1:0 11179
10435 15153 1:0 11182
10446 13173 1:0 11189
10451 12940 21:0 10458
10456 12937 0:0 10458
10456 509 0:0 10458
10458 501 0:0 10460
10461 13179 1:0 11204
10461 13192 1:0 11215
10461 249 1:0 11216
10466 12945 21:0 10473
10469 15137 1:0 11257
10471 497 0:0 10473
10474 13185 1:0 11220
10474 13189 1:0 11233
10474 15140 1:0 11253
10474 15138 1:0 11259
10476 13197 1:0 11265
10479 12949 21:0 10534
10480 245 1:0 11268
10480 15134 1:0 11271
10486 493 0:0 10488
10498 13201 1:0 11278
10504 12955 0:0 10506
10506 489 0:0 10508
10518 12961 0:0 10519
10519 485 0:0 10521
10522 221 1:0 11305
10524 13248 1:0 11304
10535 13207 1:0 11293
10540 12968 21:0 10547
10545 12965 0:0 10547
10547 473 0:0 10549
10550 13213 1:0 11309
10550 13217 1:0 11322
10550 15121 1:0 11342
10550 15118 1:0 11346
10555 12973 21:0 10562
10556 13225 1:0 11354
10560 469 0:0 10562
10563 15119 1:0 11348
10563 217 1:0 11357
10565 15115 1:0 11360
10565 13229 1:0 11367
10565 13245 1:0 11393
10568 12977 21:0 10623
10571 193 1:0 11394
10587 13235 1:0 11382
10593 12983 0:0 10595
10607 12989 0:0 10608
10613 15099 1:0 11435
10622 12993 21:0 10636
10624 13241 1:0 11398
10624 15102 1:0 11431
10635 12996 21:0 10636
10639 15100 1:0 11437
10644 13001 21:0 10651
10647 445 0:0 10649
10647 13253 1:0 11443
10647 189 1:0 11446
10649 441 0:0 10651
10652 15096 1:0 11449
10652 13257 1:0 11456
10652 165 1:0 11483
10654 13263 1:0 11471
10654 13276 1:0 11482
10657 13005 21:0 10712
10658 15080 1:0 11524
10660 13269 1:0 11487
10660 13273 1:0 11500
10676 15083 1:0 11520
10682 13011 0:0 10684
10696 13017 0:0 10697
10706 13281 1:0 11532
10709 13021 0:0 10710
10718 13024 21:0 10725
10725 417 0:0 10727
10728 15081 1:0 11526
10728 161 1:0 11535
10728 15077 1:0 11539
10733 13029 21:0 10740
10736 13285 1:0 11545
10738 413 0:0 10740
10741 13291 1:0 11560
10741 13332 1:0 11571
10741 137 1:0 11572
10743 13297 1:0 11576
10743 15064 1:0 11609
10743 15061 1:0 11613
10746 13033 21:0 10801
10749 13309 1:0 11621
10771 13039 0:0 10773
10778 15062 1:0 11615
10785 13045 0:0 10786
10798 13049 0:0 10799
10802 133 1:0 11624
10807 13052 21:0 10814
10814 389 0:0 10816
10817 15058 1:0 11628
10817 13313 1:0 11634
10817 13329 1:0 11660
10822 13057 21:0 10829
10825 13319 1:0 11649
10825 109 1:0 11661
10827 385 0:0 10829
10830 13325 1:0 11665
10830 15045 1:0 11698
10830 15042 1:0 11702
10832 13337 1:0 11710
10835 13061 21:0 10890
10836 15043 1:0 11704
10854 105 1:0 11713
10854 15039 1:0 11717
10860 13067 0:0 10862
10874 13073 0:0 10875
10889 13077 21:0 10903
10891 13341 1:0 11723
10891 13360 1:0 11749
10902 13080 21:0 10903
10903 361 0:0 10905
10906 13347 1:0 11738
10906 81 1:0 11750
10906 15023 1:0 11791
10911 13085 21:0 10918
10912 13353 1:0 11754
10914 13357 1:0 11767
10916 357 0:0 10918
10919 15026 1:0 11787
10919 15024 1:0 11793
10919 13365 1:0 11799
10921 77 1:0 11802
10924 13089 21:0 10979
10927 13369 1:0 11812
10943 15020 1:0 11806
10943 13388 1:0 11838
10949 13095 0:0 10951
10963 13101 0:0 10964
10978 13105 21:0 10992
10980 13375 1:0 11827
10980 69 1:0 11837
10980 53 1:0 11839
10991 13108 21:0 10992
10992 333 0:0 10994
10995 13381 1:0 11843
10995 61 1:0 11855
10995 13385 1:0 11856
10995 15007 1:0 11876
10995 15004 1:0 11880
11000 13113 21:0 11007
11005 329 0:0 11007
11008 15005 1:0 11882
11008 13393 1:0 11888
11008 49 1:0 11891
11010 15001 1:0 11895
11013 13117 21:0 11068
11014 13397 1:0 11901
11014 45 1:0 11906
11016 13416 1:0 11927
11038 13123 0:0 11040
11051 25 1:0 11928
11052 13129 0:0 11053
11058 14994 1:0 11920
11062 14993 1:0 11920
11065 13133 0:0 11066
11069 13403 1:0 11916
11069 41 1:0 11926
11074 13136 21:0 11081
11081 305 0:0 11083
11084 14992 1:0 11920
11084 14989 1:0 11930
11084 13409 1:0 11932
11084 33 1:0 11944
11084 14985 1:0 11969
11089 13141 21:0 11096
11090 13413 1:0 11945
11092 14988 1:0 11965
11094 301 0:0 11096
11097 14986 1:0 11971
11097 13421 1:0 11977
11099 21 1:0 11980
11099 14982 1:0 11984
11102 13145 21:0 11157
11105 13425 1:0 11990
11105 17 1:0 11995
11121 14976 1:0 11999
11121 13 1:0 12015
11127 13151 0:0 11129
11138 13431 1:0 12005
11140 14974 1:0 12009
11141 13157 0:0 11142
11147 14975 1:0 12009
11156 13161 21:0 11170
11158 14973 1:0 12009
11158 13437 1:0 12025
11158 9 1:0 12028
11169 13164 21:0 11170
11170 277 0:0 11172
11173 13441 1:0 12038
11173 5 1:0 12041
11173 2829 1:0 12045
11173 13444 1:0 12051
11173 3 1:0 12057
11178 13169 21:0 11185
11183 273 0:0 11185
11191 13173 21:0 11246
11216 13179 0:0 11218
11230 13185 0:0 11231
11245 13189 21:0 11259
11258 13192 21:0 11259
11259 249 0:0 11261
11267 13197 21:0 11274
11272 245 0:0 11274
11280 13201 21:0 11335
11305 13207 0:0 11307
11319 13213 0:0 11320
11332 13217 0:0 11333
11341 13220 21:0 11348
11348 221 0:0 11350
11356 13225 21:0 11363
11361 217 0:0 11363
11369 13229 21:0 11424
11394 13235 0:0 11396
11408 13241 0:0 11409
11423 13245 21:0 11437
11436 13248 21:0 11437
11437 193 0:0 11439
11445 13253 21:0 11452
11450 189 0:0 11452
11458 13257 21:0 11513
11483 13263 0:0 11485
11497 13269 0:0 11498
11512 13273 21:0 11526
11525 13276 21:0 11526
11526 165 0:0 11528
11534 13281 21:0 11541
11539 161 0:0 11541
11547 13285 21:0 11602
11572 13291 0:0 11574
11586 13297 0:0 11587
11601 13301 21:0 11615
11614 13304 21:0 11615
11615 137 0:0 11617
11623 13309 21:0 11630
11628 133 0:0 11630
11631 133 1:0 12232
11631 137 1:0 12252
11631 161 1:0 12272
11631 165 1:0 12292
11631 189 1:0 12312
11631 193 1:0 12332
11631 217 1:0 12352
11631 221 1:0 12372
11631 245 1:0 12392
11631 249 1:0 12412
11631 273 1:0 12432
11631 277 1:0 12452
11631 301 1:0 12472
11631 305 1:0 12492
11631 329 1:0 12512
11631 333 1:0 12532
11631 357 1:0 12552
11631 361 1:0 12572
11631 385 1:0 12592
11631 389 1:0 12612
11631 413 1:0 12632
11631 417 1:0 12652
11631 441 1:0 12672
11631 445 1:0 12692
11631 469 1:0 12712
11631 473 1:0 12732
11631 485 1:0 12736
11631 489 1:0 12736
11631 493 1:0 12761
11631 497 1:0 12767
11631 501 1:0 12772
11631 509 1:0 12776
11631 513 1:0 12776
11631 517 1:0 12776
11631 521 1:0 12801
11631 525 1:0 12807
11631 529 1:0 12812
11631 545 1:0 12816
11631 537 1:0 12816
11631 541 1:0 12816
11631 549 1:0 12841
11631 553 1:0 12847
11631 557 1:0 12852
11631 565 1:0 12856
11631 569 1:0 12856
11631 573 1:0 12856
11631 577 1:0 12881
11631 581 1:0 12887
11631 585 1:0 12892
11631 597 1:0 12896
11631 593 1:0 12896
11631 601 1:0 12896
11631 605 1:0 12921
11631 609 1:0 12927
11631 613 1:0 12932
11631 625 1:0 12936
11631 621 1:0 12936
11631 629 1:0 12936
11631 633 1:0 12961
11631 637 1:0 12967
11631 641 1:0 12972
11631 657 1:0 12976
11631 653 1:0 12976
11631 649 1:0 12976
11633 665 1:0 13007
11636 13313 21:0 11691
11637 661 1:0 13001
11655 669 1:0 13012
11661 13319 0:0 11663
11668 677 1:0 13016
11674 681 1:0 13016
11675 13325 0:0 11676
11681 685 1:0 13016
11688 13329 0:0 11689
11697 13332 21:0 11704
11707 689 1:0 13041
11707 693 1:0 13047
11712 13337 21:0 11719
11720 697 1:0 13052
11720 713 1:0 13056
11720 709 1:0 13056
11720 705 1:0 13056
11722 721 1:0 13087
11725 13341 21:0 11780
11726 717 1:0 13081
11744 725 1:0 13092
11744 733 1:0 13096
11750 13347 0:0 11752
11757 737 1:0 13096
11763 741 1:0 13108
11764 13353 0:0 11765
11779 13357 21:0 11793
11781 749 1:0 13127
11792 13360 21:0 11793
11796 745 1:0 13121
11801 13365 21:0 11808
11804 753 1:0 13132
11809 761 1:0 13140
11809 765 1:0 13144
11809 769 1:0 13148
11811 773 1:0 13161
11811 777 1:0 13167
11814 13369 21:0 11869
11817 781 1:0 13172
11839 13375 0:0 11841
11852 6897 1:0 13210
11853 13381 0:0 11854
11868 13385 21:0 11882
11870 789 1:0 13180
11870 793 1:0 13184
11870 797 1:0 13188
11881 13388 21:0 11882
11885 805 1:0 13207
11890 13393 21:0 11897
11893 801 1:0 13201
11898 6728 1:0 13223
11900 809 1:0 13212
11900 817 1:0 13220
11903 13397 21:0 11958
11904 821 1:0 13224
11904 825 1:0 13228
11922 6557 1:0 13255
11928 13403 0:0 11930
11942 13409 0:0 11943
11957 13413 21:0 11971
11959 829 1:0 13241
11959 833 1:0 13247
11970 13416 21:0 11971
11979 13421 21:0 11986
11980 837 1:0 13252
11982 845 1:0 13260
11982 849 1:0 13264
11987 853 1:0 13268
11987 9417 1:0 13290
11992 13425 21:0 12047
11993 857 1:0 13281
11993 861 1:0 13287
12017 13431 0:0 12019
12024 9921 1:0 13303
12030 881 1:0 13308
12031 13437 0:0 12032
12044 13441 0:0 12045
12048 865 1:0 13292
12048 873 1:0 13300
12048 877 1:0 13304
12061 3 21:0 12065
12064 13444 0:0 12065
12064 2829 21:0 12069
12067 5 0:0 12069
12069 9 21:0 12086
12079 13 0:0 12081
12085 16496 0:0 12086
12085 16497 0:0 12086
12085 16498 0:0 12086
12088 16495 21:0 12092
12091 16499 21:0 12092
12091 17 0:0 12092
12091 16504 0:0 12092
12094 16508 21:0 12113
12095 21 0:0 12097
12098 9753 1:0 13335
12103 16505 0:0 12105
12104 16511 0:0 12105
12107 33 0:0 12109
12112 37 21:0 12126
12113 16509 0:0 12126
12113 25 0:0 12132
12114 889 1:0 13327
12119 41 0:0 12121
12125 16516 0:0 12126
12125 16515 0:0 12126
12125 16517 0:0 12126
12127 885 1:0 13321
12128 16512 21:0 12132
12131 16523 0:0 12132
12131 16518 0:0 12132
12131 45 21:0 12132
12133 893 1:0 13332
12133 903 1:0 13343
12133 12546 1:0 13364
12134 16527 21:0 12153
12135 49 0:0 12137
12143 16524 0:0 12145
12144 16530 0:0 12145
12151 65 0:0 12153
12152 61 21:0 12166
12153 16528 0:0 12166
12153 53 0:0 12172
12154 12553 1:0 13389
12159 69 0:0 12161
12165 16536 0:0 12166
12165 16535 0:0 12166
12165 16534 21:0 12172
12167 12557 1:0 13402
12170 16531 0:0 12172
12170 16537 0:0 12172
12171 73 21:0 12172
12171 16542 0:0 12172
12173 12563 1:0 13417
12173 12569 1:0 13437
12173 12573 1:0 13450
12174 16546 21:0 12193
12175 77 0:0 12177
12178 6556 1:0 13455
12183 16543 0:0 12185
12184 16549 0:0 12185
12193 16547 0:0 12206
12193 81 0:0 12212
12214 16565 21:0 12233
12215 105 0:0 12217
12218 12576 1:0 13463
12223 16562 0:0 12225
12224 16568 0:0 12225
12233 16566 0:0 12246
12233 109 0:0 12252
12254 16584 21:0 12273
12255 133 0:0 12257
12263 16581 0:0 12265
12264 16587 0:0 12265
12273 16585 0:0 12286
12273 137 0:0 12292
12294 16603 21:0 12313
12295 161 0:0 12297
12303 16600 0:0 12305
12304 16606 0:0 12305
12313 16604 0:0 12326
12313 165 0:0 12332
12334 16622 21:0 12353
12335 189 0:0 12337
12343 16619 0:0 12345
12344 16625 0:0 12345
12353 16623 0:0 12366
12353 193 0:0 12372
12374 16641 21:0 12393
12375 217 0:0 12377
12383 16638 0:0 12385
12384 16644 0:0 12385
12393 16642 0:0 12406
12393 221 0:0 12412
12414 16660 21:0 12433
12415 245 0:0 12417
12423 16657 0:0 12425
12424 16663 0:0 12425
12433 16661 0:0 12446
12433 249 0:0 12452
12454 16679 21:0 12473
12455 273 0:0 12457
12463 16676 0:0 12465
12464 16682 0:0 12465
12473 16680 0:0 12486
12473 277 0:0 12492
12494 16698 21:0 12513
12495 301 0:0 12497
12503 16695 0:0 12505
12504 16701 0:0 12505
12513 16699 0:0 12526
12513 305 0:0 12532
12534 16717 21:0 12553
12535 329 0:0 12537
12543 16714 0:0 12545
12544 16720 0:0 12545
12553 16718 0:0 12566
12553 333 0:0 12572
12574 16736 21:0 12593
12575 357 0:0 12577
12583 16733 0:0 12585
12584 16739 0:0 12585
12593 16737 0:0 12606
12593 361 0:0 12612
12614 16755 21:0 12633
12615 385 0:0 12617
12623 16752 0:0 12625
12624 16758 0:0 12625
12633 16756 0:0 12646
12633 389 0:0 12652
12654 16774 21:0 12673
12655 413 0:0 12657
12663 16771 0:0 12665
12664 16777 0:0 12665
12673 16775 0:0 12686
12673 417 0:0 12692
12694 16793 21:0 12713
12695 441 0:0 12697
12713 16794 0:0 12726
12713 445 0:0 12732
12732 469 0:0 12737
12734 16812 0:0 12737
12737 16813 0:0 12749
12737 473 0:0 12749
12772 497 0:0 12777
12774 16831 0:0 12777
12777 16832 0:0 12789
12777 501 0:0 12789
12812 525 0:0 12817
12814 16850 0:0 12817
12817 16851 0:0 12829
12817 529 0:0 12829
12852 553 0:0 12857
12854 16869 0:0 12857
12857 16870 0:0 12869
12857 557 0:0 12869
12892 581 0:0 12897
12894 16888 0:0 12897
12897 585 0:0 12909
12897 16889 0:0 12909
12932 609 0:0 12937
12934 16907 0:0 12937
12937 613 0:0 12949
12937 16908 0:0 12949
12972 637 0:0 12977
12974 16926 0:0 12977
12977 641 0:0 12989
12977 16927 0:0 12989
13012 665 0:0 13017
13014 16945 0:0 13017
13017 16946 0:0 13029
13017 669 0:0 13029
13052 693 0:0 13057
13054 16964 0:0 13057
13057 697 0:0 13069
13057 16965 0:0 13069
13092 721 0:0 13097
13094 16983 0:0 13097
13097 725 0:0 13109
13097 16984 0:0 13109
13132 749 0:0 13137
13134 17002 0:0 13137
13165 17003 0:0 13172
13165 753 0:0 13172
13172 777 0:0 13177
13353 17107 21:0 13363
13363 903 21:0 13383
13382 12546 0:0 13383
13386 6561 1:0 13568
13394 6560 1:0 13567
13401 12581 1:0 13618
13407 12585 1:0 13631
13407 12591 1:0 13646
13436 12597 1:0 13666
13476 6724 1:0 13684
13555 6557 21:0 13614
13556 12601 1:0 13679
13556 12604 1:0 13692
13576 6725 1:0 13777
13578 6729 1:0 13797
13610 6560 0:0 13612
13610 6556 0:0 13612
13611 6561 0:0 13612
13613 12609 1:0 13847
13613 12613 1:0 13860
13615 12619 1:0 13875
13615 12625 1:0 13895
13615 12629 1:0 13908
13615 6892 1:0 13913
13621 12632 1:0 13921
13630 6893 1:0 14006
13634 6896 1:0 14025
13678 12637 1:0 14076
13785 12641 1:0 14089
13785 12647 1:0 14104
13785 12653 1:0 14124
13785 12657 1:0 14137
13805 12660 1:0 14150
13807 6728 21:0 13843
13807 12665 1:0 14305
13840 6729 0:0 13841
13840 6725 0:0 13841
13840 6724 0:0 13841
13842 777 1:0 14308
13842 12669 1:0 14318
13842 12675 1:0 14333
13844 12681 1:0 14353
13844 12685 1:0 14366
13844 7228 1:0 14371
13844 12688 1:0 14379
13859 7233 1:0 14484
13863 7229 1:0 14464
13894 7232 1:0 14483
13934 753 1:0 14524
14014 12693 1:0 14534
14033 6897 21:0 14072
14034 17003 1:0 14528
14068 6896 0:0 14070
14068 6892 0:0 14070
14068 6893 0:0 14070
14071 17002 1:0 14536
14071 749 1:0 14537
14073 12697 1:0 14547
14073 12703 1:0 14562
14073 12709 1:0 14582
14073 7396 1:0 14600
14079 12713 1:0 14595
14081 12716 1:0 14608
14088 7397 1:0 14693
14094 7400 1:0 14712
14147 7401 1:0 14713
14243 725 1:0 14753
14263 12721 1:0 14763
14302 16984 1:0 14757
14317 721 1:0 14766
14321 16983 1:0 14765
14339 12725 1:0 14776
14352 12731 1:0 14791
14376 12737 1:0 14811
14378 12741 1:0 14824
14382 12744 1:0 14837
14472 7564 1:0 14829
14492 7569 1:0 14942
14523 7229 0:0 14528
14527 7233 0:0 14528
14527 7232 0:0 14530
14529 7228 0:0 14541
14529 7568 1:0 14941
14531 7565 1:0 14922
14531 697 1:0 14982
14539 16965 1:0 14986
14539 12749 1:0 14992
14546 693 1:0 14995
14550 16964 1:0 14994
14594 12753 1:0 15005
14605 12759 1:0 15020
14611 12765 1:0 15040
14621 12769 1:0 15053
14701 7732 1:0 15058
14721 12772 1:0 15066
14723 7733 1:0 15151
14752 7400 0:0 14757
14756 7397 0:0 14757
14756 7401 0:0 14759
14758 7396 0:0 14770
14758 7737 1:0 15171
14760 7736 1:0 15170
14760 669 1:0 15211
14768 12777 1:0 15221
14773 16946 1:0 15215
14779 665 1:0 15224
14781 16945 1:0 15223
14836 12781 1:0 15234
14840 12787 1:0 15249
14850 12793 1:0 15269
14930 7900 1:0 15287
14950 12797 1:0 15282
14950 12800 1:0 15295
14981 7569 0:0 14986
14985 7568 0:0 14986
14985 7565 0:0 14988
14987 7564 0:0 14999
14987 7901 1:0 15380
14989 7904 1:0 15399
14989 7905 1:0 15400
14997 641 1:0 15440
14997 16927 1:0 15444
15004 12805 1:0 15450
15008 16926 1:0 15452
15039 637 1:0 15453
15079 12809 1:0 15463
15159 12815 1:0 15478
15159 12821 1:0 15498
15159 12825 1:0 15511
15159 12828 1:0 15524
15179 8068 1:0 15516
15210 7736 0:0 15215
15214 7737 0:0 15215
15214 7733 0:0 15217
15216 7732 0:0 15228
15216 8069 1:0 15609
15218 8072 1:0 15628
15218 8073 1:0 15629
15226 613 1:0 15669
15226 16908 1:0 15673
15233 12833 1:0 15679
15239 16907 1:0 15681
15292 609 1:0 15682
15388 12837 1:0 15692
15408 8240 1:0 15699
15410 8236 1:0 15699
15439 7904 0:0 15444
15443 7905 0:0 15444
15443 7901 0:0 15446
15445 7900 0:0 15457
15445 12843 1:0 15707
15445 73 1:0 15719
15445 12849 1:0 15727
15445 16534 1:0 15732
15447 12853 1:0 15740
15447 61 1:0 15745
15447 8241 1:0 15746
15447 12856 1:0 15753
15447 45 1:0 15900
15455 8237 1:0 15746
15462 585 1:0 15898
15466 12861 1:0 15908
15497 16889 1:0 15902
15527 16888 1:0 15910
15537 16512 1:0 15948
15617 581 1:0 15911
15637 12865 1:0 15921
15639 12871 1:0 15936
15668 8073 0:0 15673
15672 8072 0:0 15673
15672 8069 0:0 15675
15674 8068 0:0 15686
15674 8408 1:0 15928
15676 8405 1:0 15928
15676 8404 1:0 15928
15682 37 1:0 15961
15684 8409 1:0 15928
15684 12877 1:0 15956
15684 16499 1:0 15974
15689 12881 1:0 15969
15691 12884 1:0 15982
15695 557 1:0 16127
15697 16495 1:0 16129
15750 12889 1:0 16137
15846 16870 1:0 16131
15846 16869 1:0 16139
15866 553 1:0 16140
15868 12899 1:0 16165
15868 9 1:0 16177
15897 8237 0:0 15902
15897 8241 0:0 15902
15901 8236 0:0 15902
15901 8240 0:0 15902
15903 12893 1:0 16150
15903 8572 1:0 16157
15903 8576 1:0 16157
15905 12905 1:0 16185
15905 13388 1:0 16190
15905 13385 1:0 16203
15911 12909 1:0 16198
15920 8577 1:0 16204
15924 8573 1:0 16204
15926 12912 1:0 16211
15942 13304 1:0 16358
15985 529 1:0 16356
16075 16851 1:0 16360
16095 12917 1:0 16366
16097 16850 1:0 16368
16126 8409 0:0 16131
16126 8404 0:0 16131
16126 8405 0:0 16131
16126 8408 0:0 16131
16132 525 1:0 16369
16132 12921 1:0 16379
16132 8744 1:0 16386
16140 8740 1:0 16386
16142 12927 1:0 16394
16142 13301 1:0 16406
16147 13248 1:0 16419
16149 12933 1:0 16414
16149 12937 1:0 16427
16149 13220 1:0 16432
16155 8745 1:0 16433
16210 8741 1:0 16433
16224 12940 1:0 16440
16304 8733 1:0 16435
16304 8732 1:0 16436
16304 13164 1:0 16587
16324 501 1:0 16585
16355 8577 0:0 16360
16355 8573 0:0 16360
16359 8572 0:0 16360
16359 8576 0:0 16360
16361 16832 1:0 16589
16361 12945 1:0 16595
16361 16831 1:0 16597
16361 497 1:0 16598
16363 12949 1:0 16608
16369 13136 1:0 16635
16378 8908 1:0 16615
16382 8912 1:0 16615
16384 12955 1:0 16623
16400 13080 1:0 16648
16413 12961 1:0 16643
16437 13077 1:0 16661
16439 12965 1:0 16656
16443 12968 1:0 16669
16453 12996 1:0 16816
16533 8913 1:0 16662
16553 8909 1:0 16662
16584 8741 0:0 16589
16584 8745 0:0 16589
16588 529 0:0 16589
16588 8732 0:0 16589
16588 8733 0:0 16589
16588 8740 0:0 16589
16588 8744 0:0 16589
16590 473 1:0 16814
16590 16813 1:0 16818
16590 12973 1:0 16824
16590 16812 1:0 16826
16590 469 1:0 16827
16592 12977 1:0 16837
16598 12993 1:0 16866
16600 12983 1:0 16852
16607 9076 1:0 16846
16613 9080 1:0 16867
16666 9077 1:0 16867
16762 445 1:0 16867
16762 12989 1:0 16868
16782 16793 1:0 17045
16784 13001 1:0 17053
16813 8913 0:0 16818
16813 8909 0:0 16818
16817 8908 0:0 16818
16817 497 0:0 16818
16817 501 0:0 16818
16817 8912 0:0 16818
16819 16794 1:0 17047
16819 441 1:0 17056
16819 13005 1:0 17066
16819 9244 1:0 17075
16819 13011 1:0 17081
16819 13024 1:0 17095
16821 417 1:0 17096
16829 9249 1:0 17096
16836 9245 1:0 17096
16842 13017 1:0 17097
16842 16774 1:0 17274
16871 13021 1:0 17110
16884 16777 1:0 17270
16911 16775 1:0 17276
16991 13029 1:0 17282
17010 9081 21:0 17049
17011 413 1:0 17285
17013 13052 1:0 17324
17045 9077 0:0 17047
17045 9076 0:0 17047
17045 9080 0:0 17047
17048 16771 1:0 17289
17048 13033 1:0 17295
17048 9412 1:0 17304
17050 13039 1:0 17310
17050 9416 1:0 17325
17058 9413 1:0 17325
17065 389 1:0 17325
17065 13045 1:0 17326
17071 16755 1:0 17503
17084 13049 1:0 17339
17100 16758 1:0 17499
17140 13057 1:0 17511
17220 16756 1:0 17505
17220 13108 1:0 17553
17240 9245 0:0 17276
17240 9244 0:0 17276
17240 385 1:0 17514
17242 9248 21:0 17278
17242 13067 1:0 17539
17275 9249 0:0 17276
17277 16752 1:0 17518
17277 13061 1:0 17524
17277 9580 1:0 17533
17279 9581 1:0 17554
17285 361 1:0 17554
17294 13073 1:0 17555
17294 16739 1:0 17728
17294 16736 1:0 17732
17300 13085 1:0 17740
17342 16737 1:0 17734
17449 357 1:0 17743
17449 16733 1:0 17747
17469 9417 21:0 17507
17469 13089 1:0 17753
17471 9748 1:0 17762
17503 9416 0:0 17505
17503 9412 0:0 17505
17503 9413 0:0 17505
17506 13095 1:0 17768
17506 13105 1:0 17782
17506 333 1:0 17783
17506 13101 1:0 17784
17508 9749 1:0 17783
17508 9752 1:0 17783
17521 16717 1:0 17961
17523 16720 1:0 17957
17527 16718 1:0 17963
17545 13113 1:0 17969
17588 329 1:0 17972
17678 16714 1:0 17976
17678 13117 1:0 17982
17698 9580 0:0 17734
17698 9581 0:0 17734
17698 9916 1:0 17991
17700 13123 1:0 17997
17700 13161 1:0 18011
17735 9917 1:0 18012
17743 9920 1:0 18012
17752 305 1:0 18012
17756 16698 1:0 18190
17758 13129 1:0 18013
17758 13133 1:0 18026
17774 16701 1:0 18186
17817 13141 1:0 18198
17827 13151 1:0 18226
17907 16699 1:0 18192
17927 9753 21:0 17965
17927 301 1:0 18201
17927 16695 1:0 18205
17929 13192 1:0 18240
17961 9752 0:0 17963
17961 9749 0:0 17963
17961 9748 0:0 17963
17964 13145 1:0 18211
17964 10084 1:0 18220
17966 277 1:0 18241
17966 10085 1:0 18241
17979 16679 1:0 18419
17981 13157 1:0 18242
17981 16682 1:0 18415
17987 13169 1:0 18427
18029 16680 1:0 18421
18136 273 1:0 18430
18156 9921 21:0 18194
18156 16676 1:0 18434
18156 13173 1:0 18440
18158 10252 1:0 18449
18190 9920 0:0 18192
18190 9917 0:0 18192
18190 9916 0:0 18192
18193 13179 1:0 18455
18193 13189 1:0 18469
18193 249 1:0 18470
18195 10253 1:0 18470
18195 13185 1:0 18471
18195 16663 1:0 18644
18195 16660 1:0 18648
18203 16661 1:0 18650
18210 13197 1:0 18656
18229 245 1:0 18659
18275 13201 1:0 18669
18285 16657 1:0 18663
18365 10420 1:0 18678
18385 10084 0:0 18421
18385 10085 0:0 18421
18385 13207 1:0 18684
18385 13245 1:0 18698
18387 221 1:0 18699
18422 10421 1:0 18699
18424 13213 1:0 18700
18430 16641 1:0 18877
18432 13217 1:0 18713
18432 16644 1:0 18873
18439 16642 1:0 18879
18445 13225 1:0 18885
18500 217 1:0 18888
18504 16638 1:0 18892
18514 13235 1:0 18913
18594 13229 1:0 18898
18614 10253 0:0 18650
18614 10252 0:0 18650
18614 10588 1:0 18907
18616 13276 1:0 18927
18651 10589 1:0 18928
18653 193 1:0 18928
18666 16622 1:0 19106
18668 13241 1:0 18929
18668 16625 1:0 19102
18672 16623 1:0 19108
18703 13253 1:0 19114
18743 189 1:0 19117
18823 16619 1:0 19121
18823 13263 1:0 19142
18843 10421 0:0 18879
18843 10420 0:0 18879
18843 13257 1:0 19127
18845 10756 1:0 19136
18880 13273 1:0 19156
18882 10757 1:0 19157
18890 165 1:0 19157
18895 13269 1:0 19158
18897 16603 1:0 19335
18901 16606 1:0 19331
18903 16604 1:0 19337
18958 13281 1:0 19343
18962 13291 1:0 19371
19052 161 1:0 19346
19052 16600 1:0 19350
19072 10589 0:0 19108
19072 10588 0:0 19108
19072 13285 1:0 19356
19074 13332 1:0 19385
19109 10924 1:0 19365
19111 137 1:0 19386
19119 13297 1:0 19387
19126 10925 1:0 19386
19130 16584 1:0 19564
19132 16587 1:0 19560
19185 13309 1:0 19572
19281 16585 1:0 19566
19301 10757 0:0 19337
19301 10756 0:0 19337
19301 133 1:0 19575
19301 16581 1:0 19579
19303 13313 1:0 19585
19338 11092 1:0 19594
19340 13319 1:0 19600
19340 13360 1:0 19614
19348 11093 1:0 19615
19355 109 1:0 19615
19361 16565 1:0 19793
19374 13325 1:0 19616
19390 13329 1:0 19629
19403 16568 1:0 19789
19510 16566 1:0 19795
19510 13337 1:0 19801
19530 10925 0:0 19566
19530 10924 0:0 19566
19530 105 1:0 19804
19567 16562 1:0 19808
19567 13341 1:0 19814
19569 11260 1:0 19823
19575 13347 1:0 19829
19577 13357 1:0 19843
19584 81 1:0 19844
19590 11261 1:0 19844
19632 16546 1:0 20022
19645 13353 1:0 19845
19649 16549 1:0 20018
19739 16547 1:0 20024
19759 11093 0:0 19795
19759 11092 0:0 19795
19759 13365 1:0 20030
19761 77 1:0 20033
19796 16543 1:0 20037
19796 16542 1:0 20046
19798 13369 1:0 20043
19806 11428 1:0 20050
19811 903 1:0 20052
19813 16537 1:0 20052
19813 16536 1:0 20054
19813 13375 1:0 20058
19813 13416 1:0 20072
19817 16535 1:0 20054
19817 69 1:0 20054
19861 11429 1:0 20073
19968 16531 1:0 20072
19968 53 1:0 20073
19968 65 1:0 20073
19968 13381 1:0 20074
19988 11261 0:0 20024
19988 11260 0:0 20024
19988 16530 1:0 20247
19988 16527 1:0 20251
19988 17107 1:0 20251
20025 16528 1:0 20253
20027 13393 1:0 20259
20035 49 1:0 20262
20040 16524 1:0 20266
20046 13397 1:0 20272
20046 16523 1:0 20275
20046 16518 1:0 20281
20046 2829 1:0 20281
20048 41 1:0 20283
20064 13413 1:0 20301
20077 16515 1:0 20283
20090 13403 1:0 20287
20101 16517 1:0 20283
20103 16516 1:0 20283
20197 25 1:0 20302
20217 11429 0:0 20253
20217 11428 0:0 20253
20217 13409 1:0 20303
20217 33 1:0 20315
20217 16511 1:0 20328
20217 16508 1:0 20480
20219 3 1:0 20480
20254 16509 1:0 20482
20256 13421 1:0 20488
20269 21 1:0 20491
20271 16505 1:0 20495
20275 13425 1:0 20501
20275 17 1:0 20506
20319 11765 1:0 20510
20426 16504 1:0 20504
20426 11768 1:0 20510
20446 11764 1:0 20510
20446 15584 1:0 20510
20485 13 1:0 20512
20493 11769 1:0 20667
20498 13431 1:0 20512
20500 16497 1:0 20512
20500 16498 1:0 20512
20500 16496 1:0 20512
20500 13437 1:0 20532
20504 5 1:0 20544
20504 13441 1:0 20545
20506 12546 1:0 20558
20506 13444 1:0 20558
20506 14061 1:0 20654
20561 497 1:0 719
20565 12538 1:0 20707
20575 906 1:0 23
20575 11902 1:0 20721
20575 11903 1:0 20722
20655 501 1:0 740
20674 11769 21:0 59
20675 529 1:0 780
