50 8783 21:0 87
86 8782 21:0 92
91 8781 21:0 103
102 8778 21:0 103
102 8780 21:0 103
102 337 21:0 108
107 8908 21:0 108
107 8872 21:0 108
107 8776 21:0 108
107 8784 21:0 108
107 8786 21:0 108
107 8785 21:0 108
107 8787 21:0 108
107 8873 21:0 108
107 8771 21:0 108
107 8777 21:0 108
107 8775 21:0 108
107 8772 21:0 108
107 8770 21:0 108
110 8931 21:0 131
130 8932 21:0 179
178 8930 21:0 184
183 8934 21:0 189
188 8907 21:0 189
188 8941 21:0 189
188 8773 21:0 189
189 8965 21:0 255
254 8981 21:0 255
254 8973 21:0 257
257 8995 21:0 265
264 51 21:0 265
264 8961 21:0 265
265 8998 21:0 331
330 8997 21:0 336
335 8996 21:0 341
340 8964 21:0 407
406 8929 21:0 412
411 8963 21:0 417
416 8962 21:0 483
482 9031 21:0 488
487 9048 21:0 488
487 9039 21:0 490
490 9096 21:0 507
506 9097 21:0 559
558 9061 21:0 564
563 9127 21:0 583
582 9062 21:0 635
634 9094 21:0 640
639 9029 21:0 659
658 9028 21:0 711
710 9064 21:0 716
715 9030 21:0 731
730 9095 21:0 787
786 9063 21:0 792
791 9129 21:0 797
796 9128 21:0 863
862 9130 21:0 868
867 153 21:0 868
867 159 21:0 868
867 21 21:0 870
870 9260 21:0 887
886 9227 21:0 939
938 9161 21:0 944
943 9196 21:0 963
962 9195 21:0 1015
1014 9229 21:0 1020
1019 9261 21:0 1039
1038 9293 21:0 1091
1090 9259 21:0 1096
1095 9292 21:0 1101
1100 9228 21:0 1167
1166 9262 21:0 1172
1171 9162 21:0 1177
1176 9325 21:0 1243
1242 9194 21:0 1248
1247 9359 21:0 1253
1252 9163 21:0 1319
1318 9226 21:0 1324
1323 9160 21:0 1329
1328 9326 21:0 1384
1383 9361 21:0 1400
1399 9358 21:0 1405
1404 9328 21:0 1456
1455 9360 21:0 1459
1458 9295 21:0 1466
1463 9360 1:0 1864
1464 9361 1:0 1942
1464 9359 1:0 1948
1465 9503 21:0 1469
1467 9358 1:0 1958
1468 9505 21:0 1469
1468 9143 21:0 1469
1468 9138 21:0 1469
1472 9531 21:0 1474
1472 9328 1:0 2064
1472 9326 1:0 2070
1473 155 21:0 1474
1473 8987 21:0 1477
1475 9325 1:0 2080
1476 173 21:0 1477
1476 9204 21:0 1477
1478 9295 1:0 2186
1481 9534 21:0 1503
1496 9293 1:0 2192
1502 9147 21:0 1537
1508 9292 1:0 2202
1536 9180 21:0 1551
1550 9026 21:0 1556
1552 9262 1:0 2230
1555 8960 21:0 1578
1555 173 1:0 2448
1559 153 1:0 2596
1577 13 21:0 1578
1577 8978 21:0 1578
1577 29 21:0 1581
1580 8928 21:0 1581
1580 8912 21:0 1581
1584 9584 21:0 1588
1585 9261 1:0 2308
1586 9260 1:0 2314
1586 9259 1:0 2324
1587 8945 21:0 1588
1587 8914 21:0 1591
1590 15 21:0 1591
1590 8949 21:0 1591
1590 9566 21:0 1591
1592 9228 1:0 2352
1594 9588 21:0 1596
1594 9229 1:0 2430
1594 9227 1:0 2436
1595 8994 21:0 1596
1595 8993 21:0 1599
1598 9527 21:0 1599
1600 9226 1:0 2446
1603 9591 21:0 1625
1604 9194 1:0 2474
1618 9204 1:0 2474
1619 159 1:0 2564
1619 21 1:0 3424
1706 9641 21:0 1710
1707 9196 1:0 2552
1708 9195 1:0 2559
1708 155 1:0 2570
1708 9180 1:0 2596
1716 9645 21:0 1718
1716 9163 1:0 2596
1716 9162 1:0 2674
1722 9161 1:0 2680
1725 9648 21:0 1747
1741 9160 1:0 2690
1750 9666 21:0 1781
1784 9675 21:0 1786
1793 9677 21:0 1795
1828 9698 21:0 1832
1829 9147 1:0 2692
1829 9138 1:0 2718
1829 9143 1:0 2718
1830 9130 1:0 2718
1830 9128 1:0 2796
1838 9702 21:0 1840
1838 9129 1:0 2803
1841 9127 1:0 2812
1847 9705 21:0 1869
1848 9095 1:0 2840
1924 9737 21:0 1944
1950 9755 21:0 1954
1951 9097 1:0 2918
1952 9096 1:0 2925
1952 9094 1:0 2934
1960 9759 21:0 1962
1960 9063 1:0 2962
1960 9064 1:0 3040
1966 9062 1:0 3046
1969 9762 21:0 1991
1985 9061 1:0 3056
2046 9794 21:0 2066
2072 9812 21:0 2076
2073 8993 1:0 3058
2073 9039 1:0 3084
2073 9048 1:0 3084
2074 9030 1:0 3084
2074 9031 1:0 3162
2082 9816 21:0 2084
2082 9029 1:0 3168
2082 8994 1:0 3172
2082 8949 1:0 3172
2082 8945 1:0 3180
2088 9028 1:0 3178
2091 9819 21:0 2113
2107 8996 1:0 3206
2116 9837 21:0 2147
2150 9846 21:0 2152
2194 9869 21:0 2198
2195 9026 1:0 3187
2195 29 1:0 3206
2195 8978 1:0 3294
2196 8998 1:0 3284
2196 8997 1:0 3291
2204 9873 21:0 2206
2204 51 1:0 3294
2204 8995 1:0 3300
2204 8987 1:0 3302
2204 8973 1:0 3328
2210 8963 1:0 3328
2213 9876 21:0 2235
2214 8981 1:0 3328
2228 13 1:0 3416
2229 8961 1:0 3416
2229 9675 1:0 5368
2229 9677 1:0 5375
2272 9903 21:0 2274
2316 9926 21:0 2320
2317 8965 1:0 3406
2318 8964 1:0 3413
2318 8960 1:0 3424
2318 8934 1:0 3450
2326 9930 21:0 2328
2326 8962 1:0 3422
2326 8930 1:0 3450
2329 8941 1:0 3450
2335 9933 21:0 2357
2336 8932 1:0 3528
2350 15 1:0 3538
2351 8928 1:0 3538
2438 9983 21:0 2442
2439 8931 1:0 3535
2440 8929 1:0 3544
2440 8912 1:0 3572
2440 8914 1:0 3572
2440 8908 1:0 3606
2448 9987 21:0 2450
2448 8907 1:0 3623
2448 335 1:0 3648
2457 9990 21:0 2479
2482 10008 21:0 2513
2560 10040 21:0 2564
2570 10044 21:0 2572
2579 10047 21:0 2601
2682 10097 21:0 2686
2692 10101 21:0 2694
2701 10104 21:0 2723
2760 10131 21:0 2762
2769 10133 21:0 2771
2778 10136 21:0 2798
2804 10154 21:0 2808
2814 10158 21:0 2816
2823 10161 21:0 2845
2848 10179 21:0 2879
2926 10211 21:0 2930
2936 10215 21:0 2938
2945 10218 21:0 2967
3013 10247 21:0 3015
3022 10250 21:0 3042
3048 10268 21:0 3052
3058 10272 21:0 3060
3067 10275 21:0 3089
3144 10307 21:0 3164
3170 10325 21:0 3174
3180 10329 21:0 3182
3189 10332 21:0 3211
3257 10361 21:0 3259
3292 10382 21:0 3296
3302 10386 21:0 3304
3311 10389 21:0 3333
3336 10407 21:0 3367
3388 10421 21:0 3408
3414 10439 21:0 3418
3424 10443 21:0 3426
3433 10446 21:0 3455
3492 10473 21:0 3494
3536 10496 21:0 3540
3546 10500 21:0 3548
3555 10503 21:0 3577
3646 334 21:0 3664
3663 10558 21:0 3696
3695 7 21:0 3696
3696 10566 21:0 3712
3711 10565 21:0 3712
3711 3 21:0 3712
3711 10559 21:0 3712
3712 11 21:0 3717
3716 10567 21:0 3717
3716 10563 21:0 3717
3719 10582 21:0 3740
3739 10583 21:0 3788
3787 10581 21:0 3793
3792 25 21:0 3793
3795 10615 21:0 3816
3815 10614 21:0 3864
3863 10613 21:0 3869
3868 10580 21:0 3888
3887 10616 21:0 3940
3939 10649 21:0 3945
3944 10648 21:0 3964
3963 10647 21:0 4016
4015 10679 21:0 4021
4020 10646 21:0 4026
4025 10681 21:0 4092
4091 10680 21:0 4097
4096 10682 21:0 4102
4101 10712 21:0 4168
4167 10746 21:0 4173
4172 10747 21:0 4178
4177 10745 21:0 4244
4243 10714 21:0 4249
4248 10713 21:0 4254
4253 10715 21:0 4309
4308 10748 21:0 4325
4324 10779 21:0 4330
4329 10780 21:0 4385
4384 10811 21:0 4401
4400 10781 21:0 4406
4405 10778 21:0 4456
4455 10813 21:0 4472
4471 10812 21:0 4482
4481 10814 21:0 4532
4531 10878 21:0 4548
4547 10847 21:0 4558
4557 10879 21:0 4580
4579 10846 21:0 4624
4623 10880 21:0 4634
4633 10845 21:0 4652
4651 10877 21:0 4700
4699 10911 21:0 4705
4704 10943 21:0 4724
4723 10844 21:0 4776
4775 10945 21:0 4781
4780 10944 21:0 4800
4799 10913 21:0 4852
4851 10910 21:0 4857
4856 10912 21:0 4862
4861 10946 21:0 4928
4927 11009 21:0 4933
4932 10976 21:0 4938
4937 10977 21:0 5004
5003 10979 21:0 5009
5008 10978 21:0 5014
5013 11011 21:0 5067
5037 9566 1:0 5174
5063 9527 1:0 5071
5064 9531 1:0 5082
5064 9534 1:0 5092
5066 11010 21:0 5070
5068 9584 1:0 5202
5069 11012 21:0 5081
5075 9588 1:0 5213
5075 9591 1:0 5223
5075 9641 1:0 5333
5075 9645 1:0 5344
5076 9648 1:0 5354
5076 9666 1:0 5375
5076 9698 1:0 5464
5076 9702 1:0 5475
5076 9705 1:0 5485
5076 9737 1:0 5506
5076 9755 1:0 5595
5076 9794 1:0 5637
5076 9837 1:0 5761
5080 11042 21:0 5087
5082 11012 1:0 5506
5085 11010 1:0 5589
5085 11011 1:0 5597
5086 11044 21:0 5090
5088 11042 1:0 5476
5089 11043 21:0 5172
5091 11044 1:0 5466
5093 11009 1:0 5607
5096 9759 1:0 5606
5111 9762 1:0 5616
5112 9812 1:0 5726
5124 9846 1:0 5768
5171 11045 21:0 5201
5173 11043 1:0 5458
5200 11075 21:0 5209
5202 11045 1:0 5375
5206 10978 1:0 5637
5207 10979 1:0 5720
5207 10977 1:0 5727
5208 9534 21:0 5209
5208 11154 21:0 5209
5208 9584 21:0 5212
5210 11075 1:0 5345
5210 9903 1:0 5899
5211 9527 21:0 5212
5211 11156 21:0 5212
5211 9531 21:0 5212
5213 9816 1:0 5737
5213 9819 1:0 5747
5215 9588 21:0 5218
5216 10976 1:0 5738
5216 10946 1:0 5768
5222 10944 1:0 5851
5225 9591 21:0 5249
5242 10945 1:0 5859
5243 9869 1:0 5857
5243 9873 1:0 5868
5250 10008 1:0 6161
5255 9876 1:0 5878
5335 9641 21:0 5340
5337 10943 1:0 5869
5338 10912 1:0 5899
5338 9926 1:0 5988
5338 9930 1:0 5999
5346 9645 21:0 5349
5347 10913 1:0 5982
5347 10911 1:0 5989
5353 10910 1:0 6000
5356 9648 21:0 5380
5373 10880 1:0 6030
5374 9933 1:0 6009
5374 9983 1:0 6119
5381 10136 1:0 6416
5386 10133 1:0 6416
5386 10131 1:0 6423
5418 9675 21:0 5421
5428 9677 21:0 5431
5438 9680 21:0 5460
5466 9698 21:0 5471
5468 10879 1:0 6113
5469 10878 1:0 6120
5469 10877 1:0 6131
5477 9702 21:0 5480
5478 9987 1:0 6130
5478 9990 1:0 6140
5478 10845 1:0 6161
5484 10847 1:0 6244
5487 9705 21:0 5511
5489 10846 1:0 6252
5504 10040 1:0 6250
5505 10044 1:0 6261
5505 10047 1:0 6271
5597 9755 21:0 5602
5599 10844 1:0 6262
5600 10814 1:0 6292
5600 10812 1:0 6375
5608 9759 21:0 5611
5609 10097 1:0 6381
5609 10813 1:0 6383
5612 10811 1:0 6393
5615 10101 1:0 6392
5618 9762 21:0 5642
5620 10781 1:0 6423
5635 10104 1:0 6402
5636 10154 1:0 6512
5636 10158 1:0 6523
5643 10179 1:0 6554
5728 9812 21:0 5733
5730 10780 1:0 6506
5731 10779 1:0 6513
5731 10778 1:0 6524
5739 9816 21:0 5742
5740 10161 1:0 6533
5740 10748 1:0 6554
5743 10747 1:0 6637
5748 10746 1:0 6644
5749 9819 21:0 5773
5751 10211 1:0 6643
5766 10250 1:0 6678
5779 10745 1:0 6655
5831 9851 21:0 5853
5859 9869 21:0 5864
5861 10215 1:0 6654
5861 10218 1:0 6664
5861 10247 1:0 6685
5861 10307 1:0 6816
5862 10715 1:0 6685
5862 10713 1:0 6768
5870 9873 21:0 5873
5871 10268 1:0 6774
5871 10714 1:0 6776
5874 10712 1:0 6786
5877 10272 1:0 6785
5880 9876 21:0 5904
5882 10682 1:0 6816
5897 10275 1:0 6795
5910 10680 1:0 6899
5952 9905 21:0 5955
5962 9908 21:0 5984
5990 9926 21:0 5995
5992 10681 1:0 6907
5993 10325 1:0 6905
5993 10329 1:0 6916
5993 10679 1:0 6917
5993 10332 1:0 6926
6001 9930 21:0 6004
6002 10361 1:0 6947
6002 10647 1:0 6947
6002 10407 1:0 7078
6002 10421 1:0 7078
6002 25 1:0 7202
6002 10473 1:0 7209
6002 7 1:0 7340
6002 3 1:0 7394
6005 10649 1:0 7030
6010 10648 1:0 7038
6011 9933 21:0 6035
6013 10382 1:0 7036
6041 10646 1:0 7048
6121 9983 21:0 6126
6123 10386 1:0 7047
6123 10389 1:0 7057
6123 10439 1:0 7167
6124 10616 1:0 7078
6124 10614 1:0 7161
6132 9987 21:0 6135
6133 10615 1:0 7169
6133 10613 1:0 7179
6136 10443 1:0 7178
6141 10581 1:0 7209
6142 9990 21:0 6166
6144 10446 1:0 7188
6159 9675 1:0 9141
6172 10583 1:0 7292
6204 10017 21:0 6207
6252 10040 21:0 6257
6254 10582 1:0 7300
6255 10496 1:0 7298
6255 10503 1:0 7303
6255 10500 1:0 7309
6255 10580 1:0 7310
6263 10044 21:0 6266
6264 11 1:0 7314
6264 10567 1:0 7315
6264 10563 1:0 7340
6264 10559 1:0 7340
6264 10565 1:0 7340
6264 10566 1:0 7349
6264 10558 1:0 7394
6264 336 1:0 7421
6273 10047 21:0 6297
6383 10097 21:0 6388
6394 10101 21:0 6397
6404 10104 21:0 6428
6486 10136 21:0 6508
6514 10154 21:0 6519
6525 10158 21:0 6528
6535 10161 21:0 6559
6562 10179 21:0 6594
6597 10188 21:0 6600
6645 10211 21:0 6650
6656 10215 21:0 6659
6666 10218 21:0 6690
6693 10236 21:0 6725
6748 10250 21:0 6770
6776 10268 21:0 6781
6787 10272 21:0 6790
6797 10275 21:0 6821
6824 10293 21:0 6856
6907 10325 21:0 6912
6918 10329 21:0 6921
6928 10332 21:0 6952
7038 10382 21:0 7043
7049 10386 21:0 7052
7059 10389 21:0 7083
7086 10407 21:0 7118
7169 10439 21:0 7174
7180 10443 21:0 7183
7190 10446 21:0 7214
7262 10475 21:0 7265
7272 10478 21:0 7294
7300 10496 21:0 7305
7311 10500 21:0 7314
7321 10503 21:0 7345
7419 335 21:0 7437
7441 12210 21:0 7474
7474 12218 21:0 7485
7484 12229 21:0 7485
7484 12214 21:0 7485
7487 12231 21:0 7495
7494 12232 21:0 7545
7544 12233 21:0 7561
7560 12234 21:0 7571
7570 12266 21:0 7621
7620 12265 21:0 7637
7636 12264 21:0 7647
7646 12267 21:0 7697
7696 12298 21:0 7713
7712 12299 21:0 7723
7722 12300 21:0 7745
7744 12330 21:0 7789
7788 12297 21:0 7794
7793 12332 21:0 7813
7812 12331 21:0 7865
7864 12364 21:0 7870
7869 12366 21:0 7875
7874 12363 21:0 7941
7940 12333 21:0 7946
7945 12365 21:0 7951
7950 12398 21:0 8017
8016 12396 21:0 8022
8021 12397 21:0 8027
8026 12429 21:0 8093
8092 12399 21:0 8098
8097 12431 21:0 8103
8102 12430 21:0 8158
8157 12432 21:0 8174
8173 12465 21:0 8179
8178 12495 21:0 8229
8228 12462 21:0 8249
8248 12463 21:0 8255
8254 12464 21:0 8305
8304 12496 21:0 8321
8320 12497 21:0 8331
8330 12498 21:0 8381
8380 12563 21:0 8397
8396 12564 21:0 8407
8406 12561 21:0 8425
8424 12530 21:0 8473
8472 12562 21:0 8478
8477 12529 21:0 8497
8496 12528 21:0 8549
8548 12531 21:0 8554
8553 12594 21:0 8566
8565 12596 21:0 8625
8624 12595 21:0 8630
8629 12597 21:0 8635
8634 12628 21:0 8701
8700 12629 21:0 8706
8705 12627 21:0 8711
8710 12630 21:0 8777
8776 12663 21:0 8782
8781 12662 21:0 8787
8786 12660 21:0 8840
8810 9680 1:0 9148
8836 9527 1:0 8844
8837 9531 1:0 8855
8837 9534 1:0 8865
8839 12661 21:0 8843
8841 9584 1:0 8975
8842 12693 21:0 8854
8848 9588 1:0 8986
8848 9591 1:0 8996
8848 9641 1:0 9106
8848 9645 1:0 9117
8849 9648 1:0 9127
8849 9677 1:0 9148
8849 9698 1:0 9237
8849 9702 1:0 9248
8849 9705 1:0 9258
8849 9755 1:0 9368
8849 9851 1:0 9541
8849 9905 1:0 9672
8849 10017 1:0 9934
8849 10188 1:0 10327
8853 12694 21:0 8860
8855 12693 1:0 9249
8858 12661 1:0 9279
8858 12663 1:0 9362
8859 12695 21:0 8863
8861 12694 1:0 9238
8862 12805 21:0 8863
8862 12696 21:0 8945
8864 12695 1:0 9231
8864 12662 1:0 9370
8885 12660 1:0 9380
8897 9759 1:0 9379
8944 336 21:0 8971
8946 12696 1:0 9148
8951 12630 1:0 9410
8970 8901 21:0 8971
8970 9561 21:0 8971
8970 9563 21:0 8971
8970 9511 21:0 8971
8970 9534 21:0 8971
8970 9570 21:0 8971
8970 327 21:0 8971
8970 9531 21:0 8971
8970 9515 21:0 8971
8970 9539 21:0 8971
8970 12807 21:0 8971
8970 329 21:0 8974
8973 9552 21:0 8974
8973 9566 21:0 8974
8977 9584 21:0 8982
8979 9762 1:0 9389
8979 9812 1:0 9499
8979 9816 1:0 9510
8980 12629 1:0 9493
8980 12628 1:0 9500
8988 9588 21:0 8991
8989 12627 1:0 9511
8989 12597 1:0 9541
8992 9819 1:0 9520
8997 12595 1:0 9624
8998 9591 21:0 9022
9021 9596 21:0 9022
9023 12596 1:0 9632
9025 9609 21:0 9057
9028 9869 1:0 9630
9028 9908 1:0 9665
9060 9618 21:0 9063
9070 9620 21:0 9073
9080 9623 21:0 9102
9101 9627 21:0 9102
9108 9641 21:0 9113
9110 12594 1:0 9642
9111 9873 1:0 9641
9111 9876 1:0 9651
9111 12562 1:0 9672
9111 9926 1:0 9761
9119 9645 21:0 9122
9120 12564 1:0 9755
9120 12563 1:0 9763
9126 12561 1:0 9773
9128 9930 1:0 9772
9129 9648 21:0 9153
9147 12531 1:0 9803
9152 9653 21:0 9153
9156 9666 21:0 9188
9159 9933 1:0 9782
9159 9983 1:0 9892
9191 9675 21:0 9194
9201 9677 21:0 9204
9211 9680 21:0 9233
9232 9684 21:0 9233
9239 9698 21:0 9244
9241 12529 1:0 9886
9242 12530 1:0 9894
9242 9987 1:0 9903
9242 9990 1:0 9913
9250 9702 21:0 9253
9251 12528 1:0 9904
9251 12498 1:0 9934
9257 12497 1:0 10017
9260 9705 21:0 9284
9277 12496 1:0 10024
9278 10040 1:0 10023
9283 9710 21:0 9284
9285 10044 1:0 10034
9287 9723 21:0 9319
9290 10047 1:0 10044
9290 10136 1:0 10196
9322 9732 21:0 9325
9332 9734 21:0 9335
9342 9737 21:0 9364
9363 9741 21:0 9364
9370 9755 21:0 9375
9372 12495 1:0 10035
9373 12464 1:0 10065
9373 10097 1:0 10154
9373 10101 1:0 10165
9381 9759 21:0 9384
9382 12465 1:0 10148
9382 12463 1:0 10155
9388 12462 1:0 10166
9391 9762 21:0 9415
9408 12432 1:0 10196
9409 10104 1:0 10175
9409 10154 1:0 10285
9414 9767 21:0 9415
9418 9780 21:0 9450
9421 10158 1:0 10296
9453 9789 21:0 9456
9463 9791 21:0 9466
9473 9794 21:0 9495
9494 9798 21:0 9495
9501 9812 21:0 9506
9503 12430 1:0 10279
9504 12431 1:0 10287
9504 12429 1:0 10297
9512 9816 21:0 9515
9513 10161 1:0 10306
9513 12399 1:0 10327
9513 10179 1:0 10327
9513 10236 1:0 10458
9513 10475 1:0 10982
9519 12397 1:0 10410
9522 9819 21:0 9546
9524 12398 1:0 10418
9539 10211 1:0 10416
9545 9824 21:0 9546
9549 9837 21:0 9581
9552 12396 1:0 10428
9584 9846 21:0 9587
9594 9848 21:0 9597
9604 9851 21:0 9626
9625 9855 21:0 9626
9632 9869 21:0 9637
9634 10215 1:0 10427
9634 10218 1:0 10437
9634 10250 1:0 10458
9634 10293 1:0 10589
9635 12365 1:0 10458
9635 12366 1:0 10541
9643 9873 21:0 9646
9644 10268 1:0 10547
9644 12364 1:0 10548
9647 12363 1:0 10559
9650 10272 1:0 10558
9653 9876 21:0 9677
9655 12333 1:0 10589
9670 10275 1:0 10568
9676 9881 21:0 9677
9680 9894 21:0 9712
9683 12331 1:0 10672
9715 9903 21:0 9718
9725 9905 21:0 9728
9735 9908 21:0 9757
9756 9912 21:0 9757
9763 9926 21:0 9768
9765 12332 1:0 10680
9766 10325 1:0 10678
9766 10329 1:0 10689
9766 12330 1:0 10690
9766 10332 1:0 10699
9774 9930 21:0 9777
9775 12300 1:0 10720
9775 12299 1:0 10803
9781 12298 1:0 10810
9783 10382 1:0 10809
9784 9933 21:0 9808
9802 12297 1:0 10821
9807 9938 21:0 9808
9809 10407 1:0 10851
9811 9951 21:0 9843
9814 10386 1:0 10820
9814 10478 1:0 10982
9846 9960 21:0 9849
9856 9962 21:0 9859
9866 9965 21:0 9888
9887 9969 21:0 9888
9894 9983 21:0 9899
9896 12267 1:0 10851
9897 10389 1:0 10830
9897 12265 1:0 10934
9897 10439 1:0 10940
9897 10443 1:0 10951
9905 9987 21:0 9908
9906 12266 1:0 10942
9906 12264 1:0 10952
9912 12234 1:0 10982
9914 10446 1:0 10961
9915 9990 21:0 9939
9933 12233 1:0 11065
9938 9995 21:0 9939
9942 10008 21:0 9974
9945 10496 1:0 11071
9945 10500 1:0 11082
9977 10017 21:0 9980
9987 10019 21:0 9990
9997 10022 21:0 10019
10018 10026 21:0 10019
10025 10040 21:0 10030
10027 12232 1:0 11072
10028 12231 1:0 11083
10028 10503 1:0 11088
10028 12229 1:0 11093
10028 12218 1:0 11113
10036 10044 21:0 10039
10037 12210 1:0 11113
10037 12214 1:0 11122
10037 336 1:0 11167
10037 9552 1:0 12482
10037 9566 1:0 12482
10037 9534 1:0 12482
10037 329 1:0 12482
10037 9794 1:0 12553
10037 9951 1:0 12553
10037 9623 1:0 12553
10037 337 1:0 11194
10046 10047 21:0 10070
10069 10052 21:0 10070
10073 10065 21:0 10105
10108 10074 21:0 10111
10118 10076 21:0 10121
10128 10079 21:0 10150
10149 10083 21:0 10150
10151 10079 1:0 12501
10156 10097 21:0 10161
10167 10101 21:0 10170
10177 10104 21:0 10201
10200 10109 21:0 10201
10204 10122 21:0 10236
10239 10131 21:0 10242
10249 10133 21:0 10252
10259 10136 21:0 10281
10280 10140 21:0 10281
10287 10154 21:0 10292
10298 10158 21:0 10301
10308 10161 21:0 10332
10331 10166 21:0 10332
10335 10179 21:0 10367
10370 10188 21:0 10373
10380 10190 21:0 10383
10390 10193 21:0 10412
10411 10197 21:0 10412
10413 10193 1:0 12532
10418 10211 21:0 10423
10429 10215 21:0 10432
10439 10218 21:0 10463
10462 10223 21:0 10463
10466 10236 21:0 10498
10501 10245 21:0 10504
10511 10247 21:0 10514
10521 10250 21:0 10543
10542 10254 21:0 10543
10549 10268 21:0 10554
10560 10272 21:0 10563
10570 10275 21:0 10594
10593 10280 21:0 10594
10597 10293 21:0 10629
10632 10302 21:0 10635
10642 10304 21:0 10645
10652 10307 21:0 10674
10673 10311 21:0 10674
10680 10325 21:0 10685
10691 10329 21:0 10694
10701 10332 21:0 10725
10724 10337 21:0 10725
10728 10350 21:0 10760
10763 10359 21:0 10766
10773 10361 21:0 10776
10783 10364 21:0 10805
10804 10368 21:0 10805
10811 10382 21:0 10816
10822 10386 21:0 10825
10832 10389 21:0 10856
10855 10394 21:0 10856
10859 10407 21:0 10891
10894 10416 21:0 10897
10904 10418 21:0 10907
10914 10421 21:0 10936
10935 10425 21:0 10936
10942 10439 21:0 10947
10953 10443 21:0 10956
10963 10446 21:0 10987
10986 10451 21:0 10987
10990 10464 21:0 11022
11025 10473 21:0 11028
11035 10475 21:0 11038
11045 10478 21:0 11067
11066 10482 21:0 11067
11073 10496 21:0 11078
11084 10500 21:0 11087
11094 10503 21:0 11118
11117 10508 21:0 11118
11121 10521 21:0 11153
11156 10530 21:0 11159
11166 10532 21:0 11169
11181 10539 21:0 11182
11192 336 21:0 11210
11209 13860 21:0 11242
11241 13859 21:0 11242
11241 17 21:0 11242
11241 7 21:0 11242
11241 5 21:0 11242
11242 13865 21:0 11258
11257 13869 21:0 11258
11257 19 21:0 11258
11257 13868 21:0 11258
11257 3 21:0 11258
11257 9 21:0 11258
11257 10535 21:0 11258
11257 13870 21:0 11258
11257 13879 21:0 11258
11258 11 21:0 11258
11260 13882 21:0 11268
11263 15 21:0 11263
11263 13881 21:0 11263
11267 13883 21:0 11318
11290 13894 21:0 11290
11317 13885 21:0 11334
11318 13901 21:0 11318
11318 13900 21:0 11318
11333 35 21:0 11334
11333 37 21:0 11334
11333 23 21:0 11334
11333 13912 21:0 11334
11333 13892 21:0 11334
11333 13903 21:0 11334
11334 29 21:0 11334
11336 13915 21:0 11344
11339 13914 21:0 11339
11343 13916 21:0 11394
11393 13917 21:0 11410
11394 13931 21:0 11394
11399 13935 21:0 11399
11409 13884 21:0 11420
11415 51 21:0 11415
11419 13918 21:0 11470
11422 13940 21:0 11422
11469 13950 21:0 11486
11470 13966 21:0 11470
11470 13964 21:0 11470
11470 13967 21:0 11470
11477 13953 21:0 11477
11485 13948 21:0 11496
11486 65 21:0 11486
11491 69 21:0 11491
11495 13949 21:0 11546
11498 13973 21:0 11498
11518 13993 21:0 11518
11545 13981 21:0 11562
11546 13999 21:0 11546
11553 13986 21:0 11553
11559 14012 21:0 11559
11561 13951 21:0 11567
11566 13983 21:0 11586
11567 87 21:0 11567
11583 14025 21:0 11583
11585 13982 21:0 11638
11594 14026 21:0 11594
11622 14033 21:0 11622
11635 14045 21:0 11635
11637 13984 21:0 11643
11638 101 21:0 11638
11642 14017 21:0 11648
11643 105 21:0 11643
11647 14016 21:0 11714
11648 103 21:0 11648
11659 14058 21:0 11659
11698 14065 21:0 11698
11705 14052 21:0 11705
11713 14049 21:0 11719
11718 14047 21:0 11724
11719 14079 21:0 11719
11723 14015 21:0 11790
11726 14072 21:0 11726
11735 14091 21:0 11735
11774 14099 21:0 11774
11774 14096 21:0 11774
11774 14098 21:0 11774
11789 14014 21:0 11795
11794 14048 21:0 11800
11799 14050 21:0 11866
11802 14105 21:0 11802
11865 14116 21:0 11871
11870 14114 21:0 11876
11875 14082 21:0 11931
11876 157 21:0 11876
11878 14138 21:0 11878
11898 14158 21:0 11898
11930 14081 21:0 11947
11933 14151 21:0 11933
11946 14080 21:0 11952
11951 14113 21:0 12002
12001 14083 21:0 12020
12002 14197 21:0 12002
12007 14199 21:0 12007
12019 14115 21:0 12028
12023 195 21:0 12023
12027 14146 21:0 12078
12039 14223 21:0 12039
12050 14224 21:0 12050
12077 14147 21:0 12094
12083 14232 21:0 12083
12085 14217 21:0 12085
12091 14243 21:0 12091
12093 14148 21:0 12104
12094 209 21:0 12094
12103 14149 21:0 12126
12106 14237 21:0 12106
12115 14256 21:0 12115
12125 14182 21:0 12170
12154 14261 21:0 12154
12154 14263 21:0 12154
12167 14276 21:0 12167
12169 14180 21:0 12177
12175 231 21:0 12175
12176 14246 21:0 12194
12177 14279 21:0 12177
12180 229 21:0 12180
12180 14281 21:0 12180
12191 14289 21:0 12191
12193 14179 21:0 12246
12230 14297 21:0 12230
12230 14294 21:0 12230
12245 14181 21:0 12251
12248 14311 21:0 12248
12250 14247 21:0 12270
12253 14313 21:0 12253
12253 14312 21:0 12253
12256 14314 21:0 12256
12269 14213 21:0 12322
12313 14316 21:0 12313
12319 14342 21:0 12319
12321 14214 21:0 12327
12324 14344 21:0 12324
12326 14248 21:0 12332
12327 267 21:0 12327
12329 14345 21:0 12329
12329 14346 21:0 12329
12331 14245 21:0 12398
12332 14347 21:0 12332
12343 14355 21:0 12343
12382 14360 21:0 12382
12382 14363 21:0 12382
12395 14375 21:0 12395
12397 14215 21:0 12403
12400 14377 21:0 12400
12402 14212 21:0 12408
12403 285 21:0 12403
12405 14379 21:0 12405
12405 14378 21:0 12405
12407 14278 21:0 12474
12408 14380 21:0 12408
12409 14212 1:0 12579
12430 14389 21:0 12430
12458 14395 21:0 12458
12458 14396 21:0 12458
12465 14382 21:0 12465
12471 14408 21:0 12471
12473 14280 21:0 12479
12474 299 21:0 12474
12475 14278 1:0 12553
12476 14410 21:0 12476
12478 337 21:0 12479
12478 14303 21:0 12481
12480 97 21:0 12484
12480 14280 1:0 12532
12481 14411 21:0 12481
12481 14412 21:0 12481
12483 261 21:0 12484
12483 185 21:0 12484
12483 14002 21:0 12484
12483 14233 21:0 12484
12483 27 21:0 12484
12483 14068 21:0 12484
12483 133 21:0 12484
12483 171 21:0 12484
12483 13969 21:0 12484
12483 151 21:0 12484
12483 21 21:0 12484
12483 259 21:0 12484
12483 43 21:0 12484
12483 203 21:0 12484
12483 207 21:0 12484
12483 14167 21:0 12484
12483 153 21:0 12484
12483 75 21:0 12484
12483 169 21:0 12484
12483 273 21:0 12484
12483 117 21:0 12484
12483 225 21:0 12484
12483 129 21:0 12495
12484 14413 21:0 12484
12486 14402 21:0 12486
12494 205 21:0 12498
12497 14299 21:0 12498
12497 113 21:0 12498
12497 201 21:0 12498
12497 13936 21:0 12498
12497 81 21:0 12498
12497 79 21:0 12498
12497 14365 21:0 12498
12497 135 21:0 12502
12501 57 21:0 12506
12505 41 21:0 12534
12533 14200 21:0 12534
12533 189 21:0 12534
12533 241 21:0 12534
12533 275 21:0 12534
12533 277 21:0 12534
12533 39 21:0 12534
12533 187 21:0 12534
12533 183 21:0 12539
12538 93 21:0 12539
12538 223 21:0 12539
12538 147 21:0 12539
12538 295 21:0 12539
12538 14332 21:0 12539
12538 14134 21:0 12539
12538 243 21:0 12550
12549 143 21:0 12550
12549 323 21:0 12550
12549 251 21:0 12550
12549 14440 21:0 12550
12549 233 21:0 12550
12549 271 21:0 12550
12549 253 21:0 12550
12549 14420 21:0 12550
12549 14024 21:0 12550
12549 14275 21:0 12550
12549 13945 21:0 12550
12549 14011 21:0 12550
12549 13925 21:0 12550
12549 14374 21:0 12550
12549 197 21:0 12550
12549 325 21:0 12550
12549 14176 21:0 12550
12549 14308 21:0 12550
12549 14242 21:0 12550
12549 14189 21:0 12550
12549 14341 21:0 12550
12549 14044 21:0 12550
12549 14354 21:0 12550
12549 14143 21:0 12550
12549 14209 21:0 12550
12549 14090 21:0 12550
12549 14407 21:0 12550
12549 127 21:0 12550
12549 53 21:0 12550
12549 287 21:0 12550
12549 73 21:0 12550
12549 55 21:0 12550
12549 217 21:0 12550
12549 161 21:0 12550
12549 109 21:0 12550
12549 181 21:0 12550
12549 199 21:0 12550
12549 215 21:0 12550
12549 91 21:0 12550
12549 89 21:0 12550
12549 14321 21:0 12550
12549 125 21:0 12550
12549 145 21:0 12550
12549 235 21:0 12550
12549 307 21:0 12550
12549 107 21:0 12550
12549 163 21:0 12550
12549 71 21:0 12550
12549 269 21:0 12550
12549 289 21:0 12550
12549 179 21:0 12550
12549 305 21:0 12550
12549 115 21:0 12550
12549 293 21:0 12550
12549 149 21:0 12550
12549 61 21:0 12550
12549 14035 21:0 12550
12549 14101 21:0 12550
12549 131 21:0 12550
12549 257 21:0 12550
12549 59 21:0 12550
12549 14398 21:0 12550
12549 14110 21:0 12550
12549 99 21:0 12550
12549 165 21:0 12550
12549 221 21:0 12550
12549 14266 21:0 12550
12549 219 21:0 12550
12549 25 21:0 12550
12549 239 21:0 12550
12549 95 21:0 12550
12549 111 21:0 12550
12549 77 21:0 12550
12549 14077 21:0 12550
12549 14222 21:0 12550
12549 13978 21:0 12550
12549 14387 21:0 12550
12549 14057 21:0 12550
12549 14255 21:0 12550
12549 13958 21:0 12550
12549 14288 21:0 12550
12549 14123 21:0 12550
12549 14156 21:0 12550
12549 167 21:0 12550
12549 291 21:0 12550
12549 237 21:0 12550
12549 311 21:0 12550
12549 14431 21:0 12550
12549 313 21:0 12550
12549 349 21:0 12550
12549 13991 21:0 12550
12552 14443 21:0 12552
12557 14444 21:0 12557
12557 14445 21:0 12557
12559 10364 1:0 12573
12559 9588 1:0 12579
12559 9531 1:0 12579
12568 327 1:0 12568
12569 14453 21:0 12570
12570 327 21:0 12571
12574 8901 1:0 12577
12574 9511 1:0 12579
12574 237 1:0 12579
12579 14453 1:0 12579
12579 9515 1:0 12579
12579 327 1:0 12579
12579 6205 1:0 12579
12579 6204 1:0 12579
12580 14215 1:0 12624
12582 14458 21:0 12583
12590 329 21:0 12610
12609 9511 21:0 12623
12622 6205 21:0 12623
12622 6204 21:0 12623
12622 327 21:0 12623
12625 14245 1:0 12635
12629 14444 1:0 12629
12630 14445 1:0 12630
12633 9584 1:0 12635
12633 9591 1:0 12635
12636 14248 1:0 12644
12640 14443 1:0 12640
12642 291 1:0 12644
12642 14303 1:0 12644
12642 6278 1:0 12644
12642 6277 1:0 12644
12645 6281 1:0 12672
12645 6283 1:0 12672
12645 6279 1:0 12672
12650 325 1:0 12650
12652 325 21:0 12653
12653 9539 1:0 12653
12655 14440 1:0 12655
12655 9539 21:0 12656
12670 313 1:0 12672
12670 9563 1:0 12672
12670 311 1:0 12672
12670 349 1:0 12672
12670 14431 1:0 12672
12670 6271 1:0 12672
12670 6272 1:0 12672
12673 6282 1:0 12713
12696 349 21:0 12706
12708 9561 1:0 12710
12708 6273 1:0 12713
12708 6274 1:0 12713
12714 6280 1:0 12726
12724 6276 1:0 12726
12724 6275 1:0 12726
12725 14420 1:0 12726
12725 325 1:0 12726
12726 9570 1:0 12726
12726 323 1:0 12726
12727 6284 1:0 12813
12737 9570 21:0 12738
12752 323 21:0 12753
12752 325 21:0 12753
12762 6271 21:0 12813
12795 323 1:0 12796
12795 9570 1:0 12796
12796 6285 1:0 12796
12797 10535 1:0 12842
12812 6275 21:0 12819
12819 6284 21:0 12844
12823 6286 1:0 12823
12830 325 1:0 12830
12832 9539 1:0 12832
12832 6287 1:0 12832
12833 6288 1:0 12833
12843 14413 1:0 12843
12843 6280 21:0 12844
12843 9680 1:0 12845
12843 9698 1:0 12845
12843 9648 1:0 12845
12843 10421 1:0 12845
12843 9609 1:0 12845
12843 6282 21:0 12847
12846 6283 21:0 12847
12846 6279 21:0 12847
12846 6281 21:0 12851
12846 14214 1:0 12856
12850 14411 1:0 12850
12850 319 21:0 12855
12851 14412 1:0 12851
12854 321 21:0 12855
12854 9702 1:0 12856
12854 9641 1:0 12856
12854 317 21:0 12858
12857 313 21:0 12858
12857 309 21:0 12858
12857 6278 21:0 12858
12857 6285 21:0 12858
12857 6286 21:0 12858
12857 6277 21:0 12858
12857 315 21:0 12858
12857 311 21:0 12858
12857 6287 21:0 12858
12857 6288 21:0 12858
12857 325 21:0 12858
12857 323 21:0 12858
12857 6274 21:0 12858
12857 6273 21:0 12858
12857 6272 21:0 12858
12857 6276 21:0 12858
12857 14213 1:0 12865
12861 14410 1:0 12861
12862 9837 1:0 12865
12862 9705 1:0 12865
12862 307 1:0 12871
12862 9596 1:0 12874
12862 14407 1:0 12876
12862 9620 1:0 12893
12862 14398 1:0 12893
12862 305 1:0 12947
12862 9627 1:0 12947
12862 14387 1:0 12947
12862 289 1:0 13092
12862 9505 1:0 16569
12862 14458 1:0 16569
12862 323 1:0 1338
12862 309 1:0 1339
12862 311 1:0 1343
12862 313 1:0 1347
12862 325 1:0 1390
12862 327 1:0 1413
12862 6424 1:0 12865
12862 6425 1:0 12865
12862 6426 1:0 12893
12862 6428 1:0 12893
12862 6430 1:0 12893
12862 6432 1:0 13043
12862 6433 1:0 13044
12862 6434 1:0 13053
12862 6435 1:0 13054
12865 299 1:0 12865
12868 295 1:0 12893
12868 349 1:0 12893
12868 293 1:0 12893
12868 9653 1:0 13095
12868 14374 1:0 13097
12868 14365 1:0 13114
12868 287 1:0 13168
12868 14354 1:0 13168
12868 9684 1:0 13168
12868 271 1:0 13313
12868 9710 1:0 13316
12868 14341 1:0 13318
12868 14332 1:0 13335
12868 269 1:0 13389
12868 9741 1:0 13389
12868 14321 1:0 13389
12868 253 1:0 13534
12868 9767 1:0 13537
12868 14308 1:0 13539
12868 14299 1:0 13556
12868 14288 1:0 13610
12868 9798 1:0 13610
12868 251 1:0 13610
12868 14266 1:0 13749
12868 235 1:0 13749
12868 14275 1:0 13749
12868 9824 1:0 13749
12868 14255 1:0 13831
12868 233 1:0 13831
12868 9855 1:0 13831
12868 14233 1:0 13970
12868 14242 1:0 13970
12868 9881 1:0 13970
12868 217 1:0 13970
12868 9912 1:0 14052
12868 215 1:0 14052
12868 14222 1:0 14052
12868 199 1:0 14197
12868 9938 1:0 14200
12868 14209 1:0 14202
12868 14189 1:0 14273
12868 197 1:0 14273
12868 9969 1:0 14273
12868 181 1:0 14418
12868 9995 1:0 14421
12868 14176 1:0 14423
12868 179 1:0 14494
12868 14156 1:0 14494
12868 10026 1:0 14494
12868 163 1:0 14633
12868 14143 1:0 14633
12868 10052 1:0 14633
12868 161 1:0 14715
12868 14123 1:0 14715
12868 315 1:0 1377
12868 317 1:0 1391
12868 321 1:0 1396
12868 6418 1:0 12893
12868 6419 1:0 12893
12868 6421 1:0 12934
12868 6579 1:0 13264
12868 6580 1:0 13265
12868 6581 1:0 13274
12868 6582 1:0 13275
12868 6726 1:0 13485
12868 6727 1:0 13486
12868 6728 1:0 13495
12868 6729 1:0 13496
12868 6873 1:0 13706
12868 6874 1:0 13707
12868 6875 1:0 13716
12868 6876 1:0 13717
12868 7023 1:0 13831
12868 7022 1:0 13831
12868 7021 1:0 13831
12868 7020 1:0 13831
12868 7170 1:0 14052
12868 7167 1:0 14052
12868 7169 1:0 14052
12868 7168 1:0 14052
12868 7315 1:0 14343
12868 7314 1:0 14343
12868 7316 1:0 14379
12868 7317 1:0 14380
12868 7461 1:0 14564
12868 7462 1:0 14591
12868 7463 1:0 14600
12868 7464 1:0 14601
12868 7608 1:0 14715
12868 7611 1:0 14715
12870 319 1:0 1401
12871 14408 1:0 12871
12873 6429 1:0 12934
12876 14402 1:0 12876
12879 10083 1:0 14715
12879 145 1:0 14860
12879 7609 1:0 14715
12879 7610 1:0 14715
12880 10109 1:0 14863
12880 143 1:0 14936
12888 9618 1:0 12931
12888 99 1:0 13063
12888 10236 1:0 13066
12888 275 1:0 13114
12888 277 1:0 13114
12888 14200 1:0 14219
12888 14110 1:0 14865
12888 6420 1:0 12934
12888 6422 1:0 12947
12888 6423 1:0 12947
12889 6427 1:0 12947
12900 14395 1:0 12900
12900 14396 1:0 12900
12901 9645 1:0 13066
12901 6431 1:0 13034
12926 14389 1:0 12926
12942 273 1:0 13066
12942 165 1:0 13066
12942 10275 1:0 13066
12942 6565 1:0 13086
12958 14382 1:0 12958
12971 14247 1:0 13077
12972 9755 1:0 13077
12980 6419 21:0 13032
13021 10215 1:0 13077
13031 6423 21:0 13039
13031 9677 1:0 13114
13031 14090 1:0 14936
13031 6572 1:0 13086
13040 6431 21:0 13065
13064 14380 1:0 13064
13064 6427 21:0 13065
13064 6429 21:0 13068
13067 6428 21:0 13068
13067 6430 21:0 13068
13067 6426 21:0 13072
13071 14378 1:0 13071
13071 301 21:0 13076
13072 14379 1:0 13072
13073 14181 1:0 13086
13073 9762 1:0 13086
13074 9666 1:0 13086
13074 9675 1:0 13152
13074 10008 1:0 13284
13074 9723 1:0 13287
13074 219 1:0 13287
13074 9734 1:0 13335
13074 6571 1:0 13114
13074 6566 1:0 13114
13074 6576 1:0 13114
13074 6575 1:0 13114
13074 6577 1:0 13114
13074 6567 1:0 13155
13074 6573 1:0 13155
13074 6570 1:0 13155
13074 6568 1:0 13168
13074 6569 1:0 13168
13074 6574 1:0 13168
13075 6425 21:0 13076
13075 6418 21:0 13076
13075 303 21:0 13076
13075 6424 21:0 13076
13075 6421 21:0 13076
13075 6422 21:0 13076
13075 299 21:0 13079
13077 285 1:0 13077
13077 303 1:0 1320
13077 301 1:0 1325
13078 6433 21:0 13079
13078 6434 21:0 13079
13078 6432 21:0 13079
13078 6435 21:0 13079
13078 6420 21:0 13079
13080 14167 1:0 14440
13080 10140 1:0 14936
13080 127 1:0 15081
13080 10166 1:0 15084
13080 10197 1:0 15157
13080 299 1:0 1315
13080 7755 1:0 15032
13080 7756 1:0 15033
13080 7757 1:0 15042
13080 7758 1:0 15043
13082 14377 1:0 13082
13083 9933 1:0 13287
13083 9869 1:0 13287
13083 9737 1:0 13287
13083 14179 1:0 13298
13083 261 1:0 13307
13083 6578 1:0 13255
13083 6719 1:0 13307
13083 6712 1:0 13307
13089 10158 1:0 13298
13089 9759 1:0 13298
13092 14375 1:0 13092
13109 14246 1:0 13307
13110 10500 1:0 13307
13121 14360 1:0 13121
13121 14363 1:0 13121
13122 6723 1:0 13335
13122 6725 1:0 13335
13163 257 1:0 13335
13163 259 1:0 13335
13163 9732 1:0 13373
13163 6720 1:0 13335
13163 6718 1:0 13335
13163 6713 1:0 13335
13163 6716 1:0 13376
13163 6715 1:0 13376
13171 14077 1:0 15086
13171 125 1:0 15157
13171 6714 1:0 13389
13171 6717 1:0 13389
13171 7904 1:0 15228
13174 14355 1:0 13174
13176 6724 1:0 13376
13191 6722 1:0 13389
13192 243 1:0 13505
13192 9851 1:0 13508
13192 189 1:0 13508
13192 183 1:0 13508
13192 6721 1:0 13456
13201 6566 21:0 13253
13242 10332 1:0 13508
13252 6569 21:0 13260
13252 10329 1:0 13508
13261 6578 21:0 13286
13285 14347 1:0 13285
13285 6574 21:0 13286
13285 6573 21:0 13289
13288 6575 21:0 13289
13288 6577 21:0 13289
13288 6576 21:0 13293
13292 14345 1:0 13292
13292 6571 21:0 13297
13293 14346 1:0 13293
13294 14180 1:0 13519
13294 9876 1:0 13519
13295 9816 1:0 13519
13295 14182 1:0 13528
13295 9780 1:0 13528
13295 9819 1:0 13528
13295 6866 1:0 13528
13295 6860 1:0 13528
13295 6859 1:0 13556
13296 6565 21:0 13297
13296 6580 21:0 13297
13296 6567 21:0 13297
13296 6568 21:0 13297
13296 6570 21:0 13297
13296 6572 21:0 13297
13296 6581 21:0 13297
13296 6582 21:0 13297
13296 6579 21:0 13297
13298 267 1:0 13298
13303 14344 1:0 13303
13304 9789 1:0 13556
13304 241 1:0 13556
13304 239 1:0 13556
13304 9791 1:0 13597
13304 201 1:0 13726
13304 9873 1:0 13729
13304 6865 1:0 13556
13304 6872 1:0 13556
13304 6867 1:0 13556
13304 6868 1:0 13556
13304 6870 1:0 13597
13304 6861 1:0 13597
13304 6864 1:0 13597
13304 6869 1:0 13610
13304 6862 1:0 13610
13304 6863 1:0 13610
13304 6871 1:0 13696
13310 207 1:0 13729
13310 9926 1:0 13729
13310 225 1:0 13729
13310 9908 1:0 13729
13310 9848 1:0 13737
13310 223 1:0 13740
13310 221 1:0 13740
13310 7017 1:0 13737
13310 7011 1:0 13749
13312 9812 1:0 13732
13313 14342 1:0 13313
13315 7018 1:0 13737
13321 14057 1:0 15157
13330 9894 1:0 13740
13330 7160 1:0 13740
13330 7012 1:0 13740
13330 7007 1:0 13749
13331 7016 1:0 13740
13343 14134 1:0 14633
13343 7015 1:0 13740
13397 14149 1:0 13749
13400 14316 1:0 13400
13403 10223 1:0 15302
13403 7902 1:0 15228
13403 7905 1:0 15228
13403 7903 1:0 15228
13404 109 1:0 15302
13404 8049 1:0 15376
13412 9846 1:0 13749
13412 7006 1:0 13749
13412 7013 1:0 13749
13412 7008 1:0 13818
13412 7009 1:0 13831
13413 7014 1:0 13749
13435 6714 21:0 13458
13462 6721 21:0 13507
13473 14148 1:0 13831
13483 14044 1:0 15302
13506 14314 1:0 13506
13506 6722 21:0 13507
13506 6724 21:0 13507
13506 6720 21:0 13510
13509 6723 21:0 13510
13509 6725 21:0 13510
13509 6718 21:0 13515
13513 14312 1:0 13513
13514 14313 1:0 13514
13514 6717 21:0 13518
13515 9905 1:0 13950
13515 9903 1:0 13950
13515 205 1:0 13950
13515 203 1:0 13970
13515 7019 1:0 13818
13515 7010 1:0 13831
13515 7166 1:0 13831
13515 7153 1:0 13970
13515 7154 1:0 13970
13515 7159 1:0 13970
13515 7158 1:0 13970
13515 7155 1:0 14039
13516 14147 1:0 13950
13516 14146 1:0 13961
13517 6712 21:0 13518
13517 6719 21:0 13518
13517 6729 21:0 13518
13517 6728 21:0 13518
13517 6715 21:0 13518
13517 6727 21:0 13518
13517 6713 21:0 13518
13517 6716 21:0 13518
13517 6726 21:0 13518
13524 14311 1:0 13524
13525 14115 1:0 13970
13525 7164 1:0 13961
13525 7165 1:0 13961
13525 7161 1:0 13970
13531 14083 1:0 14052
13533 7163 1:0 14039
13536 7162 1:0 14052
13542 107 1:0 15378
13542 8052 1:0 15378
13542 8051 1:0 15378
13542 8050 1:0 15378
13543 14024 1:0 15378
13551 9965 1:0 14191
13551 14101 1:0 14882
13551 10254 1:0 15378
13551 91 1:0 15517
13551 10280 1:0 15517
13551 89 1:0 15599
13551 7157 1:0 14052
13551 7156 1:0 14052
13551 7301 1:0 14191
13552 13860 1:0 14182
13563 14297 1:0 13563
13563 14294 1:0 13563
13605 14113 1:0 14171
13616 14289 1:0 13616
13634 14080 1:0 14182
13635 9930 1:0 14182
13676 6865 21:0 13702
13684 10311 1:0 15599
13684 7307 1:0 14191
13684 8196 1:0 15695
13694 10443 1:0 14191
13706 6871 21:0 13728
13727 14281 1:0 13727
13727 6869 21:0 13728
13727 6870 21:0 13731
13729 229 1:0 13729
13730 6868 21:0 13731
13730 6867 21:0 13731
13730 6872 21:0 13736
13734 14279 1:0 13734
13735 6859 21:0 13739
13736 14081 1:0 14191
13737 9960 1:0 14219
13737 9962 1:0 14219
13737 187 1:0 14219
13737 185 1:0 14260
13737 10293 1:0 14389
13737 10022 1:0 14392
13737 111 1:0 14392
13737 93 1:0 14392
13737 7306 1:0 14219
13737 7300 1:0 14219
13737 7312 1:0 14219
13737 7313 1:0 14219
13737 7308 1:0 14219
13737 7310 1:0 14260
13737 7303 1:0 14260
13737 7302 1:0 14260
13737 7311 1:0 14273
13737 7304 1:0 14273
13737 7305 1:0 14273
13737 7309 1:0 14340
13738 6864 21:0 13739
13738 6861 21:0 13739
13738 6873 21:0 13739
13738 6860 21:0 13739
13738 6876 21:0 13739
13738 6866 21:0 13739
13738 6874 21:0 13739
13738 6862 21:0 13739
13738 6863 21:0 13739
13738 6875 21:0 13739
13740 231 1:0 13740
13740 14011 1:0 15517
13746 9983 1:0 14392
13746 10097 1:0 14392
13746 9990 1:0 14403
13746 9987 1:0 14403
13746 14082 1:0 14403
13754 14114 1:0 14412
13755 14276 1:0 13755
13757 171 1:0 14412
13757 10017 1:0 14440
13757 169 1:0 14440
13757 167 1:0 14440
13757 14068 1:0 15103
13757 7454 1:0 14412
13757 7447 1:0 14412
13772 10268 1:0 14412
13773 7456 1:0 14440
13784 14261 1:0 13784
13784 14263 1:0 13784
13785 7459 1:0 14440
13785 7458 1:0 14440
13826 10019 1:0 14481
13826 7453 1:0 14440
13826 7448 1:0 14440
13826 7451 1:0 14481
13826 7450 1:0 14481
13826 7457 1:0 14481
13826 7452 1:0 14494
13826 7449 1:0 14494
13834 147 1:0 14610
13837 14256 1:0 13837
13839 7460 1:0 14494
13845 13991 1:0 15599
13846 10337 1:0 15735
13846 8197 1:0 15696
13846 8198 1:0 15705
13846 8199 1:0 15706
13854 7455 1:0 14560
13855 10496 1:0 14613
13855 135 1:0 14613
13855 129 1:0 14613
13855 10074 1:0 14630
13855 10076 1:0 14630
13856 10040 1:0 14613
13894 7013 21:0 13921
13905 10122 1:0 14613
13905 73 1:0 15735
13905 10368 1:0 15820
13915 10047 1:0 14624
13924 7019 21:0 13949
13948 7014 21:0 13949
13948 7015 21:0 13952
13951 7017 21:0 13952
13951 7016 21:0 13952
13951 7018 21:0 13956
13955 7009 21:0 13957
13956 7006 21:0 13960
13957 14116 1:0 14624
13957 10044 1:0 14624
13958 149 1:0 14630
13958 10065 1:0 14630
13958 153 1:0 14630
13958 151 1:0 14633
13958 131 1:0 14882
13958 13978 1:0 15735
13958 13958 1:0 15820
13958 71 1:0 15820
13958 13945 1:0 15956
13958 10394 1:0 15956
13958 55 1:0 15956
13958 53 1:0 15984
13958 13925 1:0 15984
13958 10425 1:0 15984
13958 7605 1:0 14630
13958 7595 1:0 14630
13958 7603 1:0 14630
13958 7602 1:0 14633
13958 7594 1:0 14633
13958 7601 1:0 14633
13958 7606 1:0 14633
13958 7600 1:0 14633
13958 7597 1:0 14633
13958 7607 1:0 14702
13958 7596 1:0 14702
13958 7598 1:0 14715
13958 7599 1:0 14715
13958 8343 1:0 15890
13958 8344 1:0 15917
13958 8345 1:0 15926
13958 8346 1:0 15927
13958 8490 1:0 16137
13959 7007 21:0 13960
13959 7020 21:0 13960
13959 7021 21:0 13960
13959 7008 21:0 13960
13959 7010 21:0 13960
13959 7022 21:0 13960
13959 7023 21:0 13960
13959 7011 21:0 13960
13959 7012 21:0 13960
13967 14050 1:0 14715
13967 7604 1:0 14715
13970 209 1:0 13970
13973 14048 1:0 14834
13976 14243 1:0 13976
13978 14014 1:0 14845
13981 14237 1:0 13981
13993 10101 1:0 14845
13994 10389 1:0 14845
13996 14232 1:0 13996
14031 14224 1:0 14031
14055 14015 1:0 14854
14058 14223 1:0 14058
14060 10136 1:0 14854
14060 7741 1:0 14854
14060 7742 1:0 14854
14063 14217 1:0 14063
14075 10104 1:0 14854
14076 7749 1:0 14882
14076 7753 1:0 14882
14077 7750 1:0 14882
14108 7157 21:0 14121
14125 7162 21:0 14170
14126 10131 1:0 14882
14126 133 1:0 14882
14126 10133 1:0 14923
14126 7748 1:0 14882
14126 7747 1:0 14882
14126 7746 1:0 14923
14126 7744 1:0 14923
14126 7745 1:0 14936
14126 7743 1:0 14936
14136 7754 1:0 14923
14169 7163 21:0 14170
14169 7161 21:0 14170
14169 7164 21:0 14173
14172 7166 21:0 14173
14172 7165 21:0 14173
14172 7159 21:0 14178
14177 7153 21:0 14181
14178 10478 1:0 15052
14178 10464 1:0 15055
14178 10503 1:0 15055
14178 10179 1:0 15055
14178 39 1:0 15055
14178 7752 1:0 14936
14178 7751 1:0 15012
14179 10154 1:0 15055
14179 14047 1:0 15066
14179 10446 1:0 15066
14179 10161 1:0 15066
14179 7888 1:0 15075
14180 7160 21:0 14181
14180 7154 21:0 14181
14180 7155 21:0 14181
14180 7167 21:0 14181
14180 7156 21:0 14181
14180 7170 21:0 14181
14180 7169 21:0 14181
14180 7158 21:0 14181
14180 7168 21:0 14181
14182 195 1:0 14182
14188 14049 1:0 15075
14188 10325 1:0 15075
14188 117 1:0 15075
14188 7894 1:0 15075
14188 7896 1:0 15103
14188 7895 1:0 15103
14188 7889 1:0 15103
14188 7901 1:0 15103
14194 115 1:0 15103
14194 113 1:0 15103
14194 10190 1:0 15103
14194 10188 1:0 15141
14194 81 1:0 15273
14194 7900 1:0 15103
14194 7891 1:0 15144
14194 7899 1:0 15144
14194 7893 1:0 15144
14194 7892 1:0 15157
14194 7890 1:0 15157
14196 7898 1:0 15157
14199 7897 1:0 15224
14217 14199 1:0 14217
14226 14197 1:0 14226
14227 14016 1:0 15284
14268 10211 1:0 15279
14268 10218 1:0 15284
14276 10307 1:0 15293
14297 14017 1:0 15293
14298 10250 1:0 15293
14298 75 1:0 15293
14298 9511 1:0 15321
14298 95 1:0 15324
14298 10451 1:0 16180
14298 13912 1:0 16180
14298 37 1:0 16180
14298 10482 1:0 16262
14298 35 1:0 16262
14298 13892 1:0 16262
14298 19 1:0 16407
14298 10508 1:0 16410
14298 13879 1:0 16412
14298 13859 1:0 16483
14298 10539 1:0 16483
14298 17 1:0 16483
14298 12807 1:0 16569
14298 11156 1:0 16569
14298 8491 1:0 16138
14298 8492 1:0 16147
14298 8493 1:0 16148
14298 8637 1:0 16358
14298 8638 1:0 16359
14298 8639 1:0 16368
14298 8640 1:0 16369
14298 8786 1:0 16569
14298 8784 1:0 16569
14298 8785 1:0 16569
14298 8787 1:0 16569
14329 7304 21:0 14342
14346 7309 21:0 14391
14347 337 1:0 15293
14357 97 1:0 15324
14357 10247 1:0 15324
14357 14035 1:0 15324
14357 14002 1:0 15517
14357 13969 1:0 15766
14357 13936 1:0 15956
14357 13903 1:0 16180
14357 13870 1:0 16429
14357 8036 1:0 15296
14357 8042 1:0 15296
14357 8188 1:0 15296
14357 8038 1:0 15365
14390 7310 21:0 14391
14390 7311 21:0 14391
14390 7313 21:0 14394
14393 7308 21:0 14394
14393 7312 21:0 14394
14393 7300 21:0 14399
14398 7306 21:0 14402
14399 10272 1:0 15296
14399 8043 1:0 15296
14399 8047 1:0 15324
14399 8045 1:0 15324
14400 10245 1:0 15362
14400 10304 1:0 15497
14400 79 1:0 15497
14400 77 1:0 15497
14400 10302 1:0 15517
14400 8041 1:0 15324
14400 8035 1:0 15324
14400 8044 1:0 15324
14400 8048 1:0 15365
14400 8039 1:0 15365
14400 8037 1:0 15378
14400 8046 1:0 15378
14400 8040 1:0 15378
14400 8192 1:0 15508
14400 8191 1:0 15508
14400 8186 1:0 15517
14400 8185 1:0 15586
14400 8184 1:0 15599
14401 7302 21:0 14402
14401 7314 21:0 14402
14401 7316 21:0 14402
14401 7303 21:0 14402
14401 7305 21:0 14402
14401 7301 21:0 14402
14401 7317 21:0 14402
14401 7315 21:0 14402
14401 7307 21:0 14402
14409 13984 1:0 15497
14409 13982 1:0 15508
14415 13983 1:0 15517
14417 8194 1:0 15517
14420 8182 1:0 15517
14420 8189 1:0 15517
14420 8183 1:0 15517
14448 13951 1:0 15599
14473 14158 1:0 14473
14489 8190 1:0 15586
14489 8193 1:0 15599
14497 61 1:0 15669
14497 10418 1:0 15735
14497 59 1:0 15735
14497 8187 1:0 15599
14502 8195 1:0 15686
14505 14151 1:0 14505
14517 57 1:0 15715
14517 10350 1:0 15735
14547 7452 21:0 14563
14562 7449 21:0 14569
14568 13981 1:0 15726
14570 7455 21:0 14612
14570 8335 1:0 15735
14578 10382 1:0 15726
14611 7460 21:0 14612
14611 7457 21:0 14612
14611 7459 21:0 14615
14613 157 1:0 14613
14614 7456 21:0 14615
14614 7458 21:0 14615
14614 7453 21:0 14620
14619 7448 21:0 14623
14620 10386 1:0 15726
14620 25 1:0 15763
14620 23 1:0 15766
14620 41 1:0 15766
14620 10361 1:0 15766
14620 8329 1:0 15735
14620 8341 1:0 15735
14620 8330 1:0 15766
14620 8336 1:0 15766
14620 8334 1:0 15807
14620 8331 1:0 15807
14621 13949 1:0 15735
14621 13948 1:0 15766
14622 7464 21:0 14623
14622 7461 21:0 14623
14622 7463 21:0 14623
14622 7462 21:0 14623
14622 7454 21:0 14623
14622 7450 21:0 14623
14622 7451 21:0 14623
14622 7447 21:0 14623
14630 10359 1:0 15804
14630 10416 1:0 15890
14630 27 1:0 15936
14630 10439 1:0 15947
14630 43 1:0 15950
14630 10407 1:0 15950
14630 10473 1:0 15950
14630 10475 1:0 15956
14630 8342 1:0 15766
14630 8340 1:0 15766
14630 8339 1:0 15807
14630 8338 1:0 15820
14630 8332 1:0 15820
14630 8333 1:0 15820
14630 8337 1:0 15886
14636 13950 1:0 15944
14638 8635 1:0 15947
14641 8485 1:0 15950
14644 14138 1:0 14644
14656 8486 1:0 15950
14657 21 1:0 15950
14657 8476 1:0 15950
14657 8482 1:0 15956
14657 8477 1:0 15956
14669 8487 1:0 15956
14669 8488 1:0 15956
14710 8483 1:0 15956
14710 8481 1:0 15956
14710 8478 1:0 15956
14710 8480 1:0 15984
14710 8489 1:0 15984
14710 8479 1:0 16078
14710 8628 1:0 16109
14710 8627 1:0 16249
14710 8626 1:0 16262
14739 13918 1:0 15984
14740 8484 1:0 15984
14748 7595 21:0 14800
14789 8630 1:0 16157
14799 8633 1:0 16168
14801 7604 21:0 14833
14801 8634 1:0 16168
14832 7607 21:0 14833
14832 7602 21:0 14833
14832 7606 21:0 14836
14835 7605 21:0 14836
14835 7603 21:0 14836
14835 7601 21:0 14844
14841 13917 1:0 16157
14842 13916 1:0 16164
14842 10532 1:0 16426
14842 8624 1:0 16180
14842 8629 1:0 16180
14842 8623 1:0 16180
14842 8631 1:0 16249
14842 8625 1:0 16262
14843 7594 21:0 14844
14843 7610 21:0 14844
14843 7608 21:0 14844
14843 7600 21:0 14844
14843 7597 21:0 14844
14843 7598 21:0 14844
14843 7611 21:0 14844
14843 7599 21:0 14844
14843 7609 21:0 14844
14843 7596 21:0 14844
14851 13915 1:0 16175
14851 13884 1:0 16180
14857 13885 1:0 16262
14859 8632 1:0 16262
14862 8636 1:0 16349
14865 14105 1:0 14865
14877 9 1:0 16378
14877 3 1:0 16398
14877 8771 1:0 16398
14878 13869 1:0 16389
14889 14099 1:0 14889
14889 14096 1:0 14889
14889 14098 1:0 14889
14931 13883 1:0 16385
14942 14091 1:0 14942
14944 13868 1:0 16389
14961 13882 1:0 16396
14969 7742 21:0 15021
15010 13865 1:0 16398
15020 329 1:0 16398
15020 10521 1:0 16398
15020 12805 1:0 16401
15022 7751 21:0 15054
15022 8777 1:0 16401
15053 7754 21:0 15054
15053 7752 21:0 15054
15053 7749 21:0 15057
15056 7753 21:0 15057
15056 7750 21:0 15057
15056 7747 21:0 15065
15062 11154 1:0 16401
15062 334 1:0 16401
15062 8776 1:0 16401
15062 8770 1:0 16401
15062 8778 1:0 16429
15062 8780 1:0 16429
15063 5 1:0 16429
15063 9503 1:0 16429
15063 7 1:0 16429
15063 10530 1:0 16467
15063 8872 1:0 16569
15063 8781 1:0 16429
15063 8772 1:0 16470
15063 8773 1:0 16470
15063 8782 1:0 16470
15063 8775 1:0 16483
15063 8783 1:0 16483
15063 8774 1:0 16483
15063 8779 1:0 16550
15063 8873 1:0 16611
15064 14079 1:0 15064
15064 7756 21:0 15065
15064 7745 21:0 15065
15064 7758 21:0 15065
15064 7757 21:0 15065
15064 7748 21:0 15065
15064 7743 21:0 15065
15064 7755 21:0 15065
15064 7746 21:0 15065
15064 7741 21:0 15065
15064 7744 21:0 15065
15086 14072 1:0 15086
15110 14065 1:0 15110
15163 14058 1:0 15163
15168 14052 1:0 15168
15213 7892 21:0 15226
15230 7897 21:0 15275
15274 7899 21:0 15275
15274 7898 21:0 15275
15274 7900 21:0 15278
15276 103 1:0 15276
15277 7901 21:0 15278
15277 7896 21:0 15278
15277 7889 21:0 15283
15282 7895 21:0 15286
15285 7891 21:0 15286
15285 7905 21:0 15286
15285 7893 21:0 15286
15285 7888 21:0 15286
15285 7904 21:0 15286
15285 7894 21:0 15286
15285 7902 21:0 15286
15285 7903 21:0 15286
15285 7890 21:0 15286
15287 105 1:0 15287
15296 101 1:0 15296
15302 14045 1:0 15302
15331 14033 1:0 15331
15357 14026 1:0 15357
15384 14025 1:0 15384
15431 8040 21:0 15447
15446 8037 21:0 15453
15452 8038 21:0 15460
15461 8046 21:0 15496
15495 8044 21:0 15496
15495 8048 21:0 15496
15495 8047 21:0 15499
15498 8043 21:0 15499
15498 8045 21:0 15499
15498 8035 21:0 15507
15506 8036 21:0 15507
15506 8041 21:0 15507
15506 8039 21:0 15507
15506 8051 21:0 15507
15506 8049 21:0 15507
15506 8042 21:0 15507
15506 8052 21:0 15507
15506 8050 21:0 15507
15508 87 1:0 15508
15523 14012 1:0 15523
15552 13999 1:0 15552
15578 13993 1:0 15578
15610 13986 1:0 15610
15635 8182 21:0 15686
15685 8187 21:0 15692
15692 8195 21:0 15717
15716 8193 21:0 15717
15716 8190 21:0 15720
15719 8192 21:0 15720
15719 8194 21:0 15720
15719 8191 21:0 15724
15723 8189 21:0 15728
15727 8188 21:0 15728
15727 8183 21:0 15728
15727 8196 21:0 15728
15727 8184 21:0 15728
15727 8197 21:0 15728
15727 8186 21:0 15728
15727 8185 21:0 15728
15727 8198 21:0 15728
15727 8199 21:0 15728
15729 69 1:0 15729
15738 65 1:0 15738
15749 13973 1:0 15749
15773 13966 1:0 15773
15773 13964 1:0 15773
15773 13967 1:0 15773
15831 13953 1:0 15831
15863 8332 21:0 15888
15887 8333 21:0 15895
15896 8337 21:0 15938
15937 8338 21:0 15938
15937 8339 21:0 15938
15937 8342 21:0 15941
15940 8340 21:0 15941
15940 8341 21:0 15941
15940 8336 21:0 15946
15945 8330 21:0 15949
15948 8334 21:0 15949
15948 8345 21:0 15949
15948 8335 21:0 15949
15948 8343 21:0 15949
15948 8346 21:0 15949
15948 8331 21:0 15949
15948 8329 21:0 15949
15948 8344 21:0 15949
15950 51 1:0 15950
15970 13940 1:0 15970
15985 13935 1:0 15985
15994 13931 1:0 15994
16084 8479 21:0 16109
16108 8480 21:0 16116
16117 8484 21:0 16159
16158 8488 21:0 16159
16158 8489 21:0 16159
16158 8487 21:0 16162
16161 8485 21:0 16162
16161 8486 21:0 16162
16161 8483 21:0 16170
16169 13914 1:0 16169
16169 8476 21:0 16170
16169 8478 21:0 16170
16169 8490 21:0 16170
16169 8491 21:0 16170
16169 8493 21:0 16170
16169 8482 21:0 16170
16169 8477 21:0 16170
16169 8481 21:0 16170
16169 8492 21:0 16170
16180 29 1:0 16180
16215 13901 1:0 16215
16215 13900 1:0 16215
16241 13894 1:0 16241
16298 8623 21:0 16349
16348 8625 21:0 16355
16355 8636 21:0 16380
16379 8632 21:0 16380
16379 8631 21:0 16383
16382 8633 21:0 16383
16382 8634 21:0 16383
16382 8635 21:0 16387
16386 8629 21:0 16391
16390 13881 1:0 16390
16390 8638 21:0 16391
16390 8637 21:0 16391
16390 8628 21:0 16391
16390 8626 21:0 16391
16390 8639 21:0 16391
16390 8624 21:0 16391
16390 8630 21:0 16391
16390 8627 21:0 16391
16390 8640 21:0 16391
16392 15 1:0 16392
16401 11 1:0 16401
16539 8774 21:0 16552
16556 8779 21:0 51
