255 48230 0:0 257
256 48223 0:0 257
256 48229 0:0 257
256 48224 0:0 258
302 48235 0:0 304
302 48234 0:0 304
302 48232 0:0 304
302 48233 0:0 304
303 48323 0:0 304
303 48324 0:0 304
303 48231 0:0 304
358 48494 0:0 361
363 48495 21:0 421
420 48497 0:0 432
434 48527 21:0 442
441 48529 0:0 442
441 48528 0:0 442
442 48530 21:0 508
510 48560 21:0 518
517 48562 21:0 584
586 48593 21:0 594
662 48626 0:0 665
667 48627 21:0 725
669 48628 0:0 670
724 48629 0:0 736
743 48660 21:0 801
745 48661 0:0 746
814 48692 21:0 822
966 48758 0:0 969
971 48759 21:0 1029
1047 48793 21:0 1105
1104 48794 0:0 1116
1202 48860 21:0 1268
1575 49023 21:0 1583
1582 49024 0:0 1583
1582 49025 21:0 1649
1647 49026 0:0 1649
1651 49056 21:0 1659
1658 49058 0:0 1659
1658 49057 21:0 1725
1723 49059 0:0 1725
1727 49089 21:0 1735
1734 49090 0:0 1735
1734 49091 21:0 1801
1799 49092 0:0 1801
1803 49122 21:0 1811
1810 49123 0:0 1811
1810 49124 21:0 1877
1875 49125 0:0 1877
1879 49155 0:0 1882
1884 49157 21:0 1942
1886 49156 0:0 1887
1941 49158 0:0 1953
1955 49188 0:0 1958
1960 49189 21:0 2018
1962 49190 0:0 1963
2017 49191 0:0 2029
2031 49221 21:0 2039
2038 49222 0:0 2039
2038 49223 21:0 2105
2103 49224 0:0 2105
2107 49254 21:0 2115
2114 49256 0:0 2115
2114 49255 21:0 2181
2179 49257 0:0 2181
2183 49287 21:0 2191
2190 49288 0:0 2191
2190 49289 21:0 2257
2255 49290 0:0 2257
2259 49320 21:0 2267
2266 49321 0:0 2267
2266 49322 21:0 2333
2331 49323 0:0 2333
2335 49353 21:0 2343
2342 49355 0:0 2343
2342 49354 21:0 2409
2407 49356 0:0 2409
2411 49386 21:0 2419
2418 49388 0:0 2419
2418 49387 21:0 2485
2483 49389 0:0 2485
2487 49419 21:0 2495
2494 49421 0:0 2495
2494 49420 21:0 2561
2559 49422 0:0 2561
2563 49452 21:0 2571
2570 49453 0:0 2571
2570 49454 21:0 2637
2635 49455 0:0 2637
2639 49485 21:0 2647
2646 49487 0:0 2647
2646 49486 21:0 2713
2736 48860 1:0 3215
2737 48794 1:0 3459
2745 48793 1:0 3466
2745 48759 1:0 3587
2762 328 21:0 2776
2769 48758 1:0 3597
2858 48692 1:0 3841
2859 48660 1:0 3953
2867 48661 1:0 3954
2867 48629 1:0 4069
2877 48627 1:0 4075
2980 48628 1:0 4076
2981 48626 1:0 4085
2989 48593 1:0 4207
2989 48562 1:0 4320
2999 48560 1:0 4329
3102 48530 1:0 4435
3103 48529 1:0 4442
3111 48528 1:0 4441
3111 48527 1:0 4451
3121 48497 1:0 4557
3135 329 1:0 5895
3224 48495 1:0 4563
3225 48494 1:0 4573
4745 50465 21:0 4753
4752 50466 0:0 4753
4752 50467 21:0 4819
4817 50468 0:0 4819
4821 50498 21:0 4829
4828 50500 0:0 4829
4828 50499 21:0 4895
4893 50501 0:0 4895
4897 50531 21:0 4905
4904 50533 0:0 4905
4904 50532 21:0 4971
4969 50534 0:0 4971
4973 50564 21:0 4981
4980 50565 0:0 4981
4980 50566 21:0 5047
5045 50567 0:0 5047
5049 50597 21:0 5057
5056 50598 0:0 5057
5056 50599 21:0 5123
5121 50600 0:0 5123
5125 50630 21:0 5133
5132 50631 0:0 5133
5132 50632 21:0 5199
5197 50633 0:0 5199
5201 50663 21:0 5209
5208 50664 0:0 5209
5208 50665 21:0 5275
5273 50666 0:0 5275
5277 50696 21:0 5285
5284 50697 0:0 5285
5284 50698 21:0 5351
5349 50699 0:0 5351
5353 50729 0:0 5356
5358 50730 21:0 5416
5360 50731 0:0 5361
5415 50732 0:0 5427
5429 50762 21:0 5437
5436 50764 0:0 5437
5436 50763 21:0 5503
5501 50765 0:0 5503
5505 50795 0:0 5508
5510 50796 21:0 5568
5512 50797 0:0 5513
5567 50798 0:0 5579
5581 50828 21:0 5589
5588 50830 0:0 5589
5588 50829 21:0 5655
5662 50862 0:0 5665
5665 50864 21:0 5731
5738 50896 21:0 5796
5893 50963 21:0 5902
5907 49486 1:0 6035
5908 49487 1:0 6036
5917 49485 1:0 6046
5917 49455 1:0 6159
5923 49454 1:0 6167
5936 329 21:0 5950
5944 49453 1:0 6166
6038 49452 1:0 6177
6039 49422 1:0 6290
6039 49420 1:0 6297
6048 49421 1:0 6298
6048 49419 1:0 6308
6056 49389 1:0 6421
6075 49387 1:0 6428
6169 49388 1:0 6429
6170 49386 1:0 6439
6170 49356 1:0 6552
6179 49354 1:0 6559
6179 49355 1:0 6560
6187 49353 1:0 6570
6206 49323 1:0 6683
6300 49322 1:0 6691
6301 49321 1:0 6690
6310 49320 1:0 6701
6310 49290 1:0 6814
6316 49289 1:0 6822
6320 49288 1:0 6821
6349 49287 1:0 6832
6431 49257 1:0 6945
6432 49255 1:0 6952
6441 49256 1:0 6953
6441 49254 1:0 6963
6447 49224 1:0 7076
6452 49223 1:0 7084
6480 49222 1:0 7083
6562 49221 1:0 7094
6563 49191 1:0 7207
6572 49189 1:0 7214
6572 49190 1:0 7215
6578 49188 1:0 7225
6583 49158 1:0 7338
6611 49157 1:0 7346
6693 49156 1:0 7345
6694 49155 1:0 7356
6703 49125 1:0 7469
6703 49124 1:0 7477
6709 49123 1:0 7476
6729 49122 1:0 7487
6742 49092 1:0 7600
6824 49091 1:0 7608
6825 49090 1:0 7607
6834 49089 1:0 7618
6834 49059 1:0 7731
6840 49057 1:0 7738
6860 49058 1:0 7739
6955 49056 1:0 7749
6956 49026 1:0 7862
6956 49025 1:0 7870
6965 49024 1:0 7869
6965 49023 1:0 7880
6973 50963 1:0 9206
6975 330 1:0 9210
8060 51907 21:0 8068
8067 51909 0:0 8068
8067 51908 21:0 8134
8132 51910 0:0 8134
8136 51940 21:0 8144
8143 51941 0:0 8144
8143 51942 21:0 8210
8208 51943 0:0 8210
8212 51973 21:0 8220
8219 51975 0:0 8220
8219 51974 21:0 8286
8284 51976 0:0 8286
8288 52006 21:0 8296
8295 52007 0:0 8296
8295 52008 21:0 8362
8360 52009 0:0 8362
8364 52039 21:0 8372
8371 52040 0:0 8372
8371 52041 21:0 8438
8436 52042 0:0 8438
8440 52072 21:0 8448
8447 52073 0:0 8448
8447 52074 21:0 8514
8512 52075 0:0 8514
8516 52105 21:0 8524
8523 52106 0:0 8524
8523 52107 21:0 8590
8588 52108 0:0 8590
8592 52138 21:0 8600
8599 52140 0:0 8600
8599 52139 21:0 8666
8664 52141 0:0 8666
8668 52171 21:0 8676
8675 52173 0:0 8676
8675 52172 21:0 8742
8740 52174 0:0 8742
8744 52204 21:0 8752
8751 52205 0:0 8752
8751 52206 21:0 8818
8816 52207 0:0 8818
8820 52237 21:0 8828
8827 52239 0:0 8828
8827 52238 21:0 8894
8892 52240 0:0 8894
8896 52270 21:0 8904
8903 52271 0:0 8904
8903 52272 21:0 8970
8968 52273 0:0 8970
8972 52303 21:0 8980
8979 52304 0:0 8980
8979 52305 0:0 8980
8980 52306 21:0 9046
9048 52336 21:0 9056
9055 52337 0:0 9056
9055 52338 21:0 9122
9120 52339 0:0 9122
9124 52369 0:0 9127
9129 52371 21:0 9187
9131 52370 0:0 9132
9186 52372 0:0 9198
9222 50896 1:0 9482
9223 50864 1:0 9605
9232 50862 1:0 9612
9232 50829 1:0 9743
9238 50830 1:0 9744
9251 330 21:0 9265
9259 50828 1:0 9754
9353 50798 1:0 9867
9354 50796 1:0 9874
9354 50797 1:0 9875
9363 50795 1:0 9885
9363 50765 1:0 9998
9371 50763 1:0 10005
9390 50764 1:0 10006
9484 50762 1:0 10016
9485 50732 1:0 10129
9485 50730 1:0 10136
9494 50731 1:0 10137
9494 50729 1:0 10147
9502 50699 1:0 10260
9521 50698 1:0 10268
9615 50697 1:0 10267
9616 50696 1:0 10278
9625 50666 1:0 10391
9625 50665 1:0 10399
9631 50664 1:0 10398
9635 50663 1:0 10409
9664 50633 1:0 10522
9746 50632 1:0 10530
9747 50631 1:0 10529
9756 50630 1:0 10540
9756 50600 1:0 10653
9762 50599 1:0 10661
9767 50598 1:0 10660
9795 50597 1:0 10671
9877 50567 1:0 10784
9878 50566 1:0 10792
9887 50565 1:0 10791
9887 50564 1:0 10802
9893 50534 1:0 10915
9898 50532 1:0 10922
9926 50533 1:0 10923
10008 50531 1:0 10933
10009 50501 1:0 11046
10018 50499 1:0 11053
10018 50500 1:0 11054
10024 50498 1:0 11064
10044 50468 1:0 11177
10057 50467 1:0 11185
10139 50466 1:0 11184
10140 50465 1:0 11195
10140 331 1:0 12525
10149 52372 1:0 12658
10149 52371 1:0 12666
10157 52370 1:0 12665
10176 52369 1:0 12676
10270 52339 1:0 12789
11375 53349 21:0 11383
11382 53351 0:0 11383
11382 53350 21:0 11449
11447 53352 0:0 11449
11451 53382 21:0 11459
11458 53383 0:0 11459
11458 53384 21:0 11525
11523 53385 0:0 11525
11527 53415 21:0 11535
11534 53416 0:0 11535
11534 53417 21:0 11601
11599 53418 0:0 11601
11603 53448 21:0 11611
11610 53450 0:0 11611
11610 53449 21:0 11677
11675 53451 0:0 11677
11679 53481 21:0 11687
11686 53482 0:0 11687
11686 53483 21:0 11753
11751 53484 0:0 11753
11755 53514 21:0 11763
11762 53516 0:0 11763
11762 53515 21:0 11829
11827 53517 0:0 11829
11831 53547 21:0 11839
11838 53549 0:0 11839
11838 53548 21:0 11905
11903 53550 0:0 11905
11907 53580 21:0 11915
11914 53581 0:0 11915
11914 53582 21:0 11981
11979 53583 0:0 11981
11983 53613 21:0 11991
11990 53614 0:0 11991
11990 53615 21:0 12057
12055 53616 0:0 12057
12059 53646 21:0 12067
12066 53647 0:0 12067
12066 53648 0:0 12067
12067 53649 21:0 12133
12135 53679 21:0 12143
12142 53680 0:0 12143
12142 53681 21:0 12209
12207 53682 0:0 12209
12211 53712 21:0 12219
12218 53714 0:0 12219
12218 53713 0:0 12219
12219 53715 21:0 12285
12287 53745 21:0 12295
12294 53746 0:0 12295
12294 53747 21:0 12361
12371 53781 21:0 12437
12444 53813 0:0 12447
12444 53812 0:0 12447
12447 53814 21:0 12513
12537 52338 1:0 12797
12538 52337 1:0 12796
12547 52336 1:0 12807
12547 52306 1:0 12920
12553 52305 1:0 12928
12566 331 21:0 12580
12574 52304 1:0 12927
12668 52303 1:0 12938
12669 52273 1:0 13051
12669 52272 1:0 13059
12678 52271 1:0 13058
12678 52270 1:0 13069
12686 52240 1:0 13182
12705 52238 1:0 13189
12799 52239 1:0 13190
12800 52237 1:0 13200
12800 52207 1:0 13313
12809 52205 1:0 13320
12809 52206 1:0 13321
12817 52204 1:0 13331
12836 52174 1:0 13444
12930 52172 1:0 13451
12931 52173 1:0 13452
12940 52171 1:0 13462
12940 52141 1:0 13575
12946 52139 1:0 13582
12950 52140 1:0 13583
12979 52138 1:0 13593
13061 52108 1:0 13706
13062 52107 1:0 13714
13071 52106 1:0 13713
13071 52105 1:0 13724
13077 52075 1:0 13837
13082 52074 1:0 13845
13110 52073 1:0 13844
13192 52072 1:0 13855
13193 52042 1:0 13968
13202 52040 1:0 13975
13202 52041 1:0 13976
13208 52039 1:0 13986
13213 52009 1:0 14099
13241 52008 1:0 14107
13323 52007 1:0 14106
13324 52006 1:0 14117
13333 51976 1:0 14230
13333 51974 1:0 14237
13339 51975 1:0 14238
13359 51973 1:0 14248
13372 51943 1:0 14361
13454 51942 1:0 14369
13455 51941 1:0 14368
13464 51940 1:0 14379
13464 51910 1:0 14492
13470 51908 1:0 14499
13490 51909 1:0 14500
13491 332 1:0 15840
13585 51907 1:0 14510
14690 54791 21:0 14698
14697 54793 0:0 14698
14697 54792 21:0 14764
14762 54794 0:0 14764
14766 54824 21:0 14774
14773 54826 0:0 14774
14773 54825 21:0 14840
14838 54827 0:0 14840
14842 54857 21:0 14850
14849 54859 0:0 14850
14849 54858 21:0 14916
14914 54860 0:0 14916
14918 54890 21:0 14926
14925 54891 0:0 14926
14925 54892 21:0 14992
14990 54893 0:0 14992
14994 54923 21:0 15002
15001 54924 0:0 15002
15001 54925 21:0 15068
15066 54926 0:0 15068
15070 54956 21:0 15078
15077 54957 0:0 15078
15077 54958 21:0 15144
15142 54959 0:0 15144
15146 54989 21:0 15154
15153 54990 0:0 15154
15153 54991 21:0 15220
15218 54992 0:0 15220
15222 55022 21:0 15230
15229 55024 0:0 15230
15229 55023 21:0 15296
15294 55025 0:0 15296
15298 55055 21:0 15306
15305 55056 0:0 15306
15305 55057 21:0 15372
15370 55058 0:0 15372
15374 55088 21:0 15382
15379 55089 0:0 15382
15379 55090 0:0 15382
15382 55091 21:0 15448
15450 55121 21:0 15458
15457 55122 0:0 15458
15457 55123 21:0 15524
15522 55124 0:0 15524
15526 55154 21:0 15534
15533 55155 0:0 15534
15533 55156 21:0 15600
15598 55157 0:0 15600
15602 55187 21:0 15610
15609 55189 0:0 15610
15609 55188 0:0 15610
15610 55190 21:0 15676
15678 55220 21:0 15686
15685 55221 0:0 15686
15685 55222 21:0 15752
15852 53814 1:0 15973
15853 53813 1:0 15981
15862 53812 1:0 15980
15862 53781 1:0 16104
15868 53747 1:0 16243
15881 332 21:0 15895
15889 53746 1:0 16242
15983 53745 1:0 16253
15984 53715 1:0 16366
15984 53714 1:0 16374
15993 53713 1:0 16373
15993 53712 1:0 16384
16001 53682 1:0 16497
16020 53681 1:0 16505
16114 53680 1:0 16504
16115 53679 1:0 16515
16115 53649 1:0 16628
16124 53647 1:0 16635
16124 53648 1:0 16636
16132 53646 1:0 16646
16151 53616 1:0 16759
16245 53615 1:0 16767
16246 53614 1:0 16766
16255 53613 1:0 16777
16255 53583 1:0 16890
16261 53582 1:0 16898
16265 53581 1:0 16897
16294 53580 1:0 16908
16376 53550 1:0 17021
16377 53548 1:0 17028
16386 53549 1:0 17029
16386 53547 1:0 17039
16392 53517 1:0 17152
16397 53515 1:0 17159
16425 53516 1:0 17160
16507 53514 1:0 17170
16508 53484 1:0 17283
16517 53482 1:0 17290
16517 53483 1:0 17291
16523 53481 1:0 17301
16528 53451 1:0 17414
16556 53449 1:0 17421
16638 53450 1:0 17422
16639 53448 1:0 17432
16648 53418 1:0 17545
16648 53417 1:0 17553
16654 53416 1:0 17552
16674 53415 1:0 17563
16687 53385 1:0 17676
16769 53384 1:0 17684
16770 53383 1:0 17683
16779 53382 1:0 17694
16779 53352 1:0 17807
16785 53350 1:0 17814
16805 53351 1:0 17815
16806 333 1:0 19155
16900 53349 1:0 17825
16901 55222 1:0 19427
16910 55221 1:0 19426
16910 55220 1:0 19437
18005 56233 21:0 18013
18012 56235 0:0 18013
18012 56234 21:0 18079
18077 56236 0:0 18079
18081 56266 21:0 18089
18088 56268 0:0 18089
18088 56267 21:0 18155
18153 56269 0:0 18155
18157 56299 21:0 18165
18164 56301 0:0 18165
18164 56300 21:0 18231
18229 56302 0:0 18231
18233 56332 21:0 18241
18240 56333 0:0 18241
18240 56334 21:0 18307
18305 56335 0:0 18307
18309 56365 21:0 18317
18316 56367 0:0 18317
18316 56366 21:0 18383
18381 56368 0:0 18383
18385 56398 21:0 18393
18392 56400 0:0 18393
18392 56399 21:0 18459
18457 56401 0:0 18459
18461 56431 21:0 18469
18468 56433 0:0 18469
18468 56432 21:0 18535
18533 56434 0:0 18535
18537 56464 21:0 18545
18544 56465 0:0 18545
18544 56466 21:0 18611
18609 56467 0:0 18611
18613 56497 21:0 18621
18620 56498 0:0 18621
18620 56499 21:0 18687
18685 56500 0:0 18687
18689 56530 21:0 18697
18696 56531 0:0 18697
18696 56532 21:0 18763
18761 56533 0:0 18763
18765 56563 21:0 18773
18772 56564 0:0 18773
18772 56565 21:0 18839
18837 56566 0:0 18839
18841 56596 0:0 18844
18846 56598 21:0 18904
18848 56597 0:0 18849
18903 56599 0:0 18915
18917 56629 21:0 18925
18924 56631 0:0 18925
18924 56630 21:0 18991
18989 56632 0:0 18991
18993 56662 21:0 19001
19000 56664 0:0 19001
19001 56665 21:0 19067
19069 56695 0:0 19072
19074 56697 21:0 19132
19076 56696 0:0 19077
19167 55190 1:0 19550
19168 55189 1:0 19558
19177 55188 1:0 19557
19177 55187 1:0 19568
19183 55157 1:0 19681
19196 333 21:0 19210
19204 55156 1:0 19689
19298 55155 1:0 19688
19299 55154 1:0 19699
19299 55124 1:0 19812
19308 55122 1:0 19819
19308 55123 1:0 19820
19316 55121 1:0 19830
19335 55091 1:0 19943
19429 55090 1:0 19951
19430 55089 1:0 19950
19430 55088 1:0 19961
19439 55058 1:0 20074
19439 55057 1:0 20082
19447 55056 1:0 20081
19466 55055 1:0 20092
19560 55025 1:0 20205
19561 55023 1:0 20212
19570 55024 1:0 20213
19570 55022 1:0 20223
19576 54992 1:0 20336
19580 54991 1:0 20344
19609 54990 1:0 20343
19691 54989 1:0 20354
19692 54959 1:0 20467
19701 54957 1:0 20474
19701 54958 1:0 20475
19707 54956 1:0 20485
19712 54926 1:0 20598
19740 54925 1:0 20606
19822 54924 1:0 20605
19823 54923 1:0 20616
19832 54893 1:0 20729
19832 54892 1:0 20737
19838 54891 1:0 20736
19843 54890 1:0 20747
19871 54860 1:0 20860
19953 54858 1:0 20867
19954 54859 1:0 20868
19963 54857 1:0 20878
19963 54827 1:0 20991
19969 54825 1:0 20998
19989 54826 1:0 20999
20002 54824 1:0 21009
20084 54794 1:0 21122
20085 54792 1:0 21129
20085 334 1:0 22470
20094 54793 1:0 21130
20094 54791 1:0 21140
20102 56697 1:0 22611
20121 56696 1:0 22610
21320 57675 21:0 21328
21327 57676 0:0 21328
21327 57677 21:0 21394
21392 57678 0:0 21394
21396 57708 21:0 21404
21403 57709 0:0 21404
21403 57710 21:0 21470
21468 57711 0:0 21470
21472 57741 21:0 21480
21479 57742 0:0 21480
21479 57743 21:0 21546
21544 57744 0:0 21546
21548 57774 21:0 21556
21555 57776 0:0 21556
21555 57775 21:0 21622
21620 57777 0:0 21622
21624 57807 21:0 21632
21631 57808 0:0 21632
21631 57809 21:0 21698
21696 57810 0:0 21698
21700 57840 21:0 21708
21707 57841 0:0 21708
21707 57842 21:0 21774
21772 57843 0:0 21774
21776 57873 21:0 21784
21783 57874 0:0 21784
21783 57875 21:0 21850
21848 57876 0:0 21850
21852 57906 21:0 21860
21859 57908 0:0 21860
21859 57907 21:0 21926
21924 57909 0:0 21926
21928 57939 21:0 21936
21935 57940 0:0 21936
21935 57941 21:0 22002
22000 57942 0:0 22002
22004 57972 21:0 22012
22011 57973 0:0 22012
22011 57974 21:0 22078
22076 57975 0:0 22078
22080 58005 0:0 22083
22085 58006 21:0 22143
22087 58007 0:0 22088
22142 58008 0:0 22154
22156 58038 21:0 22164
22163 58040 0:0 22164
22163 58039 21:0 22230
22228 58041 0:0 22230
22232 58071 0:0 22235
22237 58072 21:0 22295
22239 58073 0:0 22240
22294 58074 0:0 22306
22308 58104 21:0 22316
22384 58137 21:0 22392
22482 56695 1:0 22621
22483 56665 1:0 22734
22492 56664 1:0 22742
22492 56662 1:0 22752
22498 56632 1:0 22865
22511 334 21:0 22525
22519 56630 1:0 22872
22613 56631 1:0 22873
22614 56629 1:0 22883
22614 56599 1:0 22996
22623 56597 1:0 23003
22623 56598 1:0 23004
22631 56596 1:0 23014
22650 56566 1:0 23127
22744 56565 1:0 23135
22745 56564 1:0 23134
22745 56563 1:0 23145
22754 56533 1:0 23258
22754 56532 1:0 23266
22762 56531 1:0 23265
22781 56530 1:0 23276
22875 56500 1:0 23389
22876 56499 1:0 23397
22885 56498 1:0 23396
22885 56497 1:0 23407
22891 56467 1:0 23520
22895 56466 1:0 23528
22924 56465 1:0 23527
23006 56464 1:0 23538
23007 56434 1:0 23651
23016 56432 1:0 23658
23016 56433 1:0 23659
23022 56431 1:0 23669
23027 56401 1:0 23782
23055 56399 1:0 23789
23137 56400 1:0 23790
23138 56398 1:0 23800
23147 56368 1:0 23913
23147 56366 1:0 23920
23153 56367 1:0 23921
23158 56365 1:0 23931
23186 56335 1:0 24044
23268 56334 1:0 24052
23269 56333 1:0 24051
23278 56332 1:0 24062
23278 56302 1:0 24175
23284 56300 1:0 24182
23304 56301 1:0 24183
23317 56299 1:0 24193
23399 56269 1:0 24306
23400 56267 1:0 24313
23409 56268 1:0 24314
23409 56266 1:0 24324
23415 56236 1:0 24437
23435 56234 1:0 24444
23436 335 1:0 25785
23530 56235 1:0 24445
23531 56233 1:0 24455
24635 59117 21:0 24643
24642 59118 0:0 24643
24642 59119 21:0 24709
24707 59120 0:0 24709
24711 59150 21:0 24719
24718 59151 0:0 24719
24718 59152 21:0 24785
24783 59153 0:0 24785
24787 59183 21:0 24795
24794 59184 0:0 24795
24794 59185 21:0 24861
24859 59186 0:0 24861
24863 59216 21:0 24871
24870 59217 0:0 24871
24870 59218 21:0 24937
24935 59219 0:0 24937
24939 59249 21:0 24947
24946 59251 0:0 24947
24946 59250 21:0 25013
25011 59252 0:0 25013
25015 59282 21:0 25023
25022 59284 0:0 25023
25022 59283 21:0 25089
25087 59285 0:0 25089
25091 59315 21:0 25099
25098 59317 0:0 25099
25098 59316 21:0 25165
25163 59318 0:0 25165
25167 59348 21:0 25175
25174 59349 0:0 25175
25174 59350 21:0 25241
25239 59351 0:0 25241
25243 59381 21:0 25251
25250 59383 0:0 25251
25250 59382 21:0 25317
25315 59384 0:0 25317
25319 59414 0:0 25322
25324 59416 21:0 25382
25326 59415 0:0 25327
25381 59417 0:0 25393
25395 59447 0:0 25398
25400 59449 21:0 25458
25402 59448 0:0 25403
25457 59450 0:0 25469
25471 59480 21:0 25479
25478 59481 0:0 25479
25478 59482 21:0 25545
25543 59483 0:0 25545
25547 59513 21:0 25555
25552 59514 0:0 25555
25552 59515 0:0 25555
25555 59516 21:0 25621
25623 59546 21:0 25631
25630 59548 0:0 25631
25630 59547 21:0 25697
25695 59549 0:0 25697
25797 58137 1:0 25936
25798 58104 1:0 26067
25807 58074 1:0 26180
25807 58072 1:0 26187
25813 58073 1:0 26188
25826 335 21:0 25840
25834 58071 1:0 26198
25928 58041 1:0 26311
25929 58039 1:0 26318
25929 58040 1:0 26319
25938 58038 1:0 26329
25938 58008 1:0 26442
25946 58006 1:0 26449
25965 58007 1:0 26450
26059 58005 1:0 26460
26060 57975 1:0 26573
26060 57974 1:0 26581
26069 57973 1:0 26580
26069 57972 1:0 26591
26077 57942 1:0 26704
26096 57941 1:0 26712
26190 57940 1:0 26711
26191 57939 1:0 26722
26200 57909 1:0 26835
26200 57907 1:0 26842
26206 57908 1:0 26843
26210 57906 1:0 26853
26239 57876 1:0 26966
26321 57875 1:0 26974
26322 57874 1:0 26973
26331 57873 1:0 26984
26331 57843 1:0 27097
26337 57842 1:0 27105
26342 57841 1:0 27104
26370 57840 1:0 27115
26452 57810 1:0 27228
26453 57809 1:0 27236
26462 57808 1:0 27235
26462 57807 1:0 27246
26468 57777 1:0 27359
26473 57775 1:0 27366
26501 57776 1:0 27367
26583 57774 1:0 27377
26584 57744 1:0 27490
26593 57742 1:0 27497
26593 57743 1:0 27498
26599 57741 1:0 27508
26619 57711 1:0 27621
26632 57710 1:0 27629
26714 57709 1:0 27628
26715 57708 1:0 27639
26724 57678 1:0 27752
26724 57677 1:0 27760
26730 57676 1:0 27759
26750 57675 1:0 27770
26751 336 1:0 29100
26845 59549 1:0 29364
27950 60559 21:0 27958
27957 60561 0:0 27958
27957 60560 21:0 28024
28022 60562 0:0 28024
28026 60592 21:0 28034
28033 60594 0:0 28034
28033 60593 21:0 28100
28098 60595 0:0 28100
28102 60625 21:0 28110
28109 60626 0:0 28110
28109 60627 21:0 28176
28174 60628 0:0 28176
28178 60658 21:0 28186
28185 60660 0:0 28186
28185 60659 21:0 28252
28250 60661 0:0 28252
28254 60691 21:0 28262
28261 60692 0:0 28262
28261 60693 21:0 28328
28326 60694 0:0 28328
28330 60724 21:0 28338
28337 60726 0:0 28338
28337 60725 21:0 28404
28402 60727 0:0 28404
28406 60757 21:0 28414
28413 60759 0:0 28414
28413 60758 21:0 28480
28478 60760 0:0 28480
28482 60790 21:0 28490
28489 60791 0:0 28490
28489 60792 21:0 28556
28554 60793 0:0 28556
28558 60823 0:0 28561
28563 60824 21:0 28621
28565 60825 0:0 28566
28620 60826 0:0 28632
28634 60856 0:0 28637
28639 60858 21:0 28697
28641 60857 0:0 28642
28696 60859 0:0 28708
28710 60889 0:0 28713
28715 60890 21:0 28773
28717 60891 0:0 28718
28772 60892 0:0 28784
28786 60922 0:0 28789
28791 60924 21:0 28849
28793 60923 0:0 28794
28848 60925 0:0 28860
28862 60955 21:0 28870
28869 60956 0:0 28870
28869 60957 21:0 28936
28934 60958 0:0 28936
28943 60989 0:0 28946
28946 60991 21:0 29012
29019 61023 21:0 29077
29112 59547 1:0 29371
29113 59548 1:0 29372
29122 59546 1:0 29382
29122 59516 1:0 29495
29128 59514 1:0 29502
29141 336 21:0 29155
29149 59515 1:0 29503
29243 59513 1:0 29513
29244 59483 1:0 29626
29244 59482 1:0 29634
29253 59481 1:0 29633
29253 59480 1:0 29644
29261 59450 1:0 29757
29280 59449 1:0 29765
29374 59448 1:0 29764
29375 59447 1:0 29775
29375 59417 1:0 29888
29384 59415 1:0 29895
29384 59416 1:0 29896
29392 59414 1:0 29906
29411 59384 1:0 30019
29505 59382 1:0 30026
29506 59383 1:0 30027
29515 59381 1:0 30037
29515 59351 1:0 30150
29521 59350 1:0 30158
29525 59349 1:0 30157
29554 59348 1:0 30168
29636 59318 1:0 30281
29637 59316 1:0 30288
29646 59317 1:0 30289
29646 59315 1:0 30299
29652 59285 1:0 30412
29657 59283 1:0 30419
29685 59284 1:0 30420
29767 59282 1:0 30430
29768 59252 1:0 30543
29777 59250 1:0 30550
29777 59251 1:0 30551
29783 59249 1:0 30561
29788 59219 1:0 30674
29816 59218 1:0 30682
29898 59217 1:0 30681
29899 59216 1:0 30692
29908 59186 1:0 30805
29908 59185 1:0 30813
29914 59184 1:0 30812
29934 59183 1:0 30823
29947 59153 1:0 30936
30029 59152 1:0 30944
30030 59151 1:0 30943
30039 59150 1:0 30954
30039 59120 1:0 31067
30045 59119 1:0 31075
30065 59118 1:0 31074
30066 337 1:0 32415
30160 59117 1:0 31085
31265 62001 21:0 31273
31272 62003 0:0 31273
31272 62002 21:0 31339
31337 62004 0:0 31339
31341 62034 21:0 31349
31348 62035 0:0 31349
31348 62036 21:0 31415
31413 62037 0:0 31415
31417 62067 21:0 31425
31424 62068 0:0 31425
31424 62069 21:0 31491
31489 62070 0:0 31491
31493 62100 21:0 31501
31500 62102 0:0 31501
31500 62101 21:0 31567
31565 62103 0:0 31567
31569 62133 21:0 31577
31576 62134 0:0 31577
31576 62135 21:0 31643
31641 62136 0:0 31643
31645 62166 21:0 31653
31652 62168 0:0 31653
31652 62167 21:0 31719
31717 62169 0:0 31719
31721 62199 21:0 31729
31728 62201 0:0 31729
31728 62200 21:0 31795
31793 62202 0:0 31795
31797 62232 21:0 31805
31804 62234 0:0 31805
31804 62233 21:0 31871
31869 62235 0:0 31871
31873 62265 21:0 31881
31880 62266 0:0 31881
31880 62267 0:0 31881
31881 62268 21:0 31947
31949 62298 0:0 31952
31954 62299 21:0 32012
31956 62300 0:0 31957
32011 62301 0:0 32023
32025 62331 0:0 32028
32030 62333 21:0 32088
32032 62332 0:0 32033
32087 62334 0:0 32099
32101 62364 21:0 32109
32106 62366 0:0 32109
32106 62365 0:0 32109
32109 62367 21:0 32175
32177 62397 21:0 32185
32184 62398 0:0 32185
32184 62399 21:0 32251
32249 62400 0:0 32251
32253 62430 21:0 32261
32260 62431 0:0 32261
32260 62432 21:0 32327
32427 61023 1:0 32556
32428 60991 1:0 32679
32437 60989 1:0 32686
32437 60958 1:0 32810
32443 60957 1:0 32818
32456 337 21:0 32470
32464 60956 1:0 32817
32558 60955 1:0 32828
32559 60925 1:0 32941
32559 60924 1:0 32949
32568 60923 1:0 32948
32568 60922 1:0 32959
32576 60892 1:0 33072
32595 60890 1:0 33079
32689 60891 1:0 33080
32690 60889 1:0 33090
32690 60859 1:0 33203
32699 60857 1:0 33210
32699 60858 1:0 33211
32707 60856 1:0 33221
32726 60826 1:0 33334
32820 60824 1:0 33341
32821 60825 1:0 33342
32830 60823 1:0 33352
32830 60793 1:0 33465
32836 60792 1:0 33473
32840 60791 1:0 33472
32869 60790 1:0 33483
32951 60760 1:0 33596
32952 60758 1:0 33603
32961 60759 1:0 33604
32961 60757 1:0 33614
32967 60727 1:0 33727
32972 60725 1:0 33734
33000 60726 1:0 33735
33082 60724 1:0 33745
33083 60694 1:0 33858
33092 60692 1:0 33865
33092 60693 1:0 33866
33098 60691 1:0 33876
33103 60661 1:0 33989
33131 60659 1:0 33996
33213 60660 1:0 33997
33214 60658 1:0 34007
33223 60628 1:0 34120
33223 60627 1:0 34128
33229 60626 1:0 34127
33249 60625 1:0 34138
33262 60595 1:0 34251
33344 60593 1:0 34258
33345 60594 1:0 34259
33354 60592 1:0 34269
33354 60562 1:0 34382
33360 60560 1:0 34389
33380 60561 1:0 34390
33381 338 1:0 35730
33475 60559 1:0 34400
33476 62432 1:0 36002
34580 63443 21:0 34588
34587 63445 0:0 34588
34587 63444 21:0 34654
34652 63446 0:0 34654
34656 63476 21:0 34664
34663 63477 0:0 34664
34663 63478 21:0 34730
34728 63479 0:0 34730
34732 63509 21:0 34740
34739 63511 0:0 34740
34739 63510 21:0 34806
34804 63512 0:0 34806
34808 63542 21:0 34816
34815 63544 0:0 34816
34815 63543 21:0 34882
34880 63545 0:0 34882
34884 63575 21:0 34892
34891 63576 0:0 34892
34891 63577 21:0 34958
34956 63578 0:0 34958
34960 63608 21:0 34968
34967 63610 0:0 34968
34967 63609 21:0 35034
35032 63611 0:0 35034
35036 63641 21:0 35044
35043 63642 0:0 35044
35043 63643 21:0 35110
35108 63644 0:0 35110
35112 63674 21:0 35120
35119 63675 0:0 35120
35119 63676 21:0 35186
35184 63677 0:0 35186
35188 63707 21:0 35196
35195 63708 0:0 35196
35195 63709 0:0 35196
35196 63710 21:0 35262
35264 63740 21:0 35272
35271 63741 0:0 35272
35271 63742 0:0 35272
35272 63743 21:0 35338
35340 63773 0:0 35343
35345 63775 21:0 35403
35347 63774 0:0 35348
35402 63776 0:0 35414
35416 63806 21:0 35424
35423 63807 0:0 35424
35423 63808 0:0 35424
35424 63809 21:0 35490
35492 63839 21:0 35500
35499 63841 0:0 35500
35499 63840 21:0 35566
35564 63842 0:0 35566
35568 63872 21:0 35576
35573 63874 0:0 35576
35573 63873 0:0 35576
35576 63875 21:0 35642
35742 62431 1:0 36001
35743 62430 1:0 36012
35752 62400 1:0 36125
35752 62399 1:0 36133
35758 62398 1:0 36132
35771 338 21:0 35785
35779 62397 1:0 36143
35873 62367 1:0 36256
35874 62365 1:0 36263
35874 62366 1:0 36264
35883 62364 1:0 36274
35883 62334 1:0 36387
35891 62333 1:0 36395
35910 62332 1:0 36394
36004 62331 1:0 36405
36005 62301 1:0 36518
36005 62299 1:0 36525
36014 62300 1:0 36526
36014 62298 1:0 36536
36022 62268 1:0 36649
36041 62267 1:0 36657
36135 62266 1:0 36656
36136 62265 1:0 36667
36145 62235 1:0 36780
36145 62233 1:0 36787
36151 62234 1:0 36788
36155 62232 1:0 36798
36184 62202 1:0 36911
36266 62200 1:0 36918
36267 62201 1:0 36919
36276 62199 1:0 36929
36276 62169 1:0 37042
36282 62167 1:0 37049
36287 62168 1:0 37050
36315 62166 1:0 37060
36397 62136 1:0 37173
36398 62135 1:0 37181
36407 62134 1:0 37180
36407 62133 1:0 37191
36413 62103 1:0 37304
36418 62101 1:0 37311
36446 62102 1:0 37312
36528 62100 1:0 37322
36529 62070 1:0 37435
36538 62068 1:0 37442
36538 62069 1:0 37443
36544 62067 1:0 37453
36564 62037 1:0 37566
36577 62036 1:0 37574
36659 62035 1:0 37573
36660 62034 1:0 37584
36669 62004 1:0 37697
36669 62002 1:0 37704
36675 62003 1:0 37705
36695 62001 1:0 37715
36696 339 1:0 39045
36790 63875 1:0 39309
36791 63874 1:0 39317
36800 63873 1:0 39316
37895 64885 21:0 37903
37902 64887 0:0 37903
37902 64886 21:0 37969
37967 64888 0:0 37969
37971 64918 21:0 37979
37978 64920 0:0 37979
37978 64919 21:0 38045
38043 64921 0:0 38045
38047 64951 21:0 38055
38054 64952 0:0 38055
38054 64953 21:0 38121
38119 64954 0:0 38121
38123 64984 21:0 38131
38130 64985 0:0 38131
38130 64986 21:0 38197
38195 64987 0:0 38197
38199 65017 21:0 38207
38206 65019 0:0 38207
38206 65018 21:0 38273
38271 65020 0:0 38273
38275 65050 21:0 38283
38282 65052 0:0 38283
38282 65051 21:0 38349
38347 65053 0:0 38349
38351 65083 21:0 38359
38358 65085 0:0 38359
38358 65084 21:0 38425
38423 65086 0:0 38425
38427 65116 21:0 38435
38434 65118 0:0 38435
38434 65117 21:0 38501
38499 65119 0:0 38501
38503 65149 0:0 38506
38508 65151 21:0 38566
38510 65150 0:0 38511
38565 65152 0:0 38577
38579 65182 21:0 38587
38584 65183 0:0 38587
38586 65184 0:0 38587
38587 65185 21:0 38653
38655 65215 21:0 38663
38662 65216 0:0 38663
38662 65217 21:0 38729
38727 65218 0:0 38729
38731 65248 0:0 38734
38736 65250 21:0 38794
38738 65249 0:0 38739
38793 65251 0:0 38805
38807 65281 21:0 38815
38814 65283 0:0 38815
38814 65282 21:0 38881
38879 65284 0:0 38881
38883 65314 0:0 38886
38888 65315 21:0 38946
38890 65316 0:0 38891
38945 65317 0:0 38957
38959 65347 21:0 38967
39057 63872 1:0 39327
39058 63842 1:0 39440
39067 63840 1:0 39447
39067 63841 1:0 39448
39073 63839 1:0 39458
39086 339 21:0 39100
39094 63809 1:0 39571
39188 63808 1:0 39579
39189 63807 1:0 39578
39189 63806 1:0 39589
39198 63776 1:0 39702
39198 63775 1:0 39710
39206 63774 1:0 39709
39225 63773 1:0 39720
39319 63743 1:0 39833
39320 63741 1:0 39840
39320 63742 1:0 39841
39329 63740 1:0 39851
39329 63710 1:0 39964
39337 63709 1:0 39972
39356 63708 1:0 39971
39450 63707 1:0 39982
39451 63677 1:0 40095
39460 63675 1:0 40102
39460 63676 1:0 40103
39466 63674 1:0 40113
39470 63644 1:0 40226
39499 63643 1:0 40234
39581 63642 1:0 40233
39582 63641 1:0 40244
39591 63611 1:0 40357
39591 63609 1:0 40364
39597 63610 1:0 40365
39602 63608 1:0 40375
39630 63578 1:0 40488
39712 63577 1:0 40496
39713 63576 1:0 40495
39722 63575 1:0 40506
39722 63545 1:0 40619
39728 63543 1:0 40626
39733 63544 1:0 40627
39761 63542 1:0 40637
39843 63512 1:0 40750
39844 63510 1:0 40757
39853 63511 1:0 40758
39853 63509 1:0 40768
39859 63479 1:0 40881
39879 63478 1:0 40889
39892 63477 1:0 40888
39974 63476 1:0 40899
39975 63446 1:0 41012
39984 63444 1:0 41019
39984 63445 1:0 41020
39990 63443 1:0 41030
39992 340 1:0 42360
40011 65347 1:0 42511
41210 66327 21:0 41218
41217 66329 0:0 41218
41217 66328 21:0 41284
41282 66330 0:0 41284
41286 66360 21:0 41294
41293 66361 0:0 41294
41293 66362 21:0 41360
41358 66363 0:0 41360
41362 66393 21:0 41370
41369 66394 0:0 41370
41369 66395 21:0 41436
41434 66396 0:0 41436
41438 66426 21:0 41446
41445 66427 0:0 41446
41445 66428 21:0 41512
41510 66429 0:0 41512
41514 66459 21:0 41522
41521 66460 0:0 41522
41521 66461 21:0 41588
41586 66462 0:0 41588
41590 66492 21:0 41598
41597 66494 0:0 41598
41597 66493 21:0 41664
41662 66495 0:0 41664
41666 66525 21:0 41674
41673 66527 0:0 41674
41673 66526 21:0 41740
41738 66528 0:0 41740
41742 66558 21:0 41750
41749 66559 0:0 41750
41749 66560 21:0 41816
41814 66561 0:0 41816
41818 66591 21:0 41826
41825 66592 0:0 41826
41825 66593 21:0 41892
41890 66594 0:0 41892
41894 66624 21:0 41902
41899 66626 0:0 41902
41899 66625 0:0 41902
41902 66627 21:0 41968
41970 66657 21:0 41978
41975 66659 0:0 41978
41977 66658 0:0 41978
41978 66660 21:0 42044
42046 66690 21:0 42054
42053 66692 0:0 42054
42053 66691 21:0 42120
42118 66693 0:0 42120
42122 66723 21:0 42130
42129 66724 0:0 42130
42129 66725 21:0 42196
42194 66726 0:0 42196
42198 66756 21:0 42206
42205 66757 21:0 42272
42372 65317 1:0 42624
42373 65315 1:0 42631
42382 65316 1:0 42632
42382 65314 1:0 42642
42388 65284 1:0 42755
42401 340 21:0 42415
42409 65282 1:0 42762
42503 65283 1:0 42763
42504 65281 1:0 42773
42504 65251 1:0 42886
42513 65249 1:0 42893
42513 65250 1:0 42894
42521 65248 1:0 42904
42540 65218 1:0 43017
42634 65217 1:0 43025
42635 65216 1:0 43024
42635 65215 1:0 43035
42644 65185 1:0 43148
42644 65183 1:0 43155
42652 65184 1:0 43156
42671 65182 1:0 43166
42765 65152 1:0 43279
42766 65151 1:0 43287
42775 65150 1:0 43286
42775 65149 1:0 43297
42781 65119 1:0 43410
42785 65117 1:0 43417
42814 65118 1:0 43418
42896 65116 1:0 43428
42897 65086 1:0 43541
42906 65084 1:0 43548
42906 65085 1:0 43549
42912 65083 1:0 43559
42917 65053 1:0 43672
42945 65051 1:0 43679
43027 65052 1:0 43680
43028 65050 1:0 43690
43037 65020 1:0 43803
43037 65018 1:0 43810
43043 65019 1:0 43811
43048 65017 1:0 43821
43076 64987 1:0 43934
43158 64986 1:0 43942
43159 64985 1:0 43941
43168 64984 1:0 43952
43168 64954 1:0 44065
43174 64953 1:0 44073
43194 64952 1:0 44072
43207 64951 1:0 44083
43289 64921 1:0 44196
43290 64919 1:0 44203
43299 64920 1:0 44204
43299 64918 1:0 44214
43305 64888 1:0 44327
43325 64886 1:0 44334
43326 341 1:0 45675
43420 64887 1:0 44335
43421 64885 1:0 44345
44525 67769 21:0 44533
44532 67771 0:0 44533
44532 67770 21:0 44599
44597 67772 0:0 44599
44601 67802 21:0 44609
44608 67803 0:0 44609
44608 67804 21:0 44675
44673 67805 0:0 44675
44677 67835 21:0 44685
44684 67836 0:0 44685
44684 67837 21:0 44751
44749 67838 0:0 44751
44753 67868 21:0 44761
44760 67869 0:0 44761
44760 67870 21:0 44827
44825 67871 0:0 44827
44829 67901 21:0 44837
44836 67903 0:0 44837
44836 67902 21:0 44903
44901 67904 0:0 44903
44905 67934 21:0 44913
44912 67936 0:0 44913
44912 67935 21:0 44979
44977 67937 0:0 44979
44981 67967 21:0 44989
44988 67968 0:0 44989
44988 67969 21:0 45055
45053 67970 0:0 45055
45057 68000 21:0 45065
45064 68001 0:0 45065
45064 68002 21:0 45131
45129 68003 0:0 45131
45133 68033 21:0 45141
45140 68035 0:0 45141
45140 68034 21:0 45207
45205 68036 0:0 45207
45209 68066 21:0 45217
45216 68068 0:0 45217
45216 68067 21:0 45283
45281 68069 0:0 45283
45285 68099 0:0 45288
45290 68101 21:0 45348
45292 68100 0:0 45293
45347 68102 0:0 45359
45361 68132 21:0 45369
45368 68134 0:0 45369
45368 68133 21:0 45435
45433 68135 0:0 45435
45437 68165 0:0 45440
45442 68166 21:0 45500
45444 68167 0:0 45445
45499 68168 0:0 45511
45513 68198 21:0 45521
45520 68199 0:0 45521
45520 68200 21:0 45587
45585 68201 0:0 45587
45687 66757 1:0 45946
45688 66756 1:0 45957
45697 66726 1:0 46070
45697 66725 1:0 46078
45703 66724 1:0 46077
45716 341 21:0 45730
45724 66723 1:0 46088
45818 66693 1:0 46201
45819 66691 1:0 46208
45819 66692 1:0 46209
45828 66690 1:0 46219
45828 66660 1:0 46332
45836 66659 1:0 46340
45855 66658 1:0 46339
45949 66657 1:0 46350
45950 66627 1:0 46463
45950 66626 1:0 46471
45959 66625 1:0 46470
45959 66624 1:0 46481
45967 66594 1:0 46594
45986 66593 1:0 46602
46080 66592 1:0 46601
46081 66591 1:0 46612
46090 66561 1:0 46725
46090 66560 1:0 46733
46096 66559 1:0 46732
46100 66558 1:0 46743
46129 66528 1:0 46856
46211 66526 1:0 46863
46212 66527 1:0 46864
46221 66525 1:0 46874
46221 66495 1:0 46987
46227 66493 1:0 46994
46232 66494 1:0 46995
46260 66492 1:0 47005
46342 66462 1:0 47118
46343 66461 1:0 47126
46352 66460 1:0 47125
46352 66459 1:0 47136
46358 66429 1:0 47249
46363 66428 1:0 47257
46391 66427 1:0 47256
46473 66426 1:0 47267
46474 66396 1:0 47380
46483 66394 1:0 47387
46483 66395 1:0 47388
46489 66393 1:0 47398
46509 66363 1:0 47511
46522 66362 1:0 47519
46604 66361 1:0 47518
46605 66360 1:0 47529
46614 66330 1:0 47642
46614 66328 1:0 47649
46620 66329 1:0 47650
46640 66327 1:0 47660
46641 342 1:0 48990
47840 69211 21:0 47848
47847 69213 0:0 47848
47847 69212 21:0 47914
47912 69214 0:0 47914
47916 69244 21:0 47924
47923 69246 0:0 47924
47923 69245 21:0 47990
47988 69247 0:0 47990
47992 69277 21:0 48000
47999 69279 0:0 48000
47999 69278 21:0 48066
48064 69280 0:0 48066
48068 69310 21:0 48076
48075 69312 0:0 48076
48075 69311 21:0 48142
48140 69313 0:0 48142
48144 69343 21:0 48152
48151 69345 0:0 48152
48151 69344 21:0 48218
48216 69346 0:0 48218
48220 69376 21:0 48228
48227 69378 0:0 48228
48227 69377 21:0 48294
48292 69379 0:0 48294
48296 69409 21:0 48304
48303 69411 0:0 48304
48303 69410 21:0 48370
48368 69412 0:0 48370
48372 69442 21:0 48380
48379 69443 0:0 48380
48379 69444 21:0 48446
48444 69445 0:0 48446
48448 69475 21:0 48456
48455 69476 0:0 48456
48455 69477 21:0 48522
48520 69478 0:0 48522
48524 69508 21:0 48532
48531 69510 0:0 48532
48531 69509 21:0 48598
48596 69511 0:0 48598
48600 69541 0:0 48603
48605 69542 21:0 48663
48607 69543 0:0 48608
48662 69544 0:0 48674
48676 69574 0:0 48679
48681 69576 21:0 48739
48683 69575 0:0 48684
48738 69577 0:0 48750
48752 69607 21:0 48760
48759 69609 21:0 48826
48833 69641 21:0 48891
48835 69642 0:0 48836
48909 69674 21:0 48967
48966 69676 0:0 48978
49002 68201 1:0 49254
49003 68200 1:0 49262
49012 68199 1:0 49261
49012 68198 1:0 49272
49018 68168 1:0 49385
49031 342 21:0 49045
49039 68166 1:0 49392
49133 68167 1:0 49393
49134 68165 1:0 49403
49134 68135 1:0 49516
49143 68133 1:0 49523
49143 68134 1:0 49524
49151 68132 1:0 49534
49170 68102 1:0 49647
49264 68101 1:0 49655
49265 68100 1:0 49654
49265 68099 1:0 49665
49274 68069 1:0 49778
49274 68067 1:0 49785
49282 68068 1:0 49786
49301 68066 1:0 49796
49395 68036 1:0 49909
49396 68034 1:0 49916
49405 68035 1:0 49917
49405 68033 1:0 49927
49411 68003 1:0 50040
49415 68002 1:0 50048
49444 68001 1:0 50047
49526 68000 1:0 50058
49527 67970 1:0 50171
49536 67968 1:0 50178
49536 67969 1:0 50179
49542 67967 1:0 50189
49547 67937 1:0 50302
49575 67935 1:0 50309
49657 67936 1:0 50310
49658 67934 1:0 50320
49667 67904 1:0 50433
49667 67902 1:0 50440
49673 67903 1:0 50441
49678 67901 1:0 50451
49706 67871 1:0 50564
49788 67870 1:0 50572
49789 67869 1:0 50571
49798 67868 1:0 50582
49798 67838 1:0 50695
49804 67837 1:0 50703
49824 67836 1:0 50702
49837 67835 1:0 50713
49919 67805 1:0 50826
49920 67804 1:0 50834
49929 67803 1:0 50833
49929 67802 1:0 50844
49935 67772 1:0 50957
49955 67770 1:0 50964
49956 343 1:0 52305
50050 67771 1:0 50965
50051 67769 1:0 50975
50060 69676 1:0 52438
51155 70653 21:0 51163
51162 70655 0:0 51163
51162 70654 21:0 51229
51227 70656 0:0 51229
51231 70686 21:0 51239
51238 70687 0:0 51239
51238 70688 21:0 51305
51303 70689 0:0 51305
51307 70719 21:0 51315
51314 70720 0:0 51315
51314 70721 21:0 51381
51379 70722 0:0 51381
51383 70752 21:0 51391
51390 70754 0:0 51391
51390 70753 21:0 51457
51455 70755 0:0 51457
51459 70785 21:0 51467
51466 70786 0:0 51467
51466 70787 21:0 51533
51531 70788 0:0 51533
51535 70818 21:0 51543
51542 70820 0:0 51543
51542 70819 21:0 51609
51607 70821 0:0 51609
51611 70851 21:0 51619
51618 70852 0:0 51619
51618 70853 21:0 51685
51683 70854 0:0 51685
51687 70884 21:0 51695
51694 70886 0:0 51695
51694 70885 21:0 51761
51759 70887 0:0 51761
51763 70917 21:0 51771
51770 70919 0:0 51771
51770 70918 21:0 51837
51835 70920 0:0 51837
51839 70950 21:0 51847
51846 70952 0:0 51847
51846 70951 21:0 51913
51911 70953 0:0 51913
51915 70983 21:0 51923
51922 70984 0:0 51923
51922 70985 21:0 51989
51987 70986 0:0 51989
51991 71016 0:0 51994
51996 71018 21:0 52054
51998 71017 0:0 51999
52053 71019 0:0 52065
52067 71049 21:0 52075
52074 71050 0:0 52075
52074 71051 21:0 52141
52139 71052 0:0 52141
52143 71082 0:0 52146
52148 71084 21:0 52206
52150 71083 0:0 52151
52205 71085 0:0 52217
52219 71115 21:0 52227
52317 69674 1:0 52445
52318 69641 1:0 52576
52327 69642 1:0 52577
52327 69609 1:0 52708
52333 69607 1:0 52718
52346 343 21:0 52360
52354 69577 1:0 52831
52448 69576 1:0 52839
52449 69575 1:0 52838
52449 69574 1:0 52849
52458 69544 1:0 52962
52458 69542 1:0 52969
52466 69543 1:0 52970
52485 69541 1:0 52980
52579 69511 1:0 53093
52580 69509 1:0 53100
52580 69510 1:0 53101
52589 69508 1:0 53111
52589 69478 1:0 53224
52597 69477 1:0 53232
52616 69476 1:0 53231
52710 69475 1:0 53242
52711 69445 1:0 53355
52720 69443 1:0 53362
52720 69444 1:0 53363
52726 69442 1:0 53373
52730 69412 1:0 53486
52759 69410 1:0 53493
52841 69411 1:0 53494
52842 69409 1:0 53504
52851 69379 1:0 53617
52851 69377 1:0 53624
52857 69378 1:0 53625
52862 69376 1:0 53635
52890 69346 1:0 53748
52972 69344 1:0 53755
52973 69345 1:0 53756
52982 69343 1:0 53766
52982 69313 1:0 53879
52988 69311 1:0 53886
52993 69312 1:0 53887
53021 69310 1:0 53897
53103 69280 1:0 54010
53104 69278 1:0 54017
53113 69279 1:0 54018
53113 69277 1:0 54028
53119 69247 1:0 54141
53139 69245 1:0 54148
53152 69246 1:0 54149
53234 69244 1:0 54159
53235 69214 1:0 54272
53244 69212 1:0 54279
53244 69213 1:0 54280
53250 69211 1:0 54290
53252 344 1:0 55620
53271 71115 1:0 55771
53365 71085 1:0 55884
53366 71084 1:0 55892
53375 71083 1:0 55891
54470 72095 21:0 54478
54477 72097 0:0 54478
54477 72096 21:0 54544
54542 72098 0:0 54544
54546 72128 21:0 54554
54553 72129 0:0 54554
54553 72130 21:0 54620
54618 72131 0:0 54620
54622 72161 21:0 54630
54629 72162 0:0 54630
54629 72163 21:0 54696
54694 72164 0:0 54696
54698 72194 21:0 54706
54705 72195 0:0 54706
54705 72196 21:0 54772
54770 72197 0:0 54772
54774 72227 21:0 54782
54781 72228 0:0 54782
54781 72229 21:0 54848
54846 72230 0:0 54848
54850 72260 21:0 54858
54857 72261 0:0 54858
54857 72262 21:0 54924
54922 72263 0:0 54924
54926 72293 21:0 54934
54933 72295 0:0 54934
54933 72294 21:0 55000
54998 72296 0:0 55000
55002 72326 21:0 55010
55009 72328 0:0 55010
55009 72327 21:0 55076
55074 72329 0:0 55076
55078 72359 0:0 55081
55083 72360 21:0 55141
55085 72361 0:0 55086
55140 72362 0:0 55152
55154 72392 21:0 55162
55161 72393 0:0 55162
55161 72394 21:0 55228
55226 72395 0:0 55228
55230 72425 21:0 55238
55237 72426 0:0 55238
55237 72427 21:0 55304
55302 72428 0:0 55304
55306 72458 0:0 55309
55311 72460 21:0 55369
55313 72459 0:0 55314
55368 72461 0:0 55380
55382 72491 21:0 55390
55389 72493 0:0 55390
55389 72492 21:0 55456
55454 72494 0:0 55456
55458 72524 0:0 55461
55463 72525 21:0 55521
55465 72526 0:0 55466
55520 72527 0:0 55532
55534 72557 21:0 55542
55632 71082 1:0 55902
55633 71052 1:0 56015
55642 71050 1:0 56022
55642 71051 1:0 56023
55648 71049 1:0 56033
55661 344 21:0 55675
55669 71019 1:0 56146
55763 71018 1:0 56154
55764 71017 1:0 56153
55764 71016 1:0 56164
55773 70986 1:0 56277
55773 70985 1:0 56285
55781 70984 1:0 56284
55800 70983 1:0 56295
55894 70953 1:0 56408
55895 70951 1:0 56415
55895 70952 1:0 56416
55904 70950 1:0 56426
55904 70920 1:0 56539
55912 70918 1:0 56546
55931 70919 1:0 56547
56025 70917 1:0 56557
56026 70887 1:0 56670
56035 70885 1:0 56677
56035 70886 1:0 56678
56041 70884 1:0 56688
56045 70854 1:0 56801
56074 70853 1:0 56809
56156 70852 1:0 56808
56157 70851 1:0 56819
56166 70821 1:0 56932
56166 70819 1:0 56939
56172 70820 1:0 56940
56177 70818 1:0 56950
56205 70788 1:0 57063
56287 70787 1:0 57071
56288 70786 1:0 57070
56297 70785 1:0 57081
56297 70755 1:0 57194
56303 70753 1:0 57201
56308 70754 1:0 57202
56336 70752 1:0 57212
56418 70722 1:0 57325
56419 70721 1:0 57333
56428 70720 1:0 57332
56428 70719 1:0 57343
56434 70689 1:0 57456
56454 70688 1:0 57464
56467 70687 1:0 57463
56549 70686 1:0 57474
56550 70656 1:0 57587
56559 70654 1:0 57594
56559 70655 1:0 57595
56565 70653 1:0 57605
56567 345 1:0 58935
57785 73537 21:0 57793
57792 73539 0:0 57793
57792 73538 21:0 57859
57857 73540 0:0 57859
57861 73570 21:0 57869
57868 73571 0:0 57869
57868 73572 21:0 57935
57933 73573 0:0 57935
57937 73603 21:0 57945
57944 73605 0:0 57945
57944 73604 21:0 58011
58009 73606 0:0 58011
58013 73636 21:0 58021
58020 73638 0:0 58021
58020 73637 21:0 58087
58085 73639 0:0 58087
58089 73669 21:0 58097
58096 73670 0:0 58097
58096 73671 21:0 58163
58161 73672 0:0 58163
58165 73702 21:0 58173
58172 73704 0:0 58173
58172 73703 21:0 58239
58237 73705 0:0 58239
58241 73735 21:0 58249
58248 73736 0:0 58249
58248 73737 21:0 58315
58313 73738 0:0 58315
58317 73768 21:0 58325
58324 73769 0:0 58325
58324 73770 21:0 58391
58389 73771 0:0 58391
58393 73801 21:0 58401
58400 73803 0:0 58401
58400 73802 21:0 58467
58465 73804 0:0 58467
58469 73834 0:0 58472
58474 73836 21:0 58532
58476 73835 0:0 58477
58531 73837 0:0 58543
58545 73867 21:0 58553
58552 73868 0:0 58553
58552 73869 21:0 58619
58617 73870 0:0 58619
58621 73900 0:0 58624
58626 73902 21:0 58684
58628 73901 0:0 58629
58683 73903 0:0 58695
58697 73933 0:0 58700
58702 73935 21:0 58760
58704 73934 0:0 58705
58759 73936 0:0 58771
58857 74002 21:0 58923
58947 72557 1:0 59086
58948 72527 1:0 59199
58957 72525 1:0 59206
58957 72526 1:0 59207
58963 72524 1:0 59217
58976 345 21:0 58990
58984 72494 1:0 59330
59078 72492 1:0 59337
59079 72493 1:0 59338
59079 72491 1:0 59348
59088 72461 1:0 59461
59088 72460 1:0 59469
59096 72459 1:0 59468
59115 72458 1:0 59479
59209 72428 1:0 59592
59210 72426 1:0 59599
59210 72427 1:0 59600
59219 72425 1:0 59610
59219 72395 1:0 59723
59227 72394 1:0 59731
59246 72393 1:0 59730
59340 72392 1:0 59741
59341 72362 1:0 59854
59350 72360 1:0 59861
59350 72361 1:0 59862
59356 72359 1:0 59872
59360 72329 1:0 59985
59389 72327 1:0 59992
59471 72328 1:0 59993
59472 72326 1:0 60003
59481 72296 1:0 60116
59481 72294 1:0 60123
59487 72295 1:0 60124
59492 72293 1:0 60134
59520 72263 1:0 60247
59602 72262 1:0 60255
59603 72261 1:0 60254
59612 72260 1:0 60265
59612 72230 1:0 60378
59618 72229 1:0 60386
59623 72228 1:0 60385
59651 72227 1:0 60396
59733 72197 1:0 60509
59734 72196 1:0 60517
59743 72195 1:0 60516
59743 72194 1:0 60527
59749 72164 1:0 60640
59769 72163 1:0 60648
59782 72162 1:0 60647
59864 72161 1:0 60658
59865 72131 1:0 60771
59874 72129 1:0 60778
59874 72130 1:0 60779
59880 72128 1:0 60789
59900 72098 1:0 60902
59995 72096 1:0 60909
59996 72097 1:0 60910
59996 72095 1:0 60920
60005 74002 1:0 62383
60005 346 1:0 62250
61100 74979 21:0 61108
61107 74981 0:0 61108
61107 74980 21:0 61174
61172 74982 0:0 61174
61176 75012 21:0 61184
61183 75014 0:0 61184
61183 75013 21:0 61250
61248 75015 0:0 61250
61252 75045 21:0 61260
61259 75047 0:0 61260
61259 75046 21:0 61326
61324 75048 0:0 61326
61328 75078 21:0 61336
61335 75079 0:0 61336
61335 75080 21:0 61402
61400 75081 0:0 61402
61404 75111 21:0 61412
61411 75113 0:0 61412
61411 75112 21:0 61478
61476 75114 0:0 61478
61480 75144 21:0 61488
61487 75146 0:0 61488
61487 75145 21:0 61554
61552 75147 0:0 61554
61556 75177 21:0 61564
61563 75178 0:0 61564
61563 75179 21:0 61630
61628 75180 0:0 61630
61632 75210 21:0 61640
61639 75212 0:0 61640
61639 75211 21:0 61706
61704 75213 0:0 61706
61708 75243 0:0 61711
61713 75245 21:0 61771
61715 75244 0:0 61716
61770 75246 0:0 61782
61784 75276 21:0 61792
61791 75278 0:0 61792
61791 75277 0:0 61792
61792 75279 21:0 61858
61860 75309 0:0 61863
61865 75311 21:0 61923
61867 75310 0:0 61868
61922 75312 0:0 61934
61936 75342 21:0 61944
61943 75343 0:0 61944
61943 75344 21:0 62010
62008 75345 0:0 62010
62012 75375 0:0 62015
62017 75376 21:0 62075
62019 75377 0:0 62020
62074 75378 0:0 62086
62088 75408 21:0 62096
62095 75409 0:0 62096
62095 75410 21:0 62162
62160 75411 0:0 62162
62164 75441 21:0 62172
62171 75442 21:0 62238
62262 73936 1:0 62645
62263 73935 1:0 62653
62272 73934 1:0 62652
62272 73933 1:0 62663
62278 73903 1:0 62776
62291 346 21:0 62305
62299 73902 1:0 62784
62393 73901 1:0 62783
62394 73900 1:0 62794
62394 73870 1:0 62907
62403 73868 1:0 62914
62403 73869 1:0 62915
62411 73867 1:0 62925
62430 73837 1:0 63038
62524 73836 1:0 63046
62525 73835 1:0 63045
62525 73834 1:0 63056
62534 73804 1:0 63169
62534 73802 1:0 63176
62542 73803 1:0 63177
62561 73801 1:0 63187
62655 73771 1:0 63300
62656 73770 1:0 63308
62665 73769 1:0 63307
62665 73768 1:0 63318
62671 73738 1:0 63431
62675 73737 1:0 63439
62704 73736 1:0 63438
62786 73735 1:0 63449
62787 73705 1:0 63562
62796 73703 1:0 63569
62796 73704 1:0 63570
62802 73702 1:0 63580
62807 73672 1:0 63693
62835 73671 1:0 63701
62917 73670 1:0 63700
62918 73669 1:0 63711
62927 73639 1:0 63824
62927 73637 1:0 63831
62933 73638 1:0 63832
62938 73636 1:0 63842
62966 73606 1:0 63955
63048 73604 1:0 63962
63049 73605 1:0 63963
63058 73603 1:0 63973
63058 73573 1:0 64086
63064 73572 1:0 64094
63084 73571 1:0 64093
63097 73570 1:0 64104
63179 73540 1:0 64217
63180 73538 1:0 64224
63180 347 1:0 65565
63189 73539 1:0 64225
63189 73537 1:0 64235
63197 75442 1:0 65705
63216 75441 1:0 65716
63310 75411 1:0 65829
63311 75410 1:0 65837
64415 76421 21:0 64423
64422 76423 0:0 64423
64422 76422 21:0 64489
64487 76424 0:0 64489
64491 76454 21:0 64499
64498 76456 0:0 64499
64498 76455 21:0 64565
64563 76457 0:0 64565
64567 76487 21:0 64575
64574 76489 0:0 64575
64574 76488 21:0 64641
64639 76490 0:0 64641
64643 76520 21:0 64651
64650 76522 0:0 64651
64650 76521 21:0 64717
64715 76523 0:0 64717
64719 76553 21:0 64727
64726 76554 0:0 64727
64726 76555 21:0 64793
64791 76556 0:0 64793
64795 76586 21:0 64803
64802 76587 0:0 64803
64802 76588 21:0 64869
64867 76589 0:0 64869
64871 76619 21:0 64879
64878 76621 0:0 64879
64878 76620 21:0 64945
64943 76622 0:0 64945
64947 76652 21:0 64955
64954 76653 0:0 64955
64954 76654 21:0 65021
65019 76655 0:0 65021
65023 76685 0:0 65026
65028 76687 21:0 65086
65030 76686 0:0 65031
65085 76688 0:0 65097
65099 76718 0:0 65102
65104 76719 21:0 65162
65106 76720 0:0 65107
65161 76721 0:0 65173
65175 76751 21:0 65183
65182 76752 0:0 65183
65182 76753 21:0 65249
65247 76754 0:0 65249
65251 76784 21:0 65259
65258 76785 0:0 65259
65258 76786 21:0 65325
65323 76787 0:0 65325
65327 76817 0:0 65330
65332 76818 21:0 65390
65334 76819 0:0 65335
65389 76820 0:0 65401
65403 76850 21:0 65411
65408 76851 0:0 65411
65408 76852 0:0 65411
65411 76853 21:0 65477
65577 75409 1:0 65836
65578 75408 1:0 65847
65587 75378 1:0 65960
65587 75376 1:0 65967
65593 75377 1:0 65968
65606 347 21:0 65620
65614 75375 1:0 65978
65708 75345 1:0 66091
65709 75343 1:0 66098
65709 75344 1:0 66099
65718 75342 1:0 66109
65718 75312 1:0 66222
65726 75311 1:0 66230
65745 75310 1:0 66229
65839 75309 1:0 66240
65840 75279 1:0 66353
65840 75277 1:0 66360
65849 75278 1:0 66361
65849 75276 1:0 66371
65857 75246 1:0 66484
65876 75245 1:0 66492
65970 75244 1:0 66491
65971 75243 1:0 66502
65980 75213 1:0 66615
65980 75211 1:0 66622
65986 75212 1:0 66623
65990 75210 1:0 66633
66019 75180 1:0 66746
66101 75179 1:0 66754
66102 75178 1:0 66753
66111 75177 1:0 66764
66111 75147 1:0 66877
66117 75145 1:0 66884
66122 75146 1:0 66885
66150 75144 1:0 66895
66232 75114 1:0 67008
66233 75112 1:0 67015
66242 75113 1:0 67016
66242 75111 1:0 67026
66248 75081 1:0 67139
66253 75080 1:0 67147
66281 75079 1:0 67146
66363 75078 1:0 67157
66364 75048 1:0 67270
66373 75046 1:0 67277
66373 75047 1:0 67278
66379 75045 1:0 67288
66399 75015 1:0 67401
66412 75013 1:0 67408
66494 75014 1:0 67409
66495 75012 1:0 67419
66504 74982 1:0 67532
66504 74980 1:0 67539
66510 74981 1:0 67540
66530 74979 1:0 67550
66531 348 1:0 68880
66625 76853 1:0 69144
67730 77863 21:0 67738
67737 77865 0:0 67738
67737 77864 21:0 67804
67802 77866 0:0 67804
67806 77896 21:0 67814
67813 77897 0:0 67814
67813 77898 21:0 67880
67878 77899 0:0 67880
67882 77929 21:0 67890
67889 77931 0:0 67890
67889 77930 21:0 67956
67954 77932 0:0 67956
67958 77962 21:0 67966
67965 77964 0:0 67966
67965 77963 21:0 68032
68030 77965 0:0 68032
68034 77995 21:0 68042
68041 77996 0:0 68042
68041 77997 21:0 68108
68106 77998 0:0 68108
68110 78028 21:0 68118
68117 78030 0:0 68118
68117 78029 21:0 68184
68182 78031 0:0 68184
68186 78061 21:0 68194
68193 78063 0:0 68194
68193 78062 21:0 68260
68258 78064 0:0 68260
68262 78094 21:0 68270
68269 78095 0:0 68270
68269 78096 21:0 68336
68334 78097 0:0 68336
68338 78127 21:0 68346
68345 78128 0:0 68346
68345 78129 21:0 68412
68410 78130 0:0 68412
68414 78160 21:0 68422
68421 78162 0:0 68422
68421 78161 21:0 68488
68486 78163 0:0 68488
68490 78193 21:0 68498
68497 78195 0:0 68498
68497 78194 21:0 68564
68562 78196 0:0 68564
68566 78226 21:0 68574
68573 78228 0:0 68574
68573 78227 21:0 68640
68638 78229 0:0 68640
68642 78259 0:0 68645
68647 78261 21:0 68705
68649 78260 0:0 68650
68704 78262 0:0 68716
68718 78292 21:0 68726
68725 78293 0:0 68726
68725 78294 21:0 68792
68892 76852 1:0 69152
68893 76851 1:0 69151
68902 76850 1:0 69162
68902 76820 1:0 69275
68908 76818 1:0 69282
68921 348 21:0 68935
68929 76819 1:0 69283
69023 76817 1:0 69293
69024 76787 1:0 69406
69024 76786 1:0 69414
69033 76785 1:0 69413
69033 76784 1:0 69424
69041 76754 1:0 69537
69060 76753 1:0 69545
69154 76752 1:0 69544
69155 76751 1:0 69555
69155 76721 1:0 69668
69164 76719 1:0 69675
69164 76720 1:0 69676
69172 76718 1:0 69686
69191 76688 1:0 69799
69285 76687 1:0 69807
69286 76686 1:0 69806
69295 76685 1:0 69817
69295 76655 1:0 69930
69301 76654 1:0 69938
69305 76653 1:0 69937
69334 76652 1:0 69948
69416 76622 1:0 70061
69417 76620 1:0 70068
69426 76621 1:0 70069
69426 76619 1:0 70079
69432 76589 1:0 70192
69437 76588 1:0 70200
69465 76587 1:0 70199
69547 76586 1:0 70210
69548 76556 1:0 70323
69557 76554 1:0 70330
69557 76555 1:0 70331
69563 76553 1:0 70341
69568 76523 1:0 70454
69596 76521 1:0 70461
69678 76522 1:0 70462
69679 76520 1:0 70472
69688 76490 1:0 70585
69688 76488 1:0 70592
69694 76489 1:0 70593
69714 76487 1:0 70603
69727 76457 1:0 70716
69809 76455 1:0 70723
69810 76456 1:0 70724
69819 76454 1:0 70734
69819 76424 1:0 70847
69825 76422 1:0 70854
69845 76423 1:0 70855
69846 349 1:0 72195
69940 76421 1:0 70865
69941 78294 1:0 72467
69950 78293 1:0 72466
71045 79305 21:0 71053
71052 79306 0:0 71053
71052 79307 21:0 71119
71117 79308 0:0 71119
71121 79338 21:0 71129
71128 79339 0:0 71129
71128 79340 21:0 71195
71193 79341 0:0 71195
71197 79371 21:0 71205
71204 79373 0:0 71205
71204 79372 21:0 71271
71269 79374 0:0 71271
71273 79404 21:0 71281
71280 79405 0:0 71281
71280 79406 21:0 71347
71345 79407 0:0 71347
71349 79437 21:0 71357
71356 79438 0:0 71357
71356 79439 21:0 71423
71421 79440 0:0 71423
71425 79470 21:0 71433
71432 79471 0:0 71433
71432 79472 21:0 71499
71497 79473 0:0 71499
71501 79503 21:0 71509
71508 79505 0:0 71509
71508 79504 21:0 71575
71573 79506 0:0 71575
71577 79536 21:0 71585
71584 79537 0:0 71585
71584 79538 21:0 71651
71649 79539 0:0 71651
71653 79569 21:0 71661
71660 79570 0:0 71661
71660 79571 21:0 71727
71725 79572 0:0 71727
71729 79602 0:0 71732
71734 79604 21:0 71792
71736 79603 0:0 71737
71791 79605 0:0 71803
71805 79635 21:0 71813
71812 79636 0:0 71813
71812 79637 21:0 71879
71877 79638 0:0 71879
71881 79668 0:0 71884
71886 79669 21:0 71944
71888 79670 0:0 71889
71943 79671 0:0 71955
71957 79701 0:0 71960
71962 79702 21:0 72020
71964 79703 0:0 71965
72019 79704 0:0 72031
72033 79734 0:0 72036
72038 79736 21:0 72096
72040 79735 0:0 72041
72095 79737 0:0 72107
72109 79767 21:0 72117
72207 78292 1:0 72477
72208 78262 1:0 72590
72217 78260 1:0 72597
72217 78261 1:0 72598
72223 78259 1:0 72608
72236 349 21:0 72250
72244 78229 1:0 72721
72338 78227 1:0 72728
72339 78228 1:0 72729
72339 78226 1:0 72739
72348 78196 1:0 72852
72348 78194 1:0 72859
72356 78195 1:0 72860
72375 78193 1:0 72870
72469 78163 1:0 72983
72470 78161 1:0 72990
72470 78162 1:0 72991
72479 78160 1:0 73001
72479 78130 1:0 73114
72487 78129 1:0 73122
72506 78128 1:0 73121
72600 78127 1:0 73132
72601 78097 1:0 73245
72610 78095 1:0 73252
72610 78096 1:0 73253
72616 78094 1:0 73263
72620 78064 1:0 73376
72649 78062 1:0 73383
72731 78063 1:0 73384
72732 78061 1:0 73394
72741 78031 1:0 73507
72741 78029 1:0 73514
72747 78030 1:0 73515
72752 78028 1:0 73525
72780 77998 1:0 73638
72862 77997 1:0 73646
72863 77996 1:0 73645
72872 77995 1:0 73656
72872 77965 1:0 73769
72878 77963 1:0 73776
72883 77964 1:0 73777
72911 77962 1:0 73787
72993 77932 1:0 73900
72994 77930 1:0 73907
73003 77931 1:0 73908
73003 77929 1:0 73918
73009 77899 1:0 74031
73029 77898 1:0 74039
73042 77897 1:0 74038
73124 77896 1:0 74049
73125 77866 1:0 74162
73134 77864 1:0 74169
73134 77865 1:0 74170
73140 77863 1:0 74180
73142 350 1:0 75510
74360 80747 21:0 74368
74367 80749 0:0 74368
74367 80748 21:0 74434
74432 80750 0:0 74434
74436 80780 21:0 74444
74443 80782 0:0 74444
74443 80781 21:0 74510
74508 80783 0:0 74510
74512 80813 21:0 74520
74519 80814 0:0 74520
74519 80815 21:0 74586
74584 80816 0:0 74586
74588 80846 21:0 74596
74595 80848 0:0 74596
74595 80847 21:0 74662
74660 80849 0:0 74662
74664 80879 21:0 74672
74671 80880 0:0 74672
74671 80881 21:0 74738
74736 80882 0:0 74738
74740 80912 21:0 74748
74747 80914 0:0 74748
74747 80913 21:0 74814
74812 80915 0:0 74814
74816 80945 21:0 74824
74823 80947 0:0 74824
74823 80946 21:0 74890
74888 80948 0:0 74890
74892 80978 21:0 74900
74899 80980 0:0 74900
74899 80979 21:0 74966
74964 80981 0:0 74966
74968 81011 0:0 74971
74973 81012 21:0 75031
74975 81013 0:0 74976
75030 81014 0:0 75042
75044 81044 21:0 75052
75051 81046 0:0 75052
75051 81045 21:0 75118
75116 81047 0:0 75118
75120 81077 21:0 75128
75127 81079 0:0 75128
75127 81078 21:0 75194
75192 81080 0:0 75194
75196 81110 21:0 75204
75203 81111 0:0 75204
75203 81112 21:0 75270
75268 81113 0:0 75270
75272 81143 21:0 75280
75277 81145 0:0 75280
75277 81144 0:0 75280
75280 81146 21:0 75346
75353 81178 21:0 75411
75522 79767 1:0 75661
75523 79737 1:0 75774
75532 79735 1:0 75781
75532 79736 1:0 75782
75538 79734 1:0 75792
75551 350 21:0 75565
75559 79704 1:0 75905
75653 79702 1:0 75912
75654 79703 1:0 75913
75654 79701 1:0 75923
75663 79671 1:0 76036
75663 79669 1:0 76043
75671 79670 1:0 76044
75690 79668 1:0 76054
75784 79638 1:0 76167
75785 79636 1:0 76174
75785 79637 1:0 76175
75794 79635 1:0 76185
75794 79605 1:0 76298
75802 79604 1:0 76306
75821 79603 1:0 76305
75915 79602 1:0 76316
75916 79572 1:0 76429
75925 79570 1:0 76436
75925 79571 1:0 76437
75931 79569 1:0 76447
75935 79539 1:0 76560
75964 79538 1:0 76568
76046 79537 1:0 76567
76047 79536 1:0 76578
76056 79506 1:0 76691
76056 79504 1:0 76698
76062 79505 1:0 76699
76067 79503 1:0 76709
76095 79473 1:0 76822
76177 79472 1:0 76830
76178 79471 1:0 76829
76187 79470 1:0 76840
76187 79440 1:0 76953
76193 79439 1:0 76961
76198 79438 1:0 76960
76226 79437 1:0 76971
76308 79407 1:0 77084
76309 79406 1:0 77092
76318 79405 1:0 77091
76318 79404 1:0 77102
76324 79374 1:0 77215
76344 79372 1:0 77222
76357 79373 1:0 77223
76439 79371 1:0 77233
76440 79341 1:0 77346
76449 79339 1:0 77353
76449 79340 1:0 77354
76455 79338 1:0 77364
76475 79308 1:0 77477
76570 79307 1:0 77485
76571 79306 1:0 77484
76571 79305 1:0 77495
76580 81178 1:0 79097
76580 351 1:0 78825
77675 82189 21:0 77683
77682 82191 0:0 77683
77682 82190 21:0 77749
77747 82192 0:0 77749
77751 82222 21:0 77759
77758 82223 0:0 77759
77758 82224 21:0 77825
77823 82225 0:0 77825
77827 82255 21:0 77835
77834 82256 0:0 77835
77834 82257 21:0 77901
77899 82258 0:0 77901
77903 82288 21:0 77911
77910 82289 0:0 77911
77910 82290 21:0 77977
77975 82291 0:0 77977
77979 82321 21:0 77987
77986 82323 0:0 77987
77986 82322 21:0 78053
78051 82324 0:0 78053
78055 82354 21:0 78063
78062 82355 0:0 78063
78062 82356 21:0 78129
78127 82357 0:0 78129
78131 82387 21:0 78139
78138 82389 0:0 78139
78138 82388 21:0 78205
78203 82390 0:0 78205
78207 82420 21:0 78215
78214 82421 0:0 78215
78214 82422 21:0 78281
78279 82423 0:0 78281
78283 82453 21:0 78291
78290 82455 0:0 78291
78290 82454 21:0 78357
78355 82456 0:0 78357
78359 82486 21:0 78367
78366 82488 0:0 78367
78366 82487 21:0 78433
78431 82489 0:0 78433
78435 82519 0:0 78438
78440 82521 21:0 78498
78442 82520 0:0 78443
78497 82522 0:0 78509
78511 82552 0:0 78514
78516 82553 21:0 78574
78518 82554 0:0 78519
78573 82555 0:0 78585
78587 82585 0:0 78590
78592 82586 21:0 78650
78594 82587 0:0 78595
78649 82588 0:0 78661
78663 82618 0:0 78666
78668 82619 21:0 78726
78670 82620 0:0 78671
78725 82621 0:0 78737
78739 82651 0:0 78742
78744 82652 21:0 78802
78837 81146 1:0 79220
78838 81145 1:0 79228
78847 81144 1:0 79227
78847 81143 1:0 79238
78853 81113 1:0 79351
78866 351 21:0 78880
78874 81112 1:0 79359
78968 81111 1:0 79358
78969 81110 1:0 79369
78969 81080 1:0 79482
78978 81078 1:0 79489
78978 81079 1:0 79490
78986 81077 1:0 79500
79005 81047 1:0 79613
79099 81045 1:0 79620
79100 81046 1:0 79621
79100 81044 1:0 79631
79109 81014 1:0 79744
79109 81012 1:0 79751
79117 81013 1:0 79752
79136 81011 1:0 79762
79230 80981 1:0 79875
79231 80979 1:0 79882
79240 80980 1:0 79883
79240 80978 1:0 79893
79246 80948 1:0 80006
79250 80946 1:0 80013
79279 80947 1:0 80014
79361 80945 1:0 80024
79362 80915 1:0 80137
79371 80913 1:0 80144
79371 80914 1:0 80145
79377 80912 1:0 80155
79382 80882 1:0 80268
79410 80881 1:0 80276
79492 80880 1:0 80275
79493 80879 1:0 80286
79502 80849 1:0 80399
79502 80847 1:0 80406
79508 80848 1:0 80407
79513 80846 1:0 80417
79541 80816 1:0 80530
79623 80815 1:0 80538
79624 80814 1:0 80537
79633 80813 1:0 80548
79633 80783 1:0 80661
79639 80781 1:0 80668
79659 80782 1:0 80669
79672 80780 1:0 80679
79754 80750 1:0 80792
79755 80748 1:0 80799
79755 352 1:0 82140
79764 80749 1:0 80800
79764 80747 1:0 80810
79772 82652 1:0 82280
79791 82651 1:0 82291
79885 82621 1:0 82404
80990 83631 21:0 80998
80997 83632 0:0 80998
80997 83633 21:0 81064
81062 83634 0:0 81064
81066 83664 21:0 81074
81073 83665 0:0 81074
81073 83666 21:0 81140
81138 83667 0:0 81140
81142 83697 21:0 81150
81149 83698 0:0 81150
81149 83699 21:0 81216
81214 83700 0:0 81216
81218 83730 21:0 81226
81225 83731 0:0 81226
81225 83732 21:0 81292
81290 83733 0:0 81292
81294 83763 21:0 81302
81301 83765 0:0 81302
81301 83764 21:0 81368
81366 83766 0:0 81368
81370 83796 21:0 81378
81377 83797 0:0 81378
81377 83798 21:0 81444
81442 83799 0:0 81444
81446 83829 21:0 81454
81453 83830 0:0 81454
81453 83831 0:0 81454
81454 83832 21:0 81520
81522 83862 21:0 81530
81529 83863 0:0 81530
81529 83864 21:0 81596
81594 83865 0:0 81596
81598 83895 21:0 81606
81605 83897 0:0 81606
81605 83896 0:0 81606
81606 83898 21:0 81672
81674 83928 21:0 81682
81681 83930 0:0 81682
81681 83929 21:0 81748
81746 83931 0:0 81748
81750 83961 0:0 81753
81755 83963 21:0 81813
81757 83962 0:0 81758
81812 83964 0:0 81824
81826 83994 21:0 81834
81833 83996 0:0 81834
81833 83995 21:0 81900
81898 83997 0:0 81900
81902 84027 21:0 81910
81909 84029 0:0 81910
81909 84028 21:0 81976
81974 84030 0:0 81976
81978 84060 21:0 81986
81985 84062 0:0 81986
81985 84061 21:0 82052
82152 82619 1:0 82411
82153 82620 1:0 82412
82162 82618 1:0 82422
82162 82588 1:0 82535
82168 82586 1:0 82542
82181 352 21:0 82195
82189 82587 1:0 82543
82283 82585 1:0 82553
82284 82555 1:0 82666
82284 82553 1:0 82673
82293 82554 1:0 82674
82293 82552 1:0 82684
82301 82522 1:0 82797
82320 82521 1:0 82805
82414 82520 1:0 82804
82415 82519 1:0 82815
82415 82489 1:0 82928
82424 82487 1:0 82935
82424 82488 1:0 82936
82432 82486 1:0 82946
82451 82456 1:0 83059
82545 82454 1:0 83066
82546 82455 1:0 83067
82555 82453 1:0 83077
82555 82423 1:0 83190
82561 82422 1:0 83198
82565 82421 1:0 83197
82594 82420 1:0 83208
82676 82390 1:0 83321
82677 82388 1:0 83328
82686 82389 1:0 83329
82686 82387 1:0 83339
82692 82357 1:0 83452
82697 82356 1:0 83460
82725 82355 1:0 83459
82807 82354 1:0 83470
82808 82324 1:0 83583
82817 82322 1:0 83590
82817 82323 1:0 83591
82823 82321 1:0 83601
82828 82291 1:0 83714
82856 82290 1:0 83722
82938 82289 1:0 83721
82939 82288 1:0 83732
82948 82258 1:0 83845
82948 82257 1:0 83853
82954 82256 1:0 83852
82974 82255 1:0 83863
82987 82225 1:0 83976
83069 82224 1:0 83984
83070 82223 1:0 83983
83079 82222 1:0 83994
83079 82192 1:0 84107
83085 82190 1:0 84114
83105 82191 1:0 84115
83106 353 1:0 85455
83200 82189 1:0 84125
84305 85073 21:0 84313
84312 85074 0:0 84313
84312 85075 21:0 84379
84377 85076 0:0 84379
84381 85106 21:0 84389
84388 85107 0:0 84389
84388 85108 21:0 84455
84453 85109 0:0 84455
84457 85139 21:0 84465
84464 85140 0:0 84465
84464 85141 21:0 84531
84529 85142 0:0 84531
84533 85172 21:0 84541
84540 85173 0:0 84541
84540 85174 21:0 84607
84605 85175 0:0 84607
84609 85205 21:0 84617
84616 85206 0:0 84617
84616 85207 21:0 84683
84681 85208 0:0 84683
84685 85238 21:0 84693
84692 85240 0:0 84693
84692 85239 21:0 84759
84757 85241 0:0 84759
84761 85271 21:0 84769
84768 85272 0:0 84769
84768 85273 21:0 84835
84833 85274 0:0 84835
84837 85304 21:0 84845
84844 85306 0:0 84845
84844 85305 21:0 84911
84909 85307 0:0 84911
84913 85337 21:0 84921
84920 85338 0:0 84921
84920 85339 21:0 84987
84985 85340 0:0 84987
84989 85370 21:0 84997
84996 85371 0:0 84997
84996 85372 21:0 85063
85061 85373 0:0 85063
85065 85403 21:0 85073
85072 85405 0:0 85073
85072 85404 0:0 85073
85073 85406 21:0 85139
85141 85436 21:0 85149
85148 85437 0:0 85149
85148 85438 21:0 85215
85213 85439 0:0 85215
85217 85469 21:0 85225
85224 85470 0:0 85225
85224 85471 21:0 85291
85301 85505 21:0 85367
85369 85535 21:0 85377
85374 85537 0:0 85377
85377 85538 21:0 85443
85467 84061 1:0 85726
85468 84062 1:0 85727
85477 84060 1:0 85737
85477 84030 1:0 85850
85483 84028 1:0 85857
85496 353 21:0 85510
85504 84029 1:0 85858
85598 84027 1:0 85868
85599 83997 1:0 85981
85599 83995 1:0 85988
85608 83996 1:0 85989
85608 83994 1:0 85999
85616 83964 1:0 86112
85635 83963 1:0 86120
85729 83962 1:0 86119
85730 83961 1:0 86130
85730 83931 1:0 86243
85739 83929 1:0 86250
85739 83930 1:0 86251
85747 83928 1:0 86261
85766 83898 1:0 86374
85860 83896 1:0 86381
85861 83897 1:0 86382
85870 83895 1:0 86392
85870 83865 1:0 86505
85876 83864 1:0 86513
85880 83863 1:0 86512
85909 83862 1:0 86523
85991 83832 1:0 86636
85992 83830 1:0 86643
86001 83831 1:0 86644
86001 83829 1:0 86654
86007 83799 1:0 86767
86012 83798 1:0 86775
86040 83797 1:0 86774
86122 83796 1:0 86785
86123 83766 1:0 86898
86132 83764 1:0 86905
86132 83765 1:0 86906
86138 83763 1:0 86916
86143 83733 1:0 87029
86171 83732 1:0 87037
86253 83731 1:0 87036
86254 83730 1:0 87047
86263 83700 1:0 87160
86263 83699 1:0 87168
86269 83698 1:0 87167
86289 83697 1:0 87178
86302 83667 1:0 87291
86384 83666 1:0 87299
86385 83665 1:0 87298
86394 83664 1:0 87309
86394 83634 1:0 87422
86400 83633 1:0 87430
86420 83632 1:0 87429
86421 354 1:0 88770
86515 83631 1:0 87440
86516 85538 1:0 88903
86525 85537 1:0 88911
87620 86515 21:0 87628
87627 86517 0:0 87628
87627 86516 21:0 87694
87692 86518 0:0 87694
87696 86548 21:0 87704
87703 86549 0:0 87704
87703 86550 21:0 87770
87768 86551 0:0 87770
87772 86581 21:0 87780
87779 86582 0:0 87780
87779 86583 21:0 87846
87844 86584 0:0 87846
87848 86614 21:0 87856
87855 86616 0:0 87856
87855 86615 21:0 87922
87920 86617 0:0 87922
87924 86647 21:0 87932
87931 86648 0:0 87932
87931 86649 21:0 87998
87996 86650 0:0 87998
88000 86680 21:0 88008
88007 86682 0:0 88008
88007 86681 21:0 88074
88072 86683 0:0 88074
88076 86713 21:0 88084
88083 86715 0:0 88084
88083 86714 21:0 88150
88148 86716 0:0 88150
88152 86746 21:0 88160
88159 86747 0:0 88160
88159 86748 21:0 88226
88224 86749 0:0 88226
88228 86779 21:0 88236
88235 86781 0:0 88236
88235 86780 21:0 88302
88300 86782 0:0 88302
88304 86812 21:0 88312
88311 86814 0:0 88312
88311 86813 21:0 88378
88376 86815 0:0 88378
88380 86845 21:0 88388
88387 86846 0:0 88388
88387 86847 0:0 88388
88388 86848 21:0 88454
88456 86878 21:0 88464
88463 86879 0:0 88464
88463 86880 21:0 88530
88528 86881 0:0 88530
88532 86911 21:0 88540
88537 86913 0:0 88540
88537 86912 0:0 88540
88540 86914 21:0 88606
88608 86944 21:0 88616
88613 86946 0:0 88616
88615 86945 0:0 88616
88616 86947 21:0 88682
88689 86979 21:0 88747
88782 85535 1:0 88921
88783 85505 1:0 89034
88792 85470 1:0 89172
88792 85471 1:0 89173
88798 85469 1:0 89183
88811 354 21:0 88825
88819 85439 1:0 89296
88913 85438 1:0 89304
88914 85437 1:0 89303
88914 85436 1:0 89314
88923 85406 1:0 89427
88923 85404 1:0 89434
88931 85405 1:0 89435
88950 85403 1:0 89445
89044 85373 1:0 89558
89045 85371 1:0 89565
89045 85372 1:0 89566
89054 85370 1:0 89576
89054 85340 1:0 89689
89062 85339 1:0 89697
89081 85338 1:0 89696
89175 85337 1:0 89707
89176 85307 1:0 89820
89185 85305 1:0 89827
89185 85306 1:0 89828
89191 85304 1:0 89838
89195 85274 1:0 89951
89224 85273 1:0 89959
89306 85272 1:0 89958
89307 85271 1:0 89969
89316 85241 1:0 90082
89316 85239 1:0 90089
89322 85240 1:0 90090
89327 85238 1:0 90100
89355 85208 1:0 90213
89437 85207 1:0 90221
89438 85206 1:0 90220
89447 85205 1:0 90231
89447 85175 1:0 90344
89453 85174 1:0 90352
89458 85173 1:0 90351
89486 85172 1:0 90362
89568 85142 1:0 90475
89569 85141 1:0 90483
89578 85140 1:0 90482
89578 85139 1:0 90493
89584 85109 1:0 90606
89604 85108 1:0 90614
89617 85107 1:0 90613
89699 85106 1:0 90624
89700 85076 1:0 90737
89709 85074 1:0 90744
89709 85075 1:0 90745
89715 85073 1:0 90755
89717 355 1:0 92085
90935 87957 21:0 90943
90942 87958 0:0 90943
90942 87959 21:0 91009
91007 87960 0:0 91009
91011 87990 21:0 91019
91018 87991 0:0 91019
91018 87992 21:0 91085
91083 87993 0:0 91085
91087 88023 21:0 91095
91094 88025 0:0 91095
91094 88024 21:0 91161
91159 88026 0:0 91161
91163 88056 21:0 91171
91170 88057 0:0 91171
91170 88058 21:0 91237
91235 88059 0:0 91237
91239 88089 21:0 91247
91246 88091 0:0 91247
91246 88090 21:0 91313
91311 88092 0:0 91313
91315 88122 21:0 91323
91322 88123 0:0 91323
91322 88124 21:0 91389
91387 88125 0:0 91389
91391 88155 21:0 91399
91398 88157 0:0 91399
91398 88156 21:0 91465
91463 88158 0:0 91465
91467 88188 21:0 91475
91474 88189 0:0 91475
91474 88190 21:0 91541
91539 88191 0:0 91541
91543 88221 0:0 91546
91548 88222 21:0 91606
91550 88223 0:0 91551
91605 88224 0:0 91617
91619 88254 21:0 91627
91626 88256 0:0 91627
91626 88255 21:0 91693
91691 88257 0:0 91693
91695 88287 0:0 91698
91700 88289 21:0 91758
91702 88288 0:0 91703
91757 88290 0:0 91769
91771 88320 0:0 91774
91776 88321 21:0 91834
91778 88322 0:0 91779
91833 88323 0:0 91845
91847 88353 0:0 91850
91852 88355 21:0 91910
91854 88354 0:0 91855
91909 88356 0:0 91921
92080 88454 21:0 92089
92097 86979 1:0 92226
92098 86947 1:0 92349
92107 86945 1:0 92356
92107 86946 1:0 92357
92113 86944 1:0 92367
92126 355 21:0 92140
92134 86914 1:0 92480
92228 86913 1:0 92488
92229 86912 1:0 92487
92229 86911 1:0 92498
92238 86881 1:0 92611
92238 86880 1:0 92619
92246 86879 1:0 92618
92265 86878 1:0 92629
92359 86848 1:0 92742
92360 86846 1:0 92749
92360 86847 1:0 92750
92369 86845 1:0 92760
92369 86815 1:0 92873
92377 86813 1:0 92880
92396 86814 1:0 92881
92490 86812 1:0 92891
92491 86782 1:0 93004
92500 86780 1:0 93011
92500 86781 1:0 93012
92506 86779 1:0 93022
92510 86749 1:0 93135
92539 86748 1:0 93143
92621 86747 1:0 93142
92622 86746 1:0 93153
92631 86716 1:0 93266
92631 86714 1:0 93273
92637 86715 1:0 93274
92642 86713 1:0 93284
92670 86683 1:0 93397
92752 86681 1:0 93404
92753 86682 1:0 93405
92762 86680 1:0 93415
92762 86650 1:0 93528
92768 86649 1:0 93536
92773 86648 1:0 93535
92801 86647 1:0 93546
92883 86617 1:0 93659
92884 86615 1:0 93666
92893 86616 1:0 93667
92893 86614 1:0 93677
92899 86584 1:0 93790
92919 86583 1:0 93798
92932 86582 1:0 93797
93014 86581 1:0 93808
93015 86551 1:0 93921
93024 86549 1:0 93928
93024 86550 1:0 93929
93030 86548 1:0 93939
93050 86518 1:0 94052
93145 86516 1:0 94059
93146 86517 1:0 94060
93146 86515 1:0 94070
93155 88454 1:0 95410
93155 356 1:0 95400
94250 89399 21:0 94258
94257 89400 0:0 94258
94257 89401 21:0 94324
94322 89402 0:0 94324
94326 89432 21:0 94334
94333 89433 0:0 94334
94333 89434 21:0 94400
94398 89435 0:0 94400
94402 89465 21:0 94410
94409 89467 0:0 94410
94409 89466 21:0 94476
94474 89468 0:0 94476
94478 89498 21:0 94486
94485 89499 0:0 94486
94485 89500 21:0 94552
94550 89501 0:0 94552
94554 89531 21:0 94562
94561 89532 0:0 94562
94561 89533 21:0 94628
94626 89534 0:0 94628
94630 89564 21:0 94638
94637 89566 0:0 94638
94637 89565 21:0 94704
94702 89567 0:0 94704
94706 89597 21:0 94714
94713 89599 0:0 94714
94713 89598 21:0 94780
94778 89600 0:0 94780
94782 89630 21:0 94790
94789 89632 0:0 94790
94789 89631 21:0 94856
94854 89633 0:0 94856
94858 89663 21:0 94866
94865 89664 0:0 94866
94865 89665 0:0 94866
94866 89666 21:0 94932
94934 89696 21:0 94942
94941 89697 0:0 94942
94941 89698 21:0 95008
95006 89699 0:0 95008
95010 89729 0:0 95013
95015 89731 21:0 95073
95017 89730 0:0 95018
95072 89732 0:0 95084
95086 89762 21:0 95094
95093 89764 0:0 95094
95093 89763 0:0 95094
95094 89765 21:0 95160
95162 89795 0:0 95165
95167 89796 21:0 95225
95169 89797 0:0 95170
95224 89798 0:0 95236
95238 89828 0:0 95241
95243 89830 21:0 95301
95245 89829 0:0 95246
95300 89831 0:0 95312
95314 89861 21:0 95322
95321 89862 21:0 95388
95412 88356 1:0 95795
95413 88355 1:0 95803
95422 88354 1:0 95802
95422 88353 1:0 95813
95428 88323 1:0 95926
95441 356 21:0 95455
95449 88321 1:0 95933
95543 88322 1:0 95934
95544 88320 1:0 95944
95544 88290 1:0 96057
95553 88288 1:0 96064
95553 88289 1:0 96065
95561 88287 1:0 96075
95580 88257 1:0 96188
95674 88255 1:0 96195
95675 88256 1:0 96196
95675 88254 1:0 96206
95684 88224 1:0 96319
95684 88222 1:0 96326
95692 88223 1:0 96327
95711 88221 1:0 96337
95805 88191 1:0 96450
95806 88190 1:0 96458
95815 88189 1:0 96457
95815 88188 1:0 96468
95821 88158 1:0 96581
95825 88156 1:0 96588
95854 88157 1:0 96589
95936 88155 1:0 96599
95937 88125 1:0 96712
95946 88123 1:0 96719
95946 88124 1:0 96720
95952 88122 1:0 96730
95957 88092 1:0 96843
95985 88090 1:0 96850
96067 88091 1:0 96851
96068 88089 1:0 96861
96077 88059 1:0 96974
96077 88058 1:0 96982
96083 88057 1:0 96981
96088 88056 1:0 96992
96116 88026 1:0 97105
96198 88024 1:0 97112
96199 88025 1:0 97113
96208 88023 1:0 97123
96208 87993 1:0 97236
96214 87992 1:0 97244
96234 87991 1:0 97243
96247 87990 1:0 97254
96329 87960 1:0 97367
96330 87959 1:0 97375
96330 357 1:0 98715
96339 87958 1:0 97374
96339 87957 1:0 97385
96347 89862 1:0 98855
96366 89861 1:0 98866
96460 89831 1:0 98979
96461 89830 1:0 98987
96470 89829 1:0 98986
96470 89828 1:0 98997
96476 89798 1:0 99110
96480 89796 1:0 99117
97565 90841 21:0 97573
97572 90842 0:0 97573
97572 90843 21:0 97639
97637 90844 0:0 97639
97641 90874 21:0 97649
97648 90876 0:0 97649
97648 90875 21:0 97715
97713 90877 0:0 97715
97717 90907 21:0 97725
97724 90908 0:0 97725
97724 90909 21:0 97791
97789 90910 0:0 97791
97793 90940 21:0 97801
97800 90942 0:0 97801
97800 90941 21:0 97867
97865 90943 0:0 97867
97869 90973 21:0 97877
97876 90975 0:0 97877
97876 90974 21:0 97943
97941 90976 0:0 97943
97945 91006 21:0 97953
97952 91008 0:0 97953
97952 91007 21:0 98019
98017 91009 0:0 98019
98021 91039 21:0 98029
98028 91041 0:0 98029
98028 91040 21:0 98095
98093 91042 0:0 98095
98097 91072 21:0 98105
98104 91074 0:0 98105
98104 91073 21:0 98171
98169 91075 0:0 98171
98173 91105 21:0 98181
98180 91106 0:0 98181
98180 91107 21:0 98247
98245 91108 0:0 98247
98249 91138 21:0 98257
98256 91140 0:0 98257
98256 91139 21:0 98323
98321 91141 0:0 98323
98325 91171 21:0 98333
98332 91173 0:0 98333
98332 91172 21:0 98399
98397 91174 0:0 98399
98401 91204 21:0 98409
98408 91206 0:0 98409
98408 91205 21:0 98475
98473 91207 0:0 98475
98477 91237 21:0 98485
98484 91239 0:0 98485
98484 91238 21:0 98551
98549 91240 0:0 98551
98553 91270 21:0 98561
98560 91272 0:0 98561
98560 91271 21:0 98627
98625 91273 0:0 98627
98629 91303 21:0 98637
98636 91304 0:0 98637
98636 91305 21:0 98703
98701 91306 0:0 98703
98727 89797 1:0 99118
98728 89795 1:0 99128
98737 89765 1:0 99241
98737 89763 1:0 99248
98743 89764 1:0 99249
98756 357 21:0 98770
98764 89762 1:0 99259
98858 89732 1:0 99372
98859 89730 1:0 99379
98859 89731 1:0 99380
98868 89729 1:0 99390
98868 89699 1:0 99503
98876 89698 1:0 99511
98895 89697 1:0 99510
98989 89696 1:0 99521
98990 89666 1:0 99634
98990 89665 1:0 99642
98999 89664 1:0 99641
98999 89663 1:0 99652
99007 89633 1:0 99765
99026 89631 1:0 99772
99120 89632 1:0 99773
99121 89630 1:0 99783
99130 89600 1:0 99896
99130 89598 1:0 99903
99136 89599 1:0 99904
99140 89597 1:0 99914
99169 89567 1:0 100027
99251 89565 1:0 100034
99252 89566 1:0 100035
99261 89564 1:0 100045
99261 89534 1:0 100158
99267 89533 1:0 100166
99272 89532 1:0 100165
99300 89531 1:0 100176
99382 89501 1:0 100289
99383 89500 1:0 100297
99392 89499 1:0 100296
99392 89498 1:0 100307
99398 89468 1:0 100420
99403 89466 1:0 100427
99431 89467 1:0 100428
99513 89465 1:0 100438
99514 89435 1:0 100551
99523 89433 1:0 100558
99523 89434 1:0 100559
99529 89432 1:0 100569
99549 89402 1:0 100682
99562 89401 1:0 100690
99644 89400 1:0 100689
99645 89399 1:0 100700
99645 358 1:0 102030
100880 92283 0:0 100883
100885 92284 21:0 100943
100887 92285 0:0 100888
100942 92286 0:0 100954
100956 92316 0:0 100959
100961 92317 21:0 101019
100963 92318 0:0 100964
101018 92319 0:0 101030
101032 92349 0:0 101035
101037 92350 21:0 101095
101039 92351 0:0 101040
101094 92352 0:0 101106
101108 92382 0:0 101111
101113 92384 21:0 101171
101115 92383 0:0 101116
101170 92385 0:0 101182
101184 92415 21:0 101192
101191 92417 0:0 101192
101191 92416 21:0 101258
101256 92418 0:0 101258
101260 92448 21:0 101268
101265 92450 0:0 101268
101265 92449 0:0 101268
101268 92451 21:0 101334
101336 92481 21:0 101344
101341 92482 0:0 101344
101343 92483 0:0 101344
101344 92484 21:0 101410
101412 92514 0:0 101415
101417 92516 21:0 101475
101419 92515 0:0 101420
101474 92517 0:0 101486
101488 92547 21:0 101496
101493 92549 0:0 101496
101495 92548 0:0 101496
101496 92550 21:0 101562
101564 92580 21:0 101572
101571 92582 0:0 101572
101571 92581 0:0 101572
101572 92583 21:0 101638
101640 92613 21:0 101648
101647 92614 0:0 101648
101647 92615 21:0 101714
101712 92616 0:0 101714
101716 92646 21:0 101724
101792 92679 21:0 101800
101799 92681 21:0 101866
101868 92712 21:0 101876
101876 92715 21:0 101942
102025 92779 21:0 102034
102042 328 1:0 2725
102043 91306 1:0 102163
102043 91305 1:0 102171
102052 91304 1:0 102170
102052 91303 1:0 102181
102060 91273 1:0 102294
102071 358 21:0 102085
102086 91271 1:0 102301
102173 91272 1:0 102302
102174 91270 1:0 102312
102183 91240 1:0 102425
102183 91238 1:0 102432
102189 91239 1:0 102433
102193 91237 1:0 102443
102222 91207 1:0 102556
102304 91205 1:0 102563
102305 91206 1:0 102564
102314 91204 1:0 102574
102314 91174 1:0 102687
102320 91172 1:0 102694
102325 91173 1:0 102695
102353 91171 1:0 102705
102435 91141 1:0 102818
102436 91139 1:0 102825
102445 91140 1:0 102826
102445 91138 1:0 102836
102451 91108 1:0 102949
102456 91107 1:0 102957
102484 91106 1:0 102956
102566 91105 1:0 102967
102567 91075 1:0 103080
102576 91073 1:0 103087
102576 91074 1:0 103088
102582 91072 1:0 103098
102602 91042 1:0 103211
102615 91040 1:0 103218
102697 91041 1:0 103219
102698 91039 1:0 103229
102707 91009 1:0 103342
102707 91007 1:0 103349
102713 91008 1:0 103350
102733 91006 1:0 103360
102828 90976 1:0 103473
102829 90974 1:0 103480
102829 90975 1:0 103481
102838 90973 1:0 103491
102838 90943 1:0 103604
102846 90941 1:0 103611
102865 90942 1:0 103612
102959 90940 1:0 103622
102960 90910 1:0 103735
102960 90909 1:0 103743
102969 90908 1:0 103742
102969 90907 1:0 103753
102977 90877 1:0 103866
102996 90875 1:0 103873
103090 90876 1:0 103874
103091 90874 1:0 103884
103100 90844 1:0 103997
103100 90843 1:0 104005
103106 90842 1:0 104004
103110 90841 1:0 104015
103111 359 1:0 104128
103126 46019 1:0 104262
103139 92779 1:0 104137
103221 46031 1:0 104235
103221 46026 1:0 104301
103222 46018 1:0 104261
103222 46024 1:0 104291
103222 46027 1:0 104302
103222 46028 1:0 104311
103231 46025 1:0 104292
103231 46029 1:0 104312
103231 46030 1:0 104321
103231 46165 1:0 104453
103237 92715 1:0 104434
103239 46177 1:0 104542
103242 46174 1:0 104457
103257 46173 1:0 104458
103258 46166 1:0 104457
103258 46172 1:0 104457
103270 46175 1:0 104458
103352 46176 1:0 104457
103352 46171 1:0 104458
103352 46319 1:0 104678
103353 92712 1:0 104590
103353 46178 1:0 104458
103362 92681 1:0 104667
103362 46313 1:0 104678
103362 46318 1:0 104679
103362 46312 1:0 104679
103362 46323 1:0 104754
103368 46321 1:0 104678
103370 46320 1:0 104679
103373 46325 1:0 104678
103388 46460 1:0 104899
103389 46322 1:0 104678
103401 46324 1:0 104678
103483 92679 1:0 104811
103484 46466 1:0 104899
103484 46467 1:0 104900
103484 46459 1:0 104900
103484 46472 1:0 104985
103493 46470 1:0 104899
103493 46468 1:0 104899
103493 46469 1:0 104900
103493 46471 1:0 104900
103499 46465 1:0 104900
103503 92646 1:0 105032
103532 92616 1:0 105038
103573 46617 1:0 105196
103614 92615 1:0 105109
103615 46607 1:0 105120
103615 46613 1:0 105120
103615 46616 1:0 105120
103615 46612 1:0 105121
103615 46606 1:0 105121
103624 46619 1:0 105120
103624 46615 1:0 105120
103624 46618 1:0 105120
103624 46614 1:0 105121
103632 92614 1:0 105242
103651 92613 1:0 105253
103663 46765 1:0 105426
103745 92583 1:0 105337
103746 46764 1:0 105341
103746 46763 1:0 105342
103746 46766 1:0 105342
103755 46762 1:0 105341
103755 46754 1:0 105341
103755 46760 1:0 105341
103755 46759 1:0 105342
103755 46753 1:0 105342
103755 46761 1:0 105342
103761 92582 1:0 105464
103781 92581 1:0 105463
103794 92580 1:0 105474
103876 92550 1:0 105558
103877 46911 1:0 105562
103877 46901 1:0 105562
103877 46900 1:0 105563
103877 46913 1:0 105648
103886 46907 1:0 105562
103886 46909 1:0 105562
103886 46906 1:0 105563
103886 46908 1:0 105563
103886 46910 1:0 105563
103886 47931 1:0 107110
103892 46912 1:0 105563
103897 92548 1:0 105684
103925 92549 1:0 105685
104007 92547 1:0 105695
104008 92516 1:0 105769
104008 47056 1:0 105849
104017 92517 1:0 105701
104017 47060 1:0 105783
104017 47048 1:0 105783
104017 47054 1:0 105783
104017 47047 1:0 105784
104017 47053 1:0 105784
104023 47057 1:0 105783
104025 47058 1:0 105783
104028 47059 1:0 105783
104044 47055 1:0 105783
104056 47194 1:0 106005
104140 92515 1:0 105905
104141 92514 1:0 105916
104141 92484 1:0 105990
104150 47201 1:0 106004
104150 47195 1:0 106004
104150 47205 1:0 106004
104150 47206 1:0 106004
104150 47200 1:0 106005
104150 47202 1:0 106069
104156 47207 1:0 106004
104158 47203 1:0 106004
104169 359 21:0 104183
104176 47204 1:0 106004
104189 92483 1:0 106127
104243 92482 1:0 106126
104260 92481 1:0 106137
104268 46019 21:0 104325
104319 92451 1:0 106211
104321 47348 1:0 106225
104324 46025 0:0 104333
104325 46024 0:0 104340
104328 46031 21:0 104353
104329 47349 1:0 106290
104331 47342 1:0 106225
104331 47341 1:0 106226
104351 46030 0:0 104353
104352 46029 0:0 104353
104352 46028 0:0 104353
104352 46027 0:0 104353
104352 46026 0:0 104353
104352 46018 0:0 104353
104354 47354 1:0 106225
104354 47350 1:0 106225
104354 47351 1:0 106225
104354 47347 1:0 106226
104361 47352 1:0 106225
104361 47353 1:0 106225
104362 92449 1:0 106347
104371 92450 1:0 106348
104371 92448 1:0 106358
104377 92418 1:0 106364
104397 92416 1:0 106432
104398 47489 1:0 106446
104398 47494 1:0 106447
104410 47496 1:0 106511
104451 47501 1:0 106446
104459 47495 1:0 106446
104464 47488 1:0 106447
104479 47500 1:0 106446
104480 47499 1:0 106446
104492 46165 21:0 104548
104530 47497 1:0 106446
104540 47498 1:0 106446
104550 47646 1:0 106743
104552 46177 21:0 104574
104573 46172 0:0 104574
104573 46166 0:0 104574
104573 46176 0:0 104574
104573 46175 0:0 104574
104573 46174 0:0 104574
104573 46173 0:0 104574
104573 46178 0:0 104574
104573 46171 0:0 104574
104575 92417 1:0 106569
104575 92415 1:0 106579
104582 92384 1:0 106656
104583 92385 1:0 106585
104583 47645 1:0 106667
104592 47648 1:0 106667
104592 47642 1:0 106667
104592 47644 1:0 106667
104592 47636 1:0 106667
104592 47643 1:0 106668
104592 47635 1:0 106668
104598 47647 1:0 106667
104598 47641 1:0 106668
104618 92383 1:0 106789
104631 92382 1:0 106800
104672 47789 1:0 106888
104700 92350 1:0 106884
104701 47783 1:0 106888
104701 47788 1:0 106889
104751 92352 1:0 106885
104760 46323 21:0 104795
104761 47795 1:0 106974
104771 47793 1:0 106888
104793 46320 0:0 104795
104793 46322 0:0 104795
104793 46321 0:0 104795
104794 46318 0:0 104795
104794 46324 0:0 104795
104794 46313 0:0 104795
104794 46312 0:0 104795
104794 46325 0:0 104795
104794 46319 0:0 104795
104796 47791 1:0 106888
104796 47782 1:0 106889
104796 47792 1:0 106889
104796 47790 1:0 106889
104796 47929 1:0 107110
104803 47794 1:0 106889
104804 92351 1:0 107011
104804 92349 1:0 107021
104813 92317 1:0 107105
104813 92319 1:0 107106
104819 47942 1:0 107195
104821 47941 1:0 107110
104823 47930 1:0 107109
104824 47935 1:0 107110
104839 47940 1:0 107109
104840 47936 1:0 107109
104852 47939 1:0 107110
104893 47937 1:0 107110
104906 47938 1:0 107109
104923 92318 1:0 107232
104982 92316 1:0 107242
104991 46472 21:0 105016
104992 48084 1:0 107395
105014 46468 0:0 105016
105014 46471 0:0 105016
105014 46469 0:0 105016
105014 46470 0:0 105016
105015 46467 0:0 105016
105015 46459 0:0 105016
105015 46460 0:0 105016
105015 46466 0:0 105016
105015 46465 0:0 105016
105017 92286 1:0 107248
105017 92284 1:0 107316
105017 48077 1:0 107330
105024 48086 1:0 107330
105024 48085 1:0 107330
105025 48087 1:0 107330
105025 48088 1:0 107330
105025 48076 1:0 107331
105034 92285 1:0 107453
105034 48089 1:0 107330
105034 48083 1:0 107330
105034 48082 1:0 107331
105040 92283 1:0 107463
105044 48236 1:0 107637
105060 48233 1:0 107552
105061 48229 1:0 107552
105061 48223 1:0 107552
105073 48235 1:0 107552
105114 48232 1:0 107551
105127 48234 1:0 107551
105142 48230 1:0 107551
105142 48224 1:0 107551
105143 48231 1:0 107552
105143 48324 1:0 107677
105144 48323 1:0 107676
105202 46617 21:0 105237
105235 46615 0:0 105237
105235 46614 0:0 105237
105235 46616 0:0 105237
105236 46607 0:0 105237
105236 46613 0:0 105237
105236 46618 0:0 105237
105236 46619 0:0 105237
105236 46606 0:0 105237
105236 46612 0:0 105237
105436 46765 21:0 105458
105456 46766 0:0 105458
105457 46763 0:0 105458
105457 46764 0:0 105458
105457 46762 0:0 105458
105457 46759 0:0 105458
105457 46760 0:0 105458
105457 46753 0:0 105458
105457 46754 0:0 105458
105457 46761 0:0 105458
105654 46913 21:0 105679
105677 46912 0:0 105679
105677 46908 0:0 105679
105677 46911 0:0 105679
105677 46909 0:0 105679
105678 46906 0:0 105679
105678 46907 0:0 105679
105678 46901 0:0 105679
105678 46910 0:0 105679
105678 46900 0:0 105679
105855 47056 21:0 105900
105898 47055 0:0 105900
105898 47057 0:0 105900
105898 47059 0:0 105900
105899 47048 0:0 105900
105899 47047 0:0 105900
105899 47054 0:0 105900
105899 47058 0:0 105900
105899 47053 0:0 105900
105899 47060 0:0 105900
106079 47202 21:0 106121
106119 47204 0:0 106121
106119 47206 0:0 106121
106120 47201 0:0 106121
106120 47200 0:0 106121
106120 47205 0:0 106121
106120 47194 0:0 106121
106120 47207 0:0 106121
106120 47203 0:0 106121
106120 47195 0:0 106121
106300 47349 21:0 106342
106340 47351 0:0 106342
106341 47341 0:0 106342
106341 47354 0:0 106342
106341 47350 0:0 106342
106341 47348 0:0 106342
106341 47352 0:0 106342
106341 47353 0:0 106342
106341 47342 0:0 106342
106341 47347 0:0 106342
106521 47496 21:0 106563
106561 47500 0:0 106563
106561 47498 0:0 106563
106562 47499 0:0 106563
106562 47488 0:0 106563
106562 47494 0:0 106563
106562 47501 0:0 106563
106562 47489 0:0 106563
106562 47497 0:0 106563
106562 47495 0:0 106563
106749 47646 21:0 106784
106782 47647 0:0 106784
106782 47643 0:0 106784
106782 47645 0:0 106784
106783 47644 0:0 106784
106783 47635 0:0 106784
106783 47641 0:0 106784
106783 47648 0:0 106784
106783 47636 0:0 106784
106783 47642 0:0 106784
106980 47795 21:0 107005
107003 47794 0:0 107005
107003 47793 0:0 107005
107003 47791 0:0 107005
107003 47792 0:0 107005
107004 47782 0:0 107005
107004 47783 0:0 107005
107004 47788 0:0 107005
107004 47789 0:0 107005
107004 47790 0:0 107005
107201 47942 21:0 107226
107224 47939 0:0 107226
107224 47938 0:0 107226
107224 47940 0:0 107226
107224 47941 0:0 107226
107225 47937 0:0 107226
107225 47930 0:0 107226
107225 47931 0:0 107226
107225 47935 0:0 107226
107225 47936 0:0 107226
107225 47929 0:0 107226
107405 48084 21:0 107447
107445 48086 0:0 107447
107445 48088 0:0 107447
107446 48082 0:0 107447
107446 48087 0:0 107447
107446 48076 0:0 107447
107446 48077 0:0 107447
107446 48083 0:0 107447
107446 48085 0:0 107447
107446 48089 0:0 107447
107643 48236 21:0 304
