158 25155 0:0 160
158 25067 0:0 160
158 25065 0:0 160
158 25064 0:0 160
158 25063 0:0 160
159 25062 0:0 160
159 25061 0:0 160
159 25056 0:0 160
159 25055 0:0 160
159 25059 0:0 160
159 25068 0:0 160
159 25156 0:0 160
214 25262 0:0 217
219 25264 21:0 277
276 25265 0:0 288
290 25295 21:0 298
297 25296 0:0 298
298 25298 21:0 364
442 25361 0:0 445
447 25362 21:0 505
751 25494 0:0 754
754 25496 21:0 820
827 25528 21:0 885
884 25529 0:0 896
903 25561 21:0 961
974 25592 21:0 982
981 25593 0:0 982
982 25595 21:0 1048
1055 25626 21:0 1113
1131 25660 21:0 1189
1207 25693 21:0 1265
1431 25791 0:0 1434
1436 25793 21:0 1494
1438 25792 0:0 1439
1493 25794 0:0 1505
1507 25824 0:0 1510
1512 25825 21:0 1570
1514 25826 0:0 1515
1569 25827 0:0 1581
1583 25857 21:0 1591
1590 25859 0:0 1591
1590 25858 21:0 1657
1655 25860 0:0 1657
1659 25890 0:0 1662
1664 25892 21:0 1722
1666 25891 0:0 1667
1721 25893 0:0 1733
1735 25923 0:0 1738
1740 25924 21:0 1798
1742 25925 0:0 1743
1797 25926 0:0 1809
1811 25956 21:0 1819
1818 25958 0:0 1819
1818 25957 0:0 1819
1819 25959 21:0 1885
1887 25989 21:0 1895
1894 25991 0:0 1895
1894 25990 21:0 1961
1959 25992 0:0 1961
1963 26022 21:0 1971
1970 26023 0:0 1971
1970 26024 21:0 2037
2035 26025 0:0 2037
2039 26055 21:0 2047
2046 26056 0:0 2047
2046 26057 21:0 2113
2111 26058 0:0 2113
2115 26088 21:0 2123
2122 26089 0:0 2123
2122 26090 21:0 2189
2187 26091 0:0 2189
2191 26121 21:0 2199
2198 26122 0:0 2199
2198 26123 21:0 2265
2263 26124 0:0 2265
2267 26154 21:0 2275
2274 26156 0:0 2275
2274 26155 21:0 2341
2339 26157 0:0 2341
2343 26187 21:0 2351
2350 26188 0:0 2351
2350 26189 21:0 2417
2415 26190 0:0 2417
2419 26220 21:0 2427
2426 26222 0:0 2427
2426 26221 21:0 2493
2491 26223 0:0 2493
2495 26253 21:0 2503
2618 312 21:0 2632
2633 312 1:0 2581
2633 25693 1:0 2834
2633 25660 1:0 2956
2633 25626 1:0 3077
2633 25595 1:0 3193
2714 25593 1:0 3199
2715 25592 1:0 3209
2715 25561 1:0 3322
2723 25529 1:0 3437
2729 25528 1:0 3444
2836 25496 1:0 3559
2837 25494 1:0 3565
2837 25362 1:0 4053
2845 25361 1:0 4063
2851 25298 1:0 4291
2958 25296 1:0 4297
2959 25295 1:0 4307
2959 25265 1:0 4413
2967 25264 1:0 4420
2967 313 1:0 5751
2973 25262 1:0 4429
3080 26253 1:0 5902
3081 26223 1:0 6015
3089 26221 1:0 6022
4601 27233 21:0 4609
4608 27234 0:0 4609
4608 27235 21:0 4675
4673 27236 0:0 4675
4677 27266 21:0 4685
4684 27268 0:0 4685
4684 27267 21:0 4751
4749 27269 0:0 4751
4753 27299 21:0 4761
4760 27300 0:0 4761
4760 27301 21:0 4827
4825 27302 0:0 4827
4829 27332 21:0 4837
4836 27333 0:0 4837
4836 27334 21:0 4903
4901 27335 0:0 4903
4905 27365 21:0 4913
4912 27367 0:0 4913
4912 27366 21:0 4979
4977 27368 0:0 4979
4981 27398 21:0 4989
4988 27400 0:0 4989
4988 27399 21:0 5055
5053 27401 0:0 5055
5057 27431 21:0 5065
5064 27433 0:0 5065
5064 27432 21:0 5131
5129 27434 0:0 5131
5133 27464 21:0 5141
5140 27465 0:0 5141
5140 27466 21:0 5207
5205 27467 0:0 5207
5209 27497 0:0 5212
5214 27498 21:0 5272
5216 27499 0:0 5217
5271 27500 0:0 5283
5285 27530 0:0 5288
5290 27531 21:0 5348
5292 27532 0:0 5293
5347 27533 0:0 5359
5361 27563 21:0 5369
5368 27564 0:0 5369
5368 27565 21:0 5435
5433 27566 0:0 5435
5437 27596 21:0 5445
5444 27598 0:0 5445
5444 27597 21:0 5511
5518 27630 0:0 5521
5521 27632 21:0 5587
5589 27662 21:0 5597
5596 27664 21:0 5663
5670 27696 21:0 5728
5763 26222 1:0 6023
5764 26220 1:0 6033
5773 26190 1:0 6146
5773 26189 1:0 6154
5779 26188 1:0 6153
5783 26187 1:0 6164
5792 313 21:0 5806
5812 26157 1:0 6277
5894 26155 1:0 6284
5895 26156 1:0 6285
5904 26154 1:0 6295
5904 26124 1:0 6408
5910 26123 1:0 6416
5915 26122 1:0 6415
5943 26121 1:0 6426
6025 26091 1:0 6539
6026 26090 1:0 6547
6035 26089 1:0 6546
6035 26088 1:0 6557
6041 26058 1:0 6670
6046 26057 1:0 6678
6074 26056 1:0 6677
6156 26055 1:0 6688
6157 26025 1:0 6801
6166 26023 1:0 6808
6166 26024 1:0 6809
6172 26022 1:0 6819
6192 25992 1:0 6932
6205 25990 1:0 6939
6287 25991 1:0 6940
6288 25989 1:0 6950
6297 25959 1:0 7063
6297 25957 1:0 7070
6303 25958 1:0 7071
6323 25956 1:0 7081
6418 25926 1:0 7194
6419 25924 1:0 7201
6419 25925 1:0 7202
6428 25923 1:0 7212
6428 25893 1:0 7325
6436 25892 1:0 7333
6455 25891 1:0 7332
6549 25890 1:0 7343
6550 25860 1:0 7456
6550 25858 1:0 7463
6559 25859 1:0 7464
6559 25857 1:0 7474
6567 25827 1:0 7587
6586 25825 1:0 7594
6680 25826 1:0 7595
6681 25824 1:0 7605
6690 25794 1:0 7718
6690 25793 1:0 7726
6696 25792 1:0 7725
6700 25791 1:0 7736
6701 314 1:0 9066
7916 28675 21:0 7924
7923 28676 0:0 7924
7923 28677 21:0 7990
7988 28678 0:0 7990
7992 28708 21:0 8000
7999 28709 0:0 8000
7999 28710 21:0 8066
8064 28711 0:0 8066
8068 28741 21:0 8076
8075 28742 0:0 8076
8075 28743 0:0 8076
8076 28744 21:0 8142
8144 28774 21:0 8152
8151 28776 0:0 8152
8151 28775 0:0 8152
8152 28777 21:0 8218
8220 28807 21:0 8228
8227 28809 0:0 8228
8227 28808 21:0 8294
8292 28810 0:0 8294
8296 28840 21:0 8304
8303 28841 0:0 8304
8303 28842 21:0 8370
8368 28843 0:0 8370
8372 28873 21:0 8380
8379 28874 0:0 8380
8379 28875 21:0 8446
8444 28876 0:0 8446
8448 28906 21:0 8456
8455 28908 0:0 8456
8455 28907 21:0 8522
8520 28909 0:0 8522
8524 28939 21:0 8532
8531 28940 0:0 8532
8531 28941 21:0 8598
8596 28942 0:0 8598
8600 28972 21:0 8608
8605 28974 0:0 8608
8607 28973 0:0 8608
8608 28975 21:0 8674
8676 29005 0:0 8679
8681 29007 21:0 8739
8683 29006 0:0 8684
8738 29008 0:0 8750
8752 29038 0:0 8755
8757 29040 21:0 8815
8759 29039 0:0 8760
8814 29041 0:0 8826
8828 29071 0:0 8831
8833 29073 21:0 8891
8835 29072 0:0 8836
8890 29074 0:0 8902
8904 29104 21:0 8912
8980 29137 21:0 8988
9078 27696 1:0 9206
9079 27664 1:0 9338
9088 27662 1:0 9348
9088 27632 1:0 9461
9094 27630 1:0 9468
9098 27597 1:0 9599
9107 314 21:0 9121
9127 27598 1:0 9600
9209 27596 1:0 9610
9210 27566 1:0 9723
9219 27564 1:0 9730
9219 27565 1:0 9731
9225 27563 1:0 9741
9230 27533 1:0 9854
9258 27531 1:0 9861
9340 27532 1:0 9862
9341 27530 1:0 9872
9350 27500 1:0 9985
9350 27498 1:0 9992
9356 27499 1:0 9993
9361 27497 1:0 10003
9389 27467 1:0 10116
9471 27466 1:0 10124
9472 27465 1:0 10123
9481 27464 1:0 10134
9481 27434 1:0 10247
9487 27432 1:0 10254
9507 27433 1:0 10255
9520 27431 1:0 10265
9602 27401 1:0 10378
9603 27399 1:0 10385
9612 27400 1:0 10386
9612 27398 1:0 10396
9618 27368 1:0 10509
9638 27366 1:0 10516
9733 27367 1:0 10517
9734 27365 1:0 10527
9734 27335 1:0 10640
9743 27333 1:0 10647
9743 27334 1:0 10648
9751 27332 1:0 10658
9770 27302 1:0 10771
9864 27301 1:0 10779
9865 27300 1:0 10778
9865 27299 1:0 10789
9874 27269 1:0 10902
9874 27267 1:0 10909
9882 27268 1:0 10910
9901 27266 1:0 10920
9913 315 1:0 12381
9995 27236 1:0 11033
9996 27235 1:0 11041
10005 27234 1:0 11040
10005 27233 1:0 11051
10011 29137 1:0 12532
10016 29104 1:0 12663
10044 29074 1:0 12776
11231 30117 21:0 11239
11238 30118 0:0 11239
11238 30119 21:0 11305
11303 30120 0:0 11305
11307 30150 21:0 11315
11314 30152 0:0 11315
11314 30151 21:0 11381
11379 30153 0:0 11381
11383 30183 21:0 11391
11390 30185 0:0 11391
11390 30184 21:0 11457
11455 30186 0:0 11457
11459 30216 21:0 11467
11466 30218 0:0 11467
11466 30217 0:0 11467
11467 30219 21:0 11533
11535 30249 21:0 11543
11542 30250 0:0 11543
11542 30251 0:0 11543
11543 30252 21:0 11609
11611 30282 21:0 11619
11618 30283 0:0 11619
11618 30284 21:0 11685
11683 30285 0:0 11685
11687 30315 21:0 11695
11694 30317 0:0 11695
11694 30316 21:0 11761
11759 30318 0:0 11761
11763 30348 21:0 11771
11770 30350 0:0 11771
11770 30349 21:0 11837
11835 30351 0:0 11837
11839 30381 0:0 11842
11844 30383 21:0 11902
11846 30382 0:0 11847
11901 30384 0:0 11913
11915 30414 21:0 11923
11920 30415 0:0 11923
11920 30416 0:0 11923
11923 30417 21:0 11989
11991 30447 0:0 11994
11996 30449 21:0 12054
11998 30448 0:0 11999
12053 30450 0:0 12065
12067 30480 0:0 12070
12072 30482 21:0 12130
12074 30481 0:0 12075
12129 30483 0:0 12141
12143 30513 0:0 12146
12148 30514 21:0 12206
12150 30515 0:0 12151
12205 30516 0:0 12217
12219 30546 21:0 12227
12226 30548 21:0 12293
12295 30579 21:0 12303
12393 29073 1:0 12784
12394 29072 1:0 12783
12403 29071 1:0 12794
12403 29041 1:0 12907
12409 29040 1:0 12915
12413 29039 1:0 12914
12422 315 21:0 12436
12442 29038 1:0 12925
12524 29008 1:0 13038
12525 29007 1:0 13046
12534 29006 1:0 13045
12534 29005 1:0 13056
12540 28975 1:0 13169
12545 28974 1:0 13177
12573 28973 1:0 13176
12655 28972 1:0 13187
12656 28942 1:0 13300
12665 28940 1:0 13307
12665 28941 1:0 13308
12671 28939 1:0 13318
12676 28909 1:0 13431
12704 28907 1:0 13438
12786 28908 1:0 13439
12787 28906 1:0 13449
12796 28876 1:0 13562
12796 28875 1:0 13570
12802 28874 1:0 13569
12822 28873 1:0 13580
12835 28843 1:0 13693
12917 28842 1:0 13701
12918 28841 1:0 13700
12927 28840 1:0 13711
12927 28810 1:0 13824
12933 28808 1:0 13831
12953 28809 1:0 13832
13048 28807 1:0 13842
13049 28777 1:0 13955
13049 28775 1:0 13962
13058 28776 1:0 13963
13058 28774 1:0 13973
13066 28744 1:0 14086
13085 28742 1:0 14093
13179 28743 1:0 14094
13180 28741 1:0 14104
13180 28711 1:0 14217
13189 28709 1:0 14224
13189 28710 1:0 14225
13197 28708 1:0 14235
13216 28678 1:0 14348
13228 316 1:0 15696
13310 28677 1:0 14356
13311 28676 1:0 14355
13320 28675 1:0 14366
14546 31559 21:0 14554
14553 31561 0:0 14554
14553 31560 21:0 14620
14618 31562 0:0 14620
14622 31592 21:0 14630
14629 31594 0:0 14630
14629 31593 0:0 14630
14630 31595 21:0 14696
14698 31625 21:0 14706
14705 31627 0:0 14706
14705 31626 21:0 14772
14770 31628 0:0 14772
14774 31658 21:0 14782
14781 31659 0:0 14782
14781 31660 21:0 14848
14846 31661 0:0 14848
14850 31691 21:0 14858
14857 31692 0:0 14858
14857 31693 21:0 14924
14922 31694 0:0 14924
14926 31724 21:0 14934
14933 31726 0:0 14934
14933 31725 21:0 15000
14998 31727 0:0 15000
15002 31757 21:0 15010
15009 31759 0:0 15010
15009 31758 21:0 15076
15074 31760 0:0 15076
15078 31790 21:0 15086
15085 31792 0:0 15086
15085 31791 21:0 15152
15150 31793 0:0 15152
15154 31823 21:0 15162
15159 31825 0:0 15162
15159 31824 0:0 15162
15162 31826 21:0 15228
15230 31856 21:0 15238
15237 31858 0:0 15238
15237 31857 21:0 15304
15302 31859 0:0 15304
15306 31889 0:0 15309
15311 31891 21:0 15369
15313 31890 0:0 15314
15368 31892 0:0 15380
15382 31922 0:0 15385
15387 31924 21:0 15445
15389 31923 0:0 15390
15463 31957 21:0 15521
15539 31989 21:0 15597
15596 31991 0:0 15608
15618 32024 21:0 15684
15708 30579 1:0 15847
15709 30548 1:0 15968
15718 30546 1:0 15978
15718 30516 1:0 16091
15724 30514 1:0 16098
15728 30515 1:0 16099
15737 316 21:0 15751
15757 30513 1:0 16109
15839 30483 1:0 16222
15840 30482 1:0 16230
15849 30481 1:0 16229
15849 30480 1:0 16240
15855 30450 1:0 16353
15860 30449 1:0 16361
15888 30448 1:0 16360
15970 30447 1:0 16371
15971 30417 1:0 16484
15980 30415 1:0 16491
15980 30416 1:0 16492
15986 30414 1:0 16502
15991 30384 1:0 16615
16019 30383 1:0 16623
16101 30382 1:0 16622
16102 30381 1:0 16633
16111 30351 1:0 16746
16111 30349 1:0 16753
16117 30350 1:0 16754
16137 30348 1:0 16764
16150 30318 1:0 16877
16232 30316 1:0 16884
16233 30317 1:0 16885
16242 30315 1:0 16895
16242 30285 1:0 17008
16248 30284 1:0 17016
16268 30283 1:0 17015
16363 30282 1:0 17026
16364 30252 1:0 17139
16364 30251 1:0 17147
16373 30250 1:0 17146
16373 30249 1:0 17157
16381 30219 1:0 17270
16400 30217 1:0 17277
16494 30218 1:0 17278
16495 30216 1:0 17288
16495 30186 1:0 17401
16504 30184 1:0 17408
16504 30185 1:0 17409
16512 30183 1:0 17419
16531 30153 1:0 17532
16625 30151 1:0 17539
16626 30152 1:0 17540
16635 30150 1:0 17550
16635 30120 1:0 17663
16641 30119 1:0 17671
16645 30118 1:0 17670
16646 317 1:0 19011
16674 30117 1:0 17681
16756 32024 1:0 19144
16757 31991 1:0 19275
16766 31989 1:0 19282
16766 31957 1:0 19414
17861 33001 21:0 17869
17868 33002 0:0 17869
17868 33003 21:0 17935
17933 33004 0:0 17935
17937 33034 21:0 17945
17944 33036 0:0 17945
17944 33035 21:0 18011
18009 33037 0:0 18011
18013 33067 21:0 18021
18020 33068 0:0 18021
18020 33069 0:0 18021
18021 33070 21:0 18087
18089 33100 21:0 18097
18096 33102 0:0 18097
18096 33101 0:0 18097
18097 33103 21:0 18163
18165 33133 21:0 18173
18172 33135 0:0 18173
18172 33134 21:0 18239
18237 33136 0:0 18239
18241 33166 21:0 18249
18248 33167 0:0 18249
18248 33168 21:0 18315
18313 33169 0:0 18315
18317 33199 21:0 18325
18324 33201 0:0 18325
18324 33200 21:0 18391
18389 33202 0:0 18391
18393 33232 21:0 18401
18400 33233 0:0 18401
18400 33234 21:0 18467
18465 33235 0:0 18467
18469 33265 21:0 18477
18476 33266 0:0 18477
18476 33267 0:0 18477
18477 33268 21:0 18543
18545 33298 0:0 18548
18550 33299 21:0 18608
18552 33300 0:0 18553
18607 33301 0:0 18619
18621 33331 21:0 18629
18628 33332 0:0 18629
18628 33333 21:0 18695
18693 33334 0:0 18695
18697 33364 0:0 18700
18702 33365 21:0 18760
18704 33366 0:0 18705
18759 33367 0:0 18771
18773 33397 21:0 18781
18780 33398 0:0 18781
18780 33399 0:0 18781
18781 33400 21:0 18847
18849 33430 0:0 18852
18854 33432 21:0 18912
18856 33431 0:0 18857
18911 33433 0:0 18923
18925 33463 21:0 18933
18932 33465 0:0 18933
18932 33464 21:0 18999
19023 31924 1:0 19545
19024 31923 1:0 19544
19033 31922 1:0 19555
19033 31892 1:0 19668
19039 31891 1:0 19676
19043 31890 1:0 19675
19052 317 21:0 19066
19072 31889 1:0 19686
19154 31859 1:0 19799
19155 31857 1:0 19806
19164 31858 1:0 19807
19164 31856 1:0 19817
19170 31826 1:0 19930
19175 31824 1:0 19937
19203 31825 1:0 19938
19285 31823 1:0 19948
19286 31793 1:0 20061
19295 31791 1:0 20068
19295 31792 1:0 20069
19301 31790 1:0 20079
19306 31760 1:0 20192
19334 31758 1:0 20199
19416 31759 1:0 20200
19417 31757 1:0 20210
19426 31727 1:0 20323
19426 31725 1:0 20330
19432 31726 1:0 20331
19452 31724 1:0 20341
19465 31694 1:0 20454
19547 31693 1:0 20462
19548 31692 1:0 20461
19557 31691 1:0 20472
19557 31661 1:0 20585
19563 31660 1:0 20593
19583 31659 1:0 20592
19678 31658 1:0 20603
19679 31628 1:0 20716
19679 31626 1:0 20723
19688 31627 1:0 20724
19688 31625 1:0 20734
19696 31595 1:0 20847
19715 31594 1:0 20855
19809 31593 1:0 20854
19810 31592 1:0 20865
19810 31562 1:0 20978
19819 31560 1:0 20985
19819 31561 1:0 20986
19827 31559 1:0 20996
19830 318 1:0 22326
19858 33464 1:0 22466
19940 33465 1:0 22467
21176 34443 21:0 21184
21183 34445 0:0 21184
21183 34444 0:0 21184
21184 34446 21:0 21250
21252 34476 21:0 21260
21259 34477 0:0 21260
21259 34478 21:0 21326
21324 34479 0:0 21326
21328 34509 21:0 21336
21335 34510 0:0 21336
21335 34511 21:0 21402
21400 34512 0:0 21402
21404 34542 21:0 21412
21411 34544 0:0 21412
21411 34543 0:0 21412
21412 34545 21:0 21478
21480 34575 21:0 21488
21487 34576 0:0 21488
21487 34577 21:0 21554
21552 34578 0:0 21554
21556 34608 21:0 21564
21563 34610 0:0 21564
21563 34609 21:0 21630
21628 34611 0:0 21630
21632 34641 21:0 21640
21639 34643 0:0 21640
21639 34642 21:0 21706
21704 34644 0:0 21706
21708 34674 21:0 21716
21715 34676 0:0 21716
21715 34675 21:0 21782
21780 34677 0:0 21782
21784 34707 21:0 21792
21791 34709 0:0 21792
21791 34708 21:0 21858
21856 34710 0:0 21858
21860 34740 21:0 21868
21867 34741 0:0 21868
21867 34742 21:0 21934
21932 34743 0:0 21934
21936 34773 21:0 21944
21943 34775 0:0 21944
21943 34774 0:0 21944
21944 34776 21:0 22010
22012 34806 21:0 22020
22017 34808 0:0 22020
22019 34807 0:0 22020
22020 34809 21:0 22086
22088 34839 21:0 22096
22338 33463 1:0 22477
22339 33433 1:0 22590
22348 33431 1:0 22597
22348 33432 1:0 22598
22354 33430 1:0 22608
22358 33400 1:0 22721
22367 318 21:0 22381
22387 33399 1:0 22729
22469 33398 1:0 22728
22470 33397 1:0 22739
22479 33367 1:0 22852
22479 33365 1:0 22859
22485 33366 1:0 22860
22490 33364 1:0 22870
22518 33334 1:0 22983
22600 33333 1:0 22991
22601 33332 1:0 22990
22610 33331 1:0 23001
22610 33301 1:0 23114
22616 33299 1:0 23121
22621 33300 1:0 23122
22649 33298 1:0 23132
22731 33268 1:0 23245
22732 33267 1:0 23253
22741 33266 1:0 23252
22741 33265 1:0 23263
22747 33235 1:0 23376
22767 33234 1:0 23384
22780 33233 1:0 23383
22862 33232 1:0 23394
22863 33202 1:0 23507
22872 33200 1:0 23514
22872 33201 1:0 23515
22878 33199 1:0 23525
22898 33169 1:0 23638
22993 33168 1:0 23646
22994 33167 1:0 23645
22994 33166 1:0 23656
23003 33136 1:0 23769
23003 33134 1:0 23776
23011 33135 1:0 23777
23030 33133 1:0 23787
23124 33103 1:0 23900
23125 33101 1:0 23907
23125 33102 1:0 23908
23134 33100 1:0 23918
23134 33070 1:0 24031
23142 33069 1:0 24039
23161 33068 1:0 24038
23255 33067 1:0 24049
23256 33037 1:0 24162
23265 33035 1:0 24169
23265 33036 1:0 24170
23271 33034 1:0 24180
23275 33004 1:0 24293
23276 319 1:0 25641
23304 33003 1:0 24301
23386 33002 1:0 24300
23387 33001 1:0 24311
24491 35885 21:0 24499
24498 35886 0:0 24499
24498 35887 21:0 24565
24563 35888 0:0 24565
24567 35918 21:0 24575
24574 35919 0:0 24575
24574 35920 21:0 24641
24639 35921 0:0 24641
24643 35951 21:0 24651
24650 35953 0:0 24651
24650 35952 21:0 24717
24715 35954 0:0 24717
24719 35984 21:0 24727
24726 35986 0:0 24727
24726 35985 21:0 24793
24791 35987 0:0 24793
24795 36017 21:0 24803
24802 36018 0:0 24803
24802 36019 0:0 24803
24803 36020 21:0 24869
24871 36050 21:0 24879
24878 36051 0:0 24879
24878 36052 21:0 24945
24943 36053 0:0 24945
24947 36083 21:0 24955
24954 36084 0:0 24955
24954 36085 21:0 25021
25019 36086 0:0 25021
25023 36116 21:0 25031
25030 36117 0:0 25031
25030 36118 21:0 25097
25095 36119 0:0 25097
25099 36149 0:0 25102
25104 36150 21:0 25162
25106 36151 0:0 25107
25161 36152 0:0 25173
25175 36182 0:0 25178
25180 36184 21:0 25238
25182 36183 0:0 25183
25237 36185 0:0 25249
25251 36215 0:0 25254
25256 36217 21:0 25314
25258 36216 0:0 25259
25313 36218 0:0 25325
25327 36248 21:0 25335
25332 36249 0:0 25335
25334 36250 0:0 25335
25335 36251 21:0 25401
25403 36281 0:0 25406
25408 36282 21:0 25466
25410 36283 0:0 25411
25465 36284 0:0 25477
25479 36314 21:0 25487
25486 36315 0:0 25487
25486 36316 21:0 25553
25560 36349 21:0 25618
25617 36350 0:0 25629
25653 34839 1:0 26054
25654 34809 1:0 26167
25663 34807 1:0 26174
25663 34808 1:0 26175
25669 34806 1:0 26185
25673 34776 1:0 26298
25682 319 21:0 25696
25702 34774 1:0 26305
25784 34775 1:0 26306
25785 34773 1:0 26316
25794 34743 1:0 26429
25794 34742 1:0 26437
25800 34741 1:0 26436
25805 34740 1:0 26447
25833 34710 1:0 26560
25915 34708 1:0 26567
25916 34709 1:0 26568
25925 34707 1:0 26578
25925 34677 1:0 26691
25931 34675 1:0 26698
25936 34676 1:0 26699
25964 34674 1:0 26709
26046 34644 1:0 26822
26047 34642 1:0 26829
26056 34643 1:0 26830
26056 34641 1:0 26840
26062 34611 1:0 26953
26082 34609 1:0 26960
26095 34610 1:0 26961
26177 34608 1:0 26971
26178 34578 1:0 27084
26187 34576 1:0 27091
26187 34577 1:0 27092
26193 34575 1:0 27102
26213 34545 1:0 27215
26308 34544 1:0 27223
26309 34543 1:0 27222
26309 34542 1:0 27233
26318 34512 1:0 27346
26318 34511 1:0 27354
26326 34510 1:0 27353
26345 34509 1:0 27364
26439 34479 1:0 27477
26440 34477 1:0 27484
26440 34478 1:0 27485
26449 34476 1:0 27495
26449 34446 1:0 27608
26457 34445 1:0 27616
26476 34444 1:0 27615
26488 320 1:0 28956
26570 34443 1:0 27626
26571 36350 1:0 29089
26580 36349 1:0 29097
26580 36316 1:0 29228
27806 37327 21:0 27814
27813 37329 0:0 27814
27813 37328 21:0 27880
27878 37330 0:0 27880
27882 37360 21:0 27890
27889 37362 0:0 27890
27889 37361 21:0 27956
27954 37363 0:0 27956
27958 37393 21:0 27966
27965 37395 0:0 27966
27965 37394 0:0 27966
27966 37396 21:0 28032
28034 37426 21:0 28042
28041 37428 0:0 28042
28041 37427 0:0 28042
28042 37429 21:0 28108
28110 37459 21:0 28118
28117 37460 0:0 28118
28117 37461 21:0 28184
28182 37462 0:0 28184
28186 37492 21:0 28194
28193 37493 0:0 28194
28193 37494 21:0 28260
28258 37495 0:0 28260
28262 37525 21:0 28270
28269 37527 0:0 28270
28269 37526 21:0 28336
28334 37528 0:0 28336
28338 37558 21:0 28346
28345 37559 0:0 28346
28345 37560 21:0 28412
28410 37561 0:0 28412
28414 37591 0:0 28417
28419 37593 21:0 28477
28421 37592 0:0 28422
28476 37594 0:0 28488
28490 37624 0:0 28493
28495 37626 21:0 28553
28497 37625 0:0 28498
28552 37627 0:0 28564
28566 37657 0:0 28569
28571 37659 21:0 28629
28573 37658 0:0 28574
28628 37660 0:0 28640
28642 37690 21:0 28650
28649 37692 0:0 28650
28649 37691 0:0 28650
28650 37693 21:0 28716
28718 37723 0:0 28721
28723 37725 21:0 28781
28725 37724 0:0 28726
28780 37726 0:0 28792
28968 36315 1:0 29227
28969 36314 1:0 29238
28978 36284 1:0 29351
28978 36282 1:0 29358
28984 36283 1:0 29359
28988 36281 1:0 29369
28997 320 21:0 29011
29017 36251 1:0 29482
29099 36249 1:0 29489
29100 36250 1:0 29490
29109 36248 1:0 29500
29109 36218 1:0 29613
29115 36217 1:0 29621
29120 36216 1:0 29620
29148 36215 1:0 29631
29230 36185 1:0 29744
29231 36184 1:0 29752
29240 36183 1:0 29751
29240 36182 1:0 29762
29246 36152 1:0 29875
29251 36150 1:0 29882
29279 36151 1:0 29883
29361 36149 1:0 29893
29362 36119 1:0 30006
29371 36117 1:0 30013
29371 36118 1:0 30014
29377 36116 1:0 30024
29397 36086 1:0 30137
29410 36085 1:0 30145
29492 36084 1:0 30144
29493 36083 1:0 30155
29502 36053 1:0 30268
29502 36052 1:0 30276
29508 36051 1:0 30275
29528 36050 1:0 30286
29623 36020 1:0 30399
29624 36018 1:0 30406
29624 36019 1:0 30407
29633 36017 1:0 30417
29633 35987 1:0 30530
29641 35985 1:0 30537
29660 35986 1:0 30538
29754 35984 1:0 30548
29755 35954 1:0 30661
29755 35952 1:0 30668
29764 35953 1:0 30669
29764 35951 1:0 30679
29772 35921 1:0 30792
29791 35920 1:0 30800
29885 35919 1:0 30799
29886 35918 1:0 30810
29895 35888 1:0 30923
29895 35887 1:0 30931
29901 35886 1:0 30930
29905 35885 1:0 30941
29906 321 1:0 32271
29934 37726 1:0 32666
30016 37725 1:0 32674
30017 37724 1:0 32673
30026 37723 1:0 32684
31121 38769 21:0 31129
31128 38770 0:0 31129
31128 38771 21:0 31195
31193 38772 0:0 31195
31197 38802 21:0 31205
31204 38803 0:0 31205
31204 38804 21:0 31271
31269 38805 0:0 31271
31273 38835 21:0 31281
31280 38836 0:0 31281
31280 38837 21:0 31347
31345 38838 0:0 31347
31349 38868 21:0 31357
31356 38870 0:0 31357
31356 38869 0:0 31357
31357 38871 21:0 31423
31425 38901 21:0 31433
31432 38903 0:0 31433
31432 38902 21:0 31499
31497 38904 0:0 31499
31501 38934 21:0 31509
31508 38935 0:0 31509
31508 38936 21:0 31575
31573 38937 0:0 31575
31577 38967 21:0 31585
31584 38968 0:0 31585
31584 38969 21:0 31651
31649 38970 0:0 31651
31653 39000 21:0 31661
31660 39002 0:0 31661
31660 39001 21:0 31727
31725 39003 0:0 31727
31729 39033 21:0 31737
31736 39034 0:0 31737
31736 39035 21:0 31803
31801 39036 0:0 31803
31805 39066 21:0 31813
31812 39068 0:0 31813
31812 39067 21:0 31879
31877 39069 0:0 31879
31881 39099 21:0 31889
31888 39101 0:0 31889
31888 39100 21:0 31955
31953 39102 0:0 31955
31957 39132 21:0 31965
31962 39134 0:0 31965
31965 39135 21:0 32031
32033 39165 0:0 32036
32038 39166 21:0 32096
32040 39167 0:0 32041
32095 39168 0:0 32107
32109 39198 0:0 32112
32114 39199 21:0 32172
32116 39200 0:0 32117
32171 39201 0:0 32183
32185 39231 0:0 32188
32190 39232 21:0 32248
32192 39233 0:0 32193
32283 37693 1:0 32797
32284 37691 1:0 32804
32293 37692 1:0 32805
32293 37690 1:0 32815
32299 37660 1:0 32928
32303 37659 1:0 32936
32312 321 21:0 32326
32332 37658 1:0 32935
32414 37657 1:0 32946
32415 37627 1:0 33059
32424 37625 1:0 33066
32424 37626 1:0 33067
32430 37624 1:0 33077
32435 37594 1:0 33190
32463 37593 1:0 33198
32545 37592 1:0 33197
32546 37591 1:0 33208
32555 37561 1:0 33321
32555 37560 1:0 33329
32561 37559 1:0 33328
32566 37558 1:0 33339
32594 37528 1:0 33452
32676 37526 1:0 33459
32677 37527 1:0 33460
32686 37525 1:0 33470
32686 37495 1:0 33583
32692 37494 1:0 33591
32712 37493 1:0 33590
32725 37492 1:0 33601
32807 37462 1:0 33714
32808 37461 1:0 33722
32817 37460 1:0 33721
32817 37459 1:0 33732
32823 37429 1:0 33845
32843 37428 1:0 33853
32938 37427 1:0 33852
32939 37426 1:0 33863
32939 37396 1:0 33976
32948 37394 1:0 33983
32948 37395 1:0 33984
32956 37393 1:0 33994
32975 37363 1:0 34107
33069 37361 1:0 34114
33070 37362 1:0 34115
33070 37360 1:0 34125
33079 37330 1:0 34238
33079 37328 1:0 34245
33087 37329 1:0 34246
33106 37327 1:0 34256
33118 322 1:0 35586
34436 40211 21:0 34444
34443 40213 0:0 34444
34443 40212 0:0 34444
34444 40214 21:0 34510
34512 40244 21:0 34520
34519 40245 0:0 34520
34519 40246 0:0 34520
34520 40247 21:0 34586
34588 40277 21:0 34596
34595 40278 0:0 34596
34595 40279 0:0 34596
34596 40280 21:0 34662
34664 40310 21:0 34672
34671 40311 0:0 34672
34671 40312 21:0 34738
34736 40313 0:0 34738
34740 40343 21:0 34748
34747 40344 0:0 34748
34747 40345 0:0 34748
34748 40346 21:0 34814
34816 40376 21:0 34824
34823 40378 0:0 34824
34823 40377 0:0 34824
34824 40379 21:0 34890
34892 40409 21:0 34900
34899 40411 0:0 34900
34899 40410 21:0 34966
34964 40412 0:0 34966
34968 40442 21:0 34976
34975 40443 0:0 34976
34975 40444 21:0 35042
35040 40445 0:0 35042
35044 40475 21:0 35052
35051 40477 0:0 35052
35051 40476 21:0 35118
35116 40478 0:0 35118
35120 40508 21:0 35128
35127 40510 0:0 35128
35127 40509 0:0 35128
35128 40511 21:0 35194
35196 40541 21:0 35204
35201 40542 0:0 35204
35201 40543 0:0 35204
35204 40544 21:0 35270
35272 40574 21:0 35280
35279 40576 0:0 35280
35279 40575 0:0 35280
35280 40577 21:0 35346
35598 39232 1:0 35726
35599 39233 1:0 35727
35608 39231 1:0 35737
35608 39201 1:0 35850
35614 39199 1:0 35857
35618 39200 1:0 35858
35627 322 21:0 35641
35647 39198 1:0 35868
35729 39168 1:0 35981
35730 39166 1:0 35988
35739 39167 1:0 35989
35739 39165 1:0 35999
35745 39135 1:0 36112
35750 39134 1:0 36120
35778 39132 1:0 36130
35860 39102 1:0 36243
35861 39100 1:0 36250
35870 39101 1:0 36251
35870 39099 1:0 36261
35876 39069 1:0 36374
35881 39067 1:0 36381
35909 39068 1:0 36382
35991 39066 1:0 36392
35992 39036 1:0 36505
36001 39034 1:0 36512
36001 39035 1:0 36513
36007 39033 1:0 36523
36027 39003 1:0 36636
36040 39001 1:0 36643
36122 39002 1:0 36644
36123 39000 1:0 36654
36132 38970 1:0 36767
36132 38969 1:0 36775
36138 38968 1:0 36774
36158 38967 1:0 36785
36253 38937 1:0 36898
36254 38935 1:0 36905
36254 38936 1:0 36906
36263 38934 1:0 36916
36263 38904 1:0 37029
36271 38902 1:0 37036
36290 38903 1:0 37037
36384 38901 1:0 37047
36385 38871 1:0 37160
36385 38870 1:0 37168
36394 38869 1:0 37167
36394 38868 1:0 37178
36402 38838 1:0 37291
36421 38837 1:0 37299
36515 38836 1:0 37298
36516 38835 1:0 37309
36525 38805 1:0 37422
36525 38804 1:0 37430
36531 38803 1:0 37429
36535 38802 1:0 37440
36536 323 1:0 38901
36564 38772 1:0 37553
36646 38771 1:0 37561
36647 38770 1:0 37560
36656 38769 1:0 37571
36656 40577 1:0 39427
37751 41653 21:0 37759
37758 41655 0:0 37759
37758 41654 21:0 37825
37823 41656 0:0 37825
37827 41686 21:0 37835
37834 41687 0:0 37835
37834 41688 21:0 37901
37899 41689 0:0 37901
37903 41719 21:0 37911
37910 41720 0:0 37911
37910 41721 21:0 37977
37975 41722 0:0 37977
37979 41752 21:0 37987
37986 41754 0:0 37987
37986 41753 21:0 38053
38051 41755 0:0 38053
38055 41785 21:0 38063
38062 41786 0:0 38063
38062 41787 21:0 38129
38127 41788 0:0 38129
38131 41818 21:0 38139
38138 41819 0:0 38139
38138 41820 21:0 38205
38203 41821 0:0 38205
38207 41851 21:0 38215
38214 41853 0:0 38215
38214 41852 21:0 38281
38279 41854 0:0 38281
38283 41884 21:0 38291
38290 41885 0:0 38291
38290 41886 21:0 38357
38355 41887 0:0 38357
38359 41917 21:0 38367
38366 41919 0:0 38367
38366 41918 0:0 38367
38367 41920 21:0 38433
38435 41950 21:0 38443
38442 41952 0:0 38443
38442 41951 21:0 38509
38507 41953 0:0 38509
38511 41983 0:0 38514
38516 41984 21:0 38574
38518 41985 0:0 38519
38573 41986 0:0 38585
38587 42016 21:0 38595
38594 42018 0:0 38595
38594 42017 21:0 38661
38659 42019 0:0 38661
38663 42049 0:0 38666
38668 42050 21:0 38726
38670 42051 0:0 38671
38725 42052 0:0 38737
38739 42082 21:0 38747
38744 42084 0:0 38747
38746 42083 0:0 38747
38747 42085 21:0 38813
38815 42115 21:0 38823
38822 42117 0:0 38823
38822 42116 21:0 38889
38913 40576 1:0 39435
38914 40575 1:0 39434
38923 40574 1:0 39445
38923 40544 1:0 39558
38929 40542 1:0 39565
38933 40543 1:0 39566
38942 323 21:0 38956
38962 40541 1:0 39576
39044 40511 1:0 39689
39045 40510 1:0 39697
39054 40509 1:0 39696
39054 40508 1:0 39707
39060 40478 1:0 39820
39065 40476 1:0 39827
39093 40477 1:0 39828
39175 40475 1:0 39838
39176 40445 1:0 39951
39185 40443 1:0 39958
39185 40444 1:0 39959
39191 40442 1:0 39969
39196 40412 1:0 40082
39224 40410 1:0 40089
39306 40411 1:0 40090
39307 40409 1:0 40100
39316 40379 1:0 40213
39316 40378 1:0 40221
39322 40377 1:0 40220
39342 40376 1:0 40231
39355 40346 1:0 40344
39437 40344 1:0 40351
39438 40345 1:0 40352
39447 40343 1:0 40362
39447 40313 1:0 40475
39453 40312 1:0 40483
39473 40311 1:0 40482
39568 40310 1:0 40493
39569 40280 1:0 40606
39569 40279 1:0 40614
39578 40278 1:0 40613
39578 40277 1:0 40624
39586 40247 1:0 40737
39605 40245 1:0 40744
39699 40246 1:0 40745
39700 40244 1:0 40755
39700 40214 1:0 40868
39709 40212 1:0 40875
39709 40213 1:0 40876
39717 40211 1:0 40886
39720 324 1:0 42216
41066 43095 21:0 41074
41073 43096 0:0 41074
41073 43097 21:0 41140
41138 43098 0:0 41140
41142 43128 21:0 41150
41149 43130 0:0 41150
41149 43129 21:0 41216
41214 43131 0:0 41216
41218 43161 21:0 41226
41223 43163 0:0 41226
41225 43162 0:0 41226
41226 43164 21:0 41292
41294 43194 21:0 41302
41301 43196 0:0 41302
41301 43195 0:0 41302
41302 43197 21:0 41368
41370 43227 21:0 41378
41377 43229 0:0 41378
41377 43228 0:0 41378
41378 43230 21:0 41444
41446 43260 21:0 41454
41453 43262 0:0 41454
41453 43261 21:0 41520
41518 43263 0:0 41520
41522 43293 21:0 41530
41529 43295 0:0 41530
41529 43294 21:0 41596
41594 43296 0:0 41596
41598 43326 21:0 41606
41605 43328 0:0 41606
41605 43327 21:0 41672
41670 43329 0:0 41672
41674 43359 0:0 41677
41679 43360 21:0 41737
41681 43361 0:0 41682
41736 43362 0:0 41748
41750 43392 0:0 41753
41755 43393 21:0 41813
41757 43394 0:0 41758
41812 43395 0:0 41824
41831 43426 21:0 41889
41833 43427 0:0 41834
41888 43428 0:0 41900
41907 43459 21:0 41965
41978 43491 21:0 41986
41985 43492 0:0 41986
41986 43494 21:0 42052
42228 42116 1:0 42356
42229 42117 1:0 42357
42238 42115 1:0 42367
42238 42085 1:0 42480
42244 42084 1:0 42488
42248 42083 1:0 42487
42257 324 21:0 42271
42277 42082 1:0 42498
42359 42052 1:0 42611
42360 42050 1:0 42618
42369 42051 1:0 42619
42369 42049 1:0 42629
42375 42019 1:0 42742
42380 42017 1:0 42749
42408 42018 1:0 42750
42490 42016 1:0 42760
42491 41986 1:0 42873
42500 41984 1:0 42880
42500 41985 1:0 42881
42506 41983 1:0 42891
42511 41953 1:0 43004
42539 41951 1:0 43011
42621 41952 1:0 43012
42622 41950 1:0 43022
42631 41920 1:0 43135
42631 41919 1:0 43143
42637 41918 1:0 43142
42657 41917 1:0 43153
42670 41887 1:0 43266
42752 41886 1:0 43274
42753 41885 1:0 43273
42762 41884 1:0 43284
42762 41854 1:0 43397
42768 41852 1:0 43404
42788 41853 1:0 43405
42883 41851 1:0 43415
42884 41821 1:0 43528
42884 41820 1:0 43536
42893 41819 1:0 43535
42893 41818 1:0 43546
42901 41788 1:0 43659
42920 41787 1:0 43667
43014 41786 1:0 43666
43015 41785 1:0 43677
43015 41755 1:0 43790
43024 41753 1:0 43797
43024 41754 1:0 43798
43032 41752 1:0 43808
43051 41722 1:0 43921
43145 41721 1:0 43929
43146 41720 1:0 43928
43155 41719 1:0 43939
43155 41689 1:0 44052
43161 41688 1:0 44060
43165 41687 1:0 44059
43166 325 1:0 45531
43194 41686 1:0 44070
43276 41656 1:0 44183
43277 41654 1:0 44190
43286 41655 1:0 44191
43286 41653 1:0 44201
43292 43494 1:0 45926
44381 44537 21:0 44389
44388 44539 0:0 44389
44388 44538 21:0 44455
44453 44540 0:0 44455
44457 44570 21:0 44465
44464 44572 0:0 44465
44464 44571 21:0 44531
44529 44573 0:0 44531
44533 44603 21:0 44541
44540 44605 0:0 44541
44540 44604 21:0 44607
44605 44606 0:0 44607
44609 44636 21:0 44617
44616 44638 0:0 44617
44616 44637 21:0 44683
44681 44639 0:0 44683
44685 44669 21:0 44693
44692 44671 0:0 44693
44692 44670 21:0 44759
44757 44672 0:0 44759
44761 44702 21:0 44769
44768 44703 0:0 44769
44768 44704 21:0 44835
44833 44705 0:0 44835
44837 44735 21:0 44845
44844 44736 0:0 44845
44844 44737 21:0 44911
44909 44738 0:0 44911
44913 44768 21:0 44921
44920 44770 0:0 44921
44920 44769 0:0 44921
44921 44771 21:0 44987
44989 44801 21:0 44997
44996 44803 0:0 44997
44996 44802 21:0 45063
45061 44804 0:0 45063
45065 44834 21:0 45073
45072 44835 0:0 45073
45072 44836 21:0 45139
45137 44837 0:0 45139
45141 44867 21:0 45149
45148 44869 0:0 45149
45148 44868 21:0 45215
45213 44870 0:0 45215
45217 44900 21:0 45225
45224 44901 0:0 45225
45224 44902 21:0 45291
45289 44903 0:0 45291
45293 44933 21:0 45301
45300 44935 0:0 45301
45300 44934 21:0 45367
45365 44936 0:0 45367
45369 44966 21:0 45377
45376 44967 0:0 45377
45376 44968 21:0 45443
45441 44969 0:0 45443
45445 44999 21:0 45453
45452 45001 0:0 45453
45452 45000 0:0 45453
45453 45002 21:0 45519
45543 43492 1:0 45933
45544 43491 1:0 45944
45553 43459 1:0 46064
45553 43428 1:0 46188
45559 43426 1:0 46195
45563 43427 1:0 46196
45572 325 21:0 45586
45592 43395 1:0 46319
45674 43393 1:0 46326
45675 43394 1:0 46327
45684 43392 1:0 46337
45684 43362 1:0 46450
45690 43360 1:0 46457
45695 43361 1:0 46458
45723 43359 1:0 46468
45805 43329 1:0 46581
45806 43327 1:0 46588
45815 43328 1:0 46589
45815 43326 1:0 46599
45821 43296 1:0 46712
45826 43294 1:0 46719
45854 43295 1:0 46720
45936 43293 1:0 46730
45937 43263 1:0 46843
45946 43261 1:0 46850
45946 43262 1:0 46851
45952 43260 1:0 46861
45972 43230 1:0 46974
45985 43228 1:0 46981
46067 43229 1:0 46982
46068 43227 1:0 46992
46077 43197 1:0 47105
46077 43195 1:0 47112
46083 43196 1:0 47113
46103 43194 1:0 47123
46198 43164 1:0 47236
46199 43162 1:0 47243
46199 43163 1:0 47244
46208 43161 1:0 47254
46208 43131 1:0 47367
46216 43129 1:0 47374
46235 43130 1:0 47375
46329 43128 1:0 47385
46330 43098 1:0 47498
46330 43097 1:0 47506
46339 43096 1:0 47505
46339 43095 1:0 47516
46345 326 1:0 48846
47696 45979 0:0 47699
47701 45980 21:0 47759
47703 45981 0:0 47704
47772 46012 21:0 47780
47779 46013 0:0 47780
47779 46014 0:0 47780
47780 46015 21:0 47846
47848 46045 21:0 47856
47855 46046 0:0 47856
47855 46047 21:0 47922
47920 46048 0:0 47922
47924 46078 21:0 47932
47929 46080 0:0 47932
47932 46081 21:0 47998
48000 46111 0:0 48003
48005 46112 21:0 48063
48007 46113 0:0 48008
48062 46114 0:0 48074
48076 46144 21:0 48084
48083 46145 0:0 48084
48083 46146 21:0 48150
48148 46147 0:0 48150
48152 46177 0:0 48155
48157 46178 21:0 48215
48159 46179 0:0 48160
48214 46180 0:0 48226
48228 46210 0:0 48231
48233 46211 21:0 48291
48235 46212 0:0 48236
48290 46213 0:0 48302
48304 46243 21:0 48312
48311 46244 21:0 48378
48380 46276 0:0 48383
48385 46278 21:0 48443
48387 46277 0:0 48388
48442 46279 0:0 48454
48456 46309 21:0 48464
48463 46311 0:0 48464
48463 46310 21:0 48530
48528 46312 0:0 48530
48537 46344 0:0 48540
48537 46343 0:0 48540
48540 46345 21:0 48606
48613 46377 0:0 48616
48616 46378 21:0 48682
48689 46409 21:0 48747
48858 45002 1:0 48979
48859 45000 1:0 48986
48868 45001 1:0 48987
48868 44999 1:0 48997
48874 44969 1:0 49110
48878 44968 1:0 49118
48887 326 21:0 48901
48907 44967 1:0 49117
48989 44966 1:0 49128
48990 44936 1:0 49241
48999 44934 1:0 49248
48999 44935 1:0 49249
49005 44933 1:0 49259
49010 44903 1:0 49372
49038 44902 1:0 49380
49120 44901 1:0 49379
49121 44900 1:0 49390
49130 44870 1:0 49503
49130 44868 1:0 49510
49136 44869 1:0 49511
49141 44867 1:0 49521
49169 44837 1:0 49634
49251 44836 1:0 49642
49252 44835 1:0 49641
49261 44834 1:0 49652
49261 44804 1:0 49765
49267 44802 1:0 49772
49287 44803 1:0 49773
49300 44801 1:0 49783
49382 44771 1:0 49896
49383 44770 1:0 49904
49392 44769 1:0 49903
49392 44768 1:0 49914
49398 44738 1:0 50027
49418 44737 1:0 50035
49513 44736 1:0 50034
49514 44735 1:0 50045
49514 44705 1:0 50158
49523 44703 1:0 50165
49523 44704 1:0 50166
49531 44702 1:0 50176
49550 44672 1:0 50289
49644 44670 1:0 50296
49645 44671 1:0 50297
49645 44669 1:0 50307
49654 44639 1:0 50420
49654 44637 1:0 50427
49662 44638 1:0 50428
49681 44636 1:0 50438
49775 44606 1:0 50551
49776 44604 1:0 50558
49785 44605 1:0 50559
49785 44603 1:0 50569
49791 44573 1:0 50682
49795 44571 1:0 50689
49796 327 1:0 50944
49824 44572 1:0 50690
49906 44570 1:0 50700
49907 44540 1:0 50813
49916 44538 1:0 50820
49916 44539 1:0 50821
49922 44537 1:0 50831
49926 22861 1:0 51128
49942 22859 1:0 51052
49942 22850 1:0 51053
49943 22857 1:0 51052
49943 22856 1:0 51053
49955 22851 1:0 51052
49955 22858 1:0 51053
50037 22862 1:0 51052
50037 22860 1:0 51052
50038 22863 1:0 51052
50038 23006 1:0 51339
50047 46409 1:0 51259
50047 22998 1:0 51273
50047 23007 1:0 51274
50047 23010 1:0 51274
50053 22997 1:0 51274
50053 23003 1:0 51274
50053 23008 1:0 51274
50057 23005 1:0 51274
50073 23009 1:0 51274
50074 23004 1:0 51273
50086 23152 1:0 51559
50168 46378 1:0 51480
50169 23155 1:0 51494
50169 23154 1:0 51494
50169 23151 1:0 51494
50169 23145 1:0 51494
50169 23150 1:0 51495
50178 23153 1:0 51494
50178 23157 1:0 51494
50178 23156 1:0 51494
50178 23144 1:0 51495
50184 46377 1:0 51617
50204 46345 1:0 51711
50205 23303 1:0 51800
50217 23298 1:0 51715
50217 23292 1:0 51715
50299 23304 1:0 51715
50299 23300 1:0 51715
50300 23302 1:0 51715
50300 23299 1:0 51716
50300 23301 1:0 51716
50309 23297 1:0 51716
50309 23291 1:0 51716
50309 46344 1:0 51838
50315 46343 1:0 51837
50320 46312 1:0 51854
50348 46310 1:0 51932
50430 23443 1:0 51936
50430 23439 1:0 51936
50430 23446 1:0 51937
50430 23438 1:0 51937
50430 23442 1:0 51937
50430 23450 1:0 52021
50431 23445 1:0 51936
50431 23447 1:0 51936
50431 23444 1:0 51937
50440 23449 1:0 51936
50440 23451 1:0 51936
50440 23448 1:0 51937
50446 46311 1:0 52059
50450 46309 1:0 52069
50467 46279 1:0 52075
50479 23597 1:0 52242
50561 46278 1:0 52153
50562 23592 1:0 52157
50562 23586 1:0 52157
50562 23594 1:0 52157
50562 23593 1:0 52158
50571 23598 1:0 52157
50571 23596 1:0 52157
50571 23588 1:0 52157
50571 23595 1:0 52158
50571 23591 1:0 52158
50571 23585 1:0 52158
50579 46277 1:0 52279
50597 46276 1:0 52290
50610 23745 1:0 52464
50692 46244 1:0 52374
50693 23743 1:0 52378
50693 23733 1:0 52378
50693 23744 1:0 52379
50702 23739 1:0 52378
50702 23741 1:0 52378
50702 23742 1:0 52379
50702 23738 1:0 52379
50702 23740 1:0 52379
50702 23732 1:0 52379
50708 46243 1:0 52511
50713 46213 1:0 52517
50741 46211 1:0 52588
50823 23892 1:0 52599
50823 23885 1:0 52600
50823 23889 1:0 52674
50824 23890 1:0 52599
50824 23886 1:0 52599
50824 23887 1:0 52600
50833 23880 1:0 52599
50833 23888 1:0 52599
50833 23891 1:0 52599
50833 23884 1:0 52599
50833 23879 1:0 52600
50839 46212 1:0 52722
50843 46210 1:0 52732
50872 46180 1:0 52738
50913 24027 1:0 52820
50913 24034 1:0 52885
50956 46178 1:0 52806
50957 24039 1:0 52820
50957 24038 1:0 52820
50966 24036 1:0 52820
50966 24035 1:0 52820
50966 24033 1:0 52820
50966 24037 1:0 52820
50966 24029 1:0 52820
50966 24032 1:0 52821
50966 24026 1:0 52821
50972 46179 1:0 52943
50985 327 21:0 50999
50993 46177 1:0 52953
51046 46146 1:0 53037
51074 46147 1:0 52959
51075 24185 1:0 53126
51125 24183 1:0 53042
51134 22861 21:0 51169
51135 24181 1:0 53042
51145 24182 1:0 53041
51167 22860 0:0 51169
51167 22859 0:0 51169
51167 22862 0:0 51169
51168 22851 0:0 51169
51168 22850 0:0 51169
51168 22858 0:0 51169
51168 22857 0:0 51169
51168 22863 0:0 51169
51168 22856 0:0 51169
51170 24184 1:0 53041
51170 24180 1:0 53041
51170 24186 1:0 53041
51170 24174 1:0 53041
51170 24178 1:0 53041
51170 24173 1:0 53042
51170 24179 1:0 53042
51177 46145 1:0 53163
51178 46144 1:0 53174
51178 46114 1:0 53180
51187 46112 1:0 53251
51187 24321 1:0 53262
51187 24331 1:0 53338
51193 24330 1:0 53262
51193 24329 1:0 53262
51195 24323 1:0 53262
51195 24320 1:0 53263
51198 24333 1:0 53262
51214 24328 1:0 53263
51226 24327 1:0 53262
51226 24332 1:0 53262
51226 24326 1:0 53263
51295 46113 1:0 53385
51345 23006 21:0 51390
51346 46111 1:0 53395
51366 46081 1:0 53479
51388 23005 0:0 51390
51388 23007 0:0 51390
51389 23003 0:0 51390
51389 23004 0:0 51390
51389 23008 0:0 51390
51389 23010 0:0 51390
51389 23009 0:0 51390
51389 22998 0:0 51390
51389 22997 0:0 51390
51391 24468 1:0 53483
51391 24478 1:0 53483
51391 24470 1:0 53483
51391 24474 1:0 53483
51391 24477 1:0 53484
51391 24467 1:0 53484
51391 24473 1:0 53484
51391 24479 1:0 53568
51398 24476 1:0 53483
51398 24475 1:0 53484
51399 24480 1:0 53483
51399 46080 1:0 53606
51408 46078 1:0 53616
51408 46048 1:0 53622
51416 46047 1:0 53693
51419 24624 1:0 53779
51434 24621 1:0 53704
51434 24617 1:0 53704
51434 24620 1:0 53705
51447 24614 1:0 53705
51447 24622 1:0 53705
51488 24627 1:0 53704
51488 24615 1:0 53704
51516 24626 1:0 53704
51517 24625 1:0 53704
51567 24623 1:0 53704
51569 23152 21:0 51611
51587 46046 1:0 53826
51609 23154 0:0 51611
51610 23150 0:0 51611
51610 23144 0:0 51611
51610 23145 0:0 51611
51610 23151 0:0 51611
51610 23156 0:0 51611
51610 23157 0:0 51611
51610 23153 0:0 51611
51610 23155 0:0 51611
51612 46045 1:0 53837
51612 46015 1:0 53911
51612 24769 1:0 53990
51619 24768 1:0 53925
51619 24762 1:0 53925
51619 24772 1:0 53926
51620 24771 1:0 53926
51620 24770 1:0 53926
51629 24774 1:0 53926
51629 24761 1:0 53926
51629 24773 1:0 53926
51629 24767 1:0 53926
51629 46013 1:0 54047
51637 46014 1:0 54048
51656 46012 1:0 54058
51709 45980 1:0 54135
51722 24908 1:0 54147
51722 24918 1:0 54221
51738 24919 1:0 54146
51739 24917 1:0 54146
51788 24921 1:0 54146
51798 24915 1:0 54146
51808 24914 1:0 54147
51808 24916 1:0 54147
51810 23303 21:0 51832
51831 23304 0:0 51832
51831 23291 0:0 51832
51831 23297 0:0 51832
51831 23300 0:0 51832
51831 23299 0:0 51832
51831 23301 0:0 51832
51831 23302 0:0 51832
51831 23292 0:0 51832
51831 23298 0:0 51832
51833 24920 1:0 54146
51833 24909 1:0 54146
51833 45981 1:0 54269
51840 45979 1:0 54279
51840 25055 1:0 54368
51840 25066 1:0 54443
51841 25065 1:0 54367
51841 25062 1:0 54367
51841 25056 1:0 54367
51841 25061 1:0 54368
51841 25059 1:0 54368
51850 25064 1:0 54367
51850 25067 1:0 54367
51850 25068 1:0 54367
51850 25063 1:0 54368
51850 25155 1:0 54492
51850 25156 1:0 54493
52031 23450 21:0 52053
52052 23442 0:0 52053
52052 23448 0:0 52053
52052 23446 0:0 52053
52052 23439 0:0 52053
52052 23449 0:0 52053
52052 23443 0:0 52053
52052 23438 0:0 52053
52052 23447 0:0 52053
52052 23451 0:0 52053
52052 23444 0:0 52053
52052 23445 0:0 52053
52252 23597 21:0 52274
52273 23586 0:0 52274
52273 23596 0:0 52274
52273 23591 0:0 52274
52273 23595 0:0 52274
52273 23588 0:0 52274
52273 23598 0:0 52274
52273 23592 0:0 52274
52273 23593 0:0 52274
52273 23585 0:0 52274
52273 23594 0:0 52274
52470 23745 21:0 52495
52493 23741 0:0 52495
52493 23742 0:0 52495
52493 23744 0:0 52495
52493 23743 0:0 52495
52494 23733 0:0 52495
52494 23732 0:0 52495
52494 23740 0:0 52495
52494 23739 0:0 52495
52494 23738 0:0 52495
52684 23889 21:0 52716
52715 23879 0:0 52716
52715 23892 0:0 52716
52715 23880 0:0 52716
52715 23890 0:0 52716
52715 23887 0:0 52716
52715 23884 0:0 52716
52715 23885 0:0 52716
52715 23886 0:0 52716
52715 23891 0:0 52716
52715 23888 0:0 52716
52895 24034 21:0 52937
52935 24038 0:0 52937
52935 24036 0:0 52937
52936 24032 0:0 52937
52936 24035 0:0 52937
52936 24037 0:0 52937
52936 24039 0:0 52937
52936 24033 0:0 52937
52936 24029 0:0 52937
52936 24026 0:0 52937
52936 24027 0:0 52937
53136 24185 21:0 53158
53157 24183 0:0 53158
53157 24181 0:0 53158
53157 24173 0:0 53158
53157 24179 0:0 53158
53157 24180 0:0 53158
53157 24184 0:0 53158
53157 24186 0:0 53158
53157 24178 0:0 53158
53157 24182 0:0 53158
53157 24174 0:0 53158
53344 24331 21:0 53379
53377 24328 0:0 53379
53377 24329 0:0 53379
53377 24330 0:0 53379
53378 24333 0:0 53379
53378 24327 0:0 53379
53378 24321 0:0 53379
53378 24320 0:0 53379
53378 24332 0:0 53379
53378 24326 0:0 53379
53378 24323 0:0 53379
53578 24479 21:0 53600
53599 24468 0:0 53600
53599 24470 0:0 53600
53599 24475 0:0 53600
53599 24467 0:0 53600
53599 24476 0:0 53600
53599 24478 0:0 53600
53599 24474 0:0 53600
53599 24477 0:0 53600
53599 24473 0:0 53600
53599 24480 0:0 53600
53789 24624 21:0 53821
53819 24626 0:0 53821
53820 24627 0:0 53821
53820 24614 0:0 53821
53820 24625 0:0 53821
53820 24615 0:0 53821
53820 24621 0:0 53821
53820 24620 0:0 53821
53820 24622 0:0 53821
53820 24617 0:0 53821
53820 24623 0:0 53821
54000 24769 21:0 54042
54040 24771 0:0 54042
54040 24773 0:0 54042
54041 24762 0:0 54042
54041 24761 0:0 54042
54041 24768 0:0 54042
54041 24767 0:0 54042
54041 24774 0:0 54042
54041 24770 0:0 54042
54041 24772 0:0 54042
54231 24918 21:0 54263
54262 24908 0:0 54263
54262 24914 0:0 54263
54262 24909 0:0 54263
54262 24915 0:0 54263
54262 24920 0:0 54263
54262 24919 0:0 54263
54262 24916 0:0 54263
54262 24917 0:0 54263
54262 24921 0:0 54263
54449 25066 21:0 168
