111 48172 0:0 168
167 48168 0:0 176
175 48259 0:0 176
175 48260 0:0 176
175 48163 0:0 176
175 48162 0:0 176
387 48433 21:0 445
463 48467 21:0 521
539 48500 21:0 597
615 48533 21:0 673
691 48565 21:0 749
762 48597 21:0 770
1142 48762 21:0 1150
1447 48895 0:0 1450
1452 48896 21:0 1510
1454 48897 0:0 1455
1509 48898 0:0 1521
1523 48928 21:0 1531
1530 48929 0:0 1531
1530 48930 21:0 1597
1595 48931 0:0 1597
1599 48961 0:0 1602
1604 48963 21:0 1662
1606 48962 0:0 1607
1661 48964 0:0 1673
1675 48994 21:0 1683
1682 48996 0:0 1683
1682 48995 0:0 1683
1683 48997 21:0 1749
1751 49027 21:0 1759
1756 49028 0:0 1759
1756 49029 0:0 1759
1759 49030 21:0 1825
1827 49060 21:0 1835
1834 49061 0:0 1835
1834 49062 21:0 1901
1899 49063 0:0 1901
1903 49093 0:0 1906
1908 49095 21:0 1965
1910 49094 0:0 1911
1965 49096 0:0 1977
1979 49126 21:0 1987
1986 49127 0:0 1987
1986 49128 21:0 2053
2051 49129 0:0 2053
2055 49159 21:0 2063
2062 49160 0:0 2063
2062 49161 21:0 2129
2127 49162 0:0 2129
2131 49192 0:0 2134
2136 49193 21:0 2194
2138 49194 0:0 2139
2193 49195 0:0 2205
2207 49225 21:0 2215
2214 49227 0:0 2215
2214 49226 21:0 2281
2279 49228 0:0 2281
2283 49258 21:0 2291
2290 49259 0:0 2291
2290 49260 21:0 2357
2355 49261 0:0 2357
2359 49291 21:0 2367
2366 49293 0:0 2367
2366 49292 21:0 2433
2431 49294 0:0 2433
2435 49324 21:0 2443
2442 49326 0:0 2443
2442 49325 21:0 2509
2507 49327 0:0 2509
2511 49357 21:0 2519
2518 49358 0:0 2519
2518 49359 21:0 2585
2583 49360 0:0 2585
2608 48762 1:0 2981
2609 48597 1:0 3591
2617 48565 1:0 3703
2617 48533 1:0 3826
2634 328 21:0 2648
2641 48500 1:0 3948
2642 329 1:0 5767
2730 48467 1:0 4070
2731 48433 1:0 4191
2739 49360 1:0 5900
4617 50337 21:0 4625
4624 50339 0:0 4625
4624 50338 0:0 4625
4625 50340 21:0 4691
4693 50370 21:0 4701
4700 50371 0:0 4701
4700 50372 21:0 4767
4765 50373 0:0 4767
4769 50403 21:0 4777
4776 50405 0:0 4777
4776 50404 21:0 4843
4841 50406 0:0 4843
4845 50436 21:0 4853
4852 50437 0:0 4853
4852 50438 21:0 4919
4917 50439 0:0 4919
4921 50469 21:0 4929
4928 50471 0:0 4929
4928 50470 21:0 4995
4993 50472 0:0 4995
4997 50502 21:0 5005
5004 50503 0:0 5005
5004 50504 21:0 5071
5069 50505 0:0 5071
5073 50535 21:0 5081
5080 50537 0:0 5081
5080 50536 21:0 5147
5145 50538 0:0 5147
5149 50568 21:0 5157
5156 50569 0:0 5157
5156 50570 21:0 5223
5221 50571 0:0 5223
5225 50601 21:0 5233
5232 50602 21:0 5299
5529 50733 21:0 5537
5536 50734 21:0 5603
5610 50767 21:0 5667
5779 49359 1:0 5908
5780 49358 1:0 5907
5789 49357 1:0 5918
5789 49327 1:0 6031
5795 49325 1:0 6038
5808 329 21:0 5822
5816 49326 1:0 6039
5910 49324 1:0 6049
5911 49294 1:0 6162
5911 49292 1:0 6169
5920 49293 1:0 6170
5920 49291 1:0 6180
5928 49261 1:0 6293
5947 49260 1:0 6301
6041 49259 1:0 6300
6042 49258 1:0 6311
6042 49228 1:0 6424
6051 49226 1:0 6431
6051 49227 1:0 6432
6059 49225 1:0 6442
6078 49195 1:0 6555
6172 49193 1:0 6562
6173 49194 1:0 6563
6182 49192 1:0 6573
6182 49162 1:0 6686
6188 49161 1:0 6694
6192 49160 1:0 6693
6221 49159 1:0 6704
6303 49129 1:0 6817
6304 49128 1:0 6825
6313 49127 1:0 6824
6313 49126 1:0 6835
6319 49096 1:0 6948
6324 49095 1:0 6956
6352 49094 1:0 6955
6434 49093 1:0 6966
6435 49063 1:0 7079
6444 49061 1:0 7086
6444 49062 1:0 7087
6450 49060 1:0 7097
6455 49030 1:0 7210
6483 49029 1:0 7218
6565 49028 1:0 7217
6566 49027 1:0 7228
6575 48997 1:0 7341
6575 48996 1:0 7349
6581 48995 1:0 7348
6601 48994 1:0 7359
6614 48964 1:0 7472
6696 48963 1:0 7480
6697 48962 1:0 7479
6706 48961 1:0 7490
6706 48931 1:0 7603
6712 48930 1:0 7611
6732 48929 1:0 7610
6827 48928 1:0 7621
6828 48898 1:0 7734
6828 48896 1:0 7741
6837 48897 1:0 7742
6837 48895 1:0 7752
6843 330 1:0 9082
7932 51779 21:0 7940
7937 51781 0:0 7940
7939 51780 0:0 7940
7940 51782 21:0 8006
8008 51812 21:0 8016
8015 51813 0:0 8016
8015 51814 21:0 8082
8080 51815 0:0 8082
8084 51845 21:0 8092
8091 51846 0:0 8092
8091 51847 21:0 8158
8156 51848 0:0 8158
8160 51878 21:0 8168
8167 51880 0:0 8168
8167 51879 21:0 8234
8232 51881 0:0 8234
8236 51911 21:0 8244
8243 51913 0:0 8244
8243 51912 0:0 8244
8244 51914 21:0 8310
8312 51944 21:0 8320
8319 51945 0:0 8320
8319 51946 21:0 8386
8384 51947 0:0 8386
8388 51977 21:0 8396
8395 51978 0:0 8396
8395 51979 0:0 8396
8396 51980 21:0 8462
8464 52010 21:0 8472
8471 52011 0:0 8472
8471 52012 21:0 8538
8536 52013 0:0 8538
8540 52043 0:0 8543
8545 52045 21:0 8603
8547 52044 0:0 8548
8602 52046 0:0 8614
8616 52076 21:0 8624
8623 52078 0:0 8624
8623 52077 21:0 8690
8688 52079 0:0 8690
8692 52109 0:0 8695
8697 52111 21:0 8753
8699 52110 0:0 8700
8752 52112 0:0 8766
8768 52142 21:0 8776
8773 52143 0:0 8776
8773 52144 0:0 8776
8776 52145 21:0 8842
8844 52175 21:0 8852
8851 52176 0:0 8852
8851 52177 21:0 8918
8916 52178 0:0 8918
8920 52208 21:0 8928
8927 52209 0:0 8928
8927 52210 21:0 8994
8992 52211 0:0 8994
8996 52241 21:0 9004
9003 52243 0:0 9004
9003 52242 21:0 9070
9094 50767 1:0 9353
9095 50734 1:0 9484
9104 50733 1:0 9495
9104 50602 1:0 10008
9110 50601 1:0 10019
9123 330 21:0 9137
9131 50571 1:0 10132
9225 50570 1:0 10140
9226 50569 1:0 10139
9226 50568 1:0 10150
9235 50538 1:0 10263
9235 50536 1:0 10270
9243 50537 1:0 10271
9262 50535 1:0 10281
9356 50505 1:0 10394
9357 50503 1:0 10401
9357 50504 1:0 10402
9366 50502 1:0 10412
9366 50472 1:0 10525
9374 50470 1:0 10532
9393 50471 1:0 10533
9487 50469 1:0 10543
9488 50439 1:0 10656
9497 50437 1:0 10663
9497 50438 1:0 10664
9503 50436 1:0 10674
9507 50406 1:0 10787
9536 50404 1:0 10794
9618 50405 1:0 10795
9619 50403 1:0 10805
9628 50373 1:0 10918
9628 50372 1:0 10926
9634 50371 1:0 10925
9639 50370 1:0 10936
9654 331 1:0 12397
9667 50340 1:0 11049
9749 50338 1:0 11056
9750 50339 1:0 11057
9759 50337 1:0 11067
11247 53221 21:0 11255
11252 53222 0:0 11255
11254 53223 0:0 11255
11255 53224 21:0 11321
11323 53254 21:0 11331
11330 53256 0:0 11331
11330 53255 0:0 11331
11331 53257 21:0 11397
11399 53287 21:0 11407
11406 53288 0:0 11407
11406 53289 21:0 11473
11471 53290 0:0 11473
11475 53320 21:0 11483
11482 53321 0:0 11483
11482 53322 21:0 11549
11547 53323 0:0 11549
11551 53353 21:0 11559
11558 53354 0:0 11559
11558 53355 21:0 11625
11623 53356 0:0 11625
11627 53386 21:0 11635
11634 53388 0:0 11635
11634 53387 21:0 11701
11699 53389 0:0 11701
11703 53419 21:0 11711
11710 53420 0:0 11711
11710 53421 21:0 11777
11775 53422 0:0 11777
11779 53452 21:0 11787
11786 53454 0:0 11787
11786 53453 21:0 11853
11855 53485 0:0 11858
11860 53487 21:0 11918
11862 53486 0:0 11863
11917 53488 0:0 11929
12083 53584 21:0 12091
12235 53650 21:0 12243
12409 52242 1:0 12537
12410 52243 1:0 12538
12419 52241 1:0 12548
12419 52211 1:0 12661
12425 52210 1:0 12669
12438 331 21:0 12452
12446 52209 1:0 12668
12540 52208 1:0 12679
12541 52178 1:0 12792
12541 52177 1:0 12800
12550 52176 1:0 12799
12550 52175 1:0 12810
12558 52145 1:0 12923
12577 52143 1:0 12930
12671 52144 1:0 12931
12672 52142 1:0 12941
12672 52112 1:0 13054
12681 52110 1:0 13061
12681 52111 1:0 13062
12689 52109 1:0 13072
12708 52079 1:0 13185
12802 52077 1:0 13192
12803 52078 1:0 13193
12812 52076 1:0 13203
12812 52046 1:0 13316
12818 52045 1:0 13324
12822 52044 1:0 13323
12851 52043 1:0 13334
12933 52013 1:0 13447
12934 52012 1:0 13455
12943 52011 1:0 13454
12943 52010 1:0 13465
12949 51980 1:0 13578
12954 51979 1:0 13586
12982 51978 1:0 13585
13064 51977 1:0 13596
13065 51947 1:0 13709
13074 51945 1:0 13716
13074 51946 1:0 13717
13080 51944 1:0 13727
13085 51914 1:0 13840
13113 51912 1:0 13847
13195 51913 1:0 13848
13196 51911 1:0 13858
13205 51881 1:0 13971
13205 51879 1:0 13978
13211 51880 1:0 13979
13231 51878 1:0 13989
13244 51848 1:0 14102
13326 51847 1:0 14110
13327 51846 1:0 14109
13336 51845 1:0 14120
13336 51815 1:0 14233
13342 51814 1:0 14241
13362 51813 1:0 14240
13457 51812 1:0 14251
13458 51782 1:0 14364
13458 51781 1:0 14372
13467 51780 1:0 14371
13467 51779 1:0 14382
13473 332 1:0 15712
13477 53650 1:0 15994
14562 54663 21:0 14570
14567 54664 0:0 14570
14569 54665 0:0 14570
14570 54666 21:0 14636
14638 54696 21:0 14646
14645 54698 0:0 14646
14645 54697 0:0 14646
14646 54699 21:0 14712
14714 54729 21:0 14722
14721 54730 0:0 14722
14721 54731 21:0 14788
14786 54732 0:0 14788
14790 54762 21:0 14798
14797 54763 0:0 14798
14797 54764 21:0 14864
14862 54765 0:0 14864
14866 54795 21:0 14874
14873 54797 0:0 14874
14873 54796 21:0 14940
14938 54798 0:0 14940
14942 54828 21:0 14950
14949 54830 0:0 14950
14949 54829 21:0 15016
15014 54831 0:0 15016
15018 54861 21:0 15026
15025 54862 0:0 15026
15025 54863 21:0 15092
15090 54864 0:0 15092
15094 54894 21:0 15102
15101 54896 0:0 15102
15101 54895 0:0 15102
15102 54897 21:0 15168
15170 54927 0:0 15173
15175 54928 21:0 15232
15177 54929 0:0 15178
15232 54930 0:0 15244
15246 54960 21:0 15254
15253 54961 0:0 15254
15253 54962 21:0 15320
15318 54963 0:0 15320
15322 54993 0:0 15325
15327 54994 21:0 15385
15329 54995 0:0 15330
15384 54996 0:0 15396
15398 55026 0:0 15401
15403 55027 21:0 15459
15405 55028 0:0 15406
15458 55029 0:0 15472
15474 55059 21:0 15482
15481 55061 0:0 15482
15481 55060 21:0 15548
15546 55062 0:0 15548
15550 55092 0:0 15553
15555 55094 21:0 15613
15557 55093 0:0 15558
15612 55095 0:0 15624
15626 55125 0:0 15629
15631 55126 21:0 15689
15633 55127 0:0 15634
15688 55128 0:0 15700
15724 53584 1:0 16256
15725 53488 1:0 16631
15734 53486 1:0 16638
15734 53487 1:0 16639
15740 53485 1:0 16649
15753 332 21:0 15767
15761 53453 1:0 16769
15855 53454 1:0 16770
15856 53452 1:0 16780
15856 53422 1:0 16893
15865 53420 1:0 16900
15865 53421 1:0 16901
15873 53419 1:0 16911
15892 53389 1:0 17024
15986 53387 1:0 17031
15987 53388 1:0 17032
15987 53386 1:0 17042
15996 53356 1:0 17155
15996 53355 1:0 17163
16004 53354 1:0 17162
16023 53353 1:0 17173
16117 53323 1:0 17286
16118 53322 1:0 17294
16127 53321 1:0 17293
16127 53320 1:0 17304
16133 53290 1:0 17417
16137 53289 1:0 17425
16166 53288 1:0 17424
16248 53287 1:0 17435
16249 53257 1:0 17548
16258 53255 1:0 17555
16258 53256 1:0 17556
16264 53254 1:0 17566
16269 53224 1:0 17679
16284 333 1:0 19027
16297 53222 1:0 17686
16379 53223 1:0 17687
16380 53221 1:0 17697
16389 55128 1:0 19160
16389 55126 1:0 19167
17877 56105 21:0 17885
17882 56107 0:0 17885
17884 56106 0:0 17885
17885 56108 21:0 17951
17953 56138 21:0 17961
17960 56140 0:0 17961
17960 56139 21:0 18027
18025 56141 0:0 18027
18029 56171 21:0 18037
18036 56173 0:0 18037
18036 56172 21:0 18103
18101 56174 0:0 18103
18105 56204 21:0 18113
18112 56206 0:0 18113
18112 56205 21:0 18179
18177 56207 0:0 18179
18181 56237 21:0 18189
18188 56239 0:0 18189
18188 56238 21:0 18255
18253 56240 0:0 18255
18257 56270 21:0 18265
18264 56271 0:0 18265
18264 56272 21:0 18331
18329 56273 0:0 18331
18333 56303 21:0 18341
18340 56304 0:0 18341
18340 56305 21:0 18407
18405 56306 0:0 18407
18409 56336 21:0 18417
18416 56337 0:0 18417
18416 56338 21:0 18483
18481 56339 0:0 18483
18485 56369 0:0 18488
18490 56370 21:0 18547
18492 56371 0:0 18493
18547 56372 0:0 18559
18561 56402 21:0 18569
18794 56502 21:0 18852
19039 55127 1:0 19168
19040 55125 1:0 19178
19049 55095 1:0 19291
19049 55094 1:0 19299
19055 55093 1:0 19298
19068 333 21:0 19082
19076 55092 1:0 19309
19170 55062 1:0 19422
19171 55060 1:0 19429
19171 55061 1:0 19430
19180 55059 1:0 19440
19180 55029 1:0 19553
19188 55027 1:0 19560
19207 55028 1:0 19561
19301 55026 1:0 19571
19302 54996 1:0 19684
19302 54994 1:0 19691
19311 54995 1:0 19692
19311 54993 1:0 19702
19319 54963 1:0 19815
19338 54962 1:0 19823
19432 54961 1:0 19822
19433 54960 1:0 19833
19442 54930 1:0 19946
19442 54928 1:0 19953
19448 54929 1:0 19954
19452 54927 1:0 19964
19481 54897 1:0 20077
19563 54896 1:0 20085
19564 54895 1:0 20084
19573 54894 1:0 20095
19573 54864 1:0 20208
19579 54863 1:0 20216
19584 54862 1:0 20215
19612 54861 1:0 20226
19694 54831 1:0 20339
19695 54829 1:0 20346
19704 54830 1:0 20347
19704 54828 1:0 20357
19710 54798 1:0 20470
19715 54796 1:0 20477
19743 54797 1:0 20478
19825 54795 1:0 20488
19826 54765 1:0 20601
19835 54763 1:0 20608
19835 54764 1:0 20609
19841 54762 1:0 20619
19861 54732 1:0 20732
19874 54731 1:0 20740
19956 54730 1:0 20739
19957 54729 1:0 20750
19966 54699 1:0 20863
19966 54697 1:0 20870
19972 54698 1:0 20871
19992 54696 1:0 20881
20087 54666 1:0 20994
20088 54664 1:0 21001
20088 54665 1:0 21002
20097 54663 1:0 21012
20097 334 1:0 22342
21192 57547 21:0 21200
21199 57549 0:0 21200
21199 57548 0:0 21200
21200 57550 21:0 21266
21268 57580 21:0 21276
21275 57582 0:0 21276
21275 57581 21:0 21342
21340 57583 0:0 21342
21344 57613 21:0 21352
21351 57614 0:0 21352
21351 57615 21:0 21418
21416 57616 0:0 21418
21420 57646 21:0 21428
21427 57648 0:0 21428
21427 57647 21:0 21494
21492 57649 0:0 21494
21496 57679 21:0 21504
21503 57681 0:0 21504
21503 57680 21:0 21570
21568 57682 0:0 21570
21572 57712 21:0 21580
21579 57714 0:0 21580
21579 57713 21:0 21646
21644 57715 0:0 21646
21648 57745 21:0 21656
21655 57747 0:0 21656
21655 57746 21:0 21722
21720 57748 0:0 21722
21724 57778 21:0 21732
21731 57779 0:0 21732
21731 57780 21:0 21798
21796 57781 0:0 21798
21800 57811 0:0 21803
21805 57813 21:0 21863
21807 57812 0:0 21808
21862 57814 0:0 21874
21876 57844 21:0 21884
21883 57845 0:0 21884
21883 57846 21:0 21950
21948 57847 0:0 21950
21952 57877 21:0 21960
21957 57879 0:0 21960
21959 57878 0:0 21960
21960 57880 21:0 22026
22028 57910 0:0 22031
22033 57912 21:0 22091
22035 57911 0:0 22036
22090 57913 0:0 22102
22104 57943 21:0 22112
22111 57945 0:0 22112
22111 57944 21:0 22178
22176 57946 0:0 22178
22180 57976 21:0 22188
22185 57977 0:0 22188
22185 57978 0:0 22188
22188 57979 21:0 22254
22256 58009 21:0 22264
22263 58010 21:0 22330
22354 56502 1:0 22744
22355 56402 1:0 23148
22364 56372 1:0 23261
22364 56370 1:0 23268
22370 56371 1:0 23269
22383 334 21:0 22397
22391 56369 1:0 23279
22485 56339 1:0 23392
22486 56337 1:0 23399
22486 56338 1:0 23400
22495 56336 1:0 23410
22495 56306 1:0 23523
22503 56305 1:0 23531
22522 56304 1:0 23530
22616 56303 1:0 23541
22617 56273 1:0 23654
22617 56272 1:0 23662
22626 56271 1:0 23661
22626 56270 1:0 23672
22634 56240 1:0 23785
22653 56238 1:0 23792
22747 56239 1:0 23793
22748 56237 1:0 23803
22757 56207 1:0 23916
22757 56205 1:0 23923
22763 56206 1:0 23924
22767 56204 1:0 23934
22796 56174 1:0 24047
22878 56172 1:0 24054
22879 56173 1:0 24055
22888 56171 1:0 24065
22888 56141 1:0 24178
22894 56139 1:0 24185
22899 56140 1:0 24186
22914 335 1:0 25657
22927 56138 1:0 24196
23009 56108 1:0 24309
23010 56107 1:0 24317
23019 56106 1:0 24316
23019 56105 1:0 24327
23025 58010 1:0 25797
23045 58009 1:0 25808
23140 57979 1:0 25921
23141 57977 1:0 25928
23141 57978 1:0 25929
24507 58989 21:0 24515
24512 58991 0:0 24515
24512 58990 0:0 24515
24515 58992 21:0 24581
24583 59022 21:0 24591
24590 59023 0:0 24591
24590 59024 21:0 24657
24655 59025 0:0 24657
24659 59055 21:0 24667
24666 59056 0:0 24667
24666 59057 21:0 24733
24731 59058 0:0 24733
24735 59088 21:0 24743
24742 59089 0:0 24743
24742 59090 21:0 24809
24807 59091 0:0 24809
24811 59121 21:0 24819
24818 59123 0:0 24819
24818 59122 21:0 24885
24883 59124 0:0 24885
24887 59154 21:0 24895
24894 59156 0:0 24895
24894 59155 21:0 24961
24959 59157 0:0 24961
24963 59187 21:0 24971
24970 59188 0:0 24971
24970 59189 21:0 25037
25035 59190 0:0 25037
25039 59220 21:0 25047
25046 59221 0:0 25047
25046 59222 21:0 25113
25111 59223 0:0 25113
25115 59253 0:0 25118
25120 59255 21:0 25178
25122 59254 0:0 25123
25177 59256 0:0 25189
25196 59288 21:0 25254
25272 59320 21:0 25330
25343 59352 21:0 25351
25350 59353 21:0 25417
25415 59355 0:0 25417
25424 59386 0:0 25427
25427 59388 21:0 25493
25669 57976 1:0 25939
25670 57946 1:0 26052
25679 57944 1:0 26059
25679 57945 1:0 26060
25685 57943 1:0 26070
25698 335 21:0 25712
25706 57913 1:0 26183
25800 57912 1:0 26191
25801 57911 1:0 26190
25801 57910 1:0 26201
25810 57880 1:0 26314
25810 57879 1:0 26322
25818 57878 1:0 26321
25837 57877 1:0 26332
25931 57847 1:0 26445
25932 57845 1:0 26452
25932 57846 1:0 26453
25941 57844 1:0 26463
25941 57814 1:0 26576
25949 57813 1:0 26584
25968 57812 1:0 26583
26062 57811 1:0 26594
26063 57781 1:0 26707
26072 57779 1:0 26714
26072 57780 1:0 26715
26078 57778 1:0 26725
26082 57748 1:0 26838
26111 57746 1:0 26845
26193 57747 1:0 26846
26194 57745 1:0 26856
26203 57715 1:0 26969
26203 57713 1:0 26976
26209 57714 1:0 26977
26214 57712 1:0 26987
26242 57682 1:0 27100
26324 57680 1:0 27107
26325 57681 1:0 27108
26334 57679 1:0 27118
26334 57649 1:0 27231
26340 57647 1:0 27238
26345 57648 1:0 27239
26373 57646 1:0 27249
26455 57616 1:0 27362
26456 57615 1:0 27370
26465 57614 1:0 27369
26465 57613 1:0 27380
26471 57583 1:0 27493
26491 57581 1:0 27500
26504 57582 1:0 27501
26586 57580 1:0 27511
26587 57550 1:0 27624
26596 57548 1:0 27631
26596 57549 1:0 27632
26602 57547 1:0 27642
26604 336 1:0 28972
27822 60431 0:0 27825
27827 60432 21:0 27885
27829 60433 0:0 27830
27884 60434 0:0 27896
27898 60464 21:0 27906
27905 60465 0:0 27906
27905 60466 21:0 27972
27970 60467 0:0 27972
27974 60497 21:0 27982
27981 60499 0:0 27982
27981 60498 21:0 28048
28046 60500 0:0 28048
28050 60530 21:0 28058
28057 60531 0:0 28058
28057 60532 21:0 28124
28122 60533 0:0 28124
28126 60563 21:0 28134
28133 60565 0:0 28134
28133 60564 21:0 28200
28198 60566 0:0 28200
28202 60596 21:0 28210
28209 60597 0:0 28210
28209 60598 21:0 28276
28274 60599 0:0 28276
28278 60629 21:0 28286
28285 60631 0:0 28286
28285 60630 21:0 28352
28350 60632 0:0 28352
28354 60662 21:0 28362
28361 60663 0:0 28362
28361 60664 0:0 28362
28362 60665 21:0 28428
28430 60695 21:0 28438
28437 60697 0:0 28438
28437 60696 21:0 28504
28502 60698 0:0 28504
28506 60728 21:0 28514
28513 60729 0:0 28514
28513 60730 21:0 28580
28578 60731 0:0 28580
28582 60761 21:0 28590
28589 60763 0:0 28590
28589 60762 0:0 28590
28590 60764 21:0 28656
28658 60794 0:0 28661
28663 60795 21:0 28721
28665 60796 0:0 28666
28720 60797 0:0 28732
28734 60827 21:0 28742
28741 60828 21:0 28808
28806 60830 0:0 28808
28810 60860 21:0 28818
28817 60862 21:0 28884
28984 59388 1:0 29367
28985 59386 1:0 29374
28994 59355 1:0 29498
28994 59353 1:0 29505
29000 59352 1:0 29516
29013 336 21:0 29027
29021 59320 1:0 29636
29115 59288 1:0 29768
29116 59256 1:0 29891
29116 59255 1:0 29899
29125 59254 1:0 29898
29125 59253 1:0 29909
29133 59223 1:0 30022
29152 59222 1:0 30030
29246 59221 1:0 30029
29247 59220 1:0 30040
29247 59190 1:0 30153
29256 59188 1:0 30160
29256 59189 1:0 30161
29264 59187 1:0 30171
29283 59157 1:0 30284
29377 59155 1:0 30291
29378 59156 1:0 30292
29387 59154 1:0 30302
29387 59124 1:0 30415
29393 59122 1:0 30422
29397 59123 1:0 30423
29426 59121 1:0 30433
29508 59091 1:0 30546
29509 59090 1:0 30554
29518 59089 1:0 30553
29518 59088 1:0 30564
29524 59058 1:0 30677
29529 59057 1:0 30685
29557 59056 1:0 30684
29639 59055 1:0 30695
29640 59025 1:0 30808
29649 59023 1:0 30815
29649 59024 1:0 30816
29655 59022 1:0 30826
29660 58992 1:0 30939
29688 58991 1:0 30947
29770 58990 1:0 30946
29771 58989 1:0 30957
29771 337 1:0 32287
31137 61873 21:0 31145
31144 61874 0:0 31145
31144 61875 0:0 31145
31145 61876 21:0 31211
31213 61906 21:0 31221
31220 61908 0:0 31221
31220 61907 0:0 31221
31221 61909 21:0 31287
31289 61939 21:0 31297
31296 61940 0:0 31297
31296 61941 21:0 31363
31361 61942 0:0 31363
31365 61972 21:0 31373
31372 61974 0:0 31373
31372 61973 21:0 31439
31437 61975 0:0 31439
31441 62005 21:0 31449
31448 62006 0:0 31449
31448 62007 0:0 31449
31449 62008 21:0 31515
31517 62038 21:0 31525
31524 62039 0:0 31525
31524 62040 0:0 31525
31525 62041 21:0 31591
31593 62071 21:0 31601
31600 62072 0:0 31601
31600 62073 21:0 31667
31665 62074 0:0 31667
31669 62104 21:0 31677
31676 62105 0:0 31677
31676 62106 21:0 31743
31741 62107 0:0 31743
31745 62137 21:0 31753
31752 62139 0:0 31753
31752 62138 21:0 31819
31817 62140 0:0 31819
31826 62171 21:0 31884
31902 62204 21:0 31960
31959 62206 0:0 31971
31973 62236 21:0 31981
32049 62269 21:0 32057
32057 62272 21:0 32123
32130 62304 21:0 32188
32299 60862 1:0 32559
32300 60860 1:0 32569
32309 60830 1:0 32682
32309 60828 1:0 32689
32315 60827 1:0 32700
32328 337 21:0 32342
32336 60797 1:0 32813
32430 60795 1:0 32820
32431 60796 1:0 32821
32431 60794 1:0 32831
32440 60764 1:0 32944
32440 60762 1:0 32951
32448 60763 1:0 32952
32467 60761 1:0 32962
32561 60731 1:0 33075
32562 60729 1:0 33082
32562 60730 1:0 33083
32571 60728 1:0 33093
32571 60698 1:0 33206
32579 60696 1:0 33213
32598 60697 1:0 33214
32692 60695 1:0 33224
32693 60665 1:0 33337
32702 60663 1:0 33344
32702 60664 1:0 33345
32708 60662 1:0 33355
32712 60632 1:0 33468
32741 60630 1:0 33475
32823 60631 1:0 33476
32824 60629 1:0 33486
32833 60599 1:0 33599
32833 60598 1:0 33607
32839 60597 1:0 33606
32844 60596 1:0 33617
32872 60566 1:0 33730
32954 60564 1:0 33737
32955 60565 1:0 33738
32964 60563 1:0 33748
32964 60533 1:0 33861
32970 60532 1:0 33869
32975 60531 1:0 33868
33003 60530 1:0 33879
33085 60500 1:0 33992
33086 60498 1:0 33999
33095 60499 1:0 34000
33095 60497 1:0 34010
33101 60467 1:0 34123
33121 60466 1:0 34131
33134 60465 1:0 34130
33216 60464 1:0 34141
33217 60434 1:0 34254
33226 60432 1:0 34261
33226 60433 1:0 34262
33232 60431 1:0 34272
33234 338 1:0 35602
34452 63315 21:0 34460
34457 63316 0:0 34460
34459 63317 0:0 34460
34460 63318 21:0 34526
34528 63348 0:0 34531
34533 63349 21:0 34591
34535 63350 0:0 34536
34590 63351 0:0 34602
34604 63381 21:0 34612
34611 63382 0:0 34612
34611 63383 0:0 34612
34612 63384 21:0 34678
34680 63414 21:0 34688
34687 63416 0:0 34688
34687 63415 21:0 34754
34752 63417 0:0 34754
34756 63447 21:0 34764
34763 63449 0:0 34764
34763 63448 21:0 34830
34828 63450 0:0 34830
34832 63480 21:0 34840
34839 63482 0:0 34840
34839 63481 21:0 34906
34904 63483 0:0 34906
34908 63513 21:0 34916
34915 63515 0:0 34916
34915 63514 0:0 34916
34916 63516 21:0 34982
34984 63546 21:0 34992
34991 63548 0:0 34992
34991 63547 21:0 35058
35056 63549 0:0 35058
35060 63579 21:0 35068
35067 63580 0:0 35068
35067 63581 0:0 35068
35068 63582 21:0 35134
35136 63612 21:0 35144
35143 63614 0:0 35144
35143 63613 21:0 35210
35208 63615 0:0 35210
35212 63645 0:0 35215
35217 63647 21:0 35275
35219 63646 0:0 35220
35274 63648 0:0 35286
35288 63678 0:0 35291
35293 63680 21:0 35351
35295 63679 0:0 35296
35350 63681 0:0 35362
35364 63711 0:0 35367
35369 63713 21:0 35427
35426 63714 0:0 35438
35440 63744 21:0 35448
35447 63745 21:0 35514
35614 62304 1:0 35874
35615 62272 1:0 35997
35624 62269 1:0 36015
35624 62236 1:0 36146
35630 62206 1:0 36259
35643 338 21:0 35657
35651 62204 1:0 36266
35745 62171 1:0 36397
35746 62140 1:0 36521
35746 62138 1:0 36528
35755 62139 1:0 36529
35755 62137 1:0 36539
35763 62107 1:0 36652
35782 62106 1:0 36660
35876 62105 1:0 36659
35877 62104 1:0 36670
35877 62074 1:0 36783
35886 62072 1:0 36790
35886 62073 1:0 36791
35894 62071 1:0 36801
35913 62041 1:0 36914
36007 62039 1:0 36921
36008 62040 1:0 36922
36017 62038 1:0 36932
36017 62008 1:0 37045
36023 62006 1:0 37052
36027 62007 1:0 37053
36056 62005 1:0 37063
36138 61975 1:0 37176
36139 61973 1:0 37183
36148 61974 1:0 37184
36148 61972 1:0 37194
36154 61942 1:0 37307
36159 61941 1:0 37315
36187 61940 1:0 37314
36269 61939 1:0 37325
36270 61909 1:0 37438
36279 61907 1:0 37445
36279 61908 1:0 37446
36285 61906 1:0 37456
36290 61876 1:0 37569
36318 61874 1:0 37576
36400 61875 1:0 37577
36401 61873 1:0 37587
36401 339 1:0 38917
37767 64757 21:0 37775
37772 64759 0:0 37775
37774 64758 0:0 37775
37775 64760 21:0 37841
37843 64790 21:0 37851
37850 64791 0:0 37851
37850 64792 21:0 37917
37915 64793 0:0 37917
37919 64823 21:0 37927
37926 64825 0:0 37927
37926 64824 21:0 37993
37991 64826 0:0 37993
37995 64856 21:0 38003
38002 64857 0:0 38003
38002 64858 21:0 38069
38067 64859 0:0 38069
38071 64889 21:0 38079
38078 64891 0:0 38079
38078 64890 21:0 38145
38143 64892 0:0 38145
38147 64922 21:0 38155
38154 64923 0:0 38155
38154 64924 21:0 38221
38219 64925 0:0 38221
38223 64955 21:0 38231
38230 64956 0:0 38231
38230 64957 21:0 38297
38295 64958 0:0 38297
38299 64988 21:0 38307
38306 64989 0:0 38307
38306 64990 21:0 38373
38371 64991 0:0 38373
38375 65021 0:0 38378
38380 65023 21:0 38435
38382 65022 0:0 38383
38435 65024 0:0 38449
38456 65055 21:0 38510
38527 65087 21:0 38535
38684 65154 21:0 38739
38686 65155 0:0 38687
38739 65156 0:0 38753
38760 65188 21:0 38818
38762 65187 0:0 38763
38929 63745 1:0 39188
38930 63744 1:0 39199
38939 63714 1:0 39312
38939 63713 1:0 39320
38945 63711 1:0 39330
38958 339 21:0 38972
38966 63681 1:0 39443
39060 63680 1:0 39451
39061 63679 1:0 39450
39061 63678 1:0 39461
39070 63648 1:0 39574
39070 63647 1:0 39582
39078 63646 1:0 39581
39097 63645 1:0 39592
39191 63615 1:0 39705
39192 63613 1:0 39712
39192 63614 1:0 39713
39201 63612 1:0 39723
39201 63582 1:0 39836
39209 63581 1:0 39844
39228 63580 1:0 39843
39322 63579 1:0 39854
39323 63549 1:0 39967
39332 63547 1:0 39974
39332 63548 1:0 39975
39338 63546 1:0 39985
39342 63516 1:0 40098
39371 63514 1:0 40105
39453 63515 1:0 40106
39454 63513 1:0 40116
39463 63483 1:0 40229
39463 63481 1:0 40236
39469 63482 1:0 40237
39474 63480 1:0 40247
39502 63450 1:0 40360
39584 63448 1:0 40367
39585 63449 1:0 40368
39594 63447 1:0 40378
39594 63417 1:0 40491
39600 63415 1:0 40498
39605 63416 1:0 40499
39633 63414 1:0 40509
39715 63384 1:0 40622
39716 63382 1:0 40629
39725 63383 1:0 40630
39725 63381 1:0 40640
39731 63351 1:0 40753
39751 63349 1:0 40760
39764 63350 1:0 40761
39846 63348 1:0 40771
39847 63318 1:0 40884
39856 63316 1:0 40891
39856 63317 1:0 40892
39862 63315 1:0 40902
39864 340 1:0 42232
39883 65188 1:0 42504
39977 65187 1:0 42503
39978 65156 1:0 42627
41082 66199 0:0 41085
41087 66200 21:0 41145
41089 66201 0:0 41090
41144 66202 0:0 41156
41158 66232 21:0 41166
41165 66234 0:0 41166
41165 66233 0:0 41166
41166 66235 21:0 41232
41234 66265 21:0 41242
41241 66267 0:0 41242
41241 66266 21:0 41308
41306 66268 0:0 41308
41310 66298 21:0 41318
41317 66300 0:0 41318
41317 66299 21:0 41384
41382 66301 0:0 41384
41386 66331 21:0 41394
41393 66332 0:0 41394
41393 66333 21:0 41460
41458 66334 0:0 41460
41462 66364 21:0 41470
41469 66366 0:0 41470
41469 66365 21:0 41536
41534 66367 0:0 41536
41538 66397 21:0 41546
41545 66399 0:0 41546
41545 66398 21:0 41612
41610 66400 0:0 41612
41614 66430 21:0 41622
41621 66432 0:0 41622
41621 66431 21:0 41688
41686 66433 0:0 41688
41690 66463 0:0 41693
41695 66465 21:0 41753
41697 66464 0:0 41698
41752 66466 0:0 41764
41766 66496 0:0 41769
41771 66497 21:0 41829
41773 66498 0:0 41774
41828 66499 0:0 41840
41842 66529 21:0 41850
41849 66531 0:0 41850
41849 66530 0:0 41850
41850 66532 21:0 41916
41918 66562 0:0 41921
41923 66564 21:0 41981
41925 66563 0:0 41926
41980 66565 0:0 41992
41994 66595 21:0 42002
42001 66596 0:0 42002
42001 66597 21:0 42068
42066 66598 0:0 42068
42070 66628 0:0 42073
42075 66629 21:0 42133
42077 66630 0:0 42078
42132 66631 0:0 42144
42244 65154 1:0 42634
42245 65155 1:0 42635
42254 65087 1:0 42907
42254 65055 1:0 43027
42260 65024 1:0 43151
42273 340 21:0 42287
42281 65023 1:0 43159
42375 65022 1:0 43158
42376 65021 1:0 43169
42376 64991 1:0 43282
42385 64989 1:0 43289
42385 64990 1:0 43290
42393 64988 1:0 43300
42412 64958 1:0 43413
42506 64957 1:0 43421
42507 64956 1:0 43420
42507 64955 1:0 43431
42516 64925 1:0 43544
42516 64924 1:0 43552
42524 64923 1:0 43551
42543 64922 1:0 43562
42637 64892 1:0 43675
42638 64890 1:0 43682
42647 64891 1:0 43683
42647 64889 1:0 43693
42653 64859 1:0 43806
42657 64858 1:0 43814
42686 64857 1:0 43813
42768 64856 1:0 43824
42769 64826 1:0 43937
42778 64824 1:0 43944
42778 64825 1:0 43945
42784 64823 1:0 43955
42789 64793 1:0 44068
42817 64792 1:0 44076
42899 64791 1:0 44075
42900 64790 1:0 44086
42909 64760 1:0 44199
42909 64759 1:0 44207
42915 64758 1:0 44206
42920 64757 1:0 44217
42935 341 1:0 45547
44397 67641 21:0 44405
44404 67643 0:0 44405
44404 67642 0:0 44405
44405 67644 21:0 44471
44473 67674 0:0 44476
44478 67676 21:0 44536
44480 67675 0:0 44481
44535 67677 0:0 44547
44549 67707 21:0 44557
44556 67709 0:0 44557
44556 67708 0:0 44557
44557 67710 21:0 44623
44625 67740 21:0 44633
44632 67742 0:0 44633
44632 67741 21:0 44699
44697 67743 0:0 44699
44701 67773 21:0 44709
44708 67775 0:0 44709
44708 67774 21:0 44775
44773 67776 0:0 44775
44777 67806 21:0 44785
44784 67807 0:0 44785
44784 67808 0:0 44785
44785 67809 21:0 44851
44853 67839 21:0 44861
44860 67841 0:0 44861
44860 67840 21:0 44927
44925 67842 0:0 44927
44929 67872 21:0 44937
44936 67873 0:0 44937
44936 67874 0:0 44937
44937 67875 21:0 45003
45005 67905 21:0 45013
45012 67906 0:0 45013
45012 67907 0:0 45013
45013 67908 21:0 45079
45162 67973 21:0 45220
45238 68006 21:0 45296
45314 68039 21:0 45372
45316 68038 0:0 45317
45559 66631 1:0 45811
45560 66629 1:0 45818
45569 66630 1:0 45819
45569 66628 1:0 45829
45575 66598 1:0 45942
45588 341 21:0 45602
45596 66597 1:0 45950
45690 66596 1:0 45949
45691 66595 1:0 45960
45691 66565 1:0 46073
45700 66563 1:0 46080
45700 66564 1:0 46081
45708 66562 1:0 46091
45727 66532 1:0 46204
45821 66530 1:0 46211
45822 66531 1:0 46212
45822 66529 1:0 46222
45831 66499 1:0 46335
45831 66497 1:0 46342
45839 66498 1:0 46343
45858 66496 1:0 46353
45952 66466 1:0 46466
45953 66465 1:0 46474
45962 66464 1:0 46473
45962 66463 1:0 46484
45968 66433 1:0 46597
45972 66431 1:0 46604
46001 66432 1:0 46605
46083 66430 1:0 46615
46084 66400 1:0 46728
46093 66398 1:0 46735
46093 66399 1:0 46736
46099 66397 1:0 46746
46104 66367 1:0 46859
46132 66365 1:0 46866
46214 66366 1:0 46867
46215 66364 1:0 46877
46224 66334 1:0 46990
46224 66333 1:0 46998
46230 66332 1:0 46997
46235 66331 1:0 47008
46263 66301 1:0 47121
46345 66299 1:0 47128
46346 66300 1:0 47129
46355 66298 1:0 47139
46355 66268 1:0 47252
46361 66266 1:0 47259
46381 66267 1:0 47260
46394 66265 1:0 47270
46476 66235 1:0 47383
46477 66233 1:0 47390
46486 66234 1:0 47391
46486 66232 1:0 47401
46492 66202 1:0 47514
46512 66200 1:0 47521
46513 342 1:0 48862
46607 66201 1:0 47522
46608 66199 1:0 47532
47712 69083 21:0 47720
47719 69085 0:0 47720
47719 69084 0:0 47720
47720 69086 21:0 47786
47788 69116 21:0 47796
47795 69117 0:0 47796
47795 69118 0:0 47796
47796 69119 21:0 47862
47864 69149 21:0 47872
47871 69150 0:0 47872
47871 69151 21:0 47938
47936 69152 0:0 47938
47940 69182 21:0 47948
47947 69184 0:0 47948
47947 69183 21:0 48014
48012 69185 0:0 48014
48016 69215 21:0 48024
48023 69217 0:0 48024
48023 69216 21:0 48090
48088 69218 0:0 48090
48092 69248 21:0 48100
48099 69250 0:0 48100
48099 69249 21:0 48166
48164 69251 0:0 48166
48168 69281 21:0 48176
48175 69283 0:0 48176
48175 69282 21:0 48242
48240 69284 0:0 48242
48244 69314 21:0 48252
48251 69315 0:0 48252
48251 69316 21:0 48318
48316 69317 0:0 48318
48320 69347 21:0 48328
48327 69348 0:0 48328
48327 69349 21:0 48394
48392 69350 0:0 48394
48396 69380 21:0 48404
48401 69382 0:0 48404
48403 69381 0:0 48404
48404 69383 21:0 48470
48472 69413 21:0 48480
48477 69415 0:0 48480
48477 69414 0:0 48480
48480 69416 21:0 48546
48548 69446 0:0 48551
48553 69448 21:0 48611
48555 69447 0:0 48556
48610 69449 0:0 48622
48624 69479 0:0 48627
48629 69480 21:0 48687
48631 69481 0:0 48632
48686 69482 0:0 48698
48705 69513 0:0 48708
48705 69514 0:0 48708
48708 69515 21:0 48774
48784 69548 21:0 48850
48874 68039 1:0 49265
48875 68038 1:0 49264
48884 68006 1:0 49396
48884 67973 1:0 49527
48890 67908 1:0 49781
48903 342 21:0 48917
48911 67907 1:0 49789
49005 67906 1:0 49788
49006 67905 1:0 49799
49006 67875 1:0 49912
49015 67873 1:0 49919
49015 67874 1:0 49920
49023 67872 1:0 49930
49042 67842 1:0 50043
49136 67840 1:0 50050
49137 67841 1:0 50051
49137 67839 1:0 50061
49146 67809 1:0 50174
49146 67808 1:0 50182
49154 67807 1:0 50181
49173 67806 1:0 50192
49267 67776 1:0 50305
49268 67774 1:0 50312
49277 67775 1:0 50313
49277 67773 1:0 50323
49283 67743 1:0 50436
49287 67741 1:0 50443
49316 67742 1:0 50444
49398 67740 1:0 50454
49399 67710 1:0 50567
49408 67708 1:0 50574
49408 67709 1:0 50575
49414 67707 1:0 50585
49419 67677 1:0 50698
49447 67676 1:0 50706
49529 67675 1:0 50705
49530 67674 1:0 50716
49539 67644 1:0 50829
49539 67643 1:0 50837
49545 67642 1:0 50836
49550 67641 1:0 50847
49565 343 1:0 52177
49660 69548 1:0 52310
51027 70525 21:0 51035
51032 70526 0:0 51035
51032 70527 0:0 51035
51035 70528 21:0 51101
51103 70558 21:0 51111
51110 70559 0:0 51111
51110 70560 0:0 51111
51111 70561 21:0 51177
51179 70591 21:0 51187
51186 70592 0:0 51187
51186 70593 21:0 51253
51251 70594 0:0 51253
51255 70624 21:0 51263
51262 70626 0:0 51263
51262 70625 21:0 51329
51327 70627 0:0 51329
51331 70657 21:0 51339
51338 70658 0:0 51339
51338 70659 21:0 51405
51403 70660 0:0 51405
51407 70690 21:0 51415
51414 70691 0:0 51415
51414 70692 0:0 51415
51415 70693 21:0 51481
51483 70723 21:0 51491
51490 70724 0:0 51491
51490 70725 0:0 51491
51491 70726 21:0 51557
51559 70756 21:0 51567
51566 70758 0:0 51567
51566 70757 21:0 51633
51635 70789 21:0 51643
51640 70791 0:0 51643
51640 70790 0:0 51643
51643 70792 21:0 51709
51711 70822 21:0 51719
51718 70823 0:0 51719
51719 70825 21:0 51785
51787 70855 0:0 51790
51792 70857 21:0 51850
51794 70856 0:0 51795
52189 69515 1:0 52441
52190 69513 1:0 52448
52199 69514 1:0 52449
52199 69482 1:0 52572
52205 69480 1:0 52579
52218 343 21:0 52232
52226 69481 1:0 52580
52320 69479 1:0 52590
52321 69449 1:0 52703
52321 69448 1:0 52711
52330 69447 1:0 52710
52330 69446 1:0 52721
52338 69416 1:0 52834
52357 69414 1:0 52841
52451 69415 1:0 52842
52452 69413 1:0 52852
52452 69383 1:0 52965
52461 69381 1:0 52972
52461 69382 1:0 52973
52469 69380 1:0 52983
52488 69350 1:0 53096
52582 69349 1:0 53104
52583 69348 1:0 53103
52592 69347 1:0 53114
52592 69317 1:0 53227
52598 69316 1:0 53235
52602 69315 1:0 53234
52631 69314 1:0 53245
52713 69284 1:0 53358
52714 69282 1:0 53365
52723 69283 1:0 53366
52723 69281 1:0 53376
52729 69251 1:0 53489
52734 69249 1:0 53496
52762 69250 1:0 53497
52844 69248 1:0 53507
52845 69218 1:0 53620
52854 69216 1:0 53627
52854 69217 1:0 53628
52860 69215 1:0 53638
52865 69185 1:0 53751
52893 69183 1:0 53758
52975 69184 1:0 53759
52976 69182 1:0 53769
52985 69152 1:0 53882
52985 69151 1:0 53890
52991 69150 1:0 53889
53011 69149 1:0 53900
53024 69119 1:0 54013
53106 69118 1:0 54021
53107 69117 1:0 54020
53116 69116 1:0 54031
53116 69086 1:0 54144
53122 69084 1:0 54151
53142 69085 1:0 54152
53143 344 1:0 55492
53237 69083 1:0 54162
53238 70857 1:0 56157
54342 71967 21:0 54350
54347 71968 0:0 54350
54349 71969 0:0 54350
54350 71970 21:0 54416
54418 72000 21:0 54426
54425 72002 0:0 54426
54425 72001 0:0 54426
54426 72003 21:0 54492
54494 72033 21:0 54502
54501 72035 0:0 54502
54501 72034 21:0 54568
54566 72036 0:0 54568
54570 72066 21:0 54578
54577 72068 0:0 54578
54577 72067 21:0 54644
54642 72069 0:0 54644
54646 72099 21:0 54654
54653 72100 0:0 54654
54653 72101 21:0 54720
54718 72102 0:0 54720
54722 72132 21:0 54730
54729 72134 0:0 54730
54729 72133 21:0 54796
54794 72135 0:0 54796
54798 72165 21:0 54806
54805 72166 0:0 54806
54805 72167 21:0 54872
54870 72168 0:0 54872
54874 72198 21:0 54882
54881 72200 0:0 54882
54881 72199 21:0 54948
54946 72201 0:0 54948
54950 72231 21:0 54958
54955 72232 0:0 54958
54957 72233 0:0 54958
54958 72234 21:0 55024
55026 72264 0:0 55029
55031 72265 21:0 55089
55033 72266 0:0 55034
55088 72267 0:0 55100
55102 72297 0:0 55105
55107 72298 21:0 55165
55109 72299 0:0 55110
55164 72300 0:0 55176
55178 72330 21:0 55186
55183 72332 0:0 55186
55185 72331 0:0 55186
55186 72333 21:0 55252
55254 72363 0:0 55257
55259 72365 21:0 55317
55261 72364 0:0 55262
55316 72366 0:0 55328
55330 72396 21:0 55338
55337 72397 21:0 55404
55411 72430 21:0 55469
55413 72431 0:0 55414
55504 70856 1:0 56156
55505 70855 1:0 56167
55514 70825 1:0 56280
55514 70823 1:0 56287
55520 70822 1:0 56298
55533 344 21:0 55547
55541 70792 1:0 56411
55635 70790 1:0 56418
55636 70791 1:0 56419
55636 70789 1:0 56429
55645 70757 1:0 56549
55645 70758 1:0 56550
55653 70756 1:0 56560
55672 70726 1:0 56673
55766 70724 1:0 56680
55767 70725 1:0 56681
55767 70723 1:0 56691
55776 70693 1:0 56804
55776 70692 1:0 56812
55784 70691 1:0 56811
55803 70690 1:0 56822
55897 70660 1:0 56935
55898 70659 1:0 56943
55907 70658 1:0 56942
55907 70657 1:0 56953
55913 70627 1:0 57066
55917 70625 1:0 57073
55946 70626 1:0 57074
56028 70624 1:0 57084
56029 70594 1:0 57197
56038 70592 1:0 57204
56038 70593 1:0 57205
56044 70591 1:0 57215
56049 70561 1:0 57328
56077 70560 1:0 57336
56159 70559 1:0 57335
56160 70558 1:0 57346
56169 70528 1:0 57459
56169 70527 1:0 57467
56175 70526 1:0 57466
56180 70525 1:0 57477
56195 345 1:0 58807
56290 72430 1:0 58947
56291 72431 1:0 58948
56291 72397 1:0 59078
57657 73409 21:0 57665
57662 73410 0:0 57665
57664 73411 0:0 57665
57665 73412 21:0 57731
57733 73442 0:0 57736
57738 73444 21:0 57796
57740 73443 0:0 57741
57795 73445 0:0 57807
57809 73475 21:0 57817
57816 73477 0:0 57817
57816 73476 21:0 57883
57881 73478 0:0 57883
57885 73508 21:0 57893
57892 73509 0:0 57893
57892 73510 21:0 57959
57957 73511 0:0 57959
57961 73541 21:0 57969
57968 73543 0:0 57969
57968 73542 21:0 58035
58033 73544 0:0 58035
58037 73574 21:0 58045
58044 73575 0:0 58045
58044 73576 21:0 58111
58109 73577 0:0 58111
58113 73607 21:0 58121
58120 73609 0:0 58121
58120 73608 21:0 58187
58185 73610 0:0 58187
58189 73640 21:0 58197
58196 73641 0:0 58197
58196 73642 0:0 58197
58197 73643 21:0 58263
58265 73673 21:0 58273
58272 73675 0:0 58273
58272 73674 0:0 58273
58273 73676 21:0 58339
58341 73706 21:0 58349
58348 73708 0:0 58349
58348 73707 21:0 58415
58413 73709 0:0 58415
58501 73775 21:0 58567
58569 73805 21:0 58577
58653 73841 21:0 58719
58819 72396 1:0 59089
58820 72366 1:0 59202
58829 72364 1:0 59209
58829 72365 1:0 59210
58835 72363 1:0 59220
58848 345 21:0 58862
58856 72333 1:0 59333
58950 72331 1:0 59340
58951 72332 1:0 59341
58951 72330 1:0 59351
58960 72300 1:0 59464
58960 72298 1:0 59471
58968 72299 1:0 59472
58987 72297 1:0 59482
59081 72267 1:0 59595
59082 72265 1:0 59602
59082 72266 1:0 59603
59091 72264 1:0 59613
59091 72234 1:0 59726
59099 72233 1:0 59734
59118 72232 1:0 59733
59212 72231 1:0 59744
59213 72201 1:0 59857
59222 72199 1:0 59864
59222 72200 1:0 59865
59228 72198 1:0 59875
59232 72168 1:0 59988
59261 72167 1:0 59996
59343 72166 1:0 59995
59344 72165 1:0 60006
59353 72135 1:0 60119
59353 72133 1:0 60126
59359 72134 1:0 60127
59364 72132 1:0 60137
59392 72102 1:0 60250
59474 72101 1:0 60258
59475 72100 1:0 60257
59484 72099 1:0 60268
59484 72069 1:0 60381
59490 72067 1:0 60388
59495 72068 1:0 60389
59523 72066 1:0 60399
59605 72036 1:0 60512
59606 72034 1:0 60519
59615 72035 1:0 60520
59615 72033 1:0 60530
59621 72003 1:0 60643
59641 72001 1:0 60650
59654 72002 1:0 60651
59736 72000 1:0 60661
59737 71970 1:0 60774
59746 71968 1:0 60781
59746 71969 1:0 60782
59752 71967 1:0 60792
59754 346 1:0 62122
60972 74851 21:0 60980
60979 74853 0:0 60980
60979 74852 0:0 60980
60980 74854 21:0 61046
61048 74884 21:0 61056
61055 74885 0:0 61056
61055 74886 0:0 61056
61056 74887 21:0 61122
61124 74917 21:0 61132
61131 74918 0:0 61132
61131 74919 21:0 61198
61196 74920 0:0 61198
61200 74950 21:0 61208
61207 74951 0:0 61208
61207 74952 21:0 61274
61272 74953 0:0 61274
61276 74983 21:0 61284
61283 74984 0:0 61284
61283 74985 21:0 61350
61348 74986 0:0 61350
61352 75016 21:0 61360
61359 75018 0:0 61360
61359 75017 0:0 61360
61360 75019 21:0 61426
61428 75049 21:0 61436
61435 75050 0:0 61436
61435 75051 21:0 61502
61500 75052 0:0 61502
61504 75082 21:0 61512
61511 75083 0:0 61512
61511 75084 21:0 61578
61576 75085 0:0 61578
61580 75115 21:0 61588
61587 75116 0:0 61588
61587 75117 21:0 61654
61652 75118 0:0 61654
61656 75148 0:0 61659
61661 75150 21:0 61719
61663 75149 0:0 61664
61718 75151 0:0 61730
61732 75181 21:0 61740
61739 75183 0:0 61740
61739 75182 21:0 61806
61804 75184 0:0 61806
61808 75214 0:0 61811
61813 75216 21:0 61871
61815 75215 0:0 61816
61870 75217 0:0 61882
61884 75247 0:0 61887
61889 75249 21:0 61947
61891 75248 0:0 61892
61946 75250 0:0 61958
61960 75280 21:0 61968
62134 73841 1:0 62386
62135 73805 1:0 62535
62144 73775 1:0 62648
62144 73709 1:0 62910
62150 73707 1:0 62917
62163 346 21:0 62177
62171 73708 1:0 62918
62265 73706 1:0 62928
62266 73676 1:0 63041
62266 73675 1:0 63049
62275 73674 1:0 63048
62275 73673 1:0 63059
62283 73643 1:0 63172
62302 73642 1:0 63180
62396 73641 1:0 63179
62397 73640 1:0 63190
62397 73610 1:0 63303
62406 73608 1:0 63310
62406 73609 1:0 63311
62414 73607 1:0 63321
62433 73577 1:0 63434
62527 73576 1:0 63442
62528 73575 1:0 63441
62537 73574 1:0 63452
62537 73544 1:0 63565
62543 73542 1:0 63572
62547 73543 1:0 63573
62576 73541 1:0 63583
62658 73511 1:0 63696
62659 73510 1:0 63704
62668 73509 1:0 63703
62668 73508 1:0 63714
62674 73478 1:0 63827
62679 73476 1:0 63834
62707 73477 1:0 63835
62789 73475 1:0 63845
62790 73445 1:0 63958
62799 73443 1:0 63965
62799 73444 1:0 63966
62805 73442 1:0 63976
62810 73412 1:0 64089
62838 73411 1:0 64097
62920 73410 1:0 64096
62921 73409 1:0 64107
62921 347 1:0 65437
62930 75280 1:0 65719
62930 75250 1:0 65832
64287 76293 21:0 64295
64294 76294 0:0 64295
64294 76295 0:0 64295
64295 76296 21:0 64361
64363 76326 0:0 64366
64368 76328 21:0 64426
64370 76327 0:0 64371
64425 76329 0:0 64437
64439 76359 21:0 64447
64446 76360 0:0 64447
64446 76361 21:0 64513
64511 76362 0:0 64513
64515 76392 21:0 64523
64522 76394 0:0 64523
64522 76393 21:0 64589
64587 76395 0:0 64589
64591 76425 21:0 64599
64598 76427 0:0 64599
64598 76426 21:0 64665
64663 76428 0:0 64665
64667 76458 21:0 64675
64674 76459 0:0 64675
64674 76460 21:0 64741
64739 76461 0:0 64741
64743 76491 21:0 64751
64750 76493 0:0 64751
64750 76492 21:0 64817
64815 76494 0:0 64817
64819 76524 21:0 64827
64826 76526 0:0 64827
64826 76525 0:0 64827
64827 76527 21:0 64893
64895 76557 21:0 64903
64902 76559 0:0 64903
64902 76558 21:0 64969
64967 76560 0:0 64969
64971 76590 21:0 64979
65047 76623 21:0 65055
65123 76656 0:0 65126
65128 76658 21:0 65186
65130 76657 0:0 65131
65185 76659 0:0 65197
65199 76689 21:0 65207
65275 76722 21:0 65283
65351 76755 21:0 65359
65449 75249 1:0 65840
65450 75248 1:0 65839
65459 75247 1:0 65850
65459 75217 1:0 65963
65465 75216 1:0 65971
65478 347 21:0 65492
65486 75215 1:0 65970
65580 75214 1:0 65981
65581 75184 1:0 66094
65581 75182 1:0 66101
65590 75183 1:0 66102
65590 75181 1:0 66112
65598 75151 1:0 66225
65617 75150 1:0 66233
65711 75149 1:0 66232
65712 75148 1:0 66243
65712 75118 1:0 66356
65721 75116 1:0 66363
65721 75117 1:0 66364
65729 75115 1:0 66374
65748 75085 1:0 66487
65842 75084 1:0 66495
65843 75083 1:0 66494
65852 75082 1:0 66505
65852 75052 1:0 66618
65858 75051 1:0 66626
65862 75050 1:0 66625
65891 75049 1:0 66636
65973 75019 1:0 66749
65974 75017 1:0 66756
65983 75018 1:0 66757
65983 75016 1:0 66767
65989 74986 1:0 66880
65994 74985 1:0 66888
66022 74984 1:0 66887
66104 74983 1:0 66898
66105 74953 1:0 67011
66114 74951 1:0 67018
66114 74952 1:0 67019
66120 74950 1:0 67029
66125 74920 1:0 67142
66153 74919 1:0 67150
66235 74918 1:0 67149
66236 74917 1:0 67160
66245 74887 1:0 67273
66245 74886 1:0 67281
66251 74885 1:0 67280
66271 74884 1:0 67291
66284 74854 1:0 67404
66366 74852 1:0 67411
66367 74853 1:0 67412
66367 348 1:0 68752
66376 74851 1:0 67422
66376 76755 1:0 68903
66384 76722 1:0 69034
67602 77735 21:0 67610
67607 77736 0:0 67610
67607 77737 0:0 67610
67610 77738 21:0 67676
67678 77768 21:0 67686
67685 77770 0:0 67686
67685 77769 21:0 67752
67750 77771 0:0 67752
67754 77801 21:0 67762
67761 77803 0:0 67762
67761 77802 21:0 67828
67826 77804 0:0 67828
67830 77834 21:0 67838
67837 77836 0:0 67838
67837 77835 21:0 67904
67902 77837 0:0 67904
67906 77867 21:0 67914
67913 77868 0:0 67914
67913 77869 21:0 67980
67978 77870 0:0 67980
67982 77900 21:0 67990
67989 77902 0:0 67990
67989 77901 21:0 68056
68054 77903 0:0 68056
68058 77933 21:0 68066
68065 77934 0:0 68066
68065 77935 21:0 68132
68130 77936 0:0 68132
68134 77966 21:0 68142
68141 77967 0:0 68142
68141 77968 0:0 68142
68142 77969 21:0 68208
68210 77999 0:0 68213
68215 78001 21:0 68273
68217 78000 0:0 68218
68272 78002 0:0 68284
68286 78032 0:0 68289
68291 78033 21:0 68347
68293 78034 0:0 68294
68346 78035 0:0 68360
68362 78065 21:0 68370
68369 78066 0:0 68370
68369 78067 21:0 68436
68434 78068 0:0 68436
68438 78098 0:0 68441
68443 78100 21:0 68501
68500 78101 0:0 68512
68514 78131 0:0 68517
68519 78132 21:0 68577
68521 78133 0:0 68522
68576 78134 0:0 68588
68590 78164 21:0 68598
68671 78199 21:0 68729
68764 76689 1:0 69165
68765 76659 1:0 69278
68774 76657 1:0 69285
68774 76658 1:0 69286
68780 76656 1:0 69296
68793 348 21:0 68807
68801 76623 1:0 69427
68895 76590 1:0 69558
68896 76560 1:0 69671
68896 76558 1:0 69678
68905 76559 1:0 69679
68905 76557 1:0 69689
68913 76527 1:0 69802
68932 76526 1:0 69810
69026 76525 1:0 69809
69027 76524 1:0 69820
69027 76494 1:0 69933
69036 76492 1:0 69940
69036 76493 1:0 69941
69044 76491 1:0 69951
69063 76461 1:0 70064
69157 76460 1:0 70072
69158 76459 1:0 70071
69167 76458 1:0 70082
69167 76428 1:0 70195
69173 76426 1:0 70202
69177 76427 1:0 70203
69206 76425 1:0 70213
69288 76395 1:0 70326
69289 76393 1:0 70333
69298 76394 1:0 70334
69298 76392 1:0 70344
69304 76362 1:0 70457
69309 76361 1:0 70465
69337 76360 1:0 70464
69419 76359 1:0 70475
69420 76329 1:0 70588
69429 76327 1:0 70595
69429 76328 1:0 70596
69435 76326 1:0 70606
69440 76296 1:0 70719
69468 76295 1:0 70727
69550 76294 1:0 70726
69551 76293 1:0 70737
69551 349 1:0 72067
70922 79178 0:0 70925
70922 79179 0:0 70925
70925 79180 21:0 70991
70993 79210 21:0 71001
71000 79212 0:0 71001
71000 79211 21:0 71067
71069 79243 21:0 71077
71076 79245 0:0 71077
71076 79244 21:0 71143
71141 79246 0:0 71143
71145 79276 21:0 71153
71152 79277 0:0 71153
71152 79278 21:0 71219
71217 79279 0:0 71219
71221 79309 21:0 71229
71228 79311 0:0 71229
71228 79310 21:0 71295
71293 79312 0:0 71295
71297 79342 21:0 71305
71304 79344 0:0 71305
71305 79345 21:0 71371
71373 79375 21:0 71381
71380 79376 0:0 71381
71380 79377 21:0 71447
71445 79378 0:0 71447
71449 79408 21:0 71457
71456 79410 0:0 71457
71456 79409 0:0 71457
71457 79411 21:0 71523
71525 79441 0:0 71528
71530 79443 21:0 71588
71532 79442 0:0 71533
71587 79444 0:0 71599
71606 79475 21:0 71664
71663 79477 0:0 71675
71677 79507 21:0 71685
71682 79508 0:0 71685
71682 79509 0:0 71685
71685 79510 21:0 71751
71758 79541 21:0 71816
71760 79542 0:0 71761
71913 79609 21:0 71979
71981 79639 21:0 71989
72079 78199 1:0 72208
72080 78164 1:0 72349
72089 78134 1:0 72462
72089 78132 1:0 72469
72095 78133 1:0 72470
72108 349 21:0 72122
72116 78131 1:0 72480
72210 78101 1:0 72593
72211 78100 1:0 72601
72211 78098 1:0 72611
72220 78068 1:0 72724
72220 78067 1:0 72732
72228 78066 1:0 72731
72247 78065 1:0 72742
72341 78035 1:0 72855
72342 78033 1:0 72862
72342 78034 1:0 72863
72351 78032 1:0 72873
72351 78002 1:0 72986
72359 78001 1:0 72994
72378 78000 1:0 72993
72472 77999 1:0 73004
72473 77969 1:0 73117
72482 77967 1:0 73124
72482 77968 1:0 73125
72488 77966 1:0 73135
72492 77936 1:0 73248
72521 77935 1:0 73256
72603 77934 1:0 73255
72604 77933 1:0 73266
72613 77903 1:0 73379
72613 77901 1:0 73386
72619 77902 1:0 73387
72624 77900 1:0 73397
72652 77870 1:0 73510
72734 77869 1:0 73518
72735 77868 1:0 73517
72744 77867 1:0 73528
72744 77837 1:0 73641
72750 77835 1:0 73648
72755 77836 1:0 73649
72783 77834 1:0 73659
72865 77804 1:0 73772
72866 77802 1:0 73779
72875 77803 1:0 73780
72875 77801 1:0 73790
72881 77771 1:0 73903
72901 77769 1:0 73910
72914 77770 1:0 73911
72996 77768 1:0 73921
72997 77738 1:0 74034
73006 77736 1:0 74041
73006 77737 1:0 74042
73012 77735 1:0 74052
73014 350 1:0 75382
73033 79639 1:0 75533
73127 79609 1:0 75646
74232 80619 21:0 74240
74239 80620 0:0 74240
74239 80621 0:0 74240
74240 80622 21:0 74306
74308 80652 21:0 74316
74315 80654 0:0 74316
74315 80653 0:0 74316
74316 80655 21:0 74382
74384 80685 21:0 74392
74391 80686 0:0 74392
74391 80687 21:0 74458
74456 80688 0:0 74458
74460 80718 21:0 74468
74467 80719 0:0 74468
74467 80720 21:0 74534
74532 80721 0:0 74534
74536 80751 21:0 74544
74543 80753 0:0 74544
74543 80752 21:0 74610
74608 80754 0:0 74610
74612 80784 21:0 74620
74619 80786 0:0 74620
74619 80785 21:0 74686
74684 80787 0:0 74686
74688 80817 21:0 74696
74695 80819 0:0 74696
74695 80818 21:0 74762
74760 80820 0:0 74762
74764 80850 21:0 74772
74771 80852 0:0 74772
74771 80851 21:0 74838
74836 80853 0:0 74838
74840 80883 0:0 74843
74845 80884 21:0 74903
74847 80885 0:0 74848
74902 80886 0:0 74914
74916 80916 21:0 74924
74921 80918 0:0 74924
74923 80917 0:0 74924
74924 80919 21:0 74990
74992 80949 0:0 74995
74997 80950 21:0 75055
74999 80951 0:0 75000
75054 80952 0:0 75066
75068 80982 0:0 75071
75073 80983 21:0 75131
75075 80984 0:0 75076
75130 80985 0:0 75142
75149 81016 21:0 75207
75151 81017 0:0 75152
75220 81048 21:0 75228
75227 81050 0:0 75228
75227 81049 0:0 75228
75228 81051 21:0 75294
75296 81081 21:0 75304
75394 79541 1:0 75915
75395 79542 1:0 75916
75404 79510 1:0 76039
75404 79509 1:0 76047
75410 79508 1:0 76046
75423 350 21:0 75437
75431 79507 1:0 76057
75525 79477 1:0 76170
75526 79475 1:0 76177
75526 79444 1:0 76301
75535 79442 1:0 76308
75535 79443 1:0 76309
75543 79441 1:0 76319
75562 79411 1:0 76432
75656 79410 1:0 76440
75657 79409 1:0 76439
75657 79408 1:0 76450
75666 79378 1:0 76563
75666 79377 1:0 76571
75674 79376 1:0 76570
75693 79375 1:0 76581
75787 79345 1:0 76694
75788 79344 1:0 76702
75797 79342 1:0 76712
75797 79312 1:0 76825
75803 79310 1:0 76832
75807 79311 1:0 76833
75836 79309 1:0 76843
75918 79279 1:0 76956
75919 79278 1:0 76964
75928 79277 1:0 76963
75928 79276 1:0 76974
75934 79246 1:0 77087
75939 79244 1:0 77094
75967 79245 1:0 77095
76049 79243 1:0 77105
76050 79211 1:0 77225
76059 79212 1:0 77226
76059 79210 1:0 77236
76065 79180 1:0 77349
76070 79178 1:0 77356
76098 79179 1:0 77357
76180 351 1:0 78697
76181 81081 1:0 78848
76181 81051 1:0 78961
76190 81049 1:0 78968
77547 82061 21:0 77555
77552 82062 0:0 77555
77552 82063 0:0 77555
77555 82064 21:0 77621
77623 82094 21:0 77631
77630 82096 0:0 77631
77630 82095 21:0 77697
77695 82097 0:0 77697
77699 82127 21:0 77707
77706 82129 0:0 77707
77706 82128 21:0 77773
77771 82130 0:0 77773
77775 82160 21:0 77783
77782 82161 0:0 77783
77782 82162 21:0 77849
77847 82163 0:0 77849
77851 82193 21:0 77859
77858 82195 0:0 77859
77858 82194 21:0 77925
77923 82196 0:0 77925
77927 82226 21:0 77935
77934 82227 0:0 77935
77934 82228 0:0 77935
77935 82229 21:0 78001
78003 82259 21:0 78011
78010 82260 0:0 78011
78010 82261 21:0 78077
78075 82262 0:0 78077
78079 82292 21:0 78087
78086 82294 0:0 78087
78086 82293 21:0 78153
78155 82325 21:0 78163
78162 82326 21:0 78229
78231 82358 21:0 78239
78238 82360 0:0 78239
78238 82359 0:0 78239
78239 82361 21:0 78305
78307 82391 21:0 78315
78314 82393 0:0 78315
78315 82394 21:0 78381
78388 82425 21:0 78446
78390 82426 0:0 78391
78459 82457 21:0 78467
78466 82458 21:0 78533
78709 81050 1:0 78969
78710 81048 1:0 78979
78719 81016 1:0 79099
78719 81017 1:0 79100
78725 80985 1:0 79223
78738 351 21:0 78752
78746 80983 1:0 79230
78840 80984 1:0 79231
78841 80982 1:0 79241
78841 80952 1:0 79354
78850 80950 1:0 79361
78850 80951 1:0 79362
78858 80949 1:0 79372
78877 80919 1:0 79485
78971 80918 1:0 79493
78972 80917 1:0 79492
78972 80916 1:0 79503
78981 80886 1:0 79616
78981 80884 1:0 79623
78989 80885 1:0 79624
79008 80883 1:0 79634
79102 80853 1:0 79747
79103 80851 1:0 79754
79112 80852 1:0 79755
79112 80850 1:0 79765
79118 80820 1:0 79878
79122 80818 1:0 79885
79151 80819 1:0 79886
79233 80817 1:0 79896
79234 80787 1:0 80009
79243 80785 1:0 80016
79243 80786 1:0 80017
79249 80784 1:0 80027
79254 80754 1:0 80140
79282 80752 1:0 80147
79364 80753 1:0 80148
79365 80751 1:0 80158
79374 80721 1:0 80271
79374 80720 1:0 80279
79380 80719 1:0 80278
79385 80718 1:0 80289
79413 80688 1:0 80402
79495 80687 1:0 80410
79496 80686 1:0 80409
79505 80685 1:0 80420
79505 80655 1:0 80533
79511 80653 1:0 80540
79531 80654 1:0 80541
79544 80652 1:0 80551
79626 80622 1:0 80664
79627 80620 1:0 80671
79627 352 1:0 82012
79636 80621 1:0 80672
79636 80619 1:0 80682
80862 83503 0:0 80865
80867 83504 21:0 80925
80869 83505 0:0 80870
80924 83506 0:0 80936
80938 83536 21:0 80946
80945 83538 0:0 80946
80945 83537 0:0 80946
80946 83539 21:0 81012
81014 83569 21:0 81022
81021 83570 0:0 81022
81021 83571 21:0 81088
81086 83572 0:0 81088
81090 83602 21:0 81098
81097 83604 0:0 81098
81097 83603 21:0 81164
81162 83605 0:0 81164
81166 83635 21:0 81174
81173 83636 0:0 81174
81173 83637 21:0 81240
81238 83638 0:0 81240
81242 83668 21:0 81250
81249 83669 0:0 81250
81249 83670 21:0 81316
81314 83671 0:0 81316
81318 83701 21:0 81326
81325 83703 0:0 81326
81325 83702 21:0 81392
81390 83704 0:0 81392
81394 83734 21:0 81402
81401 83736 0:0 81402
81401 83735 0:0 81402
81402 83737 21:0 81468
81470 83767 21:0 81478
81477 83769 0:0 81478
81477 83768 0:0 81478
81478 83770 21:0 81544
81546 83800 21:0 81554
81553 83802 0:0 81554
81553 83801 21:0 81620
81618 83803 0:0 81620
81622 83833 0:0 81625
81627 83834 21:0 81685
81629 83835 0:0 81630
81684 83836 0:0 81696
81698 83866 21:0 81706
81705 83868 0:0 81706
81705 83867 21:0 81772
81770 83869 0:0 81772
81779 83900 21:0 81837
81926 83965 0:0 81929
81931 83966 21:0 81989
81933 83967 0:0 81934
82024 82458 1:0 82414
82025 82457 1:0 82425
82034 82425 1:0 82545
82034 82426 1:0 82546
82040 82394 1:0 82669
82053 352 21:0 82067
82061 82393 1:0 82677
82155 82391 1:0 82687
82156 82361 1:0 82800
82156 82360 1:0 82808
82165 82359 1:0 82807
82165 82358 1:0 82818
82173 82326 1:0 82938
82192 82325 1:0 82949
82286 82293 1:0 83069
82287 82294 1:0 83070
82287 82292 1:0 83080
82296 82262 1:0 83193
82296 82261 1:0 83201
82304 82260 1:0 83200
82323 82259 1:0 83211
82417 82229 1:0 83324
82418 82227 1:0 83331
82427 82228 1:0 83332
82427 82226 1:0 83342
82433 82196 1:0 83455
82437 82194 1:0 83462
82466 82195 1:0 83463
82548 82193 1:0 83473
82549 82163 1:0 83586
82558 82161 1:0 83593
82558 82162 1:0 83594
82564 82160 1:0 83604
82569 82130 1:0 83717
82597 82128 1:0 83724
82679 82129 1:0 83725
82680 82127 1:0 83735
82689 82097 1:0 83848
82689 82095 1:0 83855
82695 82096 1:0 83856
82700 82094 1:0 83866
82728 82064 1:0 83979
82810 82062 1:0 83986
82811 82063 1:0 83987
82811 353 1:0 85327
82820 82061 1:0 83997
82820 83966 1:0 85467
82828 83967 1:0 85468
82847 83965 1:0 85478
82941 83900 1:0 85729
84177 84945 21:0 84185
84184 84947 0:0 84185
84184 84946 0:0 84185
84185 84948 21:0 84251
84253 84978 0:0 84256
84258 84980 21:0 84316
84260 84979 0:0 84261
84315 84981 0:0 84327
84329 85011 21:0 84337
84336 85013 0:0 84337
84336 85012 0:0 84337
84337 85014 21:0 84403
84405 85044 21:0 84413
84412 85046 0:0 84413
84412 85045 21:0 84479
84477 85047 0:0 84479
84481 85077 21:0 84489
84488 85078 0:0 84489
84488 85079 21:0 84555
84553 85080 0:0 84555
84557 85110 21:0 84565
84564 85112 0:0 84565
84564 85111 0:0 84565
84565 85113 21:0 84631
84633 85143 21:0 84641
84640 85145 0:0 84641
84640 85144 21:0 84707
84705 85146 0:0 84707
84709 85176 21:0 84717
84716 85178 0:0 84717
84716 85177 21:0 84783
84781 85179 0:0 84783
84785 85209 0:0 84788
84790 85210 21:0 84855
84792 85211 0:0 84793
84855 85212 0:0 84859
84866 85243 0:0 84869
84869 85245 21:0 84935
84937 85275 0:0 84940
84942 85277 21:0 85000
84944 85276 0:0 84945
85021 85311 21:0 85087
85089 85341 21:0 85097
85096 85343 21:0 85163
85165 85374 21:0 85173
85172 85376 0:0 85173
85172 85375 0:0 85173
85173 85377 21:0 85239
85339 83869 1:0 85853
85340 83867 1:0 85860
85349 83868 1:0 85861
85349 83866 1:0 85871
85355 83836 1:0 85984
85368 353 21:0 85382
85376 83834 1:0 85991
85470 83835 1:0 85992
85471 83833 1:0 86002
85471 83803 1:0 86115
85480 83801 1:0 86122
85480 83802 1:0 86123
85488 83800 1:0 86133
85507 83770 1:0 86246
85601 83769 1:0 86254
85602 83768 1:0 86253
85602 83767 1:0 86264
85611 83737 1:0 86377
85611 83735 1:0 86384
85619 83736 1:0 86385
85638 83734 1:0 86395
85732 83704 1:0 86508
85733 83702 1:0 86515
85742 83703 1:0 86516
85742 83701 1:0 86526
85748 83671 1:0 86639
85752 83670 1:0 86647
85781 83669 1:0 86646
85863 83668 1:0 86657
85864 83638 1:0 86770
85873 83636 1:0 86777
85873 83637 1:0 86778
85879 83635 1:0 86788
85884 83605 1:0 86901
85912 83603 1:0 86908
85994 83604 1:0 86909
85995 83602 1:0 86919
86004 83572 1:0 87032
86004 83571 1:0 87040
86010 83570 1:0 87039
86015 83569 1:0 87050
86043 83539 1:0 87163
86125 83537 1:0 87170
86126 83538 1:0 87171
86135 83536 1:0 87181
86135 83506 1:0 87294
86141 83504 1:0 87301
86161 83505 1:0 87302
86174 83503 1:0 87312
86256 354 1:0 88642
86257 85377 1:0 88906
87492 86387 21:0 87500
87499 86388 0:0 87500
87499 86389 0:0 87500
87500 86390 21:0 87566
87568 86420 21:0 87576
87575 86421 0:0 87576
87575 86422 0:0 87576
87576 86423 21:0 87642
87644 86453 21:0 87652
87651 86454 0:0 87652
87651 86455 21:0 87718
87716 86456 0:0 87718
87720 86486 21:0 87728
87727 86488 0:0 87728
87727 86487 21:0 87794
87792 86489 0:0 87794
87796 86519 21:0 87804
87803 86520 0:0 87804
87803 86521 21:0 87870
87868 86522 0:0 87870
87872 86552 21:0 87880
87879 86553 0:0 87880
87879 86554 21:0 87946
87944 86555 0:0 87946
87948 86585 21:0 87956
87955 86587 0:0 87956
87955 86586 21:0 88022
88020 86588 0:0 88022
88024 86618 21:0 88032
88031 86620 0:0 88032
88031 86619 0:0 88032
88032 86621 21:0 88098
88100 86651 21:0 88108
88105 86652 0:0 88108
88105 86653 0:0 88108
88108 86654 21:0 88174
88176 86684 21:0 88184
88183 86685 0:0 88184
88183 86686 21:0 88250
88248 86687 0:0 88250
88252 86717 0:0 88255
88257 86719 21:0 88315
88259 86718 0:0 88260
88314 86720 0:0 88326
88328 86750 21:0 88336
88333 86752 0:0 88336
88335 86751 0:0 88336
88336 86753 21:0 88402
88404 86783 21:0 88412
88654 85376 1:0 88914
88655 85375 1:0 88913
88664 85374 1:0 88924
88664 85343 1:0 89045
88670 85341 1:0 89055
88683 354 21:0 88697
88691 85311 1:0 89168
88785 85277 1:0 89307
88786 85276 1:0 89306
88786 85275 1:0 89317
88795 85245 1:0 89430
88795 85243 1:0 89437
88803 85212 1:0 89561
88822 85210 1:0 89568
88916 85211 1:0 89569
88917 85209 1:0 89579
88917 85179 1:0 89692
88926 85177 1:0 89699
88926 85178 1:0 89700
88934 85176 1:0 89710
88953 85146 1:0 89823
89047 85144 1:0 89830
89048 85145 1:0 89831
89057 85143 1:0 89841
89057 85113 1:0 89954
89063 85112 1:0 89962
89067 85111 1:0 89961
89096 85110 1:0 89972
89178 85080 1:0 90085
89179 85079 1:0 90093
89188 85078 1:0 90092
89188 85077 1:0 90103
89194 85047 1:0 90216
89199 85045 1:0 90223
89227 85046 1:0 90224
89309 85044 1:0 90234
89310 85014 1:0 90347
89319 85012 1:0 90354
89319 85013 1:0 90355
89325 85011 1:0 90365
89330 84981 1:0 90478
89358 84980 1:0 90486
89440 84979 1:0 90485
89441 84978 1:0 90496
89450 84948 1:0 90609
89450 84947 1:0 90617
89456 84946 1:0 90616
89476 84945 1:0 90627
89477 355 1:0 91957
89571 86783 1:0 92370
90807 87829 21:0 90815
90814 87831 0:0 90815
90814 87830 0:0 90815
90815 87832 21:0 90881
90883 87862 21:0 90891
90890 87863 0:0 90891
90890 87864 0:0 90891
90891 87865 21:0 90957
90959 87895 21:0 90967
90966 87897 0:0 90967
90966 87896 21:0 91033
91031 87898 0:0 91033
91035 87928 21:0 91043
91042 87930 0:0 91043
91042 87929 21:0 91109
91107 87931 0:0 91109
91111 87961 21:0 91119
91118 87962 0:0 91119
91118 87963 21:0 91185
91183 87964 0:0 91185
91187 87994 21:0 91195
91194 87995 0:0 91195
91194 87996 21:0 91261
91259 87997 0:0 91261
91263 88027 21:0 91271
91270 88029 0:0 91271
91270 88028 21:0 91337
91335 88030 0:0 91337
91339 88060 21:0 91347
91346 88062 0:0 91347
91346 88061 21:0 91413
91411 88063 0:0 91413
91415 88093 21:0 91423
91422 88094 0:0 91423
91422 88095 21:0 91489
91487 88096 0:0 91489
91491 88126 21:0 91499
91498 88127 0:0 91499
91498 88128 21:0 91565
91563 88129 0:0 91565
91567 88159 0:0 91570
91572 88160 21:0 91630
91574 88161 0:0 91575
91629 88162 0:0 91641
91800 88260 21:0 91858
91871 88291 0:0 91874
91876 88293 21:0 91934
91933 88294 0:0 91945
91969 86753 1:0 92483
91970 86751 1:0 92490
91979 86752 1:0 92491
91979 86750 1:0 92501
91985 86720 1:0 92614
91998 355 21:0 92012
92006 86719 1:0 92622
92100 86718 1:0 92621
92101 86717 1:0 92632
92101 86687 1:0 92745
92110 86685 1:0 92752
92110 86686 1:0 92753
92118 86684 1:0 92763
92137 86654 1:0 92876
92231 86653 1:0 92884
92232 86652 1:0 92883
92232 86651 1:0 92894
92241 86621 1:0 93007
92241 86620 1:0 93015
92249 86619 1:0 93014
92268 86618 1:0 93025
92362 86588 1:0 93138
92363 86586 1:0 93145
92372 86587 1:0 93146
92372 86585 1:0 93156
92378 86555 1:0 93269
92382 86554 1:0 93277
92411 86553 1:0 93276
92493 86552 1:0 93287
92494 86522 1:0 93400
92503 86520 1:0 93407
92503 86521 1:0 93408
92509 86519 1:0 93418
92514 86489 1:0 93531
92542 86487 1:0 93538
92624 86488 1:0 93539
92625 86486 1:0 93549
92634 86456 1:0 93662
92634 86455 1:0 93670
92640 86454 1:0 93669
92645 86453 1:0 93680
92673 86423 1:0 93793
92755 86422 1:0 93801
92756 86421 1:0 93800
92765 86420 1:0 93811
92765 86390 1:0 93924
92771 86389 1:0 93932
92791 86388 1:0 93931
92804 86387 1:0 93942
92886 356 1:0 95272
94122 89271 21:0 94130
94127 89272 0:0 94130
94129 89273 0:0 94130
94130 89274 21:0 94196
94198 89304 21:0 94206
94205 89305 0:0 94206
94206 89307 21:0 94272
94274 89337 21:0 94282
94281 89338 0:0 94282
94281 89339 21:0 94348
94346 89340 0:0 94348
94350 89370 21:0 94358
94357 89372 0:0 94358
94357 89371 21:0 94424
94422 89373 0:0 94424
94426 89403 21:0 94434
94433 89404 0:0 94434
94434 89406 21:0 94500
94502 89436 21:0 94510
94509 89437 0:0 94510
94509 89438 21:0 94576
94574 89439 0:0 94576
94578 89469 21:0 94586
94585 89470 0:0 94586
94585 89471 0:0 94586
94586 89472 21:0 94652
94654 89502 21:0 94662
94661 89504 0:0 94662
94661 89503 21:0 94728
94726 89505 0:0 94728
94730 89535 0:0 94733
94735 89537 21:0 94793
94737 89536 0:0 94738
94806 89568 0:0 94809
94811 89569 21:0 94869
94882 89601 21:0 94890
94887 89603 0:0 94890
94887 89602 0:0 94890
94890 89604 21:0 94956
94958 89634 0:0 94961
94963 89635 21:0 95021
94965 89636 0:0 94966
95020 89637 0:0 95032
95034 89667 0:0 95037
95039 89668 21:0 95097
95041 89669 0:0 95042
95096 89670 0:0 95108
95110 89700 21:0 95118
95284 88294 1:0 95405
95285 88293 1:0 95413
95294 88291 1:0 95423
95294 88260 1:0 95544
95300 88162 1:0 95929
95313 356 21:0 95327
95321 88160 1:0 95936
95415 88161 1:0 95937
95416 88159 1:0 95947
95416 88129 1:0 96060
95425 88127 1:0 96067
95425 88128 1:0 96068
95433 88126 1:0 96078
95452 88096 1:0 96191
95546 88095 1:0 96199
95547 88094 1:0 96198
95547 88093 1:0 96209
95556 88063 1:0 96322
95556 88061 1:0 96329
95564 88062 1:0 96330
95583 88060 1:0 96340
95677 88030 1:0 96453
95678 88028 1:0 96460
95687 88029 1:0 96461
95687 88027 1:0 96471
95693 87997 1:0 96584
95697 87996 1:0 96592
95726 87995 1:0 96591
95808 87994 1:0 96602
95809 87964 1:0 96715
95818 87962 1:0 96722
95818 87963 1:0 96723
95824 87961 1:0 96733
95829 87931 1:0 96846
95857 87929 1:0 96853
95939 87930 1:0 96854
95940 87928 1:0 96864
95949 87898 1:0 96977
95949 87896 1:0 96984
95955 87897 1:0 96985
95960 87895 1:0 96995
95988 87865 1:0 97108
96070 87864 1:0 97116
96071 87863 1:0 97115
96080 87862 1:0 97126
96080 87832 1:0 97239
96086 87831 1:0 97247
96106 87830 1:0 97246
96119 87829 1:0 97257
96201 357 1:0 98587
96202 89700 1:0 98869
96202 89670 1:0 98982
96211 89668 1:0 98989
96211 89669 1:0 98990
96219 89667 1:0 99000
96238 89637 1:0 99113
97437 90713 21:0 97445
97444 90715 0:0 97445
97444 90714 0:0 97445
97445 90716 21:0 97511
97513 90746 21:0 97521
97520 90747 0:0 97521
97520 90748 21:0 97587
97585 90749 0:0 97587
97589 90779 21:0 97597
97596 90781 0:0 97597
97596 90780 21:0 97663
97661 90782 0:0 97663
97665 90812 21:0 97673
97672 90813 0:0 97673
97672 90814 21:0 97739
97737 90815 0:0 97739
97741 90845 21:0 97749
97748 90846 0:0 97749
97748 90847 21:0 97815
97813 90848 0:0 97815
97817 90878 21:0 97825
97824 90880 0:0 97825
97824 90879 21:0 97891
97889 90881 0:0 97891
97893 90911 21:0 97901
97900 90913 0:0 97901
97900 90912 21:0 97967
97965 90914 0:0 97967
97969 90944 21:0 97977
97976 90945 0:0 97977
97976 90946 0:0 97977
97977 90947 21:0 98043
98045 90977 21:0 98053
98052 90978 0:0 98053
98052 90979 0:0 98053
98053 90980 21:0 98119
98121 91010 21:0 98129
98128 91012 0:0 98129
98128 91011 21:0 98195
98193 91013 0:0 98195
98197 91043 21:0 98205
98204 91045 0:0 98205
98204 91044 21:0 98271
98269 91046 0:0 98271
98273 91076 21:0 98281
98280 91077 0:0 98281
98280 91078 21:0 98347
98345 91079 0:0 98347
98349 91109 21:0 98357
98356 91111 0:0 98357
98356 91110 21:0 98423
98421 91112 0:0 98423
98425 91142 21:0 98433
98432 91144 21:0 98499
98599 89635 1:0 99120
98600 89636 1:0 99121
98609 89634 1:0 99131
98609 89604 1:0 99244
98615 89603 1:0 99252
98628 357 21:0 98642
98636 89602 1:0 99251
98730 89601 1:0 99262
98731 89569 1:0 99382
98731 89568 1:0 99393
98740 89536 1:0 99513
98740 89537 1:0 99514
98748 89535 1:0 99524
98767 89505 1:0 99637
98861 89503 1:0 99644
98862 89504 1:0 99645
98862 89502 1:0 99655
98871 89472 1:0 99768
98871 89470 1:0 99775
98879 89471 1:0 99776
98898 89469 1:0 99786
98992 89439 1:0 99899
98993 89438 1:0 99907
99002 89437 1:0 99906
99002 89436 1:0 99917
99008 89406 1:0 100030
99012 89404 1:0 100037
99041 89403 1:0 100048
99123 89373 1:0 100161
99124 89371 1:0 100168
99133 89372 1:0 100169
99133 89370 1:0 100179
99139 89340 1:0 100292
99144 89339 1:0 100300
99172 89338 1:0 100299
99254 89337 1:0 100310
99255 89307 1:0 100423
99264 89305 1:0 100430
99264 89304 1:0 100441
99270 89274 1:0 100554
99275 89273 1:0 100562
99303 89272 1:0 100561
99385 89271 1:0 100572
99386 358 1:0 101902
100752 92155 21:0 100760
100757 92157 0:0 100760
100759 92156 0:0 100760
100760 92158 21:0 100826
100828 92188 21:0 100836
100835 92190 0:0 100836
100835 92189 21:0 100902
100900 92191 0:0 100902
100909 92223 21:0 100967
100911 92222 0:0 100912
100966 92224 0:0 100978
100985 92256 21:0 101043
100987 92255 0:0 100988
101042 92257 0:0 101054
101061 92289 21:0 101119
101063 92288 0:0 101064
101118 92290 0:0 101130
101132 92320 21:0 101140
101137 92322 0:0 101140
101139 92321 0:0 101140
101140 92323 21:0 101206
101208 92353 21:0 101216
101215 92354 0:0 101216
101216 92356 21:0 101282
101284 92386 21:0 101292
101291 92388 0:0 101292
101292 92389 21:0 101358
101360 92419 21:0 101368
101365 92421 0:0 101368
101368 92422 21:0 101434
101436 92452 21:0 101444
101443 92453 0:0 101444
101443 92454 21:0 101510
101512 92485 0:0 101515
101517 92486 21:0 101575
101519 92487 0:0 101520
101588 92518 21:0 101596
101595 92519 21:0 101662
101672 92554 21:0 101738
101740 92584 0:0 101743
101745 92586 21:0 101803
101821 92619 21:0 101879
101914 328 1:0 2597
101915 91144 1:0 102174
101915 91142 1:0 102184
101924 91112 1:0 102297
101924 91110 1:0 102304
101932 91111 1:0 102305
101934 45956 1:0 104139
101943 358 21:0 101957
101958 91109 1:0 102315
102045 91079 1:0 102428
102046 91078 1:0 102436
102055 91077 1:0 102435
102055 91076 1:0 102446
102061 91046 1:0 102559
102065 91044 1:0 102566
102094 91045 1:0 102567
102176 91043 1:0 102577
102177 91013 1:0 102690
102186 91011 1:0 102697
102186 91012 1:0 102698
102192 91010 1:0 102708
102197 90980 1:0 102821
102225 90979 1:0 102829
102307 90978 1:0 102828
102308 90977 1:0 102839
102317 90947 1:0 102952
102317 90945 1:0 102959
102323 90946 1:0 102960
102328 90944 1:0 102970
102356 90914 1:0 103083
102438 90912 1:0 103090
102439 90913 1:0 103091
102448 90911 1:0 103101
102448 90881 1:0 103214
102454 90879 1:0 103221
102474 90880 1:0 103222
102487 90878 1:0 103232
102569 90848 1:0 103345
102570 90847 1:0 103353
102579 90846 1:0 103352
102579 90845 1:0 103363
102585 90815 1:0 103476
102605 90814 1:0 103484
102700 90813 1:0 103483
102701 90812 1:0 103494
102701 90782 1:0 103607
102710 90780 1:0 103614
102710 90781 1:0 103615
102718 90779 1:0 103625
102737 90749 1:0 103738
102831 90748 1:0 103746
102832 90747 1:0 103745
102832 90746 1:0 103756
102841 90716 1:0 103869
102841 90714 1:0 103876
102849 90715 1:0 103877
102868 90713 1:0 103887
102880 359 1:0 104000
102880 45954 1:0 104133
102880 45961 1:0 104164
102962 92619 1:0 104107
102963 45955 1:0 104134
102963 45966 1:0 104139
102963 45960 1:0 104139
102963 45962 1:0 104139
102972 45965 1:0 104139
102972 45964 1:0 104139
102972 45963 1:0 104139
102972 45967 1:0 104139
102980 92586 1:0 104328
102982 46108 1:0 104385
102983 46101 1:0 104354
102998 46109 1:0 104394
102999 46102 1:0 104355
102999 46107 1:0 104384
103011 46103 1:0 104364
103011 46110 1:0 104395
103052 46252 1:0 104595
103093 46111 1:0 104404
103093 46112 1:0 104405
103094 46113 1:0 104414
103094 46114 1:0 104415
103094 46248 1:0 104575
103103 92584 1:0 104462
103103 92554 1:0 104495
103109 46261 1:0 104549
103111 46256 1:0 104615
103114 46257 1:0 104616
103129 46249 1:0 104576
103130 46258 1:0 104625
103142 46259 1:0 104626
103224 46254 1:0 104605
103224 46255 1:0 104606
103224 46260 1:0 104635
103225 92519 1:0 104716
103225 46406 1:0 104770
103234 46395 1:0 104796
103234 46396 1:0 104797
103234 46398 1:0 104807
103234 46401 1:0 104826
103234 46403 1:0 104836
103234 46404 1:0 104837
103234 46405 1:0 104846
103240 46402 1:0 104827
103240 46407 1:0 104856
103244 46408 1:0 104857
103260 46553 1:0 105023
103273 92518 1:0 104904
103355 92486 1:0 104991
103356 46550 1:0 105023
103356 46554 1:0 105023
103356 46548 1:0 105047
103365 46542 1:0 105017
103365 46543 1:0 105018
103365 46551 1:0 105023
103365 46549 1:0 105023
103365 46552 1:0 105023
103365 46555 1:0 105023
103365 46696 1:0 105269
103373 92487 1:0 105115
103392 92485 1:0 105125
103404 46689 1:0 105238
103404 46701 1:0 105244
103486 92454 1:0 105212
103487 46690 1:0 105239
103487 46698 1:0 105244
103487 46700 1:0 105244
103496 46702 1:0 105244
103496 46695 1:0 105244
103496 46697 1:0 105244
103496 46699 1:0 105244
103502 92453 1:0 105335
103522 92452 1:0 105346
103535 92422 1:0 105433
103617 46836 1:0 105459
103617 46837 1:0 105460
103617 46844 1:0 105499
103618 46845 1:0 105500
103618 46846 1:0 105509
103618 46847 1:0 105510
103627 46842 1:0 105489
103627 46843 1:0 105490
103627 46848 1:0 105519
103627 46849 1:0 105520
103627 46983 1:0 105680
103633 92421 1:0 105557
103638 92419 1:0 105567
103653 46984 1:0 105681
103666 92389 1:0 105600
103748 46995 1:0 105654
103748 46991 1:0 105720
103749 46989 1:0 105710
103749 46990 1:0 105711
103749 46992 1:0 105721
103749 46993 1:0 105730
103758 92388 1:0 105778
103758 46994 1:0 105731
103758 46996 1:0 105741
103766 92386 1:0 105788
103785 92356 1:0 105821
103797 47143 1:0 105875
103797 47130 1:0 105901
103838 47132 1:0 105911
103879 47138 1:0 105941
103879 47139 1:0 105942
103880 47131 1:0 105902
103880 47140 1:0 105951
103880 47141 1:0 105952
103889 92354 1:0 105998
103889 47136 1:0 105931
103889 47137 1:0 105932
103889 47142 1:0 105961
103895 92353 1:0 106009
103915 92323 1:0 106096
103916 47283 1:0 106152
103928 47285 1:0 106162
103969 47286 1:0 106163
104012 47277 1:0 106122
104012 47278 1:0 106123
104012 47284 1:0 106153
104012 47287 1:0 106172
104013 47288 1:0 106173
104013 47289 1:0 106182
104022 92321 1:0 106219
104022 47290 1:0 106183
104028 92322 1:0 106220
104032 92320 1:0 106230
104041 359 21:0 104055
104061 92289 1:0 106317
104110 92290 1:0 106317
104115 47431 1:0 106374
104130 47434 1:0 106349
104131 47437 1:0 106349
104140 45955 0:0 104165
104143 45954 0:0 104169
104143 47435 1:0 106349
104170 45961 21:0 104217
104181 47433 1:0 106349
104191 47436 1:0 106349
104201 47432 1:0 106349
104203 47424 1:0 106343
104216 45967 0:0 104225
104217 45966 0:0 104225
104217 45960 0:0 104225
104217 45962 0:0 104225
104224 45956 0:0 104225
104224 45963 0:0 104225
104224 45964 0:0 104225
104224 45965 0:0 104225
104226 92288 1:0 106440
104226 47425 1:0 106344
104226 47430 1:0 106349
104226 47577 1:0 106594
104233 92256 1:0 106538
104234 92257 1:0 106538
104234 47579 1:0 106573
104243 47582 1:0 106573
104243 47583 1:0 106573
104243 47584 1:0 106573
104243 47581 1:0 106573
104249 47571 1:0 106564
104249 47580 1:0 106573
104249 47576 1:0 106573
104249 47720 1:0 106795
104251 47572 1:0 106565
104251 47578 1:0 106573
104270 92255 1:0 106661
104323 92223 1:0 106759
104331 47725 1:0 106816
104336 47718 1:0 106785
104351 47726 1:0 106825
104352 47727 1:0 106826
104352 48017 1:0 107248
104353 47719 1:0 106786
104391 46108 21:0 104439
104412 92224 1:0 106867
104422 47728 1:0 106835
104424 47724 1:0 106815
104438 46111 0:0 104446
104438 46107 0:0 104446
104438 46102 0:0 104446
104438 46101 0:0 104446
104438 46109 0:0 104446
104445 46103 0:0 104446
104445 46114 0:0 104446
104445 46110 0:0 104446
104445 46113 0:0 104446
104445 46112 0:0 104446
104447 47729 1:0 106836
104447 47730 1:0 106845
104447 47731 1:0 106846
104447 47872 1:0 107037
104454 92222 1:0 106882
104455 92189 1:0 106980
104455 47873 1:0 107046
104464 92191 1:0 107090
104464 47865 1:0 107006
104464 47866 1:0 107007
104464 47874 1:0 107047
104470 47875 1:0 107056
104470 47876 1:0 107057
104472 47871 1:0 107036
104472 48012 1:0 107227
104475 47877 1:0 107066
104491 47878 1:0 107067
104544 92190 1:0 107104
104573 92188 1:0 107114
104585 46248 21:0 104641
104623 92158 1:0 107147
104633 48022 1:0 107201
104640 46249 0:0 104655
104640 46255 0:0 104655
104641 46254 0:0 104658
104642 46261 21:0 104667
104642 48162 1:0 107454
104643 48020 1:0 107267
104645 48021 1:0 107268
104665 46256 0:0 104667
104665 46258 0:0 104667
104666 46257 0:0 104667
104666 46252 0:0 104667
104666 46260 0:0 104667
104666 46259 0:0 104667
104668 48013 1:0 107228
104668 48018 1:0 107257
104668 48019 1:0 107258
104668 48023 1:0 107278
104668 48024 1:0 107287
104668 48165 1:0 107478
104675 48025 1:0 107288
104675 48171 1:0 107454
104676 92157 1:0 107325
104685 92156 1:0 107324
104685 92155 1:0 107335
104691 48169 1:0 107454
104693 48167 1:0 107454
104696 48172 1:0 107454
104711 48168 1:0 107454
104712 48159 1:0 107448
104712 48160 1:0 107449
104724 48170 1:0 107454
104724 48163 1:0 107454
104765 48259 1:0 107536
104765 48166 1:0 107454
104765 48260 1:0 107536
104803 46396 21:0 104860
104859 46402 0:0 104869
104859 46406 21:0 104888
104860 46401 0:0 104875
104860 46395 0:0 104875
104886 46405 0:0 104888
104887 46404 0:0 104888
104887 46398 0:0 104888
104887 46408 0:0 104888
104887 46403 0:0 104888
104887 46407 0:0 104888
105024 46543 0:0 105049
105027 46542 0:0 105053
105057 46548 21:0 105109
105107 46554 0:0 105109
105107 46550 0:0 105109
105108 46555 0:0 105109
105108 46551 0:0 105109
105108 46552 0:0 105109
105108 46549 0:0 105109
105108 46553 0:0 105109
105245 46690 0:0 105270
105248 46689 0:0 105274
105275 46696 21:0 105322
105321 46700 0:0 105330
105322 46695 0:0 105330
105322 46699 0:0 105330
105322 46701 0:0 105330
105329 46697 0:0 105330
105329 46702 0:0 105330
105329 46698 0:0 105330
105466 46837 21:0 105523
105522 46843 0:0 105532
105522 46845 0:0 105551
105523 46842 0:0 105538
105523 46836 0:0 105538
105530 46846 0:0 105551
105550 46848 0:0 105551
105550 46847 0:0 105551
105550 46849 0:0 105551
105550 46844 0:0 105551
105690 46983 21:0 105746
105745 46984 0:0 105760
105745 46990 0:0 105760
105746 46989 0:0 105763
105750 46995 21:0 105772
105771 46991 0:0 105772
105771 46993 0:0 105772
105771 46992 0:0 105772
105771 46996 0:0 105772
105771 46994 0:0 105772
105911 47130 21:0 105967
105966 47137 0:0 105980
105967 47131 0:0 105984
105967 47136 0:0 105984
105968 47143 21:0 105993
105991 47142 0:0 105993
105992 47139 0:0 105993
105992 47141 0:0 105993
105992 47138 0:0 105993
105992 47140 0:0 105993
105992 47132 0:0 105993
106162 47283 21:0 106213
106212 47287 0:0 106214
106213 47285 0:0 106214
106213 47290 0:0 106214
106213 47277 0:0 106214
106213 47278 0:0 106214
106213 47284 0:0 106214
106213 47288 0:0 106214
106213 47289 0:0 106214
106213 47286 0:0 106214
106350 47425 0:0 106375
106353 47424 0:0 106379
106380 47431 21:0 106427
106426 47437 0:0 106435
106426 47435 0:0 106435
106427 47432 0:0 106435
106427 47430 0:0 106435
106434 47434 0:0 106435
106434 47436 0:0 106435
106434 47433 0:0 106435
106574 47571 0:0 106600
106583 47572 0:0 106604
106604 47577 21:0 106656
106655 47583 0:0 106656
106655 47576 0:0 106656
106655 47578 0:0 106656
106655 47582 0:0 106656
106655 47581 0:0 106656
106655 47579 0:0 106656
106655 47580 0:0 106656
106655 47584 0:0 106656
106822 47725 21:0 106869
106868 47727 0:0 106877
106869 47718 0:0 106877
106869 47724 0:0 106877
106869 47730 0:0 106877
106869 47719 0:0 106877
106876 47731 0:0 106877
106876 47726 0:0 106877
106876 47729 0:0 106877
106876 47720 0:0 106877
106876 47728 0:0 106877
107043 47872 21:0 107092
107091 47878 0:0 107098
107092 47877 0:0 107098
107092 47871 0:0 107098
107092 47865 0:0 107098
107092 47866 0:0 107098
107097 47875 0:0 107098
107097 47874 0:0 107098
107097 47873 0:0 107098
107097 47876 0:0 107098
107237 48012 21:0 107293
107292 48019 0:0 107307
107292 48022 21:0 107319
107293 48013 0:0 107310
107293 48018 0:0 107310
107318 48025 0:0 107319
107318 48017 0:0 107319
107318 48021 0:0 107319
107318 48023 0:0 107319
107318 48020 0:0 107319
107318 48024 0:0 107319
107455 48160 0:0 107480
107458 48159 0:0 107484
107488 48165 21:0 107538
107537 48166 0:0 107546
107537 48170 0:0 91
107537 48167 0:0 112
107538 48169 0:0 114
107538 48171 0:0 114
