77 49236 21:0 161
160 49143 21:0 303
302 49147 21:0 344
343 49142 21:0 355
354 49145 21:0 360
359 49144 21:0 360
359 49146 21:0 365
1525 49913 21:0 1535
3502 298 21:0 3520
102190 298 1:0 291
102190 46937 1:0 105560
104953 95271 21:0 104970
105559 46940 1:0 105563
105559 46938 1:0 105569
105560 46939 1:0 105572
105560 46941 1:0 105597
105560 46930 1:0 105654
105560 46935 1:0 105658
105569 46942 1:0 105635
105569 46936 1:0 105711
105569 47084 1:0 105784
105569 47089 1:0 105790
105569 47083 1:0 105793
105569 47076 1:0 105818
105575 47088 1:0 105793
105577 47087 1:0 105818
105579 47082 1:0 105818
105579 47077 1:0 105872
105595 47085 1:0 105856
105608 47086 1:0 105951
105649 47232 1:0 106005
105657 47231 1:0 106011
105677 47234 1:0 106014
105678 47224 1:0 106039
105678 47235 1:0 106039
105679 47223 1:0 106039
105717 46936 21:0 105742
105728 47236 1:0 106086
105738 47229 1:0 106086
105740 47233 1:0 106100
105741 46935 21:0 105772
105748 47230 1:0 106153
105748 47376 1:0 106226
105771 46930 21:0 105772
105771 46929 21:0 105772
105771 46942 21:0 105775
105773 46929 1:0 105651
105774 46941 21:0 105775
105774 46939 21:0 105783
105780 47379 1:0 106232
105780 47370 1:0 106232
105780 47377 1:0 106232
105780 47371 1:0 106235
105781 47381 1:0 106235
105781 47382 1:0 106263
105781 47380 1:0 106263
105782 46938 21:0 105786
105784 47523 1:0 106447
105784 47517 1:0 106453
105785 46940 21:0 105786
105785 46937 21:0 105792
105787 47383 1:0 106314
105787 47378 1:0 106383
105790 47524 1:0 106453
105790 47529 1:0 106453
105790 47528 1:0 106456
105790 47518 1:0 106456
105790 47527 1:0 106484
105793 47526 1:0 106484
105796 47530 1:0 106535
105798 47525 1:0 106604
105816 95271 1:0 106668
105817 47665 1:0 106674
105817 47664 1:0 106677
105829 47675 1:0 106674
105870 47672 1:0 106677
105878 47670 1:0 106687
105898 47674 1:0 106687
105899 47671 1:0 106687
105899 47673 1:0 106715
105900 47812 1:0 106977
105908 47077 21:0 105954
105949 47676 1:0 106759
105951 47811 1:0 106980
105959 47677 1:0 106846
105961 47086 21:0 105993
105969 47821 1:0 106886
105992 47085 21:0 105996
105995 47087 21:0 105996
105995 47088 21:0 106004
106001 47822 1:0 106889
106001 47823 1:0 106895
106002 47824 1:0 106898
106002 47819 1:0 106923
106002 47820 1:0 106961
106003 47089 21:0 106007
106005 47818 1:0 106982
106006 47082 21:0 106007
106006 47076 21:0 106007
106006 47083 21:0 106007
106006 47084 21:0 106013
106008 47817 1:0 107036
106008 47969 1:0 107107
106008 47965 1:0 107198
106008 47964 1:0 107201
106011 47967 1:0 107110
106011 47968 1:0 107116
106011 47970 1:0 107119
106011 47966 1:0 107144
106014 47971 1:0 107182
106017 47958 1:0 107227
106017 47959 1:0 107228
106017 48118 1:0 107328
106021 48117 1:0 107331
106037 48116 1:0 107337
106050 48113 1:0 107340
106091 48114 1:0 107365
106099 48115 1:0 107403
106104 48112 1:0 107419
106104 48111 1:0 107422
106119 48105 1:0 107448
106119 48106 1:0 107449
106120 48264 1:0 107549
106121 48252 1:0 107640
106159 47230 21:0 106184
106170 48263 1:0 107552
106180 48262 1:0 107558
106182 48253 1:0 107643
106183 47233 21:0 106214
106190 48265 1:0 107561
106213 47236 21:0 106217
106216 47235 21:0 106217
106216 47234 21:0 106225
106222 48261 1:0 107586
106222 48260 1:0 107624
106223 48258 1:0 107647
106223 48259 1:0 107700
106223 48409 1:0 107770
106223 48411 1:0 107773
106224 47231 21:0 106228
106226 48407 1:0 107779
106227 47224 21:0 106228
106227 47229 21:0 106228
106227 47223 21:0 106228
106227 47232 21:0 106234
106229 48412 1:0 107782
106229 48405 1:0 107861
106229 48406 1:0 107864
106229 48399 1:0 107890
106232 48410 1:0 107807
106232 48408 1:0 107845
106232 48400 1:0 107891
106232 48555 1:0 107991
106235 48559 1:0 107994
106238 48558 1:0 108000
106238 48556 1:0 108003
106242 48557 1:0 108028
106243 48546 1:0 108082
106258 48554 1:0 108066
106259 48547 1:0 108085
106259 48553 1:0 108087
106271 48552 1:0 108141
106312 48705 1:0 108212
106320 48701 1:0 108215
106340 48706 1:0 108221
106341 48702 1:0 108224
106341 48700 1:0 108303
106342 48699 1:0 108306
106391 48703 1:0 108249
106393 47378 21:0 106435
106401 48704 1:0 108287
106411 48693 1:0 108332
106411 48694 1:0 108333
106411 48846 1:0 108524
106434 47383 21:0 106438
106437 47380 21:0 106438
106437 47382 21:0 106446
106443 48852 1:0 108433
106443 48851 1:0 108436
106444 48849 1:0 108442
106444 48848 1:0 108445
106444 48853 1:0 108470
106445 47381 21:0 106449
106447 48847 1:0 108527
106447 48840 1:0 108553
106448 47371 21:0 106449
106448 47379 21:0 106449
106448 47377 21:0 106455
106450 48850 1:0 108508
106450 48841 1:0 108554
106450 48999 1:0 108654
106453 48996 1:0 108657
106453 48995 1:0 108663
106453 48997 1:0 108666
106453 48998 1:0 108691
106454 47370 21:0 106455
106454 47376 21:0 106455
106456 48987 1:0 108745
106456 48988 1:0 108748
106456 48993 1:0 108752
106459 49000 1:0 108729
106459 48994 1:0 108805
106463 49146 1:0 108875
106479 49144 1:0 108878
106492 49145 1:0 108884
106492 49142 1:0 108887
106541 49147 1:0 108912
106546 49134 1:0 108966
106561 49143 1:0 108950
106562 49913 1:0 109083
106562 49140 1:0 108969
106562 49135 1:0 108996
106562 49141 1:0 109026
106563 49236 1:0 109096
106563 49237 1:0 109097
106614 47525 21:0 106656
106655 47530 21:0 106659
106658 47527 21:0 106659
106658 47526 21:0 106667
106666 47528 21:0 106670
106669 47529 21:0 106670
106669 47518 21:0 106670
106669 47524 21:0 106676
106675 47517 21:0 106676
106675 47523 21:0 106676
106825 47670 21:0 106849
106852 47677 21:0 106877
106876 47676 21:0 106880
106879 47673 21:0 106880
106879 47674 21:0 106888
106887 47672 21:0 106891
106890 47675 21:0 106891
106890 47671 21:0 106897
106896 47664 21:0 106897
106896 47665 21:0 106897
107046 47817 21:0 107070
107069 47818 21:0 107098
107097 47811 21:0 107098
107097 47812 21:0 107098
107097 47820 21:0 107101
107100 47819 21:0 107101
107100 47824 21:0 107109
107108 47823 21:0 107112
107111 47822 21:0 107112
107111 47821 21:0 107118
107237 47958 21:0 107281
107280 47959 21:0 107319
107318 47965 21:0 107319
107318 47964 21:0 107319
107318 47971 21:0 107322
107321 47966 21:0 107322
107321 47970 21:0 107330
107329 47968 21:0 107333
107332 47967 21:0 107333
107332 47969 21:0 107339
107458 48105 21:0 107502
107501 48106 21:0 107540
107539 48111 21:0 107540
107539 48112 21:0 107540
107539 48115 21:0 107543
107542 48114 21:0 107543
107542 48113 21:0 107551
107550 48116 21:0 107554
107553 48117 21:0 107554
107553 48118 21:0 107560
107706 48259 21:0 107731
107730 48258 21:0 107761
107760 48252 21:0 107761
107760 48253 21:0 107761
107760 48260 21:0 107764
107763 48261 21:0 107764
107763 48265 21:0 107772
107771 48262 21:0 107775
107774 48263 21:0 107775
107774 48264 21:0 107781
107897 48400 21:0 107943
107942 48399 21:0 107982
107981 48406 21:0 107982
107981 48405 21:0 107982
107981 48408 21:0 107985
107984 48410 21:0 107985
107984 48412 21:0 107993
107992 48407 21:0 107996
107995 48411 21:0 107996
107995 48409 21:0 108002
108151 48552 21:0 108175
108174 48553 21:0 108203
108202 48547 21:0 108203
108202 48546 21:0 108203
108202 48554 21:0 108206
108205 48557 21:0 108206
108205 48556 21:0 108214
108213 48558 21:0 108217
108216 48559 21:0 108217
108216 48555 21:0 108223
108342 48693 21:0 108386
108385 48694 21:0 108424
108423 48700 21:0 108424
108423 48699 21:0 108424
108423 48704 21:0 108427
108426 48703 21:0 108427
108426 48702 21:0 108435
108434 48706 21:0 108438
108437 48701 21:0 108438
108437 48705 21:0 108444
108560 48841 21:0 108606
108605 48840 21:0 108645
108644 48846 21:0 108645
108644 48847 21:0 108645
108644 48850 21:0 108648
108647 48853 21:0 108648
108647 48848 21:0 108656
108655 48849 21:0 108659
108658 48851 21:0 108659
108658 48852 21:0 108665
108811 48994 21:0 108836
108835 48993 21:0 108866
108865 48987 21:0 108866
108865 48988 21:0 108866
108865 49000 21:0 108869
108868 48998 21:0 108869
108868 48997 21:0 108877
108876 48995 21:0 108880
108879 48996 21:0 108880
108879 48999 21:0 108886
109002 49135 21:0 109048
109047 49141 21:0 109085
109084 49140 21:0 109085
109084 49134 21:0 109085
109103 49237 21:0 78
