50 8653 0:0 52
50 8655 0:0 52
50 8652 0:0 52
51 8654 0:0 52
51 8656 0:0 52
88 8787 21:0 104
92 8788 0:0 93
106 8802 21:0 114
113 8803 0:0 114
113 8804 21:0 164
164 8805 0:0 180
169 8822 21:0 180
182 8835 21:0 190
189 8834 0:0 190
189 8837 0:0 190
189 8836 21:0 240
240 8853 21:0 256
240 8838 0:0 256
258 8868 21:0 266
265 8870 0:0 266
265 8869 21:0 316
279 8879 0:0 280
316 8871 0:0 332
321 8888 21:0 332
334 8901 21:0 342
341 8903 0:0 342
341 8900 0:0 342
341 8902 21:0 392
392 8904 0:0 408
392 8920 21:0 408
410 8934 21:0 418
417 8935 0:0 418
417 8933 0:0 418
417 8936 21:0 468
466 8946 0:0 468
468 8937 0:0 484
473 8954 21:0 484
483 8965 21:0 484
486 8967 21:0 494
493 8969 0:0 494
493 8968 21:0 544
544 8985 0:0 549
544 8970 0:0 560
549 8987 21:0 560
562 9000 21:0 570
569 9002 0:0 570
569 9001 21:0 620
583 9011 0:0 584
620 9003 0:0 636
627 9005 21:0 636
634 9020 0:0 636
635 9031 21:0 636
638 9033 21:0 646
645 9035 0:0 646
645 9034 21:0 696
696 9036 0:0 712
714 9066 21:0 722
721 9068 0:0 722
721 9067 21:0 772
772 9069 0:0 788
790 9099 21:0 798
797 9101 0:0 798
797 9100 21:0 848
848 9118 0:0 853
848 9102 0:0 864
853 9119 21:0 864
866 9132 21:0 874
873 9131 0:0 874
873 9134 0:0 874
873 9133 21:0 924
924 9135 0:0 940
924 9151 21:0 940
939 9163 21:0 940
942 9165 21:0 950
949 9167 0:0 950
949 9166 21:0 1000
1000 9184 0:0 1005
1000 9168 0:0 1016
1007 9170 21:0 1016
1014 9185 0:0 1016
1018 9198 21:0 1026
1025 9200 0:0 1026
1025 9199 21:0 1076
1038 9190 0:0 1040
1039 9209 0:0 1040
1076 9201 0:0 1092
1094 9231 21:0 1102
1101 9232 0:0 1102
1101 9233 21:0 1152
1152 9234 0:0 1168
1170 9264 21:0 1178
1177 9266 0:0 1178
1177 9265 21:0 1228
1190 9256 0:0 1192
1228 9267 0:0 1244
1246 9297 21:0 1254
1253 9298 0:0 1254
1253 9299 21:0 1304
1304 9300 0:0 1320
1322 9330 21:0 1330
1329 9331 0:0 1330
1329 9332 21:0 1380
1380 9333 0:0 1396
1398 9363 21:0 1406
1405 9364 0:0 1406
1405 9365 0:0 1406
1418 9375 21:0 1429
1429 9376 21:0 1462
1461 9382 0:0 1462
1461 9383 0:0 1462
1461 9380 0:0 1462
1464 9369 21:0 1473
1471 9384 0:0 1473
1471 9366 0:0 1473
1472 9395 21:0 1473
1474 9366 1:0 2779
1475 9397 21:0 1483
1482 9399 0:0 1483
1482 9396 0:0 1483
1482 9398 21:0 1533
1495 9389 0:0 1497
1496 9408 0:0 1497
1531 9409 0:0 1533
1533 9416 0:0 1538
1533 9415 0:0 1538
1533 9413 0:0 1538
1533 9400 0:0 1549
1540 9402 21:0 1549
1547 9417 0:0 1549
1548 9428 21:0 1549
1551 9430 21:0 1559
1552 31 0:0 1554
1558 9429 0:0 1559
1558 9432 0:0 1559
1558 9431 21:0 1609
1571 9422 0:0 1573
1571 33 0:0 1573
1572 9441 0:0 1573
1607 9442 0:0 1609
1609 9448 0:0 1614
1609 9446 0:0 1614
1609 9449 0:0 1614
1609 9433 0:0 1625
1616 9435 21:0 1625
1623 9450 0:0 1625
1624 9461 21:0 1625
1627 9463 21:0 1635
1628 49 0:0 1630
1634 53 0:0 1635
1634 9462 0:0 1635
1634 9465 0:0 1635
1634 9464 21:0 1685
1647 9455 0:0 1649
1648 9474 0:0 1649
1683 9475 0:0 1685
1685 9482 0:0 1690
1685 9481 0:0 1690
1685 9479 0:0 1690
1685 9466 0:0 1701
1692 9468 21:0 1701
1699 9483 0:0 1701
1700 9494 21:0 1701
1703 9496 21:0 1711
1710 9498 0:0 1711
1710 9495 0:0 1711
1710 9497 21:0 1761
1723 69 0:0 1725
1723 9488 0:0 1725
1724 9507 0:0 1725
1759 9508 0:0 1761
1761 9515 0:0 1766
1761 9514 0:0 1766
1761 9512 0:0 1766
1761 9499 0:0 1777
1768 9501 21:0 1777
1775 9516 0:0 1777
1776 9527 21:0 1777
1779 9529 21:0 1787
1786 9528 0:0 1787
1786 89 0:0 1787
1786 9530 0:0 1787
1786 9531 21:0 1837
1799 9521 0:0 1801
1799 87 0:0 1801
1800 9540 0:0 1801
1835 9541 0:0 1837
1837 9545 0:0 1842
1837 9547 0:0 1842
1837 9548 0:0 1842
1837 9532 0:0 1853
1844 9534 21:0 1853
1851 9549 0:0 1853
1852 9560 21:0 1853
1855 9562 21:0 1863
1862 9563 0:0 1863
1862 9561 0:0 1863
1862 9564 21:0 1913
1875 9554 0:0 1877
1876 9573 0:0 1877
1911 9574 0:0 1913
1913 9581 0:0 1918
1913 9578 0:0 1918
1913 9580 0:0 1918
1913 9565 0:0 1929
1926 9593 21:0 1929
1927 9582 0:0 1929
1928 9567 21:0 1929
1931 9595 21:0 1939
1938 9594 0:0 1939
1938 9597 0:0 1939
1938 125 0:0 1939
1938 9596 21:0 1989
1951 9587 0:0 1953
1951 123 0:0 1953
1952 9606 0:0 1953
1987 9607 0:0 1989
1989 9614 0:0 1994
1989 9611 0:0 1994
1989 9613 0:0 1994
1989 9598 0:0 2005
1996 9600 21:0 2005
2003 9615 0:0 2005
2004 9626 21:0 2005
2007 9628 21:0 2015
2014 9629 0:0 2015
2014 9627 0:0 2015
2014 9630 21:0 2065
2027 9620 0:0 2029
2028 9639 0:0 2029
2063 9640 0:0 2065
2065 9646 0:0 2070
2065 9647 0:0 2070
2065 9644 0:0 2070
2065 9631 0:0 2081
2070 9648 21:0 2081
2080 9659 21:0 2081
2080 9633 21:0 2081
2083 9661 21:0 2091
2090 9660 0:0 2091
2090 9663 0:0 2091
2090 9662 21:0 2141
2103 159 0:0 2105
2103 9653 0:0 2105
2104 9672 0:0 2105
2139 9673 0:0 2141
2141 9679 0:0 2146
2141 9677 0:0 2146
2141 9680 0:0 2146
2141 9664 0:0 2157
2148 9666 21:0 2157
2155 9681 0:0 2157
2156 9692 21:0 2157
2159 9694 21:0 2167
2166 9693 0:0 2167
2166 9696 0:0 2167
2166 9695 21:0 2217
2179 9686 0:0 2181
2180 9705 0:0 2181
2215 9706 0:0 2217
2217 9697 0:0 2233
2235 9727 21:0 2243
2242 9728 0:0 2243
2242 9729 21:0 2293
2291 9739 0:0 2293
2293 9743 0:0 2298
2293 9730 0:0 2309
2298 9747 21:0 2309
2311 9760 21:0 2319
2312 211 0:0 2314
2318 9762 0:0 2319
2318 9761 21:0 2369
2332 9771 0:0 2333
2369 9763 0:0 2385
2376 9765 21:0 2385
2387 9793 21:0 2395
2388 229 0:0 2390
2394 9794 0:0 2395
2394 9795 21:0 2445
2445 9809 21:0 2461
2445 9796 0:0 2461
2463 9826 21:0 2471
2464 247 0:0 2466
2470 9828 0:0 2471
2470 9827 21:0 2521
2521 9829 0:0 2537
2521 9842 21:0 2537
2539 9859 21:0 2547
2546 9861 0:0 2547
2546 9860 21:0 2597
2559 267 0:0 2561
2597 9862 0:0 2613
2610 9890 21:0 2613
2615 9892 21:0 2623
2622 9893 0:0 2623
2622 9894 21:0 2673
2673 9895 0:0 2689
2691 9925 21:0 2699
2698 9927 0:0 2699
2698 305 0:0 2699
2698 9926 21:0 2749
2749 9928 0:0 2765
2767 9958 21:0 2775
2774 9959 21:0 2781
2776 9364 1:0 2785
2779 9365 1:0 2786
2780 9960 21:0 2784
2783 9961 21:0 2794
2788 9363 1:0 2795
2789 9333 1:0 2901
2789 305 1:0 2913
2795 9332 1:0 2908
2797 9331 1:0 2907
2797 9330 1:0 2917
2814 336 21:0 2828
2821 9300 1:0 3023
2822 267 1:0 3147
2910 9299 1:0 3030
2911 9298 1:0 3029
2919 9297 1:0 3039
2919 9267 1:0 3145
2925 9265 1:0 3151
2929 9256 1:0 3174
3032 9266 1:0 3152
3033 9264 1:0 3161
3033 9234 1:0 3267
3041 9233 1:0 3274
3047 9232 1:0 3273
3065 9231 1:0 3283
3154 247 1:0 3287
3154 9209 1:0 3369
3155 9201 1:0 3389
3155 9199 1:0 3395
3163 9200 1:0 3396
3163 229 1:0 3409
3163 9185 1:0 3433
3169 9198 1:0 3405
3173 9190 1:0 3418
3187 9184 1:0 3441
3188 9170 1:0 3495
3276 9168 1:0 3511
3277 9166 1:0 3517
3277 211 1:0 3531
3285 9167 1:0 3518
3285 9165 1:0 3527
3291 9163 1:0 3536
3291 9151 1:0 3563
3291 9131 1:0 3643
3398 9135 1:0 3633
3399 9133 1:0 3639
3399 9134 1:0 3640
3407 9132 1:0 3649
3407 9119 1:0 3677
3407 9118 1:0 3685
3413 9102 1:0 3755
3520 9100 1:0 3761
3521 9101 1:0 3762
3521 9099 1:0 3771
3529 9069 1:0 3877
3529 159 1:0 3879
3535 9067 1:0 3883
3554 9068 1:0 3884
3642 9066 1:0 3893
3643 9036 1:0 3999
3651 9034 1:0 4005
3651 9035 1:0 4006
3657 9033 1:0 4015
3661 9031 1:0 4024
3675 9020 1:0 4043
3764 9011 1:0 4101
3764 9005 1:0 4105
3765 9003 1:0 4121
3765 9001 1:0 4127
3773 123 1:0 4123
3773 9002 1:0 4128
3773 125 1:0 4133
3779 9000 1:0 4137
3783 8987 1:0 4165
3797 8985 1:0 4173
3886 8970 1:0 4243
3887 8968 1:0 4249
3887 8965 1:0 4268
3895 8969 1:0 4250
3895 8967 1:0 4259
3901 8954 1:0 4287
3901 8946 1:0 4321
3920 8937 1:0 4365
4008 87 1:0 4367
4008 8933 1:0 4375
4009 8935 1:0 4371
4009 8936 1:0 4372
4017 89 1:0 4377
4017 8934 1:0 4381
4017 8920 1:0 4417
4023 8904 1:0 4487
4027 69 1:0 4489
4041 8900 1:0 4497
4130 8902 1:0 4493
4131 8903 1:0 4494
4131 8888 1:0 4531
4139 8901 1:0 4503
4139 8871 1:0 4609
4145 8879 1:0 4589
4163 8869 1:0 4615
4164 53 1:0 4621
4252 8870 1:0 4616
4253 8868 1:0 4625
4253 49 1:0 4629
4253 8853 1:0 4661
4261 8838 1:0 4731
4261 33 1:0 4733
4261 8834 1:0 4741
4267 8836 1:0 4737
4271 31 1:0 4751
4285 8822 1:0 4775
4374 8837 1:0 4738
4375 8835 1:0 4747
4383 8805 1:0 4853
4383 8804 1:0 4860
4389 8803 1:0 4859
4393 8787 1:0 4905
4407 8788 1:0 4905
4496 8802 1:0 4869
4497 9961 1:0 6314
4497 337 1:0 6343
4505 9960 1:0 6345
4505 9959 1:0 6352
4515 9958 1:0 6363
4618 9928 1:0 6476
4619 9926 1:0 6483
4619 9927 1:0 6484
4984 10997 21:0 4995
4995 10998 21:0 5028
5027 11004 0:0 5028
5027 11002 0:0 5028
5027 11005 0:0 5028
5028 11006 21:0 5039
5038 10991 21:0 5039
5038 11017 21:0 5039
5041 11019 21:0 5049
5048 11021 0:0 5049
5048 11018 0:0 5049
5048 11020 21:0 5099
5061 11011 0:0 5063
5062 11030 0:0 5063
5097 11031 0:0 5099
5099 11038 0:0 5104
5099 11037 0:0 5104
5099 11035 0:0 5104
5099 11022 0:0 5115
5106 11024 21:0 5115
5113 11039 0:0 5115
5114 11050 21:0 5115
5117 11052 21:0 5125
5124 11051 0:0 5125
5124 11053 0:0 5125
5124 11054 21:0 5175
5137 11044 0:0 5139
5138 11063 0:0 5139
5173 11064 0:0 5175
5175 11071 0:0 5180
5175 11068 0:0 5180
5175 11070 0:0 5180
5175 11055 0:0 5191
5182 11057 21:0 5191
5189 11072 0:0 5191
5190 11083 21:0 5191
5193 11085 21:0 5201
5200 11086 0:0 5201
5200 11084 0:0 5201
5200 11087 21:0 5251
5213 11077 0:0 5215
5214 11096 0:0 5215
5249 11097 0:0 5251
5251 11101 0:0 5256
5251 11104 0:0 5256
5251 11103 0:0 5256
5251 11088 0:0 5267
5258 11090 21:0 5267
5265 11105 0:0 5267
5266 11116 21:0 5267
5269 11118 21:0 5277
5276 11117 0:0 5277
5276 11119 0:0 5277
5276 11120 21:0 5327
5289 11110 0:0 5291
5290 11129 0:0 5291
5325 11130 0:0 5327
5327 11137 0:0 5332
5327 11134 0:0 5332
5327 11136 0:0 5332
5327 11121 0:0 5343
5334 11123 21:0 5343
5341 11138 0:0 5343
5342 11149 21:0 5343
5345 11151 21:0 5353
5352 11150 0:0 5353
5352 11152 0:0 5353
5352 11153 21:0 5403
5365 11143 0:0 5367
5366 11162 0:0 5367
5401 11163 0:0 5403
5403 11167 0:0 5408
5403 11169 0:0 5408
5403 11170 0:0 5408
5403 11154 0:0 5419
5410 11156 21:0 5419
5417 11171 0:0 5419
5418 11182 21:0 5419
5421 11184 21:0 5429
5428 11183 0:0 5429
5428 11185 0:0 5429
5428 11186 21:0 5479
5441 11176 0:0 5443
5442 11195 0:0 5443
5477 11196 0:0 5479
5479 11202 0:0 5484
5479 11203 0:0 5484
5479 11200 0:0 5484
5479 11187 0:0 5495
5486 11189 21:0 5495
5493 11204 0:0 5495
5494 11215 21:0 5495
5497 11217 21:0 5505
5504 11216 0:0 5505
5504 11219 0:0 5505
5504 11218 21:0 5555
5517 11209 0:0 5519
5518 11228 0:0 5519
5553 11229 0:0 5555
5555 11235 0:0 5560
5555 11233 0:0 5560
5555 11236 0:0 5560
5555 11220 0:0 5571
5562 11222 21:0 5571
5569 11237 0:0 5571
5570 11248 21:0 5571
5573 11250 21:0 5581
5580 11249 0:0 5581
5580 11252 0:0 5581
5580 11251 21:0 5631
5593 11242 0:0 5595
5594 11261 0:0 5595
5629 11262 0:0 5631
5631 11269 0:0 5636
5631 11266 0:0 5636
5631 11268 0:0 5636
5631 11253 0:0 5647
5638 11255 21:0 5647
5645 11270 0:0 5647
5646 11281 21:0 5647
5649 11283 21:0 5657
5656 11282 0:0 5657
5656 11285 0:0 5657
5656 11284 21:0 5707
5669 11275 0:0 5671
5670 11294 0:0 5671
5705 11295 0:0 5707
5707 11286 0:0 5723
5707 11302 21:0 5723
5711 11299 0:0 5712
5711 11301 0:0 5712
5722 11288 21:0 5723
5722 11314 21:0 5723
5722 11303 0:0 5723
5725 11316 21:0 5733
5732 11315 0:0 5733
5732 11317 0:0 5733
5732 11318 21:0 5783
5745 11308 0:0 5747
5746 11327 0:0 5747
5781 11328 0:0 5783
5783 11334 0:0 5788
5783 11332 0:0 5788
5783 11335 0:0 5788
5783 11319 0:0 5799
5790 11321 21:0 5799
5797 11336 0:0 5799
5798 11347 21:0 5799
5801 11349 21:0 5809
5808 11350 0:0 5809
5808 11348 0:0 5809
5808 11351 21:0 5859
5821 11341 0:0 5823
5822 11360 0:0 5823
5857 11361 0:0 5859
5859 11352 0:0 5875
5859 11365 21:0 5875
5863 11368 0:0 5864
5863 11367 0:0 5864
5874 11369 0:0 5875
5874 11380 21:0 5875
5874 11354 21:0 5875
5877 11382 21:0 5885
5884 11381 0:0 5885
5884 11384 0:0 5885
5884 11383 21:0 5935
5897 11374 0:0 5899
5935 11385 0:0 5951
5940 11402 21:0 5951
5953 11415 21:0 5961
5960 11417 0:0 5961
5960 11416 21:0 6011
5973 11407 0:0 5975
6011 11418 0:0 6027
6011 11431 21:0 6027
6026 11446 21:0 6027
6029 11448 21:0 6037
6036 11450 0:0 6037
6036 11449 21:0 6087
6087 11451 0:0 6103
6087 11464 21:0 6103
6105 11481 21:0 6113
6112 11483 0:0 6113
6112 11482 21:0 6163
6163 11484 0:0 6179
6181 11514 21:0 6189
6188 11516 0:0 6189
6188 11513 0:0 6189
6188 11515 21:0 6239
6239 11517 0:0 6255
6239 11533 21:0 6255
6243 11532 0:0 6244
6254 11545 21:0 6255
6254 11519 21:0 6255
6257 11547 21:0 6265
6264 11548 0:0 6265
6264 11549 21:0 6315
6315 11550 0:0 6331
6333 11580 21:0 6341
6340 11582 21:0 6347
6344 9925 1:0 6494
6346 11581 21:0 6350
6348 9890 1:0 6635
6349 11583 21:0 6361
6355 9895 1:0 6607
6356 9894 1:0 6615
6362 9893 1:0 6614
6365 9892 1:0 6625
6365 9862 1:0 6738
6371 9860 1:0 6745
6384 337 21:0 6398
6392 9861 1:0 6746
6399 9842 1:0 6795
6404 9809 1:0 6926
6486 9859 1:0 6756
6487 9829 1:0 6869
6496 9827 1:0 6876
6496 9828 1:0 6877
6502 9826 1:0 6887
6522 9796 1:0 7000
6617 9795 1:0 7008
6618 9794 1:0 7007
6618 9793 1:0 7018
6627 9771 1:0 7110
6627 9765 1:0 7115
6627 9763 1:0 7131
6633 9761 1:0 7138
6653 9762 1:0 7139
6654 9747 1:0 7179
6666 9739 1:0 7214
6748 9760 1:0 7149
6749 9743 1:0 7188
6749 9730 1:0 7262
6758 9728 1:0 7269
6758 9729 1:0 7270
6764 9727 1:0 7280
6766 9706 1:0 7345
6797 9697 1:0 7393
6879 9705 1:0 7372
6879 9693 1:0 7404
6880 9695 1:0 7400
6880 9696 1:0 7401
6888 10196 21:0 6891
6889 9694 1:0 7411
6889 9692 1:0 7421
6889 9686 1:0 7426
6889 9681 1:0 7441
6889 9673 1:0 7476
6892 9677 1:0 7450
6895 9680 1:0 7450
6895 9679 1:0 7450
6895 9666 1:0 7508
6916 9664 1:0 7524
6928 9672 1:0 7503
7010 9662 1:0 7531
7011 9663 1:0 7532
7011 9660 1:0 7535
7011 9648 1:0 7572
7020 9661 1:0 7542
7020 9659 1:0 7552
7020 9653 1:0 7557
7020 9646 1:0 7581
7020 9640 1:0 7607
7026 9647 1:0 7581
7026 9644 1:0 7581
7026 9633 1:0 7639
7029 10256 21:0 7053
7047 9631 1:0 7655
7054 9639 1:0 7634
7059 9627 1:0 7666
7139 10306 21:0 7144
7141 9630 1:0 7663
7142 9629 1:0 7662
7142 9626 1:0 7683
7142 9620 1:0 7688
7142 9615 1:0 7703
7150 10310 21:0 7153
7151 9628 1:0 7673
7151 9613 1:0 7712
7151 9614 1:0 7712
7151 9611 1:0 7712
7151 9607 1:0 7738
7154 9600 1:0 7770
7159 9598 1:0 7786
7160 10313 21:0 7184
7162 9606 1:0 7765
7190 9596 1:0 7793
7272 9594 1:0 7797
7272 9593 1:0 7814
7273 9597 1:0 7794
7273 9595 1:0 7804
7281 10367 21:0 7284
7282 9587 1:0 7819
7282 9582 1:0 7834
7282 9580 1:0 7843
7282 9581 1:0 7843
7282 9578 1:0 7843
7282 9574 1:0 7869
7282 9573 1:0 7896
7282 9567 1:0 7901
7288 9565 1:0 7917
7291 10370 21:0 7315
7309 9564 1:0 7925
7316 9561 1:0 7928
7321 9554 1:0 7950
7401 10420 21:0 7406
7403 9563 1:0 7924
7404 9562 1:0 7935
7404 9560 1:0 7945
7404 9549 1:0 7965
7404 9545 1:0 7974
7412 10424 21:0 7415
7413 9547 1:0 7974
7413 9548 1:0 7974
7413 9541 1:0 8000
7413 9534 1:0 8032
7413 9532 1:0 8048
7416 9540 1:0 8027
7421 9531 1:0 8056
7424 9528 1:0 8059
7439 9516 1:0 8096
7440 9527 1:0 8076
7452 9521 1:0 8081
7532 10477 21:0 7537
7534 9530 1:0 8055
7535 9529 1:0 8066
7535 9514 1:0 8105
7535 9512 1:0 8105
7535 9508 1:0 8131
7543 10481 21:0 7546
7544 9515 1:0 8105
7544 9507 1:0 8158
7544 9501 1:0 8163
7544 9499 1:0 8179
7550 9497 1:0 8186
7570 9498 1:0 8187
7571 9495 1:0 8190
7583 9488 1:0 8212
7663 10534 21:0 7668
7665 9496 1:0 8197
7666 9494 1:0 8207
7666 9483 1:0 8227
7666 9479 1:0 8236
7666 9481 1:0 8236
7666 9482 1:0 8236
7666 9475 1:0 8262
7666 9468 1:0 8294
7675 9474 1:0 8289
7675 9466 1:0 8310
7681 9464 1:0 8317
7686 9465 1:0 8318
7701 9462 1:0 8321
7702 9461 1:0 8338
7714 9450 1:0 8358
7796 9463 1:0 8328
7797 9455 1:0 8343
7797 9446 1:0 8367
7797 9449 1:0 8367
7797 9448 1:0 8367
7797 9442 1:0 8393
7797 9435 1:0 8425
7806 9441 1:0 8420
7806 9433 1:0 8441
7812 9431 1:0 8448
7817 9432 1:0 8449
7832 9429 1:0 8452
7833 9422 1:0 8474
7845 9428 1:0 8469
7925 10648 21:0 7930
7927 9430 1:0 8459
7928 9417 1:0 8489
7928 9415 1:0 8498
7928 9416 1:0 8498
7928 9413 1:0 8498
7928 9409 1:0 8524
7928 9408 1:0 8551
7928 9402 1:0 8556
7937 9400 1:0 8572
7937 9398 1:0 8579
7943 9396 1:0 8583
7948 9399 1:0 8580
7963 9389 1:0 8605
7964 9395 1:0 8600
7976 9384 1:0 8620
8058 9397 1:0 8590
8059 9383 1:0 8625
8059 9380 1:0 8625
8059 9382 1:0 8625
8059 9376 1:0 8655
8059 9369 1:0 8674
8059 9375 1:0 8682
8068 11583 1:0 10063
8068 11581 1:0 10074
8074 338 1:0 10072
8329 10823 21:0 8332
8339 10826 0:0 8360
8460 10880 21:0 8463
8591 10937 21:0 8594
8713 12619 21:0 8724
8752 12627 21:0 8768
8767 12639 21:0 8768
8767 12613 21:0 8768
8767 12628 0:0 8768
8770 12641 21:0 8778
8777 12643 0:0 8778
8777 12642 21:0 8828
8791 12652 0:0 8792
8828 12659 0:0 8833
8828 12644 0:0 8844
8835 12646 21:0 8844
8846 12674 21:0 8854
8853 12673 0:0 8854
8853 12676 0:0 8854
8853 12675 21:0 8904
8867 12685 0:0 8868
8902 12686 0:0 8904
8904 12692 21:0 8920
8904 12677 0:0 8920
8908 12690 0:0 8909
8908 12693 0:0 8909
8919 12705 21:0 8920
8922 12707 21:0 8930
8929 12706 0:0 8930
8929 12708 0:0 8930
8929 12709 21:0 8980
8942 51 0:0 8944
8943 12718 0:0 8944
8980 12710 0:0 8996
8993 12738 21:0 8996
8994 12727 0:0 8996
8998 12740 21:0 9006
9005 71 0:0 9006
9005 12739 0:0 9006
9005 12741 0:0 9006
9005 12742 21:0 9056
9018 12732 0:0 9020
9019 12751 0:0 9020
9054 12752 0:0 9056
9056 12756 0:0 9061
9056 12743 0:0 9072
9069 12771 21:0 9072
9071 12745 21:0 9072
9074 12773 21:0 9082
9081 12774 0:0 9082
9081 12772 0:0 9082
9081 12775 21:0 9132
9094 12765 0:0 9096
9132 12789 0:0 9137
9132 12776 0:0 9148
9145 12804 21:0 9148
9146 12793 0:0 9148
9150 12806 21:0 9158
9157 12807 0:0 9158
9157 12808 21:0 9208
9170 12798 0:0 9172
9170 105 0:0 9172
9208 12822 0:0 9213
9208 12809 0:0 9224
9221 12837 21:0 9224
9222 12826 0:0 9224
9226 12839 21:0 9234
9233 125 0:0 9234
9233 12838 0:0 9234
9233 12841 0:0 9234
9233 12840 21:0 9284
9247 12850 0:0 9248
9284 12857 21:0 9300
9284 12842 0:0 9300
9302 12872 21:0 9310
9303 139 0:0 9305
9309 143 0:0 9310
9309 12873 0:0 9310
9309 12874 21:0 9360
9323 12883 0:0 9324
9360 12891 21:0 9376
9360 12875 0:0 9376
9375 12877 21:0 9376
9378 12905 21:0 9386
9379 157 0:0 9381
9385 12907 0:0 9386
9385 161 0:0 9386
9385 12906 21:0 9436
9434 12917 0:0 9436
9436 12908 0:0 9452
9441 12925 21:0 9452
9454 12938 21:0 9462
9461 12939 0:0 9462
9461 12940 21:0 9512
9475 12949 0:0 9476
9510 12950 0:0 9512
9512 12941 0:0 9528
9525 12969 21:0 9528
9530 12971 21:0 9538
9537 12973 0:0 9538
9537 12972 21:0 9588
9588 12974 0:0 9604
9588 12989 21:0 9604
9603 12991 0:0 9604
9606 13004 21:0 9614
9607 211 0:0 9609
9613 13005 0:0 9614
9613 13006 21:0 9664
9626 12996 0:0 9628
9626 213 0:0 9628
9664 13023 0:0 9669
9664 13007 0:0 9680
9677 13035 21:0 9680
9679 13009 21:0 9680
9682 13037 21:0 9690
9689 13036 0:0 9690
9689 13038 0:0 9690
9689 233 0:0 9690
9689 13039 21:0 9740
9738 13049 0:0 9740
9740 13040 0:0 9756
9758 13070 21:0 9766
9765 13071 0:0 9766
9765 251 0:0 9766
9765 13072 21:0 9816
9816 13089 21:0 9832
9816 13073 0:0 9832
9834 13103 21:0 9842
9841 13105 0:0 9842
9841 13104 21:0 9892
9892 13106 0:0 9908
9899 13108 21:0 9908
9906 13123 0:0 9908
9910 13136 21:0 9918
9917 13137 0:0 9918
9917 13138 21:0 9968
9966 13148 0:0 9968
9968 13139 0:0 9984
9968 13154 21:0 9984
9972 13152 0:0 9973
9983 13141 21:0 9984
9986 13169 21:0 9994
9993 13171 0:0 9994
9993 13170 21:0 10044
10044 13172 0:0 10060
10062 13202 21:0 10070
10069 13203 21:0 10076
10073 11582 1:0 10082
10075 13204 21:0 10079
10077 336 1:0 2777
10078 13205 21:0 10090
10084 11580 1:0 10092
10085 11550 1:0 10205
10085 11545 1:0 10233
10085 11533 1:0 10262
10091 11549 1:0 10213
10094 11548 1:0 10212
10094 11547 1:0 10223
10100 11532 1:0 10262
10100 11519 1:0 10320
10113 338 21:0 10127
10121 11517 1:0 10336
10128 11513 1:0 10347
10215 11515 1:0 10343
10216 11516 1:0 10344
10225 11514 1:0 10354
10225 11484 1:0 10467
10231 11482 1:0 10474
10236 11483 1:0 10475
10251 11464 1:0 10524
10346 11481 1:0 10485
10347 11451 1:0 10598
10347 11449 1:0 10605
10356 11450 1:0 10606
10356 11448 1:0 10616
10362 251 1:0 10611
10362 10196 1:0 10615
10362 11446 1:0 10626
10364 11431 1:0 10655
10395 11418 1:0 10729
10477 11416 1:0 10736
10478 11417 1:0 10737
10478 233 1:0 10742
10478 11407 1:0 10762
10487 11415 1:0 10747
10487 10256 1:0 10756
10487 11402 1:0 10777
10487 213 1:0 10862
10493 11385 1:0 10860
10514 11383 1:0 10867
10526 10306 1:0 10866
10608 11384 1:0 10868
10609 11381 1:0 10871
10609 10310 1:0 10877
10609 11382 1:0 10878
10618 211 1:0 10882
10618 10313 1:0 10887
10618 11380 1:0 10888
10618 11374 1:0 10893
10618 11369 1:0 10908
10618 11365 1:0 10917
10618 11368 1:0 10917
10618 11361 1:0 10943
10624 11367 1:0 10917
10624 11354 1:0 10975
10644 11352 1:0 10991
10645 11360 1:0 10970
10657 11348 1:0 11002
10739 11351 1:0 10999
10740 11350 1:0 10998
10740 10367 1:0 11008
10740 10370 1:0 11018
10749 11349 1:0 11009
10749 11347 1:0 11019
10749 11341 1:0 11024
10749 11336 1:0 11039
10749 11328 1:0 11074
10755 11332 1:0 11048
10755 11334 1:0 11048
10755 11335 1:0 11048
10776 11319 1:0 11122
10788 11321 1:0 11106
10870 11327 1:0 11101
10870 10420 1:0 11128
10870 11315 1:0 11133
10870 10424 1:0 11139
10871 11318 1:0 11130
10871 11308 1:0 11155
10871 11303 1:0 11170
10880 11317 1:0 11129
10880 11316 1:0 11140
10886 11314 1:0 11150
10886 11299 1:0 11179
10886 11302 1:0 11179
10888 11295 1:0 11205
10891 11301 1:0 11179
10906 11288 1:0 11237
10907 11294 1:0 11232
10919 11282 1:0 11264
11001 11286 1:0 11253
11002 10477 1:0 11259
11002 11284 1:0 11260
11002 161 1:0 11266
11011 11285 1:0 11261
11011 11283 1:0 11271
11017 10481 1:0 11270
11017 157 1:0 11275
11017 11275 1:0 11286
11019 11281 1:0 11281
11022 11270 1:0 11301
11037 11266 1:0 11310
11038 11262 1:0 11336
11050 11269 1:0 11310
11132 11268 1:0 11310
11132 11261 1:0 11363
11132 11255 1:0 11368
11132 11249 1:0 11395
11133 11253 1:0 11384
11133 10534 1:0 11390
11142 11251 1:0 11391
11142 11252 1:0 11392
11148 11250 1:0 11402
11150 143 1:0 11397
11153 139 1:0 11406
11168 11248 1:0 11412
11169 11242 1:0 11417
11181 11237 1:0 11432
11263 11236 1:0 11441
11263 11233 1:0 11441
11263 11235 1:0 11441
11263 11229 1:0 11467
11264 11228 1:0 11494
11264 11222 1:0 11499
11264 11220 1:0 11515
11273 11218 1:0 11522
11273 11219 1:0 11523
11279 11216 1:0 11526
11279 125 1:0 11528
11299 11217 1:0 11533
11300 11209 1:0 11548
11312 11204 1:0 11563
11394 11215 1:0 11543
11394 11200 1:0 11572
11394 11203 1:0 11572
11394 11202 1:0 11572
11395 11196 1:0 11598
11395 11189 1:0 11630
11395 11187 1:0 11646
11404 11195 1:0 11625
11404 105 1:0 11648
11404 11186 1:0 11654
11404 11183 1:0 11657
11410 11185 1:0 11653
11412 10648 1:0 11652
11443 11184 1:0 11664
11525 11182 1:0 11674
11525 11176 1:0 11679
11525 11171 1:0 11694
11525 11163 1:0 11729
11526 11170 1:0 11703
11526 11167 1:0 11703
11526 11169 1:0 11703
11526 11162 1:0 11756
11526 11156 1:0 11761
11535 11154 1:0 11777
11535 11153 1:0 11785
11541 11152 1:0 11784
11543 11150 1:0 11788
11574 11151 1:0 11795
11656 11149 1:0 11805
11656 11143 1:0 11810
11656 11138 1:0 11825
11656 11137 1:0 11834
11657 11134 1:0 11834
11657 11136 1:0 11834
11657 11130 1:0 11860
11657 11129 1:0 11887
11657 11123 1:0 11892
11666 11121 1:0 11908
11666 11120 1:0 11916
11672 11119 1:0 11915
11674 11117 1:0 11919
11705 11118 1:0 11926
11787 71 1:0 11921
11787 11116 1:0 11936
11787 11110 1:0 11941
11787 11105 1:0 11956
11788 11101 1:0 11965
11788 11104 1:0 11965
11788 11103 1:0 11965
11788 11097 1:0 11991
11788 11096 1:0 12018
11788 11090 1:0 12023
11797 11088 1:0 12039
11797 11087 1:0 12047
11803 51 1:0 12041
11803 11084 1:0 12050
11823 11086 1:0 12046
11824 10823 1:0 12056
11836 10826 1:0 12066
11918 11085 1:0 12057
11919 11083 1:0 12067
11919 11077 1:0 12072
11919 11072 1:0 12087
11919 11068 1:0 12096
11919 11071 1:0 12096
11919 11064 1:0 12122
11928 11070 1:0 12096
11928 11063 1:0 12149
11928 11057 1:0 12154
11928 11055 1:0 12170
11934 11054 1:0 12178
11936 11051 1:0 12181
11967 11053 1:0 12177
12049 11052 1:0 12188
12050 10880 1:0 12187
12050 11050 1:0 12198
12050 11044 1:0 12203
12050 11039 1:0 12218
12050 10937 1:0 12221
12050 11035 1:0 12227
12059 11037 1:0 12227
12059 11038 1:0 12227
12059 11031 1:0 12253
12059 11022 1:0 12301
12059 339 1:0 12272
12065 11030 1:0 12280
12065 11024 1:0 12285
12085 11020 1:0 12308
12086 11018 1:0 12305
12098 10991 1:0 12312
12180 11021 1:0 12309
12181 11017 1:0 12312
12181 11019 1:0 12319
12181 11006 1:0 12321
12190 11011 1:0 12326
12190 13205 1:0 12349
12190 10998 1:0 12349
12190 10997 1:0 12349
12196 13204 1:0 12434
12198 11004 1:0 12354
12201 11002 1:0 12354
12216 11005 1:0 12354
12217 6155 1:0 12541
12229 6153 1:0 12541
12311 13203 1:0 12441
12312 13202 1:0 12452
12312 6154 1:0 12541
12312 6157 1:0 12541
12321 13172 1:0 12655
12321 6152 1:0 12541
12321 6156 1:0 12625
12327 13170 1:0 12662
12347 13171 1:0 12663
12348 13154 1:0 12712
12360 13152 1:0 12712
12360 13148 1:0 12738
12444 13169 1:0 12673
12445 13141 1:0 12770
12445 13139 1:0 12876
12445 6299 1:0 12826
12454 6300 1:0 12827
12454 6301 1:0 12836
12454 6302 1:0 12837
12454 6304 1:0 12845
12454 6303 1:0 12845
12460 13138 1:0 12884
12473 339 21:0 12487
12480 13137 1:0 12883
12493 13136 1:0 12894
12534 13123 1:0 12924
12534 13108 1:0 12991
12547 6447 1:0 13048
12562 6446 1:0 13047
12623 13106 1:0 13097
12635 6156 21:0 12657
12656 6153 0:0 12657
12656 6155 0:0 12657
12656 6154 0:0 12657
12656 6157 0:0 12657
12656 6152 0:0 12657
12665 6448 1:0 13057
12665 6449 1:0 13058
12665 6450 1:0 13066
12665 6451 1:0 13066
12666 13104 1:0 13104
12666 13089 1:0 13154
12666 6593 1:0 13268
12675 13105 1:0 13105
12675 13103 1:0 13115
12683 13073 1:0 13318
12686 6594 1:0 13269
12701 6595 1:0 13278
12702 6596 1:0 13279
12714 6598 1:0 13287
12714 6597 1:0 13287
12783 13072 1:0 13326
12834 13071 1:0 13325
12844 13049 1:0 13401
12846 6300 0:0 12878
12877 6304 0:0 12878
12877 6303 0:0 12878
12877 6302 0:0 12878
12877 6301 0:0 12878
12877 6299 0:0 12878
12886 13070 1:0 13336
12887 6740 1:0 13425
12887 6742 1:0 13425
12887 6743 1:0 13425
12887 6741 1:0 13425
12887 6744 1:0 13425
12887 6745 1:0 13510
12896 13040 1:0 13539
12896 13039 1:0 13547
12904 13038 1:0 13546
12907 13036 1:0 13550
12935 13037 1:0 13557
12976 13035 1:0 13567
12976 13023 1:0 13596
12989 13009 1:0 13654
13006 13007 1:0 13760
13055 6888 1:0 13711
13065 6887 1:0 13710
13067 6446 0:0 13099
13098 6447 0:0 13099
13098 6451 0:0 13099
13098 6450 0:0 13099
13098 6449 0:0 13099
13098 6448 0:0 13099
13107 6889 1:0 13720
13107 6890 1:0 13721
13107 6892 1:0 13729
13107 6891 1:0 13729
13108 13006 1:0 13768
13108 12996 1:0 13793
13108 12991 1:0 13808
13117 13005 1:0 13767
13117 13004 1:0 13778
13123 12989 1:0 13817
13123 7034 1:0 13931
13143 12974 1:0 13981
13144 7035 1:0 13932
13156 7036 1:0 13941
13156 7037 1:0 13942
13197 7038 1:0 13950
13205 7039 1:0 13950
13226 12972 1:0 13988
13276 12969 1:0 14009
13286 12950 1:0 14064
13288 6594 0:0 13320
13319 6596 0:0 13320
13319 6595 0:0 13320
13319 6598 0:0 13320
13319 6593 0:0 13320
13319 6597 0:0 13320
13328 12973 1:0 13989
13329 12971 1:0 13999
13329 7182 1:0 14088
13329 7186 1:0 14088
13338 12949 1:0 14087
13338 12941 1:0 14202
13338 7181 1:0 14088
13338 7184 1:0 14088
13338 7185 1:0 14172
13344 7183 1:0 14088
13349 12940 1:0 14210
13377 12939 1:0 14209
13446 12938 1:0 14220
13447 12925 1:0 14250
13447 12917 1:0 14285
13448 7329 1:0 14374
13497 7328 1:0 14373
13507 7330 1:0 14383
13516 6745 21:0 13541
13539 6742 0:0 13541
13540 6741 0:0 13541
13540 6740 0:0 13541
13540 6743 0:0 13541
13540 6744 0:0 13541
13549 12908 1:0 14423
13550 12891 1:0 14480
13550 12877 1:0 14528
13550 7331 1:0 14384
13550 7333 1:0 14392
13550 7332 1:0 14392
13559 12906 1:0 14430
13559 12907 1:0 14431
13565 12905 1:0 14441
13567 7478 1:0 14605
13570 12883 1:0 14529
13585 7480 1:0 14530
13586 7476 1:0 14530
13598 7475 1:0 14530
13652 12875 1:0 14644
13667 7479 1:0 14530
13668 7477 1:0 14530
13728 12874 1:0 14652
13730 6887 0:0 13762
13761 6892 0:0 13762
13761 6888 0:0 13762
13761 6890 0:0 13762
13761 6891 0:0 13762
13761 6889 0:0 13762
13770 12873 1:0 14651
13771 12872 1:0 14662
13771 12857 1:0 14701
13771 12850 1:0 14750
13780 7624 1:0 14751
13780 7625 1:0 14751
13780 7627 1:0 14751
13780 7622 1:0 14751
13780 7623 1:0 14751
13780 7626 1:0 14835
13786 12842 1:0 14865
13806 12840 1:0 14872
13807 12838 1:0 14876
13868 12841 1:0 14873
13889 12839 1:0 14883
13939 12837 1:0 14893
13949 12826 1:0 14913
13951 7034 0:0 13983
13982 7036 0:0 13983
13982 7039 0:0 13983
13982 7035 0:0 13983
13982 7037 0:0 13983
13982 7038 0:0 13983
13991 12822 1:0 14922
13991 7769 1:0 15036
13991 7770 1:0 15037
13991 7771 1:0 15046
13992 12809 1:0 15086
13992 7772 1:0 15047
13992 7774 1:0 15056
14001 12808 1:0 15094
14001 7773 1:0 15056
14007 12807 1:0 15093
14012 12806 1:0 15104
14027 12793 1:0 15134
14028 12798 1:0 15119
14040 12804 1:0 15114
14040 12789 1:0 15143
14081 7916 1:0 15192
14081 7918 1:0 15267
14110 12776 1:0 15307
14111 7921 1:0 15192
14160 7920 1:0 15192
14170 7919 1:0 15192
14182 7185 21:0 14204
14203 7186 0:0 14204
14203 7183 0:0 14204
14203 7184 0:0 14204
14203 7182 0:0 14204
14203 7181 0:0 14204
14212 12772 1:0 15318
14212 7917 1:0 15192
14213 12774 1:0 15314
14213 12775 1:0 15315
14222 12773 1:0 15325
14222 12771 1:0 15335
14222 12765 1:0 15340
14222 12756 1:0 15364
14222 12752 1:0 15390
14228 12745 1:0 15412
14228 8065 1:0 15413
14228 8064 1:0 15413
14249 12743 1:0 15528
14261 12751 1:0 15413
14261 8066 1:0 15413
14302 8063 1:0 15413
14302 8067 1:0 15498
14315 8068 1:0 15413
14381 12742 1:0 15536
14391 12739 1:0 15539
14393 7328 0:0 14425
14424 7329 0:0 14425
14424 7330 0:0 14425
14424 7331 0:0 14425
14424 7333 0:0 14425
14424 7332 0:0 14425
14433 12741 1:0 15535
14434 12740 1:0 15546
14434 12738 1:0 15556
14434 12732 1:0 15561
14443 12727 1:0 15576
14443 12710 1:0 15749
14443 8213 1:0 15634
14443 8211 1:0 15634
14443 8210 1:0 15634
14449 12718 1:0 15634
14449 8215 1:0 15634
14449 8214 1:0 15719
14451 8212 1:0 15634
14454 12706 1:0 15760
14482 12709 1:0 15757
14551 12708 1:0 15756
14602 12707 1:0 15767
14612 12705 1:0 15777
14614 7478 21:0 14646
14644 7479 0:0 14646
14645 7475 0:0 14646
14645 7476 0:0 14646
14645 7480 0:0 14646
14645 7477 0:0 14646
14654 12690 1:0 15806
14654 12692 1:0 15806
14654 12693 1:0 15806
14654 12686 1:0 15832
14655 12685 1:0 15855
14655 12677 1:0 15970
14655 8361 1:0 15855
14664 8362 1:0 15855
14664 8358 1:0 15855
14664 8357 1:0 15855
14664 8359 1:0 15855
14664 8360 1:0 15931
14670 12675 1:0 15977
14675 12676 1:0 15978
14690 12673 1:0 15981
14691 12659 1:0 16027
14744 12674 1:0 15988
14757 12646 1:0 16075
14772 8509 1:0 16077
14823 12644 1:0 16191
14833 8507 1:0 16152
14845 7626 21:0 14867
14866 7625 0:0 14867
14866 7623 0:0 14867
14866 7624 0:0 14867
14866 7627 0:0 14867
14866 7622 0:0 14867
14875 12652 1:0 16076
14875 8505 1:0 16077
14875 8508 1:0 16077
14875 8506 1:0 16077
14876 12642 1:0 16198
14876 12639 1:0 16219
14876 8504 1:0 16077
14885 12643 1:0 16199
14885 12641 1:0 16209
14891 12628 1:0 16239
14891 12613 1:0 16239
14891 12627 1:0 16248
14893 12619 1:0 16296
14896 8652 1:0 16297
14911 8656 1:0 16297
14912 8655 1:0 16297
14924 8654 1:0 16297
14924 8653 1:0 16297
14965 8651 1:0 16362
15057 7770 0:0 15088
15087 7771 0:0 15088
15087 7772 0:0 15088
15087 7774 0:0 15088
15087 7769 0:0 15088
15087 7773 0:0 15088
15278 7918 21:0 15309
15308 7921 0:0 15309
15308 7916 0:0 15309
15308 7919 0:0 15309
15308 7920 0:0 15309
15308 7917 0:0 15309
15508 8067 21:0 15530
15529 8065 0:0 15530
15529 8063 0:0 15530
15529 8064 0:0 15530
15529 8068 0:0 15530
15529 8066 0:0 15530
15729 8214 21:0 15751
15750 8210 0:0 15751
15750 8215 0:0 15751
15750 8211 0:0 15751
15750 8213 0:0 15751
15750 8212 0:0 15751
15940 8360 21:0 15972
15971 8361 0:0 15972
15971 8358 0:0 15972
15971 8359 0:0 15972
15971 8357 0:0 15972
15971 8362 0:0 15972
16161 8507 21:0 16193
16192 8506 0:0 16193
16192 8508 0:0 16193
16192 8509 0:0 16193
16192 8504 0:0 16193
16192 8505 0:0 16193
16372 8651 21:0 52
