154 25531 0:0 159
154 25529 0:0 159
155 25526 0:0 159
155 25528 0:0 159
158 25527 0:0 163
162 25620 0:0 163
162 25621 0:0 167
166 313 0:0 186
1381 26233 21:0 1391
3358 298 21:0 3376
4594 27704 21:0 4604
4635 300 1:0 6719
6717 299 21:0 6735
7953 29175 21:0 7963
7994 301 1:0 10078
10076 300 21:0 10094
11312 30646 21:0 11322
11353 302 1:0 13437
11353 303 1:0 16796
11353 304 1:0 20155
13435 301 21:0 13453
14499 32041 21:0 14565
14712 32041 1:0 14964
14713 305 1:0 23514
16794 302 21:0 16812
17774 33476 21:0 17782
18030 33588 21:0 18040
18071 33476 1:0 18472
18072 306 1:0 26873
20153 303 21:0 20171
21214 34982 21:0 21231
21389 35059 21:0 21399
21430 34982 1:0 21690
21431 307 1:0 30232
23512 304 21:0 23530
24424 36388 21:0 24490
24789 36388 1:0 25303
26871 305 21:0 26889
27175 37595 21:0 27241
28148 37595 1:0 29710
28149 308 1:0 33591
30230 306 21:0 30248
31134 39327 21:0 31142
31507 39327 1:0 32039
33589 307 21:0 33607
34569 40831 21:0 34577
34866 40831 1:0 35267
34867 309 1:0 36950
36948 308 21:0 36966
37016 41906 21:0 37024
38225 299 1:0 3360
38225 310 1:0 40309
38225 311 1:0 43668
38226 41906 1:0 40198
38226 312 1:0 47027
40307 309 21:0 40325
40451 43410 21:0 40459
41368 43808 21:0 41385
41584 43808 1:0 41844
41585 43410 1:0 43426
43666 310 21:0 43684
43815 44883 21:0 43832
44651 45245 21:0 44668
44943 45245 1:0 45333
44944 44883 1:0 46775
44944 313 1:0 50386
47025 311 21:0 47043
47174 46353 21:0 47191
48013 46718 21:0 48079
48302 46718 1:0 48685
48303 46353 1:0 50133
48303 23314 1:0 51769
50384 312 21:0 50402
50837 47956 21:0 50854
51369 48187 21:0 51386
51671 23325 1:0 51768
51671 23326 1:0 51768
51672 23324 1:0 51768
51672 23313 1:0 51768
51672 23320 1:0 51769
51672 23319 1:0 51822
51672 23460 1:0 51984
51672 23461 1:0 51988
51681 23323 1:0 51768
51681 23321 1:0 51768
51681 23322 1:0 51768
51681 23468 1:0 51969
51687 23469 1:0 51984
51689 23470 1:0 52063
51692 23471 1:0 52064
51707 23466 1:0 52043
51707 23467 1:0 52044
51720 23472 1:0 52073
51761 23473 1:0 52074
51789 48187 1:0 52205
51790 23615 1:0 52205
51799 23314 0:0 51824
51802 23313 0:0 51828
51810 23616 1:0 52205
51832 23319 21:0 51856
51840 23618 1:0 52285
51850 23608 1:0 52209
51850 23607 1:0 52209
51850 23613 1:0 52264
51852 23614 1:0 52265
51855 23320 0:0 51866
51859 23326 21:0 51884
51860 23617 1:0 52284
51862 23754 1:0 52430
51882 23325 0:0 51884
51882 23323 0:0 51884
51882 23324 0:0 51884
51883 23321 0:0 51884
51883 23322 0:0 51884
51885 23619 1:0 52294
51885 23620 1:0 52295
51885 23762 1:0 52426
51892 23763 1:0 52426
51892 23765 1:0 52506
51893 23755 1:0 52430
51893 23760 1:0 52485
51893 23761 1:0 52486
51893 23764 1:0 52505
51893 23901 1:0 52652
51893 23907 1:0 52652
51902 23766 1:0 52515
51902 23767 1:0 52516
51902 23913 1:0 52652
51902 23912 1:0 52652
51908 23914 1:0 52652
51910 23909 1:0 52652
51912 23902 1:0 52653
51928 23911 1:0 52652
51929 23910 1:0 52652
51941 23908 1:0 52707
51941 24049 1:0 52874
51982 24061 1:0 52874
51995 24060 1:0 52875
52011 24059 1:0 52875
52011 24058 1:0 52875
52012 24054 1:0 52875
52023 23460 21:0 52067
52061 24057 1:0 52875
52063 24048 1:0 52875
52071 24056 1:0 52875
52073 23470 21:0 52105
52081 24055 1:0 52928
52081 24195 1:0 53118
52081 24196 1:0 53119
52104 23469 0:0 52105
52104 23467 0:0 52105
52104 23473 0:0 52105
52104 23472 0:0 52105
52104 23466 0:0 52105
52104 23468 0:0 52105
52104 23471 0:0 52105
52104 23461 0:0 52105
52106 24206 1:0 53092
52106 24203 1:0 53158
52106 24204 1:0 53159
52106 24205 1:0 53168
52113 24207 1:0 53169
52113 24208 1:0 53169
52114 24201 1:0 53148
52114 24202 1:0 53149
52114 24350 1:0 53313
52114 24342 1:0 53339
52114 24343 1:0 53340
52114 24348 1:0 53369
52123 24351 1:0 53380
52123 24352 1:0 53389
52123 24353 1:0 53390
52123 24354 1:0 53390
52129 24349 1:0 53370
52129 24355 1:0 53390
52133 24500 1:0 53534
52134 24490 1:0 53561
52149 24497 1:0 53600
52150 24489 1:0 53560
52162 24498 1:0 53601
52203 24499 1:0 53610
52216 24502 1:0 53611
52231 24495 1:0 53590
52231 24496 1:0 53591
52232 24501 1:0 53611
52232 24636 1:0 53781
52233 24637 1:0 53782
52291 23618 21:0 52326
52292 47956 1:0 53711
52302 24648 1:0 53755
52325 23608 0:0 52326
52325 23620 0:0 52326
52325 23617 0:0 52326
52325 23607 0:0 52326
52325 23616 0:0 52326
52325 23613 0:0 52326
52325 23614 0:0 52326
52325 23615 0:0 52326
52325 23619 0:0 52326
52327 24638 1:0 53791
52327 24644 1:0 53821
52327 24645 1:0 53822
52327 24646 1:0 53831
52327 24647 1:0 53832
52327 24788 1:0 54023
52334 24642 1:0 53811
52334 24643 1:0 53812
52334 24649 1:0 53833
52334 24790 1:0 54004
52335 24795 1:0 53976
52335 24783 1:0 54002
52335 24784 1:0 54003
52335 24791 1:0 54005
52344 24792 1:0 54005
52344 24796 1:0 54005
52344 24793 1:0 54005
52344 24794 1:0 54005
52350 24789 1:0 54005
52350 24942 1:0 54197
52350 24933 1:0 54200
52350 24934 1:0 54201
52352 24935 1:0 54200
52352 24932 1:0 54201
52352 24936 1:0 54201
52355 24940 1:0 54201
52370 24931 1:0 54200
52371 24938 1:0 54201
52383 24943 1:0 54201
52424 24939 1:0 54201
52432 24930 1:0 54201
52452 24941 1:0 54201
52453 24937 1:0 54254
52453 25088 1:0 54418
52454 25077 1:0 54444
52503 25085 1:0 54484
52512 23765 21:0 52547
52513 25086 1:0 54485
52523 25078 1:0 54445
52523 25083 1:0 54474
52523 25084 1:0 54475
52545 23766 0:0 52547
52546 23754 0:0 52547
52546 23760 0:0 52547
52546 23762 0:0 52547
52546 23764 0:0 52547
52546 23763 0:0 52547
52546 23767 0:0 52547
52546 23755 0:0 52547
52546 23761 0:0 52547
52548 25087 1:0 54494
52548 25090 1:0 54496
52548 25089 1:0 54496
52548 25234 1:0 54641
52548 25225 1:0 54642
52555 25232 1:0 54641
52555 25233 1:0 54641
52556 25237 1:0 54641
52556 25231 1:0 54641
52556 25236 1:0 54641
52565 25235 1:0 54641
52565 25224 1:0 54641
52565 25230 1:0 54695
52565 25383 1:0 54862
52565 25382 1:0 54862
52565 25377 1:0 54862
52565 25371 1:0 54862
52571 25381 1:0 54862
52573 25380 1:0 54862
52576 25379 1:0 54862
52592 25384 1:0 54862
52604 35059 1:0 55024
52604 33588 1:0 55024
52604 25372 1:0 54863
52604 25378 1:0 54917
52645 30646 1:0 55027
52645 29175 1:0 55036
52658 25530 1:0 55081
52673 27704 1:0 55108
52673 25518 1:0 55107
52674 25526 1:0 55147
52683 23902 0:0 52708
52686 23901 0:0 52712
52686 25527 1:0 55148
52713 23908 21:0 52738
52724 25519 1:0 55108
52734 25528 1:0 55157
52736 25529 1:0 55158
52738 23907 0:0 52746
52744 26233 1:0 55159
52746 23913 21:0 52768
52746 25531 1:0 55159
52767 23912 0:0 52768
52767 23909 0:0 52768
52767 23911 0:0 52768
52767 23910 0:0 52768
52767 23914 0:0 52768
52769 25620 1:0 55208
52769 298 1:0 147
52769 25524 1:0 55137
52769 25525 1:0 55138
52769 25621 1:0 55209
52904 24049 0:0 52929
52907 24048 0:0 52933
52934 24055 21:0 52959
52959 24054 0:0 52967
52964 24061 21:0 52989
52987 24060 0:0 52989
52987 24059 0:0 52989
52987 24058 0:0 52989
52988 24056 0:0 52989
52988 24057 0:0 52989
53125 24196 21:0 53171
53170 24195 0:0 53178
53170 24201 0:0 53178
53171 24202 0:0 53179
53175 24206 21:0 53210
53208 24207 0:0 53210
53209 24204 0:0 53210
53209 24208 0:0 53210
53209 24205 0:0 53210
53209 24203 0:0 53213
53346 24343 21:0 53392
53391 24342 0:0 53399
53391 24348 0:0 53399
53391 24350 21:0 53431
53392 24349 0:0 53400
53429 24351 0:0 53431
53430 24352 0:0 53431
53430 24353 0:0 53431
53430 24354 0:0 53431
53430 24355 0:0 53434
53567 24490 21:0 53613
53612 24489 0:0 53620
53612 24495 0:0 53620
53613 24496 0:0 53621
53617 24500 21:0 53652
53650 24501 0:0 53652
53651 24498 0:0 53652
53651 24502 0:0 53652
53651 24499 0:0 53652
53651 24497 0:0 53655
53791 24636 21:0 53835
53834 24643 0:0 53842
53834 24637 0:0 53842
53835 24642 0:0 53843
53851 24648 21:0 53873
53872 24647 0:0 53873
53872 24645 0:0 53873
53872 24644 0:0 53873
53872 24646 0:0 53873
53872 24649 0:0 53876
53875 24638 0:0 53876
54029 24788 21:0 54043
54042 24783 0:0 54050
54042 24790 21:0 54066
54066 24789 0:0 54082
54066 24784 0:0 54082
54072 24795 21:0 54094
54093 24796 0:0 54094
54093 24794 0:0 54094
54093 24793 0:0 54094
54093 24792 0:0 54094
54093 24791 0:0 54094
54240 24933 21:0 54260
54250 24935 0:0 54255
54253 24934 0:0 54257
54260 24937 21:0 54285
54285 24932 0:0 54287
54285 24936 0:0 54293
54285 24930 0:0 54293
54285 24931 0:0 54293
54293 24942 21:0 54315
54314 24939 0:0 54315
54314 24940 0:0 54315
54314 24938 0:0 54315
54314 24943 0:0 54315
54314 24941 0:0 54315
54454 25077 21:0 54498
54497 25084 0:0 54505
54498 25078 0:0 54506
54498 25083 0:0 54506
54501 25088 21:0 54536
54534 25089 0:0 54536
54535 25090 0:0 54536
54535 25087 0:0 54536
54535 25086 0:0 54536
54535 25085 0:0 54539
54672 25225 0:0 54697
54675 25224 0:0 54701
54705 25230 21:0 54729
54728 25231 0:0 54739
54728 25233 0:0 54757
54728 25234 21:0 54757
54755 25236 0:0 54757
54755 25232 0:0 54757
54756 25235 0:0 54757
54756 25237 0:0 54757
54893 25372 0:0 54918
54896 25371 0:0 54922
54923 25378 21:0 54948
54948 25377 0:0 54956
54956 25383 21:0 54978
54977 25380 0:0 54978
54977 25384 0:0 54978
54977 25379 0:0 54978
54977 25382 0:0 54978
54977 25381 0:0 54978
55117 25518 21:0 55161
55160 25519 0:0 55168
55160 25525 0:0 55168
55161 25524 0:0 55169
55177 25530 21:0 155
