50 8654 0:0 52
50 8655 0:0 52
50 8653 0:0 52
51 8656 0:0 52
51 8652 0:0 52
60 8781 0:0 88
88 8787 21:0 104
103 8789 0:0 104
106 8802 21:0 114
113 8803 0:0 114
113 8801 0:0 114
113 8804 21:0 164
164 8805 0:0 180
182 8835 21:0 190
189 8837 0:0 190
189 8836 21:0 240
240 8838 0:0 256
258 8868 21:0 266
265 8869 0:0 266
265 8870 21:0 316
278 8860 0:0 280
316 8871 0:0 332
334 8901 21:0 342
341 8902 0:0 342
341 8903 21:0 392
392 8904 0:0 408
397 8921 21:0 408
410 8934 21:0 418
417 8933 0:0 418
417 8936 0:0 418
417 8935 21:0 468
431 8945 0:0 432
468 8952 21:0 484
468 8937 0:0 484
472 8950 0:0 473
483 8965 21:0 484
486 8967 21:0 494
493 8968 0:0 494
493 8969 21:0 544
544 8970 0:0 560
562 9000 21:0 570
569 8999 0:0 570
569 9001 0:0 570
569 9002 21:0 620
620 9019 0:0 625
620 9003 0:0 636
625 9020 21:0 636
635 9005 21:0 636
638 9033 21:0 646
645 9032 0:0 646
645 9034 0:0 646
645 9035 21:0 696
696 9036 0:0 712
701 9053 21:0 712
714 9066 21:0 722
721 9067 0:0 722
721 9068 21:0 772
770 9078 0:0 772
772 9069 0:0 788
790 9099 21:0 798
797 9101 0:0 798
797 9100 21:0 848
848 9118 21:0 864
848 9102 0:0 864
866 9132 21:0 874
873 9131 0:0 874
873 9133 0:0 874
873 9134 21:0 924
887 9143 0:0 888
924 9151 21:0 940
924 9135 0:0 940
942 9165 21:0 950
949 9166 0:0 950
949 9167 21:0 1000
1000 9168 0:0 1016
1018 9198 21:0 1026
1025 9200 0:0 1026
1025 9199 21:0 1076
1076 9201 0:0 1092
1094 9231 21:0 1102
1101 9233 0:0 1102
1101 9232 21:0 1152
1150 9243 0:0 1152
1152 9234 0:0 1168
1152 9250 21:0 1168
1167 9251 0:0 1168
1170 9264 21:0 1178
1177 9265 0:0 1178
1177 9266 21:0 1228
1228 9267 0:0 1244
1246 9297 21:0 1254
1253 9298 0:0 1254
1253 9299 21:0 1304
1304 9300 0:0 1320
1322 9330 21:0 1330
1329 9332 0:0 1330
1329 9331 21:0 1380
1380 9333 0:0 1396
1398 9363 21:0 1406
1405 9364 0:0 1406
1405 9365 0:0 1406
1418 9375 21:0 1429
1429 9376 21:0 1462
1461 9382 0:0 1462
1461 9383 0:0 1462
1461 9380 0:0 1462
1464 9369 21:0 1473
1471 9366 0:0 1473
1471 9384 0:0 1473
1472 9395 21:0 1473
1474 9366 1:0 2779
1475 9397 21:0 1483
1482 9396 0:0 1483
1482 9399 0:0 1483
1482 17 0:0 1483
1482 9398 21:0 1533
1495 9389 0:0 1497
1496 9408 0:0 1497
1531 9409 0:0 1533
1533 9413 0:0 1538
1533 9415 0:0 1538
1533 9416 0:0 1538
1533 9400 0:0 1549
1540 9402 21:0 1549
1547 9417 0:0 1549
1548 9428 21:0 1549
1551 9430 21:0 1559
1558 35 0:0 1559
1558 9429 0:0 1559
1558 9432 0:0 1559
1558 9431 21:0 1609
1571 9422 0:0 1573
1572 9441 0:0 1573
1607 9442 0:0 1609
1609 9449 0:0 1614
1609 9446 0:0 1614
1609 9448 0:0 1614
1609 9433 0:0 1625
1616 9435 21:0 1625
1623 9450 0:0 1625
1624 9461 21:0 1625
1627 9463 21:0 1635
1634 9462 0:0 1635
1634 9464 0:0 1635
1634 9465 21:0 1685
1647 9455 0:0 1649
1648 9474 0:0 1649
1683 9475 0:0 1685
1685 9466 0:0 1701
1685 9479 21:0 1701
1689 9481 0:0 1690
1689 9482 0:0 1690
1700 9468 21:0 1701
1700 9494 21:0 1701
1700 9483 0:0 1701
1703 9496 21:0 1711
1710 9497 0:0 1711
1710 9495 0:0 1711
1710 9498 21:0 1761
1723 9488 0:0 1725
1724 9507 0:0 1725
1759 9508 0:0 1761
1761 9512 0:0 1766
1761 9515 0:0 1766
1761 9499 0:0 1777
1768 9501 21:0 1777
1775 9516 0:0 1777
1776 9527 21:0 1777
1779 9529 21:0 1787
1780 85 0:0 1782
1786 9530 0:0 1787
1786 9528 0:0 1787
1786 9531 21:0 1837
1799 9521 0:0 1801
1800 9540 0:0 1801
1835 9541 0:0 1837
1837 9545 0:0 1842
1837 9548 0:0 1842
1837 9547 0:0 1842
1837 9532 0:0 1853
1850 9560 21:0 1853
1851 9549 0:0 1853
1852 9534 21:0 1853
1855 9562 21:0 1863
1856 103 0:0 1858
1862 9561 0:0 1863
1862 9563 0:0 1863
1862 9564 21:0 1913
1875 9554 0:0 1877
1876 9573 0:0 1877
1911 9574 0:0 1913
1913 9580 0:0 1918
1913 9578 0:0 1918
1913 9565 0:0 1929
1918 9582 21:0 1929
1928 9567 21:0 1929
1928 9593 21:0 1929
1931 9595 21:0 1939
1938 9594 0:0 1939
1938 9596 0:0 1939
1938 9597 21:0 1989
1952 9606 0:0 1953
1987 9607 0:0 1989
1989 9613 0:0 1994
1989 9614 0:0 1994
1989 9611 0:0 1994
1989 9598 0:0 2005
1994 9615 21:0 2005
2004 9626 21:0 2005
2004 9600 21:0 2005
2007 9628 21:0 2015
2014 9629 0:0 2015
2014 9627 0:0 2015
2014 143 0:0 2015
2014 9630 21:0 2065
2027 9620 0:0 2029
2028 9639 0:0 2029
2063 9640 0:0 2065
2065 9646 0:0 2070
2065 9644 0:0 2070
2065 9647 0:0 2070
2065 9631 0:0 2081
2072 9633 21:0 2081
2079 9648 0:0 2081
2080 9659 21:0 2081
2083 9661 21:0 2091
2090 9663 0:0 2091
2090 9662 21:0 2141
2103 9653 0:0 2105
2141 9679 0:0 2146
2141 9680 0:0 2146
2141 9677 0:0 2146
2141 9664 0:0 2157
2154 9692 21:0 2157
2155 9681 0:0 2157
2159 9694 21:0 2167
2166 9693 0:0 2167
2166 179 0:0 2167
2166 9695 0:0 2167
2166 9696 21:0 2217
2215 9706 0:0 2217
2217 9713 0:0 2222
2217 9697 0:0 2233
2224 9699 21:0 2233
2231 9714 0:0 2233
2235 9727 21:0 2243
2236 193 0:0 2238
2242 197 0:0 2243
2242 9729 0:0 2243
2242 9728 21:0 2293
2255 9719 0:0 2257
2293 9743 0:0 2298
2293 9745 0:0 2298
2293 9730 0:0 2309
2306 9758 21:0 2309
2308 9732 21:0 2309
2311 9760 21:0 2319
2318 9761 0:0 2319
2318 9759 0:0 2319
2318 9762 21:0 2369
2369 9763 0:0 2385
2369 9779 21:0 2385
2384 9791 21:0 2385
2387 9793 21:0 2395
2394 9795 0:0 2395
2394 9794 21:0 2445
2407 9785 0:0 2409
2445 9796 0:0 2461
2445 9809 21:0 2461
2463 9826 21:0 2471
2464 247 0:0 2466
2470 9827 0:0 2471
2470 9828 21:0 2521
2521 9829 0:0 2537
2534 9857 21:0 2537
2535 9846 0:0 2537
2539 9859 21:0 2547
2546 9861 0:0 2547
2546 9860 21:0 2597
2597 9862 0:0 2613
2597 9877 21:0 2613
2601 9878 0:0 2602
2615 9892 21:0 2623
2622 9893 0:0 2623
2622 9894 21:0 2673
2635 9884 0:0 2637
2636 9903 0:0 2637
2671 9904 0:0 2673
2673 9895 0:0 2689
2691 9925 21:0 2699
2698 9927 0:0 2699
2698 9926 21:0 2749
2749 9928 0:0 2765
2767 9958 21:0 2775
2774 9960 21:0 2781
2776 9365 1:0 2786
2779 9364 1:0 2785
2780 9959 21:0 2784
2783 9961 21:0 2794
2788 9363 1:0 2795
2789 9333 1:0 2901
2795 9331 1:0 2907
2797 9332 1:0 2908
2797 9330 1:0 2917
2803 9300 1:0 3023
2814 336 21:0 2828
2910 9299 1:0 3030
2911 9298 1:0 3029
2911 9297 1:0 3039
2919 9267 1:0 3145
2925 9266 1:0 3152
2943 9265 1:0 3151
2944 9251 1:0 3189
3032 9264 1:0 3161
3033 9250 1:0 3197
3033 9243 1:0 3223
3033 9234 1:0 3267
3041 9232 1:0 3273
3047 9233 1:0 3274
3065 9231 1:0 3283
3154 247 1:0 3287
3155 9201 1:0 3389
3155 9199 1:0 3395
3163 9200 1:0 3396
3163 9198 1:0 3405
3173 9168 1:0 3511
3276 9167 1:0 3518
3277 9166 1:0 3517
3277 9165 1:0 3527
3285 9151 1:0 3563
3285 9143 1:0 3613
3285 9135 1:0 3633
3291 9134 1:0 3640
3295 9131 1:0 3643
3309 197 1:0 3645
3398 9133 1:0 3639
3399 9132 1:0 3649
3399 193 1:0 3653
3399 9118 1:0 3685
3407 9102 1:0 3755
3413 9100 1:0 3761
3431 9101 1:0 3762
3520 179 1:0 3767
3520 9078 1:0 3833
3521 9099 1:0 3771
3521 9069 1:0 3877
3529 9068 1:0 3884
3535 9067 1:0 3883
3553 9066 1:0 3893
3554 9053 1:0 3921
3642 9036 1:0 3999
3643 9035 1:0 4006
3643 9032 1:0 4009
3651 9034 1:0 4005
3651 9033 1:0 4015
3657 143 1:0 4011
3657 9020 1:0 4043
3657 9019 1:0 4051
3661 9005 1:0 4105
3675 8999 1:0 4131
3764 9003 1:0 4121
3765 9002 1:0 4128
3773 9001 1:0 4127
3773 9000 1:0 4137
3779 8970 1:0 4243
3886 8969 1:0 4250
3887 8968 1:0 4249
3887 8967 1:0 4259
3895 103 1:0 4263
3895 8965 1:0 4268
3895 8952 1:0 4295
3895 8950 1:0 4295
3895 8945 1:0 4345
3901 8937 1:0 4365
3920 8935 1:0 4371
4008 8936 1:0 4372
4009 8933 1:0 4375
4009 8934 1:0 4381
4009 85 1:0 4385
4017 8921 1:0 4409
4017 8904 1:0 4487
4023 8903 1:0 4494
4130 8902 1:0 4493
4131 8901 1:0 4503
4131 8871 1:0 4609
4139 8869 1:0 4615
4139 8870 1:0 4616
4149 8868 1:0 4625
4163 8860 1:0 4638
4164 35 1:0 4743
4252 8838 1:0 4731
4253 8836 1:0 4737
4261 8837 1:0 4738
4261 8835 1:0 4747
4267 8805 1:0 4853
4271 8801 1:0 4863
4285 17 1:0 4865
4374 8804 1:0 4860
4375 8803 1:0 4859
4375 8789 1:0 4897
4375 8787 1:0 4905
4383 8802 1:0 4869
4383 8781 1:0 4931
4383 337 1:0 6343
4389 9961 1:0 6314
4496 9959 1:0 6345
4497 9960 1:0 6353
4497 9958 1:0 6363
4505 9928 1:0 6476
4511 9926 1:0 6483
4529 9927 1:0 6484
4530 9904 1:0 6559
4618 9925 1:0 6494
4619 9903 1:0 6586
4619 9895 1:0 6607
4627 9894 1:0 6615
4984 10997 21:0 4995
4995 10998 21:0 5028
5027 11002 0:0 5028
5027 11005 0:0 5028
5027 11004 0:0 5028
5030 10991 21:0 5039
5037 11006 0:0 5039
5038 11017 21:0 5039
5041 11019 21:0 5049
5048 11018 0:0 5049
5048 11021 0:0 5049
5048 11020 21:0 5099
5061 11011 0:0 5063
5062 11030 0:0 5063
5097 11031 0:0 5099
5099 11038 0:0 5104
5099 11035 0:0 5104
5099 11037 0:0 5104
5099 11022 0:0 5115
5106 11024 21:0 5115
5113 11039 0:0 5115
5114 11050 21:0 5115
5117 11052 21:0 5125
5124 11051 0:0 5125
5124 11053 0:0 5125
5124 11054 21:0 5175
5137 11044 0:0 5139
5138 11063 0:0 5139
5173 11064 0:0 5175
5175 11071 0:0 5180
5175 11070 0:0 5180
5175 11068 0:0 5180
5175 11055 0:0 5191
5182 11057 21:0 5191
5189 11072 0:0 5191
5190 11083 21:0 5191
5193 11085 21:0 5201
5200 11087 0:0 5201
5200 11084 0:0 5201
5200 11086 21:0 5251
5213 11077 0:0 5215
5214 11096 0:0 5215
5249 11097 0:0 5251
5251 11101 0:0 5256
5251 11104 0:0 5256
5251 11103 0:0 5256
5251 11088 0:0 5267
5258 11090 21:0 5267
5265 11105 0:0 5267
5266 11116 21:0 5267
5269 11118 21:0 5277
5276 11120 0:0 5277
5276 11117 0:0 5277
5276 11119 21:0 5327
5289 11110 0:0 5291
5290 11129 0:0 5291
5325 11130 0:0 5327
5327 11136 0:0 5332
5327 11137 0:0 5332
5327 11134 0:0 5332
5327 11121 0:0 5343
5334 11123 21:0 5343
5341 11138 0:0 5343
5342 11149 21:0 5343
5345 11151 21:0 5353
5352 11152 0:0 5353
5352 11150 0:0 5353
5352 11153 21:0 5403
5365 11143 0:0 5367
5366 11162 0:0 5367
5401 11163 0:0 5403
5403 11170 0:0 5408
5403 11169 0:0 5408
5403 11167 0:0 5408
5403 11154 0:0 5419
5410 11156 21:0 5419
5417 11171 0:0 5419
5418 11182 21:0 5419
5421 11184 21:0 5429
5428 11186 0:0 5429
5428 11183 0:0 5429
5428 11185 21:0 5479
5441 11176 0:0 5443
5442 11195 0:0 5443
5477 11196 0:0 5479
5479 11202 0:0 5484
5479 11200 0:0 5484
5479 11203 0:0 5484
5479 11187 0:0 5495
5486 11189 21:0 5495
5493 11204 0:0 5495
5494 11215 21:0 5495
5497 11217 21:0 5505
5504 11218 0:0 5505
5504 11216 0:0 5505
5504 11219 21:0 5555
5517 11209 0:0 5519
5518 11228 0:0 5519
5553 11229 0:0 5555
5555 11235 0:0 5560
5555 11233 0:0 5560
5555 11236 0:0 5560
5555 11220 0:0 5571
5562 11222 21:0 5571
5569 11237 0:0 5571
5570 11248 21:0 5571
5573 11250 21:0 5581
5580 11249 0:0 5581
5580 11251 0:0 5581
5580 11252 21:0 5631
5593 11242 0:0 5595
5594 11261 0:0 5595
5629 11262 0:0 5631
5631 11269 21:0 5647
5631 11253 0:0 5647
5635 11266 0:0 5636
5635 11268 0:0 5636
5646 11270 0:0 5647
5646 11255 21:0 5647
5646 11281 21:0 5647
5649 11283 21:0 5657
5656 11282 0:0 5657
5656 11284 0:0 5657
5656 11285 21:0 5707
5669 11275 0:0 5671
5670 11294 0:0 5671
5705 11295 0:0 5707
5707 11286 0:0 5723
5707 11302 21:0 5723
5711 11301 0:0 5712
5711 11299 0:0 5712
5722 11288 21:0 5723
5722 11303 0:0 5723
5722 11314 21:0 5723
5725 11316 21:0 5733
5732 11315 0:0 5733
5732 11317 0:0 5733
5732 11318 21:0 5783
5745 11308 0:0 5747
5746 11327 0:0 5747
5781 11328 0:0 5783
5783 11335 0:0 5788
5783 11334 0:0 5788
5783 11332 0:0 5788
5783 11319 0:0 5799
5796 11347 21:0 5799
5797 11336 0:0 5799
5798 11321 21:0 5799
5801 11349 21:0 5809
5808 11351 0:0 5809
5808 11348 0:0 5809
5808 11350 21:0 5859
5821 11341 0:0 5823
5822 11360 0:0 5823
5857 11361 0:0 5859
5859 11352 0:0 5875
5859 11367 21:0 5875
5863 11368 0:0 5864
5863 11365 0:0 5864
5874 11354 21:0 5875
5874 11369 0:0 5875
5874 11380 21:0 5875
5877 11382 21:0 5885
5884 11383 0:0 5885
5884 11381 0:0 5885
5884 11384 21:0 5935
5897 11374 0:0 5899
5898 11393 0:0 5899
5933 11394 0:0 5935
5935 11401 21:0 5951
5935 11385 0:0 5951
5939 11400 0:0 5940
5939 11398 0:0 5940
5950 11387 21:0 5951
5953 11415 21:0 5961
5960 11416 0:0 5961
5960 11417 21:0 6011
5973 11407 0:0 5975
6009 11427 0:0 6011
6011 11433 0:0 6016
6011 11418 0:0 6027
6018 11420 21:0 6027
6029 11448 21:0 6037
6036 11449 0:0 6037
6036 11450 21:0 6087
6087 11451 0:0 6103
6094 11453 21:0 6103
6105 11481 21:0 6113
6112 11482 0:0 6113
6112 11483 21:0 6163
6161 11493 0:0 6163
6163 11484 0:0 6179
6181 11514 21:0 6189
6188 11515 0:0 6189
6188 11516 21:0 6239
6201 11506 0:0 6203
6239 11517 0:0 6255
6257 11547 21:0 6265
6264 11548 0:0 6265
6264 11546 0:0 6265
6264 11549 21:0 6315
6315 11550 0:0 6331
6333 11580 21:0 6341
6340 11581 21:0 6347
6342 9893 1:0 6614
6344 9884 1:0 6640
6346 11582 21:0 6350
6348 9877 1:0 6664
6349 11583 21:0 6361
6355 9892 1:0 6625
6356 9878 1:0 6664
6356 9862 1:0 6738
6356 9857 1:0 6766
6362 9860 1:0 6745
6365 9861 1:0 6746
6365 9859 1:0 6756
6371 9846 1:0 6786
6384 337 21:0 6398
6391 9829 1:0 6869
6392 9809 1:0 6926
6484 10021 21:0 6489
6486 9828 1:0 6877
6487 9827 1:0 6876
6487 9826 1:0 6887
6496 9796 1:0 7000
6496 9794 1:0 7007
6502 9795 1:0 7008
6523 9793 1:0 7018
6535 9791 1:0 7028
6617 9785 1:0 7033
6617 9779 1:0 7057
6618 9763 1:0 7131
6618 9762 1:0 7139
6627 9761 1:0 7138
6627 9759 1:0 7142
6627 9758 1:0 7159
6627 9743 1:0 7188
6633 9760 1:0 7149
6635 9745 1:0 7188
6666 9730 1:0 7262
6748 9732 1:0 7246
6748 9719 1:0 7295
6749 9728 1:0 7269
6749 9729 1:0 7270
6757 10139 21:0 6760
6758 9727 1:0 7280
6758 9714 1:0 7310
6758 9713 1:0 7319
6758 9706 1:0 7345
6758 9699 1:0 7377
6764 9697 1:0 7393
6785 9696 1:0 7401
6797 9693 1:0 7404
6879 9695 1:0 7400
6880 9694 1:0 7411
6880 9692 1:0 7421
6880 9681 1:0 7441
6889 9677 1:0 7450
6889 9679 1:0 7450
6889 9680 1:0 7450
6889 9664 1:0 7524
6895 9662 1:0 7531
6916 9663 1:0 7532
6928 9653 1:0 7557
7008 10249 21:0 7013
7010 9661 1:0 7542
7011 9659 1:0 7552
7011 9648 1:0 7572
7011 9644 1:0 7581
7011 9647 1:0 7581
7011 9646 1:0 7581
7011 9640 1:0 7607
7011 9633 1:0 7639
7020 9639 1:0 7634
7020 9631 1:0 7655
7026 9630 1:0 7663
7031 9629 1:0 7662
7046 9627 1:0 7666
7047 9620 1:0 7688
7059 9626 1:0 7683
7141 9628 1:0 7673
7142 9615 1:0 7703
7142 9613 1:0 7712
7142 9611 1:0 7712
7142 9614 1:0 7712
7142 9607 1:0 7738
7142 9600 1:0 7770
7151 9606 1:0 7765
7151 9598 1:0 7786
7157 9597 1:0 7794
7162 9596 1:0 7793
7177 9594 1:0 7797
7178 9593 1:0 7814
7190 9582 1:0 7834
7272 9595 1:0 7804
7273 9578 1:0 7843
7273 9580 1:0 7843
7273 9574 1:0 7869
7273 9573 1:0 7896
7273 9567 1:0 7901
7273 9561 1:0 7928
7282 9565 1:0 7917
7282 9564 1:0 7925
7290 9563 1:0 7924
7321 9562 1:0 7935
7403 9560 1:0 7945
7403 9554 1:0 7950
7403 9549 1:0 7965
7403 9545 1:0 7974
7404 9547 1:0 7974
7404 9548 1:0 7974
7404 9541 1:0 8000
7404 9540 1:0 8027
7404 9534 1:0 8032
7404 9528 1:0 8059
7412 10424 21:0 7415
7413 9532 1:0 8048
7413 9531 1:0 8056
7419 9530 1:0 8055
7440 9529 1:0 8066
7452 9521 1:0 8081
7534 9527 1:0 8076
7534 9516 1:0 8096
7534 9515 1:0 8105
7534 9512 1:0 8105
7535 9508 1:0 8131
7535 9501 1:0 8163
7535 9499 1:0 8179
7543 10481 21:0 7546
7544 9507 1:0 8158
7544 9498 1:0 8187
7547 9497 1:0 8186
7550 9495 1:0 8190
7555 9496 1:0 8197
7570 9494 1:0 8207
7571 9483 1:0 8227
7583 9488 1:0 8212
7663 10534 21:0 7668
7665 9482 1:0 8236
7665 9481 1:0 8236
7665 9479 1:0 8236
7665 9475 1:0 8262
7666 9474 1:0 8289
7666 9468 1:0 8294
7666 9466 1:0 8310
7666 9462 1:0 8321
7675 9464 1:0 8317
7675 9465 1:0 8318
7683 9463 1:0 8328
7686 9450 1:0 8358
7701 9461 1:0 8338
7702 9455 1:0 8343
7714 9446 1:0 8367
7796 9449 1:0 8367
7796 9448 1:0 8367
7796 9442 1:0 8393
7796 9435 1:0 8425
7797 9441 1:0 8420
7797 9433 1:0 8441
7797 9429 1:0 8452
7806 9431 1:0 8448
7806 9432 1:0 8449
7814 9430 1:0 8459
7817 9417 1:0 8489
7832 9428 1:0 8469
7833 9422 1:0 8474
7845 9409 1:0 8524
7927 9413 1:0 8498
7927 9415 1:0 8498
7927 9416 1:0 8498
7927 9402 1:0 8556
7928 9408 1:0 8551
7928 9400 1:0 8572
7928 9396 1:0 8583
7936 10652 21:0 7939
7937 9398 1:0 8579
7937 9399 1:0 8580
7943 9397 1:0 8590
7945 9384 1:0 8620
7946 10655 0:0 7967
7948 9395 1:0 8600
7963 9389 1:0 8605
7964 9376 1:0 8655
7964 9369 1:0 8674
7976 9382 1:0 8625
8056 10705 21:0 8061
8058 9383 1:0 8625
8058 9380 1:0 8625
8058 9375 1:0 8682
8059 11583 1:0 10063
8059 11582 1:0 10074
8068 338 1:0 10072
8198 10766 21:0 8201
8208 10769 0:0 8229
8713 12619 21:0 8724
8724 12620 0:0 8752
8752 12624 21:0 8768
8756 12627 0:0 8757
8767 12613 21:0 8768
8767 12628 0:0 8768
8770 12641 21:0 8778
8777 12642 0:0 8778
8777 12643 21:0 8828
8790 12633 0:0 8792
8790 15 0:0 8792
8791 12652 0:0 8792
8826 12653 0:0 8828
8828 12657 0:0 8833
8828 12644 0:0 8844
8833 12661 21:0 8844
8843 12672 21:0 8844
8846 12674 21:0 8854
8853 35 0:0 8854
8853 12673 0:0 8854
8853 12676 0:0 8854
8853 12675 21:0 8904
8866 33 0:0 8868
8904 12693 0:0 8909
8904 12677 0:0 8920
8917 12705 21:0 8920
8922 12707 21:0 8930
8923 49 0:0 8925
8929 12706 0:0 8930
8929 12708 0:0 8930
8929 12709 21:0 8980
8943 12718 0:0 8944
8980 12710 0:0 8996
8980 12723 21:0 8996
8995 12712 21:0 8996
8995 12738 21:0 8996
8998 12740 21:0 9006
8999 67 0:0 9001
9005 71 0:0 9006
9005 12739 0:0 9006
9005 12742 0:0 9006
9005 12741 21:0 9056
9054 12752 0:0 9056
9056 12758 21:0 9072
9056 12743 0:0 9072
9071 12760 0:0 9072
9074 12773 21:0 9082
9075 85 0:0 9077
9081 12772 0:0 9082
9081 12774 0:0 9082
9081 12775 21:0 9132
9095 12784 0:0 9096
9132 12776 0:0 9148
9132 12792 21:0 9148
9136 12789 0:0 9137
9150 12806 21:0 9158
9157 12808 0:0 9158
9157 12807 21:0 9208
9208 12809 0:0 9224
9208 12824 21:0 9224
9212 12822 0:0 9213
9212 12825 0:0 9213
9223 12811 21:0 9224
9226 12839 21:0 9234
9233 12841 0:0 9234
9233 12840 21:0 9284
9246 123 0:0 9248
9247 12850 0:0 9248
9284 12842 0:0 9300
9284 12858 21:0 9300
9288 12855 0:0 9289
9299 12870 21:0 9300
9299 12844 21:0 9300
9299 12859 0:0 9300
9302 12872 21:0 9310
9309 12874 0:0 9310
9309 12871 0:0 9310
9309 12873 21:0 9360
9360 12875 0:0 9376
9365 12892 21:0 9376
9378 12905 21:0 9386
9385 12906 0:0 9386
9385 12907 21:0 9436
9436 12923 0:0 9441
9436 12908 0:0 9452
9441 12925 21:0 9452
9454 12938 21:0 9462
9461 12940 0:0 9462
9461 12939 21:0 9512
9474 177 0:0 9476
9512 12941 0:0 9528
9525 12969 21:0 9528
9530 12971 21:0 9538
9537 12973 0:0 9538
9537 12972 21:0 9588
9586 12983 0:0 9588
9588 12990 21:0 9604
9588 12974 0:0 9604
9606 13004 21:0 9614
9607 211 0:0 9609
9613 13006 0:0 9614
9613 13005 21:0 9664
9664 13007 0:0 9680
9682 13037 21:0 9690
9689 13039 0:0 9690
9689 13038 21:0 9740
9738 13049 0:0 9740
9740 13040 0:0 9756
9747 13042 21:0 9756
9758 13070 21:0 9766
9765 13069 0:0 9766
9765 13072 0:0 9766
9765 13071 21:0 9816
9816 13073 0:0 9832
9834 13103 21:0 9842
9841 13104 0:0 9842
9841 13105 21:0 9892
9892 13106 0:0 9908
9910 13136 21:0 9918
9911 283 0:0 9913
9917 13138 0:0 9918
9917 13137 21:0 9968
9968 13139 0:0 9984
9986 13169 21:0 9994
9987 301 0:0 9989
9993 13171 0:0 9994
9993 13170 21:0 10044
10006 13161 0:0 10008
10007 13180 0:0 10008
10042 13181 0:0 10044
10044 13172 0:0 10060
10044 13185 21:0 10060
10048 13188 0:0 10049
10059 13189 0:0 10060
10059 13174 21:0 10060
10062 13202 21:0 10070
10069 13203 21:0 10076
10073 11581 1:0 10081
10075 13204 21:0 10079
10077 336 1:0 2777
10078 13205 21:0 10090
10084 11580 1:0 10092
10085 11550 1:0 10205
10085 10021 1:0 10211
10085 11546 1:0 10216
10091 11549 1:0 10213
10094 11548 1:0 10212
10094 11547 1:0 10223
10100 301 1:0 10227
10113 338 21:0 10127
10120 11517 1:0 10336
10121 283 1:0 10358
10215 11516 1:0 10344
10216 11515 1:0 10343
10216 11514 1:0 10354
10225 11506 1:0 10369
10225 11493 1:0 10419
10225 11484 1:0 10467
10231 11483 1:0 10475
10251 11482 1:0 10474
10252 10139 1:0 10484
10264 11453 1:0 10582
10346 11481 1:0 10485
10347 11451 1:0 10598
10347 11433 1:0 10655
10356 11449 1:0 10605
10356 11450 1:0 10606
10362 11448 1:0 10616
10364 11427 1:0 10681
10367 11420 1:0 10713
10382 10249 1:0 10735
10477 11418 1:0 10729
10478 11416 1:0 10736
10478 11417 1:0 10737
10487 11415 1:0 10747
10487 11407 1:0 10762
10487 11401 1:0 10786
10487 11398 1:0 10786
10487 11400 1:0 10786
10493 11394 1:0 10812
10493 11387 1:0 10844
10513 11385 1:0 10860
10514 11393 1:0 10839
10526 11381 1:0 10871
10608 11384 1:0 10868
10609 11383 1:0 10867
10609 211 1:0 10882
10609 11380 1:0 10888
10618 11382 1:0 10878
10618 11374 1:0 10893
10618 11369 1:0 10908
10618 11367 1:0 10917
10618 11368 1:0 10917
10624 11365 1:0 10917
10624 11361 1:0 10943
10624 11354 1:0 10975
10645 11352 1:0 10991
10657 11360 1:0 10970
10739 11350 1:0 10998
10740 11351 1:0 10999
10740 11348 1:0 11002
10740 11341 1:0 11024
10749 11349 1:0 11009
10749 11347 1:0 11019
10749 11336 1:0 11039
10749 11332 1:0 11048
10749 11335 1:0 11048
10755 11334 1:0 11048
10755 11328 1:0 11074
10775 11319 1:0 11122
10776 11321 1:0 11106
10788 11327 1:0 11101
10870 11318 1:0 11130
10871 177 1:0 11124
10871 11317 1:0 11129
10871 11315 1:0 11133
10880 10424 1:0 11139
10880 11316 1:0 11140
10880 11314 1:0 11150
10880 11308 1:0 11155
10880 11303 1:0 11170
10886 11302 1:0 11179
10886 11301 1:0 11179
10886 11295 1:0 11205
10888 11299 1:0 11179
10919 11286 1:0 11253
11001 11294 1:0 11232
11001 11288 1:0 11237
11001 11282 1:0 11264
11001 10481 1:0 11270
11002 11285 1:0 11261
11002 11275 1:0 11286
11002 11270 1:0 11301
11011 11284 1:0 11260
11011 11283 1:0 11271
11017 11281 1:0 11281
11017 11269 1:0 11310
11017 11268 1:0 11310
11019 11262 1:0 11336
11022 11266 1:0 11310
11037 11255 1:0 11368
11038 11261 1:0 11363
11050 10534 1:0 11390
11132 11253 1:0 11384
11133 11252 1:0 11392
11133 11249 1:0 11395
11133 11242 1:0 11417
11142 11251 1:0 11391
11142 11250 1:0 11402
11148 11248 1:0 11412
11148 11237 1:0 11432
11148 11236 1:0 11441
11150 11233 1:0 11441
11153 11229 1:0 11467
11168 11235 1:0 11441
11169 11222 1:0 11499
11181 11228 1:0 11494
11263 11220 1:0 11515
11264 123 1:0 11517
11264 11219 1:0 11523
11264 11216 1:0 11526
11273 11218 1:0 11522
11273 11217 1:0 11533
11279 11215 1:0 11543
11279 11209 1:0 11548
11279 11204 1:0 11563
11281 11202 1:0 11572
11284 11200 1:0 11572
11299 11203 1:0 11572
11300 11196 1:0 11598
11312 11189 1:0 11630
11394 11187 1:0 11646
11395 11195 1:0 11625
11395 11185 1:0 11653
11395 11183 1:0 11657
11404 11186 1:0 11654
11404 11184 1:0 11664
11410 10652 1:0 11663
11410 10655 1:0 11673
11410 11176 1:0 11679
11412 11171 1:0 11694
11415 11182 1:0 11674
11430 11167 1:0 11703
11431 11169 1:0 11703
11443 11170 1:0 11703
11525 11163 1:0 11729
11525 11162 1:0 11756
11525 11156 1:0 11761
11525 11150 1:0 11788
11526 11154 1:0 11777
11526 10705 1:0 11783
11535 11152 1:0 11784
11535 11153 1:0 11785
11541 11151 1:0 11795
11543 85 1:0 11799
11546 11143 1:0 11810
11561 11149 1:0 11805
11562 11138 1:0 11825
11574 11130 1:0 11860
11656 11137 1:0 11834
11656 11134 1:0 11834
11656 11136 1:0 11834
11656 11123 1:0 11892
11657 11129 1:0 11887
11657 11121 1:0 11908
11657 11117 1:0 11919
11666 11119 1:0 11915
11666 11120 1:0 11916
11674 11118 1:0 11926
11677 71 1:0 11921
11692 10766 1:0 11925
11693 67 1:0 11930
11705 10769 1:0 11935
11787 11116 1:0 11936
11787 11110 1:0 11941
11787 11105 1:0 11956
11787 11101 1:0 11965
11788 11104 1:0 11965
11788 11103 1:0 11965
11788 11097 1:0 11991
11788 11096 1:0 12018
11788 11090 1:0 12023
11788 11084 1:0 12050
11797 11088 1:0 12039
11797 11086 1:0 12046
11805 11087 1:0 12047
11836 11085 1:0 12057
11918 49 1:0 12061
11918 11083 1:0 12067
11918 11077 1:0 12072
11918 11072 1:0 12087
11919 11071 1:0 12096
11919 11070 1:0 12096
11919 11068 1:0 12096
11919 11064 1:0 12122
11919 11063 1:0 12149
11919 11057 1:0 12154
11928 11055 1:0 12170
11928 11054 1:0 12178
11934 33 1:0 12172
11934 11051 1:0 12181
11954 11053 1:0 12177
11955 35 1:0 12183
11967 11044 1:0 12203
12049 11052 1:0 12188
12050 11050 1:0 12198
12050 11039 1:0 12218
12050 11037 1:0 12227
12050 11038 1:0 12227
12050 11035 1:0 12227
12050 11031 1:0 12253
12059 11030 1:0 12280
12059 11024 1:0 12285
12059 11022 1:0 12301
12059 15 1:0 12303
12065 11020 1:0 12308
12067 339 1:0 12312
12070 11018 1:0 12312
12085 11017 1:0 12312
12086 10991 1:0 12321
12098 11006 1:0 12326
12180 11021 1:0 12309
12181 11019 1:0 12319
12181 10997 1:0 12349
12181 10998 1:0 12349
12190 11011 1:0 12326
12190 13205 1:0 12349
12190 11002 1:0 12354
12190 11004 1:0 12354
12196 13204 1:0 12434
12198 11005 1:0 12354
12229 13203 1:0 12441
12311 13202 1:0 12452
12312 13189 1:0 12482
12312 13185 1:0 12491
12312 13188 1:0 12491
12312 13181 1:0 12517
12312 13174 1:0 12549
12312 6152 1:0 12605
12321 13180 1:0 12544
12321 13172 1:0 12655
12321 6153 1:0 12606
12321 6154 1:0 12615
12321 6155 1:0 12616
12327 6157 1:0 12624
12327 6156 1:0 12624
12347 13170 1:0 12662
12348 13161 1:0 12688
12360 6302 1:0 12762
12360 6303 1:0 12846
12444 13171 1:0 12663
12445 13169 1:0 12673
12445 6300 1:0 12762
12445 6299 1:0 12762
12454 13139 1:0 12876
12454 6301 1:0 12762
12454 6304 1:0 12762
12454 6446 1:0 13047
12460 13137 1:0 12883
12473 339 21:0 12487
12481 13138 1:0 12884
12534 13136 1:0 12894
12547 6447 1:0 13048
12613 13106 1:0 13097
12623 6448 1:0 13057
12625 6153 0:0 12657
12656 6156 0:0 12657
12656 6157 0:0 12657
12656 6152 0:0 12657
12656 6154 0:0 12657
12656 6155 0:0 12657
12665 6449 1:0 13058
12665 6450 1:0 13066
12665 6451 1:0 13066
12665 6594 1:0 13269
12666 13105 1:0 13105
12666 6593 1:0 13268
12675 13104 1:0 13104
12675 13103 1:0 13115
12681 13073 1:0 13318
12683 6595 1:0 13278
12686 6596 1:0 13279
12701 6598 1:0 13287
12702 6597 1:0 13287
12755 13071 1:0 13325
12784 13072 1:0 13326
12785 13069 1:0 13329
12834 13049 1:0 13401
12844 13042 1:0 13433
12856 6303 21:0 12878
12877 6304 0:0 12878
12877 6300 0:0 12878
12877 6299 0:0 12878
12877 6301 0:0 12878
12877 6302 0:0 12878
12886 13070 1:0 13336
12887 13040 1:0 13539
12887 6740 1:0 13489
12887 6741 1:0 13490
12896 13038 1:0 13546
12896 6742 1:0 13499
12896 6743 1:0 13500
12896 6744 1:0 13508
12896 6745 1:0 13508
12904 13039 1:0 13547
12907 6887 1:0 13710
12935 13037 1:0 13557
12976 6888 1:0 13711
12976 6889 1:0 13720
13005 13007 1:0 13760
13006 6890 1:0 13721
13055 6891 1:0 13729
13065 6892 1:0 13729
13067 6446 0:0 13099
13098 6449 0:0 13099
13098 6451 0:0 13099
13098 6448 0:0 13099
13098 6450 0:0 13099
13098 6447 0:0 13099
13107 13005 1:0 13767
13108 13006 1:0 13768
13108 12990 1:0 13817
13108 12983 1:0 13843
13117 13004 1:0 13778
13117 7035 1:0 13867
13117 7038 1:0 13867
13117 7037 1:0 13942
13123 12974 1:0 13981
13125 7034 1:0 13867
13128 7039 1:0 13867
13143 7036 1:0 13867
13197 12972 1:0 13988
13205 12969 1:0 14009
13226 12973 1:0 13989
13276 7182 1:0 14153
13286 7181 1:0 14152
13288 6593 0:0 13320
13319 6598 0:0 13320
13319 6595 0:0 13320
13319 6597 0:0 13320
13319 6596 0:0 13320
13319 6594 0:0 13320
13328 12971 1:0 13999
13329 12941 1:0 14202
13329 7183 1:0 14162
13329 7184 1:0 14163
13338 12939 1:0 14209
13338 7186 1:0 14171
13338 7185 1:0 14171
13344 12940 1:0 14210
13364 12938 1:0 14220
13365 12925 1:0 14250
13377 12923 1:0 14259
13377 7328 1:0 14309
13418 7329 1:0 14309
13418 7330 1:0 14383
13431 7331 1:0 14309
13446 7332 1:0 14309
13447 7333 1:0 14309
13507 12908 1:0 14423
13509 6740 0:0 13541
13540 6745 0:0 13541
13540 6744 0:0 13541
13540 6741 0:0 13541
13540 6743 0:0 13541
13540 6742 0:0 13541
13549 12907 1:0 14431
13550 12906 1:0 14430
13550 12892 1:0 14471
13550 7476 1:0 14595
13559 12905 1:0 14441
13559 7475 1:0 14594
13559 7477 1:0 14604
13559 7478 1:0 14605
13565 12875 1:0 14644
13567 7480 1:0 14613
13570 7479 1:0 14613
13598 12873 1:0 14651
13667 12874 1:0 14652
13668 12871 1:0 14655
13728 12872 1:0 14662
13730 6887 0:0 13762
13761 6890 0:0 13762
13761 6892 0:0 13762
13761 6888 0:0 13762
13761 6889 0:0 13762
13761 6891 0:0 13762
13770 12870 1:0 14672
13770 12859 1:0 14692
13770 12858 1:0 14701
13770 12855 1:0 14701
13771 12844 1:0 14749
13771 12850 1:0 14750
13771 7622 1:0 14751
13771 7627 1:0 14751
13771 7625 1:0 14751
13771 7623 1:0 14751
13780 12842 1:0 14865
13780 7624 1:0 14751
13780 7626 1:0 14835
13786 12840 1:0 14872
13806 12841 1:0 14873
13860 12839 1:0 14883
13868 12824 1:0 14922
13873 12822 1:0 14922
13888 12825 1:0 14922
13889 12811 1:0 14970
13889 7770 1:0 14971
13939 7774 1:0 14971
13949 7769 1:0 14971
13951 7037 21:0 13983
13982 7039 0:0 13983
13982 7035 0:0 13983
13982 7034 0:0 13983
13982 7038 0:0 13983
13982 7036 0:0 13983
13991 12809 1:0 15086
13992 12792 1:0 15143
13992 12789 1:0 15143
13992 7773 1:0 14971
13992 7771 1:0 14971
13992 7772 1:0 15047
14001 12807 1:0 15093
14001 12808 1:0 15094
14007 12806 1:0 15104
14009 12784 1:0 15192
14012 7916 1:0 15192
14027 7918 1:0 15192
14028 7917 1:0 15192
14040 7919 1:0 15192
14094 12776 1:0 15307
14109 7920 1:0 15277
14110 7921 1:0 15192
14170 12775 1:0 15315
14172 7182 0:0 14204
14203 7186 0:0 14204
14203 7184 0:0 14204
14203 7183 0:0 14204
14203 7185 0:0 14204
14203 7181 0:0 14204
14212 12774 1:0 15314
14213 12772 1:0 15318
14213 12773 1:0 15325
14213 12760 1:0 15355
14222 12758 1:0 15364
14222 12752 1:0 15390
14222 12743 1:0 15528
14222 8063 1:0 15478
14222 8064 1:0 15479
14228 8065 1:0 15488
14228 8066 1:0 15489
14228 8068 1:0 15498
14230 8067 1:0 15498
14233 12739 1:0 15539
14261 12741 1:0 15535
14330 12742 1:0 15536
14391 12740 1:0 15546
14393 7330 21:0 14425
14424 7328 0:0 14425
14424 7333 0:0 14425
14424 7332 0:0 14425
14424 7331 0:0 14425
14424 7329 0:0 14425
14433 12738 1:0 15556
14433 12723 1:0 15585
14433 12712 1:0 15643
14433 8211 1:0 15700
14434 12718 1:0 15638
14434 12710 1:0 15749
14434 8210 1:0 15699
14443 12709 1:0 15757
14443 8212 1:0 15709
14443 8213 1:0 15710
14443 8214 1:0 15718
14443 8215 1:0 15718
14449 12706 1:0 15760
14454 12708 1:0 15756
14482 12707 1:0 15767
14523 12705 1:0 15777
14523 12693 1:0 15806
14536 8358 1:0 15921
14551 8357 1:0 15920
14602 12677 1:0 15970
14612 8359 1:0 15930
14614 7475 0:0 14646
14645 7477 0:0 14646
14645 7479 0:0 14646
14645 7478 0:0 14646
14645 7480 0:0 14646
14645 7476 0:0 14646
14654 12673 1:0 15981
14654 8360 1:0 15931
14654 8362 1:0 15939
14654 8361 1:0 15939
14655 12675 1:0 15977
14655 12672 1:0 15998
14655 12661 1:0 16018
14664 12676 1:0 15978
14664 12674 1:0 15988
14670 12657 1:0 16027
14670 12653 1:0 16053
14670 8508 1:0 16077
14691 12644 1:0 16191
14703 8505 1:0 16077
14703 8509 1:0 16077
14744 8506 1:0 16077
14744 8507 1:0 16152
14757 12652 1:0 16076
14772 8504 1:0 16077
14823 12643 1:0 16199
14833 12633 1:0 16224
14845 7626 21:0 14867
14866 7627 0:0 14867
14866 7624 0:0 14867
14866 7623 0:0 14867
14866 7622 0:0 14867
14866 7625 0:0 14867
14875 12642 1:0 16198
14876 12641 1:0 16209
14876 12613 1:0 16239
14876 12628 1:0 16239
14885 12624 1:0 16248
14885 12627 1:0 16248
14885 12620 1:0 16274
14885 12619 1:0 16296
14885 8656 1:0 16297
14885 8654 1:0 16297
14885 8653 1:0 16297
14885 8655 1:0 16297
14891 8652 1:0 16297
14891 8651 1:0 16362
15057 7772 21:0 15088
15087 7769 0:0 15088
15087 7770 0:0 15088
15087 7774 0:0 15088
15087 7771 0:0 15088
15087 7773 0:0 15088
15287 7920 21:0 15309
15308 7916 0:0 15309
15308 7919 0:0 15309
15308 7921 0:0 15309
15308 7918 0:0 15309
15308 7917 0:0 15309
15499 8063 0:0 15530
15529 8064 0:0 15530
15529 8065 0:0 15530
15529 8066 0:0 15530
15529 8067 0:0 15530
15529 8068 0:0 15530
15719 8211 0:0 15751
15750 8210 0:0 15751
15750 8213 0:0 15751
15750 8214 0:0 15751
15750 8212 0:0 15751
15750 8215 0:0 15751
15940 8358 0:0 15972
15971 8357 0:0 15972
15971 8361 0:0 15972
15971 8360 0:0 15972
15971 8362 0:0 15972
15971 8359 0:0 15972
16161 8507 21:0 16193
16191 8508 0:0 16193
16192 8505 0:0 16193
16192 8509 0:0 16193
16192 8504 0:0 16193
16192 8506 0:0 16193
16372 8651 21:0 52
