0 13812 21:0 66
65 13813 0:0 69
65 13719 0:0 87
65 13721 0:0 87
65 13718 0:0 87
65 13720 0:0 87
66 13723 0:0 87
86 13722 0:0 87
86 305 0:0 91
1309 14393 21:0 1319
3286 298 21:0 3304
3354 15356 21:0 3362
3506 15422 21:0 3514
3967 15622 21:0 3984
4563 15622 1:0 5478
4564 15422 1:0 6274
4564 15356 1:0 6536
4573 300 1:0 6647
4573 304 1:0 20083
6941 16926 21:0 6949
7169 17025 21:0 7177
7549 17190 21:0 7557
7922 17190 1:0 8454
7923 17025 1:0 9109
7932 16926 1:0 9502
10004 300 21:0 10022
10153 18333 21:0 10170
10612 18532 21:0 10678
10984 18694 21:0 10992
11281 18694 1:0 11682
11282 18532 1:0 12319
11291 18333 1:0 13113
13735 19901 21:0 13743
13895 19970 21:0 13961
14120 20067 21:0 14137
14640 20067 1:0 15423
14641 19970 1:0 15809
14650 19901 1:0 16089
17099 21373 21:0 17116
17175 21407 21:0 17192
17862 21705 21:0 17928
17999 21705 1:0 18120
18000 21407 1:0 19307
18009 21373 1:0 19437
20154 22713 21:0 20171
20171 22714 0:0 20207
20225 22744 21:0 20233
20232 22745 21:0 20283
20453 22843 21:0 20461
20462 22843 1:0 22807
21358 22745 1:0 23189
21359 22744 1:0 23200
21359 22714 1:0 23313
21368 22713 1:0 23321
21368 305 1:0 23442
21368 11515 1:0 24822
21368 11653 1:0 25044
21374 11513 1:0 24822
21376 11517 1:0 24823
23440 304 21:0 23458
23513 24184 21:0 23530
23584 24215 21:0 23592
23812 24314 21:0 23820
24425 24579 21:0 24442
24504 24614 21:0 24570
24727 11514 1:0 24823
24727 11516 1:0 24823
24728 11518 1:0 24909
24728 11661 1:0 25040
24737 24614 1:0 25040
24737 11660 1:0 25109
24737 11662 1:0 25119
24743 11663 1:0 25120
24745 11664 1:0 25129
24748 11665 1:0 25130
24776 24579 1:0 25264
24817 11807 1:0 25264
24830 11809 1:0 25264
24845 11811 1:0 25265
24846 11810 1:0 25265
24847 11947 1:0 25512
24896 11808 1:0 25265
24906 11812 1:0 25351
24915 11518 21:0 24940
24916 11957 1:0 25485
24938 11514 0:0 24940
24938 11515 0:0 24940
24938 11517 0:0 24940
24938 11513 0:0 24940
24938 11516 0:0 24940
24941 11954 1:0 25551
24941 11955 1:0 25552
24941 11956 1:0 25561
24948 11959 1:0 25562
24948 11958 1:0 25562
24949 11952 1:0 25541
24949 12102 1:0 25703
24949 12101 1:0 25703
24949 12246 1:0 25927
24958 12103 1:0 25782
24958 12104 1:0 25783
24958 12105 1:0 25792
24958 12106 1:0 25793
24964 12248 1:0 25927
24966 12250 1:0 25927
24969 12249 1:0 25928
24985 12251 1:0 25928
24997 12253 1:0 25928
25038 12252 1:0 26013
25046 12247 1:0 25928
25051 12388 1:0 26148
25066 12397 1:0 26148
25067 12395 1:0 26148
25068 12394 1:0 26149
25117 12399 1:0 26149
25119 11660 21:0 25161
25127 12398 1:0 26149
25137 12396 1:0 26149
25159 11664 0:0 25161
25160 11663 0:0 25161
25160 11653 0:0 25161
25160 11665 0:0 25161
25160 11662 0:0 25161
25160 11661 0:0 25161
25162 12400 1:0 26235
25162 12544 1:0 26369
25162 12535 1:0 26369
25162 12542 1:0 26369
25169 12545 1:0 26370
25169 12547 1:0 26370
25170 12543 1:0 26370
25170 12546 1:0 26455
25170 12682 1:0 26591
25170 12688 1:0 26647
25179 12690 1:0 26587
25179 12689 1:0 26656
25179 12691 1:0 26666
25179 12692 1:0 26667
25185 12693 1:0 26676
25187 12694 1:0 26677
25189 12834 1:0 26811
25205 12838 1:0 26811
25218 12840 1:0 26811
25218 12836 1:0 26811
25267 12837 1:0 26812
25272 12835 1:0 26812
25287 12839 1:0 26812
25288 12841 1:0 26898
25289 12976 1:0 27033
25338 12984 1:0 27029
25348 12983 1:0 27098
25357 11812 21:0 25382
25358 12975 1:0 27033
25358 12981 1:0 27088
25358 12982 1:0 27089
25358 13129 1:0 27253
25380 11810 0:0 25382
25380 11809 0:0 25382
25380 11811 0:0 25382
25380 11808 0:0 25382
25380 11807 0:0 25382
25383 12985 1:0 27108
25383 12986 1:0 27109
25383 12987 1:0 27118
25390 12988 1:0 27119
25390 13130 1:0 27253
25391 24314 1:0 27166
25391 13122 1:0 27255
25400 13132 1:0 27254
25400 13133 1:0 27254
25400 13131 1:0 27254
25400 13135 1:0 27254
25406 13128 1:0 27254
25406 13134 1:0 27339
25410 13277 1:0 27471
25426 13282 1:0 27471
25427 13281 1:0 27471
25439 13280 1:0 27471
25480 13279 1:0 27471
25488 13276 1:0 27475
25508 13278 1:0 27541
25509 13270 1:0 27475
25509 13427 1:0 27692
25510 13417 1:0 27696
25518 11947 21:0 25564
25559 13426 1:0 27692
25561 13423 1:0 27752
25563 11952 0:0 25571
25568 11957 21:0 25603
25569 13429 1:0 27692
25571 13564 1:0 27917
25579 13425 1:0 27692
25601 11958 0:0 25603
25601 11956 0:0 25603
25602 11955 0:0 25603
25602 11954 0:0 25603
25602 11959 0:0 25603
25604 13428 1:0 27692
25604 13424 1:0 27761
25604 13574 1:0 27913
25611 24215 1:0 27829
25612 24184 1:0 27913
25612 13563 1:0 27917
25621 13573 1:0 27913
25621 13575 1:0 27913
25621 13576 1:0 27913
25621 13571 1:0 27913
25627 298 1:0 28140
25627 13572 1:0 27983
25631 13722 1:0 28140
25647 13721 1:0 28140
25660 13718 1:0 28140
25701 13723 1:0 28140
25709 13720 1:0 28140
25714 13813 1:0 28237
25729 13719 1:0 28140
25730 14393 1:0 28236
25730 13812 1:0 28264
25730 13716 1:0 28193
25792 12103 21:0 25824
25822 12102 0:0 25824
25822 12105 0:0 25824
25823 12106 0:0 25824
25823 12101 0:0 25824
25823 12104 0:0 25824
25993 12246 21:0 26017
26023 12252 21:0 26045
26044 12250 0:0 26045
26044 12249 0:0 26045
26044 12248 0:0 26045
26044 12247 0:0 26045
26044 12251 0:0 26045
26044 12253 0:0 26045
26181 12388 21:0 26227
26227 12394 0:0 26235
26241 12400 21:0 26266
26264 12399 0:0 26266
26264 12398 0:0 26266
26264 12395 0:0 26266
26264 12396 0:0 26266
26264 12397 0:0 26266
26402 12535 21:0 26448
26465 12546 21:0 26487
26486 12547 0:0 26487
26486 12545 0:0 26487
26486 12542 0:0 26487
26486 12543 0:0 26487
26486 12544 0:0 26487
26666 12689 21:0 26708
26706 12693 0:0 26708
26707 12694 0:0 26708
26707 12688 0:0 26708
26707 12682 0:0 26708
26707 12691 0:0 26708
26707 12690 0:0 26708
26707 12692 0:0 26708
26877 12834 21:0 26901
26904 12841 21:0 26929
26927 12840 0:0 26929
26927 12837 0:0 26929
26927 12836 0:0 26929
26927 12838 0:0 26929
26927 12839 0:0 26929
26927 12835 0:0 26929
27108 12983 21:0 27150
27148 12987 0:0 27150
27149 12975 0:0 27150
27149 12986 0:0 27150
27149 12981 0:0 27150
27149 12988 0:0 27150
27149 12976 0:0 27150
27149 12985 0:0 27150
27149 12984 0:0 27150
27149 12982 0:0 27150
27289 13122 0:0 27315
27316 13129 21:0 27341
27341 13128 0:0 27349
27349 13134 21:0 27371
27369 13135 0:0 27371
27370 13130 0:0 27371
27370 13133 0:0 27371
27370 13132 0:0 27371
27370 13131 0:0 27371
27507 13270 0:0 27532
27537 13276 0:0 27547
27547 13278 21:0 27592
27590 13277 0:0 27592
27590 13279 0:0 27592
27590 13281 0:0 27592
27591 13280 0:0 27592
27591 13282 0:0 27592
27752 13417 0:0 27765
27758 13423 0:0 27768
27771 13424 21:0 27813
27811 13428 0:0 27813
27811 13426 0:0 27813
27812 13425 0:0 27813
27812 13429 0:0 27813
27812 13427 0:0 27813
27949 13564 0:0 27974
27952 13563 0:0 27978
27989 13572 21:0 28034
28032 13573 0:0 28034
28032 13571 0:0 28034
28032 13575 0:0 28034
28033 13574 0:0 28034
28033 13576 0:0 28034
28203 13716 21:0 28227
