150 15199 0:0 152
150 15197 0:0 152
151 15194 0:0 152
151 15188 0:0 152
151 15193 0:0 152
151 15187 0:0 152
151 15200 0:0 152
151 15198 0:0 152
151 15196 0:0 152
206 15394 21:0 214
213 15396 0:0 214
213 15395 21:0 269
268 15397 0:0 280
282 15427 21:0 290
289 15429 0:0 290
289 15428 21:0 345
344 15430 0:0 356
358 15460 21:0 366
365 15462 0:0 366
365 15461 21:0 421
420 15463 0:0 432
434 15493 21:0 442
441 15494 0:0 442
441 15495 21:0 497
496 15496 0:0 508
510 15526 21:0 518
517 15527 0:0 518
517 15528 21:0 573
572 15529 0:0 584
586 15559 21:0 594
593 15560 0:0 594
593 15561 21:0 649
648 15562 0:0 660
662 15592 21:0 670
669 15593 0:0 670
669 15594 21:0 725
724 15595 0:0 736
738 15625 21:0 746
745 15627 0:0 746
745 15626 21:0 801
800 15628 0:0 812
814 15658 21:0 822
821 15660 0:0 822
821 15659 21:0 877
876 15661 0:0 888
890 15691 21:0 898
897 15693 0:0 898
897 15692 21:0 953
952 15694 0:0 964
966 15724 21:0 974
973 15726 0:0 974
973 15725 21:0 1029
1028 15727 0:0 1040
1042 15757 21:0 1050
1049 15759 0:0 1050
1049 15758 21:0 1105
1104 15760 0:0 1116
1118 15790 21:0 1126
1125 15791 0:0 1126
1125 15792 21:0 1181
1180 15793 0:0 1192
1194 15823 21:0 1202
1201 15825 0:0 1202
1201 15824 21:0 1257
1256 15826 0:0 1268
1270 15856 21:0 1278
1277 15857 0:0 1278
1277 15858 21:0 1333
1332 15859 0:0 1344
1346 15889 21:0 1354
1353 15891 0:0 1354
1353 15890 21:0 1409
1408 15892 0:0 1420
1422 15922 21:0 1430
1429 15924 0:0 1430
1429 15923 21:0 1485
1484 15925 0:0 1496
1498 15955 21:0 1506
1505 15957 0:0 1506
1505 15956 0:0 1506
1518 15967 21:0 1529
1529 15968 21:0 1562
1561 15972 0:0 1562
1561 15975 0:0 1562
1561 15974 0:0 1562
1564 15961 21:0 1573
1571 15958 0:0 1573
1571 15976 0:0 1573
1572 15987 21:0 1573
1574 15958 1:0 2879
1575 15989 21:0 1583
1582 15988 0:0 1583
1582 15990 0:0 1583
1582 15991 21:0 1638
1595 15981 0:0 1597
1596 16000 0:0 1597
1631 16001 0:0 1633
1637 16005 0:0 1638
1637 16008 0:0 1638
1637 16007 0:0 1638
1637 15992 0:0 1649
1640 15994 21:0 1649
1647 16009 0:0 1649
1648 16020 21:0 1649
1651 16022 21:0 1659
1658 16023 0:0 1659
1658 16021 0:0 1659
1658 16024 21:0 1714
1671 16014 0:0 1673
1672 16033 0:0 1673
1707 16034 0:0 1709
1713 16038 0:0 1714
1713 16041 0:0 1714
1713 16040 0:0 1714
1713 16025 0:0 1725
1716 16027 21:0 1725
1723 16042 0:0 1725
1724 16053 21:0 1725
1727 16055 21:0 1735
1734 16054 0:0 1735
1734 16057 0:0 1735
1734 16056 21:0 1790
1747 16047 0:0 1749
1748 16066 0:0 1749
1783 16067 0:0 1785
1789 16071 0:0 1790
1789 16074 0:0 1790
1789 16073 0:0 1790
1789 16058 0:0 1801
1792 16060 21:0 1801
1799 16075 0:0 1801
1800 16086 21:0 1801
1803 16088 21:0 1811
1810 16087 0:0 1811
1810 16089 0:0 1811
1810 16090 21:0 1866
1823 16080 0:0 1825
1824 16099 0:0 1825
1859 16100 0:0 1861
1865 16106 0:0 1866
1865 16104 0:0 1866
1865 16107 0:0 1866
1865 16091 0:0 1877
1868 16093 21:0 1877
1875 16108 0:0 1877
1876 16119 21:0 1877
1879 16121 21:0 1887
1886 16120 0:0 1887
1886 16123 0:0 1887
1886 16122 21:0 1942
1899 16113 0:0 1901
1900 16132 0:0 1901
1935 16133 0:0 1937
1941 16139 0:0 1942
1941 16137 0:0 1942
1941 16140 0:0 1942
1941 16124 0:0 1953
1944 16126 21:0 1953
1951 16141 0:0 1953
1952 16152 21:0 1953
1955 16154 21:0 1963
1962 16155 0:0 1963
1962 16153 0:0 1963
1962 16156 21:0 2018
1975 16146 0:0 1977
1976 16165 0:0 1977
2011 16166 0:0 2013
2017 16173 0:0 2018
2017 16170 0:0 2018
2017 16172 0:0 2018
2017 16157 0:0 2029
2020 16159 21:0 2029
2027 16174 0:0 2029
2028 16185 21:0 2029
2031 16187 21:0 2039
2038 16188 0:0 2039
2038 16186 0:0 2039
2038 16189 21:0 2094
2051 16179 0:0 2053
2052 16198 0:0 2053
2087 16199 0:0 2089
2093 16203 0:0 2094
2093 16206 0:0 2094
2093 16205 0:0 2094
2093 16190 0:0 2105
2102 16218 21:0 2105
2103 16207 0:0 2105
2104 16192 21:0 2105
2107 16220 21:0 2115
2114 16222 0:0 2115
2114 16219 0:0 2115
2114 16221 21:0 2170
2127 16212 0:0 2129
2128 16231 0:0 2129
2169 16239 0:0 2170
2169 16238 0:0 2170
2169 16232 0:0 2170
2169 16236 0:0 2170
2169 16223 0:0 2181
2178 16251 21:0 2181
2179 16240 0:0 2181
2180 16225 21:0 2181
2183 16253 21:0 2191
2190 16252 0:0 2191
2190 16254 0:0 2191
2190 16255 21:0 2246
2203 16245 0:0 2205
2204 16264 0:0 2205
2239 16265 0:0 2241
2245 16271 0:0 2246
2245 16269 0:0 2246
2245 16272 0:0 2246
2245 16256 0:0 2257
2248 16258 21:0 2257
2255 16273 0:0 2257
2256 16284 21:0 2257
2259 16286 21:0 2267
2266 16285 0:0 2267
2266 16287 0:0 2267
2266 16288 21:0 2322
2279 16278 0:0 2281
2280 16297 0:0 2281
2315 16298 0:0 2317
2321 16304 0:0 2322
2321 16305 0:0 2322
2321 16302 0:0 2322
2321 16289 0:0 2333
2324 16291 21:0 2333
2331 16306 0:0 2333
2332 16317 21:0 2333
2335 16319 21:0 2343
2342 16321 0:0 2343
2342 16318 0:0 2343
2342 16320 21:0 2398
2355 16311 0:0 2357
2356 16330 0:0 2357
2391 16331 0:0 2393
2397 16335 0:0 2398
2397 16337 0:0 2398
2397 16338 0:0 2398
2397 16322 0:0 2409
2398 16339 21:0 2409
2408 16324 21:0 2409
2408 16350 21:0 2409
2411 16352 21:0 2419
2418 16353 0:0 2419
2418 16351 0:0 2419
2418 16354 21:0 2474
2431 16344 0:0 2433
2432 16363 0:0 2433
2467 16364 0:0 2469
2473 16370 0:0 2474
2473 16368 0:0 2474
2473 16371 0:0 2474
2473 16355 0:0 2485
2476 16357 21:0 2485
2483 16372 0:0 2485
2484 16383 21:0 2485
2487 16385 21:0 2495
2494 16384 0:0 2495
2494 16386 0:0 2495
2494 16387 21:0 2550
2507 16377 0:0 2509
2508 16396 0:0 2509
2543 16397 0:0 2545
2549 16403 0:0 2550
2549 16401 0:0 2550
2549 16404 0:0 2550
2549 16388 0:0 2561
2552 16390 21:0 2561
2559 16405 0:0 2561
2560 16416 21:0 2561
2563 16418 21:0 2571
2570 16419 0:0 2571
2570 16417 0:0 2571
2570 16420 21:0 2626
2583 16410 0:0 2585
2584 16429 0:0 2585
2619 16430 0:0 2621
2625 16437 0:0 2626
2625 16436 0:0 2626
2625 16421 0:0 2637
2625 16434 21:0 2637
2636 16438 0:0 2637
2636 16449 21:0 2637
2639 16451 21:0 2647
2646 16450 0:0 2647
2646 16453 0:0 2647
2646 16452 21:0 2702
2660 16462 0:0 2661
2695 16463 0:0 2697
2701 16469 0:0 2702
2701 16467 21:0 2713
2701 16454 0:0 2713
2712 16482 21:0 2713
2712 16471 0:0 2713
2715 16484 21:0 2723
2722 16486 0:0 2723
2722 16483 0:0 2723
2722 16485 21:0 2778
2735 16476 0:0 2737
2736 16495 0:0 2737
2777 16503 0:0 2778
2777 16496 0:0 2778
2777 16500 0:0 2778
2777 16487 0:0 2789
2777 16502 21:0 2789
2788 16515 21:0 2789
2788 16504 0:0 2789
2791 16517 21:0 2799
2798 16519 0:0 2799
2798 16518 21:0 2854
2812 16528 0:0 2813
2853 16529 0:0 2854
2853 16520 0:0 2865
2867 16550 21:0 2875
2874 16552 21:0 2881
2876 15957 1:0 2886
2879 15956 1:0 2885
2880 16551 21:0 2884
2883 16553 21:0 2894
2888 15955 1:0 2895
2889 15925 1:0 3001
2895 15923 1:0 3007
2897 15924 1:0 3008
2897 15922 1:0 3017
2903 15892 1:0 3123
2914 340 21:0 2928
3010 15890 1:0 3129
3011 15891 1:0 3130
3011 15889 1:0 3139
3019 15859 1:0 3245
3025 15858 1:0 3252
3043 15857 1:0 3251
3132 15856 1:0 3261
3133 15826 1:0 3367
3141 15824 1:0 3373
3141 15825 1:0 3374
3147 15823 1:0 3383
3254 15793 1:0 3489
3255 15791 1:0 3495
3255 15792 1:0 3496
3263 15790 1:0 3505
3263 15760 1:0 3611
3273 15758 1:0 3617
3376 15759 1:0 3618
3377 15757 1:0 3627
3377 15727 1:0 3733
3385 15725 1:0 3739
3391 15726 1:0 3740
3409 15724 1:0 3749
3498 15694 1:0 3855
3499 15692 1:0 3861
3507 15693 1:0 3862
3507 15691 1:0 3871
3513 15661 1:0 3977
3620 15659 1:0 3983
3621 15660 1:0 3984
3621 15658 1:0 3993
3629 15628 1:0 4099
3635 15626 1:0 4105
3653 15627 1:0 4106
3742 15625 1:0 4115
3743 15595 1:0 4221
3751 15593 1:0 4227
3751 15594 1:0 4228
3757 15592 1:0 4237
3864 15562 1:0 4343
3865 15560 1:0 4349
3865 15561 1:0 4350
3873 15559 1:0 4359
3873 15529 1:0 4465
3883 15528 1:0 4472
3986 15527 1:0 4471
3987 15526 1:0 4481
3995 15496 1:0 4587
3995 15495 1:0 4594
4001 15494 1:0 4593
4020 15493 1:0 4603
4108 15463 1:0 4709
4109 15461 1:0 4715
4117 15462 1:0 4716
4117 15460 1:0 4725
4123 15430 1:0 4831
4230 15428 1:0 4837
4231 15429 1:0 4838
4231 15427 1:0 4847
4239 15397 1:0 4953
4245 15395 1:0 4959
4263 15396 1:0 4960
4264 341 1:0 6443
4352 15394 1:0 4969
4353 16553 1:0 6418
4361 16551 1:0 6445
4361 16552 1:0 6453
4367 16550 1:0 6463
4371 16529 1:0 6528
4385 16528 1:0 6555
4474 16520 1:0 6576
5084 17589 21:0 5095
5095 17590 21:0 5128
5127 17594 0:0 5128
5127 17596 0:0 5128
5127 17597 0:0 5128
5130 17583 21:0 5139
5137 17598 0:0 5139
5138 17609 21:0 5139
5141 17611 21:0 5149
5148 17613 0:0 5149
5148 17610 0:0 5149
5148 17612 21:0 5204
5161 17603 0:0 5163
5162 17622 0:0 5163
5197 17623 0:0 5199
5203 17627 0:0 5204
5203 17630 0:0 5204
5203 17629 0:0 5204
5203 17614 0:0 5215
5206 17616 21:0 5215
5213 17631 0:0 5215
5214 17642 21:0 5215
5217 17644 21:0 5225
5224 17646 0:0 5225
5224 17643 0:0 5225
5224 17645 21:0 5280
5237 17636 0:0 5239
5238 17655 0:0 5239
5273 17656 0:0 5275
5279 17663 0:0 5280
5279 17660 0:0 5280
5279 17662 0:0 5280
5279 17647 0:0 5291
5282 17649 21:0 5291
5289 17664 0:0 5291
5290 17675 21:0 5291
5293 17677 21:0 5301
5300 17679 0:0 5301
5300 17676 0:0 5301
5300 17678 21:0 5356
5313 17669 0:0 5315
5314 17688 0:0 5315
5349 17689 0:0 5351
5355 17693 0:0 5356
5355 17696 0:0 5356
5355 17695 0:0 5356
5355 17680 0:0 5367
5358 17682 21:0 5367
5365 17697 0:0 5367
5366 17708 21:0 5367
5369 17710 21:0 5377
5376 17709 0:0 5377
5376 17712 0:0 5377
5376 17711 21:0 5432
5389 17702 0:0 5391
5390 17721 0:0 5391
5425 17722 0:0 5427
5431 17728 0:0 5432
5431 17729 0:0 5432
5431 17726 0:0 5432
5431 17713 0:0 5443
5434 17715 21:0 5443
5441 17730 0:0 5443
5442 17741 21:0 5443
5445 17743 21:0 5453
5452 17745 0:0 5453
5452 17742 0:0 5453
5452 17744 21:0 5503
5465 17735 0:0 5467
5466 17754 0:0 5467
5501 17755 0:0 5503
5503 17762 0:0 5508
5503 17761 0:0 5508
5503 17759 0:0 5508
5503 17746 0:0 5519
5510 17748 21:0 5519
5517 17763 0:0 5519
5518 17774 21:0 5519
5521 17776 21:0 5529
5528 17777 0:0 5529
5528 17775 0:0 5529
5528 17778 21:0 5579
5541 17768 0:0 5543
5542 17787 0:0 5543
5577 17788 0:0 5579
5579 17792 0:0 5584
5579 17795 0:0 5584
5579 17794 0:0 5584
5579 17779 0:0 5595
5586 17781 21:0 5595
5593 17796 0:0 5595
5594 17807 21:0 5595
5597 17809 21:0 5605
5604 17808 0:0 5605
5604 17811 0:0 5605
5604 17810 21:0 5660
5617 17801 0:0 5619
5618 17820 0:0 5619
5659 17812 0:0 5671
5660 17829 21:0 5671
5670 17840 21:0 5671
5673 17842 21:0 5681
5680 17843 0:0 5681
5680 17844 21:0 5736
5693 17834 0:0 5695
5729 17854 0:0 5731
5735 17861 0:0 5736
5735 17858 0:0 5736
5735 17860 21:0 5747
5735 17845 0:0 5747
5746 17862 0:0 5747
5746 17873 21:0 5747
5749 17875 21:0 5757
5756 17877 0:0 5757
5756 17874 0:0 5757
5756 17876 21:0 5812
5769 17867 0:0 5771
5811 17878 0:0 5823
5825 17908 21:0 5833
5832 17909 0:0 5833
5832 17910 21:0 5888
5887 17911 0:0 5899
5901 17941 21:0 5909
5908 17942 0:0 5909
5908 17943 21:0 5959
5959 17944 0:0 5975
5977 17974 21:0 5985
5984 17975 0:0 5985
5984 17976 21:0 6040
6039 17977 0:0 6051
6053 18007 21:0 6061
6060 18009 0:0 6061
6060 18008 21:0 6116
6115 18010 0:0 6127
6129 18040 21:0 6137
6136 18041 0:0 6137
6136 18042 21:0 6192
6191 18043 0:0 6203
6205 18073 21:0 6213
6212 18074 0:0 6213
6212 18075 21:0 6268
6267 18076 0:0 6279
6281 18106 21:0 6289
6288 18107 0:0 6289
6288 18108 21:0 6344
6343 18109 0:0 6355
6357 18139 21:0 6365
6364 18140 0:0 6365
6364 18141 21:0 6420
6419 18142 0:0 6431
6433 18172 21:0 6441
6440 18174 21:0 6447
6442 16518 1:0 6583
6446 18173 21:0 6450
6448 16519 1:0 6584
6449 18175 21:0 6461
6455 16517 1:0 6594
6456 16515 1:0 6604
6456 16504 1:0 6624
6456 16503 1:0 6633
6456 16500 1:0 6633
6456 16502 1:0 6633
6456 16496 1:0 6659
6462 16487 1:0 6707
6465 16495 1:0 6686
6465 16485 1:0 6714
6465 16483 1:0 6718
6471 16486 1:0 6715
6484 341 21:0 6498
6492 16484 1:0 6725
6499 16476 1:0 6740
6504 16482 1:0 6735
6586 16471 1:0 6755
6586 16469 1:0 6764
6586 16467 1:0 6764
6586 16463 1:0 6790
6587 16462 1:0 6817
6587 16454 1:0 6838
6587 16450 1:0 6849
6596 16452 1:0 6845
6596 16453 1:0 6846
6604 16451 1:0 6856
6607 16449 1:0 6866
6622 16438 1:0 6886
6623 16434 1:0 6895
6635 16436 1:0 6895
6717 16437 1:0 6895
6717 16430 1:0 6921
6717 16429 1:0 6948
6717 16417 1:0 6980
6718 16421 1:0 6969
6718 16416 1:0 6997
6727 16419 1:0 6976
6727 16420 1:0 6977
6733 16418 1:0 6987
6735 16410 1:0 7002
6738 16405 1:0 7017
6753 16404 1:0 7026
6754 16397 1:0 7052
6766 16403 1:0 7026
6848 16401 1:0 7026
6848 16396 1:0 7079
6848 16390 1:0 7084
6848 16384 1:0 7111
6849 16388 1:0 7100
6849 16377 1:0 7133
6858 16386 1:0 7107
6858 16387 1:0 7108
6864 16385 1:0 7118
6866 16383 1:0 7128
6869 16372 1:0 7148
6884 16364 1:0 7183
6885 16371 1:0 7157
6897 16370 1:0 7157
6979 16368 1:0 7157
6979 16363 1:0 7210
6979 16357 1:0 7215
6979 16351 1:0 7242
6980 16355 1:0 7231
6980 16344 1:0 7264
6989 16353 1:0 7238
6989 16354 1:0 7239
6995 16352 1:0 7249
6997 16350 1:0 7259
7000 16339 1:0 7279
7015 16335 1:0 7288
7016 16331 1:0 7314
7028 16337 1:0 7288
7110 16338 1:0 7288
7110 16330 1:0 7341
7110 16324 1:0 7346
7110 16318 1:0 7373
7111 16322 1:0 7362
7111 16306 1:0 7410
7120 16320 1:0 7369
7120 16321 1:0 7370
7126 16319 1:0 7380
7128 16311 1:0 7395
7131 16317 1:0 7390
7146 16298 1:0 7445
7147 16304 1:0 7419
7159 16305 1:0 7419
7241 16302 1:0 7419
7241 16297 1:0 7472
7241 16291 1:0 7477
7241 16285 1:0 7504
7242 16289 1:0 7493
7242 16273 1:0 7541
7251 16287 1:0 7500
7251 16288 1:0 7501
7257 16286 1:0 7511
7259 16284 1:0 7521
7262 16278 1:0 7526
7277 16271 1:0 7550
7278 16265 1:0 7576
7290 16269 1:0 7550
7372 16272 1:0 7550
7372 16264 1:0 7603
7372 16258 1:0 7608
7372 16252 1:0 7635
7373 16256 1:0 7624
7373 16240 1:0 7672
7382 16254 1:0 7631
7382 16255 1:0 7632
7388 16253 1:0 7642
7390 16245 1:0 7657
7393 16251 1:0 7652
7408 16236 1:0 7681
7409 16232 1:0 7707
7421 16238 1:0 7681
7503 16239 1:0 7681
7503 16231 1:0 7734
7503 16225 1:0 7739
7503 16219 1:0 7766
7504 16223 1:0 7755
7504 16207 1:0 7803
7513 16221 1:0 7762
7513 16222 1:0 7763
7519 16220 1:0 7773
7521 16212 1:0 7788
7524 16218 1:0 7783
7539 16203 1:0 7812
7540 16199 1:0 7838
7552 16206 1:0 7812
7634 16205 1:0 7812
7634 16198 1:0 7865
7634 16192 1:0 7870
7634 16186 1:0 7897
7635 16190 1:0 7886
7635 16179 1:0 7919
7644 16188 1:0 7893
7644 16189 1:0 7894
7650 16187 1:0 7904
7652 16185 1:0 7914
7655 16174 1:0 7934
7670 16166 1:0 7969
7671 16170 1:0 7943
7683 16173 1:0 7943
7765 16172 1:0 7943
7765 16165 1:0 7996
7765 16159 1:0 8001
7765 16153 1:0 8028
7766 16157 1:0 8017
7766 16152 1:0 8045
7775 16155 1:0 8024
7775 16156 1:0 8025
7781 16154 1:0 8035
7783 16141 1:0 8065
7786 16146 1:0 8050
7801 16139 1:0 8074
7802 16140 1:0 8074
7814 16137 1:0 8074
7896 16133 1:0 8100
7896 16132 1:0 8127
7896 16126 1:0 8132
7896 16120 1:0 8159
7897 16124 1:0 8148
7897 16113 1:0 8181
7906 16122 1:0 8155
7906 16123 1:0 8156
7912 16121 1:0 8166
7914 16108 1:0 8196
7917 16119 1:0 8176
7932 16107 1:0 8205
7933 16100 1:0 8231
7945 16104 1:0 8205
8027 16106 1:0 8205
8027 16099 1:0 8258
8027 16093 1:0 8263
8027 16087 1:0 8290
8028 16091 1:0 8279
8028 16080 1:0 8312
8037 16089 1:0 8286
8037 16090 1:0 8287
8043 16088 1:0 8297
8045 16086 1:0 8307
8048 16075 1:0 8327
8063 16067 1:0 8362
8064 16071 1:0 8336
8076 16073 1:0 8336
8158 16074 1:0 8336
8158 16066 1:0 8389
8158 16060 1:0 8394
8158 16054 1:0 8421
8159 16058 1:0 8410
8159 16047 1:0 8443
8168 16056 1:0 8417
8168 16057 1:0 8418
8174 16055 1:0 8428
8176 16042 1:0 8458
8179 16053 1:0 8438
8194 16040 1:0 8467
8195 16041 1:0 8467
8207 16038 1:0 8467
8289 16034 1:0 8493
8289 16033 1:0 8520
8289 16027 1:0 8525
8289 16021 1:0 8552
8290 16025 1:0 8541
8290 16020 1:0 8569
8299 16023 1:0 8548
8299 16024 1:0 8549
8305 16022 1:0 8559
8307 16014 1:0 8574
8310 16009 1:0 8589
8325 16005 1:0 8598
8326 16001 1:0 8624
8338 16008 1:0 8598
8420 16007 1:0 8598
8420 16000 1:0 8651
8420 15994 1:0 8656
8420 15988 1:0 8683
8421 15992 1:0 8672
8421 15976 1:0 8720
8430 15990 1:0 8679
8430 15991 1:0 8680
8436 15989 1:0 8690
8438 15981 1:0 8705
8441 15987 1:0 8700
8456 15968 1:0 8755
8457 15972 1:0 8725
8469 15961 1:0 8774
8551 15974 1:0 8725
8551 15975 1:0 8725
8551 15967 1:0 8782
8551 342 1:0 10172
8552 18175 1:0 10147
8561 18173 1:0 10168
8813 19211 21:0 8824
8824 19212 21:0 8857
8856 19219 0:0 8857
8856 19216 0:0 8857
8856 19218 0:0 8857
8859 19205 21:0 8868
8866 19220 0:0 8868
8867 19231 21:0 8868
8870 19233 21:0 8878
8877 19232 0:0 8878
8877 19235 0:0 8878
8877 19234 21:0 8933
8890 19225 0:0 8892
8891 19244 0:0 8892
8932 19251 0:0 8933
8932 19249 0:0 8933
8932 19245 0:0 8933
8932 19252 0:0 8933
8932 19236 0:0 8944
8935 19238 21:0 8944
8942 19253 0:0 8944
8943 19264 21:0 8944
8946 19266 21:0 8954
8953 19265 0:0 8954
8953 19267 0:0 8954
8953 19268 21:0 9009
8966 19258 0:0 8968
8967 19277 0:0 8968
9002 19278 0:0 9004
9008 19282 0:0 9009
9008 19284 0:0 9009
9008 19285 0:0 9009
9008 19269 0:0 9020
9011 19271 21:0 9020
9018 19286 0:0 9020
9019 19297 21:0 9020
9022 19299 21:0 9030
9029 19298 0:0 9030
9029 19301 0:0 9030
9029 19300 21:0 9085
9042 19291 0:0 9044
9043 19310 0:0 9044
9078 19311 0:0 9080
9084 19318 0:0 9085
9084 19315 0:0 9085
9084 19317 0:0 9085
9084 19302 0:0 9096
9087 19304 21:0 9096
9094 19319 0:0 9096
9095 19330 21:0 9096
9098 19332 21:0 9106
9105 19331 0:0 9106
9105 19334 0:0 9106
9105 19333 21:0 9161
9118 19324 0:0 9120
9119 19343 0:0 9120
9160 19348 0:0 9161
9160 19351 0:0 9161
9160 19350 0:0 9161
9160 19344 0:0 9161
9160 19335 0:0 9172
9163 19337 21:0 9172
9170 19352 0:0 9172
9171 19363 21:0 9172
9174 19365 21:0 9182
9181 19366 0:0 9182
9181 19364 0:0 9182
9181 19367 21:0 9237
9194 19357 0:0 9196
9195 19376 0:0 9196
9236 19381 0:0 9237
9236 19383 0:0 9237
9236 19384 0:0 9237
9236 19377 0:0 9237
9236 19368 0:0 9248
9239 19370 21:0 9248
9246 19385 0:0 9248
9247 19396 21:0 9248
9250 19398 21:0 9258
9257 19399 0:0 9258
9257 19397 0:0 9258
9257 19400 21:0 9313
9270 19390 0:0 9272
9271 19409 0:0 9272
9312 19410 0:0 9313
9312 19417 0:0 9313
9312 19414 0:0 9313
9312 19416 0:0 9313
9312 19401 0:0 9324
9315 19403 21:0 9324
9322 19418 0:0 9324
9323 19429 21:0 9324
9326 19431 21:0 9334
9333 19430 0:0 9334
9333 19432 0:0 9334
9333 19433 21:0 9389
9346 19423 0:0 9348
9347 19442 0:0 9348
9388 19449 0:0 9389
9388 19447 0:0 9389
9388 19443 0:0 9389
9388 19450 0:0 9389
9388 19434 0:0 9400
9389 19451 21:0 9400
9399 19436 21:0 9400
9399 19462 21:0 9400
9402 19464 21:0 9410
9409 19465 0:0 9410
9409 19463 0:0 9410
9409 19466 21:0 9465
9422 19456 0:0 9424
9423 19475 0:0 9424
9464 19476 0:0 9465
9464 19482 0:0 9465
9464 19483 0:0 9465
9464 19480 21:0 9476
9464 19467 0:0 9476
9475 19495 21:0 9476
9475 19484 0:0 9476
9475 19469 21:0 9476
9478 19497 21:0 9486
9485 19499 0:0 9486
9485 19496 0:0 9486
9485 19498 21:0 9541
9498 19489 0:0 9500
9499 19508 0:0 9500
9540 19516 0:0 9541
9540 19515 0:0 9541
9540 19509 0:0 9541
9540 19513 0:0 9541
9540 19500 0:0 9552
9543 19502 21:0 9552
9551 19528 21:0 9552
9554 19530 21:0 9562
9561 19531 0:0 9562
9561 19529 0:0 9562
9561 19532 21:0 9617
9574 19522 0:0 9576
9575 19541 0:0 9576
9616 19542 0:0 9617
9616 19546 0:0 9617
9616 19549 0:0 9617
9616 19548 21:0 9628
9616 19533 0:0 9628
9627 19561 21:0 9628
9627 19550 0:0 9628
9627 19535 21:0 9628
9630 19563 21:0 9638
9637 19565 0:0 9638
9637 19562 0:0 9638
9637 19564 21:0 9693
9650 19555 0:0 9652
9651 19574 0:0 9652
9692 19582 0:0 9693
9692 19575 0:0 9693
9692 19579 0:0 9693
9692 19581 0:0 9693
9692 19566 0:0 9704
9701 19594 21:0 9704
9702 19583 0:0 9704
9703 19568 21:0 9704
9706 19596 21:0 9714
9713 19597 0:0 9714
9713 19595 0:0 9714
9713 19598 21:0 9769
9726 19588 0:0 9728
9727 19607 0:0 9728
9768 19608 0:0 9769
9768 19614 0:0 9769
9768 19612 0:0 9769
9768 19615 0:0 9769
9768 19599 0:0 9780
9769 19616 21:0 9780
9779 19601 21:0 9780
9779 19627 21:0 9780
9782 19629 21:0 9790
9789 19631 0:0 9790
9789 19628 0:0 9790
9789 19630 21:0 9845
9802 19621 0:0 9804
9844 19647 21:0 9856
9844 19632 0:0 9856
9855 19634 21:0 9856
9858 19662 21:0 9866
9865 19663 0:0 9866
9865 19664 21:0 9921
9920 19681 0:0 9921
9920 19680 0:0 9921
9920 19665 0:0 9932
9929 19693 21:0 9932
9930 19682 0:0 9932
9934 19695 21:0 9942
9941 19697 0:0 9942
9941 19696 21:0 9997
9955 19706 0:0 9956
9996 19707 0:0 9997
9996 19714 0:0 9997
9996 19711 0:0 9997
9996 19713 0:0 9997
9996 19698 0:0 10008
10005 19726 21:0 10008
10006 19715 0:0 10008
10007 19700 21:0 10008
10010 19728 21:0 10018
10017 19730 0:0 10018
10017 19729 21:0 10073
10030 19720 0:0 10032
10072 19740 0:0 10073
10072 19747 0:0 10073
10072 19731 0:0 10084
10075 19733 21:0 10084
10082 19748 0:0 10084
10086 19761 21:0 10094
10093 19763 0:0 10094
10093 19762 21:0 10149
10148 19764 0:0 10160
10162 19794 21:0 10170
10169 19795 21:0 10176
10173 18174 1:0 10182
10175 19796 21:0 10179
10178 19797 21:0 10190
10184 18172 1:0 10192
10185 18142 1:0 10305
10191 18141 1:0 10313
10194 18140 1:0 10312
10194 18139 1:0 10323
10200 18109 1:0 10436
10213 342 21:0 10227
10220 18108 1:0 10444
10315 18107 1:0 10443
10316 18106 1:0 10454
10316 18076 1:0 10567
10325 18074 1:0 10574
10325 18075 1:0 10575
10331 18073 1:0 10585
10352 18043 1:0 10698
10446 18042 1:0 10706
10447 18041 1:0 10705
10456 18040 1:0 10716
10456 18010 1:0 10829
10462 18008 1:0 10836
10467 18009 1:0 10837
10577 18007 1:0 10847
10578 17977 1:0 10960
10578 17976 1:0 10968
10587 17975 1:0 10967
10587 17974 1:0 10978
10593 17944 1:0 11091
10614 17943 1:0 11099
10708 17942 1:0 11098
10709 17941 1:0 11109
10718 17911 1:0 11222
10718 17910 1:0 11230
10724 17909 1:0 11229
10729 17908 1:0 11240
10744 17874 1:0 11364
10839 17878 1:0 11353
10840 17876 1:0 11360
10840 17877 1:0 11361
10849 17875 1:0 11371
10849 17873 1:0 11381
10849 17867 1:0 11386
10849 17862 1:0 11401
10849 17860 1:0 11410
10855 17861 1:0 11410
10855 17858 1:0 11410
10855 17854 1:0 11436
10876 17845 1:0 11484
10888 17840 1:0 11512
10970 17844 1:0 11492
10971 17843 1:0 11491
10971 17834 1:0 11517
10971 17829 1:0 11532
10980 17842 1:0 11502
10980 17812 1:0 11615
10986 17820 1:0 11594
10991 17810 1:0 11622
11006 17808 1:0 11626
11007 17796 1:0 11663
11019 17807 1:0 11643
11101 17811 1:0 11623
11102 17809 1:0 11633
11102 17801 1:0 11648
11102 17792 1:0 11672
11111 17795 1:0 11672
11111 17794 1:0 11672
11111 17788 1:0 11698
11111 17781 1:0 11730
11111 17779 1:0 11746
11117 17787 1:0 11725
11122 17778 1:0 11754
11137 17775 1:0 11757
11138 17763 1:0 11794
11150 17774 1:0 11774
11232 17777 1:0 11753
11233 17776 1:0 11764
11233 17768 1:0 11779
11233 17759 1:0 11803
11242 17761 1:0 11803
11242 17762 1:0 11803
11242 17755 1:0 11829
11242 17748 1:0 11861
11242 17746 1:0 11877
11248 17754 1:0 11856
11253 17744 1:0 11884
11268 17742 1:0 11888
11269 17735 1:0 11910
11281 17730 1:0 11925
11363 17745 1:0 11885
11364 17743 1:0 11895
11364 17741 1:0 11905
11364 17722 1:0 11960
11373 17728 1:0 11934
11373 17729 1:0 11934
11373 17726 1:0 11934
11373 17715 1:0 11992
11373 17713 1:0 12008
11379 17721 1:0 11987
11384 17711 1:0 12015
11399 17709 1:0 12019
11400 17708 1:0 12036
11412 17697 1:0 12056
11494 17712 1:0 12016
11495 17710 1:0 12026
11495 17702 1:0 12041
11495 17689 1:0 12091
11504 17696 1:0 12065
11504 17695 1:0 12065
11504 17693 1:0 12065
11504 17682 1:0 12123
11504 17680 1:0 12139
11510 17688 1:0 12118
11515 17678 1:0 12146
11530 17676 1:0 12150
11531 17664 1:0 12187
11543 17675 1:0 12167
11625 17679 1:0 12147
11626 17677 1:0 12157
11626 17669 1:0 12172
11626 17662 1:0 12196
11635 17660 1:0 12196
11635 17663 1:0 12196
11635 17656 1:0 12222
11635 17649 1:0 12254
11635 17647 1:0 12270
11641 17655 1:0 12249
11646 17645 1:0 12277
11661 17643 1:0 12281
11662 17642 1:0 12298
11674 17631 1:0 12318
11756 17646 1:0 12278
11757 17644 1:0 12288
11757 17636 1:0 12303
11757 17627 1:0 12327
11766 17630 1:0 12327
11766 17629 1:0 12327
11766 17623 1:0 12353
11766 17616 1:0 12385
11766 17614 1:0 12401
11772 17622 1:0 12380
11777 17612 1:0 12408
11792 17610 1:0 12412
11793 17598 1:0 12449
11805 17609 1:0 12429
11887 17613 1:0 12409
11888 17611 1:0 12419
11888 17603 1:0 12434
11888 17590 1:0 12484
11897 17594 1:0 12454
11897 17596 1:0 12454
11897 17597 1:0 12454
11897 17583 1:0 12503
11897 17589 1:0 12511
11903 19797 1:0 13876
11908 19796 1:0 13903
11923 343 1:0 13901
12018 19795 1:0 13910
12542 20833 21:0 12553
12553 20834 21:0 12586
12585 20840 0:0 12586
12585 20838 0:0 12586
12585 20841 0:0 12586
12588 20827 21:0 12597
12595 20842 0:0 12597
12596 20853 21:0 12597
12599 20855 21:0 12607
12606 20854 0:0 12607
12606 20856 0:0 12607
12606 20857 21:0 12662
12619 20847 0:0 12621
12620 20866 0:0 12621
12661 20867 0:0 12662
12661 20874 0:0 12662
12661 20871 0:0 12662
12661 20873 0:0 12662
12661 20858 0:0 12673
12664 20860 21:0 12673
12671 20875 0:0 12673
12672 20886 21:0 12673
12675 20888 21:0 12683
12682 20887 0:0 12683
12682 20889 0:0 12683
12682 20890 21:0 12738
12695 20880 0:0 12697
12696 20899 0:0 12697
12737 20906 0:0 12738
12737 20907 0:0 12738
12737 20904 0:0 12738
12737 20900 0:0 12738
12737 20891 0:0 12749
12740 20893 21:0 12749
12747 20908 0:0 12749
12748 20919 21:0 12749
12751 20921 21:0 12759
12758 20920 0:0 12759
12758 20923 0:0 12759
12758 20922 21:0 12814
12771 20913 0:0 12773
12772 20932 0:0 12773
12813 20937 0:0 12814
12813 20933 0:0 12814
12813 20939 0:0 12814
12813 20940 0:0 12814
12813 20924 0:0 12825
12816 20926 21:0 12825
12823 20941 0:0 12825
12824 20952 21:0 12825
12827 20954 21:0 12835
12834 20956 0:0 12835
12834 20953 0:0 12835
12834 20955 21:0 12890
12847 20946 0:0 12849
12848 20965 0:0 12849
12889 20970 0:0 12890
12889 20972 0:0 12890
12889 20973 0:0 12890
12889 20966 0:0 12890
12889 20957 0:0 12901
12892 20959 21:0 12901
12899 20974 0:0 12901
12900 20985 21:0 12901
12903 20987 21:0 12911
12910 20988 0:0 12911
12910 20986 0:0 12911
12910 20989 21:0 12966
12923 20979 0:0 12925
12924 20998 0:0 12925
12965 20999 0:0 12966
12965 21005 0:0 12966
12965 21006 0:0 12966
12965 21003 0:0 12966
12965 20990 0:0 12977
12968 20992 21:0 12977
12975 21007 0:0 12977
12976 21018 21:0 12977
12979 21020 21:0 12987
12986 21021 0:0 12987
12986 21019 0:0 12987
12986 21022 21:0 13042
12999 21012 0:0 13001
13000 21031 0:0 13001
13041 21039 0:0 13042
13041 21036 0:0 13042
13041 21032 0:0 13042
13041 21038 0:0 13042
13041 21023 0:0 13053
13044 21025 21:0 13053
13051 21040 0:0 13053
13052 21051 21:0 13053
13055 21053 21:0 13063
13062 21055 0:0 13063
13062 21054 21:0 13118
13075 21045 0:0 13077
13076 21064 0:0 13077
13117 21065 0:0 13118
13117 21056 0:0 13129
13126 21084 21:0 13129
13127 21073 0:0 13129
13131 21086 21:0 13139
13138 21085 0:0 13139
13138 21088 0:0 13139
13138 21087 21:0 13194
13151 21078 0:0 13153
13152 21097 0:0 13153
13193 21102 0:0 13194
13193 21098 0:0 13194
13193 21089 0:0 13205
13202 21117 21:0 13205
13203 21106 0:0 13205
13207 21119 21:0 13215
13214 21120 0:0 13215
13214 21121 21:0 13270
13227 21111 0:0 13229
13228 21130 0:0 13229
13269 21135 0:0 13270
13269 21131 0:0 13270
13269 21137 0:0 13270
13269 21122 0:0 13281
13269 21138 21:0 13281
13283 21152 21:0 13291
13290 21154 0:0 13291
13290 21153 21:0 13346
13345 21164 0:0 13346
13345 21155 0:0 13357
13359 21185 21:0 13367
13366 21186 0:0 13367
13366 21187 21:0 13422
13421 21188 0:0 13433
13435 21218 21:0 13443
13442 21220 0:0 13443
13442 21219 21:0 13498
13497 21221 0:0 13509
13511 21251 21:0 13519
13518 21253 0:0 13519
13518 21252 21:0 13574
13573 21254 0:0 13585
13587 21284 21:0 13595
13594 21285 0:0 13595
13594 21286 21:0 13650
13649 21287 0:0 13661
13663 21317 21:0 13671
13670 21319 0:0 13671
13670 21318 21:0 13726
13725 21320 0:0 13737
13739 21350 21:0 13747
13746 21351 0:0 13747
13746 21352 21:0 13802
13801 21353 0:0 13813
13815 21383 21:0 13823
13822 21385 0:0 13823
13822 21384 21:0 13878
13877 21386 0:0 13889
13891 21416 21:0 13899
13898 21417 21:0 13905
13900 19794 1:0 13921
13904 21418 21:0 13908
13907 21419 21:0 13919
13913 19764 1:0 14034
13914 19762 1:0 14041
13914 19763 1:0 14042
13920 19761 1:0 14052
13923 19748 1:0 14082
13923 19747 1:0 14091
13923 19740 1:0 14117
13923 19733 1:0 14149
13923 19731 1:0 14165
13931 19729 1:0 14172
13942 343 21:0 13956
13962 19730 1:0 14173
14044 19728 1:0 14183
14045 19726 1:0 14193
14045 19720 1:0 14198
14045 19715 1:0 14213
14045 19713 1:0 14222
14045 19711 1:0 14222
14045 19707 1:0 14248
14054 19714 1:0 14222
14054 19706 1:0 14275
14054 19700 1:0 14280
14054 19698 1:0 14296
14060 19696 1:0 14303
14081 19697 1:0 14304
14093 19682 1:0 14344
14175 19695 1:0 14314
14176 19693 1:0 14324
14176 19680 1:0 14353
14176 19681 1:0 14353
14185 19665 1:0 14427
14185 19664 1:0 14435
14191 19663 1:0 14434
14196 19662 1:0 14445
14211 19647 1:0 14484
14212 19634 1:0 14542
14224 19628 1:0 14569
14304 16727 21:0 14309
14306 19632 1:0 14558
14307 19630 1:0 14565
14307 19627 1:0 14586
14307 19621 1:0 14591
14307 19616 1:0 14606
14315 16731 21:0 14318
14316 19631 1:0 14566
14316 19629 1:0 14576
14319 19614 1:0 14615
14322 19615 1:0 14615
14322 19612 1:0 14615
14322 19608 1:0 14641
14324 19601 1:0 14673
14355 19599 1:0 14689
14437 19607 1:0 14668
14437 19595 1:0 14700
14438 19597 1:0 14696
14438 19598 1:0 14697
14447 19596 1:0 14707
14447 19594 1:0 14717
14447 19588 1:0 14722
14447 19583 1:0 14737
14447 19575 1:0 14772
14453 19581 1:0 14746
14453 19579 1:0 14746
14453 19582 1:0 14746
14474 19566 1:0 14820
14486 19568 1:0 14804
14568 19574 1:0 14799
14568 19562 1:0 14831
14569 19564 1:0 14827
14569 19565 1:0 14828
14578 19563 1:0 14838
14578 19561 1:0 14848
14578 19555 1:0 14853
14578 19550 1:0 14868
14578 19548 1:0 14877
14584 19549 1:0 14877
14584 19546 1:0 14877
14584 19542 1:0 14903
14605 19533 1:0 14951
14617 19535 1:0 14935
14699 19541 1:0 14930
14699 19529 1:0 14962
14700 19531 1:0 14958
14700 19532 1:0 14959
14709 19530 1:0 14969
14709 19528 1:0 14979
14709 19522 1:0 14984
14709 19515 1:0 15008
14709 19513 1:0 15008
14715 19516 1:0 15008
14715 19509 1:0 15034
14735 19500 1:0 15082
14736 19502 1:0 15066
14748 19508 1:0 15061
14830 19498 1:0 15089
14831 19499 1:0 15090
14831 19496 1:0 15093
14831 19484 1:0 15130
14840 19497 1:0 15100
14840 19495 1:0 15110
14840 19489 1:0 15115
14840 19482 1:0 15139
14840 19480 1:0 15139
14846 19483 1:0 15139
14846 19476 1:0 15165
14846 19469 1:0 15197
14848 19475 1:0 15192
14849 16962 0:0 14870
14867 19467 1:0 15213
14879 19463 1:0 15224
14961 19466 1:0 15221
14962 19465 1:0 15220
14962 19456 1:0 15246
14962 19451 1:0 15261
14971 19464 1:0 15231
14971 19462 1:0 15241
14971 19447 1:0 15270
14971 19449 1:0 15270
14971 19443 1:0 15296
14977 19450 1:0 15270
14982 19434 1:0 15344
14997 19436 1:0 15328
14998 19442 1:0 15323
15010 19430 1:0 15355
15092 19433 1:0 15352
15093 19432 1:0 15351
15093 19429 1:0 15372
15093 19418 1:0 15392
15102 19431 1:0 15362
15102 19423 1:0 15377
15102 19417 1:0 15401
15102 19414 1:0 15401
15102 19416 1:0 15401
15108 19410 1:0 15427
15108 19403 1:0 15459
15128 19401 1:0 15475
15129 19409 1:0 15454
15141 19397 1:0 15486
15223 19400 1:0 15483
15224 19399 1:0 15482
15224 19390 1:0 15508
15224 19385 1:0 15523
15233 19398 1:0 15493
15233 19396 1:0 15503
15233 19384 1:0 15532
15233 19383 1:0 15532
15233 19377 1:0 15558
15239 19381 1:0 15532
15244 19368 1:0 15606
15259 19370 1:0 15590
15260 19376 1:0 15585
15272 19364 1:0 15617
15354 19367 1:0 15614
15355 19366 1:0 15613
15355 19363 1:0 15634
15355 19357 1:0 15639
15364 19365 1:0 15624
15364 19352 1:0 15654
15364 19348 1:0 15663
15364 19350 1:0 15663
15364 19344 1:0 15689
15370 19351 1:0 15663
15375 19335 1:0 15737
15390 19337 1:0 15721
15391 19343 1:0 15716
15403 19331 1:0 15748
15485 19333 1:0 15744
15486 19334 1:0 15745
15486 19330 1:0 15765
15486 19319 1:0 15785
15495 19332 1:0 15755
15495 19324 1:0 15770
15495 19317 1:0 15794
15495 19315 1:0 15794
15495 19311 1:0 15820
15501 19318 1:0 15794
15506 19302 1:0 15868
15521 19304 1:0 15852
15522 19310 1:0 15847
15534 19298 1:0 15879
15616 19300 1:0 15875
15617 19301 1:0 15876
15617 19297 1:0 15896
15617 19291 1:0 15901
15626 19299 1:0 15886
15626 19286 1:0 15916
15626 19285 1:0 15925
15626 19282 1:0 15925
15626 19284 1:0 15925
15632 19278 1:0 15951
15632 19271 1:0 15983
15652 19269 1:0 15999
15653 19277 1:0 15978
15665 19265 1:0 16010
15747 19268 1:0 16007
15748 19267 1:0 16006
15748 19264 1:0 16027
15748 19253 1:0 16047
15757 19266 1:0 16017
15757 19258 1:0 16032
15757 19252 1:0 16056
15757 19251 1:0 16056
15757 19245 1:0 16082
15763 19249 1:0 16056
15763 19238 1:0 16114
15783 19236 1:0 16130
15784 19244 1:0 16109
15796 19232 1:0 16141
15878 19234 1:0 16137
15879 19235 1:0 16138
15879 19225 1:0 16163
15879 19220 1:0 16178
15887 17415 21:0 15890
15888 19233 1:0 16148
15888 19231 1:0 16158
15888 19218 1:0 16183
15888 19219 1:0 16183
15888 19212 1:0 16213
15891 19216 1:0 16183
15894 19205 1:0 16232
15894 19211 1:0 16240
15897 17418 0:0 15918
15914 21419 1:0 17605
15915 344 1:0 17630
16009 21418 1:0 17632
16018 17472 21:0 16021
16271 22455 21:0 16282
16282 22456 21:0 16315
16314 22460 0:0 16315
16314 22463 0:0 16315
16314 22462 0:0 16315
16317 22449 21:0 16326
16324 22464 0:0 16326
16325 22475 21:0 16326
16328 22477 21:0 16336
16329 13 0:0 16331
16335 22479 0:0 16336
16335 22476 0:0 16336
16335 22478 21:0 16391
16348 15 0:0 16350
16348 22469 0:0 16350
16349 22488 0:0 16350
16390 22496 0:0 16391
16390 22495 0:0 16391
16390 22493 0:0 16391
16390 22489 0:0 16391
16390 22480 0:0 16402
16393 22482 21:0 16402
16400 22497 0:0 16402
16401 22508 21:0 16402
16404 22510 21:0 16412
16411 22509 0:0 16412
16411 22512 0:0 16412
16411 22511 21:0 16467
16424 22502 0:0 16426
16425 22521 0:0 16426
16466 22526 0:0 16467
16466 22529 0:0 16467
16466 22528 0:0 16467
16466 22522 0:0 16467
16466 22513 0:0 16478
16469 22515 21:0 16478
16476 22530 0:0 16478
16477 22541 21:0 16478
16480 22543 21:0 16488
16487 22542 0:0 16488
16487 22544 0:0 16488
16487 22545 21:0 16543
16500 22535 0:0 16502
16501 22554 0:0 16502
16542 22562 0:0 16543
16542 22561 0:0 16543
16542 22559 0:0 16543
16542 22555 0:0 16543
16542 22546 0:0 16554
16545 22548 21:0 16554
16552 22563 0:0 16554
16553 22574 21:0 16554
16556 22576 21:0 16564
16563 22577 0:0 16564
16563 22575 0:0 16564
16563 22578 21:0 16619
16576 22568 0:0 16578
16577 22587 0:0 16578
16618 22588 0:0 16619
16618 22592 0:0 16619
16618 22594 0:0 16619
16618 22595 0:0 16619
16618 22579 0:0 16630
16621 22581 21:0 16630
16628 22596 0:0 16630
16629 22607 21:0 16630
16632 22609 21:0 16640
16639 22611 0:0 16640
16639 22608 0:0 16640
16639 22610 21:0 16695
16652 22601 0:0 16654
16653 22620 0:0 16654
16688 22621 0:0 16690
16694 22627 0:0 16695
16694 22628 0:0 16695
16694 22625 0:0 16695
16694 22612 0:0 16706
16697 22614 21:0 16706
16704 22629 0:0 16706
16705 22640 21:0 16706
16708 22642 21:0 16716
16709 103 0:0 16711
16715 22641 0:0 16716
16715 22643 0:0 16716
16715 22644 21:0 16771
16728 22634 0:0 16730
16729 22653 0:0 16730
16770 22660 0:0 16771
16770 22658 0:0 16771
16770 22661 0:0 16771
16770 22654 0:0 16771
16770 22645 0:0 16782
16773 22647 21:0 16782
16780 22662 0:0 16782
16781 22673 21:0 16782
16784 22675 21:0 16792
16791 22677 0:0 16792
16791 22674 0:0 16792
16791 125 0:0 16792
16791 22676 21:0 16847
16804 22667 0:0 16806
16805 22686 0:0 16806
16846 22691 0:0 16847
16846 22694 0:0 16847
16846 22693 0:0 16847
16846 22687 0:0 16847
16846 22678 0:0 16858
16855 22706 21:0 16858
16856 22695 0:0 16858
16857 22680 21:0 16858
16860 22708 21:0 16868
16867 22707 0:0 16868
16867 22709 0:0 16868
16867 22710 21:0 16923
16880 22700 0:0 16882
16881 22719 0:0 16882
16922 22724 0:0 16923
16922 22720 0:0 16923
16922 22726 0:0 16923
16922 22711 0:0 16934
16923 22728 21:0 16934
16933 22739 21:0 16934
16933 22713 21:0 16934
16936 22741 21:0 16944
16943 22743 0:0 16944
16943 22740 0:0 16944
16943 22742 21:0 16999
16956 22733 0:0 16958
16957 22752 0:0 16958
16998 22759 0:0 16999
16998 22753 0:0 16999
16998 22744 0:0 17010
16998 22760 21:0 17010
17009 22772 21:0 17010
17012 22774 21:0 17020
17013 175 0:0 17015
17019 22776 0:0 17020
17019 22773 0:0 17020
17019 22775 21:0 17075
17032 22766 0:0 17034
17074 22786 0:0 17075
17074 22793 0:0 17075
17074 22790 0:0 17075
17074 22792 0:0 17075
17074 22777 0:0 17086
17077 22779 21:0 17086
17084 22794 0:0 17086
17088 22807 21:0 17096
17095 22806 0:0 17096
17095 22808 0:0 17096
17095 22809 21:0 17151
17108 22799 0:0 17110
17109 22818 0:0 17110
17150 22823 0:0 17151
17150 22819 0:0 17151
17150 22826 0:0 17151
17150 22810 0:0 17162
17150 22825 21:0 17162
17161 22827 0:0 17162
17161 22812 21:0 17162
17161 22838 21:0 17162
17164 22840 21:0 17172
17171 215 0:0 17172
17171 22839 0:0 17172
17171 22842 0:0 17172
17171 22841 21:0 17227
17184 22832 0:0 17186
17185 22851 0:0 17186
17226 22856 0:0 17227
17226 22858 0:0 17227
17226 22852 0:0 17227
17226 22859 0:0 17227
17226 22843 0:0 17238
17235 22871 21:0 17238
17237 22845 21:0 17238
17240 22873 21:0 17248
17247 22875 0:0 17248
17247 22872 0:0 17248
17247 22874 21:0 17303
17260 22865 0:0 17262
17302 22876 0:0 17314
17316 22906 21:0 17324
17317 247 0:0 17319
17323 22907 0:0 17324
17323 22908 21:0 17379
17372 22918 0:0 17374
17378 22909 0:0 17390
17378 22924 21:0 17390
17389 22926 0:0 17390
17392 22939 21:0 17400
17399 22940 0:0 17400
17399 22941 21:0 17455
17454 22942 0:0 17466
17468 22972 21:0 17476
17469 283 0:0 17471
17475 22974 0:0 17476
17475 22973 21:0 17531
17524 22984 0:0 17526
17530 22975 0:0 17542
17531 22992 21:0 17542
17541 22977 21:0 17542
17544 23005 21:0 17552
17551 23006 0:0 17552
17551 23007 21:0 17607
17606 23008 0:0 17618
17620 23038 21:0 17628
17627 23040 21:0 17634
17631 21417 1:0 17639
17633 23039 21:0 17637
17636 23041 21:0 17648
17642 21416 1:0 17650
17643 21386 1:0 17763
17649 21384 1:0 17770
17652 21385 1:0 17771
17652 21383 1:0 17781
17658 21353 1:0 17894
17671 344 21:0 17685
17678 21352 1:0 17902
17679 283 1:0 17916
17773 21351 1:0 17901
17774 21350 1:0 17912
17774 21320 1:0 18025
17783 16727 1:0 18031
17783 21318 1:0 18032
17789 21319 1:0 18033
17794 21317 1:0 18043
17809 16731 1:0 18042
17904 21287 1:0 18156
17905 21285 1:0 18163
17905 21286 1:0 18164
17914 21284 1:0 18174
17914 247 1:0 18178
17920 21254 1:0 18287
17925 21252 1:0 18294
18035 21253 1:0 18295
18036 21251 1:0 18305
18036 21221 1:0 18418
18045 21219 1:0 18425
18045 21220 1:0 18426
18051 21218 1:0 18436
18053 215 1:0 18431
18084 21188 1:0 18549
18166 21187 1:0 18557
18167 21186 1:0 18556
18167 16962 1:0 18576
18167 21164 1:0 18632
18176 21185 1:0 18567
18176 21155 1:0 18680
18184 21153 1:0 18687
18215 21154 1:0 18688
18297 21152 1:0 18698
18298 175 1:0 18702
18298 21138 1:0 18737
18298 21135 1:0 18737
18298 21137 1:0 18737
18298 21131 1:0 18763
18298 21130 1:0 18790
18307 21122 1:0 18811
18307 21121 1:0 18819
18315 21120 1:0 18818
18346 21119 1:0 18829
18428 21117 1:0 18839
18428 21111 1:0 18844
18428 21106 1:0 18859
18428 21102 1:0 18868
18429 21098 1:0 18894
18429 21097 1:0 18921
18429 21089 1:0 18942
18438 21087 1:0 18949
18438 21088 1:0 18950
18444 21085 1:0 18953
18449 21086 1:0 18960
18464 21073 1:0 18990
18465 21084 1:0 18970
18477 21078 1:0 18975
18559 21065 1:0 19025
18559 21064 1:0 19052
18560 21056 1:0 19073
18560 21054 1:0 19080
18569 21055 1:0 19081
18569 21053 1:0 19091
18575 125 1:0 19086
18575 21051 1:0 19101
18575 21040 1:0 19121
18577 21045 1:0 19106
18580 21032 1:0 19156
18595 21038 1:0 19130
18596 21036 1:0 19130
18608 21039 1:0 19130
18690 21023 1:0 19204
18691 21031 1:0 19183
18691 21025 1:0 19188
18691 21022 1:0 19212
18700 21021 1:0 19211
18700 21019 1:0 19215
18700 103 1:0 19226
18700 21007 1:0 19252
18706 21020 1:0 19222
18708 21012 1:0 19237
18711 21018 1:0 19232
18726 21005 1:0 19261
18727 21003 1:0 19261
18739 20999 1:0 19287
18821 21006 1:0 19261
18821 20998 1:0 19314
18821 20992 1:0 19319
18821 20986 1:0 19346
18822 20990 1:0 19335
18822 20985 1:0 19363
18831 20988 1:0 19342
18831 20989 1:0 19343
18837 20987 1:0 19353
18839 20974 1:0 19383
18842 20979 1:0 19368
18857 20966 1:0 19418
18858 20973 1:0 19392
18870 20970 1:0 19392
18952 20972 1:0 19392
18952 20965 1:0 19445
18952 20959 1:0 19450
18952 20953 1:0 19477
18953 20957 1:0 19466
18953 20941 1:0 19514
18962 20955 1:0 19473
18962 20956 1:0 19474
18968 20954 1:0 19484
18970 20952 1:0 19494
18973 20946 1:0 19499
18988 20933 1:0 19549
18989 20939 1:0 19523
19001 20940 1:0 19523
19083 20937 1:0 19523
19083 20932 1:0 19576
19083 20926 1:0 19581
19083 20920 1:0 19608
19084 20924 1:0 19597
19084 17415 1:0 19614
19093 20922 1:0 19604
19093 20923 1:0 19605
19099 20921 1:0 19615
19101 17418 1:0 19624
19104 20908 1:0 19645
19119 20919 1:0 19625
19120 20913 1:0 19630
19132 20906 1:0 19654
19214 20907 1:0 19654
19214 20904 1:0 19654
19214 20900 1:0 19680
19214 20893 1:0 19712
19215 20899 1:0 19707
19215 20891 1:0 19728
19215 20887 1:0 19739
19224 20889 1:0 19735
19224 20890 1:0 19736
19232 20888 1:0 19746
19235 17472 1:0 19745
19250 20880 1:0 19761
19251 20886 1:0 19756
19263 20875 1:0 19776
19345 20873 1:0 19785
19345 20871 1:0 19785
19345 20874 1:0 19785
19345 20867 1:0 19811
19346 20866 1:0 19838
19346 20860 1:0 19843
19346 20858 1:0 19859
19355 15 1:0 19861
19355 20857 1:0 19867
19355 20854 1:0 19870
19361 20856 1:0 19866
19381 20855 1:0 19877
19382 13 1:0 19881
19394 20847 1:0 19892
19476 20853 1:0 19887
19476 20842 1:0 19907
19476 20841 1:0 19912
19476 20834 1:0 19942
19477 20838 1:0 19912
19477 20840 1:0 19912
19477 20827 1:0 19961
19477 20833 1:0 19969
19477 345 1:0 21359
19486 23041 1:0 21334
19486 23039 1:0 21355
19492 23040 1:0 21369
19513 23038 1:0 21379
19525 22992 1:0 21540
19607 23008 1:0 21492
19608 23007 1:0 21500
20000 24077 21:0 20011
20011 24078 21:0 20044
20043 24085 0:0 20044
20043 24082 0:0 20044
20043 24084 21:0 20055
20054 24086 0:0 20055
20054 24071 21:0 20055
20054 24097 21:0 20055
20057 24099 21:0 20065
20064 24098 0:0 20065
20064 24100 0:0 20065
20064 24101 21:0 20120
20077 24091 0:0 20079
20078 24110 0:0 20079
20113 24111 0:0 20115
20119 24117 0:0 20120
20119 24115 0:0 20120
20119 24118 0:0 20120
20119 24102 0:0 20131
20122 24104 21:0 20131
20129 24119 0:0 20131
20130 24130 21:0 20131
20133 24132 21:0 20141
20140 24133 0:0 20141
20140 24131 0:0 20141
20140 24134 21:0 20196
20153 24124 0:0 20155
20154 24143 0:0 20155
20195 24151 0:0 20196
20195 24150 0:0 20196
20195 24148 0:0 20196
20195 24144 0:0 20196
20195 24135 0:0 20207
20198 24137 21:0 20207
20205 24152 0:0 20207
20206 24163 21:0 20207
20209 24165 21:0 20217
20216 24166 0:0 20217
20216 24164 0:0 20217
20216 24167 21:0 20272
20229 24157 0:0 20231
20230 24176 0:0 20231
20271 24184 0:0 20272
20271 24181 0:0 20272
20271 24183 0:0 20272
20271 24177 0:0 20272
20271 24168 0:0 20283
20274 24170 21:0 20283
20281 24185 0:0 20283
20282 24196 21:0 20283
20285 24198 21:0 20293
20292 24200 0:0 20293
20292 24197 0:0 20293
20292 24199 21:0 20348
20305 24190 0:0 20307
20306 24209 0:0 20307
20347 24210 0:0 20348
20347 24216 0:0 20348
20347 24217 0:0 20348
20347 24214 0:0 20348
20347 24201 0:0 20359
20350 24203 21:0 20359
20357 24218 0:0 20359
20358 24229 21:0 20359
20361 24231 21:0 20369
20368 24232 0:0 20369
20368 24230 0:0 20369
20368 24233 21:0 20424
20381 24223 0:0 20383
20382 24242 0:0 20383
20423 24249 0:0 20424
20423 24247 0:0 20424
20423 24250 0:0 20424
20423 24243 0:0 20424
20423 24234 0:0 20435
20426 24236 21:0 20435
20433 24251 0:0 20435
20434 24262 21:0 20435
20437 24264 21:0 20445
20444 24266 0:0 20445
20444 24263 0:0 20445
20444 24265 21:0 20500
20457 24256 0:0 20459
20458 24275 0:0 20459
20499 24282 0:0 20500
20499 24283 0:0 20500
20499 24280 0:0 20500
20499 24276 0:0 20500
20499 24267 0:0 20511
20502 24269 21:0 20511
20509 24284 0:0 20511
20510 24295 21:0 20511
20513 24297 21:0 20521
20520 24299 0:0 20521
20520 24296 0:0 20521
20520 24298 21:0 20576
20533 24289 0:0 20535
20534 24308 0:0 20535
20575 24316 0:0 20576
20575 24309 0:0 20576
20575 24315 0:0 20576
20575 24313 0:0 20576
20575 24300 0:0 20587
20578 24302 21:0 20587
20585 24317 0:0 20587
20586 24328 21:0 20587
20589 24330 21:0 20597
20596 24332 0:0 20597
20596 24329 0:0 20597
20596 24331 21:0 20652
20609 24322 0:0 20611
20610 24341 0:0 20611
20651 24342 0:0 20652
20651 24346 0:0 20652
20651 24349 0:0 20652
20651 24348 0:0 20652
20651 24333 0:0 20663
20654 24335 21:0 20663
20661 24350 0:0 20663
20662 24361 21:0 20663
20665 24363 21:0 20673
20672 24364 0:0 20673
20672 24362 0:0 20673
20672 24365 21:0 20728
20685 24355 0:0 20687
20686 24374 0:0 20687
20727 24379 0:0 20728
20727 24382 0:0 20728
20727 24375 0:0 20728
20727 24381 0:0 20728
20727 24366 0:0 20739
20736 24394 21:0 20739
20737 24383 0:0 20739
20738 24368 21:0 20739
20741 24396 21:0 20749
20748 24397 0:0 20749
20748 24395 0:0 20749
20748 24398 21:0 20804
20761 24388 0:0 20763
20762 24407 0:0 20763
20803 24412 0:0 20804
20803 24408 0:0 20804
20803 24414 0:0 20804
20803 24399 0:0 20815
20803 24415 21:0 20815
20814 24401 21:0 20815
20814 24416 0:0 20815
20814 24427 21:0 20815
20817 24429 21:0 20825
20824 24430 0:0 20825
20824 24428 0:0 20825
20824 24431 21:0 20880
20837 24421 0:0 20839
20838 24440 0:0 20839
20879 24445 0:0 20880
20879 24447 0:0 20880
20879 24448 0:0 20880
20879 24441 0:0 20880
20879 24432 0:0 20891
20882 24434 21:0 20891
20889 24449 0:0 20891
20890 24460 21:0 20891
20893 24462 21:0 20901
20900 24463 0:0 20901
20900 24464 21:0 20956
20913 24454 0:0 20915
20955 24465 0:0 20967
20969 24495 21:0 20977
20976 24497 0:0 20977
20976 24496 21:0 21032
21031 24498 0:0 21043
21045 24528 21:0 21053
21052 24529 0:0 21053
21052 24530 21:0 21108
21107 24531 0:0 21119
21121 24561 21:0 21129
21128 24563 0:0 21129
21128 24562 21:0 21184
21183 24564 0:0 21195
21197 24594 21:0 21205
21204 24595 0:0 21205
21204 24596 21:0 21260
21259 24597 0:0 21271
21273 24627 21:0 21281
21280 24629 0:0 21281
21280 24628 21:0 21336
21335 24630 0:0 21347
21349 24660 21:0 21357
21356 24661 21:0 21363
21358 23006 1:0 21499
21360 22984 1:0 21575
21362 24662 21:0 21366
21364 22977 1:0 21607
21365 24663 21:0 21377
21371 23005 1:0 21510
21372 22975 1:0 21623
21378 22973 1:0 21630
21381 22974 1:0 21631
21381 22972 1:0 21641
21387 22942 1:0 21754
21400 345 21:0 21414
21408 22941 1:0 21762
21415 22926 1:0 21802
21420 22924 1:0 21811
21502 22940 1:0 21761
21503 22939 1:0 21772
21503 22918 1:0 21837
21512 22909 1:0 21885
21512 22908 1:0 21893
21518 22907 1:0 21892
21539 22906 1:0 21903
21551 22872 1:0 22027
21633 22876 1:0 22016
21634 22874 1:0 22023
21634 22865 1:0 22044
21634 22871 1:0 22044
21643 22875 1:0 22024
21643 22873 1:0 22034
21649 22856 1:0 22073
21649 22859 1:0 22073
21649 22852 1:0 22099
21651 22858 1:0 22073
21654 22845 1:0 22131
21669 22851 1:0 22126
21670 22839 1:0 22158
21682 22838 1:0 22175
21764 22843 1:0 22147
21765 22841 1:0 22154
21765 22832 1:0 22180
21765 22827 1:0 22195
21774 22842 1:0 22155
21774 22840 1:0 22165
21780 22825 1:0 22204
21780 22823 1:0 22204
21780 22819 1:0 22230
21782 22826 1:0 22204
21785 22812 1:0 22262
21800 22818 1:0 22257
21895 22810 1:0 22278
21896 22808 1:0 22285
21896 22809 1:0 22286
21905 22806 1:0 22289
21905 22807 1:0 22296
21905 22799 1:0 22311
21905 22794 1:0 22326
21905 22790 1:0 22335
21911 22792 1:0 22335
21911 22793 1:0 22335
21911 22786 1:0 22361
21932 22777 1:0 22409
21944 22779 1:0 22393
22026 22775 1:0 22416
22027 22776 1:0 22417
22027 22773 1:0 22420
22027 22766 1:0 22442
22035 16845 21:0 22038
22036 22774 1:0 22427
22036 22772 1:0 22437
22036 22760 1:0 22466
22036 22759 1:0 22466
22036 22753 1:0 22492
22042 22744 1:0 22540
22044 22752 1:0 22519
22045 16848 0:0 22066
22063 22742 1:0 22547
22075 22740 1:0 22551
22157 22743 1:0 22548
22158 22741 1:0 22558
22158 22739 1:0 22568
22158 22728 1:0 22588
22167 22733 1:0 22573
22167 22726 1:0 22597
22167 22724 1:0 22597
22167 22720 1:0 22623
22167 22711 1:0 22671
22173 22719 1:0 22650
22173 22713 1:0 22655
22193 22710 1:0 22679
22194 22707 1:0 22682
22206 22695 1:0 22719
22286 16955 21:0 22291
22288 22709 1:0 22678
22289 22708 1:0 22689
22289 22706 1:0 22699
22289 22700 1:0 22704
22289 22687 1:0 22754
22298 22693 1:0 22728
22298 22694 1:0 22728
22298 22691 1:0 22728
22298 22680 1:0 22786
22298 22678 1:0 22802
22304 22686 1:0 22781
22309 22676 1:0 22809
22324 22674 1:0 22813
22325 22667 1:0 22835
22337 22673 1:0 22830
22417 17012 21:0 22422
22419 22677 1:0 22810
22420 22675 1:0 22820
22420 22662 1:0 22850
22420 22658 1:0 22859
22420 22654 1:0 22885
22429 22660 1:0 22859
22429 22661 1:0 22859
22429 22653 1:0 22912
22429 22647 1:0 22917
22429 22645 1:0 22933
22437 22644 1:0 22941
22468 22643 1:0 22940
22548 17069 21:0 22553
22550 22641 1:0 22944
22550 22640 1:0 22961
22550 22634 1:0 22966
22550 22629 1:0 22981
22551 22642 1:0 22951
22551 22627 1:0 22990
22551 22628 1:0 22990
22551 22621 1:0 23016
22560 22625 1:0 22990
22560 22620 1:0 23043
22560 22614 1:0 23048
22560 22612 1:0 23064
22566 22610 1:0 23071
22587 22611 1:0 23072
22599 22608 1:0 23075
22681 22609 1:0 23082
22682 22607 1:0 23092
22682 22601 1:0 23097
22682 22596 1:0 23112
22682 22594 1:0 23121
22682 22592 1:0 23121
22682 22595 1:0 23121
22691 22588 1:0 23147
22691 22587 1:0 23174
22691 22581 1:0 23179
22691 22579 1:0 23195
22697 22578 1:0 23203
22718 22577 1:0 23202
22730 22575 1:0 23206
22812 22576 1:0 23213
22813 22574 1:0 23223
22813 22568 1:0 23228
22813 22563 1:0 23243
22813 22562 1:0 23252
22813 22559 1:0 23252
22813 22555 1:0 23278
22822 22561 1:0 23252
22822 22554 1:0 23305
22822 22548 1:0 23310
22822 22546 1:0 23326
22828 22545 1:0 23334
22830 22542 1:0 23337
22861 22544 1:0 23333
22943 22543 1:0 23344
22944 22541 1:0 23354
22944 22535 1:0 23359
22944 22530 1:0 23374
22944 22528 1:0 23383
22944 22526 1:0 23383
22944 22529 1:0 23383
22953 22522 1:0 23409
22953 22521 1:0 23436
22953 22515 1:0 23441
22953 22513 1:0 23457
22959 22511 1:0 23464
22961 22509 1:0 23468
22992 22512 1:0 23465
23072 17297 21:0 23077
23074 22510 1:0 23475
23075 22508 1:0 23485
23075 22502 1:0 23490
23075 22497 1:0 23505
23075 22496 1:0 23514
23075 22495 1:0 23514
23075 22493 1:0 23514
23075 22489 1:0 23540
23084 22488 1:0 23567
23084 22482 1:0 23572
23084 22480 1:0 23588
23084 22476 1:0 23599
23090 22478 1:0 23595
23111 22479 1:0 23596
23123 22469 1:0 23621
23203 17354 21:0 23208
23205 22477 1:0 23606
23206 22475 1:0 23616
23206 22464 1:0 23636
23206 22463 1:0 23641
23206 22462 1:0 23641
23206 22460 1:0 23641
23206 22456 1:0 23671
23206 22449 1:0 23690
23214 17358 21:0 23217
23215 22455 1:0 23698
23215 24663 1:0 25079
23218 24662 1:0 25090
23221 346 1:0 25088
23224 17361 0:0 23245
23729 25699 21:0 23740
23740 25700 0:0 23768
23768 25707 21:0 23784
23772 25706 0:0 23773
23772 25704 0:0 23773
23783 25693 21:0 23784
23783 25719 21:0 23784
23783 25708 0:0 23784
23786 25721 21:0 23794
23793 25720 0:0 23794
23793 25723 0:0 23794
23793 25722 21:0 23849
23806 25713 0:0 23808
23806 15 0:0 23808
23807 25732 0:0 23808
23848 25737 0:0 23849
23848 25733 0:0 23849
23848 25739 0:0 23849
23848 25724 0:0 23860
23848 25740 21:0 23860
23859 25752 21:0 23860
23859 25726 21:0 23860
23859 25741 0:0 23860
23862 25754 21:0 23870
23869 35 0:0 23870
23869 25753 0:0 23870
23869 25756 0:0 23870
23869 25755 21:0 23925
23882 25746 0:0 23884
23883 25765 0:0 23884
23924 25766 0:0 23925
23924 25773 0:0 23925
23924 25772 0:0 23925
23924 25757 0:0 23936
23924 25770 21:0 23936
23935 25774 0:0 23936
23935 25759 21:0 23936
23935 25785 21:0 23936
23938 25787 21:0 23946
23945 25786 0:0 23946
23945 25788 0:0 23946
23945 53 0:0 23946
23945 25789 21:0 24001
23958 25779 0:0 23960
23959 25798 0:0 23960
24000 25805 0:0 24001
24000 25806 0:0 24001
24000 25803 0:0 24001
24000 25790 0:0 24012
24009 25818 21:0 24012
24011 25792 21:0 24012
24014 25820 21:0 24022
24021 71 0:0 24022
24021 25819 0:0 24022
24021 25821 0:0 24022
24021 25822 21:0 24077
24034 69 0:0 24036
24034 25812 0:0 24036
24035 25831 0:0 24036
24070 25832 0:0 24072
24076 25839 0:0 24077
24076 25838 0:0 24077
24076 25823 0:0 24088
24076 25836 21:0 24088
24087 25851 21:0 24088
24087 25840 0:0 24088
24087 25825 21:0 24088
24090 25853 21:0 24098
24097 25852 0:0 24098
24097 25855 0:0 24098
24097 25854 21:0 24153
24110 25845 0:0 24112
24111 25864 0:0 24112
24152 25865 0:0 24153
24152 25869 0:0 24153
24152 25872 0:0 24153
24152 25871 0:0 24153
24152 25856 0:0 24164
24161 25884 21:0 24164
24162 25873 0:0 24164
24163 25858 21:0 24164
24166 25886 21:0 24174
24173 25885 0:0 24174
24173 25888 0:0 24174
24173 25887 21:0 24229
24187 25897 0:0 24188
24228 25889 0:0 24240
24237 25917 21:0 24240
24242 25919 21:0 24250
24249 25918 0:0 24250
24249 25920 0:0 24250
24249 25921 21:0 24305
24262 123 0:0 24264
24304 25935 0:0 24305
24304 25931 0:0 24305
24304 25922 0:0 24316
24307 25924 21:0 24316
24318 25952 21:0 24326
24325 25954 0:0 24326
24325 25953 21:0 24381
24338 25944 0:0 24340
24339 25963 0:0 24340
24380 25970 0:0 24381
24380 25955 0:0 24392
24389 25983 21:0 24392
24394 25985 21:0 24402
24395 157 0:0 24397
24401 25986 0:0 24402
24401 25987 21:0 24457
24456 25997 0:0 24457
24456 25988 0:0 24468
24459 25990 21:0 24468
24470 26018 21:0 24478
24477 26020 0:0 24478
24477 26019 21:0 24533
24490 177 0:0 24492
24491 26029 0:0 24492
24532 26037 0:0 24533
24532 26021 0:0 24544
24533 26038 21:0 24544
24546 26051 21:0 24554
24547 193 0:0 24549
24553 26050 0:0 24554
24553 26052 0:0 24554
24553 26053 21:0 24609
24566 195 0:0 24568
24608 26067 0:0 24609
24608 26069 0:0 24609
24608 26054 0:0 24620
24611 26056 21:0 24620
24622 26084 21:0 24630
24629 26083 0:0 24630
24629 26085 0:0 24630
24629 26086 21:0 24685
24642 26076 0:0 24644
24642 213 0:0 24644
24643 26095 0:0 24644
24684 26103 0:0 24685
24684 26102 0:0 24685
24684 26087 0:0 24696
24687 26089 21:0 24696
24694 26104 0:0 24696
24698 26117 21:0 24706
24705 26118 0:0 24706
24705 26116 0:0 24706
24705 26119 21:0 24761
24718 26109 0:0 24720
24760 26135 0:0 24761
24760 26129 0:0 24761
24760 26136 21:0 24772
24760 26120 0:0 24772
24771 26148 21:0 24772
24774 26150 21:0 24782
24775 247 0:0 24777
24781 26152 0:0 24782
24781 26151 21:0 24837
24836 26153 0:0 24848
24839 26155 21:0 24848
24850 26183 21:0 24858
24857 26184 0:0 24858
24857 26185 21:0 24913
24912 26186 0:0 24924
24926 26216 21:0 24934
24933 26218 0:0 24934
24933 26217 21:0 24989
24988 26219 0:0 25000
25002 26249 21:0 25010
25009 26250 0:0 25010
25009 26251 21:0 25065
25064 26252 0:0 25076
25078 26282 21:0 25086
25085 26283 21:0 25092
25089 24661 1:0 25097
25091 26284 21:0 25095
25093 340 1:0 2877
25094 26285 21:0 25106
25100 24660 1:0 25108
25101 24630 1:0 25221
25107 24628 1:0 25228
25110 24629 1:0 25229
25110 24627 1:0 25239
25116 24597 1:0 25352
25129 346 21:0 25143
25137 24596 1:0 25360
25231 24595 1:0 25359
25232 24594 1:0 25370
25232 24564 1:0 25483
25241 24562 1:0 25490
25241 24563 1:0 25491
25249 24561 1:0 25501
25280 24531 1:0 25614
25362 24530 1:0 25622
25363 24529 1:0 25621
25363 247 1:0 25636
25372 24528 1:0 25632
25372 24498 1:0 25745
25378 24496 1:0 25752
25399 24497 1:0 25753
25411 16845 1:0 25762
25493 24495 1:0 25763
25494 16848 1:0 25772
25494 24465 1:0 25876
25494 213 1:0 25878
25503 24463 1:0 25883
25503 24464 1:0 25884
25511 24462 1:0 25894
25514 24449 1:0 25924
25529 24460 1:0 25904
25530 24454 1:0 25909
25542 24447 1:0 25933
25624 24448 1:0 25933
25624 24445 1:0 25933
25624 24441 1:0 25959
25624 24434 1:0 25991
25625 24440 1:0 25986
25625 24432 1:0 26007
25625 195 1:0 26009
25634 24430 1:0 26014
25634 24431 1:0 26015
25640 16955 1:0 26013
25640 24428 1:0 26018
25660 24429 1:0 26025
25661 193 1:0 26029
25673 24416 1:0 26055
25755 24427 1:0 26035
25755 24421 1:0 26040
25755 24415 1:0 26064
25755 24412 1:0 26064
25756 24414 1:0 26064
25756 24408 1:0 26090
25756 24399 1:0 26138
25765 24407 1:0 26117
25765 24401 1:0 26122
25765 177 1:0 26140
25765 17012 1:0 26144
25765 24398 1:0 26146
25771 24395 1:0 26149
25776 24397 1:0 26145
25791 24394 1:0 26166
25792 24388 1:0 26171
25804 24383 1:0 26186
25886 24396 1:0 26156
25887 24379 1:0 26195
25887 24381 1:0 26195
25887 24382 1:0 26195
25887 24375 1:0 26221
25887 24374 1:0 26248
25887 24368 1:0 26253
25896 24366 1:0 26269
25896 24365 1:0 26277
25902 17069 1:0 26275
25902 24362 1:0 26280
25922 24364 1:0 26276
25923 157 1:0 26291
25935 24361 1:0 26297
26017 24363 1:0 26287
26018 24355 1:0 26302
26018 24350 1:0 26317
26018 24346 1:0 26326
26018 24349 1:0 26326
26018 24348 1:0 26326
26018 24342 1:0 26352
26027 24341 1:0 26379
26027 24335 1:0 26384
26027 24333 1:0 26400
26033 24331 1:0 26407
26053 24332 1:0 26408
26054 24329 1:0 26411
26066 24317 1:0 26448
26148 24330 1:0 26418
26149 24328 1:0 26428
26149 24322 1:0 26433
26149 24313 1:0 26457
26149 24316 1:0 26457
26149 24315 1:0 26457
26149 24309 1:0 26483
26158 24308 1:0 26510
26158 24302 1:0 26515
26158 24300 1:0 26531
26158 123 1:0 26533
26164 24298 1:0 26538
26185 24299 1:0 26539
26197 24296 1:0 26542
26279 24297 1:0 26549
26280 24295 1:0 26559
26280 24289 1:0 26564
26280 24284 1:0 26579
26280 24283 1:0 26588
26280 24282 1:0 26588
26280 24276 1:0 26614
26289 24280 1:0 26588
26289 24275 1:0 26641
26289 24269 1:0 26646
26289 24267 1:0 26662
26295 24265 1:0 26669
26297 24263 1:0 26673
26328 24266 1:0 26670
26410 24264 1:0 26680
26411 24262 1:0 26690
26411 24256 1:0 26695
26411 24251 1:0 26710
26411 24247 1:0 26719
26411 24249 1:0 26719
26411 24250 1:0 26719
26420 24243 1:0 26745
26420 24242 1:0 26772
26420 24236 1:0 26777
26420 24234 1:0 26793
26426 24233 1:0 26801
26447 24232 1:0 26800
26459 24230 1:0 26804
26541 17297 1:0 26799
26541 24229 1:0 26821
26541 24223 1:0 26826
26541 24218 1:0 26841
26542 24231 1:0 26811
26542 24214 1:0 26850
26542 24210 1:0 26876
26551 24217 1:0 26850
26551 24216 1:0 26850
26551 24209 1:0 26903
26551 24203 1:0 26908
26551 24201 1:0 26924
26559 24199 1:0 26931
26562 69 1:0 26926
26577 17354 1:0 26930
26578 24197 1:0 26935
26590 71 1:0 26937
26672 24200 1:0 26932
26673 17358 1:0 26941
26673 24198 1:0 26942
26673 17361 1:0 26951
26682 24196 1:0 26952
26682 24190 1:0 26957
26682 24185 1:0 26972
26682 24184 1:0 26981
26682 24181 1:0 26981
26682 24183 1:0 26981
26682 24177 1:0 27007
26682 24170 1:0 27039
26690 24168 1:0 27055
26693 24176 1:0 27034
26708 24164 1:0 27066
26803 24167 1:0 27063
26804 24166 1:0 27062
26804 24165 1:0 27073
26813 53 1:0 27068
26813 24163 1:0 27083
26813 24157 1:0 27088
26813 24152 1:0 27103
26813 24148 1:0 27112
26813 24150 1:0 27112
26813 24151 1:0 27112
26813 24144 1:0 27138
26819 24137 1:0 27170
26824 24135 1:0 27186
26839 24143 1:0 27165
26840 24131 1:0 27197
26852 35 1:0 27199
26934 24134 1:0 27194
26935 24133 1:0 27193
26935 24124 1:0 27219
26935 24119 1:0 27234
26944 24132 1:0 27204
26944 24130 1:0 27214
26944 24115 1:0 27243
26944 24111 1:0 27269
26944 347 1:0 27288
26950 24118 1:0 27243
26950 24117 1:0 27243
26970 24102 1:0 27317
26971 24104 1:0 27301
26983 24110 1:0 27296
27065 15 1:0 27319
27065 24098 1:0 27321
27066 24100 1:0 27324
27066 24101 1:0 27325
27075 24071 1:0 27328
27075 24097 1:0 27328
27075 24099 1:0 27335
27075 24084 1:0 27337
27081 26285 1:0 27365
27083 24091 1:0 27342
27086 24086 1:0 27342
27101 24078 1:0 27365
27102 24077 1:0 27365
27114 24085 1:0 27370
27196 26284 1:0 27450
27197 24082 1:0 27370
27197 26283 1:0 27457
27197 12698 1:0 27631
27206 26282 1:0 27468
27206 26252 1:0 27671
27212 12701 1:0 27557
27212 12699 1:0 27557
27212 12696 1:0 27557
27214 12697 1:0 27557
27217 12700 1:0 27557
27232 12845 1:0 27778
27327 26251 1:0 27679
27328 26250 1:0 27678
27328 26249 1:0 27689
27337 26219 1:0 27892
27337 12847 1:0 27778
27337 12843 1:0 27778
27337 12846 1:0 27778
27337 12844 1:0 27778
27343 12848 1:0 27863
27348 26217 1:0 27899
27376 26218 1:0 27900
27460 26216 1:0 27910
27461 12992 1:0 27999
27461 12991 1:0 27999
27461 12993 1:0 27999
27461 12995 1:0 27999
27461 12990 1:0 27999
27461 12994 1:0 28083
27470 26186 1:0 28113
27470 26185 1:0 28121
27478 26184 1:0 28120
27489 347 21:0 27503
27496 26155 1:0 28228
27509 26183 1:0 28131
27550 13276 1:0 28465
27578 26153 1:0 28334
27579 13137 1:0 28284
27579 13138 1:0 28285
27580 13277 1:0 28466
27580 13283 1:0 28496
27629 13139 1:0 28294
27639 13140 1:0 28295
27641 12698 21:0 27673
27672 12697 0:0 27673
27672 12699 0:0 27673
27672 12700 0:0 27673
27672 12701 0:0 27673
27672 12696 0:0 27673
27681 13141 1:0 28303
27681 13142 1:0 28303
27682 26151 1:0 28341
27682 26152 1:0 28342
27691 26150 1:0 28352
27691 26148 1:0 28362
27691 26136 1:0 28391
27691 26135 1:0 28391
27691 26129 1:0 28417
27699 26120 1:0 28555
27702 13285 1:0 28506
27717 13284 1:0 28505
27718 13286 1:0 28515
27730 13287 1:0 28516
27730 13288 1:0 28525
27771 13282 1:0 28495
27771 13289 1:0 28525
27771 13423 1:0 28686
27771 13424 1:0 28687
27800 26119 1:0 28563
27801 26116 1:0 28566
27850 26104 1:0 28603
27860 26109 1:0 28588
27869 12848 21:0 27894
27892 12846 0:0 27894
27893 12847 0:0 27894
27893 12843 0:0 27894
27893 12845 0:0 27894
27893 12844 0:0 27894
27902 26118 1:0 28562
27903 26117 1:0 28573
27903 26103 1:0 28612
27903 26102 1:0 28612
27912 26095 1:0 28665
27912 26089 1:0 28670
27912 26087 1:0 28776
27912 13431 1:0 28726
27912 13432 1:0 28727
27918 13433 1:0 28736
27918 13434 1:0 28737
27918 13436 1:0 28745
27920 13435 1:0 28745
27923 13429 1:0 28716
27923 13430 1:0 28717
27951 26086 1:0 28784
27992 26083 1:0 28787
28021 26085 1:0 28783
28081 26084 1:0 28794
28093 12994 21:0 28115
28114 12992 0:0 28115
28114 12991 0:0 28115
28114 12993 0:0 28115
28114 12995 0:0 28115
28114 12990 0:0 28115
28123 26076 1:0 28809
28123 26067 1:0 28833
28123 26069 1:0 28833
28123 26056 1:0 28881
28124 26054 1:0 28997
28124 13577 1:0 28882
28124 13571 1:0 28882
28124 13580 1:0 28883
28124 13576 1:0 28883
28124 13570 1:0 28883
28133 26050 1:0 29008
28133 13583 1:0 28883
28133 13581 1:0 28883
28133 13579 1:0 28883
28133 13578 1:0 28883
28133 13582 1:0 28967
28139 26053 1:0 29005
28159 26052 1:0 29004
28213 26051 1:0 29015
28221 26038 1:0 29045
28226 26037 1:0 29054
28241 13724 1:0 29103
28241 13723 1:0 29104
28241 13717 1:0 29104
28292 26021 1:0 29102
28302 13728 1:0 29179
28304 13137 0:0 28336
28335 13138 0:0 28336
28335 13142 0:0 28336
28335 13141 0:0 28336
28335 13140 0:0 28336
28335 13139 0:0 28336
28344 26029 1:0 29103
28344 13718 1:0 29103
28344 13725 1:0 29104
28344 13730 1:0 29104
28344 13865 1:0 29324
28344 13871 1:0 29324
28344 13864 1:0 29325
28345 25997 1:0 29301
28345 13727 1:0 29104
28345 13729 1:0 29104
28345 13726 1:0 29104
28354 26019 1:0 29225
28354 26020 1:0 29226
28360 26018 1:0 29236
28380 25988 1:0 29323
28381 25990 1:0 29323
28393 13874 1:0 29325
28393 13875 1:0 29400
28434 13872 1:0 29325
28442 13877 1:0 29325
28447 13870 1:0 29325
28447 14011 1:0 29546
28462 13876 1:0 29325
28463 13873 1:0 29325
28523 25987 1:0 29447
28526 13283 0:0 28534
28533 13282 0:0 28557
28533 25983 1:0 29467
28556 13285 0:0 28557
28556 13286 0:0 28557
28556 13287 0:0 28557
28556 13288 0:0 28557
28556 13289 0:0 28557
28556 13276 0:0 28557
28556 13277 0:0 28557
28556 13284 0:0 28557
28565 25986 1:0 29446
28566 25985 1:0 29457
28566 25970 1:0 29496
28566 25963 1:0 29545
28575 25955 1:0 29545
28575 14018 1:0 29545
28575 14012 1:0 29545
28575 14022 1:0 29545
28575 14023 1:0 29545
28575 14020 1:0 29545
28575 14017 1:0 29546
28581 14024 1:0 29545
28581 14019 1:0 29545
28581 14021 1:0 29620
28602 25953 1:0 29667
28655 25954 1:0 29668
28684 25952 1:0 29678
28685 25944 1:0 29693
28734 25935 1:0 29717
28744 25931 1:0 29743
28746 13430 0:0 28755
28754 13429 0:0 28778
28754 25924 1:0 29765
28777 13431 0:0 28778
28777 13424 0:0 28778
28777 13423 0:0 28778
28777 13433 0:0 28778
28777 13432 0:0 28778
28777 13434 0:0 28778
28777 13435 0:0 28778
28777 13436 0:0 28778
28786 25922 1:0 29765
28787 14165 1:0 29766
28787 14159 1:0 29766
28787 14158 1:0 29767
28787 14169 1:0 29767
28787 14170 1:0 29767
28787 14166 1:0 29767
28787 14167 1:0 29767
28787 14168 1:0 29767
28787 14164 1:0 29767
28796 25921 1:0 29889
28796 25918 1:0 29892
28796 14171 1:0 29852
28802 25920 1:0 29888
28822 25919 1:0 29899
28823 25917 1:0 29909
28884 25889 1:0 29986
28889 14312 1:0 29987
28889 14306 1:0 29987
28889 14311 1:0 29988
28889 14305 1:0 29988
28904 14318 1:0 29988
28905 14314 1:0 29988
28905 14315 1:0 29988
28906 14452 1:0 30209
28955 14313 1:0 29988
28965 14317 1:0 30072
28975 14316 1:0 29988
28977 13582 21:0 28999
28998 13580 0:0 28999
28998 13578 0:0 28999
28998 13579 0:0 28999
28998 13581 0:0 28999
28998 13583 0:0 28999
28998 13576 0:0 28999
28998 13577 0:0 28999
28998 13571 0:0 28999
28998 13570 0:0 28999
29007 25897 1:0 29987
29007 25885 1:0 30113
29008 25887 1:0 30109
29008 25888 1:0 30110
29017 25886 1:0 30120
29017 25884 1:0 30130
29017 25873 1:0 30150
29017 25869 1:0 30159
29017 25872 1:0 30159
29023 25871 1:0 30159
29023 25865 1:0 30185
29043 25856 1:0 30207
29044 25858 1:0 30207
29056 25864 1:0 30208
29056 14460 1:0 30209
29097 14463 1:0 30209
29097 14462 1:0 30209
29105 14458 1:0 30209
29110 14461 1:0 30209
29125 14464 1:0 30209
29126 14459 1:0 30208
29126 14453 1:0 30208
29126 14465 1:0 30294
29126 14605 1:0 30430
29185 13728 21:0 29220
29196 25854 1:0 30330
29218 13725 0:0 29220
29218 13727 0:0 29220
29218 13726 0:0 29220
29218 13729 0:0 29220
29219 13718 0:0 29220
29219 13730 0:0 29220
29219 13724 0:0 29220
29219 13717 0:0 29220
29219 13723 0:0 29220
29228 25855 1:0 30331
29229 25852 1:0 30334
29229 25853 1:0 30341
29229 25845 1:0 30356
29238 25851 1:0 30351
29238 25840 1:0 30371
29238 25838 1:0 30380
29238 25839 1:0 30380
29238 25836 1:0 30380
29238 25832 1:0 30406
29238 25825 1:0 30428
29244 25823 1:0 30429
29246 25831 1:0 30429
29249 14606 1:0 30429
29249 14600 1:0 30429
29249 14599 1:0 30430
29264 14607 1:0 30494
29265 14608 1:0 30429
29277 14612 1:0 30429
29277 14610 1:0 30429
29318 14611 1:0 30429
29318 14609 1:0 30429
29326 14753 1:0 30650
29347 25822 1:0 30552
29348 14747 1:0 30650
29348 14752 1:0 30651
29397 25819 1:0 30555
29406 13875 21:0 29441
29407 25818 1:0 30572
29417 25812 1:0 30577
29439 13874 0:0 29441
29439 13876 0:0 29441
29439 13872 0:0 29441
29439 13873 0:0 29441
29440 13877 0:0 29441
29440 13864 0:0 29441
29440 13871 0:0 29441
29440 13865 0:0 29441
29440 13870 0:0 29441
29449 25821 1:0 30551
29450 25820 1:0 30562
29450 25806 1:0 30601
29450 25805 1:0 30601
29459 25803 1:0 30601
29459 25792 1:0 30649
29459 25790 1:0 30650
29459 14758 1:0 30650
29459 14759 1:0 30736
29465 14756 1:0 30650
29465 14755 1:0 30650
29465 14757 1:0 30650
29467 14754 1:0 30650
29470 25798 1:0 30650
29485 14746 1:0 30651
29485 14894 1:0 30871
29485 14893 1:0 30872
29486 25786 1:0 30776
29539 25789 1:0 30773
29568 25788 1:0 30772
29630 14021 21:0 29662
29638 25787 1:0 30783
29660 14023 0:0 29662
29661 14018 0:0 29662
29661 14012 0:0 29662
29661 14022 0:0 29662
29661 14020 0:0 29662
29661 14024 0:0 29662
29661 14011 0:0 29662
29661 14017 0:0 29662
29661 14019 0:0 29662
29670 25785 1:0 30793
29670 25779 1:0 30798
29670 25774 1:0 30813
29670 25770 1:0 30822
29671 25773 1:0 30822
29671 25772 1:0 30822
29671 25766 1:0 30848
29671 25759 1:0 30870
29671 14906 1:0 30871
29671 14904 1:0 30947
29680 25757 1:0 30871
29680 14905 1:0 30871
29680 14903 1:0 30871
29680 14901 1:0 30871
29680 14900 1:0 30871
29680 14899 1:0 30872
29686 25765 1:0 30871
29686 14902 1:0 30871
29706 25755 1:0 30993
29707 25753 1:0 30997
29760 25756 1:0 30994
29789 25754 1:0 31004
29790 25741 1:0 31034
29839 25746 1:0 31019
29849 25752 1:0 31014
29858 14171 21:0 29883
29859 25740 1:0 31043
29881 14168 0:0 29883
29881 14167 0:0 29883
29881 14166 0:0 29883
29881 14169 0:0 29883
29881 14170 0:0 29883
29882 14158 0:0 29883
29882 14159 0:0 29883
29882 14164 0:0 29883
29882 14165 0:0 29883
29891 25739 1:0 31043
29891 25737 1:0 31043
29891 25733 1:0 31069
29891 25726 1:0 31091
29892 25724 1:0 31091
29892 15047 1:0 31092
29892 15041 1:0 31092
29892 15048 1:0 31093
29892 15040 1:0 31093
29892 15046 1:0 31093
29901 25732 1:0 31092
29901 25720 1:0 31218
29901 15049 1:0 31093
29901 15052 1:0 31093
29901 15053 1:0 31093
29901 15050 1:0 31093
29901 15051 1:0 31168
29907 25722 1:0 31214
29928 25723 1:0 31215
29981 25721 1:0 31225
29994 25719 1:0 31235
30009 25693 1:0 31255
30010 25713 1:0 31240
30010 25708 1:0 31255
30011 15188 1:0 31313
30011 15187 1:0 31314
30011 15193 1:0 31314
30060 25707 1:0 31264
30070 25700 1:0 31290
30080 25706 1:0 31264
30082 14317 21:0 30104
30103 14318 0:0 30104
30103 14313 0:0 30104
30103 14315 0:0 30104
30103 14314 0:0 30104
30103 14316 0:0 30104
30103 14306 0:0 30104
30103 14311 0:0 30104
30103 14312 0:0 30104
30103 14305 0:0 30104
30112 25704 1:0 31264
30112 25699 1:0 31312
30112 15199 1:0 31314
30112 15200 1:0 31314
30113 15194 1:0 31313
30113 15196 1:0 31314
30113 15197 1:0 31314
30113 15198 1:0 31314
30113 15195 1:0 31378
30300 14465 21:0 30325
30323 14464 0:0 30325
30323 14460 0:0 30325
30323 14461 0:0 30325
30323 14462 0:0 30325
30323 14463 0:0 30325
30324 14453 0:0 30325
30324 14459 0:0 30325
30324 14452 0:0 30325
30324 14458 0:0 30325
30504 14607 21:0 30546
30544 14611 0:0 30546
30544 14609 0:0 30546
30545 14612 0:0 30546
30545 14608 0:0 30546
30545 14610 0:0 30546
30545 14605 0:0 30546
30545 14600 0:0 30546
30545 14599 0:0 30546
30545 14606 0:0 30546
30742 14759 21:0 30767
30765 14754 0:0 30767
30765 14755 0:0 30767
30765 14756 0:0 30767
30765 14757 0:0 30767
30765 14758 0:0 30767
30766 14747 0:0 30767
30766 14753 0:0 30767
30766 14752 0:0 30767
30766 14746 0:0 30767
30953 14904 21:0 30988
30986 14902 0:0 30988
30986 14901 0:0 30988
30986 14903 0:0 30988
30986 14905 0:0 30988
30987 14900 0:0 30988
30987 14899 0:0 30988
30987 14906 0:0 30988
30987 14893 0:0 30988
30987 14894 0:0 30988
31174 15051 21:0 31209
31207 15048 0:0 31209
31207 15049 0:0 31209
31207 15050 0:0 31209
31207 15052 0:0 31209
31208 15040 0:0 31209
31208 15047 0:0 31209
31208 15046 0:0 31209
31208 15053 0:0 31209
31208 15041 0:0 31209
31388 15195 21:0 152
