118 49172 0:0 129
118 49071 0:0 129
118 49076 0:0 129
118 49077 0:0 129
118 49070 0:0 129
118 49074 0:0 129
118 329 0:0 130
118 49081 0:0 170
1397 49785 21:0 1407
3374 298 21:0 3413
4610 51256 21:0 4620
4651 308 1:0 33607
6733 299 21:0 6772
7969 52727 21:0 7979
8010 309 1:0 36966
10092 300 21:0 10131
11328 54198 21:0 11338
11369 310 1:0 40325
13451 301 21:0 13491
14687 55669 21:0 14697
14728 311 1:0 43684
16810 302 21:0 16850
18046 57140 21:0 18056
18087 312 1:0 47043
20169 303 21:0 20208
21405 58611 21:0 21415
21446 313 1:0 50402
23528 304 21:0 23565
24764 60082 21:0 24774
24805 314 1:0 53761
26887 305 21:0 26925
28123 61553 21:0 28133
28164 315 1:0 57120
30246 306 21:0 30285
31482 63024 21:0 31492
31523 316 1:0 60479
33605 307 21:0 33644
34841 64495 21:0 34851
34882 317 1:0 63838
36964 308 21:0 37004
38200 65966 21:0 38210
38241 318 1:0 67197
40323 309 21:0 40363
41559 67437 21:0 41569
43682 310 21:0 43721
44918 68908 21:0 44928
47041 311 21:0 47078
50400 312 21:0 50440
53759 313 21:0 53797
57118 314 21:0 57156
60477 315 21:0 60517
63836 316 21:0 63875
67195 317 21:0 67234
70554 318 21:0 70593
98703 299 1:0 3376
98703 300 1:0 6735
98703 301 1:0 10094
98704 302 1:0 13453
98704 303 1:0 16812
98704 328 1:0 100787
101081 93506 21:0 101089
101461 93671 21:0 101469
102062 93671 1:0 102987
102063 93506 1:0 103642
102063 329 1:0 104146
104144 328 21:0 104183
104752 95112 21:0 104818
105281 95341 21:0 105337
105431 304 1:0 20171
105431 305 1:0 23530
105431 306 1:0 26889
105432 307 1:0 30248
105432 95341 1:0 105526
105441 46865 1:0 105552
105441 46866 1:0 105553
105441 46873 1:0 105592
105441 46874 1:0 105593
105441 46875 1:0 105602
105447 46871 1:0 105582
105447 46872 1:0 105583
105447 46876 1:0 105603
105449 46877 1:0 105612
105452 46878 1:0 105613
105467 47013 1:0 105774
105480 47020 1:0 105813
105480 47021 1:0 105814
105521 47012 1:0 105773
105534 47022 1:0 105823
105549 47023 1:0 105824
105550 47018 1:0 105803
105550 47019 1:0 105804
105559 46866 21:0 105616
105600 47024 1:0 105833
105610 47025 1:0 105834
105612 47170 1:0 105968
105615 46872 0:0 105625
105615 46874 0:0 105644
105616 46865 0:0 105631
105616 46871 0:0 105631
105620 47159 1:0 105994
105621 46873 0:0 105644
105622 47167 1:0 106034
105643 46877 0:0 105644
105643 46878 0:0 105644
105643 46875 0:0 105644
105643 46876 0:0 105644
105645 47160 1:0 105995
105645 47168 1:0 106035
105645 47169 1:0 106040
105645 47172 1:0 106040
105652 47164 1:0 106015
105652 47165 1:0 106024
105652 47166 1:0 106025
105652 47171 1:0 106040
105653 47317 1:0 106190
105653 47314 1:0 106190
105653 47311 1:0 106190
105653 47315 1:0 106256
105662 47307 1:0 106190
105662 47319 1:0 106190
105662 47318 1:0 106190
105662 47316 1:0 106190
105662 47309 1:0 106190
105662 47313 1:0 106190
105662 47312 1:0 106191
105662 47306 1:0 106191
105668 47464 1:0 106487
105670 47462 1:0 106411
105672 47454 1:0 106411
105673 47460 1:0 106411
105688 47466 1:0 106411
105689 47458 1:0 106411
105689 47453 1:0 106412
105701 47457 1:0 106412
105701 47459 1:0 106412
105742 47465 1:0 106411
105750 47461 1:0 106412
105770 47463 1:0 106411
105771 47603 1:0 106632
105771 47605 1:0 106632
105771 47612 1:0 106717
105780 47013 21:0 105837
105821 47601 1:0 106632
105821 47611 1:0 106632
105821 47600 1:0 106633
105831 47606 1:0 106633
105833 47613 1:0 106632
105836 47012 0:0 105845
105836 47019 0:0 105845
105836 47021 0:0 105865
105837 47018 0:0 105852
105841 47610 1:0 106633
105843 47020 0:0 105865
105864 47025 0:0 105865
105864 47023 0:0 105865
105864 47022 0:0 105865
105864 47024 0:0 105865
105866 47609 1:0 106632
105866 47607 1:0 106632
105866 47608 1:0 106633
105866 47748 1:0 106853
105866 47753 1:0 106854
105866 47757 1:0 106928
105873 47754 1:0 106853
105873 47759 1:0 106853
105874 47756 1:0 106853
105874 47760 1:0 106853
105874 47755 1:0 106854
105883 47758 1:0 106853
105883 47747 1:0 106854
105883 95112 1:0 107060
105889 47904 1:0 107074
105889 47902 1:0 107139
105893 47905 1:0 107074
105893 47894 1:0 107075
105894 47895 1:0 107074
105894 47901 1:0 107074
105910 47906 1:0 107074
105922 47903 1:0 107074
105963 47900 1:0 107075
105971 47907 1:0 107074
105991 48047 1:0 107296
105991 48050 1:0 107361
105992 48052 1:0 107295
106004 47159 21:0 106060
106041 47164 0:0 106043
106042 48049 1:0 107295
106042 48048 1:0 107295
106052 48053 1:0 107295
106059 47166 0:0 106074
106059 47170 21:0 106086
106060 47160 0:0 106077
106060 47165 0:0 106077
106061 48041 1:0 107296
106062 48054 1:0 107295
106064 48042 1:0 107295
106064 48045 1:0 107296
106084 47171 0:0 106086
106085 47168 0:0 106086
106085 47167 0:0 106086
106085 47172 0:0 106086
106085 47169 0:0 106086
106087 48051 1:0 107295
106087 48196 1:0 107516
106087 48189 1:0 107516
106087 48191 1:0 107516
106087 48188 1:0 107517
106087 48197 1:0 107582
106094 48195 1:0 107516
106094 48201 1:0 107516
106095 48198 1:0 107516
106095 48200 1:0 107516
106095 48199 1:0 107516
106095 48194 1:0 107517
106104 48346 1:0 107737
106104 48342 1:0 107737
106104 48338 1:0 107737
106104 48337 1:0 107738
106104 48347 1:0 107738
106104 48341 1:0 107738
106104 48348 1:0 107823
106110 48336 1:0 107737
106110 48343 1:0 107738
106110 48335 1:0 107738
106114 48345 1:0 107738
106130 48344 1:0 107737
106143 48483 1:0 107958
106143 48489 1:0 107958
106143 48488 1:0 107959
106143 48495 1:0 108044
106184 48491 1:0 107958
106212 48492 1:0 107959
106213 48490 1:0 107959
106262 47315 21:0 106307
106263 48494 1:0 107959
106273 48485 1:0 107958
106273 48493 1:0 107958
106273 48482 1:0 107959
106283 48641 1:0 108264
106305 47318 0:0 106307
106305 47314 0:0 106307
106306 47307 0:0 106307
106306 47309 0:0 106307
106306 47316 0:0 106307
106306 47317 0:0 106307
106306 47319 0:0 106307
106306 47312 0:0 106307
106306 47306 0:0 106307
106306 47311 0:0 106307
106306 47313 0:0 106307
106308 48630 1:0 108179
106308 48636 1:0 108179
106308 48640 1:0 108179
106308 48634 1:0 108179
106308 48639 1:0 108180
106308 48637 1:0 108180
106308 48629 1:0 108180
106315 48638 1:0 108179
106315 48642 1:0 108179
106315 48635 1:0 108180
106316 48788 1:0 108401
106316 48784 1:0 108401
106316 48789 1:0 108486
106325 48785 1:0 108400
106325 48783 1:0 108400
106325 48777 1:0 108400
106325 48787 1:0 108400
106325 48786 1:0 108401
106325 48782 1:0 108401
106331 48776 1:0 108401
106331 48923 1:0 108622
106331 48933 1:0 108696
106333 48924 1:0 108621
106336 48930 1:0 108621
106336 48936 1:0 108621
106352 48935 1:0 108621
106364 48934 1:0 108621
106405 48932 1:0 108621
106413 48926 1:0 108621
106413 48929 1:0 108622
106433 48931 1:0 108622
106434 68908 1:0 108750
106434 67437 1:0 108756
106434 64495 1:0 108756
106434 65966 1:0 108756
106435 61553 1:0 108759
106484 63024 1:0 108759
106484 58611 1:0 108759
106484 55669 1:0 108780
106493 47464 21:0 106528
106494 57140 1:0 108780
106494 60082 1:0 108780
106494 54198 1:0 108787
106494 49173 1:0 108969
106504 52727 1:0 108819
106504 51256 1:0 108838
106504 49172 1:0 108968
106526 47463 0:0 106528
106526 47462 0:0 106528
106526 47465 0:0 106528
106526 47461 0:0 106528
106527 47458 0:0 106528
106527 47457 0:0 106528
106527 47460 0:0 106528
106527 47453 0:0 106528
106527 47459 0:0 106528
106527 47466 0:0 106528
106527 47454 0:0 106528
106529 49074 1:0 108843
106529 49070 1:0 108843
106529 298 1:0 108843
106529 49076 1:0 108843
106529 49071 1:0 108844
106529 49077 1:0 108844
106529 49078 1:0 108907
106529 49079 1:0 108908
106529 49785 1:0 108916
106536 49082 1:0 108916
106536 49083 1:0 108916
106537 49081 1:0 108916
106537 49080 1:0 108917
106727 47612 21:0 106749
106748 47606 0:0 106749
106748 47610 0:0 106749
106748 47603 0:0 106749
106748 47600 0:0 106749
106748 47611 0:0 106749
106748 47609 0:0 106749
106748 47601 0:0 106749
106748 47608 0:0 106749
106748 47607 0:0 106749
106748 47605 0:0 106749
106748 47613 0:0 106749
106938 47757 21:0 106970
106969 47759 0:0 106970
106969 47758 0:0 106970
106969 47748 0:0 106970
106969 47753 0:0 106970
106969 47754 0:0 106970
106969 47756 0:0 106970
106969 47755 0:0 106970
106969 47760 0:0 106970
106969 47747 0:0 106970
107149 47902 21:0 107191
107189 47906 0:0 107191
107189 47904 0:0 107191
107190 47901 0:0 107191
107190 47894 0:0 107191
107190 47907 0:0 107191
107190 47905 0:0 107191
107190 47895 0:0 107191
107190 47900 0:0 107191
107190 47903 0:0 107191
107367 48050 21:0 107412
107410 48051 0:0 107412
107410 48053 0:0 107412
107411 48048 0:0 107412
107411 48049 0:0 107412
107411 48041 0:0 107412
107411 48047 0:0 107412
107411 48045 0:0 107412
107411 48054 0:0 107412
107411 48042 0:0 107412
107411 48052 0:0 107412
107588 48197 21:0 107633
107631 48196 0:0 107633
107631 48198 0:0 107633
107631 48200 0:0 107633
107632 48189 0:0 107633
107632 48195 0:0 107633
107632 48191 0:0 107633
107632 48194 0:0 107633
107632 48199 0:0 107633
107632 48201 0:0 107633
107632 48188 0:0 107633
107829 48348 21:0 107854
107852 48347 0:0 107854
107852 48343 0:0 107854
107852 48345 0:0 107854
107852 48346 0:0 107854
107853 48335 0:0 107854
107853 48341 0:0 107854
107853 48344 0:0 107854
107853 48337 0:0 107854
107853 48338 0:0 107854
107853 48342 0:0 107854
107853 48336 0:0 107854
108050 48495 21:0 108075
108073 48494 0:0 108075
108073 48492 0:0 108075
108073 48490 0:0 108075
108073 48491 0:0 108075
108074 48493 0:0 108075
108074 48489 0:0 108075
108074 48488 0:0 108075
108074 48482 0:0 108075
108074 48485 0:0 108075
108074 48483 0:0 108075
108274 48641 21:0 108296
108294 48639 0:0 108296
108295 48640 0:0 108296
108295 48638 0:0 108296
108295 48634 0:0 108296
108295 48630 0:0 108296
108295 48635 0:0 108296
108295 48636 0:0 108296
108295 48629 0:0 108296
108295 48642 0:0 108296
108295 48637 0:0 108296
108492 48789 21:0 108517
108515 48784 0:0 108517
108515 48787 0:0 108517
108515 48786 0:0 108517
108515 48788 0:0 108517
108516 48776 0:0 108517
108516 48785 0:0 108517
108516 48777 0:0 108517
108516 48783 0:0 108517
108516 48782 0:0 108517
108706 48933 21:0 108738
108736 48935 0:0 108738
108737 48931 0:0 108738
108737 48934 0:0 108738
108737 48926 0:0 108738
108737 48930 0:0 108738
108737 48923 0:0 108738
108737 48929 0:0 108738
108737 48924 0:0 108738
108737 48936 0:0 108738
108737 48932 0:0 108738
108917 49078 0:0 108957
108927 49080 0:0 108957
108934 49083 0:0 108957
108956 49079 0:0 108957
108956 49082 0:0 108957
108975 49173 21:0 119
