129 13742 21:0 151
150 13752 21:0 192
191 13750 21:0 203
202 13753 21:0 208
207 13754 21:0 208
207 13755 21:0 213
212 13751 21:0 213
212 305 21:0 227
1373 14457 21:0 1383
3350 298 21:0 3368
4107 15719 21:0 4124
4262 15786 21:0 4328
4411 15851 21:0 4428
4627 15851 1:0 4887
4628 15786 1:0 5141
4637 15719 1:0 5411
4637 300 1:0 6711
6709 299 21:0 6727
6861 16927 21:0 6927
7157 17056 21:0 7165
7469 17191 21:0 7535
7689 17287 21:0 7697
7986 17287 1:0 8387
7987 17191 1:0 8762
7987 17056 1:0 9304
7996 16927 1:0 9810
7996 301 1:0 10070
7996 302 1:0 13429
7996 303 1:0 16788
10068 300 21:0 10086
10288 18428 21:0 10296
10828 18662 21:0 10894
10901 18694 21:0 10918
11053 18760 21:0 11070
11345 18760 1:0 11736
11346 18694 1:0 11998
11346 304 1:0 20147
11355 18662 1:0 12121
11355 18428 1:0 13056
13427 301 21:0 13445
13728 19934 21:0 13745
13959 20034 21:0 14025
14027 20064 21:0 14035
14488 20264 21:0 14505
14704 20264 1:0 14964
14705 20064 1:0 15760
14714 20034 1:0 15873
14714 19934 1:0 16274
16786 302 21:0 16804
16859 21306 21:0 16876
17014 21373 21:0 17080
17467 21570 21:0 17484
17690 21667 21:0 17698
18063 21667 1:0 18595
18064 21570 1:0 18978
18073 21373 1:0 19756
18073 21306 1:0 20026
20145 303 21:0 20163
20213 22775 21:0 20221
20220 22776 21:0 20263
20262 22777 21:0 20287
20286 22778 21:0 20297
20296 22808 21:0 20316
20315 22809 21:0 20363
20317 22808 1:0 23264
20362 22810 21:0 20370
20364 22809 1:0 23253
20369 22811 21:0 20387
20371 22810 1:0 23246
20386 22841 21:0 20439
20388 22811 1:0 23166
20440 22841 1:0 23133
20674 22974 21:0 20691
20692 22974 1:0 22598
21422 22778 1:0 23297
21423 22777 1:0 23377
21423 305 1:0 23506
21432 22776 1:0 23384
21432 22775 1:0 23395
23504 304 21:0 23522
23653 24281 21:0 23670
23805 24347 21:0 23822
24028 24444 21:0 24036
24261 24544 21:0 24278
24791 299 1:0 3352
24791 11546 1:0 24801
24792 11547 1:0 24804
24792 11545 1:0 24814
24792 11550 1:0 24841
24801 11548 1:0 24886
24801 11549 1:0 24972
24801 11694 1:0 25022
24801 11697 1:0 25025
24807 11695 1:0 25034
24809 11692 1:0 25060
24812 11693 1:0 25107
24828 11696 1:0 25193
24840 11842 1:0 25243
24881 11840 1:0 25246
24894 11844 1:0 25274
24910 11839 1:0 25274
24911 11843 1:0 25325
24960 11841 1:0 25404
24970 11990 1:0 25464
24980 11988 1:0 25467
24982 11549 21:0 25004
25003 11548 21:0 25007
25006 11550 21:0 25007
25006 11545 21:0 25015
25012 11989 1:0 25495
25012 11987 1:0 25495
25013 11991 1:0 25546
25013 11986 1:0 25615
25013 12138 1:0 25679
25014 11547 21:0 25018
25016 12132 1:0 25770
25017 11546 21:0 25018
25019 24544 1:0 25676
25022 12137 1:0 25685
25022 12135 1:0 25688
25022 12136 1:0 25716
25022 12134 1:0 25716
25028 12133 1:0 25767
25028 12125 1:0 25772
25028 12131 1:0 25826
25032 12281 1:0 25897
25048 12283 1:0 25900
25061 12284 1:0 25906
25102 12285 1:0 25909
25110 12280 1:0 25934
25130 12282 1:0 25972
25131 12279 1:0 25988
25131 12278 1:0 25991
25131 12272 1:0 26017
25131 12273 1:0 26018
25132 12426 1:0 26209
25191 24347 1:0 26110
25201 12429 1:0 26118
25203 11696 21:0 25225
25224 11693 21:0 25228
25227 11692 21:0 25228
25227 11695 21:0 25236
25233 12430 1:0 26121
25233 12431 1:0 26127
25234 12428 1:0 26130
25234 12427 1:0 26155
25234 12432 1:0 26193
25235 11697 21:0 25239
25237 12425 1:0 26212
25237 12420 1:0 26239
25238 11694 21:0 25239
25240 12419 1:0 26238
25240 12579 1:0 26339
25243 24444 1:0 26331
25243 12576 1:0 26342
25243 12578 1:0 26348
25249 12577 1:0 26351
25249 12574 1:0 26376
25253 12575 1:0 26414
25254 12566 1:0 26430
25254 12567 1:0 26433
25269 12573 1:0 26435
25269 12572 1:0 26489
25282 12724 1:0 26560
25323 12726 1:0 26563
25331 12723 1:0 26569
25351 12725 1:0 26572
25352 12721 1:0 26597
25352 12720 1:0 26651
25353 12713 1:0 26654
25402 12722 1:0 26635
25412 12714 1:0 26681
25412 12719 1:0 26710
25412 12866 1:0 26872
25414 11841 21:0 25446
25422 12871 1:0 26781
25445 11843 21:0 25449
25448 11839 21:0 25449
25448 11844 21:0 25457
25454 12868 1:0 26784
25454 12873 1:0 26790
25455 12869 1:0 26793
25455 12870 1:0 26818
25455 12872 1:0 26856
25456 11840 21:0 25460
25458 12861 1:0 26875
25458 12860 1:0 26901
25459 11842 21:0 25460
25461 12867 1:0 26932
25461 13015 1:0 27002
25461 13007 1:0 27093
25461 13013 1:0 27096
25464 13020 1:0 27005
25464 13016 1:0 27011
25464 13018 1:0 27014
25464 13017 1:0 27039
25470 13019 1:0 27077
25470 13008 1:0 27123
25470 13014 1:0 27153
25474 13167 1:0 27223
25490 13164 1:0 27226
25503 13163 1:0 27232
25544 13166 1:0 27235
25552 13162 1:0 27260
25572 13165 1:0 27298
25573 13155 1:0 27314
25573 13160 1:0 27317
25573 13154 1:0 27319
25573 13161 1:0 27374
25574 13308 1:0 27535
25623 13311 1:0 27444
25625 11986 21:0 25667
25633 13313 1:0 27447
25643 13309 1:0 27453
25666 11991 21:0 25670
25669 11989 21:0 25670
25669 11987 21:0 25678
25675 13314 1:0 27456
25675 13310 1:0 27481
25676 13312 1:0 27519
25676 13307 1:0 27538
25676 13301 1:0 27564
25676 13302 1:0 27565
25676 13460 1:0 27665
25676 13449 1:0 27756
25677 11988 21:0 25681
25679 13454 1:0 27759
25680 11990 21:0 25681
25682 24281 1:0 27657
25685 13456 1:0 27668
25685 13457 1:0 27674
25685 13459 1:0 27677
25685 13458 1:0 27702
25691 13461 1:0 27740
25691 13448 1:0 27785
25691 13455 1:0 27816
25695 13607 1:0 27886
25711 13604 1:0 27889
25724 13606 1:0 27895
25765 13603 1:0 27898
25773 13608 1:0 27923
25793 13605 1:0 27961
25794 13601 1:0 27977
25794 13596 1:0 27980
25794 13595 1:0 28006
25794 13602 1:0 28037
25795 13742 1:0 28198
25836 12131 21:0 25860
25844 13751 1:0 28107
25854 13755 1:0 28110
25859 12125 21:0 25888
25864 13754 1:0 28116
25887 12132 21:0 25888
25887 12133 21:0 25888
25887 12134 21:0 25891
25890 12136 21:0 25899
25896 298 1:0 28144
25896 13753 1:0 28119
25896 13748 1:0 28201
25897 14457 1:0 28315
25897 13750 1:0 28144
25897 13752 1:0 28182
25897 13743 1:0 28204
25897 13749 1:0 28258
25898 12135 21:0 25899
25898 12137 21:0 25902
25901 12138 21:0 25908
26027 12272 21:0 26071
26070 12273 21:0 26109
26108 12279 21:0 26109
26108 12278 21:0 26109
26108 12282 21:0 26112
26111 12280 21:0 26112
26111 12285 21:0 26120
26119 12284 21:0 26123
26122 12283 21:0 26123
26122 12281 21:0 26129
26245 12420 21:0 26291
26290 12419 21:0 26330
26329 12426 21:0 26330
26329 12425 21:0 26330
26329 12432 21:0 26333
26332 12427 21:0 26333
26332 12428 21:0 26341
26340 12431 21:0 26344
26343 12430 21:0 26344
26343 12429 21:0 26350
26499 12572 21:0 26523
26522 12573 21:0 26551
26550 12566 21:0 26551
26550 12567 21:0 26551
26550 12575 21:0 26554
26553 12574 21:0 26554
26553 12577 21:0 26562
26561 12578 21:0 26565
26564 12576 21:0 26565
26564 12579 21:0 26571
26687 12714 21:0 26733
26732 12719 21:0 26772
26771 12713 21:0 26772
26771 12720 21:0 26772
26771 12722 21:0 26775
26774 12721 21:0 26775
26774 12725 21:0 26783
26782 12723 21:0 26786
26785 12726 21:0 26786
26785 12724 21:0 26792
26911 12860 21:0 26955
26954 12867 21:0 26993
26992 12866 21:0 26993
26992 12861 21:0 26993
26992 12872 21:0 26996
26995 12870 21:0 26996
26995 12869 21:0 27004
27003 12873 21:0 27007
27006 12868 21:0 27007
27006 12871 21:0 27013
27129 13008 21:0 27175
27174 13014 21:0 27214
27213 13007 21:0 27214
27213 13013 21:0 27214
27213 13019 21:0 27217
27216 13017 21:0 27217
27216 13018 21:0 27225
27224 13016 21:0 27228
27227 13020 21:0 27228
27227 13015 21:0 27234
27380 13161 21:0 27405
27404 13154 21:0 27435
27434 13160 21:0 27435
27434 13155 21:0 27435
27434 13165 21:0 27438
27437 13162 21:0 27438
27437 13166 21:0 27446
27445 13163 21:0 27449
27448 13164 21:0 27449
27448 13167 21:0 27455
27574 13301 21:0 27618
27617 13302 21:0 27656
27655 13308 21:0 27656
27655 13307 21:0 27656
27655 13312 21:0 27659
27658 13310 21:0 27659
27658 13314 21:0 27667
27666 13309 21:0 27670
27669 13313 21:0 27670
27669 13311 21:0 27676
27795 13448 21:0 27839
27838 13455 21:0 27877
27876 13449 21:0 27877
27876 13454 21:0 27877
27876 13461 21:0 27880
27879 13458 21:0 27880
27879 13459 21:0 27888
27887 13457 21:0 27891
27890 13456 21:0 27891
27890 13460 21:0 27897
28016 13595 21:0 28060
28059 13602 21:0 28098
28097 13596 21:0 28098
28097 13601 21:0 28098
28097 13605 21:0 28101
28100 13608 21:0 28101
28100 13603 21:0 28109
28108 13606 21:0 28112
28111 13604 21:0 28112
28111 13607 21:0 28118
28264 13749 21:0 28289
28288 13743 21:0 28337
28336 13748 21:0 130
