49 7816 0:0 51
49 7818 0:0 51
49 7817 0:0 51
49 7815 0:0 51
49 7909 0:0 51
50 7908 0:0 51
50 7814 0:0 51
1273 8473 21:0 1283
3478 9505 21:0 3544
3551 9536 21:0 3568
3553 9537 0:0 3554
3627 9569 21:0 3644
4007 9735 21:0 4024
4154 9799 0:0 4157
4159 9801 21:0 4176
4527 9801 1:0 5049
4528 9799 1:0 5059
4537 9735 1:0 5311
4537 9569 1:0 5965
4543 9536 1:0 6096
4563 9537 1:0 6097
4564 5755 1:0 11571
4658 9505 1:0 6220
6753 10940 0:0 6756
6758 10942 21:0 6775
6834 10974 21:0 6851
7057 11072 21:0 7065
7285 11171 21:0 7293
7442 11239 21:0 7459
7589 11303 0:0 7592
7594 11305 21:0 7611
7886 11305 1:0 8277
7887 11303 1:0 8287
7887 11239 1:0 8539
7896 11171 1:0 8811
7896 11072 1:0 9204
7904 10974 1:0 9586
7923 10942 1:0 9718
7935 5609 1:0 11347
8017 10940 1:0 9728
10041 12380 21:0 10058
10117 12413 21:0 10134
10134 12414 0:0 10170
10269 12479 21:0 10286
10492 12576 0:0 10495
10497 12578 21:0 10514
10725 12677 21:0 10742
10801 12709 21:0 10818
11255 5610 1:0 11417
11255 5611 1:0 11426
11256 5612 1:0 11427
11256 5613 1:0 11436
11265 5756 1:0 11571
11265 5758 1:0 11571
11265 5760 1:0 11572
11265 5759 1:0 11572
11271 5761 1:0 11658
11271 5903 1:0 11858
11275 5905 1:0 11868
11291 5907 1:0 11878
11304 5908 1:0 11879
11304 6052 1:0 12013
11345 6043 1:0 12040
11358 6050 1:0 12079
11373 6053 1:0 12090
11374 6054 1:0 12099
11375 6196 1:0 12291
11423 5610 21:0 11468
11424 6197 1:0 12231
11434 6200 1:0 12311
11444 6199 1:0 12310
11466 5611 0:0 11468
11467 5609 0:0 11468
11467 5613 0:0 11468
11467 5612 0:0 11468
11469 6201 1:0 12320
11469 6202 1:0 12321
11476 12709 1:0 12357
11477 6346 1:0 12455
11477 6336 1:0 12481
11477 6342 1:0 12511
11477 6344 1:0 12521
11486 6345 1:0 12522
11486 6347 1:0 12532
11486 6348 1:0 12534
11486 6349 1:0 12534
11492 6343 1:0 12512
11496 12677 1:0 12579
11512 6491 1:0 12673
11525 6492 1:0 12743
11525 6493 1:0 12752
11574 6494 1:0 12753
11579 6489 1:0 12732
11594 6495 1:0 12762
11595 6496 1:0 12763
11596 6630 1:0 12898
11638 5755 21:0 11663
11645 6639 1:0 12894
11655 6638 1:0 12894
11664 5761 21:0 11689
11664 6636 1:0 12953
11665 6641 1:0 12974
11687 5759 0:0 11689
11687 5756 0:0 11689
11687 5758 0:0 11689
11687 5760 0:0 11689
11690 6640 1:0 12973
11690 6642 1:0 12983
11697 6643 1:0 12984
11697 6785 1:0 13118
11698 12578 1:0 13115
11698 6784 1:0 13118
11698 6778 1:0 13119
11707 6787 1:0 13118
11707 6788 1:0 13119
11707 6786 1:0 13119
11707 6790 1:0 13119
11713 6789 1:0 13204
11718 12576 1:0 13252
11734 6932 1:0 13339
11746 6934 1:0 13339
11787 6935 1:0 13340
11800 6933 1:0 13340
11816 6936 1:0 13340
11817 6937 1:0 13426
11866 6925 1:0 13340
11866 7072 1:0 13562
11866 7078 1:0 13617
11868 5903 21:0 11910
11876 7079 1:0 13558
11886 7080 1:0 13558
11908 5907 0:0 11910
11908 5905 0:0 11910
11909 5908 0:0 11910
11911 7081 1:0 13636
11918 7082 1:0 13637
11918 7083 1:0 13646
11919 7084 1:0 13647
11919 7227 1:0 13779
11919 7225 1:0 13838
11919 7372 1:0 14059
11928 12479 1:0 13778
11928 7226 1:0 13779
11928 7229 1:0 13858
11934 7228 1:0 13857
11936 7230 1:0 13867
11939 7231 1:0 13868
11955 7373 1:0 13999
11967 7374 1:0 13999
12008 7375 1:0 14078
12021 7376 1:0 14079
12037 7377 1:0 14088
12038 7378 1:0 14089
12046 6043 21:0 12092
12097 12414 1:0 14152
12099 6052 21:0 12131
12129 6053 0:0 12131
12129 6054 0:0 12131
12130 6050 0:0 12131
12132 12413 1:0 14223
12139 7522 1:0 14223
12139 7520 1:0 14223
12140 7523 1:0 14224
12140 7521 1:0 14224
12149 7524 1:0 14224
12149 7525 1:0 14310
12149 7667 1:0 14442
12149 7668 1:0 14442
12155 7669 1:0 14520
12155 7670 1:0 14521
12157 7666 1:0 14501
12160 7671 1:0 14530
12175 7672 1:0 14531
12176 8473 1:0 14665
12176 7908 1:0 14792
12229 12380 1:0 14568
12242 7814 1:0 14665
12258 7816 1:0 14665
12259 7817 1:0 14666
12308 7815 1:0 14666
12317 6200 21:0 12352
12318 7818 1:0 14666
12328 7819 1:0 14752
12350 6201 0:0 12352
12350 6199 0:0 12352
12351 6202 0:0 12352
12351 6196 0:0 12352
12351 6197 0:0 12352
12353 7909 1:0 14793
12491 6336 21:0 12535
12535 6342 0:0 12543
12541 6346 21:0 12573
12572 6349 0:0 12573
12572 6348 0:0 12573
12572 6347 0:0 12573
12572 6343 0:0 12573
12572 6344 0:0 12573
12572 6345 0:0 12573
12749 6492 21:0 12794
12792 6493 0:0 12794
12793 6491 0:0 12794
12793 6496 0:0 12794
12793 6494 0:0 12794
12793 6495 0:0 12794
12793 6489 0:0 12794
12980 6641 21:0 13015
13013 6640 0:0 13015
13013 6642 0:0 13015
13014 6630 0:0 13015
13014 6639 0:0 13015
13014 6638 0:0 13015
13014 6636 0:0 13015
13014 6643 0:0 13015
13185 6784 21:0 13210
13214 6789 21:0 13236
13235 6787 0:0 13236
13235 6786 0:0 13236
13235 6788 0:0 13236
13235 6785 0:0 13236
13235 6778 0:0 13236
13235 6790 0:0 13236
13432 6937 21:0 13457
13455 6935 0:0 13457
13455 6934 0:0 13457
13455 6932 0:0 13457
13455 6933 0:0 13457
13455 6925 0:0 13457
13455 6936 0:0 13457
13646 7081 21:0 13678
13676 7083 0:0 13678
13677 7082 0:0 13678
13677 7079 0:0 13678
13677 7080 0:0 13678
13677 7078 0:0 13678
13677 7084 0:0 13678
13677 7072 0:0 13678
13864 7229 21:0 13899
13897 7230 0:0 13899
13897 7228 0:0 13899
13898 7231 0:0 13899
13898 7226 0:0 13899
13898 7225 0:0 13899
13898 7227 0:0 13899
14088 7375 21:0 14120
14118 7377 0:0 14120
14119 7372 0:0 14120
14119 7374 0:0 14120
14119 7376 0:0 14120
14119 7378 0:0 14120
14119 7373 0:0 14120
14316 7525 21:0 14341
14339 7522 0:0 14341
14339 7521 0:0 14341
14339 7523 0:0 14341
14339 7520 0:0 14341
14339 7524 0:0 14341
14530 7669 21:0 14562
14560 7671 0:0 14562
14561 7667 0:0 14562
14561 7668 0:0 14562
14561 7670 0:0 14562
14561 7666 0:0 14562
14561 7672 0:0 14562
14758 7819 21:0 59
