78 49236 0:0 106
78 49139 0:0 91
78 49137 0:0 91
78 49136 0:0 91
78 329 0:0 171
78 49145 0:0 238
1525 49913 21:0 1535
3502 298 21:0 3520
3575 50877 21:0 3592
3803 50977 21:0 3820
3805 50976 0:0 3806
4634 51338 21:0 4642
4738 51384 21:0 4748
4779 51338 1:0 4918
4780 50977 1:0 6349
4780 300 1:0 6863
4789 50976 1:0 6348
4789 50877 1:0 6741
6861 299 21:0 6879
7469 52581 21:0 7535
7621 52647 21:0 7687
7694 52679 21:0 7711
7846 52744 21:0 7863
8097 52855 21:0 8107
8138 52744 1:0 8528
8139 52679 1:0 8791
8139 301 1:0 10222
8148 52647 1:0 8914
8148 52581 1:0 9176
10220 300 21:0 10238
10293 53820 21:0 10310
10295 53819 0:0 10296
10516 53917 21:0 10524
11284 54250 21:0 11350
11456 54326 21:0 11466
11497 54250 1:0 11749
11498 53917 1:0 13077
11498 302 1:0 13581
11507 53819 1:0 13459
11507 53820 1:0 13460
13579 301 21:0 13597
13728 55323 21:0 13745
13807 55358 21:0 13873
14415 55622 21:0 14481
14491 55655 21:0 14557
14815 55797 21:0 14825
14856 55655 1:0 15370
14857 55622 1:0 15501
14857 303 1:0 16940
14866 55358 1:0 16549
14866 55323 1:0 16687
16938 302 21:0 16956
17163 56827 21:0 17180
17391 56926 21:0 17408
17918 57156 21:0 17926
17994 57189 21:0 18002
18174 57268 21:0 18184
18215 57189 1:0 18485
18216 57156 1:0 18616
18216 304 1:0 20299
18225 56926 1:0 19522
18225 56827 1:0 19915
20297 303 21:0 20315
20370 58233 21:0 20387
21130 58563 21:0 21147
21277 58627 0:0 21280
21282 58629 21:0 21299
21533 58739 21:0 21543
21574 58629 1:0 21965
21575 58627 1:0 21975
21575 305 1:0 23658
21584 58563 1:0 22227
21584 58233 1:0 23537
23656 304 21:0 23674
23729 59704 21:0 23746
24036 59837 21:0 24102
24717 60133 21:0 24734
24793 60165 21:0 24810
24892 60210 21:0 24902
24933 60165 1:0 25061
24934 60133 1:0 25193
24934 306 1:0 27017
24943 59837 1:0 26364
24943 59704 1:0 26896
27015 305 21:0 27033
27240 61240 21:0 27257
27387 61305 21:0 27395
27691 61437 21:0 27699
28076 61603 21:0 28093
28251 61681 21:0 28261
28292 61603 1:0 28551
28293 61437 1:0 29217
28293 307 1:0 30376
28302 61305 1:0 29741
28302 61240 1:0 29992
30374 306 21:0 30392
30754 62779 21:0 30820
30822 62809 21:0 30830
31055 62909 0:0 31058
31058 62911 21:0 31124
31610 63152 21:0 31620
31651 62911 1:0 32558
31652 62909 1:0 32565
31652 308 1:0 33735
31661 62809 1:0 32969
31661 62779 1:0 33082
33733 307 21:0 33751
34110 64248 21:0 34127
34414 64381 21:0 34431
34566 64446 21:0 34583
34721 64514 21:0 34787
34969 64623 21:0 34979
35010 64514 1:0 35393
35011 64446 1:0 35662
35011 309 1:0 37094
35020 64381 1:0 35925
35020 64248 1:0 36448
37092 308 21:0 37110
37160 65586 21:0 37168
37388 65685 21:0 37396
38001 65951 21:0 38018
38229 66050 21:0 38246
38328 66094 21:0 38338
38369 66050 1:0 38498
38370 65951 1:0 38891
38370 310 1:0 40453
38379 65685 1:0 39949
38379 65586 1:0 40342
40451 309 21:0 40469
40679 67126 21:0 40745
40831 67192 21:0 40897
41431 67453 21:0 41439
41588 67521 21:0 41605
41687 67565 21:0 41697
41728 67521 1:0 41857
41729 67453 1:0 42129
41729 311 1:0 43812
41738 67192 1:0 43159
41738 67126 1:0 43421
43810 310 21:0 43828
43883 68529 21:0 43900
44795 68926 0:0 44798
44798 68927 21:0 44864
44947 68991 21:0 44964
45046 69036 21:0 45056
45087 68991 1:0 45215
45088 68927 1:0 45470
45088 312 1:0 47171
45097 68926 1:0 45478
45097 68529 1:0 47049
47169 311 21:0 47187
47313 70032 21:0 47321
47546 70133 21:0 47563
47845 70263 21:0 47853
47853 70266 21:0 47919
48405 70507 21:0 48415
48446 70266 1:0 49353
48447 70263 1:0 49371
48447 313 1:0 50530
48456 70133 1:0 49885
48456 70032 1:0 50288
50528 312 21:0 50546
50908 71605 21:0 50974
51209 71735 21:0 51226
51584 71899 21:0 51592
51668 71935 21:0 51734
51764 71978 21:0 51774
51805 71935 1:0 51926
51806 71899 1:0 52075
51806 314 1:0 53889
51815 71735 1:0 52719
51815 71605 1:0 53236
53887 313 21:0 53905
54036 72976 21:0 54053
54563 73205 21:0 54571
54872 73339 21:0 54889
54943 73370 21:0 54951
55123 73449 21:0 55133
55164 73370 1:0 55434
55165 73339 1:0 55555
55165 315 1:0 57248
55174 73205 1:0 56089
55174 72976 1:0 56996
57246 314 21:0 57264
57471 74480 21:0 57488
57542 74511 21:0 57550
58226 74808 0:0 58229
58231 74810 21:0 58248
58482 74920 21:0 58492
58523 74810 1:0 58914
58524 74808 1:0 58924
58524 316 1:0 60607
58533 74511 1:0 60103
58533 74480 1:0 60224
60605 315 21:0 60623
60825 75949 21:0 60833
60982 76016 21:0 60999
61517 76249 21:0 61583
61745 76348 21:0 61811
61841 76391 21:0 61851
61882 76348 1:0 62003
61883 76249 1:0 62396
61883 317 1:0 63966
61892 76016 1:0 63320
61892 75949 1:0 63593
63964 316 21:0 63982
64648 77621 21:0 64714
64873 77719 21:0 64890
64890 77720 0:0 64926
65101 77818 21:0 65118
65200 77862 21:0 65210
65241 77818 1:0 65370
65242 77720 1:0 65755
65242 318 1:0 67325
65251 77719 1:0 65763
65251 77621 1:0 66148
67323 317 21:0 67341
67396 78826 21:0 67413
67771 78990 21:0 67779
67855 79026 21:0 67921
68235 79191 21:0 68301
68559 79333 21:0 68569
68600 79191 1:0 69114
68601 79026 1:0 69769
68601 319 1:0 70684
68610 78990 1:0 69918
68610 78826 1:0 70562
70682 318 21:0 70700
70831 80331 21:0 70848
70986 80398 21:0 71052
71059 80429 21:0 71076
71738 80725 21:0 71746
71918 80804 21:0 71928
71959 80725 1:0 72229
71960 80429 1:0 73397
71960 320 1:0 74043
71969 80398 1:0 73521
71969 80331 1:0 73791
74041 319 21:0 74059
74117 81770 21:0 74183
74345 81869 21:0 74411
74413 81899 21:0 74421
75178 82231 21:0 75195
75277 82275 21:0 75287
75318 82231 1:0 75447
75319 81899 1:0 76767
75319 321 1:0 77402
75328 81869 1:0 76880
75328 81770 1:0 77273
77400 320 21:0 77418
77552 83274 21:0 77618
78081 83504 21:0 78098
78304 83601 21:0 78312
78456 83667 21:0 78464
78636 83746 21:0 78646
78677 83667 1:0 78947
78678 83601 1:0 79209
78678 322 1:0 80761
78687 83504 1:0 79592
78687 83274 1:0 80501
80759 321 21:0 80777
81060 84810 21:0 81077
81136 84843 21:0 81153
81283 84907 21:0 81291
81592 85040 21:0 81609
81995 85217 21:0 82005
82036 85040 1:0 82688
82037 84907 1:0 83223
82037 323 1:0 84120
82046 84843 1:0 83475
82046 84810 1:0 83606
84118 322 21:0 84136
84194 86183 21:0 84260
84495 86314 21:0 84512
84723 86413 21:0 84740
84875 86478 21:0 84892
84954 86513 21:0 85020
85395 86513 1:0 86040
85396 86478 1:0 86178
85396 86413 1:0 86441
85405 86314 1:0 86834
85405 86183 1:0 87350
85411 324 1:0 87479
87477 323 21:0 87495
87778 87751 21:0 87795
87849 87783 21:0 87857
87930 87818 21:0 87947
88009 87852 21:0 88075
88153 87915 21:0 88161
88754 87915 1:0 89679
88755 87852 1:0 89923
88755 87818 1:0 90062
88764 87783 1:0 90203
88764 87751 1:0 90323
88770 325 1:0 90838
88770 326 1:0 94197
90836 324 21:0 90854
90988 89158 21:0 91054
91360 89320 21:0 91368
91664 89452 21:0 91672
91748 89488 21:0 91814
91900 89554 21:0 91966
92113 89554 1:0 92365
92114 89488 1:0 92627
92123 89452 1:0 92776
92123 89320 1:0 93300
92129 89158 1:0 93937
92131 327 1:0 97556
94195 325 21:0 94213
94572 90726 21:0 94589
94795 90824 0:0 94798
94800 90825 21:0 94817
95028 90925 21:0 95045
95107 90959 21:0 95173
95472 90959 1:0 95986
95473 90925 1:0 96125
95482 90825 1:0 96517
95482 90824 1:0 96528
95488 90726 1:0 96910
97554 326 21:0 97572
97627 92065 21:0 97644
98002 92229 21:0 98010
98238 92331 21:0 98304
98387 92395 21:0 98404
98691 92527 21:0 98708
98831 92527 1:0 98959
98832 92395 1:0 99483
98841 92331 1:0 99738
98841 92229 1:0 100149
98847 92065 1:0 100793
98849 328 1:0 100915
100913 327 21:0 100931
101214 93635 21:0 101231
101665 93832 21:0 101673
101746 93867 21:0 101763
101822 93900 21:0 101839
101974 93966 21:0 101991
102190 93966 1:0 102450
102191 93900 1:0 102712
102200 93867 1:0 102843
102200 93832 1:0 102984
102206 93635 1:0 103759
102208 329 1:0 104274
104272 328 21:0 104290
104576 95108 21:0 104642
104644 95138 0:0 104647
104649 95140 21:0 104666
104720 95171 0:0 104723
104725 95173 21:0 104742
105559 299 1:0 3504
105559 46936 1:0 105654
105559 46934 1:0 105654
105559 46939 1:0 105654
105559 46933 1:0 105656
105560 46937 1:0 105654
105560 46938 1:0 105655
105560 46929 1:0 105656
105569 46940 1:0 105655
105569 46941 1:0 105655
105569 46930 1:0 105655
105569 46935 1:0 105656
105569 46942 1:0 105741
105575 47086 1:0 105875
105575 47085 1:0 105875
105577 47083 1:0 105875
105577 47080 1:0 105875
105577 47227 1:0 106098
105580 47084 1:0 105875
105595 47082 1:0 105877
105596 47087 1:0 105876
105608 47089 1:0 105876
105649 47077 1:0 105876
105649 47076 1:0 105877
105662 47088 1:0 105961
105678 47231 1:0 106096
105678 47233 1:0 106096
105707 46934 21:0 105721
105720 46933 0:0 105722
105720 46929 0:0 105728
105720 46930 0:0 105728
105720 46936 21:0 105744
105728 47232 1:0 106097
105729 47234 1:0 106097
105738 47236 1:0 106097
105740 47230 1:0 106097
105747 46942 21:0 105772
105748 47224 1:0 106097
105748 47223 1:0 106098
105748 47229 1:0 106098
105770 46939 0:0 105772
105770 46941 0:0 105772
105770 46940 0:0 105772
105770 46935 0:0 105772
105770 46937 0:0 105772
105771 46938 0:0 105772
105773 47235 1:0 106182
105773 47378 1:0 106317
105773 47380 1:0 106317
105773 47370 1:0 106319
105780 47382 1:0 106318
105780 47381 1:0 106318
105781 47371 1:0 106318
105781 47379 1:0 106318
105781 47376 1:0 106319
105781 47383 1:0 106404
105790 47377 1:0 106318
105790 47375 1:0 106318
105790 47525 1:0 106538
105790 47527 1:0 106538
105790 47526 1:0 106539
105790 47520 1:0 106539
105796 47528 1:0 106539
105796 47529 1:0 106539
105800 47530 1:0 106625
105801 47518 1:0 106539
105801 47523 1:0 106540
105816 47524 1:0 106539
105816 47517 1:0 106540
105817 47668 1:0 106761
105817 47665 1:0 106762
105829 47675 1:0 106761
105870 47672 1:0 106761
105878 47664 1:0 106761
105883 47671 1:0 106761
105898 47677 1:0 106761
105899 47676 1:0 106761
105931 47080 21:0 105943
105942 47077 0:0 105950
105942 47076 0:0 105950
105943 47083 21:0 105968
105949 47674 1:0 106761
105951 47673 1:0 106761
105959 47670 1:0 106815
105959 47811 1:0 107006
105959 47812 1:0 107007
105959 47817 1:0 107036
105969 47820 1:0 106980
105969 47818 1:0 107037
105971 47088 21:0 105993
105991 47084 0:0 105993
105992 47086 0:0 105993
105992 47087 0:0 105993
105992 47089 0:0 105993
105992 47082 0:0 105993
105992 47085 0:0 105993
105994 47816 1:0 107027
105994 47819 1:0 107046
105994 47821 1:0 107056
105994 47824 1:0 107057
105994 47961 1:0 107238
106001 47822 1:0 107057
106001 47823 1:0 107057
106002 47966 1:0 107201
106002 47958 1:0 107227
106002 47959 1:0 107228
106002 47967 1:0 107268
106011 47968 1:0 107277
106011 47969 1:0 107278
106011 47971 1:0 107279
106011 47970 1:0 107279
106017 47963 1:0 107248
106017 47964 1:0 107257
106017 47965 1:0 107258
106017 48105 1:0 107448
106019 48118 1:0 107422
106022 48113 1:0 107488
106038 48114 1:0 107489
106050 48106 1:0 107449
106050 48115 1:0 107498
106091 48109 1:0 107468
106099 48116 1:0 107499
106104 48111 1:0 107478
106119 48117 1:0 107500
106120 48112 1:0 107479
106170 95173 1:0 107599
106180 48264 1:0 107643
106189 47227 0:0 106191
106190 48252 1:0 107669
106190 48253 1:0 107670
106190 48258 1:0 107699
106190 48259 1:0 107700
106192 47235 21:0 106214
106192 48255 1:0 107680
106213 47236 0:0 106214
106213 47223 0:0 106214
106213 47233 0:0 106214
106213 47232 0:0 106214
106213 47234 0:0 106214
106213 47231 0:0 106214
106213 47229 0:0 106214
106213 47224 0:0 106214
106213 47230 0:0 106214
106215 48254 1:0 107679
106215 48260 1:0 107709
106215 48261 1:0 107710
106215 48262 1:0 107719
106215 48263 1:0 107720
106215 48403 1:0 107910
106222 48265 1:0 107721
106222 48409 1:0 107864
106223 95171 1:0 107777
106223 48399 1:0 107890
106232 95140 1:0 107820
106232 48407 1:0 107930
106232 48408 1:0 107931
106238 48400 1:0 107891
106238 48405 1:0 107920
106238 48410 1:0 107941
106242 48411 1:0 107942
106258 48412 1:0 107942
106259 48406 1:0 107921
106312 95138 1:0 107998
106325 48554 1:0 108085
106341 95108 1:0 108041
106342 48546 1:0 108111
106391 48555 1:0 108152
106401 48547 1:0 108112
106401 48548 1:0 108121
106401 48551 1:0 108132
106401 48552 1:0 108141
106401 48553 1:0 108142
106410 47383 21:0 106435
106411 48556 1:0 108161
106433 47378 0:0 106435
106433 47381 0:0 106435
106433 47380 0:0 106435
106433 47382 0:0 106435
106433 47379 0:0 106435
106434 47377 0:0 106435
106434 47375 0:0 106435
106434 47376 0:0 106435
106434 47371 0:0 106435
106434 47370 0:0 106435
106436 48557 1:0 108162
106436 48559 1:0 108163
106436 48558 1:0 108163
106436 48705 1:0 108306
106436 48698 1:0 108353
106443 48693 1:0 108332
106443 48694 1:0 108333
106443 48701 1:0 108372
106444 48702 1:0 108373
106444 48703 1:0 108382
106444 48704 1:0 108383
106453 48699 1:0 108362
106453 48700 1:0 108363
106453 48706 1:0 108384
106453 48850 1:0 108531
106453 48846 1:0 108531
106453 48840 1:0 108531
106453 48845 1:0 108531
106453 48844 1:0 108531
106453 48841 1:0 108532
106459 48853 1:0 108531
106461 48849 1:0 108531
106464 48848 1:0 108531
106479 48852 1:0 108531
106480 48843 1:0 108531
106480 48847 1:0 108584
106480 48990 1:0 108785
106492 48851 1:0 108531
106533 48996 1:0 108748
106541 48987 1:0 108774
106546 48988 1:0 108775
106561 48995 1:0 108814
106562 48992 1:0 108795
106562 48997 1:0 108824
106562 49136 1:0 108971
106563 48993 1:0 108804
106612 48998 1:0 108825
106622 49000 1:0 108826
106631 47530 21:0 106656
106632 48999 1:0 108826
106654 47527 0:0 106656
106654 47528 0:0 106656
106654 47526 0:0 106656
106654 47529 0:0 106656
106654 47525 0:0 106656
106655 47523 0:0 106656
106655 47518 0:0 106656
106655 47524 0:0 106656
106655 47520 0:0 106656
106655 47517 0:0 106656
106657 83746 1:0 108875
106657 85217 1:0 108875
106657 82275 1:0 108875
106657 80804 1:0 108878
106657 79333 1:0 108878
106657 77862 1:0 108878
106657 76391 1:0 108878
106657 69036 1:0 108884
106657 70507 1:0 108884
106657 71978 1:0 108884
106657 73449 1:0 108884
106657 74920 1:0 108884
106657 48994 1:0 108805
106664 63152 1:0 108887
106664 64623 1:0 108887
106664 67565 1:0 108887
106664 66094 1:0 108887
106664 61681 1:0 108912
106664 60210 1:0 108912
106664 58739 1:0 108912
106665 57268 1:0 108912
106665 55797 1:0 108912
106665 54326 1:0 108915
106665 52855 1:0 108947
106665 51384 1:0 108958
106665 298 1:0 108969
106665 49139 1:0 108971
106665 49137 1:0 108971
106674 49913 1:0 108971
106674 49143 1:0 108971
106674 49134 1:0 108971
106674 49146 1:0 108971
106674 49144 1:0 108971
106674 49135 1:0 108972
106674 49237 1:0 109097
106680 49142 1:0 108971
106682 49147 1:0 108971
106685 49145 1:0 108971
106700 49141 1:0 108971
106700 49140 1:0 109025
106701 49236 1:0 109096
106792 47665 0:0 106817
106795 47664 0:0 106821
106825 47670 21:0 106849
106848 47675 21:0 106877
106875 47672 0:0 106877
106875 47674 0:0 106877
106876 47676 0:0 106877
106876 47677 0:0 106877
106876 47668 0:0 106877
106876 47671 0:0 106877
106876 47673 0:0 106877
107013 47812 21:0 107059
107058 47817 0:0 107066
107058 47811 0:0 107066
107058 47820 21:0 107098
107096 47819 0:0 107098
107096 47821 0:0 107098
107097 47816 0:0 107098
107097 47824 0:0 107098
107097 47823 0:0 107098
107097 47822 0:0 107098
107097 47818 0:0 107101
107237 47958 21:0 107281
107280 47965 0:0 107288
107280 47966 21:0 107319
107281 47959 0:0 107289
107281 47964 0:0 107289
107317 47970 0:0 107319
107318 47969 0:0 107319
107318 47968 0:0 107319
107318 47967 0:0 107319
107318 47971 0:0 107322
107321 47963 0:0 107322
107321 47961 0:0 107322
107458 48105 21:0 107502
107501 48112 0:0 107509
107501 48106 0:0 107509
107502 48111 0:0 107510
107515 48118 21:0 107540
107538 48117 0:0 107540
107539 48114 0:0 107540
107539 48115 0:0 107540
107539 48116 0:0 107540
107539 48113 0:0 107543
107542 48109 0:0 107543
107679 48252 21:0 107723
107722 48259 0:0 107730
107722 48253 0:0 107730
107723 48258 0:0 107731
107739 48264 21:0 107761
107759 48260 0:0 107761
107760 48261 0:0 107761
107760 48262 0:0 107761
107760 48265 0:0 107761
107760 48263 0:0 107764
107763 48255 0:0 107764
107763 48254 0:0 107764
107900 48399 21:0 107944
107943 48406 0:0 107951
107944 48405 0:0 107952
107944 48400 0:0 107952
107950 48409 21:0 107982
107981 48412 0:0 107982
107981 48408 0:0 107982
107981 48411 0:0 107982
107981 48410 0:0 107982
107981 48407 0:0 107985
107984 48403 0:0 107985
108121 48546 21:0 108165
108164 48553 0:0 108172
108164 48547 0:0 108172
108164 48554 21:0 108203
108165 48552 0:0 108173
108202 48556 0:0 108203
108202 48557 0:0 108203
108202 48559 0:0 108203
108202 48558 0:0 108203
108202 48555 0:0 108206
108205 48548 0:0 108206
108205 48551 0:0 108206
108342 48693 21:0 108386
108385 48700 0:0 108394
108385 48694 0:0 108394
108386 48699 0:0 108394
108402 48705 21:0 108424
108423 48701 0:0 108424
108423 48706 0:0 108424
108423 48702 0:0 108424
108423 48703 0:0 108424
108423 48704 0:0 108427
108426 48698 0:0 108427
108560 48841 0:0 108585
108563 48840 0:0 108589
108590 48847 21:0 108615
108614 48849 0:0 108645
108614 48850 21:0 108645
108615 48846 0:0 108623
108643 48852 0:0 108645
108644 48851 0:0 108645
108644 48843 0:0 108645
108644 48845 0:0 108645
108644 48853 0:0 108645
108644 48848 0:0 108645
108644 48844 0:0 108645
108784 48987 21:0 108828
108827 48994 0:0 108835
108827 48996 21:0 108866
108828 48993 0:0 108836
108828 48988 0:0 108836
108865 48998 0:0 108866
108865 49000 0:0 108866
108865 48995 0:0 108866
108865 48997 0:0 108866
108865 48999 0:0 108869
108868 48990 0:0 108869
108868 48992 0:0 108869
109002 49135 0:0 109027
109005 49134 0:0 109031
109035 49140 21:0 109059
109058 49141 0:0 109069
109058 49142 0:0 109085
109058 49143 0:0 109085
109065 49146 0:0 109085
109084 49147 0:0 109085
109084 49144 0:0 109085
109103 49237 21:0 78
