157 28652 0:0 159
157 28654 0:0 159
158 28653 0:0 159
158 28649 0:0 159
158 28745 0:0 159
158 28651 0:0 159
158 28655 0:0 159
162 28744 21:0 167
162 28642 0:0 163
162 28643 0:0 163
162 28648 0:0 163
162 349 0:0 167
213 28849 21:0 221
220 28850 0:0 221
220 28851 21:0 287
285 28852 0:0 287
289 28882 21:0 297
294 28884 0:0 297
296 28883 0:0 297
297 28885 21:0 363
365 28915 0:0 368
370 28917 21:0 428
372 28916 0:0 373
427 28918 0:0 439
441 28948 0:0 444
446 28949 21:0 504
448 28950 0:0 449
503 28951 0:0 515
517 28981 21:0 525
522 28983 0:0 525
524 28982 0:0 525
525 28984 21:0 591
593 29014 21:0 601
598 29015 0:0 601
600 29016 0:0 601
601 29017 21:0 667
669 29047 21:0 677
674 29049 0:0 677
674 29048 0:0 677
677 29050 21:0 743
745 29080 21:0 753
750 29082 0:0 753
750 29081 0:0 753
753 29083 21:0 819
821 29113 0:0 824
826 29114 21:0 884
828 29115 0:0 829
883 29116 0:0 895
897 29146 21:0 905
904 29147 0:0 905
904 29148 0:0 905
905 29149 21:0 971
973 29179 21:0 981
980 29180 0:0 981
980 29181 0:0 981
981 29182 21:0 1047
1049 29212 21:0 1057
1056 29214 21:0 1123
1121 29215 0:0 1123
1130 29247 0:0 1133
1133 29248 21:0 1199
1201 29278 21:0 1209
1208 29280 0:0 1209
1208 29279 21:0 1275
1282 29313 21:0 1340
1339 29314 0:0 1351
1353 29344 21:0 1361
1360 29346 0:0 1361
1360 29345 21:0 1427
1425 29347 0:0 1427
1533 29423 21:0 1543
1571 29347 1:0 1806
1572 29345 1:0 1812
1572 29346 1:0 1813
1580 29344 1:0 1822
1580 29314 1:0 1928
1590 29313 1:0 1935
1693 29279 1:0 2056
1694 29280 1:0 2057
1694 29278 1:0 2066
1702 29248 1:0 2172
1708 29247 1:0 2179
1726 29215 1:0 2294
1815 29214 1:0 2301
1816 29212 1:0 2310
1824 29182 1:0 2416
1824 29180 1:0 2422
1830 29181 1:0 2423
1937 29179 1:0 2432
1938 29149 1:0 2538
1938 29148 1:0 2545
1946 29147 1:0 2544
1952 29146 1:0 2554
1970 29116 1:0 2660
2059 29114 1:0 2666
2060 29115 1:0 2667
2068 29679 21:0 2070
2068 29113 1:0 2676
2068 29083 1:0 2782
2074 29082 1:0 2789
2092 29081 1:0 2788
2181 29080 1:0 2798
2182 29050 1:0 2904
2190 29048 1:0 2910
2190 29049 1:0 2911
2196 29047 1:0 2920
2303 29017 1:0 3026
2304 29015 1:0 3032
2304 29016 1:0 3033
2312 29014 1:0 3042
2312 28984 1:0 3148
2322 28983 1:0 3155
2425 28982 1:0 3154
2426 28981 1:0 3164
2434 28951 1:0 3270
2434 28949 1:0 3276
2440 28950 1:0 3277
2547 28948 1:0 3286
2548 28918 1:0 3392
2548 28917 1:0 3399
2556 28916 1:0 3398
2556 28915 1:0 3408
2566 28885 1:0 3514
2669 28884 1:0 3521
2670 28883 1:0 3520
2670 28882 1:0 3530
2678 28852 1:0 3636
2684 28851 1:0 3643
2702 28850 1:0 3642
2703 26149 1:0 58088
2790 30017 21:0 2794
2791 28849 1:0 3652
2792 335 1:0 3756
2912 30074 21:0 2916
2922 30078 21:0 2924
3156 30188 21:0 3160
3278 30245 21:0 3282
3644 30416 21:0 3648
3754 334 21:0 3804
3817 30498 21:0 3820
3822 30500 0:0 3825
3827 30501 21:0 3885
3829 30502 0:0 3830
3884 30511 21:0 3896
3884 30503 0:0 3896
3898 30533 21:0 3906
3905 30535 0:0 3906
3905 30534 0:0 3906
3906 30536 21:0 3972
3971 30545 21:0 3977
3974 30566 0:0 3977
3976 30532 21:0 3977
3979 30567 21:0 4037
3981 30568 0:0 3982
4036 30569 0:0 4048
4036 30577 21:0 4048
4048 65 21:0 4053
4050 30599 0:0 4053
4055 30600 21:0 4113
4057 30601 0:0 4058
4112 30602 0:0 4124
4126 30632 0:0 4129
4131 30634 21:0 4189
4133 30633 0:0 4134
4188 30635 0:0 4200
4188 30644 21:0 4200
4199 30648 21:0 4200
4202 30665 21:0 4210
4209 30667 0:0 4210
4209 30666 21:0 4276
4274 30668 0:0 4276
4278 30698 21:0 4286
4285 30700 0:0 4286
4285 30699 21:0 4352
4350 30701 0:0 4352
4351 123 21:0 4357
4354 30731 0:0 4357
4356 101 21:0 4357
4359 30732 21:0 4417
4361 30733 0:0 4362
4416 30734 0:0 4428
4416 30677 21:0 4428
4427 30743 21:0 4428
4430 30764 0:0 4433
4435 30766 21:0 4493
4437 30765 0:0 4438
4492 30767 0:0 4504
4501 30795 21:0 4504
4506 30797 21:0 4514
4513 30798 0:0 4514
4513 30799 21:0 4580
4578 30800 0:0 4580
4582 30830 21:0 4590
4587 30832 0:0 4590
4587 30831 0:0 4590
4590 30833 21:0 4656
4658 30863 21:0 4666
4665 30864 0:0 4666
4665 30865 21:0 4732
4730 30866 0:0 4732
4734 30896 21:0 4742
4741 30897 0:0 4742
4741 30898 21:0 4808
4806 30899 0:0 4808
4807 30874 21:0 4813
4810 30929 0:0 4813
4812 30894 21:0 4813
4815 30930 21:0 4873
4817 30931 0:0 4818
4872 30932 0:0 4884
4872 30941 21:0 4884
4883 30915 21:0 4884
4886 30962 21:0 4894
4893 30964 0:0 4894
4893 30963 21:0 4960
4958 30965 0:0 4960
4962 30995 21:0 4970
4969 30997 0:0 4970
4969 30996 21:0 5036
5034 30998 0:0 5036
5038 31028 21:0 5046
5045 31029 21:0 5112
5111 31030 21:0 5122
5121 30816 21:0 5137
5142 31074 21:0 5152
5183 31030 1:0 5304
5184 31029 1:0 5311
5193 31028 1:0 5322
5193 30998 1:0 5435
5199 30996 1:0 5442
5219 30997 1:0 5443
5314 30995 1:0 5453
5315 30965 1:0 5566
5315 30963 1:0 5573
5324 30964 1:0 5574
5324 30962 1:0 5584
5330 30941 1:0 5649
5335 30932 1:0 5697
5445 30930 1:0 5704
5446 30931 1:0 5705
5446 29679 1:0 5714
5446 30929 1:0 5715
5455 30915 1:0 5754
5455 30899 1:0 5828
5461 30898 1:0 5836
5466 30897 1:0 5835
5576 30896 1:0 5846
5576 30894 1:0 5856
5577 30874 1:0 5938
5577 30866 1:0 5959
5586 30864 1:0 5966
5586 30865 1:0 5967
5592 30863 1:0 5977
5597 30833 1:0 6090
5705 29675 21:0 5710
5707 30831 1:0 6097
5708 30832 1:0 6098
5708 30830 1:0 6108
5708 30816 1:0 6147
5717 30800 1:0 6221
5717 30799 1:0 6229
5723 30798 1:0 6228
5744 30797 1:0 6239
5756 30795 1:0 6249
5838 30767 1:0 6352
5839 30766 1:0 6360
5848 30765 1:0 6359
5848 30764 1:0 6370
5848 30743 1:0 6435
5854 30734 1:0 6483
5856 30017 1:0 6483
5887 30732 1:0 6490
5969 30733 1:0 6491
5970 30731 1:0 6501
5970 30078 1:0 6534
5970 30074 1:0 6585
5979 30701 1:0 6614
5979 123 1:0 6614
5985 30699 1:0 6621
5990 30700 1:0 6622
6100 30698 1:0 6632
6100 30677 1:0 6697
6101 30668 1:0 6745
6101 30666 1:0 6752
6110 30667 1:0 6753
6110 30665 1:0 6763
6116 101 1:0 6767
6116 30648 1:0 6793
6116 30644 1:0 6828
6137 30635 1:0 6876
6149 30188 1:0 6876
6231 30634 1:0 6884
6232 30633 1:0 6883
6241 30632 1:0 6894
6241 30602 1:0 7007
6241 30245 1:0 7007
6247 30600 1:0 7014
6250 29910 21:0 6274
6268 30601 1:0 7015
6362 30599 1:0 7025
6362 65 1:0 7029
6363 30577 1:0 7117
6363 30569 1:0 7138
6372 30567 1:0 7145
6372 30568 1:0 7146
6378 30566 1:0 7156
6378 30545 1:0 7161
6399 30536 1:0 7269
6411 30532 1:0 7280
6493 30535 1:0 7277
6494 30534 1:0 7276
6503 30533 1:0 7287
6503 30416 1:0 7371
6503 30511 1:0 7379
6503 30503 1:0 7400
6511 30501 1:0 7407
6542 30502 1:0 7408
6622 30074 21:0 6627
6624 30500 1:0 7418
6625 30498 1:0 7428
6625 336 1:0 7529
7015 30245 21:0 7020
7036 30252 21:0 7060
7157 30306 21:0 7160
7527 335 21:0 7577
7577 32136 21:0 7593
7592 32149 21:0 7593
7595 32151 0:0 7598
7600 32153 21:0 7658
7602 32152 0:0 7603
7657 32154 0:0 7669
7657 32169 21:0 7669
7671 32184 0:0 7674
7676 32185 21:0 7734
7678 32186 0:0 7679
7733 32187 0:0 7745
7733 32195 21:0 7745
7747 32217 0:0 7750
7752 32218 21:0 7810
7754 32219 0:0 7755
7809 32236 21:0 7821
7809 32220 0:0 7821
7820 49 21:0 7821
7823 32250 21:0 7831
7830 32251 0:0 7831
7830 32252 21:0 7897
7895 32253 0:0 7897
7899 32283 21:0 7907
7906 32284 0:0 7907
7906 32285 0:0 7907
7907 32286 21:0 7973
7975 32316 21:0 7983
7982 32318 0:0 7983
7982 32317 21:0 8049
8047 32319 0:0 8049
8048 32301 21:0 8054
8051 32349 0:0 8054
8053 32229 21:0 8054
8056 32350 21:0 8114
8058 32351 0:0 8059
8113 32352 0:0 8125
8113 121 21:0 8125
8124 123 21:0 8125
8124 32367 21:0 8130
8127 32382 0:0 8130
8129 32255 21:0 8130
8132 32384 21:0 8190
8134 32383 0:0 8135
8189 32385 0:0 8201
8198 32413 21:0 8201
8203 32415 21:0 8211
8210 32417 0:0 8211
8210 32416 21:0 8277
8275 32418 0:0 8277
8279 32448 21:0 8287
8286 32450 0:0 8287
8286 32449 0:0 8287
8287 32451 21:0 8353
8352 32446 21:0 8358
8355 32481 0:0 8358
8357 32467 21:0 8358
8360 32482 21:0 8418
8362 32483 0:0 8363
8417 32484 0:0 8429
8431 32514 21:0 8439
8438 32515 0:0 8439
8438 32516 0:0 8439
8439 32517 21:0 8505
8507 32547 21:0 8515
8514 32549 0:0 8515
8514 32548 21:0 8581
8579 32550 0:0 8581
8583 32580 21:0 8591
8590 32582 0:0 8591
8590 32581 21:0 8657
8655 32583 0:0 8657
8659 32613 21:0 8667
8666 32614 0:0 8667
8666 32615 0:0 8667
8667 32616 21:0 8733
8735 32646 21:0 8743
8742 32647 0:0 8743
8742 32648 21:0 8809
8807 32649 0:0 8809
8811 32679 21:0 8819
8818 32681 0:0 8819
8818 32680 21:0 8885
8884 32682 21:0 8895
8915 32725 21:0 8925
8956 32682 1:0 9077
8957 32680 1:0 9084
8966 32681 1:0 9085
8966 32679 1:0 9095
8972 32649 1:0 9208
8992 32648 1:0 9216
9087 32647 1:0 9215
9088 32646 1:0 9226
9088 32616 1:0 9339
9097 32614 1:0 9346
9097 32615 1:0 9347
9105 32613 1:0 9357
9108 29675 1:0 9470
9218 32583 1:0 9470
9219 32581 1:0 9477
9219 32582 1:0 9478
9228 32580 1:0 9488
9228 32550 1:0 9601
9234 32548 1:0 9608
9255 32549 1:0 9609
9349 32547 1:0 9619
9350 32517 1:0 9732
9359 32515 1:0 9739
9359 32516 1:0 9740
9365 32514 1:0 9750
9370 32484 1:0 9863
9480 32482 1:0 9870
9481 32483 1:0 9871
9481 32481 1:0 9881
9481 32467 1:0 9886
9490 32451 1:0 9994
9490 32450 1:0 10002
9498 32449 1:0 10001
9529 32448 1:0 10012
9609 29732 21:0 9614
9611 29910 1:0 10021
9611 32446 1:0 10022
9612 32418 1:0 10125
9612 32416 1:0 10132
9621 32417 1:0 10133
9621 32415 1:0 10143
9621 32413 1:0 10153
9629 32385 1:0 10256
9660 32384 1:0 10264
9742 32383 1:0 10263
9743 32382 1:0 10274
9743 32367 1:0 10307
9743 30074 1:0 10358
9752 32352 1:0 10387
9752 121 1:0 10387
9758 32350 1:0 10394
9763 32351 1:0 10395
9778 123 1:0 10400
9873 32349 1:0 10405
9874 32319 1:0 10518
9874 32317 1:0 10525
9883 32318 1:0 10526
9883 32316 1:0 10536
9889 32301 1:0 10541
9894 32286 1:0 10649
10004 32285 1:0 10657
10005 32284 1:0 10656
10005 32283 1:0 10667
10005 32255 1:0 10751
10014 32253 1:0 10780
10014 30245 1:0 10780
10020 32252 1:0 10788
10025 32251 1:0 10787
10135 32250 1:0 10798
10135 30252 1:0 10807
10135 32229 1:0 10828
10135 32236 1:0 10837
10136 49 1:0 10911
10136 32220 1:0 10911
10145 32218 1:0 10918
10145 32219 1:0 10919
10151 32217 1:0 10929
10153 30306 1:0 10928
10156 32195 1:0 11021
10266 32187 1:0 11042
10267 32185 1:0 11049
10267 32186 1:0 11050
10276 32184 1:0 11060
10276 32169 1:0 11099
10276 32154 1:0 11173
10284 32153 1:0 11181
10315 32152 1:0 11180
10397 32151 1:0 11191
10398 32149 1:0 11201
10398 32136 1:0 11230
10398 337 1:0 11302
10809 30252 21:0 10833
10940 30309 21:0 10964
11050 30359 21:0 11055
11071 30366 21:0 11095
11181 30416 21:0 11186
11300 336 21:0 11350
11368 33802 21:0 11376
11373 33803 0:0 11376
11373 33804 0:0 11376
11376 33805 21:0 11442
11444 33835 21:0 11452
11451 33836 0:0 11452
11451 33837 0:0 11452
11452 33838 21:0 11518
11517 33846 21:0 11523
11520 33868 0:0 11523
11522 29 21:0 11523
11525 33869 21:0 11583
11527 33870 0:0 11528
11582 33871 0:0 11594
11582 49 21:0 11594
11593 33886 21:0 11594
11596 33901 21:0 11604
11603 33902 0:0 11604
11603 33903 21:0 11670
11668 33904 0:0 11670
11669 33920 21:0 11675
11672 33934 0:0 11675
11674 33888 21:0 11675
11674 33906 21:0 11675
11677 33936 21:0 11735
11679 33935 0:0 11680
11734 33933 21:0 11746
11734 33937 0:0 11746
11745 33855 21:0 11746
11745 33887 21:0 11751
11748 33967 0:0 11751
11753 33969 21:0 11811
11755 33968 0:0 11756
11810 33970 0:0 11822
11810 33986 21:0 11822
11824 34000 0:0 11827
11829 34002 21:0 11887
11831 34001 0:0 11832
11886 34003 0:0 11898
11900 34033 0:0 11903
11905 34034 21:0 11963
11907 34035 0:0 11908
11962 34045 21:0 11974
11962 34036 0:0 11974
11973 34032 21:0 11974
11973 34051 21:0 11979
11976 34066 0:0 11979
11978 34053 21:0 11979
11981 34068 21:0 12039
11983 34067 0:0 11984
12038 34069 0:0 12050
12047 34097 21:0 12050
12049 34085 21:0 12050
12052 34099 21:0 12060
12059 34100 0:0 12060
12059 34101 0:0 12060
12060 34102 21:0 12126
12125 34119 21:0 12131
12128 34132 0:0 12131
12130 175 21:0 12131
12133 34134 21:0 12191
12135 34133 0:0 12136
12190 34135 0:0 12202
12204 34165 21:0 12212
12211 34166 0:0 12212
12211 34167 21:0 12278
12276 34168 0:0 12278
12280 34198 21:0 12288
12287 34199 0:0 12288
12287 34200 21:0 12354
12352 34201 0:0 12354
12356 34231 21:0 12364
12363 34233 0:0 12364
12363 34232 21:0 12430
12428 34234 0:0 12430
12432 34264 21:0 12440
12439 34266 0:0 12440
12439 34265 21:0 12506
12504 34267 0:0 12506
12508 34297 21:0 12516
12515 34299 0:0 12516
12515 34298 21:0 12582
12580 34300 0:0 12582
12584 34330 21:0 12592
12591 34331 21:0 12658
12657 34332 21:0 12668
12688 34376 21:0 12698
12729 34332 1:0 12850
12730 34331 1:0 12857
12739 34330 1:0 12868
12739 34300 1:0 12981
12745 34298 1:0 12988
12765 34299 1:0 12989
12860 34297 1:0 12999
12861 34267 1:0 13112
12861 34265 1:0 13119
12870 34266 1:0 13120
12870 34264 1:0 13130
12878 34234 1:0 13243
12909 34232 1:0 13250
12991 34233 1:0 13251
12992 34231 1:0 13261
13001 34201 1:0 13374
13001 29732 1:0 13374
13001 34200 1:0 13382
13007 34199 1:0 13381
13028 34198 1:0 13392
13122 34168 1:0 13505
13123 34167 1:0 13513
13132 34166 1:0 13512
13132 34165 1:0 13523
13138 34135 1:0 13636
13141 29625 21:0 13165
13143 34134 1:0 13644
13171 34133 1:0 13643
13253 34132 1:0 13654
13254 34119 1:0 13659
13254 34102 1:0 13767
13254 175 1:0 13769
13263 34100 1:0 13774
13263 34101 1:0 13775
13271 34099 1:0 13785
13274 34097 1:0 13795
13289 34085 1:0 13824
13384 34069 1:0 13898
13385 34067 1:0 13905
13385 34068 1:0 13906
13394 34066 1:0 13916
13394 34051 1:0 13946
13394 34053 1:0 13946
13394 34045 1:0 13981
13394 34032 1:0 14029
13402 34036 1:0 14029
13433 34034 1:0 14036
13515 34035 1:0 14037
13516 34033 1:0 14047
13525 34003 1:0 14160
13525 34002 1:0 14168
13531 34001 1:0 14167
13551 34000 1:0 14178
13552 33986 1:0 14217
13646 33970 1:0 14291
13647 33969 1:0 14299
13656 33968 1:0 14298
13656 33967 1:0 14309
13656 33933 1:0 14422
13662 33937 1:0 14422
13682 33936 1:0 14430
13777 33935 1:0 14429
13778 33934 1:0 14440
13778 33920 1:0 14479
13778 33906 1:0 14537
13787 33904 1:0 14553
13787 33903 1:0 14561
13793 33902 1:0 14560
13813 33901 1:0 14571
13814 33887 1:0 14576
13826 30252 1:0 14580
13908 33888 1:0 14601
13908 33886 1:0 14610
13908 49 1:0 14684
13909 33871 1:0 14684
13918 33869 1:0 14691
13918 33870 1:0 14692
13918 33855 1:0 14704
13918 30309 1:0 14704
13924 33868 1:0 14702
13926 33846 1:0 14707
13957 33838 1:0 14815
14039 30366 1:0 14826
14040 30359 1:0 14821
14040 33836 1:0 14822
14040 33837 1:0 14823
14049 33835 1:0 14833
14049 29 1:0 14837
14055 33805 1:0 14946
14055 30416 1:0 14952
14075 33803 1:0 14953
14076 338 1:0 15075
14170 33804 1:0 14954
14171 33802 1:0 14964
14179 30078 21:0 14182
14299 30131 21:0 14304
15073 337 21:0 15123
15123 35438 21:0 15139
15138 35431 21:0 15139
15141 35453 21:0 15149
15146 35455 0:0 15149
15148 35454 0:0 15149
15149 35456 21:0 15215
15214 35432 21:0 15220
15217 35486 0:0 15220
15219 15 21:0 15220
15222 35487 21:0 15280
15224 35488 0:0 15225
15279 35478 21:0 15291
15279 35489 0:0 15291
15293 35519 0:0 15296
15298 35520 21:0 15356
15300 35521 0:0 15301
15355 35531 21:0 15367
15355 35522 0:0 15367
15366 35518 21:0 15367
15369 35552 0:0 15372
15374 35554 21:0 15432
15376 35553 0:0 15377
15431 35555 0:0 15443
15445 35585 21:0 15453
15450 35587 0:0 15453
15452 35586 0:0 15453
15453 35588 21:0 15519
15521 35618 21:0 15529
15526 35620 0:0 15529
15526 35619 0:0 15529
15529 35621 21:0 15595
15597 35651 21:0 15605
15604 35652 0:0 15605
15604 35653 21:0 15671
15669 35654 0:0 15671
15673 35684 21:0 15681
15678 35685 0:0 15681
15678 35686 0:0 15681
15681 35687 21:0 15747
15746 35700 21:0 15752
15749 35717 0:0 15752
15751 35683 21:0 15752
15754 35718 21:0 15812
15756 35719 0:0 15757
15811 35667 21:0 15823
15811 35720 0:0 15823
15822 35643 21:0 15823
15825 35750 21:0 15833
15830 35751 0:0 15833
15832 35752 0:0 15833
15833 35753 21:0 15899
15901 35783 21:0 15909
15908 35785 0:0 15909
15908 35784 21:0 15975
15973 35786 0:0 15975
15977 35816 21:0 15985
15984 35817 0:0 15985
15984 35818 21:0 16051
16049 35819 0:0 16051
16053 35849 21:0 16061
16060 35850 0:0 16061
16060 35851 0:0 16061
16061 35852 21:0 16127
16129 35882 21:0 16137
16136 35883 0:0 16137
16136 35884 0:0 16137
16137 35885 21:0 16203
16202 35887 21:0 16208
16205 35915 0:0 16208
16207 35902 21:0 16208
16210 35917 21:0 16268
16212 35916 0:0 16213
16267 35742 21:0 16279
16267 35918 0:0 16279
16278 35854 21:0 16279
16281 35948 21:0 16289
16288 35950 0:0 16289
16288 35949 21:0 16355
16353 35951 0:0 16355
16357 35981 21:0 16365
16364 35983 0:0 16365
16364 35982 21:0 16431
16429 35984 0:0 16431
16430 35638 21:0 16436
16435 35604 21:0 16436
16435 35848 21:0 16441
16461 36027 21:0 16471
16502 35984 1:0 16623
16503 35982 1:0 16630
16512 35983 1:0 16631
16512 35981 1:0 16641
16518 35951 1:0 16754
16538 35949 1:0 16761
16633 35950 1:0 16762
16634 35948 1:0 16772
16634 35918 1:0 16885
16643 35916 1:0 16892
16643 35917 1:0 16893
16651 35915 1:0 16903
16654 29625 1:0 16905
16669 35902 1:0 16905
16670 35887 1:0 16908
16762 29561 21:0 16767
16764 35885 1:0 17016
16765 35883 1:0 17023
16765 35884 1:0 17024
16774 35882 1:0 17034
16774 35854 1:0 17039
16780 35852 1:0 17147
16785 35850 1:0 17154
16800 35848 1:0 17158
16895 35851 1:0 17155
16896 35849 1:0 17165
16896 35819 1:0 17278
16904 29622 21:0 16907
16905 35817 1:0 17285
16905 35818 1:0 17286
16911 35816 1:0 17296
16932 35786 1:0 17409
17026 35784 1:0 17416
17027 35785 1:0 17417
17036 35783 1:0 17427
17036 35753 1:0 17540
17042 35751 1:0 17547
17047 35752 1:0 17548
17157 35750 1:0 17558
17157 35742 1:0 17573
17158 35720 1:0 17671
17158 35718 1:0 17678
17167 35719 1:0 17679
17167 35717 1:0 17689
17173 35700 1:0 17694
17178 35687 1:0 17802
17193 35683 1:0 17813
17288 35685 1:0 17809
17289 35686 1:0 17810
17289 35684 1:0 17820
17298 35638 1:0 17850
17298 35667 1:0 17859
17298 30078 1:0 17933
17298 35654 1:0 17933
17304 35653 1:0 17941
17325 35652 1:0 17940
17419 35651 1:0 17951
17419 35643 1:0 17956
17420 35621 1:0 18064
17420 30131 1:0 18070
17429 35619 1:0 18071
17429 35620 1:0 18072
17435 35618 1:0 18082
17437 35604 1:0 18087
17468 35588 1:0 18195
17550 35587 1:0 18203
17551 35586 1:0 18202
17560 35585 1:0 18213
17560 35555 1:0 18326
17566 35554 1:0 18334
17586 35553 1:0 18333
17681 35552 1:0 18344
17681 35531 1:0 18409
17682 35522 1:0 18457
17682 35518 1:0 18457
17691 35520 1:0 18464
17691 35521 1:0 18465
17697 35519 1:0 18475
17717 35489 1:0 18588
17812 35487 1:0 18595
17813 35488 1:0 18596
17813 35486 1:0 18606
17822 35478 1:0 18611
17822 35456 1:0 18719
17822 15 1:0 18730
17828 35455 1:0 18727
17848 35454 1:0 18726
17943 35453 1:0 18737
17943 35431 1:0 18767
17943 35432 1:0 18767
17944 35438 1:0 18776
17944 339 1:0 18848
18846 338 21:0 18896
18909 37102 21:0 18912
18914 37104 0:0 18917
18919 37106 21:0 18977
18921 37105 0:0 18922
18976 37107 0:0 18988
18990 37137 21:0 18998
18995 37139 0:0 18998
18995 37138 0:0 18998
18998 37140 21:0 19064
19063 37155 21:0 19069
19066 37170 0:0 19069
19068 37142 21:0 19069
19071 37172 21:0 19129
19073 37171 0:0 19074
19128 37173 0:0 19140
19131 37175 21:0 19140
19139 37129 21:0 19140
19142 37203 21:0 19150
19147 37205 0:0 19150
19149 37204 0:0 19150
19150 37206 21:0 19216
19215 37215 21:0 19221
19218 37236 0:0 19221
19220 37195 21:0 19221
19223 37238 21:0 19281
19225 37237 0:0 19226
19280 37239 0:0 19292
19280 87 21:0 19292
19291 37223 21:0 19292
19292 101 21:0 19297
19294 37269 0:0 19297
19299 37271 21:0 19357
19301 37270 0:0 19302
19356 37285 21:0 19368
19356 37272 0:0 19368
19367 37300 21:0 19368
19370 37302 21:0 19378
19377 37304 0:0 19378
19377 37303 0:0 19378
19378 37305 21:0 19444
19443 37320 21:0 19449
19446 37335 0:0 19449
19448 37322 21:0 19449
19451 37336 21:0 19509
19453 37337 0:0 19454
19508 37338 0:0 19520
19508 37294 21:0 19520
19519 37281 21:0 19520
19522 37368 21:0 19530
19529 37369 0:0 19530
19529 37370 21:0 19596
19594 37371 0:0 19596
19595 37388 21:0 19601
19598 37401 0:0 19601
19603 37402 21:0 19661
19605 37403 0:0 19606
19660 37404 0:0 19672
19660 37420 21:0 19672
19671 37421 21:0 19672
19674 37434 21:0 19682
19679 37435 0:0 19682
19679 37436 0:0 19682
19682 37437 21:0 19748
19750 37467 21:0 19758
19757 37469 0:0 19758
19757 37468 21:0 19824
19822 37470 0:0 19824
19826 37500 21:0 19834
19833 37501 0:0 19834
19833 37502 21:0 19900
19898 37503 0:0 19900
19902 37533 21:0 19910
19909 37535 0:0 19910
19909 37534 0:0 19910
19910 37536 21:0 19976
19978 37566 21:0 19986
19985 37567 0:0 19986
19985 37568 21:0 20052
20050 37569 0:0 20052
20054 37599 21:0 20062
20061 37600 0:0 20062
20061 37601 21:0 20128
20126 37602 0:0 20128
20130 37632 21:0 20138
20137 37633 0:0 20138
20137 37634 21:0 20204
20203 37635 21:0 20214
20234 37678 21:0 20244
20275 37635 1:0 20396
20276 37634 1:0 20404
20285 37633 1:0 20403
20285 37632 1:0 20414
20285 29561 1:0 20527
20291 37602 1:0 20527
20312 37601 1:0 20535
20406 37600 1:0 20534
20407 37599 1:0 20545
20416 37569 1:0 20658
20416 29622 1:0 20658
20416 37568 1:0 20666
20422 37567 1:0 20665
20442 37566 1:0 20676
20537 37536 1:0 20789
20538 37534 1:0 20796
20538 37535 1:0 20797
20547 37533 1:0 20807
20547 37503 1:0 20920
20555 37502 1:0 20928
20556 29568 21:0 20580
20574 37501 1:0 20927
20668 37500 1:0 20938
20669 37470 1:0 21051
20678 37468 1:0 21058
20678 37469 1:0 21059
20684 37467 1:0 21069
20687 29625 21:0 20711
20689 37437 1:0 21182
20717 37436 1:0 21190
20799 37435 1:0 21189
20800 37434 1:0 21200
20800 37421 1:0 21230
20800 37420 1:0 21239
20809 37404 1:0 21313
20809 37402 1:0 21320
20817 37403 1:0 21321
20818 29682 21:0 20842
20836 37401 1:0 21331
20848 37388 1:0 21361
20930 37371 1:0 21444
20931 37370 1:0 21452
20940 37369 1:0 21451
20940 37368 1:0 21462
20946 37338 1:0 21575
20966 37336 1:0 21582
21061 37337 1:0 21583
21062 37335 1:0 21593
21062 37322 1:0 21595
21062 37320 1:0 21598
21070 29793 21:0 21073
21071 37305 1:0 21706
21071 37304 1:0 21714
21077 37303 1:0 21713
21082 37302 1:0 21724
21097 37281 1:0 21729
21098 37294 1:0 21739
21110 37300 1:0 21734
21192 37285 1:0 21763
21193 37272 1:0 21837
21193 37271 1:0 21845
21201 29850 21:0 21204
21202 37270 1:0 21844
21202 37269 1:0 21855
21202 101 1:0 21859
21208 37239 1:0 21968
21229 37238 1:0 21976
21323 37237 1:0 21975
21323 87 1:0 21981
21324 37236 1:0 21986
21324 37223 1:0 21988
21324 37215 1:0 21991
21332 29907 21:0 21335
21333 37206 1:0 22099
21333 37205 1:0 22107
21339 37204 1:0 22106
21360 37203 1:0 22117
21372 37195 1:0 22132
21454 37175 1:0 22214
21455 37173 1:0 22230
21455 37172 1:0 22238
21464 37171 1:0 22237
21464 37170 1:0 22248
21464 37142 1:0 22250
21470 37155 1:0 22253
21475 37140 1:0 22361
21583 30017 21:0 21588
21585 37139 1:0 22369
21586 37138 1:0 22368
21586 37137 1:0 22379
21586 37129 1:0 22394
21595 37107 1:0 22492
21595 37106 1:0 22500
21601 37105 1:0 22499
21622 37104 1:0 22510
21634 37102 1:0 22520
21716 340 1:0 22621
21735 30081 21:0 21759
21866 30138 21:0 21890
21976 30188 21:0 21981
22500 30416 21:0 22505
22511 30420 21:0 22514
22619 339 21:0 22669
22687 38755 21:0 22695
22694 38756 0:0 22695
22694 38757 0:0 22695
22695 38758 21:0 22761
22763 38788 0:0 22766
22768 38789 21:0 22826
22770 38790 0:0 22771
22825 31 21:0 22837
22825 38791 0:0 22837
22839 38821 21:0 22847
22844 38822 0:0 22847
22846 38823 0:0 22847
22847 38824 21:0 22913
22912 38833 21:0 22918
22915 38854 0:0 22918
22917 38820 21:0 22918
22920 38856 21:0 22978
22922 38855 0:0 22923
22977 38870 21:0 22989
22977 38857 0:0 22989
22991 38887 21:0 22999
22998 38889 0:0 22999
22998 38888 21:0 23065
23063 38890 0:0 23065
23067 38920 21:0 23075
23072 38921 0:0 23075
23074 38922 0:0 23075
23075 38923 21:0 23141
23143 38953 21:0 23151
23150 38955 0:0 23151
23150 38954 0:0 23151
23151 38956 21:0 23217
23216 38898 21:0 23222
23219 38986 0:0 23222
23221 38912 21:0 23222
23224 38988 21:0 23282
23226 38987 0:0 23227
23281 141 21:0 23293
23281 38989 0:0 23293
23292 38984 21:0 23293
23292 38906 21:0 23298
23295 39019 0:0 23298
23297 38978 21:0 23298
23300 39021 21:0 23358
23302 39020 0:0 23303
23357 39022 0:0 23369
23357 39037 21:0 23369
23371 39052 0:0 23374
23376 39053 21:0 23434
23378 39054 0:0 23379
23433 39055 0:0 23445
23447 39085 21:0 23455
23454 39086 0:0 23455
23454 39087 21:0 23521
23519 39088 0:0 23521
23523 39118 0:0 23526
23528 39119 21:0 23586
23530 39120 0:0 23531
23585 39121 0:0 23597
23599 39151 21:0 23607
23606 39153 0:0 23607
23606 39152 0:0 23607
23607 39154 21:0 23673
23675 39184 21:0 23683
23682 39185 0:0 23683
23682 39186 21:0 23749
23747 39187 0:0 23749
23748 39204 21:0 23754
23751 39217 0:0 23754
23756 39219 21:0 23814
23758 39218 0:0 23759
23813 39220 0:0 23825
23813 265 21:0 23825
23827 39250 21:0 23835
23834 39251 0:0 23835
23834 39252 21:0 23901
23899 39253 0:0 23901
23903 39283 21:0 23911
23910 39285 21:0 23977
23976 39284 21:0 23987
24007 39329 21:0 24017
24048 39284 1:0 24169
24049 39285 1:0 24177
24058 39283 1:0 24187
24058 39253 1:0 24300
24064 39252 1:0 24308
24084 39251 1:0 24307
24179 39250 1:0 24318
24179 29568 1:0 24327
24179 265 1:0 24431
24180 39220 1:0 24431
24189 39218 1:0 24438
24189 39219 1:0 24439
24195 39217 1:0 24449
24195 29625 1:0 24458
24197 39204 1:0 24479
24228 39187 1:0 24562
24310 39186 1:0 24570
24311 39185 1:0 24569
24320 39184 1:0 24580
24320 29682 1:0 24585
24320 39154 1:0 24693
24326 39153 1:0 24701
24329 29568 21:0 24353
24347 39152 1:0 24700
24441 39151 1:0 24711
24442 39121 1:0 24824
24442 39119 1:0 24831
24451 39120 1:0 24832
24451 39118 1:0 24842
24457 29793 1:0 24841
24462 39088 1:0 24955
24477 29850 1:0 24955
24572 39087 1:0 24963
24573 39086 1:0 24962
24573 39085 1:0 24973
24582 39055 1:0 25086
24582 39053 1:0 25093
24590 39054 1:0 25094
24621 39052 1:0 25104
24701 29732 21:0 24706
24703 29907 1:0 25103
24703 39037 1:0 25143
24704 39022 1:0 25217
24704 39021 1:0 25225
24712 29736 21:0 24715
24713 39020 1:0 25224
24713 39019 1:0 25235
24719 30017 1:0 25348
24719 38989 1:0 25348
24740 38988 1:0 25356
24832 29789 21:0 24837
24834 38987 1:0 25355
24834 141 1:0 25361
24835 38986 1:0 25366
24835 38978 1:0 25368
24835 38984 1:0 25371
24844 38956 1:0 25479
24844 38955 1:0 25487
24850 38954 1:0 25486
24871 38953 1:0 25497
24883 30081 1:0 25502
24965 38923 1:0 25610
24966 38922 1:0 25618
24975 38921 1:0 25617
24975 38920 1:0 25628
24975 30188 1:0 25633
24975 38912 1:0 25643
24981 30138 1:0 25637
24981 38906 1:0 25667
24981 38898 1:0 25720
25002 38890 1:0 25741
25096 38888 1:0 25748
25097 38889 1:0 25749
25106 38887 1:0 25759
25106 38870 1:0 25798
25106 38857 1:0 25872
25112 38856 1:0 25880
25132 38855 1:0 25879
25227 38854 1:0 25890
25227 38833 1:0 25895
25228 38824 1:0 26003
25237 38822 1:0 26010
25237 38823 1:0 26011
25237 38820 1:0 26014
25243 38821 1:0 26021
25243 31 1:0 26134
25246 29967 21:0 25270
25264 38791 1:0 26134
25358 38789 1:0 26141
25359 38790 1:0 26142
25359 38788 1:0 26152
25368 38758 1:0 26265
25368 38756 1:0 26272
25374 30420 1:0 26276
25379 38757 1:0 26273
25394 30416 1:0 26271
25395 341 1:0 26394
25489 38755 1:0 26283
25498 30078 21:0 25501
25770 30195 21:0 25794
25880 30245 21:0 25885
26284 30420 21:0 26287
26392 340 21:0 26442
26442 40391 21:0 26458
26457 40384 21:0 26458
26460 40406 0:0 26463
26465 40407 21:0 26523
26467 40408 0:0 26468
26522 40424 21:0 26534
26522 40409 0:0 26534
26536 40439 0:0 26539
26541 40441 21:0 26599
26543 40440 0:0 26544
26598 40442 0:0 26610
26599 40459 21:0 26610
26612 40472 21:0 26620
26619 40473 0:0 26620
26619 40474 21:0 26686
26684 40475 0:0 26686
26686 65 21:0 26691
26688 40505 0:0 26691
26693 40506 21:0 26751
26695 40507 0:0 26696
26750 40508 0:0 26762
26750 40516 21:0 26762
26764 40538 0:0 26767
26769 40539 21:0 26827
26771 40540 0:0 26772
26826 40541 0:0 26838
26827 40558 21:0 26838
26837 40556 21:0 26838
26840 40571 21:0 26848
26847 40573 0:0 26848
26847 40572 21:0 26914
26912 40574 0:0 26914
26916 40604 21:0 26924
26923 40605 0:0 26924
26923 40606 21:0 26990
26988 40607 0:0 26990
26992 40637 21:0 27000
26997 40638 0:0 27000
26997 40639 0:0 27000
27000 40640 21:0 27066
27068 40670 21:0 27076
27075 40671 0:0 27076
27075 40672 0:0 27076
27076 40673 21:0 27142
27141 40620 21:0 27147
27144 40703 0:0 27147
27146 40688 21:0 27147
27149 40704 21:0 27207
27151 40705 0:0 27152
27206 40714 21:0 27218
27206 40706 0:0 27218
27217 40722 21:0 27218
27217 40695 21:0 27223
27220 40736 0:0 27223
27222 175 21:0 27223
27225 40737 21:0 27283
27227 40738 0:0 27228
27282 40739 0:0 27294
27283 40756 21:0 27294
27293 40752 21:0 27294
27293 123 21:0 27299
27296 40769 0:0 27299
27301 40771 21:0 27359
27303 40770 0:0 27304
27358 213 21:0 27370
27358 40772 0:0 27370
27370 227 21:0 27375
27372 40802 0:0 27375
27377 40803 21:0 27435
27379 40804 0:0 27380
27434 231 21:0 27446
27434 40805 0:0 27446
27448 40835 21:0 27456
27455 40837 0:0 27456
27455 40836 0:0 27456
27456 40838 21:0 27522
27521 40853 21:0 27527
27524 40868 0:0 27527
27529 40870 21:0 27587
27531 40869 0:0 27532
27586 40871 0:0 27598
27589 40873 21:0 27598
27597 267 21:0 27598
27600 40901 21:0 27608
27607 40903 21:0 27674
27673 40902 21:0 27684
27683 40904 21:0 27750
27749 40934 21:0 27760
27759 265 21:0 27760
27780 40980 21:0 27790
27821 40934 1:0 27956
27822 40904 1:0 27965
27831 40902 1:0 28073
27831 40903 1:0 28081
27837 40901 1:0 28091
27837 29568 1:0 28100
27839 265 1:0 28175
27842 40873 1:0 28188
27952 40871 1:0 28204
27953 40869 1:0 28211
27953 40870 1:0 28212
27953 267 1:0 28217
27962 40868 1:0 28222
27962 40853 1:0 28227
27968 40838 1:0 28335
27973 40837 1:0 28343
28083 40836 1:0 28342
28084 40835 1:0 28353
28084 29732 1:0 28466
28084 40805 1:0 28466
28093 40803 1:0 28473
28093 40804 1:0 28474
28099 231 1:0 28479
28099 29736 1:0 28483
28119 40802 1:0 28484
28120 227 1:0 28488
28132 29789 1:0 28597
28214 40772 1:0 28597
28215 40771 1:0 28605
28224 40770 1:0 28604
28224 213 1:0 28610
28224 40769 1:0 28615
28224 40756 1:0 28645
28230 40752 1:0 28654
28235 40739 1:0 28728
28345 40737 1:0 28735
28346 40738 1:0 28736
28346 40736 1:0 28746
28346 175 1:0 28776
28355 40722 1:0 28785
28355 40714 1:0 28838
28355 40706 1:0 28859
28361 40704 1:0 28866
28381 40705 1:0 28867
28382 40688 1:0 28879
28476 40703 1:0 28877
28476 40695 1:0 28882
28477 40673 1:0 28990
28486 40672 1:0 28994
28486 40671 1:0 28995
28492 40670 1:0 29008
28492 29967 1:0 29013
28495 29739 21:0 28519
28513 40640 1:0 29121
28605 29789 21:0 28610
28607 40638 1:0 29128
28608 40639 1:0 29129
28608 40637 1:0 29139
28608 123 1:0 29169
28617 40620 1:0 29178
28617 30078 1:0 29252
28617 40607 1:0 29252
28623 40606 1:0 29260
28643 40605 1:0 29259
28738 40604 1:0 29270
28739 40574 1:0 29383
28739 40572 1:0 29390
28748 40573 1:0 29391
28748 40571 1:0 29401
28754 40558 1:0 29431
28754 40556 1:0 29440
28774 40541 1:0 29514
28869 40539 1:0 29521
28870 40540 1:0 29522
28870 40538 1:0 29532
28878 29907 21:0 28881
28879 30195 1:0 29541
28879 40516 1:0 29616
28879 40508 1:0 29645
28879 30245 1:0 29645
28885 40506 1:0 29652
28905 40507 1:0 29653
29000 40505 1:0 29663
29000 65 1:0 29667
29001 40475 1:0 29776
29009 29964 21:0 29012
29010 40473 1:0 29783
29010 40474 1:0 29784
29013 40472 1:0 29794
29016 40459 1:0 29824
29021 40442 1:0 29907
29131 40441 1:0 29915
29132 40440 1:0 29914
29132 40439 1:0 29925
29132 40424 1:0 29964
29141 40409 1:0 30038
29141 40407 1:0 30045
29149 40408 1:0 30046
29180 40406 1:0 30056
29262 30420 1:0 30055
29262 40384 1:0 30086
29262 40391 1:0 30095
29262 342 1:0 30167
30046 30416 21:0 30051
30165 341 21:0 30215
30233 42057 21:0 30241
30240 42058 0:0 30241
30240 42059 0:0 30241
30241 42060 21:0 30307
30306 42068 21:0 30312
30309 42090 0:0 30312
30311 11 21:0 30312
30314 42092 21:0 30372
30316 42091 0:0 30317
30371 42093 0:0 30383
30385 42123 0:0 30388
30390 42124 21:0 30448
30392 42125 0:0 30393
30447 42126 0:0 30459
30461 42156 21:0 30469
30468 42158 0:0 30469
30468 42157 21:0 30535
30533 42159 0:0 30535
30537 42189 21:0 30545
30544 42190 0:0 30545
30544 42191 21:0 30611
30609 42192 0:0 30611
30610 87 21:0 30616
30613 42222 0:0 30616
30615 42161 21:0 30616
30615 42168 21:0 30616
30618 42224 21:0 30676
30620 42223 0:0 30621
30675 42187 21:0 30687
30675 42225 0:0 30687
30689 42255 21:0 30697
30696 42257 0:0 30697
30696 42256 0:0 30697
30697 42258 21:0 30763
30765 42288 21:0 30773
30772 42289 0:0 30773
30772 42290 0:0 30773
30773 42291 21:0 30839
30838 42267 21:0 30844
30841 42321 0:0 30844
30843 42306 21:0 30844
30846 42322 21:0 30904
30848 42323 0:0 30849
30903 42333 21:0 30915
30903 42324 0:0 30915
30914 42326 21:0 30915
30914 42313 21:0 30920
30917 42354 0:0 30920
30922 42356 21:0 30980
30924 42355 0:0 30925
30979 42357 0:0 30991
30993 42387 0:0 30996
30998 42389 21:0 31056
31000 42388 0:0 31001
31055 42390 0:0 31067
31055 42403 21:0 31067
31069 42420 21:0 31077
31074 42421 0:0 31077
31076 42422 0:0 31077
31077 42423 21:0 31143
31145 42453 21:0 31153
31152 42454 0:0 31153
31152 42455 21:0 31219
31217 42456 0:0 31219
31221 42486 21:0 31229
31228 42487 0:0 31229
31228 42488 21:0 31295
31293 42489 0:0 31295
31294 42498 21:0 31300
31297 42519 0:0 31300
31299 42471 21:0 31300
31299 42504 21:0 31301
31302 42521 21:0 31360
31304 42520 0:0 31305
31359 42522 0:0 31371
31359 42518 21:0 31371
31370 42531 21:0 31371
31373 42552 21:0 31381
31380 42553 0:0 31381
31380 42554 21:0 31447
31445 42555 0:0 31447
31449 42585 21:0 31457
31456 42586 21:0 31523
31522 42587 21:0 31533
31532 42452 21:0 31548
31553 42631 21:0 31563
31562 245 21:0 31586
31585 42539 21:0 31586
31594 42587 1:0 31715
31595 42586 1:0 31722
31604 42585 1:0 31733
31604 42555 1:0 31846
31610 42554 1:0 31854
31630 42553 1:0 31853
31725 42552 1:0 31864
31725 42539 1:0 31894
31725 42531 1:0 31929
31726 42522 1:0 31977
31726 42518 1:0 31977
31735 42520 1:0 31984
31735 42521 1:0 31985
31741 42519 1:0 31995
31743 42504 1:0 32025
31746 42498 1:0 32060
31856 42489 1:0 32108
31857 42487 1:0 32115
31857 42488 1:0 32116
31866 42486 1:0 32126
31866 245 1:0 32130
31866 42471 1:0 32165
31872 42456 1:0 32239
31872 42452 1:0 32239
31892 42455 1:0 32247
31985 29618 21:0 31990
31987 42454 1:0 32246
31988 42453 1:0 32257
31988 29739 1:0 32262
31988 42423 1:0 32370
31997 42421 1:0 32377
31997 42422 1:0 32378
32003 29789 1:0 32376
32008 42420 1:0 32388
32023 42403 1:0 32427
32118 42390 1:0 32501
32119 42388 1:0 32508
32119 42389 1:0 32509
32128 42387 1:0 32519
32128 42357 1:0 32632
32136 42356 1:0 32640
32167 42355 1:0 32639
32249 29907 1:0 32649
32250 42354 1:0 32650
32250 42333 1:0 32715
32250 42326 1:0 32747
32259 42324 1:0 32763
32259 42322 1:0 32770
32265 42323 1:0 32771
32265 29964 1:0 32780
32265 42313 1:0 32783
32286 42321 1:0 32781
32298 42306 1:0 32786
32380 42291 1:0 32894
32381 42289 1:0 32901
32390 42290 1:0 32902
32390 42288 1:0 32912
32390 42267 1:0 32917
32396 42258 1:0 33025
32417 42256 1:0 33032
32511 42257 1:0 33033
32512 42255 1:0 33043
32521 42225 1:0 33156
32521 42224 1:0 33164
32527 42223 1:0 33163
32532 42222 1:0 33174
32547 87 1:0 33287
32642 42192 1:0 33287
32643 42190 1:0 33294
32643 42191 1:0 33295
32652 42189 1:0 33305
32652 42187 1:0 33315
32652 42168 1:0 33370
32652 42161 1:0 33402
32658 42159 1:0 33418
32679 42157 1:0 33425
32773 42158 1:0 33426
32774 42156 1:0 33436
32783 42126 1:0 33549
32783 42124 1:0 33556
32789 42125 1:0 33557
32794 42123 1:0 33567
32904 42093 1:0 33680
32905 42091 1:0 33687
32905 42092 1:0 33688
32914 42090 1:0 33698
32914 42068 1:0 33703
32914 42060 1:0 33811
32922 42058 1:0 33818
32925 30416 1:0 33817
32940 343 1:0 33940
33035 42059 1:0 33819
33036 42057 1:0 33829
33036 11 1:0 33833
33175 30135 21:0 33178
33830 30420 21:0 33833
33938 342 21:0 33988
34006 43708 21:0 34014
34011 43709 0:0 34014
34013 43710 0:0 34014
34014 43711 21:0 34080
34082 43741 0:0 34085
34087 43743 21:0 34145
34089 43742 0:0 34090
34144 43744 0:0 34156
34158 43774 21:0 34166
34165 43776 0:0 34166
34165 43775 0:0 34166
34166 43777 21:0 34232
34234 43807 21:0 34242
34241 43808 0:0 34242
34241 43809 21:0 34308
34306 43810 0:0 34308
34310 43840 21:0 34318
34311 83 0:0 34313
34317 43842 0:0 34318
34317 43841 0:0 34318
34318 43843 21:0 34384
34386 43873 21:0 34394
34393 43874 0:0 34394
34393 43875 21:0 34460
34407 43884 0:0 34408
34442 43885 0:0 34444
34448 43892 0:0 34449
34458 43876 0:0 34460
34459 43893 0:0 34460
34459 69 21:0 34465
34462 43906 0:0 34465
34464 43839 21:0 34465
34467 43908 21:0 34525
34469 43907 0:0 34470
34524 43909 0:0 34536
34524 43922 21:0 34536
34535 65 21:0 34536
34538 43939 21:0 34546
34543 43940 0:0 34546
34545 43941 0:0 34546
34546 43942 21:0 34612
34611 43944 0:0 34612
34614 43972 21:0 34622
34621 43974 0:0 34622
34621 43973 21:0 34688
34686 43975 0:0 34688
34690 44005 21:0 34698
34697 44007 0:0 34698
34697 44006 21:0 34764
34762 44008 0:0 34764
34763 43790 21:0 34769
34766 44038 0:0 34769
34768 43918 21:0 34769
34771 44039 21:0 34829
34773 44040 0:0 34774
34828 44041 0:0 34840
34829 44058 21:0 34840
34839 44069 21:0 34840
34842 44071 21:0 34850
34847 44073 0:0 34850
34849 44072 0:0 34850
34850 44074 21:0 34916
34918 44104 21:0 34926
34925 44106 0:0 34926
34925 44105 21:0 34992
34938 44096 0:0 34940
34990 44107 0:0 34992
34991 44135 0:0 34992
34994 44137 21:0 35002
35001 44139 0:0 35002
35001 44138 21:0 35068
35066 44140 0:0 35068
35070 44170 21:0 35078
35077 44171 0:0 35078
35077 44172 21:0 35144
35142 44173 0:0 35144
35146 44203 21:0 35154
35153 44205 0:0 35154
35153 44204 21:0 35220
35218 44206 0:0 35220
35222 44236 21:0 35230
35229 44237 0:0 35230
35229 44238 21:0 35296
35294 44239 0:0 35296
35295 44190 21:0 35301
35300 231 21:0 35301
35326 44282 21:0 35336
35367 44239 1:0 35488
35368 44238 1:0 35496
35377 44237 1:0 35495
35377 44236 1:0 35506
35383 44206 1:0 35619
35403 44204 1:0 35626
35498 44205 1:0 35627
35499 44203 1:0 35637
35499 44190 1:0 35667
35499 29618 1:0 35750
35508 44173 1:0 35750
35508 44172 1:0 35758
35514 44171 1:0 35757
35534 44170 1:0 35768
35629 44140 1:0 35881
35630 44138 1:0 35888
35630 44139 1:0 35889
35639 44137 1:0 35899
35639 44135 1:0 35909
35639 231 1:0 36012
35645 44107 1:0 36012
35665 44105 1:0 36019
35760 44106 1:0 36020
35761 44104 1:0 36030
35761 44074 1:0 36143
35770 44096 1:0 36037
35770 44073 1:0 36151
35776 44072 1:0 36150
35781 44071 1:0 36161
35796 44058 1:0 36191
35797 44069 1:0 36171
35891 44041 1:0 36274
35892 44039 1:0 36281
35901 44040 1:0 36282
35901 44038 1:0 36292
35907 44008 1:0 36405
35912 44006 1:0 36412
36022 44007 1:0 36413
36023 44005 1:0 36423
36023 43975 1:0 36536
36032 43973 1:0 36543
36032 43974 1:0 36544
36038 43972 1:0 36554
36059 43942 1:0 36667
36071 43944 1:0 36651
36153 43941 1:0 36675
36154 43940 1:0 36674
36163 43939 1:0 36685
36163 43918 1:0 36715
36163 43922 1:0 36724
36163 43909 1:0 36798
36171 43908 1:0 36806
36202 43907 1:0 36805
36284 43906 1:0 36816
36285 43893 1:0 36846
36285 43892 1:0 36855
36285 43885 1:0 36881
36294 43884 1:0 36908
36294 30135 1:0 36929
36294 43876 1:0 36929
36294 43875 1:0 36937
36300 43874 1:0 36936
36303 29853 21:0 36327
36321 43873 1:0 36947
36415 43843 1:0 37060
36416 43841 1:0 37067
36416 43842 1:0 37068
36425 43839 1:0 37071
36425 43840 1:0 37078
36425 83 1:0 37082
36425 43790 1:0 37162
36431 43810 1:0 37191
36433 69 1:0 37191
36464 43809 1:0 37199
36546 43808 1:0 37198
36547 43807 1:0 37209
36547 65 1:0 37213
36556 43777 1:0 37322
36556 43776 1:0 37330
36562 43775 1:0 37329
36583 43774 1:0 37340
36677 43744 1:0 37453
36678 43743 1:0 37461
36687 43742 1:0 37460
36687 43741 1:0 37471
36693 43711 1:0 37584
36696 30024 21:0 36720
36698 43709 1:0 37591
36713 30420 1:0 37595
36714 344 1:0 37713
36808 43710 1:0 37592
36809 43708 1:0 37602
36948 30135 21:0 36951
37199 30245 21:0 37204
37351 30309 21:0 37375
37711 343 21:0 37761
37761 45344 21:0 37777
37779 45359 0:0 37782
37784 45361 21:0 37842
37786 45360 0:0 37787
37841 45362 0:0 37853
37841 45378 21:0 37853
37852 45390 21:0 37853
37855 45392 21:0 37863
37862 45394 0:0 37863
37862 45393 0:0 37863
37863 45395 21:0 37929
37928 45384 21:0 37934
37931 45425 0:0 37934
37933 45377 21:0 37934
37936 45427 21:0 37994
37938 45426 0:0 37939
37993 45428 0:0 38005
38002 45456 21:0 38005
38004 45423 21:0 38005
38004 45408 21:0 38010
38007 45458 0:0 38010
38009 45397 21:0 38010
38012 45459 21:0 38070
38014 45460 0:0 38015
38069 45461 0:0 38081
38069 45351 21:0 38081
38080 31 21:0 38081
38083 45491 0:0 38086
38088 45492 21:0 38146
38090 45493 0:0 38091
38145 45503 21:0 38157
38145 45494 0:0 38157
38159 45524 21:0 38167
38166 45525 0:0 38167
38166 45526 0:0 38167
38167 45527 21:0 38233
38232 45535 21:0 38238
38235 45557 0:0 38238
38237 45544 21:0 38238
38240 45558 21:0 38298
38242 45559 0:0 38243
38297 45560 0:0 38309
38297 45543 21:0 38309
38311 45590 0:0 38314
38316 45591 21:0 38374
38318 45592 0:0 38319
38373 45593 0:0 38385
38387 45623 21:0 38395
38394 45625 0:0 38395
38394 45624 0:0 38395
38395 45626 21:0 38461
38460 45641 21:0 38466
38463 45656 0:0 38466
38465 159 21:0 38466
38468 45657 21:0 38526
38470 45658 0:0 38471
38525 45648 21:0 38537
38525 45659 0:0 38537
38539 45689 21:0 38547
38546 45691 0:0 38547
38546 45690 21:0 38613
38611 45692 0:0 38613
38612 45681 21:0 38618
38615 45722 0:0 38618
38617 45707 21:0 38618
38620 45724 21:0 38678
38622 45723 0:0 38623
38677 45725 0:0 38689
38680 45727 21:0 38689
38691 45755 21:0 38699
38698 45757 0:0 38699
38698 45756 21:0 38765
38763 45758 0:0 38765
38767 45788 21:0 38775
38774 45790 0:0 38775
38774 45789 21:0 38841
38839 45791 0:0 38841
38843 45821 21:0 38851
38850 45822 0:0 38851
38850 45823 21:0 38917
38915 45824 0:0 38917
38919 45854 21:0 38927
38926 45855 0:0 38927
38926 45856 21:0 38993
38992 45857 21:0 39003
39002 45887 21:0 39069
39068 45888 21:0 39079
39099 45933 21:0 39109
39108 45889 21:0 39135
39140 45889 1:0 39261
39141 45888 1:0 39268
39150 45887 1:0 39279
39150 45857 1:0 39392
39156 45856 1:0 39400
39161 45855 1:0 39399
39271 45854 1:0 39410
39272 45824 1:0 39523
39272 45823 1:0 39531
39281 45822 1:0 39530
39281 45821 1:0 39541
39287 45791 1:0 39654
39308 45789 1:0 39661
39402 45790 1:0 39662
39403 45788 1:0 39672
39412 45758 1:0 39785
39412 45756 1:0 39792
39418 45757 1:0 39793
39423 45755 1:0 39803
39531 29618 21:0 39536
39533 45727 1:0 39900
39533 45725 1:0 39916
39534 45723 1:0 39923
39534 45724 1:0 39924
39543 45722 1:0 39934
39543 45707 1:0 39973
39543 45692 1:0 40047
39551 45690 1:0 40054
39582 45691 1:0 40055
39664 45689 1:0 40065
39665 29853 1:0 40074
39665 45681 1:0 40080
39665 45659 1:0 40178
39674 45657 1:0 40185
39674 45658 1:0 40186
39680 45648 1:0 40198
39685 45656 1:0 40196
39700 45641 1:0 40201
39795 45626 1:0 40309
39795 159 1:0 40320
39796 45625 1:0 40317
39805 45624 1:0 40316
39805 45623 1:0 40327
39811 45593 1:0 40440
39816 45591 1:0 40447
39926 45592 1:0 40448
39927 45590 1:0 40458
39927 30024 1:0 40467
39927 45560 1:0 40571
39935 29793 21:0 39938
39936 45558 1:0 40578
39936 45559 1:0 40579
39939 45544 1:0 40591
39944 45557 1:0 40589
39947 45543 1:0 40591
39962 45535 1:0 40594
40057 45527 1:0 40702
40057 30135 1:0 40713
40058 45526 1:0 40710
40067 45525 1:0 40709
40067 45524 1:0 40720
40067 45503 1:0 40785
40073 45494 1:0 40833
40076 29853 21:0 40100
40093 45492 1:0 40840
40188 45493 1:0 40841
40189 45491 1:0 40851
40189 45461 1:0 40964
40189 30245 1:0 40964
40198 45459 1:0 40971
40198 45460 1:0 40972
40206 45458 1:0 40982
40207 29910 21:0 40231
40209 45456 1:0 40992
40237 45428 1:0 41095
40317 29960 21:0 40322
40319 45427 1:0 41103
40320 45426 1:0 41102
40320 45397 1:0 41109
40320 30309 1:0 41115
40320 45408 1:0 41115
40329 45425 1:0 41113
40329 45423 1:0 41118
40335 45395 1:0 41226
40335 31 1:0 41228
40355 45393 1:0 41233
40450 45394 1:0 41234
40451 45392 1:0 41244
40451 45377 1:0 41249
40451 45390 1:0 41254
40451 45384 1:0 41259
40451 45378 1:0 41283
40460 45362 1:0 41357
40460 45361 1:0 41365
40468 45360 1:0 41364
40499 45359 1:0 41375
40581 45351 1:0 41390
40581 45344 1:0 41414
40581 345 1:0 41486
40600 30081 21:0 40624
40710 30131 21:0 40715
40841 30188 21:0 40846
41124 30309 21:0 41148
41255 30366 21:0 41279
41365 30416 21:0 41370
41484 344 21:0 41534
41533 46988 21:0 41539
41538 46989 21:0 41550
41549 46995 21:0 41550
41552 47010 21:0 41560
41559 47012 0:0 41560
41559 47011 0:0 41560
41560 47013 21:0 41626
41625 11 21:0 41631
41628 47043 0:0 41631
41630 47009 21:0 41631
41633 47045 21:0 41691
41635 47044 0:0 41636
41690 47046 0:0 41702
41690 29 21:0 41702
41704 47076 0:0 41707
41709 47077 21:0 41767
41711 47078 0:0 41712
41766 47079 0:0 41778
41766 47087 21:0 41778
41777 47081 21:0 41778
41780 47109 0:0 41783
41785 47111 21:0 41843
41787 47110 0:0 41788
41842 47112 0:0 41854
41842 47121 21:0 41854
41853 47120 21:0 41854
41853 69 21:0 41859
41856 47142 0:0 41859
41861 47143 21:0 41919
41863 47144 0:0 41864
41918 47145 0:0 41930
41932 47175 21:0 41940
41937 47177 0:0 41940
41937 47176 0:0 41940
41940 47178 21:0 42006
42005 101 21:0 42011
42008 47208 0:0 42011
42010 103 21:0 42011
42013 47210 21:0 42071
42015 47209 0:0 42016
42070 47211 0:0 42082
42084 47241 0:0 42087
42089 47243 21:0 42147
42091 47242 0:0 42092
42146 47244 0:0 42158
42146 47252 21:0 42158
42157 47260 21:0 42158
42160 47274 0:0 42163
42165 47275 21:0 42223
42167 47276 0:0 42168
42222 47277 0:0 42234
42222 47273 21:0 42234
42233 47290 21:0 42234
42233 47285 21:0 42239
42236 47307 0:0 42239
42238 47305 21:0 42239
42241 47308 21:0 42299
42243 47309 0:0 42244
42298 47310 0:0 42310
42298 177 21:0 42310
42309 47338 21:0 42310
42312 47340 0:0 42315
42317 47341 21:0 42375
42319 47342 0:0 42320
42374 47343 0:0 42386
42388 47373 0:0 42391
42393 47374 21:0 42451
42395 47375 0:0 42396
42450 47376 0:0 42462
42450 211 21:0 42462
42461 47384 21:0 42462
42464 47406 21:0 42472
42471 47408 0:0 42472
42471 47407 21:0 42538
42536 47409 0:0 42538
42540 47439 21:0 42548
42547 47441 0:0 42548
42547 47440 21:0 42614
42612 47442 0:0 42614
42616 47472 21:0 42624
42623 47473 0:0 42624
42623 47474 21:0 42690
42692 47505 21:0 42700
42699 47475 21:0 42766
42765 47506 21:0 42776
42775 47507 21:0 42842
42841 47508 21:0 42852
42851 47538 21:0 42905
42904 47584 21:0 42905
42904 47393 21:0 42908
42907 47391 21:0 42908
42913 47538 1:0 43048
42914 47508 1:0 43057
42914 47507 1:0 43165
42923 47506 1:0 43172
42923 47505 1:0 43183
42923 29618 1:0 43188
42931 47475 1:0 43296
42962 47474 1:0 43304
43044 47473 1:0 43303
43045 47472 1:0 43314
43054 47442 1:0 43427
43054 47440 1:0 43434
43060 47441 1:0 43435
43080 47439 1:0 43445
43175 47409 1:0 43558
43176 47407 1:0 43565
43176 47408 1:0 43566
43185 47406 1:0 43576
43185 47393 1:0 43606
43185 47391 1:0 43609
43185 47384 1:0 43660
43185 211 1:0 43689
43193 47376 1:0 43689
43224 47374 1:0 43696
43306 47375 1:0 43697
43307 29793 1:0 43706
43307 47373 1:0 43707
43316 47343 1:0 43820
43316 47341 1:0 43827
43322 47342 1:0 43828
43343 47340 1:0 43838
43355 29853 1:0 43847
43437 47338 1:0 43848
43438 47310 1:0 43951
43438 47308 1:0 43958
43447 47309 1:0 43959
43447 177 1:0 43964
43447 29960 1:0 43971
43453 47307 1:0 43969
43453 29910 1:0 43974
43453 47305 1:0 43979
43455 47285 1:0 43999
43458 47290 1:0 44008
43473 47273 1:0 44082
43568 47277 1:0 44082
43569 47275 1:0 44089
43569 47276 1:0 44090
43578 47274 1:0 44100
43578 47260 1:0 44139
43584 47252 1:0 44192
43584 47244 1:0 44213
43604 47243 1:0 44221
43699 47242 1:0 44220
43700 47241 1:0 44231
43700 47211 1:0 44344
43709 47209 1:0 44351
43709 47210 1:0 44352
43717 47208 1:0 44362
43720 30081 1:0 44367
43830 47178 1:0 44475
43830 103 1:0 44477
43831 47176 1:0 44482
43831 47177 1:0 44483
43840 30131 1:0 44481
43840 47175 1:0 44493
43840 101 1:0 44497
43846 47145 1:0 44606
43846 30188 1:0 44606
43867 47143 1:0 44613
43961 47144 1:0 44614
43962 47142 1:0 44624
43962 47121 1:0 44689
43971 47120 1:0 44716
43971 47112 1:0 44737
43971 47111 1:0 44745
43977 47110 1:0 44744
43979 69 1:0 44750
44010 47109 1:0 44755
44092 47081 1:0 44839
44092 47087 1:0 44847
44093 47079 1:0 44868
44093 47077 1:0 44875
44102 47078 1:0 44876
44102 47076 1:0 44886
44108 30309 1:0 44895
44113 47046 1:0 44999
44223 47045 1:0 45007
44224 47044 1:0 45006
44224 47043 1:0 45017
44224 29 1:0 45019
44233 30366 1:0 45022
44233 47013 1:0 45130
44233 47009 1:0 45141
44239 47012 1:0 45138
44259 47011 1:0 45137
44260 30416 1:0 45136
44354 47010 1:0 45148
44354 11 1:0 45152
44355 46995 1:0 45181
44355 46989 1:0 45181
44355 46988 1:0 45232
44355 346 1:0 45259
44635 30195 21:0 44659
45007 30359 21:0 45012
45257 345 21:0 45307
45320 48659 21:0 45323
45325 48661 0:0 45328
45330 48663 21:0 45388
45332 48662 0:0 45333
45387 48664 0:0 45399
45387 48680 21:0 45399
45401 48694 21:0 45409
45408 48695 0:0 45409
45408 48696 21:0 45475
45473 48697 0:0 45475
45474 33 21:0 45480
45477 48727 0:0 45480
45479 31 21:0 45480
45482 48729 21:0 45540
45484 48728 0:0 45485
45539 48712 21:0 45551
45539 48730 0:0 45551
45550 48705 21:0 45551
45550 48699 21:0 45556
45553 48760 0:0 45556
45558 48762 21:0 45616
45560 48761 0:0 45561
45615 48763 0:0 45627
45615 67 21:0 45627
45626 48791 21:0 45627
45629 48793 21:0 45637
45634 48795 0:0 45637
45634 48794 0:0 45637
45637 48796 21:0 45703
45702 48811 21:0 45708
45705 48826 0:0 45708
45707 48798 21:0 45708
45710 48828 21:0 45768
45712 48827 0:0 45713
45767 48829 0:0 45779
45770 48831 21:0 45779
45778 48759 21:0 45779
45781 48859 0:0 45784
45786 48861 21:0 45844
45788 48860 0:0 45789
45843 48862 0:0 45855
45843 121 21:0 45855
45857 48892 21:0 45865
45864 48894 0:0 45865
45864 48893 21:0 45931
45929 48895 0:0 45931
45930 137 21:0 45936
45933 48925 0:0 45936
45935 141 21:0 45936
45938 48927 21:0 45996
45940 48926 0:0 45941
45995 48928 0:0 46007
45995 48917 21:0 46007
46006 155 21:0 46007
46006 48884 21:0 46012
46009 48958 0:0 46012
46014 48959 21:0 46072
46016 48960 0:0 46017
46071 48961 0:0 46083
46072 48978 21:0 46083
46085 48991 21:0 46093
46092 48993 0:0 46093
46092 48992 21:0 46159
46157 48994 0:0 46159
46161 49024 21:0 46169
46166 49026 0:0 46169
46168 49025 0:0 46169
46169 49027 21:0 46235
46237 49057 21:0 46245
46244 49059 0:0 46245
46244 49058 21:0 46311
46309 49060 0:0 46311
46313 49090 21:0 46321
46320 49091 0:0 46321
46320 49092 21:0 46387
46385 49093 0:0 46387
46389 49123 21:0 46397
46396 49124 0:0 46397
46396 49125 21:0 46463
46461 49126 0:0 46463
46465 49156 21:0 46473
46472 49158 0:0 46473
46472 49157 21:0 46539
46537 49159 0:0 46539
46541 49189 21:0 46549
46548 49191 21:0 46615
46614 49190 21:0 46625
46645 49235 21:0 46655
46654 49192 21:0 46681
46686 49192 1:0 46699
46687 49190 1:0 46807
46696 49191 1:0 46815
46696 49189 1:0 46825
46702 49159 1:0 46938
46707 49157 1:0 46945
46817 49158 1:0 46946
46818 49156 1:0 46956
46818 49126 1:0 47069
46827 49124 1:0 47076
46827 49125 1:0 47077
46833 49123 1:0 47087
46854 49093 1:0 47200
46948 49092 1:0 47208
46949 49091 1:0 47207
46958 49090 1:0 47218
46958 49060 1:0 47331
46964 49058 1:0 47338
46969 49059 1:0 47339
47079 49057 1:0 47349
47080 49027 1:0 47462
47080 49025 1:0 47469
47089 49026 1:0 47470
47089 49024 1:0 47480
47095 48994 1:0 47593
47116 48992 1:0 47600
47208 29675 21:0 47213
47210 48993 1:0 47601
47211 48991 1:0 47611
47211 48978 1:0 47641
47219 29679 21:0 47222
47220 48961 1:0 47724
47220 48959 1:0 47731
47223 48960 1:0 47732
47228 48958 1:0 47742
47259 48928 1:0 47855
47341 48927 1:0 47863
47342 48926 1:0 47862
47351 48925 1:0 47873
47351 155 1:0 47877
47351 48917 1:0 47888
47351 48895 1:0 47986
47357 141 1:0 47986
47360 29739 21:0 47384
47362 48893 1:0 47993
47390 48894 1:0 47994
47470 29789 21:0 47475
47472 48892 1:0 48004
47473 137 1:0 48008
47473 48884 1:0 48019
47473 121 1:0 48117
47473 48862 1:0 48117
47482 48860 1:0 48124
47482 48861 1:0 48125
47490 48859 1:0 48135
47521 48829 1:0 48248
47603 48831 1:0 48232
47604 48827 1:0 48255
47604 48828 1:0 48256
47604 48798 1:0 48268
47613 48826 1:0 48266
47613 48811 1:0 48271
47619 48796 1:0 48379
47624 48795 1:0 48387
47734 48794 1:0 48386
47735 48793 1:0 48397
47735 30195 1:0 48406
47735 48791 1:0 48407
47735 48759 1:0 48481
47744 48763 1:0 48510
47744 67 1:0 48510
47744 48762 1:0 48518
47750 48761 1:0 48517
47771 48760 1:0 48528
47865 48730 1:0 48641
47866 48729 1:0 48649
47875 48728 1:0 48648
47875 48727 1:0 48659
47875 30359 1:0 48661
47875 48699 1:0 48664
47875 48705 1:0 48692
47881 48712 1:0 48692
47881 31 1:0 48743
47881 33 1:0 48772
47902 48697 1:0 48772
47996 48696 1:0 48780
47997 48695 1:0 48779
48006 48694 1:0 48790
48006 48680 1:0 48829
48006 48664 1:0 48903
48012 48663 1:0 48911
48032 48662 1:0 48910
48033 347 1:0 49032
48125 30074 21:0 48130
48127 48661 1:0 48921
48127 48659 1:0 48931
49030 346 21:0 49080
49079 50290 21:0 49085
49085 50299 21:0 49096
49095 50310 21:0 49096
49095 50298 21:0 49101
49098 50312 0:0 49101
49103 50314 21:0 49161
49105 50313 0:0 49106
49160 50315 0:0 49172
49160 15 21:0 49172
49174 50345 0:0 49177
49179 50346 21:0 49237
49181 50347 0:0 49182
49236 50337 21:0 49248
49236 50348 0:0 49248
49247 31 21:0 49248
49250 50378 21:0 49258
49255 50380 0:0 49258
49255 50379 0:0 49258
49258 50381 21:0 49324
49323 50409 21:0 49329
49326 50411 0:0 49329
49328 50370 21:0 49329
49331 50413 21:0 49389
49333 50412 0:0 49334
49388 67 21:0 49400
49388 50414 0:0 49400
49399 50423 21:0 49400
49402 50444 21:0 49410
49409 50445 0:0 49410
49409 50446 21:0 49476
49474 50447 0:0 49476
49475 50464 21:0 49481
49478 50477 0:0 49481
49480 50431 21:0 49481
49483 50478 21:0 49541
49485 50479 0:0 49486
49540 50480 0:0 49552
49549 50508 21:0 49552
49551 50482 21:0 49552
49554 50510 21:0 49562
49561 50512 0:0 49562
49561 50511 21:0 49628
49626 50513 0:0 49628
49627 50509 21:0 49633
49630 50543 0:0 49633
49632 50476 21:0 49633
49635 50544 21:0 49693
49637 50545 0:0 49638
49692 50546 0:0 49704
49692 139 21:0 49704
49706 50576 0:0 49709
49711 50577 21:0 49769
49713 50578 0:0 49714
49768 50579 0:0 49780
49771 50581 21:0 49780
49779 50588 21:0 49780
49782 50609 0:0 49785
49787 50610 21:0 49845
49789 50611 0:0 49790
49844 177 21:0 49856
49844 50612 0:0 49856
49855 50608 21:0 49856
49855 50614 21:0 49861
49858 50642 0:0 49861
49863 50643 21:0 49921
49865 50644 0:0 49866
49920 50645 0:0 49932
49920 50634 21:0 49932
49931 193 21:0 49932
49931 50660 21:0 49937
49934 50675 0:0 49937
49939 50677 21:0 49997
49941 50676 0:0 49942
49996 213 21:0 50008
49996 50678 0:0 50008
50007 50691 21:0 50008
50010 50708 0:0 50013
50015 50709 21:0 50073
50017 50710 0:0 50018
50072 50707 21:0 50084
50072 50711 0:0 50084
50086 50741 21:0 50094
50093 50742 0:0 50094
50093 50743 21:0 50160
50158 50744 0:0 50160
50162 50774 21:0 50170
50169 50775 0:0 50170
50169 50776 21:0 50236
50235 50777 21:0 50246
50245 50807 21:0 50312
50311 50809 21:0 50322
50321 50808 21:0 50388
50387 50810 21:0 50395
50394 50840 21:0 50451
50450 50842 21:0 50462
50461 50886 21:0 50462
50463 50842 1:0 50583
50463 50840 1:0 50594
50463 50810 1:0 50603
50469 50808 1:0 50711
50469 50809 1:0 50719
50475 50807 1:0 50729
50480 50777 1:0 50842
50590 50776 1:0 50850
50591 50775 1:0 50849
50591 50774 1:0 50860
50591 29679 1:0 50944
50600 29675 1:0 50973
50600 50744 1:0 50973
50606 50743 1:0 50981
50611 50742 1:0 50980
50721 50741 1:0 50991
50721 50707 1:0 51104
50722 50711 1:0 51104
50722 50709 1:0 51111
50731 50710 1:0 51112
50731 50708 1:0 51122
50737 29739 1:0 51131
50737 50691 1:0 51161
50757 50678 1:0 51235
50758 29789 1:0 51235
50852 50677 1:0 51243
50853 50676 1:0 51242
50853 213 1:0 51248
50862 50675 1:0 51253
50862 50660 1:0 51292
50862 193 1:0 51366
50862 50645 1:0 51366
50870 50643 1:0 51373
50901 50644 1:0 51374
50983 50642 1:0 51384
50984 50634 1:0 51399
50984 50614 1:0 51468
50984 50608 1:0 51497
50993 50612 1:0 51497
50993 50610 1:0 51504
50999 50611 1:0 51505
50999 177 1:0 51510
51002 29682 21:0 51026
51019 50609 1:0 51515
51020 50588 1:0 51580
51020 50581 1:0 51612
51114 50579 1:0 51628
51115 50577 1:0 51635
51123 29736 21:0 51126
51124 50578 1:0 51636
51124 50576 1:0 51646
51127 50546 1:0 51759
51130 139 1:0 51759
51135 50544 1:0 51766
51245 50545 1:0 51767
51246 50543 1:0 51777
51246 30074 1:0 51861
51246 50509 1:0 51890
51255 50513 1:0 51890
51255 50511 1:0 51897
51261 50512 1:0 51898
51266 50510 1:0 51908
51281 50508 1:0 51918
51282 50476 1:0 51992
51376 50482 1:0 52005
51376 50480 1:0 52021
51377 50478 1:0 52028
51386 50479 1:0 52029
51386 50477 1:0 52039
51386 50464 1:0 52069
51392 50447 1:0 52152
51413 50446 1:0 52160
51507 50445 1:0 52159
51508 50444 1:0 52170
51508 50431 1:0 52200
51508 50423 1:0 52235
51508 67 1:0 52283
51517 50414 1:0 52283
51517 50413 1:0 52291
51525 50412 1:0 52290
51526 29910 21:0 51550
51544 50411 1:0 52301
51556 50409 1:0 52306
51638 50381 1:0 52414
51639 50379 1:0 52421
51648 50380 1:0 52422
51648 50378 1:0 52432
51648 50370 1:0 52447
51648 31 1:0 52545
51656 50348 1:0 52545
51687 50346 1:0 52552
51769 50347 1:0 52553
51770 50345 1:0 52563
51770 50337 1:0 52578
51779 50315 1:0 52676
51779 50314 1:0 52684
51785 50313 1:0 52683
51787 15 1:0 52689
51818 50312 1:0 52694
51898 30074 21:0 51903
51900 50290 1:0 52699
51900 50310 1:0 52704
51900 50299 1:0 52724
51900 50298 1:0 52733
51901 348 1:0 52805
52312 30252 21:0 52336
52422 30302 21:0 52427
52553 30359 21:0 52558
52803 347 21:0 52853
52852 51941 21:0 52858
52857 51948 21:0 52869
52869 11 21:0 52874
52871 51963 0:0 52874
52876 51964 21:0 52934
52878 51965 0:0 52879
52933 15 21:0 52945
52933 51966 0:0 52945
52944 51983 21:0 52945
52947 51996 21:0 52955
52954 51997 0:0 52955
52954 51998 0:0 52955
52955 51999 21:0 53021
53023 52029 21:0 53031
53030 52030 0:0 53031
53030 52031 0:0 53031
53031 52032 21:0 53097
53096 31 21:0 53102
53099 52062 0:0 53102
53101 47 21:0 53102
53104 52064 21:0 53162
53106 52063 0:0 53107
53161 52065 0:0 53173
53170 52093 21:0 53173
53172 52067 21:0 53173
53175 52095 21:0 53183
53182 52097 0:0 53183
53182 52096 21:0 53249
53247 52098 0:0 53249
53251 52128 21:0 53259
53258 52129 0:0 53259
53258 52130 21:0 53325
53323 52131 0:0 53325
53324 49 21:0 53330
53327 52161 0:0 53330
53332 52163 21:0 53390
53334 52162 0:0 53335
53389 52164 0:0 53401
53398 52192 21:0 53401
53403 52194 0:0 53406
53408 52196 21:0 53466
53410 52195 0:0 53411
53465 52197 0:0 53477
53474 52225 21:0 53477
53479 52227 0:0 53482
53484 52228 21:0 53542
53486 52229 0:0 53487
53541 52230 0:0 53553
53541 159 21:0 53553
53555 52260 0:0 53558
53560 52262 21:0 53618
53562 52261 0:0 53563
53617 52263 0:0 53629
53617 52252 21:0 53629
53631 52293 21:0 53639
53638 52294 0:0 53639
53638 52295 21:0 53705
53703 52296 0:0 53705
53705 209 21:0 53710
53707 52326 0:0 53710
53709 193 21:0 53710
53712 52327 21:0 53770
53714 52328 0:0 53715
53769 52329 0:0 53781
53769 52338 21:0 53781
53780 52318 21:0 53781
53780 52304 21:0 53786
53783 52359 0:0 53786
53788 52361 21:0 53846
53790 52360 0:0 53791
53845 52362 0:0 53857
53859 52392 21:0 53867
53866 52394 0:0 53867
53866 52393 21:0 53933
53931 52395 0:0 53933
53935 52425 21:0 53943
53942 52427 0:0 53943
53942 52426 21:0 54009
54007 52428 0:0 54009
54011 52458 21:0 54019
54018 52460 0:0 54019
54018 52459 21:0 54085
54084 52461 21:0 54095
54094 52491 21:0 54161
54160 52492 21:0 54171
54170 52493 21:0 54224
54223 52537 21:0 54224
54232 52493 1:0 54353
54233 52492 1:0 54360
54242 52491 1:0 54371
54242 52461 1:0 54484
54248 52459 1:0 54491
54253 52460 1:0 54492
54363 52458 1:0 54502
54364 52428 1:0 54615
54364 52426 1:0 54622
54373 52427 1:0 54623
54373 52425 1:0 54633
54379 52395 1:0 54746
54400 52393 1:0 54753
54494 52394 1:0 54754
54495 52392 1:0 54764
54495 29682 1:0 54773
54504 52362 1:0 54877
54504 52361 1:0 54885
54510 52360 1:0 54884
54530 52359 1:0 54895
54531 29736 1:0 54894
54543 52338 1:0 54960
54625 52329 1:0 55008
54626 52327 1:0 55015
54635 52328 1:0 55016
54635 52326 1:0 55026
54635 209 1:0 55030
54635 52318 1:0 55041
54641 52304 1:0 55110
54641 193 1:0 55139
54661 52296 1:0 55139
54756 52295 1:0 55147
54757 52294 1:0 55146
54757 52293 1:0 55157
54766 52263 1:0 55270
54766 52262 1:0 55278
54774 52261 1:0 55277
54805 52260 1:0 55288
54887 29910 1:0 55297
54887 52252 1:0 55303
54888 52230 1:0 55401
54888 52228 1:0 55408
54897 52229 1:0 55409
54897 159 1:0 55414
54903 52227 1:0 55419
54903 52225 1:0 55429
54923 52197 1:0 55532
55018 52196 1:0 55540
55019 52195 1:0 55539
55019 52194 1:0 55550
55027 29793 21:0 55030
55028 52192 1:0 55560
55028 30074 1:0 55663
55028 52164 1:0 55663
55034 52163 1:0 55671
55039 52162 1:0 55670
55149 52161 1:0 55681
55150 52131 1:0 55794
55150 52130 1:0 55802
55159 52129 1:0 55801
55159 52128 1:0 55812
55165 52098 1:0 55925
55186 52096 1:0 55932
55280 52097 1:0 55933
55281 52095 1:0 55943
55281 52093 1:0 55953
55281 52067 1:0 56040
55290 52065 1:0 56056
55290 52064 1:0 56064
55296 52063 1:0 56063
55299 29910 21:0 55323
55317 52062 1:0 56074
55317 30252 1:0 56079
55324 26150 1:0 58088
55411 52032 1:0 56187
55411 49 1:0 56189
55412 30302 1:0 56193
55412 52031 1:0 56195
55421 52030 1:0 56194
55421 52029 1:0 56205
55421 47 1:0 56209
55429 51999 1:0 56318
55432 31 1:0 56320
55542 30359 1:0 56324
55542 51997 1:0 56325
55543 51998 1:0 56326
55543 51996 1:0 56336
55552 51983 1:0 56366
55552 51966 1:0 56449
55558 51964 1:0 56456
55563 51965 1:0 56457
55578 15 1:0 56462
55673 51963 1:0 56467
55673 11 1:0 56471
55673 51948 1:0 56506
55674 51941 1:0 56559
55674 349 1:0 56578
55674 26144 1:0 58097
55682 30078 21:0 55685
56576 348 21:0 56626
56626 53597 21:0 56642
56644 53614 0:0 56647
56649 53615 21:0 56707
56651 53616 0:0 56652
56706 53617 0:0 56718
56706 53613 21:0 56718
56718 29 21:0 56723
56720 53647 0:0 56723
56725 53649 21:0 56783
56727 53648 0:0 56728
56782 53663 21:0 56794
56782 53650 0:0 56794
56796 53680 21:0 56804
56803 53682 0:0 56804
56803 53681 21:0 56870
56868 53683 0:0 56870
56872 53713 21:0 56880
56879 53715 0:0 56880
56879 53714 0:0 56880
56880 53716 21:0 56946
56945 53691 21:0 56951
56948 53746 0:0 56951
56953 53747 21:0 57011
56955 53748 0:0 56956
57010 53749 0:0 57022
57024 53779 21:0 57032
57031 53781 0:0 57032
57031 53780 21:0 57098
57096 53782 0:0 57098
57100 53812 21:0 57108
57105 53814 0:0 57108
57107 53813 0:0 57108
57108 53815 21:0 57174
57173 53778 21:0 57179
57176 53845 0:0 57179
57178 53804 21:0 57179
57181 53846 21:0 57239
57183 53847 0:0 57184
57238 53848 0:0 57250
57238 53831 21:0 57250
57249 53832 21:0 57250
57252 53878 21:0 57260
57259 53879 0:0 57260
57259 53880 21:0 57326
57324 53881 0:0 57326
57328 53911 21:0 57336
57335 53913 0:0 57336
57335 53912 0:0 57336
57336 53914 21:0 57402
57404 53944 21:0 57412
57411 53945 0:0 57412
57411 53946 0:0 57412
57412 53947 21:0 57478
57480 53977 21:0 57488
57487 53979 0:0 57488
57487 53978 21:0 57554
57552 53980 0:0 57554
57556 54010 21:0 57564
57563 54011 0:0 57564
57563 54012 0:0 57564
57564 54013 21:0 57630
57629 53894 21:0 57635
57632 54043 0:0 57635
57634 54026 21:0 57635
57637 54045 21:0 57695
57638 249 0:0 57640
57639 54044 0:0 57640
57694 54030 21:0 57706
57694 54046 0:0 57706
57705 54063 21:0 57706
57705 54054 21:0 57711
57708 54076 0:0 57711
57710 53916 21:0 57711
57713 54077 21:0 57771
57715 54078 0:0 57716
57770 213 21:0 57782
57770 54079 0:0 57782
57784 54109 21:0 57792
57791 54111 0:0 57792
57791 54110 21:0 57858
57856 54112 0:0 57858
57860 54142 21:0 57868
57867 54143 0:0 57868
57867 54144 21:0 57934
57933 54145 21:0 57944
57943 54129 21:0 57959
57958 54140 21:0 58007
58015 54145 1:0 58056
58016 26143 1:0 58107
58016 26151 1:0 58176
58016 26152 1:0 58177
58016 26153 1:0 58186
58016 26154 1:0 58187
58016 26155 1:0 58196
58016 26297 1:0 58309
58016 26296 1:0 58309
58016 26290 1:0 58318
58025 26156 1:0 58197
58025 54144 1:0 58234
58031 54143 1:0 58233
58036 54142 1:0 58244
58064 54112 1:0 58277
58105 54140 1:0 58254
58105 54129 1:0 58274
58113 26291 1:0 58328
58118 26298 1:0 58397
58133 26299 1:0 58398
58134 26300 1:0 58407
58134 26591 1:0 58770
58135 26301 1:0 58408
58184 26302 1:0 58417
58186 26151 21:0 58228
58194 26303 1:0 58418
58204 26446 1:0 58619
58226 26153 0:0 58228
58226 26152 0:0 58228
58227 26156 0:0 58228
58227 26143 21:0 58228
58227 26144 21:0 58228
58227 26149 21:0 58228
58227 26150 21:0 58228
58227 26154 0:0 58228
58227 26155 0:0 58228
58236 54110 1:0 58454
58237 54111 1:0 58455
58237 26445 1:0 58618
58237 26447 1:0 58628
58246 54109 1:0 58465
58246 54079 1:0 58550
58252 26437 1:0 58578
58252 26438 1:0 58579
58252 26443 1:0 58608
58252 26444 1:0 58609
58252 26448 1:0 58629
58252 26449 1:0 58638
58254 26450 1:0 58639
58285 54077 1:0 58675
58339 54078 1:0 58676
58356 54076 1:0 58686
58405 54063 1:0 58716
58407 26298 21:0 58449
58415 54054 1:0 58760
58425 26594 1:0 58849
58447 26300 0:0 58449
58448 26296 21:0 58449
58448 26297 21:0 58449
58448 26303 0:0 58449
58448 26302 0:0 58449
58448 26301 0:0 58449
58448 26299 0:0 58449
58448 26291 21:0 58449
58448 26290 21:0 58449
58457 54046 1:0 58771
58458 26584 1:0 58799
58458 26585 1:0 58800
58458 26590 1:0 58829
58458 26592 1:0 58839
58458 26593 1:0 58840
58458 26595 1:0 58850
58458 26596 1:0 58859
58458 26597 1:0 58860
58467 54044 1:0 58896
58467 54045 1:0 58897
58473 249 1:0 58902
58478 54043 1:0 58907
58493 54030 1:0 58909
58547 54026 1:0 58946
58547 54013 1:0 58991
58560 26744 1:0 59081
58575 26740 1:0 59061
58576 26739 1:0 59060
58576 26741 1:0 59070
58625 26446 21:0 58670
58626 26731 1:0 59020
58626 26732 1:0 59021
58626 26738 1:0 59051
58626 26742 1:0 59071
58636 26737 1:0 59050
58636 26879 1:0 59202
58636 26885 1:0 59212
58646 26743 1:0 59080
58668 26449 0:0 58670
58669 26437 0:0 58670
58669 26445 0:0 58670
58669 26447 0:0 58670
58669 26448 0:0 58670
58669 26450 0:0 58670
58669 26444 0:0 58670
58669 26443 0:0 58670
58669 26438 0:0 58670
58678 54011 1:0 59117
58679 54012 1:0 59118
58688 54010 1:0 59128
58688 213 1:0 59158
58688 29793 1:0 59193
58688 53980 1:0 59213
58694 26886 1:0 59281
58694 26887 1:0 59282
58694 26890 1:0 59301
58696 26888 1:0 59291
58699 26878 1:0 59241
58699 26889 1:0 59292
58714 26884 1:0 59271
58714 27178 1:0 59654
58715 26891 1:0 59302
58768 53978 1:0 59338
58797 53979 1:0 59339
58859 26594 21:0 58891
58867 53977 1:0 59349
58889 26596 0:0 58891
58890 26593 0:0 58891
58890 26597 0:0 58891
58890 26595 0:0 58891
58890 26592 0:0 58891
58890 26585 0:0 58891
58890 26590 0:0 58891
58890 26591 21:0 58891
58890 26584 0:0 58891
58899 53947 1:0 59433
58900 27025 1:0 59462
58900 27026 1:0 59463
58900 27031 1:0 59492
58900 27032 1:0 59493
58900 27033 1:0 59502
58900 27034 1:0 59503
58900 27035 1:0 59512
58900 27036 1:0 59513
58900 27037 1:0 59522
58909 27038 1:0 59523
58909 53946 1:0 59560
58915 53945 1:0 59559
58920 53944 1:0 59570
58948 53914 1:0 59654
58989 53916 1:0 59644
58989 27183 1:0 59734
59002 27181 1:0 59724
59017 27180 1:0 59723
59018 27172 1:0 59683
59018 27173 1:0 59684
59018 27179 1:0 59714
59018 27182 1:0 59733
59019 27184 1:0 59743
59068 27185 1:0 59744
59087 26744 21:0 59112
59110 26742 0:0 59112
59110 26743 0:0 59112
59111 26740 0:0 59112
59111 26737 0:0 59112
59111 26739 0:0 59112
59111 26732 0:0 59112
59111 26738 0:0 59112
59111 26731 0:0 59112
59111 26741 0:0 59112
59120 53912 1:0 59780
59121 53913 1:0 59781
59121 53911 1:0 59791
59130 29910 1:0 59800
59130 53894 1:0 59830
59130 27326 1:0 59875
59130 27319 1:0 59904
59130 27320 1:0 59905
59130 27325 1:0 59934
59130 27327 1:0 59944
59130 27328 1:0 59945
59130 27329 1:0 59954
59130 27330 1:0 59955
59136 53881 1:0 59993
59138 27331 1:0 59964
59141 27332 1:0 59965
59169 53880 1:0 60002
59238 53879 1:0 60001
59239 27473 1:0 60096
59239 27613 1:0 60317
59239 27760 1:0 60538
59299 53878 1:0 60012
59309 27476 1:0 60175
59311 26890 21:0 59333
59332 26888 0:0 59333
59332 26879 21:0 59333
59332 26885 21:0 59333
59332 26884 0:0 59333
59332 26878 0:0 59333
59332 26889 0:0 59333
59332 26886 0:0 59333
59332 26887 0:0 59333
59332 26891 0:0 59333
59341 53848 1:0 60097
59342 27466 1:0 60125
59342 27467 1:0 60126
59342 27472 1:0 60155
59342 27474 1:0 60165
59342 27475 1:0 60166
59342 27477 1:0 60176
59342 27478 1:0 60185
59342 27479 1:0 60186
59351 53846 1:0 60222
59351 53847 1:0 60223
59357 53832 1:0 60235
59362 53845 1:0 60233
59390 53815 1:0 60317
59431 53831 1:0 60272
59431 27622 1:0 60387
59444 27621 1:0 60386
59459 27623 1:0 60396
59460 27614 1:0 60347
59460 27619 1:0 60376
59460 27620 1:0 60377
59460 27624 1:0 60397
59461 27625 1:0 60406
59510 27626 1:0 60407
59512 27033 21:0 59554
59520 30078 1:0 60447
59530 27773 1:0 60628
59552 27035 0:0 59554
59553 27032 0:0 59554
59553 27037 0:0 59554
59553 27036 0:0 59554
59553 27031 0:0 59554
59553 27026 0:0 59554
59553 27034 0:0 59554
59553 27025 0:0 59554
59553 27038 0:0 59554
59562 53814 1:0 60444
59563 53813 1:0 60443
59563 27768 1:0 60607
59563 27769 1:0 60608
59572 53812 1:0 60454
59572 53804 1:0 60469
59572 53778 1:0 60528
59572 27770 1:0 60617
59578 53782 1:0 60656
59580 27771 1:0 60618
59583 27761 1:0 60568
59583 27766 1:0 60597
59583 27767 1:0 60598
59598 27772 1:0 60627
59652 53780 1:0 60664
59681 53781 1:0 60665
59740 27183 21:0 59775
59741 53779 1:0 60675
59751 27914 1:0 60759
59773 27182 0:0 59775
59773 27180 0:0 59775
59773 27184 0:0 59775
59774 27185 0:0 59775
59774 27178 21:0 59775
59774 27179 0:0 59775
59774 27181 0:0 59775
59774 27173 0:0 59775
59774 27172 0:0 59775
59783 27907 1:0 60788
59783 27908 1:0 60789
59783 27913 1:0 60818
59783 27915 1:0 60828
59783 27916 1:0 60829
59783 27917 1:0 60838
59783 27918 1:0 60839
59784 27919 1:0 60848
59784 27920 1:0 60849
59784 53749 1:0 60877
59793 53747 1:0 60885
59793 53748 1:0 60886
59801 53746 1:0 60896
59804 28061 1:0 60970
59804 28060 1:0 60980
59832 53716 1:0 60980
59873 28062 1:0 61049
59873 28063 1:0 61050
59886 28064 1:0 61059
59901 28054 1:0 61009
59901 28055 1:0 61010
59901 28065 1:0 61060
59902 28066 1:0 61069
59902 28067 1:0 61070
59903 28201 1:0 61201
59964 27329 21:0 59996
59994 27331 0:0 59996
59995 27332 0:0 59996
59995 27330 0:0 59996
59995 27327 0:0 59996
59995 27319 0:0 59996
59995 27320 0:0 59996
59995 27326 21:0 59996
59995 27325 0:0 59996
59995 27328 0:0 59996
60004 53714 1:0 61106
60005 53715 1:0 61107
60005 53713 1:0 61117
60005 53691 1:0 61191
60014 28202 1:0 61231
60014 28209 1:0 61270
60014 28210 1:0 61271
60014 28211 1:0 61280
60014 28212 1:0 61281
60014 53683 1:0 61319
60020 28207 1:0 61260
60020 28208 1:0 61261
60020 28213 1:0 61290
60020 28214 1:0 61291
60020 28355 1:0 61422
60041 53681 1:0 61327
60094 53682 1:0 61328
60123 53680 1:0 61338
60124 53663 1:0 61377
60173 28356 1:0 61491
60183 28357 1:0 61492
60185 27476 21:0 60217
60193 28358 1:0 61501
60215 27477 0:0 60217
60216 27478 0:0 60217
60216 27479 0:0 60217
60216 27475 0:0 60217
60216 27474 0:0 60217
60216 27466 0:0 60217
60216 27472 0:0 60217
60216 27473 21:0 60217
60216 27467 0:0 60217
60225 53650 1:0 61423
60226 28348 1:0 61451
60226 28349 1:0 61452
60226 28354 1:0 61481
60226 28359 1:0 61502
60226 28360 1:0 61511
60226 28361 1:0 61512
60235 53648 1:0 61548
60235 53649 1:0 61549
60241 53647 1:0 61559
60241 29 1:0 61563
60243 53597 1:0 61592
60246 53613 1:0 61592
60261 52537 1:0 61614
60261 50886 1:0 61643
60315 53617 1:0 61644
60323 28503 1:0 61712
60328 28504 1:0 61713
60343 28505 1:0 61722
60344 28495 1:0 61672
60344 28496 1:0 61673
60344 28501 1:0 61702
60344 28502 1:0 61703
60344 28506 1:0 61723
60393 27622 21:0 60438
60394 28507 1:0 61732
60404 28508 1:0 61733
60436 27625 0:0 60438
60437 27621 0:0 60438
60437 27619 0:0 60438
60437 27620 0:0 60438
60437 27613 21:0 60438
60437 27626 0:0 60438
60437 27623 0:0 60438
60437 27624 0:0 60438
60437 27614 0:0 60438
60446 53615 1:0 61769
60447 53616 1:0 61770
60447 45933 1:0 61776
60447 47584 1:0 61776
60447 49235 1:0 61776
60456 53614 1:0 61780
60456 42631 1:0 61782
60456 44282 1:0 61782
60456 40980 1:0 61782
60456 36027 1:0 61785
60456 37678 1:0 61785
60456 39329 1:0 61785
60456 31074 1:0 61803
60456 32725 1:0 61803
60456 34376 1:0 61803
60456 29423 1:0 61813
60462 334 1:0 61864
60462 28650 1:0 61933
60462 28651 1:0 61934
60464 28652 1:0 61943
60467 28642 1:0 61893
60467 28643 1:0 61894
60467 28653 1:0 61944
60482 28648 1:0 61923
60482 28649 1:0 61924
60483 28654 1:0 61953
60495 28655 1:0 61954
60495 28744 1:0 61994
60495 28745 1:0 61995
60634 27773 21:0 60659
60657 27772 0:0 60659
60657 27771 0:0 60659
60658 27767 0:0 60659
60658 27761 0:0 60659
60658 27766 0:0 60659
60658 27768 0:0 60659
60658 27769 0:0 60659
60658 27760 21:0 60659
60658 27770 0:0 60659
60838 27915 21:0 60880
60878 27917 0:0 60880
60879 27916 0:0 60880
60879 27913 0:0 60880
60879 27907 0:0 60880
60879 27920 0:0 60880
60879 27919 0:0 60880
60879 27908 0:0 60880
60879 27918 0:0 60880
60879 27914 21:0 60880
61056 28063 21:0 61101
61099 28066 0:0 61101
61100 28054 0:0 61101
61100 28064 0:0 61101
61100 28055 0:0 61101
61100 28065 0:0 61101
61100 28067 0:0 61101
61100 28062 0:0 61101
61100 28060 21:0 61101
61100 28061 21:0 61101
61287 28212 21:0 61322
61320 28213 0:0 61322
61321 28210 0:0 61322
61321 28201 21:0 61322
61321 28214 0:0 61322
61321 28211 0:0 61322
61321 28207 0:0 61322
61321 28209 0:0 61322
61321 28202 0:0 61322
61321 28208 0:0 61322
61501 28356 21:0 61543
61541 28358 0:0 61543
61542 28359 0:0 61543
61542 28357 0:0 61543
61542 28348 0:0 61543
61542 28349 0:0 61543
61542 28360 0:0 61543
61542 28361 0:0 61543
61542 28355 21:0 61543
61542 28354 0:0 61543
61722 28503 21:0 61764
61762 28505 0:0 61764
61763 28501 0:0 61764
61763 28502 0:0 61764
61763 28496 0:0 61764
61763 28495 0:0 61764
61763 28508 0:0 61764
61763 28507 0:0 61764
61763 28506 0:0 61764
61763 28504 0:0 61764
61943 28650 21:0 163
