59 11703 21:0 94
93 11708 21:0 113
112 11707 21:0 145
144 11699 21:0 145
144 11696 21:0 161
160 11692 21:0 180
179 11687 21:0 180
179 11688 21:0 185
184 11695 21:0 185
184 11691 21:0 197
196 11700 21:0 214
213 11840 21:0 220
219 11839 21:0 220
219 11878 21:0 225
224 135 21:0 260
259 11865 21:0 260
259 11868 21:0 260
260 163 21:0 300
299 11869 21:0 300
299 11867 21:0 300
299 11866 21:0 300
300 191 21:0 340
339 11875 21:0 340
339 11874 21:0 340
339 11881 21:0 340
340 219 21:0 380
379 11882 21:0 380
379 11887 21:0 380
379 11888 21:0 380
379 3429 21:0 380
380 247 21:0 420
419 5 21:0 420
419 11893 21:0 420
419 11900 21:0 420
419 11894 21:0 420
420 275 21:0 460
459 11904 21:0 460
459 11886 21:0 460
459 11885 21:0 460
460 303 21:0 500
499 11925 21:0 500
499 11919 21:0 500
499 11912 21:0 500
500 331 21:0 540
539 11913 21:0 540
539 11926 21:0 540
539 11931 21:0 540
540 359 21:0 580
579 11924 21:0 580
579 11932 21:0 580
579 11906 21:0 580
580 387 21:0 620
619 11963 21:0 620
619 11943 21:0 620
619 11976 21:0 620
620 415 21:0 660
659 11944 21:0 660
659 12001 21:0 660
659 11961 21:0 660
660 443 21:0 700
699 11970 21:0 700
699 12002 21:0 700
699 11901 21:0 700
700 471 21:0 740
739 12015 21:0 740
739 11989 21:0 740
739 11964 21:0 740
740 499 21:0 780
779 12000 21:0 780
779 11995 21:0 780
779 12040 21:0 780
780 527 21:0 820
819 11962 21:0 820
819 12020 21:0 820
819 12008 21:0 820
820 555 21:0 860
859 12034 21:0 860
859 12078 21:0 860
859 12075 21:0 860
860 583 21:0 900
899 12033 21:0 900
899 12018 21:0 900
899 12058 21:0 900
900 611 21:0 940
939 11939 21:0 940
939 12141 21:0 940
939 12021 21:0 940
940 639 21:0 980
979 12147 21:0 980
979 12095 21:0 980
979 12059 21:0 980
980 667 21:0 1020
1019 12046 21:0 1020
1019 12056 21:0 1020
1019 11958 21:0 1020
1020 695 21:0 1060
1059 12097 21:0 1060
1059 11945 21:0 1060
1059 12133 21:0 1060
1060 723 21:0 1100
1099 12102 21:0 1100
1099 12151 21:0 1100
1099 12178 21:0 1100
1100 751 21:0 1140
1139 12121 21:0 1140
1139 12228 21:0 1140
1139 11942 21:0 1140
1140 779 21:0 1180
1179 12205 21:0 1180
1179 11950 21:0 1180
1179 12208 21:0 1180
1180 807 21:0 1220
1219 12217 21:0 1220
1219 12026 21:0 1220
1219 12211 21:0 1220
1220 835 21:0 1260
1259 11996 21:0 1260
1259 12052 21:0 1260
1259 12084 21:0 1260
1260 863 21:0 1300
1265 867 21:0 1265
1299 12152 21:0 1300
1299 12198 21:0 1300
1299 12223 21:0 1300
1300 891 21:0 1345
1304 5 1:0 1311
1305 895 21:0 1305
1344 5 21:0 1345
1344 12477 21:0 1345
1344 12478 21:0 1345
1344 12480 21:0 1345
1345 23 21:0 1385
1384 27 21:0 1402
1401 51 21:0 1430
1429 55 21:0 1465
1464 79 21:0 1499
1464 135 1:0 1501
1498 83 21:0 1522
1504 163 1:0 1541
1521 107 21:0 1550
1544 191 1:0 1581
1549 111 21:0 1585
1584 135 21:0 1619
1584 219 1:0 1621
1618 139 21:0 1638
1624 247 1:0 1661
1637 163 21:0 1670
1664 275 1:0 1701
1669 167 21:0 1705
1704 191 21:0 1736
1704 303 1:0 1741
1735 195 21:0 1758
1744 331 1:0 1781
1757 219 21:0 1790
1784 359 1:0 1821
1789 223 21:0 1825
1824 247 21:0 1846
1824 387 1:0 1861
1845 251 21:0 1870
1864 415 1:0 1901
1869 275 21:0 1910
1904 443 1:0 1941
1909 279 21:0 1945
1944 303 21:0 1966
1944 471 1:0 1981
1965 307 21:0 1990
1984 499 1:0 2021
1989 331 21:0 2030
2024 527 1:0 2061
2029 335 21:0 2065
2064 359 21:0 2082
2064 555 1:0 2101
2070 531 21:0 2070
2081 363 21:0 2110
2104 583 1:0 2141
2105 555 21:0 2105
2109 387 21:0 2145
2144 611 1:0 2181
2144 391 21:0 2185
2150 587 21:0 2150
2184 415 21:0 2202
2184 639 1:0 2221
2185 611 21:0 2185
2190 615 21:0 2190
2201 419 21:0 2230
2224 667 1:0 2261
2225 639 21:0 2225
2229 12852 21:0 2242
2230 643 21:0 2230
2241 443 21:0 2270
2264 695 1:0 2301
2265 667 21:0 2265
2269 447 21:0 2305
2270 671 21:0 2270
2304 723 1:0 2341
2304 471 21:0 2345
2305 695 21:0 2305
2310 699 21:0 2310
2344 475 21:0 2362
2344 751 1:0 2381
2345 723 21:0 2345
2350 727 21:0 2350
2361 12586 21:0 2385
2384 12719 21:0 2390
2384 779 1:0 2421
2385 751 21:0 2385
2389 12813 21:0 2398
2390 755 21:0 2390
2397 12566 21:0 2419
2418 12756 21:0 2425
2424 807 1:0 2461
2425 779 21:0 2425
2427 13003 21:0 2430
2429 499 21:0 2470
2430 783 21:0 2430
2464 835 1:0 2501
2465 807 21:0 2465
2469 12479 21:0 2470
2469 12487 21:0 2470
2469 12481 21:0 2470
2469 12486 21:0 2470
2470 811 21:0 2470
2470 13023 21:0 2499
2498 503 21:0 2518
2504 863 1:0 2541
2505 835 21:0 2505
2510 839 21:0 2510
2517 527 21:0 2550
2544 891 1:0 2581
2545 863 21:0 2545
2547 867 1:0 2547
2549 559 21:0 2585
2584 583 21:0 2598
2587 895 1:0 2587
2594 908 1:0 2594
2596 908 21:0 2596
2597 12493 21:0 2600
2598 895 21:0 2598
2599 12497 21:0 2600
2599 12499 21:0 2600
2599 12494 21:0 2600
2605 13089 21:0 2623
2609 891 21:0 2609
2622 13093 21:0 2673
2672 12500 21:0 2675
2673 867 21:0 2673
2674 12498 21:0 2675
2674 12506 21:0 2675
2674 12505 21:0 2675
2680 13117 21:0 2698
2682 863 1:0 2682
2684 863 21:0 2684
2697 13121 21:0 2748
2746 839 1:0 2746
2747 12512 21:0 2750
2748 839 21:0 2748
2749 12519 21:0 2750
2749 12513 21:0 2750
2749 12518 21:0 2750
2755 13145 21:0 2773
2757 835 1:0 2757
2759 835 21:0 2759
2772 13149 21:0 2823
2821 811 1:0 2821
2822 12537 21:0 2825
2823 811 21:0 2823
2824 12524 21:0 2825
2824 12535 21:0 2825
2824 12544 21:0 2825
2830 13173 21:0 2848
2832 807 1:0 2832
2834 807 21:0 2834
2847 13177 21:0 2898
2896 783 1:0 2896
2897 12532 21:0 2900
2898 783 21:0 2898
2899 12516 21:0 2900
2899 12525 21:0 2900
2899 12517 21:0 2900
2905 13201 21:0 2923
2907 779 1:0 2907
2909 779 21:0 2909
2922 13205 21:0 2973
2971 755 1:0 2971
2972 12557 21:0 2975
2973 755 21:0 2973
2974 12573 21:0 2975
2974 12536 21:0 2975
2974 12551 21:0 2975
2980 13229 21:0 2998
2982 751 1:0 2982
2984 751 21:0 2984
2997 13233 21:0 3048
3046 727 1:0 3046
3047 12575 21:0 3050
3048 727 21:0 3048
3049 12576 21:0 3050
3049 12550 21:0 3050
3049 12574 21:0 3050
3055 13257 21:0 3073
3057 723 1:0 3057
3059 723 21:0 3059
3072 13261 21:0 3123
3121 699 1:0 3121
3122 12531 21:0 3125
3123 699 21:0 3123
3124 12581 21:0 3125
3124 12626 21:0 3125
3124 12614 21:0 3125
3130 13285 21:0 3148
3132 695 1:0 3132
3134 695 21:0 3134
3147 13289 21:0 3198
3196 671 1:0 3196
3197 12639 21:0 3200
3198 671 21:0 3198
3199 12608 21:0 3200
3199 12555 21:0 3200
3199 12632 21:0 3200
3205 13313 21:0 3223
3207 667 1:0 3207
3209 667 21:0 3209
3222 13317 21:0 3273
3271 643 1:0 3271
3272 12611 21:0 3275
3274 12638 21:0 3275
3274 12563 21:0 3275
3274 12601 21:0 3275
3280 13341 21:0 3298
3282 639 1:0 3282
3297 13345 21:0 3348
3346 615 1:0 3346
3347 12619 21:0 3350
3349 12607 21:0 3350
3349 12683 21:0 3350
3349 12645 21:0 3350
3355 13369 21:0 3373
3357 611 1:0 3357
3372 13373 21:0 3423
3401 583 1:0 3431
3421 587 1:0 3421
3422 12684 21:0 3425
3423 587 21:0 3423
3424 12538 21:0 3425
3424 12658 21:0 3425
3424 12620 21:0 3425
3430 13397 21:0 3448
3433 12084 1:0 3434
3433 12152 1:0 3434
3433 12198 1:0 3434
3433 12223 1:0 3434
3434 583 21:0 3434
3435 559 1:0 3495
3447 13401 21:0 3498
3485 12052 1:0 3486
3487 11996 1:0 3496
3497 12026 1:0 3498
3497 12211 1:0 3498
3497 12217 1:0 3498
3497 12676 21:0 3500
3498 559 21:0 3498
3499 12588 21:0 3500
3499 12554 21:0 3500
3499 12671 21:0 3500
3499 12208 1:0 3507
3499 11950 1:0 3507
3499 12205 1:0 3507
3505 13425 21:0 3523
3507 555 1:0 3507
3508 11942 1:0 3509
3508 12121 1:0 3509
3508 12102 1:0 3509
3508 12228 1:0 3509
3509 555 21:0 3509
3510 12133 1:0 3519
3510 12178 1:0 3519
3510 12151 1:0 3519
3520 11945 1:0 3521
3522 12097 1:0 3537
3522 13429 21:0 3573
3538 12056 1:0 3539
3540 12046 1:0 3548
3549 11958 1:0 3550
3551 527 1:0 3579
3571 531 1:0 3571
3572 12733 21:0 3575
3573 531 21:0 3573
3574 12728 21:0 3575
3574 12570 21:0 3575
3574 12689 21:0 3580
3580 13453 21:0 3598
3580 503 1:0 3612
3584 527 21:0 3584
3597 13457 21:0 3648
3613 499 1:0 3648
3647 12582 21:0 3650
3648 503 21:0 3648
3649 12592 21:0 3650
3649 12600 21:0 3650
3649 12677 21:0 3650
3649 475 1:0 3671
3655 13481 21:0 3673
3659 499 21:0 3659
3660 12059 1:0 3669
3670 12095 1:0 3671
3672 11878 1:0 3700
3672 13485 21:0 3723
3701 471 1:0 3731
3722 12569 21:0 3725
3723 475 21:0 3723
3724 12707 21:0 3725
3724 12631 21:0 3725
3724 12726 21:0 3725
3730 13509 21:0 3748
3733 447 1:0 3775
3734 471 21:0 3734
3747 13513 21:0 3798
3763 12147 1:0 3764
3765 12021 1:0 3773
3774 12141 1:0 3775
3776 443 1:0 3806
3797 12650 21:0 3800
3798 447 21:0 3798
3799 12633 21:0 3800
3799 12612 21:0 3800
3799 12668 21:0 3800
3805 13537 21:0 3823
3808 419 1:0 3850
3809 443 21:0 3809
3822 13541 21:0 3873
3838 11939 1:0 3839
3840 12058 1:0 3848
3849 12033 1:0 3850
3851 415 1:0 3881
3872 12543 21:0 3875
3873 419 21:0 3873
3874 12782 21:0 3875
3874 12746 21:0 3875
3874 12765 21:0 3875
3880 13565 21:0 3898
3883 391 1:0 3925
3884 415 21:0 3884
3897 13569 21:0 3948
3913 12018 1:0 3914
3915 12034 1:0 3923
3924 12078 1:0 3925
3926 387 1:0 3956
3947 12722 21:0 3950
3948 391 21:0 3948
3949 12763 21:0 3950
3949 12771 21:0 3950
3949 12804 21:0 3950
3955 13593 21:0 3973
3958 363 1:0 4000
3959 387 21:0 3959
3972 13597 21:0 4023
3988 12075 1:0 3989
3990 12008 1:0 3998
3999 11962 1:0 4000
4001 359 1:0 4031
4022 12745 21:0 4025
4023 363 21:0 4023
4024 12556 21:0 4025
4024 12766 21:0 4025
4024 12690 21:0 4025
4030 13621 21:0 4048
4033 335 1:0 4075
4034 359 21:0 4034
4047 13625 21:0 4098
4063 12020 1:0 4064
4065 12040 1:0 4073
4074 11995 1:0 4075
4076 331 1:0 4106
4097 12593 21:0 4100
4098 335 21:0 4098
4099 12627 21:0 4100
4099 12594 21:0 4100
4099 12783 21:0 4100
4105 13649 21:0 4123
4108 307 1:0 4150
4109 331 21:0 4109
4122 13653 21:0 4173
4138 12000 1:0 4139
4140 11964 1:0 4148
4149 11989 1:0 4150
4151 303 1:0 4181
4172 12715 21:0 4175
4173 307 21:0 4173
4174 12886 21:0 4175
4174 12562 21:0 4175
4174 12744 21:0 4175
4180 13677 21:0 4198
4183 279 1:0 4225
4184 303 21:0 4184
4197 13681 21:0 4248
4213 12015 1:0 4214
4215 11970 1:0 4223
4224 12002 1:0 4225
4226 275 1:0 4256
4247 12797 21:0 4250
4248 279 21:0 4248
4249 12816 21:0 4250
4249 12892 21:0 4250
4249 12861 21:0 4250
4255 13705 21:0 4273
4258 251 1:0 4300
4259 275 21:0 4259
4272 13709 21:0 4323
4288 11901 1:0 4289
4290 11961 1:0 4298
4299 12001 1:0 4300
4301 247 1:0 4331
4322 12899 21:0 4325
4323 251 21:0 4323
4324 12930 21:0 4325
4324 12823 21:0 4325
4324 12962 21:0 4325
4330 13733 21:0 4348
4333 223 1:0 4375
4334 247 21:0 4334
4347 13737 21:0 4398
4363 11944 1:0 4364
4365 11976 1:0 4373
4374 11943 1:0 4375
4376 219 1:0 4406
4397 12725 21:0 4400
4398 223 21:0 4398
4399 12905 21:0 4400
4399 12809 21:0 4400
4399 12798 21:0 4400
4405 13761 21:0 4423
4408 195 1:0 4450
4409 219 21:0 4409
4422 13765 21:0 4473
4438 11963 1:0 4439
4440 11906 1:0 4448
4449 11932 1:0 4450
4451 191 1:0 4481
4472 12706 21:0 4475
4473 195 21:0 4473
4474 12665 21:0 4475
4474 12904 21:0 4475
4474 12859 21:0 4475
4480 13789 21:0 4498
4483 167 1:0 4525
4484 191 21:0 4484
4497 13793 21:0 4548
4513 11924 1:0 4514
4515 11931 1:0 4523
4524 11926 1:0 4525
4526 163 1:0 4556
4547 12955 21:0 4550
4548 167 21:0 4548
4549 12973 21:0 4550
4549 12954 21:0 4550
4549 12936 21:0 4550
4555 13817 21:0 4573
4558 139 1:0 4600
4559 163 21:0 4559
4572 13821 21:0 4623
4588 11913 1:0 4589
4590 11912 1:0 4598
4599 11919 1:0 4600
4601 135 1:0 4631
4622 12915 21:0 4625
4623 139 21:0 4623
4624 12898 21:0 4625
4624 12969 21:0 4625
4624 12842 21:0 4625
4630 13845 21:0 4648
4633 111 1:0 4675
4634 135 21:0 4634
4647 13849 21:0 4698
4663 11925 1:0 4664
4665 11904 1:0 4673
4674 11886 1:0 4675
4676 107 1:0 4706
4697 12950 21:0 4700
4698 111 21:0 4698
4699 12937 21:0 4700
4699 12721 21:0 4700
4699 12688 21:0 4700
4705 13873 21:0 4723
4708 83 1:0 4750
4709 107 21:0 4709
4722 13877 21:0 4773
4738 11885 1:0 4739
4740 11893 1:0 4748
4749 11894 1:0 4750
4751 79 1:0 4781
4772 12972 21:0 4775
4774 12784 21:0 4775
4774 12753 21:0 4775
4774 12924 21:0 4775
4780 13901 21:0 4798
4783 55 1:0 4825
4797 13905 21:0 4848
4813 11900 1:0 4814
4815 11888 1:0 4823
4824 11887 1:0 4825
4826 51 1:0 4856
4847 12981 21:0 4850
4849 12860 21:0 4850
4849 13038 21:0 4850
4849 12917 21:0 4850
4855 13929 21:0 4873
4858 27 1:0 4900
4872 13933 21:0 4923
4888 11882 1:0 4889
4899 11881 1:0 4900
4901 23 1:0 4931
4922 13007 21:0 4925
4924 12714 21:0 4925
4924 12991 21:0 4925
4924 13019 21:0 4925
4930 13957 21:0 4948
4933 11875 1:0 4934
4935 11874 1:0 4941
4935 11869 1:0 4944
4935 11866 1:0 4944
4945 11867 1:0 4946
4947 11868 1:0 4954
4947 13961 21:0 5014
4963 11865 1:0 4964
4987 3429 1:0 4993
4987 5 1:0 4998
5022 13989 21:0 5027
5026 13988 21:0 5033
5032 13990 21:0 5033
5032 13987 21:0 5033
5032 13991 21:0 5033
5032 13996 21:0 5038
5037 3429 21:0 5038
5037 3 21:0 5038
5037 13983 21:0 5038
5037 5 21:0 5038
5038 27 21:0 5038
5038 14001 21:0 5067
5066 23 21:0 5086
5073 51 21:0 5073
5078 55 21:0 5078
5085 643 21:0 5118
5113 79 21:0 5113
5117 13997 21:0 5118
5117 14003 21:0 5118
5118 83 21:0 5118
5118 14039 21:0 5147
5146 14004 21:0 5153
5149 107 1:0 5149
5152 14007 21:0 5153
5152 14016 21:0 5153
5152 14008 21:0 5153
5153 107 21:0 5153
5154 111 1:0 5154
5155 14057 21:0 5158
5157 639 21:0 5198
5158 111 21:0 5158
5189 135 1:0 5189
5193 135 21:0 5193
5194 139 1:0 5194
5197 14010 21:0 5198
5197 14022 21:0 5198
5197 14009 21:0 5198
5197 14015 21:0 5198
5198 139 21:0 5238
5229 163 1:0 5229
5233 163 21:0 5233
5234 167 1:0 5234
5237 14045 21:0 5238
5237 14028 21:0 5238
5237 14048 21:0 5238
5238 167 21:0 5238
5238 14096 21:0 5267
5266 14041 21:0 5273
5269 191 1:0 5269
5272 14026 21:0 5273
5272 14047 21:0 5273
5272 14046 21:0 5273
5272 14027 21:0 5278
5273 191 21:0 5273
5274 195 1:0 5274
5277 14035 21:0 5278
5277 14054 21:0 5278
5277 14066 21:0 5278
5277 14085 21:0 5278
5278 195 21:0 5278
5278 14115 21:0 5307
5306 14072 21:0 5313
5309 219 1:0 5309
5312 14080 21:0 5313
5312 14086 21:0 5313
5312 14073 21:0 5313
5312 14042 21:0 5318
5313 219 21:0 5313
5314 223 1:0 5314
5317 14099 21:0 5318
5317 14098 21:0 5318
5317 14067 21:0 5318
5317 14029 21:0 5318
5318 223 21:0 5318
5318 14134 21:0 5347
5346 615 21:0 5366
5349 247 1:0 5349
5353 247 21:0 5353
5354 251 1:0 5354
5358 251 21:0 5358
5365 611 21:0 5398
5389 275 1:0 5389
5393 275 21:0 5393
5394 279 1:0 5394
5397 14129 21:0 5398
5397 14079 21:0 5398
5398 279 21:0 5398
5398 14172 21:0 5427
5426 14053 21:0 5433
5429 303 1:0 5429
5432 14084 21:0 5433
5432 14103 21:0 5433
5432 14102 21:0 5433
5432 14083 21:0 5438
5433 303 21:0 5433
5434 307 1:0 5434
5437 14140 21:0 5438
5437 14091 21:0 5438
5437 14124 21:0 5438
5437 14065 21:0 5438
5437 14123 21:0 5446
5438 307 21:0 5438
5445 14143 21:0 5450
5449 14104 21:0 5454
5453 14121 21:0 5462
5461 14186 21:0 5467
5466 14162 21:0 5473
5469 331 1:0 5469
5472 14167 21:0 5473
5472 14122 21:0 5473
5472 14137 21:0 5473
5473 331 21:0 5473
5474 335 1:0 5474
5475 14209 21:0 5478
5477 14193 21:0 5486
5478 335 21:0 5478
5485 14061 21:0 5490
5489 14181 21:0 5494
5493 14197 21:0 5494
5493 14060 21:0 5507
5506 14180 21:0 5513
5509 359 1:0 5509
5512 14218 21:0 5513
5512 14142 21:0 5513
5512 14219 21:0 5513
5512 14161 21:0 5518
5513 359 21:0 5513
5514 363 1:0 5514
5517 14149 21:0 5518
5517 14064 21:0 5518
5517 14174 21:0 5518
5517 14217 21:0 5518
5517 14199 21:0 5526
5518 363 21:0 5518
5525 14187 21:0 5530
5529 14118 21:0 5534
5533 14023 21:0 5547
5546 14198 21:0 5547
5546 14224 21:0 5553
5549 387 1:0 5549
5552 14111 21:0 5553
5552 14175 21:0 5553
5552 14231 21:0 5555
5553 387 21:0 5553
5554 391 1:0 5554
5554 14117 21:0 5558
5557 14200 21:0 5558
5557 14206 21:0 5558
5557 14136 21:0 5558
5557 14243 21:0 5566
5558 391 21:0 5558
5565 14194 21:0 5570
5569 14034 21:0 5574
5573 14178 21:0 5574
5573 14213 21:0 5587
5586 14160 21:0 5593
5589 415 1:0 5589
5592 14236 21:0 5593
5592 14092 21:0 5593
5592 14244 21:0 5593
5592 14251 21:0 5598
5593 415 21:0 5593
5594 419 1:0 5594
5597 14216 21:0 5598
5597 14141 21:0 5598
5597 14110 21:0 5598
5597 14232 21:0 5598
5597 14155 21:0 5606
5598 419 21:0 5598
5605 14212 21:0 5610
5609 14235 21:0 5614
5613 14254 21:0 5627
5626 14262 21:0 5627
5626 14263 21:0 5633
5629 443 1:0 5629
5632 14238 21:0 5633
5632 14168 21:0 5633
5632 14274 21:0 5635
5633 443 21:0 5633
5634 447 1:0 5634
5634 14273 21:0 5638
5637 14256 21:0 5638
5637 14237 21:0 5638
5637 14159 21:0 5638
5637 14225 21:0 5646
5638 447 21:0 5638
5645 14105 21:0 5650
5649 14130 21:0 5654
5653 14281 21:0 5654
5653 14179 21:0 5667
5666 14250 21:0 5673
5669 471 1:0 5669
5672 14205 21:0 5673
5672 14270 21:0 5673
5672 14282 21:0 5673
5672 14275 21:0 5678
5673 471 21:0 5673
5674 475 1:0 5674
5677 14292 21:0 5678
5677 14289 21:0 5678
5677 14288 21:0 5678
5677 14257 21:0 5678
5677 14294 21:0 5686
5678 475 21:0 5678
5685 14156 21:0 5690
5689 14293 21:0 5694
5693 14148 21:0 5707
5706 14276 21:0 5707
5706 14295 21:0 5713
5709 499 1:0 5709
5712 14269 21:0 5713
5712 14255 21:0 5713
5712 14313 21:0 5718
5713 499 21:0 5713
5714 503 1:0 5714
5717 14308 21:0 5718
5717 14311 21:0 5718
5717 14314 21:0 5718
5717 14307 21:0 5718
5718 503 21:0 5718
5718 14324 21:0 5747
5746 14301 21:0 5753
5749 527 1:0 5749
5752 14300 21:0 5753
5752 14312 21:0 5753
5752 14319 21:0 5753
5752 14331 21:0 5758
5753 527 21:0 5753
5754 531 1:0 5754
5757 14320 21:0 5758
5757 14333 21:0 5758
5757 14327 21:0 5758
5757 14332 21:0 5758
5757 14326 21:0 5766
5757 611 1:0 5796
5758 531 21:0 5758
5765 14330 21:0 5770
5769 14338 21:0 5774
5773 14345 21:0 5782
5781 14339 21:0 5787
5786 14351 21:0 5793
5789 555 1:0 5789
5792 14350 21:0 5793
5792 14349 21:0 5793
5792 14038 21:0 5798
5793 555 21:0 5793
5794 559 1:0 5794
5797 14267 21:0 5810
5797 615 1:0 5836
5798 559 21:0 5798
5809 14352 21:0 5814
5813 14019 21:0 5833
5829 583 1:0 5829
5832 14191 21:0 5838
5833 583 21:0 5833
5834 587 1:0 5834
5837 14357 21:0 5838
5837 14358 21:0 5838
5837 14371 21:0 5846
5837 639 1:0 5876
5838 587 21:0 5838
5845 14365 21:0 5850
5849 14368 21:0 5854
5853 14370 21:0 5862
5861 14346 21:0 5867
5866 14369 21:0 5873
5872 14376 21:0 5873
5872 14364 21:0 5873
5872 13980 21:0 5878
5873 611 21:0 5873
5877 14390 21:0 5878
5877 7 21:0 5878
5877 643 1:0 5913
5878 615 21:0 5878
5878 14400 21:0 5907
5906 13977 21:0 5913
5912 14387 21:0 5913
5912 14383 21:0 5913
5912 14388 21:0 5918
5913 639 21:0 5913
5917 14389 21:0 5918
5917 14377 21:0 5918
5917 14395 21:0 5918
5917 14384 21:0 5919
5918 14407 21:0 5926
5925 14408 21:0 5930
5929 14402 21:0 5934
5933 14409 21:0 5947
5946 14396 21:0 5953
5949 667 1:0 5949
5952 14414 21:0 5953
5952 14403 21:0 5953
5952 14421 21:0 5953
5952 14406 21:0 5958
5954 671 1:0 5954
5957 14415 21:0 5958
5957 14422 21:0 5958
5957 14427 21:0 5958
5957 14426 21:0 5958
5957 14425 21:0 5966
5965 14433 21:0 5970
5969 14428 21:0 5974
5973 14434 21:0 5982
5981 14440 21:0 5987
5986 14444 21:0 5993
5989 695 1:0 5989
5992 14445 21:0 5993
5992 14452 21:0 5993
5992 14447 21:0 5993
5992 14446 21:0 5998
5994 699 1:0 5994
5997 14441 21:0 5998
5997 14438 21:0 6006
6005 14247 21:0 6033
6029 723 1:0 6029
6032 14266 21:0 6038
6034 727 1:0 6034
6037 14456 21:0 6038
6037 14095 21:0 6062
6037 139 1:0 6076
6061 14343 21:0 6073
6069 751 1:0 6069
6072 14465 21:0 6073
6074 755 1:0 6074
6075 14494 21:0 6078
6077 14463 21:0 6086
6077 23 1:0 6116
6085 14453 21:0 6090
6089 14464 21:0 6094
6093 14482 21:0 6094
6093 14471 21:0 6107
6106 14460 21:0 6113
6109 779 1:0 6109
6112 14466 21:0 6113
6112 14472 21:0 6113
6112 14485 21:0 6113
6112 13019 1:0 6116
6112 14490 21:0 6118
6114 783 1:0 6114
6117 14479 21:0 6118
6117 14478 21:0 6118
6117 14504 21:0 6118
6117 14509 21:0 6118
6117 13003 1:0 6145
6118 14514 21:0 6147
6125 12991 1:0 6128
6129 12714 1:0 6132
6133 13007 1:0 6145
6146 14501 21:0 6153
6146 12756 1:0 6156
6149 807 1:0 6149
6152 14502 21:0 6153
6152 14497 21:0 6153
6152 14484 21:0 6153
6152 12917 1:0 6156
6152 14503 21:0 6158
6154 811 1:0 6154
6157 14528 21:0 6158
6157 14483 21:0 6158
6157 14522 21:0 6158
6157 14521 21:0 6158
6157 14491 21:0 6166
6157 12566 1:0 6185
6157 13023 1:0 6185
6165 14498 21:0 6170
6169 14459 21:0 6174
6173 14523 21:0 6182
6181 14510 21:0 6187
6186 14517 21:0 6193
6186 12813 1:0 6196
6189 835 1:0 6189
6192 14541 21:0 6193
6192 14539 21:0 6193
6192 14516 21:0 6193
6192 13038 1:0 6196
6192 14540 21:0 6198
6194 839 1:0 6194
6197 14547 21:0 6198
6197 14520 21:0 6198
6197 14535 21:0 6198
6197 14529 21:0 6200
6197 12586 1:0 6225
6197 12719 1:0 6225
6199 14542 21:0 6206
6205 14536 21:0 6210
6209 14548 21:0 6214
6213 14554 21:0 6227
6226 14559 21:0 6233
6226 12852 1:0 6236
6229 863 1:0 6229
6232 14560 21:0 6233
6232 14555 21:0 6233
6232 14558 21:0 6233
6232 12860 1:0 6236
6234 867 1:0 6234
6235 14570 21:0 6238
6237 14566 21:0 6246
6237 13093 1:0 6276
6245 14561 21:0 6250
6249 14286 21:0 6273
6269 891 1:0 6269
6272 12924 1:0 6276
6272 12784 1:0 6276
6272 12981 1:0 6276
6272 14133 21:0 6278
6274 895 1:0 6274
6277 14585 21:0 6278
6277 14574 21:0 6278
6277 14578 21:0 6278
6277 14577 21:0 6278
6277 14567 21:0 6287
6277 13089 1:0 6293
6286 14579 21:0 6287
6286 14573 21:0 6287
6286 14580 21:0 6287
6286 14592 21:0 6289
6288 14586 21:0 6289
6288 12753 1:0 6298
6288 12972 1:0 6298
6295 13089 21:0 6317
6299 13121 1:0 6348
6316 13093 21:0 6376
6334 12937 1:0 6335
6336 12721 1:0 6346
6347 12688 1:0 6348
6349 13117 1:0 6382
6375 875 21:0 6378
6377 12950 1:0 6387
6384 13117 21:0 6406
6388 13149 1:0 6437
6405 895 21:0 6465
6423 12969 1:0 6424
6425 12898 1:0 6435
6436 12842 1:0 6437
6438 13145 1:0 6471
6464 887 21:0 6467
6465 839 21:0 6465
6466 12915 1:0 6476
6473 13145 21:0 6495
6477 13177 1:0 6526
6478 835 21:0 6478
6494 13149 21:0 6554
6512 12973 1:0 6513
6514 12954 1:0 6524
6525 12936 1:0 6526
6527 13173 1:0 6560
6553 13105 21:0 6556
6554 811 21:0 6554
6555 12955 1:0 6565
6562 13173 21:0 6584
6566 13205 1:0 6615
6567 807 21:0 6567
6583 13177 21:0 6643
6601 12665 1:0 6602
6603 12859 1:0 6613
6614 12904 1:0 6615
6616 13201 1:0 6649
6642 879 21:0 6645
6643 783 21:0 6643
6644 12706 1:0 6654
6651 13201 21:0 6673
6655 13233 1:0 6704
6656 779 21:0 6656
6672 13205 21:0 6732
6690 12798 1:0 6691
6692 12809 1:0 6702
6703 12905 1:0 6704
6705 13229 1:0 6738
6731 13109 21:0 6734
6733 12725 1:0 6743
6740 13229 21:0 6762
6744 13261 1:0 6793
6761 13233 21:0 6821
6779 12930 1:0 6780
6781 12823 1:0 6791
6792 12962 1:0 6793
6794 13257 1:0 6827
6820 13112 21:0 6823
6822 12899 1:0 6832
6829 13257 21:0 6851
6833 13289 1:0 6882
6850 13261 21:0 6910
6868 12861 1:0 6869
6870 12892 1:0 6880
6881 12816 1:0 6882
6883 13285 1:0 6916
6909 883 21:0 6912
6911 12797 1:0 6921
6918 13285 21:0 6940
6922 13317 1:0 6971
6939 13289 21:0 6999
6957 12744 1:0 6958
6959 12562 1:0 6969
6970 12886 1:0 6971
6972 13313 1:0 7005
6998 13099 21:0 7001
7000 12715 1:0 7010
7007 13313 21:0 7029
7011 13345 1:0 7060
7028 13317 21:0 7088
7046 12627 1:0 7047
7048 12594 1:0 7058
7059 12783 1:0 7060
7061 13341 1:0 7094
7087 14058 21:0 7090
7089 12593 1:0 7099
7096 13341 21:0 7118
7098 639 1:0 7098
7100 13373 1:0 7149
7117 13345 21:0 7177
7135 12556 1:0 7136
7137 12766 1:0 7147
7148 12690 1:0 7149
7150 13369 1:0 7183
7174 615 1:0 7174
7176 799 21:0 7179
7178 12745 1:0 7188
7185 13369 21:0 7207
7187 611 1:0 7187
7189 13401 1:0 7238
7206 13373 21:0 7266
7224 13977 1:0 7238
7239 13397 1:0 7272
7263 587 1:0 7263
7265 13267 21:0 7268
7267 12763 1:0 7277
7274 13397 21:0 7296
7276 583 1:0 7276
7278 13429 1:0 7327
7295 13401 21:0 7355
7313 7 1:0 7327
7328 13425 1:0 7361
7352 559 1:0 7352
7354 13280 21:0 7357
7356 12804 1:0 7366
7363 13425 21:0 7385
7365 555 1:0 7365
7367 13457 1:0 7416
7384 13429 21:0 7444
7402 12771 1:0 7403
7404 12722 1:0 7414
7415 12746 1:0 7416
7417 13453 1:0 7450
7441 531 1:0 7441
7443 13211 21:0 7446
7445 12765 1:0 7455
7452 13453 21:0 7474
7454 527 1:0 7454
7456 13485 1:0 7505
7473 13457 21:0 7533
7491 12782 1:0 7492
7493 12543 1:0 7503
7504 12668 1:0 7505
7506 13481 1:0 7539
7530 503 1:0 7530
7532 13277 21:0 7535
7534 12612 1:0 7544
7541 13481 21:0 7563
7543 499 1:0 7543
7545 13513 1:0 7594
7562 13485 21:0 7622
7580 12633 1:0 7581
7582 12650 1:0 7592
7593 12726 1:0 7594
7595 13509 1:0 7628
7619 475 1:0 7619
7621 659 21:0 7624
7623 12631 1:0 7633
7630 13509 21:0 7652
7632 471 1:0 7632
7634 13541 1:0 7683
7651 13513 21:0 7711
7669 12707 1:0 7670
7671 12569 1:0 7681
7682 12592 1:0 7683
7684 13537 1:0 7717
7708 447 1:0 7708
7710 791 21:0 7713
7712 12677 1:0 7722
7719 13537 21:0 7741
7721 443 1:0 7721
7723 13569 1:0 7772
7740 13541 21:0 7800
7758 12600 1:0 7759
7760 12582 1:0 7770
7771 12689 1:0 7772
7773 13565 1:0 7806
7797 419 1:0 7797
7799 13336 21:0 7802
7801 12570 1:0 7811
7808 13565 21:0 7830
7810 415 1:0 7810
7812 13597 1:0 7861
7829 13569 21:0 7889
7847 12728 1:0 7848
7849 12733 1:0 7859
7860 12554 1:0 7861
7862 13593 1:0 7895
7886 391 1:0 7886
7888 13239 21:0 7891
7890 12588 1:0 7900
7897 13593 21:0 7919
7899 387 1:0 7899
7901 13625 1:0 7950
7918 13597 21:0 7978
7936 12671 1:0 7937
7938 12676 1:0 7948
7949 12538 1:0 7950
7951 13621 1:0 7984
7975 363 1:0 7975
7977 13168 21:0 7980
7979 12658 1:0 7989
7986 13621 21:0 8008
7988 359 1:0 7988
7990 13653 1:0 8039
8007 13625 21:0 8067
8025 12620 1:0 8026
8027 12684 1:0 8037
8038 12683 1:0 8039
8040 13649 1:0 8073
8064 335 1:0 8064
8066 14589 21:0 8069
8068 12607 1:0 8078
8075 13649 21:0 8097
8077 331 1:0 8077
8079 13681 1:0 8128
8096 13653 21:0 8156
8114 12645 1:0 8115
8116 12619 1:0 8126
8127 12638 1:0 8128
8129 13677 1:0 8162
8153 307 1:0 8153
8155 13193 21:0 8158
8157 12563 1:0 8167
8164 13677 21:0 8186
8166 303 1:0 8166
8168 13709 1:0 8217
8185 13681 21:0 8245
8203 12601 1:0 8204
8205 12611 1:0 8215
8216 12555 1:0 8217
8218 13705 1:0 8251
8242 279 1:0 8242
8244 13435 21:0 8247
8246 12632 1:0 8256
8253 13705 21:0 8275
8255 275 1:0 8255
8257 13737 1:0 8306
8274 13709 21:0 8334
8292 12608 1:0 8293
8294 12639 1:0 8304
8305 12626 1:0 8306
8307 13733 1:0 8340
8331 251 1:0 8331
8333 823 21:0 8336
8335 12614 1:0 8345
8342 13733 21:0 8364
8344 247 1:0 8344
8346 13765 1:0 8395
8363 13737 21:0 8423
8381 12581 1:0 8382
8383 12531 1:0 8393
8394 12574 1:0 8395
8396 13761 1:0 8429
8420 223 1:0 8420
8422 663 21:0 8425
8424 12550 1:0 8434
8431 13761 21:0 8453
8433 219 1:0 8433
8435 13793 1:0 8484
8452 13765 21:0 8512
8470 12576 1:0 8471
8472 12575 1:0 8482
8483 12573 1:0 8484
8485 13789 1:0 8518
8509 195 1:0 8509
8511 13333 21:0 8514
8513 12536 1:0 8523
8520 13789 21:0 8542
8522 191 1:0 8522
8524 13821 1:0 8573
8541 13793 21:0 8601
8559 12551 1:0 8560
8561 12557 1:0 8571
8572 12525 1:0 8573
8574 13817 1:0 8607
8598 167 1:0 8598
8600 651 21:0 8603
8602 12516 1:0 8612
8609 13817 21:0 8631
8611 163 1:0 8611
8613 13849 1:0 8662
8630 13821 21:0 8690
8648 12517 1:0 8649
8650 12532 1:0 8660
8661 12524 1:0 8662
8663 13845 1:0 8696
8689 847 21:0 8692
8691 12535 1:0 8701
8698 13845 21:0 8720
8700 135 1:0 8700
8702 13877 1:0 8751
8719 13849 21:0 8779
8737 12544 1:0 8738
8739 12537 1:0 8749
8750 12519 1:0 8751
8752 13873 1:0 8785
8776 111 1:0 8776
8778 14153 21:0 8781
8780 12518 1:0 8790
8787 13873 21:0 8809
8789 107 1:0 8789
8791 13905 1:0 8840
8808 13877 21:0 8868
8826 12513 1:0 8827
8828 12512 1:0 8838
8839 12505 1:0 8840
8841 13901 1:0 8874
8865 83 1:0 8865
8867 13525 21:0 8870
8869 12498 1:0 8879
8876 13901 21:0 8898
8878 79 1:0 8878
8880 13933 1:0 8929
8897 13905 21:0 8957
8915 12506 1:0 8916
8917 12500 1:0 8927
8928 12497 1:0 8929
8930 13929 1:0 8963
8954 55 1:0 8954
8956 455 21:0 8959
8958 12499 1:0 8968
8965 13929 21:0 8987
8967 51 1:0 8967
8969 13961 1:0 9018
8986 13933 21:0 9046
9004 12494 1:0 9005
9017 12493 1:0 9018
9019 13957 1:0 9052
9043 27 1:0 9043
9045 523 21:0 9048
9054 13957 21:0 9076
9058 12487 1:0 9059
9058 13980 1:0 9059
9060 12486 1:0 9068
9060 12481 1:0 9072
9060 12479 1:0 9072
9073 12478 1:0 9074
9075 12480 1:0 9084
9075 13961 21:0 9151
9093 12477 1:0 9094
9106 3 1:0 9113
9114 13983 1:0 9120
9121 3429 1:0 9129
9121 5 1:0 9135
9150 13121 21:0 9175
9170 23 21:0 9170
9174 523 1:0 9189
9174 891 21:0 9215
9175 27 21:0 9175
9190 455 1:0 9208
9209 13525 1:0 9213
9210 51 21:0 9210
9214 847 1:0 9229
9214 14153 1:0 9229
9214 867 21:0 9250
9215 55 21:0 9215
9230 651 1:0 9248
9249 13333 1:0 9253
9249 863 21:0 9271
9250 79 21:0 9250
9254 663 1:0 9269
9254 823 1:0 9269
9255 83 21:0 9255
9270 13435 1:0 9288
9270 15510 21:0 9290
9289 13193 1:0 9293
9289 15529 21:0 9295
9290 107 21:0 9290
9294 15549 21:0 9303
9294 14589 1:0 9309
9294 13168 1:0 9309
9295 111 21:0 9295
9302 15567 21:0 9330
9310 13239 1:0 9328
9329 13336 1:0 9333
9329 15511 21:0 9335
9330 135 21:0 9330
9334 15530 21:0 9335
9334 791 1:0 9349
9334 659 1:0 9349
9334 15568 21:0 9359
9335 139 21:0 9335
9350 13277 1:0 9368
9358 15548 21:0 9370
9369 3429 21:0 9370
9369 5 21:0 9370
9369 13211 1:0 9373
9370 163 21:0 9370
9372 15605 21:0 9375
9374 15520 21:0 9383
9374 13267 1:0 9385
9374 13280 1:0 9385
9375 167 21:0 9375
9382 15499 21:0 9387
9386 3 21:0 9391
9386 799 1:0 9402
9390 15514 21:0 9399
9398 15497 21:0 9404
9403 15519 21:0 9410
9403 14058 1:0 9413
9409 15506 21:0 9410
9409 15525 21:0 9410
9409 15513 21:0 9410
9410 191 21:0 9410
9412 15624 21:0 9415
9414 15500 21:0 9423
9414 883 1:0 9429
9414 13099 1:0 9429
9415 195 21:0 9415
9422 15583 21:0 9427
9426 15507 21:0 9431
9430 15589 21:0 9431
9430 15555 21:0 9444
9430 13112 1:0 9448
9443 15577 21:0 9450
9449 15564 21:0 9450
9449 15571 21:0 9450
9449 15552 21:0 9450
9449 13109 1:0 9453
9450 219 21:0 9450
9452 15643 21:0 9455
9454 879 1:0 9469
9454 13105 1:0 9469
9455 223 21:0 9455
9455 15644 21:0 9484
9470 887 1:0 9488
9483 15574 21:0 9490
9489 15533 21:0 9490
9489 15651 21:0 9490
9489 15640 21:0 9490
9489 875 1:0 9493
9489 14586 1:0 9493
9489 15537 21:0 9495
9490 247 21:0 9490
9494 15614 21:0 9495
9494 15558 21:0 9495
9494 15602 21:0 9495
9494 15632 21:0 9495
9494 14592 1:0 9501
9494 14580 1:0 9501
9494 14573 1:0 9501
9494 14579 1:0 9501
9495 251 21:0 9495
9495 15663 21:0 9524
9502 14567 1:0 9505
9506 14578 1:0 9509
9510 14577 1:0 9522
9523 15627 21:0 9530
9523 14133 1:0 9533
9529 15539 21:0 9530
9529 15557 21:0 9530
9529 15601 21:0 9530
9529 14574 1:0 9533
9529 15609 21:0 9535
9530 275 21:0 9530
9534 15670 21:0 9535
9534 15545 21:0 9535
9534 15551 21:0 9535
9534 15650 21:0 9535
9534 14286 1:0 9545
9535 279 21:0 9535
9535 15682 21:0 9564
9542 14585 1:0 9545
9546 14561 1:0 9549
9550 14566 1:0 9562
9563 14555 1:0 9568
9563 15582 21:0 9570
9569 15620 21:0 9570
9569 15593 21:0 9570
9569 15556 21:0 9570
9569 14558 1:0 9573
9569 14559 1:0 9573
9569 14560 1:0 9573
9569 15532 21:0 9575
9570 303 21:0 9570
9574 15677 21:0 9575
9574 15659 21:0 9575
9574 15684 21:0 9575
9574 15690 21:0 9575
9574 14536 1:0 9581
9574 14542 1:0 9581
9574 14554 1:0 9581
9574 14548 1:0 9581
9574 15615 21:0 9583
9575 307 21:0 9575
9582 14529 1:0 9585
9582 15634 21:0 9587
9586 14535 1:0 9589
9586 15652 21:0 9591
9590 15653 21:0 9599
9590 14520 1:0 9602
9598 15576 21:0 9604
9603 14547 1:0 9608
9603 15689 21:0 9610
9609 15715 21:0 9610
9609 15647 21:0 9610
9609 15517 21:0 9610
9609 14540 1:0 9613
9609 14539 1:0 9613
9609 14516 1:0 9613
9610 331 21:0 9610
9612 15719 21:0 9615
9614 14510 1:0 9621
9614 14523 1:0 9621
9614 14517 1:0 9621
9614 14541 1:0 9621
9615 335 21:0 9615
9615 15720 21:0 9644
9622 14459 1:0 9625
9626 14498 1:0 9629
9630 14491 1:0 9642
9643 14522 1:0 9648
9643 15669 21:0 9650
9649 15666 21:0 9650
9649 15678 21:0 9650
9649 15526 21:0 9650
9649 14521 1:0 9653
9649 14483 1:0 9653
9649 14528 1:0 9653
9649 15536 21:0 9655
9650 359 21:0 9650
9654 15563 21:0 9655
9654 15734 21:0 9655
9654 15639 21:0 9655
9654 15697 21:0 9655
9654 14497 1:0 9661
9654 14503 1:0 9661
9654 14502 1:0 9661
9654 14484 1:0 9661
9655 363 21:0 9655
9655 15739 21:0 9684
9662 14501 1:0 9665
9666 14509 1:0 9669
9670 14504 1:0 9682
9683 14478 1:0 9688
9683 15612 21:0 9690
9689 15594 21:0 9690
9689 15704 21:0 9690
9689 15703 21:0 9690
9689 14485 1:0 9693
9689 14479 1:0 9693
9689 14490 1:0 9693
9689 15710 21:0 9695
9690 387 21:0 9690
9694 15716 21:0 9695
9694 15696 21:0 9695
9694 15595 21:0 9695
9694 15729 21:0 9695
9694 14471 1:0 9701
9694 14460 1:0 9701
9694 14466 1:0 9701
9694 14472 1:0 9701
9694 15691 21:0 9703
9695 391 21:0 9695
9702 14482 1:0 9705
9702 15727 21:0 9707
9706 14464 1:0 9709
9706 15745 21:0 9711
9710 15747 21:0 9719
9710 14453 1:0 9722
9718 15608 21:0 9724
9723 15726 21:0 9730
9723 14343 1:0 9733
9729 15658 21:0 9730
9729 15723 21:0 9730
9729 15688 21:0 9730
9729 14463 1:0 9733
9729 15621 21:0 9735
9730 415 21:0 9730
9734 15764 21:0 9735
9734 15596 21:0 9735
9734 15518 21:0 9735
9734 15735 21:0 9737
9734 14456 1:0 9762
9734 14095 1:0 9762
9735 419 21:0 9735
9736 15760 21:0 9743
9763 14266 1:0 9773
9769 14465 1:0 9773
9770 443 21:0 9770
9774 14247 1:0 9802
9774 14438 1:0 9802
9775 447 21:0 9775
9775 15796 21:0 9804
9803 14441 1:0 9808
9809 14447 1:0 9813
9809 14446 1:0 9813
9809 14452 1:0 9813
9810 471 21:0 9810
9814 14440 1:0 9821
9814 14445 1:0 9821
9814 14434 1:0 9821
9814 14444 1:0 9821
9815 475 21:0 9815
9822 14428 1:0 9825
9826 14433 1:0 9829
9830 14425 1:0 9842
9843 14426 1:0 9848
9849 14415 1:0 9853
9849 14422 1:0 9853
9849 14427 1:0 9853
9850 499 21:0 9850
9854 14406 1:0 9861
9854 14403 1:0 9861
9854 14414 1:0 9861
9854 14421 1:0 9861
9855 503 21:0 9855
9862 14396 1:0 9865
9866 14409 1:0 9869
9870 14402 1:0 9882
9883 14408 1:0 9888
9889 14395 1:0 9893
9889 14384 1:0 9893
9889 14407 1:0 9893
9890 527 21:0 9890
9894 14389 1:0 9901
9894 14388 1:0 9901
9894 14383 1:0 9901
9894 14377 1:0 9901
9895 531 21:0 9895
9902 14387 1:0 9905
9906 14390 1:0 9909
9910 14364 1:0 9922
9923 14376 1:0 9928
9929 14370 1:0 9933
9929 14346 1:0 9933
9929 14369 1:0 9933
9930 555 21:0 9930
9934 14191 1:0 9962
9935 559 21:0 9935
9942 14368 1:0 9945
9946 14365 1:0 9949
9950 14371 1:0 9962
9963 14019 1:0 9973
9969 14358 1:0 9973
9970 583 21:0 9970
9974 14267 1:0 9981
9975 587 21:0 9975
9982 14038 1:0 10008
10009 14357 1:0 10013
10009 14352 1:0 10013
10009 14350 1:0 10013
10010 611 21:0 10010
10014 14345 1:0 10021
10014 14349 1:0 10021
10014 14351 1:0 10021
10014 14339 1:0 10021
10015 615 21:0 10015
10022 14338 1:0 10025
10026 14330 1:0 10029
10030 14326 1:0 10042
10043 14320 1:0 10048
10049 14333 1:0 10053
10049 14332 1:0 10053
10049 14327 1:0 10053
10050 639 21:0 10050
10054 14209 1:0 10082
10054 14514 1:0 10082
10055 643 21:0 10055
10083 14494 1:0 10093
10089 14331 1:0 10093
10090 667 21:0 10090
10094 14172 1:0 10122
10094 14570 1:0 10122
10095 671 21:0 10095
10123 14400 1:0 10133
10129 14319 1:0 10133
10130 695 21:0 10130
10134 14324 1:0 10162
10134 14134 1:0 10162
10135 699 21:0 10135
10163 14115 1:0 10173
10169 14312 1:0 10173
10170 723 21:0 10170
10174 14057 1:0 10202
10174 14039 1:0 10202
10175 727 21:0 10175
10203 14096 1:0 10213
10209 14300 1:0 10213
10210 751 21:0 10210
10214 863 1:0 10253
10215 755 21:0 10215
10246 779 1:0 10246
10249 14308 1:0 10253
10249 14301 1:0 10253
10249 14307 1:0 10253
10250 779 21:0 10250
10251 783 1:0 10251
10254 867 1:0 10293
10255 783 21:0 10255
10286 807 1:0 10286
10289 14311 1:0 10293
10289 14313 1:0 10293
10289 14314 1:0 10293
10290 807 21:0 10290
10291 811 1:0 10291
10294 891 1:0 10333
10295 811 21:0 10295
10326 835 1:0 10326
10329 14295 1:0 10333
10329 14255 1:0 10333
10329 14269 1:0 10333
10330 835 21:0 10330
10331 839 1:0 10331
10334 13121 1:0 10373
10335 839 21:0 10335
10369 14293 1:0 10373
10369 14148 1:0 10373
10369 14276 1:0 10373
10370 863 21:0 10370
10374 895 1:0 10410
10409 14292 1:0 10413
10409 14294 1:0 10413
10409 14156 1:0 10413
10414 13089 1:0 10430
10424 895 21:0 10424
10425 13093 1:0 10443
10432 13089 21:0 10454
10445 13093 21:0 10445
10451 14289 1:0 10452
10453 14001 1:0 10485
10453 891 21:0 10513
10486 13117 1:0 10519
10513 867 21:0 10513
10514 14257 1:0 10524
10521 13117 21:0 10543
10523 863 1:0 10523
10525 13149 1:0 10574
10526 863 21:0 10526
10534 13121 21:0 10534
10560 14288 1:0 10561
10562 14275 1:0 10572
10573 14282 1:0 10574
10575 13145 1:0 10608
10599 839 1:0 10599
10602 839 21:0 10602
10603 14270 1:0 10613
10610 13145 21:0 10632
10612 835 1:0 10612
10614 13177 1:0 10663
10623 13149 21:0 10623
10631 835 21:0 10691
10649 14205 1:0 10650
10651 14250 1:0 10661
10662 14179 1:0 10663
10664 13173 1:0 10697
10688 811 1:0 10688
10692 14281 1:0 10702
10699 13173 21:0 10721
10701 807 1:0 10701
10703 13205 1:0 10752
10712 13177 21:0 10712
10720 807 21:0 10780
10738 14130 1:0 10739
10740 14105 1:0 10750
10751 14225 1:0 10752
10753 13201 1:0 10786
10777 783 1:0 10777
10779 811 21:0 10795
10780 783 21:0 10780
10781 14159 1:0 10791
10788 13201 21:0 10788
10790 779 1:0 10790
10792 13233 1:0 10841
10793 779 21:0 10793
10801 13205 21:0 10801
10827 14237 1:0 10828
10829 14256 1:0 10839
10840 14273 1:0 10841
10842 13229 1:0 10875
10866 755 1:0 10866
10869 755 21:0 10869
10870 14274 1:0 10880
10877 13229 21:0 10899
10879 751 1:0 10879
10881 13261 1:0 10930
10882 751 21:0 10882
10890 13233 21:0 10890
10916 14168 1:0 10917
10918 14238 1:0 10928
10929 14263 1:0 10930
10931 13257 1:0 10964
10955 727 1:0 10955
10958 727 21:0 10958
10959 14262 1:0 10969
10966 13257 21:0 10988
10968 723 1:0 10968
10970 13289 1:0 11019
10987 723 21:0 11047
11005 14254 1:0 11006
11007 14235 1:0 11017
11018 14212 1:0 11019
11020 13285 1:0 11053
11044 699 1:0 11044
11048 14155 1:0 11058
11055 13285 21:0 11077
11057 695 1:0 11057
11059 13317 1:0 11108
11076 695 21:0 11136
11094 14216 1:0 11095
11096 14141 1:0 11106
11107 14110 1:0 11108
11109 13313 1:0 11142
11133 671 1:0 11133
11136 671 21:0 11151
11137 14232 1:0 11147
11146 667 1:0 11146
11148 13345 1:0 11197
11149 667 21:0 11149
11150 13289 21:0 11212
11157 13317 21:0 11157
11183 14251 1:0 11184
11185 14244 1:0 11195
11196 14092 1:0 11197
11198 13341 1:0 11231
11222 643 1:0 11222
11225 643 21:0 11225
11226 14236 1:0 11236
11233 13341 21:0 11255
11235 639 1:0 11235
11237 13373 1:0 11286
11238 639 21:0 11238
11246 13345 21:0 11246
11254 13313 21:0 11314
11272 14160 1:0 11273
11274 14213 1:0 11284
11285 14178 1:0 11286
11287 13369 1:0 11320
11311 615 1:0 11311
11322 13369 21:0 11344
11324 611 1:0 11324
11326 13401 1:0 11375
11343 611 21:0 11403
11361 14034 1:0 11362
11363 14194 1:0 11373
11374 14243 1:0 11375
11376 13397 1:0 11409
11400 587 1:0 11400
11402 13373 21:0 11418
11404 14136 1:0 11414
11411 13397 21:0 11411
11413 583 1:0 11413
11415 13429 1:0 11464
11416 583 21:0 11416
11417 587 21:0 11477
11424 13401 21:0 11424
11450 14206 1:0 11451
11452 14200 1:0 11462
11463 14117 1:0 11464
11465 13425 1:0 11498
11489 559 1:0 11489
11492 559 21:0 11492
11493 14231 1:0 11503
11500 13425 21:0 11522
11502 555 1:0 11502
11504 13457 1:0 11553
11505 555 21:0 11505
11513 13429 21:0 11513
11521 615 21:0 11581
11539 14175 1:0 11540
11541 14111 1:0 11551
11552 14224 1:0 11553
11554 13453 1:0 11587
11578 531 1:0 11578
11581 531 21:0 11581
11582 14198 1:0 11592
11589 13453 21:0 11629
11591 527 1:0 11591
11593 13485 1:0 11642
11594 527 21:0 11594
11602 13457 21:0 11602
11628 3429 1:0 11629
11628 699 21:0 11670
11630 14023 1:0 11640
11641 14118 1:0 11642
11643 13481 1:0 11676
11667 503 1:0 11667
11671 14187 1:0 11681
11678 13481 21:0 11700
11680 499 1:0 11680
11682 13513 1:0 11731
11699 499 21:0 11759
11717 14199 1:0 11718
11719 14217 1:0 11729
11730 14149 1:0 11731
11732 13509 1:0 11765
11756 475 1:0 11756
11760 14174 1:0 11770
11767 13509 21:0 11789
11769 471 1:0 11769
11771 13541 1:0 11820
11788 471 21:0 11848
11806 14064 1:0 11807
11808 14161 1:0 11818
11819 14218 1:0 11820
11821 13537 1:0 11854
11845 447 1:0 11845
11847 475 21:0 11863
11848 447 21:0 11848
11849 14142 1:0 11859
11856 13537 21:0 11856
11858 443 1:0 11858
11860 13569 1:0 11909
11861 443 21:0 11861
11862 13485 21:0 11922
11869 13541 21:0 11869
11895 14219 1:0 11896
11897 14180 1:0 11907
11908 14060 1:0 11909
11910 13565 1:0 11943
11934 419 1:0 11934
11937 419 21:0 11937
11938 14197 1:0 11948
11945 13565 21:0 11967
11947 415 1:0 11947
11949 13597 1:0 11998
11950 415 21:0 11950
11958 13569 21:0 11958
11966 503 21:0 12026
11984 14181 1:0 11985
11986 14061 1:0 11996
11997 14193 1:0 11998
11999 13593 1:0 12032
12023 391 1:0 12023
12026 391 21:0 12026
12027 14167 1:0 12037
12034 13593 21:0 12056
12036 387 1:0 12036
12038 13625 1:0 12087
12055 387 21:0 12115
12073 14137 1:0 12074
12075 14122 1:0 12085
12086 14162 1:0 12087
12088 13621 1:0 12121
12112 363 1:0 12112
12116 14186 1:0 12126
12123 13621 21:0 12145
12125 359 1:0 12125
12127 13653 1:0 12176
12144 359 21:0 12204
12162 14121 1:0 12163
12164 14104 1:0 12174
12175 14143 1:0 12176
12177 13649 1:0 12210
12201 335 1:0 12201
12203 13625 21:0 12219
12205 14123 1:0 12215
12214 331 1:0 12214
12216 13681 1:0 12265
12217 331 21:0 12217
12218 335 21:0 12278
12225 13653 21:0 12225
12251 14140 1:0 12252
12253 14091 1:0 12263
12264 14124 1:0 12265
12266 13677 1:0 12299
12290 307 1:0 12290
12294 14065 1:0 12304
12301 13677 21:0 12323
12303 303 1:0 12303
12305 13709 1:0 12354
12322 363 21:0 12382
12340 14083 1:0 12341
12342 14103 1:0 12352
12353 14084 1:0 12354
12355 13705 1:0 12388
12379 279 1:0 12379
12383 14102 1:0 12393
12390 13705 21:0 12412
12392 275 1:0 12392
12394 13737 1:0 12443
12411 13649 21:0 12471
12429 14053 1:0 12430
12431 14129 1:0 12441
12442 14079 1:0 12443
12444 13733 1:0 12477
12468 251 1:0 12468
12472 14099 1:0 12482
12479 13733 21:0 12501
12481 247 1:0 12481
12483 13765 1:0 12532
12500 247 21:0 12560
12518 14098 1:0 12519
12520 14067 1:0 12530
12531 14029 1:0 12532
12533 13761 1:0 12566
12557 223 1:0 12557
12561 14042 1:0 12571
12568 13761 21:0 12590
12570 219 1:0 12570
12572 13793 1:0 12621
12589 219 21:0 12649
12607 14073 1:0 12608
12609 14086 1:0 12619
12620 14080 1:0 12621
12622 13789 1:0 12655
12646 195 1:0 12646
12648 13765 21:0 12664
12650 14072 1:0 12660
12659 191 1:0 12659
12661 13821 1:0 12710
12663 223 21:0 12723
12696 14085 1:0 12697
12698 14066 1:0 12708
12709 14054 1:0 12710
12711 13817 1:0 12744
12735 167 1:0 12735
12739 14035 1:0 12749
12746 13817 21:0 12768
12748 163 1:0 12748
12750 13849 1:0 12799
12767 13737 21:0 12827
12785 14027 1:0 12786
12787 14046 1:0 12797
12798 14047 1:0 12799
12800 13845 1:0 12833
12824 139 1:0 12824
12828 14026 1:0 12838
12835 13845 21:0 12857
12837 135 1:0 12837
12839 13877 1:0 12888
12856 251 21:0 12916
12874 14041 1:0 12875
12876 14048 1:0 12886
12887 14028 1:0 12888
12889 13873 1:0 12922
12913 111 1:0 12913
12917 14045 1:0 12927
12924 13873 21:0 12946
12926 107 1:0 12926
12928 13905 1:0 12977
12945 107 21:0 13005
12963 14022 1:0 12964
12965 14009 1:0 12975
12976 14015 1:0 12977
12978 13901 1:0 13011
13002 83 1:0 13002
13006 14010 1:0 13016
13013 13901 21:0 13035
13015 79 1:0 13015
13017 13933 1:0 13066
13034 79 21:0 13094
13052 14007 1:0 13053
13054 14016 1:0 13064
13065 14008 1:0 13066
13067 13929 1:0 13100
13091 55 1:0 13091
13093 83 21:0 13109
13095 14004 1:0 13105
13104 51 1:0 13104
13106 13961 1:0 13155
13108 13877 21:0 13168
13141 14003 1:0 13142
13143 13997 1:0 13153
13154 13996 1:0 13155
13156 13957 1:0 13189
13167 13905 21:0 13196
13180 27 1:0 13180
13184 13991 1:0 13194
13193 23 1:0 13193
13195 13990 1:0 13196
13195 13987 1:0 13196
13195 13989 1:0 13196
13195 13988 1:0 13196
13195 111 21:0 13231
13197 891 1:0 13255
13230 13597 21:0 13278
13256 13089 1:0 13282
13273 895 1:0 13273
13277 13513 21:0 13291
13288 15796 1:0 13289
13290 13261 21:0 13352
13290 835 1:0 13420
13296 13093 1:0 13296
13349 15760 1:0 13350
13351 15735 1:0 13352
13351 3429 21:0 13362
13353 15764 1:0 13420
13382 6484 1:0 13382
13388 6484 21:0 13388
13421 13117 1:0 13511
13441 6495 1:0 13441
13442 6496 1:0 13442
13448 6496 21:0 13448
13451 6495 21:0 13451
13461 6499 1:0 13461
13462 6500 1:0 13462
13468 6500 21:0 13468
13471 6499 21:0 13471
13502 867 1:0 13502
13515 863 1:0 13515
13517 15739 1:0 13518
13519 811 1:0 13649
13525 13121 1:0 13525
13578 15596 1:0 13579
13580 15518 1:0 13649
13580 15621 1:0 13649
13591 6648 1:0 13591
13597 6648 21:0 13597
13631 6656 1:0 13631
13637 6656 21:0 13637
13650 13145 1:0 13740
13651 6660 1:0 13651
13657 6660 21:0 13657
13670 6663 1:0 13670
13671 6664 1:0 13671
13677 6664 21:0 13677
13680 6663 21:0 13680
13690 6667 1:0 13690
13691 6668 1:0 13691
13697 6668 21:0 13697
13700 6667 21:0 13700
13731 839 1:0 13731
13746 15682 1:0 13747
13748 807 1:0 13878
13754 13149 1:0 13754
13807 15688 1:0 13808
13809 15658 1:0 13878
13809 15723 1:0 13878
13860 6824 1:0 13860
13866 6824 21:0 13866
13879 13173 1:0 13969
13880 6828 1:0 13880
13886 6828 21:0 13886
13899 6831 1:0 13899
13900 6832 1:0 13900
13906 6832 21:0 13906
13909 6831 21:0 13909
13919 6835 1:0 13919
13920 6836 1:0 13920
13926 6836 21:0 13926
13929 6835 21:0 13929
13975 13261 1:0 14024
13983 13177 1:0 13983
14010 15726 1:0 14011
14012 15608 1:0 14022
14023 15747 1:0 14024
14025 723 1:0 14192
14109 6996 1:0 14109
14115 6996 21:0 14115
14128 6999 1:0 14128
14129 7000 1:0 14129
14135 7000 21:0 14135
14138 6999 21:0 14138
14148 7003 1:0 14148
14149 7004 1:0 14149
14155 7004 21:0 14155
14158 7003 21:0 14158
14189 783 1:0 14189
14193 13229 1:0 14220
14199 13201 1:0 14199
14202 779 1:0 14202
14206 15745 1:0 14218
14212 13205 1:0 14212
14219 15727 1:0 14220
14221 699 1:0 14419
14298 7156 1:0 14298
14304 7156 21:0 14304
14338 7164 1:0 14338
14344 7164 21:0 14344
14357 7167 1:0 14357
14358 7168 1:0 14358
14364 7168 21:0 14364
14367 7167 21:0 14367
14377 7171 1:0 14377
14378 7172 1:0 14378
14384 7172 21:0 14384
14387 7171 21:0 14387
14418 755 1:0 14418
14420 13313 1:0 14434
14431 751 1:0 14431
14433 15691 1:0 14434
14435 13289 1:0 14565
14441 13233 1:0 14441
14494 15729 1:0 14495
14496 15696 1:0 14565
14496 15595 1:0 14565
14566 13257 1:0 14656
14586 7335 1:0 14586
14587 7336 1:0 14587
14593 7336 21:0 14593
14596 7335 21:0 14596
14606 7339 1:0 14606
14607 7340 1:0 14607
14613 7340 21:0 14613
14616 7339 21:0 14616
14647 727 1:0 14647
14662 15643 1:0 14663
14664 695 1:0 14794
14723 15716 1:0 14724
14725 15710 1:0 14794
14725 15594 1:0 14794
14776 7496 1:0 14776
14782 7496 21:0 14782
14795 13285 1:0 14885
14796 7500 1:0 14796
14802 7500 21:0 14802
14815 7503 1:0 14815
14816 7504 1:0 14816
14822 7504 21:0 14822
14825 7503 21:0 14825
14835 7507 1:0 14835
14836 7508 1:0 14836
14842 7508 21:0 14842
14845 7507 21:0 14845
14891 15605 1:0 14892
14893 15720 1:0 14907
14906 15704 1:0 14907
14908 671 1:0 15104
14985 7660 1:0 14985
14991 7660 21:0 14991
15025 7668 1:0 15025
15031 7668 21:0 15031
15044 7671 1:0 15044
15045 7672 1:0 15045
15051 7672 21:0 15051
15054 7671 21:0 15054
15064 7675 1:0 15064
15065 7676 1:0 15065
15071 7676 21:0 15071
15074 7675 21:0 15074
15107 615 1:0 15121
15118 667 1:0 15118
15120 15703 1:0 15121
15122 13373 1:0 15252
15128 13317 1:0 15128
15181 15612 1:0 15182
15183 15734 1:0 15252
15183 15563 1:0 15252
15253 13341 1:0 15343
15254 7836 1:0 15254
15260 7836 21:0 15260
15273 7839 1:0 15273
15274 7840 1:0 15274
15280 7840 21:0 15280
15283 7839 21:0 15283
15293 7843 1:0 15293
15294 7844 1:0 15294
15300 7844 21:0 15300
15303 7843 21:0 15303
15334 643 1:0 15334
15347 639 1:0 15347
15349 15719 1:0 15350
15351 611 1:0 15481
15357 13345 1:0 15357
15410 15639 1:0 15411
15412 15697 1:0 15481
15412 15536 1:0 15481
15443 7996 1:0 15443
15449 7996 21:0 15449
15463 8000 1:0 15463
15469 8000 21:0 15469
15482 13369 1:0 15572
15483 8004 1:0 15483
15489 8004 21:0 15489
15502 8007 1:0 15502
15503 8008 1:0 15503
15509 8008 21:0 15509
15512 8007 21:0 15512
15522 8011 1:0 15522
15523 8012 1:0 15523
15529 8012 21:0 15529
15532 8011 21:0 15532
15578 15663 1:0 15581
15580 15666 1:0 15581
15580 15678 1:0 15581
15580 15526 1:0 15581
15582 587 1:0 15718
15672 8164 1:0 15672
15678 8164 21:0 15678
15719 13513 1:0 15806
15731 8175 1:0 15731
15732 8176 1:0 15732
15738 8176 21:0 15738
15741 8175 21:0 15741
15751 8179 1:0 15751
15752 8180 1:0 15752
15758 8180 21:0 15758
15761 8179 21:0 15761
15802 13397 1:0 15802
15805 583 1:0 15805
15807 13425 1:0 15856
15815 13401 1:0 15815
15842 15669 1:0 15843
15844 15715 1:0 15854
15855 15647 1:0 15856
15857 503 1:0 16024
15921 8336 1:0 15921
15927 8336 21:0 15927
15941 8340 1:0 15941
15947 8340 21:0 15947
15960 8343 1:0 15960
15961 8344 1:0 15961
15967 8344 21:0 15967
15970 8343 21:0 15970
15980 8347 1:0 15980
15981 8348 1:0 15981
15987 8348 21:0 15987
15990 8347 21:0 15990
16021 559 1:0 16021
16025 13453 1:0 16052
16034 555 1:0 16034
16038 15517 1:0 16050
16044 13429 1:0 16044
16051 15689 1:0 16052
16053 13485 1:0 16251
16130 8500 1:0 16130
16136 8500 21:0 16136
16189 8511 1:0 16189
16190 8512 1:0 16190
16196 8512 21:0 16196
16199 8511 21:0 16199
16209 8515 1:0 16209
16210 8516 1:0 16210
16216 8516 21:0 16216
16219 8515 21:0 16219
16250 531 1:0 16250
16252 499 1:0 16266
16263 527 1:0 16263
16265 15576 1:0 16266
16267 475 1:0 16397
16273 13457 1:0 16273
16326 15653 1:0 16327
16328 15634 1:0 16397
16328 15652 1:0 16397
16359 8668 1:0 16359
16365 8668 21:0 16365
16398 13481 1:0 16488
16399 8676 1:0 16399
16405 8676 21:0 16405
16418 8679 1:0 16418
16419 8680 1:0 16419
16425 8680 21:0 16425
16428 8679 21:0 16428
16438 8683 1:0 16438
16439 8684 1:0 16439
16445 8684 21:0 16445
16448 8683 21:0 16448
16494 15644 1:0 16495
16496 471 1:0 16626
16555 15615 1:0 16556
16557 15690 1:0 16626
16557 15677 1:0 16626
16588 8836 1:0 16588
16594 8836 21:0 16594
16627 13509 1:0 16717
16647 8847 1:0 16647
16648 8848 1:0 16648
16654 8848 21:0 16654
16657 8847 21:0 16657
16667 8851 1:0 16667
16668 8852 1:0 16668
16674 8852 21:0 16674
16677 8851 21:0 16677
16723 13597 1:0 16772
16758 15684 1:0 16759
16760 15659 1:0 16770
16771 15532 1:0 16772
16773 387 1:0 16940
16837 9008 1:0 16837
16843 9008 21:0 16843
16857 9012 1:0 16857
16863 9012 21:0 16863
16876 9015 1:0 16876
16877 9016 1:0 16877
16883 9016 21:0 16883
16886 9015 21:0 16886
16896 9019 1:0 16896
16897 9020 1:0 16897
16903 9020 21:0 16903
16906 9019 21:0 16906
16937 447 1:0 16937
16941 13649 1:0 16968
16947 13537 1:0 16947
16950 443 1:0 16950
16954 15620 1:0 16966
16960 13541 1:0 16960
16967 15593 1:0 16968
16969 13565 1:0 17167
17105 9183 1:0 17105
17106 9184 1:0 17106
17112 9184 21:0 17112
17115 9183 21:0 17115
17125 9187 1:0 17125
17126 9188 1:0 17126
17132 9188 21:0 17132
17135 9187 21:0 17135
17166 419 1:0 17166
17168 363 1:0 17182
17179 415 1:0 17179
17181 15556 1:0 17182
17183 13625 1:0 17313
17189 13569 1:0 17189
17242 15582 1:0 17243
17244 15551 1:0 17313
17244 15670 1:0 17313
17295 9344 1:0 17295
17301 9344 21:0 17301
17314 13593 1:0 17404
17334 9351 1:0 17334
17335 9352 1:0 17335
17341 9352 21:0 17341
17344 9351 21:0 17344
17354 9355 1:0 17354
17355 9356 1:0 17355
17361 9356 21:0 17361
17364 9355 21:0 17364
17395 391 1:0 17395
17410 15624 1:0 17411
17412 359 1:0 17542
17471 15650 1:0 17472
17473 15545 1:0 17542
17473 15609 1:0 17542
17524 9512 1:0 17524
17530 9512 21:0 17530
17543 13621 1:0 17633
17563 9519 1:0 17563
17564 9520 1:0 17564
17570 9520 21:0 17570
17573 9519 21:0 17573
17583 9523 1:0 17583
17584 9524 1:0 17584
17590 9524 21:0 17590
17593 9523 21:0 17593
17639 15548 1:0 17642
17641 15601 1:0 17642
17641 15557 1:0 17642
17641 15539 1:0 17642
17643 335 1:0 17778
17779 13677 1:0 17867
17792 9687 1:0 17792
17793 9688 1:0 17793
17799 9688 21:0 17799
17802 9687 21:0 17802
17812 9691 1:0 17812
17813 9692 1:0 17813
17819 9692 21:0 17819
17822 9691 21:0 17822
17866 331 1:0 17866
17868 251 1:0 17917
17876 13653 1:0 17876
17903 15627 1:0 17904
17905 15632 1:0 17915
17916 15602 1:0 17917
17918 13737 1:0 18085
17962 9844 1:0 17962
17968 9844 21:0 17968
17982 9848 1:0 17982
17988 9848 21:0 17988
18021 9855 1:0 18021
18022 9856 1:0 18022
18028 9856 21:0 18028
18031 9855 21:0 18031
18041 9859 1:0 18041
18042 9860 1:0 18042
18048 9860 21:0 18048
18051 9859 21:0 18051
18086 247 1:0 18113
18099 15558 1:0 18111
18112 15614 1:0 18113
18114 13705 1:0 18312
18250 10023 1:0 18250
18251 10024 1:0 18251
18257 10024 21:0 18257
18260 10023 21:0 18260
18270 10027 1:0 18270
18271 10028 1:0 18271
18277 10028 21:0 18277
18280 10027 21:0 18280
18313 223 1:0 18327
18326 15537 1:0 18327
18328 13765 1:0 18458
18387 15640 1:0 18388
18389 15651 1:0 18458
18389 15533 1:0 18458
18420 10180 1:0 18420
18426 10180 21:0 18426
18459 13733 1:0 18549
18460 10188 1:0 18460
18466 10188 21:0 18466
18479 10191 1:0 18479
18480 10192 1:0 18480
18486 10192 21:0 18486
18489 10191 21:0 18489
18499 10195 1:0 18499
18500 10196 1:0 18500
18506 10196 21:0 18506
18509 10195 21:0 18509
18555 15568 1:0 18556
18557 219 1:0 18687
18616 15574 1:0 18617
18618 15564 1:0 18687
18618 15571 1:0 18687
18649 10348 1:0 18649
18655 10348 21:0 18655
18688 13761 1:0 18778
18689 10356 1:0 18689
18695 10356 21:0 18695
18708 10359 1:0 18708
18709 10360 1:0 18709
18715 10360 21:0 18715
18718 10359 21:0 18718
18728 10363 1:0 18728
18729 10364 1:0 18729
18735 10364 21:0 18735
18738 10363 21:0 18738
18784 15530 1:0 18785
18786 15511 1:0 18800
18799 15552 1:0 18800
18801 15567 1:0 18833
18834 13817 1:0 19001
18898 10520 1:0 18898
18904 10520 21:0 18904
18918 10524 1:0 18918
18924 10524 21:0 18924
18937 10527 1:0 18937
18938 10528 1:0 18938
18944 10528 21:0 18944
18947 10527 21:0 18947
18957 10531 1:0 18957
18958 10532 1:0 18958
18964 10532 21:0 18964
18967 10531 21:0 18967
19002 111 1:0 19029
19015 15577 1:0 19027
19028 15555 1:0 19029
19030 13905 1:0 19228
19147 10692 1:0 19147
19153 10692 21:0 19153
19166 10695 1:0 19166
19167 10696 1:0 19167
19173 10696 21:0 19173
19176 10695 21:0 19176
19186 10699 1:0 19186
19187 10700 1:0 19187
19193 10700 21:0 19193
19196 10699 21:0 19196
19229 13877 1:0 19243
19242 15589 1:0 19243
19244 107 1:0 19374
19303 15507 1:0 19304
19305 15500 1:0 19374
19305 15583 1:0 19374
19356 10856 1:0 19356
19362 10856 21:0 19362
19375 13845 1:0 19465
19376 10860 1:0 19376
19382 10860 21:0 19382
19395 10863 1:0 19395
19396 10864 1:0 19396
19402 10864 21:0 19402
19405 10863 21:0 19405
19415 10867 1:0 19415
19416 10868 1:0 19416
19422 10868 21:0 19422
19425 10867 21:0 19425
19471 15549 1:0 19472
19473 83 1:0 19604
19532 15506 1:0 19533
19534 15525 1:0 19536
19537 15513 1:0 19604
19564 11019 1:0 19564
19565 11020 1:0 19565
19571 11020 21:0 19571
19574 11019 21:0 19574
19604 11027 1:0 19604
19605 11028 1:0 19605
19605 13873 1:0 19694
19611 11028 21:0 19611
19614 11027 21:0 19614
19624 11031 1:0 19624
19625 11032 1:0 19625
19631 11032 21:0 19631
19634 11031 21:0 19634
19644 11035 1:0 19644
19645 11036 1:0 19645
19651 11036 21:0 19651
19654 11035 21:0 19654
19700 15529 1:0 19701
19702 79 1:0 19832
19761 15519 1:0 19762
19763 15497 1:0 19832
19763 15514 1:0 19832
19833 13901 1:0 19923
19853 11199 1:0 19853
19854 11200 1:0 19854
19860 11200 21:0 19860
19863 11199 21:0 19863
19873 11203 1:0 19873
19874 11204 1:0 19874
19880 11204 21:0 19880
19883 11203 21:0 19883
19929 15510 1:0 19930
19931 3 1:0 19943
19931 11700 1:0 19943
19944 11691 1:0 19965
19966 11695 1:0 19989
19990 11688 1:0 20049
20003 11352 1:0 20003
20009 11352 21:0 20009
20050 11687 1:0 20144
20082 11367 1:0 20082
20083 11368 1:0 20083
20089 11368 21:0 20089
20092 11367 21:0 20092
20102 11371 1:0 20102
20103 11372 1:0 20103
20109 11372 21:0 20109
20112 11371 21:0 20112
20145 15499 1:0 20146
20145 11692 1:0 20146
20147 15520 1:0 20157
20147 11696 1:0 20157
20158 11707 1:0 20207
20193 11699 1:0 20207
20208 11708 1:0 20375
20231 11519 1:0 20231
20241 11519 21:0 20241
20252 11524 1:0 20252
20258 11524 21:0 20258
20292 11532 1:0 20292
20298 11532 21:0 20298
20311 11535 1:0 20311
20312 11536 1:0 20312
20318 11536 21:0 20318
20321 11535 21:0 20321
20331 11539 1:0 20331
20332 11540 1:0 20332
20338 11540 21:0 20338
20341 11539 21:0 20341
20376 11703 1:0 20396
20389 11839 1:0 20396
20397 11704 1:0 20540
20540 3429 1:0 20545
20546 5 1:0 20560
20547 11704 21:0 60
20561 11840 1:0 20614
