174 48169 0:0 176
175 48172 0:0 176
175 48167 0:0 176
175 48168 0:0 176
183 48171 0:0 212
194 48161 0:0 202
201 48260 0:0 212
211 48259 0:0 212
238 48369 21:0 304
306 48399 21:0 314
314 48402 21:0 380
390 48435 21:0 456
463 48466 21:0 521
465 48467 0:0 466
534 48498 21:0 542
541 48500 21:0 608
606 48501 0:0 608
618 48534 21:0 684
686 48564 21:0 694
694 48567 21:0 760
770 48600 21:0 836
846 48633 21:0 912
919 48664 21:0 977
990 48696 0:0 993
995 48697 21:0 1053
1147 48764 21:0 1205
1223 48797 21:0 1281
1447 48895 21:0 1455
1454 48896 0:0 1455
1454 48897 21:0 1521
1519 48898 0:0 1521
1523 48928 21:0 1531
1530 48930 0:0 1531
1530 48929 21:0 1597
1595 48931 0:0 1597
1599 48961 21:0 1607
1606 48962 0:0 1607
1606 48963 21:0 1673
1671 48964 0:0 1673
1675 48994 0:0 1678
1680 48996 21:0 1738
1682 48995 0:0 1683
1737 48997 0:0 1749
1751 49027 21:0 1759
1756 49028 0:0 1759
1756 49029 0:0 1759
1759 49030 21:0 1825
1827 49060 21:0 1835
1834 49062 0:0 1835
1834 49061 21:0 1901
1899 49063 0:0 1901
1903 49093 21:0 1911
1910 49095 0:0 1911
1910 49094 21:0 1977
1975 49096 0:0 1977
1979 49126 21:0 1987
1986 49127 0:0 1987
1986 49128 21:0 2053
2051 49129 0:0 2053
2055 49159 21:0 2063
2062 49161 0:0 2063
2062 49160 21:0 2129
2127 49162 0:0 2129
2131 49192 21:0 2139
2138 49193 0:0 2139
2138 49194 21:0 2205
2203 49195 0:0 2205
2207 49225 21:0 2215
2214 49226 0:0 2215
2214 49227 21:0 2281
2279 49228 0:0 2281
2283 49258 21:0 2291
2290 49259 0:0 2291
2290 49260 21:0 2357
2355 49261 0:0 2357
2359 49291 21:0 2367
2366 49293 0:0 2367
2366 49292 21:0 2433
2431 49294 0:0 2433
2435 49324 21:0 2443
2442 49325 0:0 2443
2442 49326 21:0 2509
2507 49327 0:0 2509
2511 49357 21:0 2519
2608 48797 1:0 2850
2609 48764 1:0 2972
2617 48697 1:0 3215
2617 48696 1:0 3225
2623 48664 1:0 3337
2634 328 21:0 2648
2649 328 1:0 2597
2730 48633 1:0 3453
2731 48600 1:0 3575
2739 48567 1:0 3697
2739 48564 1:0 3713
2749 48534 1:0 3819
2852 48501 1:0 3941
2853 48500 1:0 3948
2861 48498 1:0 3957
2861 48466 1:0 4069
2871 48467 1:0 4070
2974 48435 1:0 4185
2975 48402 1:0 4307
2983 48399 1:0 4323
2983 48369 1:0 4429
2989 329 1:0 5767
3007 49357 1:0 5918
3096 49327 1:0 6031
3097 49326 1:0 6039
3105 49325 1:0 6038
4617 50337 21:0 4625
4624 50339 0:0 4625
4624 50338 21:0 4691
4689 50340 0:0 4691
4693 50370 21:0 4701
4700 50372 0:0 4701
4700 50371 21:0 4767
4765 50373 0:0 4767
4769 50403 21:0 4777
4776 50404 0:0 4777
4776 50405 21:0 4843
4841 50406 0:0 4843
4845 50436 21:0 4853
4852 50437 0:0 4853
4852 50438 21:0 4919
4917 50439 0:0 4919
4921 50469 21:0 4929
4928 50471 0:0 4929
4928 50470 21:0 4995
4993 50472 0:0 4995
4997 50502 21:0 5005
5004 50503 0:0 5005
5004 50504 21:0 5071
5069 50505 0:0 5071
5073 50535 21:0 5081
5080 50536 0:0 5081
5080 50537 21:0 5147
5145 50538 0:0 5147
5149 50568 21:0 5157
5156 50570 0:0 5157
5156 50569 21:0 5223
5221 50571 0:0 5223
5225 50601 0:0 5228
5230 50602 21:0 5286
5232 50603 0:0 5233
5285 50604 0:0 5299
5301 50634 0:0 5304
5306 50635 21:0 5363
5308 50636 0:0 5309
5363 50637 0:0 5375
5377 50667 21:0 5385
5382 50668 0:0 5385
5385 50670 21:0 5451
5458 50701 21:0 5516
5460 50702 0:0 5461
5515 50703 0:0 5527
5529 50733 0:0 5532
5534 50734 21:0 5589
5536 50735 0:0 5537
5605 50766 0:0 5608
5610 50767 21:0 5667
5612 50768 0:0 5613
5779 49324 1:0 6049
5780 49294 1:0 6162
5789 49292 1:0 6169
5789 49293 1:0 6170
5797 49291 1:0 6180
5808 329 21:0 5822
5816 49261 1:0 6293
5910 49260 1:0 6301
5911 49259 1:0 6300
5911 49258 1:0 6311
5920 49228 1:0 6424
5920 49227 1:0 6432
5928 49226 1:0 6431
5947 49225 1:0 6442
6041 49195 1:0 6555
6042 49194 1:0 6563
6051 49193 1:0 6562
6051 49192 1:0 6573
6057 49162 1:0 6686
6061 49160 1:0 6693
6078 49161 1:0 6694
6172 49159 1:0 6704
6173 49129 1:0 6817
6182 49127 1:0 6824
6182 49128 1:0 6825
6188 49126 1:0 6835
6192 49096 1:0 6948
6221 49094 1:0 6955
6303 49095 1:0 6956
6304 49093 1:0 6966
6313 49063 1:0 7079
6313 49061 1:0 7086
6319 49062 1:0 7087
6324 49060 1:0 7097
6352 49030 1:0 7210
6434 49028 1:0 7217
6435 49029 1:0 7218
6444 49027 1:0 7228
6444 48997 1:0 7341
6450 48996 1:0 7349
6455 48995 1:0 7348
6483 48994 1:0 7359
6565 48964 1:0 7472
6566 48963 1:0 7480
6575 48962 1:0 7479
6575 48961 1:0 7490
6581 48931 1:0 7603
6601 48929 1:0 7610
6614 48930 1:0 7611
6696 48928 1:0 7621
6697 48898 1:0 7734
6706 48896 1:0 7741
6706 48897 1:0 7742
6714 48895 1:0 7752
6716 330 1:0 9082
7932 51779 21:0 7940
7939 51781 0:0 7940
7939 51780 21:0 8006
8004 51782 0:0 8006
8008 51812 21:0 8016
8015 51813 0:0 8016
8015 51814 21:0 8082
8080 51815 0:0 8082
8084 51845 21:0 8092
8091 51847 0:0 8092
8091 51846 21:0 8158
8156 51848 0:0 8158
8160 51878 21:0 8168
8167 51880 0:0 8168
8167 51879 0:0 8168
8168 51881 21:0 8234
8236 51911 21:0 8244
8243 51912 0:0 8244
8243 51913 21:0 8310
8308 51914 0:0 8310
8312 51944 21:0 8320
8319 51946 0:0 8320
8319 51945 21:0 8386
8384 51947 0:0 8386
8388 51977 21:0 8396
8395 51978 0:0 8396
8395 51979 0:0 8396
8396 51980 21:0 8462
8464 52010 21:0 8472
8471 52011 0:0 8472
8471 52012 21:0 8538
8536 52013 0:0 8538
8540 52043 21:0 8548
8547 52045 0:0 8548
8547 52044 21:0 8614
8612 52046 0:0 8614
8616 52076 21:0 8624
8621 52078 0:0 8624
8621 52077 0:0 8624
8624 52079 21:0 8690
8692 52109 0:0 8695
8697 52110 21:0 8753
8699 52111 0:0 8700
8752 52112 0:0 8766
8768 52142 21:0 8776
8775 52143 0:0 8776
8775 52144 21:0 8842
8840 52145 0:0 8842
8844 52175 21:0 8852
8851 52177 0:0 8852
8851 52176 21:0 8918
8916 52178 0:0 8918
8928 52211 21:0 8994
9094 50767 1:0 9353
9095 50768 1:0 9354
9104 50766 1:0 9364
9104 50734 1:0 9484
9112 50735 1:0 9485
9123 330 21:0 9137
9131 50733 1:0 9495
9225 50703 1:0 9608
9226 50701 1:0 9615
9226 50702 1:0 9616
9235 50670 1:0 9739
9235 50668 1:0 9746
9243 50667 1:0 9757
9262 50637 1:0 9870
9356 50635 1:0 9877
9357 50636 1:0 9878
9366 50634 1:0 9888
9366 50604 1:0 10001
9372 50602 1:0 10008
9376 50603 1:0 10009
9393 50601 1:0 10019
9487 50571 1:0 10132
9488 50569 1:0 10139
9497 50570 1:0 10140
9497 50568 1:0 10150
9503 50538 1:0 10263
9507 50537 1:0 10271
9536 50536 1:0 10270
9618 50535 1:0 10281
9619 50505 1:0 10394
9628 50503 1:0 10401
9628 50504 1:0 10402
9634 50502 1:0 10412
9639 50472 1:0 10525
9667 50470 1:0 10532
9749 50471 1:0 10533
9750 50469 1:0 10543
9759 50439 1:0 10656
9759 50438 1:0 10664
9765 50437 1:0 10663
9770 50436 1:0 10674
9798 50406 1:0 10787
9880 50405 1:0 10795
9881 50404 1:0 10794
9890 50403 1:0 10805
9890 50373 1:0 10918
9896 50371 1:0 10925
9916 50372 1:0 10926
9929 50370 1:0 10936
10011 50340 1:0 11049
10012 50338 1:0 11056
10021 50339 1:0 11057
10021 50337 1:0 11067
10027 331 1:0 12397
10031 52211 1:0 12661
11247 53221 21:0 11255
11254 53222 0:0 11255
11254 53223 21:0 11321
11319 53224 0:0 11321
11323 53254 21:0 11331
11330 53256 0:0 11331
11330 53255 21:0 11397
11395 53257 0:0 11397
11399 53287 21:0 11407
11406 53289 0:0 11407
11406 53288 21:0 11473
11471 53290 0:0 11473
11475 53320 21:0 11483
11482 53322 0:0 11483
11482 53321 21:0 11549
11547 53323 0:0 11549
11551 53353 21:0 11559
11558 53355 0:0 11559
11558 53354 21:0 11625
11623 53356 0:0 11625
11627 53386 21:0 11635
11634 53388 0:0 11635
11634 53387 21:0 11701
11699 53389 0:0 11701
11703 53419 21:0 11711
11710 53420 0:0 11711
11710 53421 21:0 11777
11775 53422 0:0 11777
11779 53452 21:0 11787
11786 53454 0:0 11787
11786 53453 21:0 11853
11851 53455 0:0 11853
11855 53485 21:0 11863
11862 53486 0:0 11863
11862 53487 21:0 11929
11927 53488 0:0 11929
11931 53518 0:0 11934
11936 53520 21:0 11993
11938 53519 0:0 11939
11993 53521 0:0 12005
12007 53551 0:0 12010
12012 53553 21:0 12070
12014 53552 0:0 12015
12069 53554 0:0 12081
12083 53584 0:0 12086
12088 53585 21:0 12146
12090 53586 0:0 12091
12164 53618 0:0 12167
12164 53619 0:0 12167
12167 53620 21:0 12233
12240 53651 21:0 12298
12242 53652 0:0 12243
12297 53653 0:0 12309
12409 52178 1:0 12792
12410 52176 1:0 12799
12419 52177 1:0 12800
12419 52175 1:0 12810
12427 52145 1:0 12923
12438 331 21:0 12452
12446 52144 1:0 12931
12540 52143 1:0 12930
12541 52142 1:0 12941
12541 52112 1:0 13054
12550 52110 1:0 13061
12550 52111 1:0 13062
12558 52109 1:0 13072
12577 52079 1:0 13185
12671 52077 1:0 13192
12672 52078 1:0 13193
12681 52076 1:0 13203
12681 52046 1:0 13316
12687 52044 1:0 13323
12691 52045 1:0 13324
12708 52043 1:0 13334
12802 52013 1:0 13447
12803 52012 1:0 13455
12812 52011 1:0 13454
12812 52010 1:0 13465
12818 51980 1:0 13578
12822 51978 1:0 13585
12851 51979 1:0 13586
12933 51977 1:0 13596
12934 51947 1:0 13709
12943 51945 1:0 13716
12943 51946 1:0 13717
12949 51944 1:0 13727
12954 51914 1:0 13840
12982 51913 1:0 13848
13064 51912 1:0 13847
13065 51911 1:0 13858
13074 51881 1:0 13971
13074 51879 1:0 13978
13080 51880 1:0 13979
13085 51878 1:0 13989
13113 51848 1:0 14102
13195 51846 1:0 14109
13196 51847 1:0 14110
13205 51845 1:0 14120
13205 51815 1:0 14233
13211 51814 1:0 14241
13231 51813 1:0 14240
13244 51812 1:0 14251
13326 51782 1:0 14364
13327 51780 1:0 14371
13336 51781 1:0 14372
13336 51779 1:0 14382
13342 332 1:0 15712
14562 54663 21:0 14570
14569 54664 0:0 14570
14569 54665 21:0 14636
14634 54666 0:0 14636
14638 54696 21:0 14646
14645 54697 0:0 14646
14645 54698 21:0 14712
14710 54699 0:0 14712
14714 54729 21:0 14722
14721 54730 0:0 14722
14721 54731 21:0 14788
14786 54732 0:0 14788
14790 54762 21:0 14798
14797 54763 0:0 14798
14797 54764 21:0 14864
14862 54765 0:0 14864
14866 54795 21:0 14874
14873 54797 0:0 14874
14873 54796 21:0 14940
14938 54798 0:0 14940
14942 54828 21:0 14950
14949 54830 0:0 14950
14949 54829 21:0 15016
15014 54831 0:0 15016
15018 54861 21:0 15026
15025 54863 0:0 15026
15025 54862 21:0 15092
15090 54864 0:0 15092
15094 54894 21:0 15102
15101 54896 0:0 15102
15101 54895 21:0 15168
15166 54897 0:0 15168
15170 54927 21:0 15178
15177 54929 0:0 15178
15177 54928 21:0 15244
15242 54930 0:0 15244
15246 54960 0:0 15249
15251 54961 21:0 15306
15253 54962 0:0 15254
15306 54963 0:0 15320
15322 54993 21:0 15330
15329 54994 0:0 15330
15329 54995 0:0 15330
15330 54996 21:0 15396
15398 55026 0:0 15401
15403 55027 21:0 15459
15405 55028 0:0 15406
15458 55029 0:0 15472
15474 55059 0:0 15477
15479 55061 21:0 15537
15481 55060 0:0 15482
15536 55062 0:0 15548
15724 53653 1:0 15976
15725 53651 1:0 15983
15734 53652 1:0 15984
15734 53620 1:0 16107
15742 53619 1:0 16115
15753 332 21:0 15767
15761 53618 1:0 16114
15855 53585 1:0 16245
15856 53586 1:0 16246
15856 53584 1:0 16256
15865 53554 1:0 16369
15865 53553 1:0 16377
15873 53552 1:0 16376
15892 53551 1:0 16387
15986 53521 1:0 16500
15987 53520 1:0 16508
15996 53519 1:0 16507
15996 53518 1:0 16518
16002 53488 1:0 16631
16006 53487 1:0 16639
16023 53486 1:0 16638
16117 53485 1:0 16649
16118 53455 1:0 16762
16127 53453 1:0 16769
16127 53454 1:0 16770
16133 53452 1:0 16780
16137 53422 1:0 16893
16166 53421 1:0 16901
16248 53420 1:0 16900
16249 53419 1:0 16911
16258 53389 1:0 17024
16258 53387 1:0 17031
16264 53388 1:0 17032
16269 53386 1:0 17042
16297 53356 1:0 17155
16379 53354 1:0 17162
16380 53355 1:0 17163
16389 53353 1:0 17173
16389 53323 1:0 17286
16395 53321 1:0 17293
16400 53322 1:0 17294
16428 53320 1:0 17304
16510 53290 1:0 17417
16511 53288 1:0 17424
16520 53289 1:0 17425
16520 53287 1:0 17435
16526 53257 1:0 17548
16546 53255 1:0 17555
16559 53256 1:0 17556
16641 53254 1:0 17566
16642 53224 1:0 17679
16651 53222 1:0 17686
16651 53223 1:0 17687
16659 53221 1:0 17697
16661 333 1:0 19027
16678 55062 1:0 19422
17877 56105 21:0 17885
17884 56106 0:0 17885
17884 56107 21:0 17951
17949 56108 0:0 17951
17953 56138 21:0 17961
17960 56139 0:0 17961
17960 56140 21:0 18027
18025 56141 0:0 18027
18029 56171 21:0 18037
18036 56172 0:0 18037
18036 56173 21:0 18103
18101 56174 0:0 18103
18105 56204 21:0 18113
18112 56205 0:0 18113
18112 56206 21:0 18179
18177 56207 0:0 18179
18181 56237 21:0 18189
18188 56239 0:0 18189
18188 56238 21:0 18255
18253 56240 0:0 18255
18257 56270 21:0 18265
18264 56271 0:0 18265
18264 56272 21:0 18331
18329 56273 0:0 18331
18333 56303 21:0 18341
18340 56304 0:0 18341
18340 56305 21:0 18407
18405 56306 0:0 18407
18409 56336 21:0 18417
18416 56337 0:0 18417
18416 56338 0:0 18417
18417 56339 21:0 18483
18485 56369 0:0 18488
18490 56371 21:0 18547
18492 56370 0:0 18493
18547 56372 0:0 18559
18561 56402 0:0 18564
18566 56404 21:0 18624
18568 56403 0:0 18569
18623 56405 0:0 18635
18637 56435 0:0 18640
18642 56436 21:0 18698
18644 56437 0:0 18645
18697 56438 0:0 18711
18713 56468 21:0 18721
18718 56469 0:0 18721
18718 56470 0:0 18721
18721 56471 21:0 18787
18789 56501 21:0 18797
18796 56503 0:0 18797
18797 56504 21:0 18863
18865 56534 0:0 18868
18870 56536 21:0 18928
18872 56535 0:0 18873
19039 55061 1:0 19430
19040 55060 1:0 19429
19049 55059 1:0 19440
19049 55029 1:0 19553
19057 55027 1:0 19560
19068 333 21:0 19082
19076 55028 1:0 19561
19170 55026 1:0 19571
19171 54996 1:0 19684
19171 54994 1:0 19691
19180 54995 1:0 19692
19180 54993 1:0 19702
19188 54963 1:0 19815
19207 54961 1:0 19822
19301 54962 1:0 19823
19302 54960 1:0 19833
19311 54930 1:0 19946
19311 54928 1:0 19953
19317 54929 1:0 19954
19321 54927 1:0 19964
19338 54897 1:0 20077
19432 54895 1:0 20084
19433 54896 1:0 20085
19442 54894 1:0 20095
19442 54864 1:0 20208
19448 54862 1:0 20215
19452 54863 1:0 20216
19481 54861 1:0 20226
19563 54831 1:0 20339
19564 54829 1:0 20346
19573 54830 1:0 20347
19573 54828 1:0 20357
19579 54798 1:0 20470
19584 54796 1:0 20477
19612 54797 1:0 20478
19694 54795 1:0 20488
19695 54765 1:0 20601
19704 54763 1:0 20608
19704 54764 1:0 20609
19710 54762 1:0 20619
19715 54732 1:0 20732
19743 54731 1:0 20740
19825 54730 1:0 20739
19826 54729 1:0 20750
19835 54699 1:0 20863
19835 54698 1:0 20871
19841 54697 1:0 20870
19861 54696 1:0 20881
19874 54666 1:0 20994
19956 54665 1:0 21002
19957 54664 1:0 21001
19966 54663 1:0 21012
19966 334 1:0 22342
21192 57547 21:0 21200
21199 57548 0:0 21200
21199 57549 21:0 21266
21264 57550 0:0 21266
21268 57580 21:0 21276
21275 57581 0:0 21276
21275 57582 21:0 21342
21340 57583 0:0 21342
21344 57613 21:0 21352
21351 57615 0:0 21352
21351 57614 21:0 21418
21416 57616 0:0 21418
21420 57646 21:0 21428
21427 57648 0:0 21428
21427 57647 21:0 21494
21492 57649 0:0 21494
21496 57679 21:0 21504
21503 57681 0:0 21504
21503 57680 21:0 21570
21568 57682 0:0 21570
21572 57712 21:0 21580
21579 57714 0:0 21580
21579 57713 21:0 21646
21644 57715 0:0 21646
21648 57745 21:0 21656
21655 57746 0:0 21656
21655 57747 21:0 21722
21720 57748 0:0 21722
21724 57778 21:0 21732
21731 57779 0:0 21732
21731 57780 0:0 21732
21732 57781 21:0 21798
21800 57811 0:0 21803
21805 57812 21:0 21863
21807 57813 0:0 21808
21862 57814 0:0 21874
21876 57844 21:0 21884
21883 57845 0:0 21884
21883 57846 0:0 21884
21884 57847 21:0 21950
21952 57877 21:0 21960
21959 57878 0:0 21960
21960 57880 21:0 22026
22028 57910 0:0 22031
22033 57911 21:0 22091
22035 57912 0:0 22036
22090 57913 0:0 22102
22109 57945 21:0 22167
22166 57946 0:0 22178
22188 57979 21:0 22254
22261 58011 21:0 22319
22354 56536 1:0 22614
22355 56535 1:0 22613
22364 56534 1:0 22624
22364 56504 1:0 22737
22372 56503 1:0 22745
22383 334 21:0 22397
22391 56501 1:0 22755
22485 56471 1:0 22868
22486 56469 1:0 22875
22486 56470 1:0 22876
22495 56468 1:0 22886
22495 56438 1:0 22999
22503 56436 1:0 23006
22522 56437 1:0 23007
22616 56435 1:0 23017
22617 56405 1:0 23130
22626 56403 1:0 23137
22626 56404 1:0 23138
22632 56402 1:0 23148
22636 56372 1:0 23261
22653 56371 1:0 23269
22747 56370 1:0 23268
22748 56369 1:0 23279
22757 56339 1:0 23392
22757 56337 1:0 23399
22763 56338 1:0 23400
22767 56336 1:0 23410
22796 56306 1:0 23523
22878 56305 1:0 23531
22879 56304 1:0 23530
22888 56303 1:0 23541
22888 56273 1:0 23654
22894 56272 1:0 23662
22899 56271 1:0 23661
22927 56270 1:0 23672
23009 56240 1:0 23785
23010 56238 1:0 23792
23019 56239 1:0 23793
23019 56237 1:0 23803
23025 56207 1:0 23916
23030 56206 1:0 23924
23058 56205 1:0 23923
23140 56204 1:0 23934
23141 56174 1:0 24047
23150 56172 1:0 24054
23150 56173 1:0 24055
23156 56171 1:0 24065
23176 56141 1:0 24178
23189 56140 1:0 24186
23271 56139 1:0 24185
23272 56138 1:0 24196
23281 56108 1:0 24309
23281 56107 1:0 24317
23289 56106 1:0 24316
23307 56105 1:0 24327
23308 335 1:0 25657
23402 58011 1:0 25798
24507 58989 21:0 24515
24514 58990 0:0 24515
24514 58991 21:0 24581
24579 58992 0:0 24581
24583 59022 21:0 24591
24590 59024 0:0 24591
24590 59023 21:0 24657
24655 59025 0:0 24657
24659 59055 21:0 24667
24666 59057 0:0 24667
24666 59056 21:0 24733
24731 59058 0:0 24733
24735 59088 21:0 24743
24742 59089 0:0 24743
24742 59090 21:0 24809
24807 59091 0:0 24809
24811 59121 21:0 24819
24818 59122 0:0 24819
24818 59123 21:0 24885
24883 59124 0:0 24885
24887 59154 21:0 24895
24894 59156 0:0 24895
24894 59155 21:0 24961
24959 59157 0:0 24961
24963 59187 21:0 24971
24970 59189 0:0 24971
24970 59188 21:0 25037
25035 59190 0:0 25037
25039 59220 21:0 25047
25046 59222 0:0 25047
25046 59221 21:0 25113
25111 59223 0:0 25113
25115 59253 21:0 25123
25122 59255 0:0 25123
25122 59254 0:0 25123
25123 59256 21:0 25189
25191 59286 0:0 25194
25196 59288 21:0 25254
25198 59287 0:0 25199
25253 59289 0:0 25265
25267 59319 21:0 25275
25274 59320 0:0 25275
25274 59321 21:0 25341
25339 59322 0:0 25341
25343 59352 0:0 25346
25348 59353 21:0 25406
25350 59354 0:0 25351
25405 59355 0:0 25417
25419 59385 0:0 25422
25424 59386 21:0 25482
25426 59387 0:0 25427
25481 59388 0:0 25493
25495 59418 0:0 25498
25500 59419 21:0 25558
25502 59420 0:0 25503
25669 57979 1:0 25921
25670 57946 1:0 26052
25679 57945 1:0 26060
25679 57913 1:0 26183
25687 57911 1:0 26190
25698 335 21:0 25712
25706 57912 1:0 26191
25800 57910 1:0 26201
25801 57880 1:0 26314
25801 57878 1:0 26321
25810 57877 1:0 26332
25810 57847 1:0 26445
25818 57845 1:0 26452
25837 57846 1:0 26453
25931 57844 1:0 26463
25932 57814 1:0 26576
25941 57812 1:0 26583
25941 57813 1:0 26584
25947 57811 1:0 26594
25951 57781 1:0 26707
25968 57779 1:0 26714
26062 57780 1:0 26715
26063 57778 1:0 26725
26072 57748 1:0 26838
26072 57747 1:0 26846
26078 57746 1:0 26845
26082 57745 1:0 26856
26111 57715 1:0 26969
26193 57713 1:0 26976
26194 57714 1:0 26977
26203 57712 1:0 26987
26203 57682 1:0 27100
26209 57680 1:0 27107
26214 57681 1:0 27108
26242 57679 1:0 27118
26324 57649 1:0 27231
26325 57647 1:0 27238
26334 57648 1:0 27239
26334 57646 1:0 27249
26340 57616 1:0 27362
26345 57614 1:0 27369
26373 57615 1:0 27370
26455 57613 1:0 27380
26456 57583 1:0 27493
26465 57581 1:0 27500
26465 57582 1:0 27501
26471 57580 1:0 27511
26491 57550 1:0 27624
26504 57549 1:0 27632
26586 57548 1:0 27631
26587 57547 1:0 27642
26596 336 1:0 28972
27822 60431 21:0 27830
27829 60433 0:0 27830
27829 60432 21:0 27896
27894 60434 0:0 27896
27898 60464 21:0 27906
27905 60465 0:0 27906
27905 60466 21:0 27972
27970 60467 0:0 27972
27974 60497 21:0 27982
27981 60499 0:0 27982
27981 60498 21:0 28048
28046 60500 0:0 28048
28050 60530 21:0 28058
28057 60532 0:0 28058
28057 60531 21:0 28124
28122 60533 0:0 28124
28126 60563 21:0 28134
28133 60564 0:0 28134
28133 60565 21:0 28200
28198 60566 0:0 28200
28202 60596 21:0 28210
28209 60597 0:0 28210
28209 60598 21:0 28276
28274 60599 0:0 28276
28278 60629 21:0 28286
28285 60631 0:0 28286
28285 60630 21:0 28352
28350 60632 0:0 28352
28354 60662 21:0 28362
28361 60663 0:0 28362
28361 60664 21:0 28428
28426 60665 0:0 28428
28430 60695 21:0 28438
28435 60696 0:0 28438
28437 60697 0:0 28438
28438 60698 21:0 28504
28506 60728 21:0 28514
28513 60730 0:0 28514
28513 60729 0:0 28514
28514 60731 21:0 28580
28582 60761 21:0 28590
28589 60763 0:0 28590
28589 60762 0:0 28590
28590 60764 21:0 28656
28658 60794 21:0 28666
28665 60796 21:0 28732
28734 60827 21:0 28742
28742 60830 21:0 28808
28810 60860 21:0 28818
28891 60895 21:0 28949
28984 59419 1:0 29243
28985 59420 1:0 29244
28994 59418 1:0 29254
28994 59388 1:0 29367
29002 59386 1:0 29374
29013 336 21:0 29027
29021 59387 1:0 29375
29115 59385 1:0 29385
29116 59355 1:0 29498
29116 59353 1:0 29505
29125 59354 1:0 29506
29125 59352 1:0 29516
29133 59322 1:0 29629
29152 59321 1:0 29637
29246 59320 1:0 29636
29247 59319 1:0 29647
29256 59289 1:0 29760
29256 59288 1:0 29768
29262 59287 1:0 29767
29266 59286 1:0 29778
29283 59256 1:0 29891
29377 59255 1:0 29899
29378 59254 1:0 29898
29387 59253 1:0 29909
29387 59223 1:0 30022
29393 59221 1:0 30029
29397 59222 1:0 30030
29426 59220 1:0 30040
29508 59190 1:0 30153
29509 59188 1:0 30160
29518 59189 1:0 30161
29518 59187 1:0 30171
29524 59157 1:0 30284
29529 59155 1:0 30291
29557 59156 1:0 30292
29639 59154 1:0 30302
29640 59124 1:0 30415
29649 59122 1:0 30422
29649 59123 1:0 30423
29655 59121 1:0 30433
29660 59091 1:0 30546
29688 59090 1:0 30554
29770 59089 1:0 30553
29771 59088 1:0 30564
29780 59058 1:0 30677
29780 59056 1:0 30684
29786 59057 1:0 30685
29806 59055 1:0 30695
29819 59025 1:0 30808
29901 59023 1:0 30815
29902 59024 1:0 30816
29911 59022 1:0 30826
29911 58992 1:0 30939
29919 58991 1:0 30947
29937 58990 1:0 30946
29938 337 1:0 32287
30032 58989 1:0 30957
30033 60895 1:0 32428
31137 61873 21:0 31145
31144 61874 0:0 31145
31144 61875 21:0 31211
31209 61876 0:0 31211
31213 61906 21:0 31221
31220 61908 0:0 31221
31220 61907 21:0 31287
31285 61909 0:0 31287
31289 61939 21:0 31297
31296 61940 0:0 31297
31296 61941 21:0 31363
31361 61942 0:0 31363
31365 61972 21:0 31373
31372 61973 0:0 31373
31372 61974 21:0 31439
31437 61975 0:0 31439
31441 62005 21:0 31449
31448 62007 0:0 31449
31448 62006 0:0 31449
31449 62008 21:0 31515
31517 62038 21:0 31525
31524 62040 0:0 31525
31524 62039 0:0 31525
31525 62041 21:0 31591
31593 62071 21:0 31601
31600 62073 0:0 31601
31600 62072 21:0 31667
31665 62074 0:0 31667
31669 62104 21:0 31677
31676 62105 0:0 31677
31676 62106 21:0 31743
31741 62107 0:0 31743
31745 62137 0:0 31748
31750 62139 21:0 31808
31752 62138 0:0 31753
31807 62140 0:0 31819
31821 62170 0:0 31824
31826 62171 21:0 31884
31828 62172 0:0 31829
31883 62173 0:0 31895
31897 62203 21:0 31905
31902 62204 0:0 31905
31902 62205 0:0 31905
31905 62206 21:0 31971
31973 62236 21:0 31981
31980 62238 0:0 31981
31980 62237 0:0 31981
31981 62239 21:0 32047
32049 62269 21:0 32057
32056 62270 0:0 32057
32056 62271 21:0 32123
32121 62272 0:0 32123
32125 62302 0:0 32128
32130 62303 21:0 32188
32132 62304 0:0 32133
32187 62305 0:0 32199
32299 60860 1:0 32569
32300 60830 1:0 32682
32309 60827 1:0 32700
32309 60796 1:0 32821
32317 60794 1:0 32831
32328 337 21:0 32342
32336 60764 1:0 32944
32430 60763 1:0 32952
32431 60762 1:0 32951
32431 60761 1:0 32962
32440 60731 1:0 33075
32440 60729 1:0 33082
32448 60730 1:0 33083
32467 60728 1:0 33093
32561 60698 1:0 33206
32562 60697 1:0 33214
32571 60696 1:0 33213
32571 60695 1:0 33224
32577 60665 1:0 33337
32581 60664 1:0 33345
32598 60663 1:0 33344
32692 60662 1:0 33355
32693 60632 1:0 33468
32702 60630 1:0 33475
32702 60631 1:0 33476
32708 60629 1:0 33486
32712 60599 1:0 33599
32741 60598 1:0 33607
32823 60597 1:0 33606
32824 60596 1:0 33617
32833 60566 1:0 33730
32833 60565 1:0 33738
32839 60564 1:0 33737
32844 60563 1:0 33748
32872 60533 1:0 33861
32954 60531 1:0 33868
32955 60532 1:0 33869
32964 60530 1:0 33879
32964 60500 1:0 33992
32970 60498 1:0 33999
32975 60499 1:0 34000
33003 60497 1:0 34010
33085 60467 1:0 34123
33086 60466 1:0 34131
33095 60465 1:0 34130
33095 60464 1:0 34141
33101 60434 1:0 34254
33121 60432 1:0 34261
33134 60433 1:0 34262
33216 60431 1:0 34272
33217 338 1:0 35602
33226 62305 1:0 35866
33226 62303 1:0 35873
33232 62304 1:0 35874
34452 63315 21:0 34460
34459 63317 0:0 34460
34459 63316 21:0 34526
34524 63318 0:0 34526
34528 63348 21:0 34536
34535 63350 0:0 34536
34535 63349 21:0 34602
34600 63351 0:0 34602
34604 63381 21:0 34612
34611 63383 0:0 34612
34611 63382 21:0 34678
34676 63384 0:0 34678
34680 63414 21:0 34688
34687 63415 0:0 34688
34687 63416 21:0 34754
34752 63417 0:0 34754
34756 63447 21:0 34764
34763 63449 0:0 34764
34763 63448 21:0 34830
34828 63450 0:0 34830
34832 63480 21:0 34840
34839 63482 0:0 34840
34839 63481 21:0 34906
34904 63483 0:0 34906
34908 63513 21:0 34916
34915 63514 0:0 34916
34915 63515 0:0 34916
34916 63516 21:0 34982
34984 63546 21:0 34992
34991 63548 0:0 34992
34991 63547 21:0 35058
35056 63549 0:0 35058
35060 63579 21:0 35068
35065 63580 0:0 35068
35067 63581 0:0 35068
35068 63582 21:0 35134
35136 63612 0:0 35139
35141 63613 21:0 35199
35143 63614 0:0 35144
35212 63645 21:0 35220
35219 63647 21:0 35286
35284 63648 0:0 35286
35288 63678 21:0 35296
35295 63680 0:0 35296
35296 63681 21:0 35362
35364 63711 21:0 35372
35371 63712 0:0 35372
35372 63714 21:0 35438
35440 63744 21:0 35448
35447 63745 0:0 35448
35447 63746 21:0 35514
35516 63777 21:0 35524
35614 62302 1:0 35884
35615 62272 1:0 35997
35624 62270 1:0 36004
35624 62271 1:0 36005
35632 62269 1:0 36015
35643 338 21:0 35657
35651 62239 1:0 36128
35745 62238 1:0 36136
35746 62237 1:0 36135
35746 62236 1:0 36146
35755 62206 1:0 36259
35755 62204 1:0 36266
35763 62205 1:0 36267
35782 62203 1:0 36277
35876 62173 1:0 36390
35877 62171 1:0 36397
35886 62172 1:0 36398
35886 62170 1:0 36408
35892 62140 1:0 36521
35896 62139 1:0 36529
35913 62138 1:0 36528
36007 62137 1:0 36539
36008 62107 1:0 36652
36017 62105 1:0 36659
36017 62106 1:0 36660
36023 62104 1:0 36670
36027 62074 1:0 36783
36056 62072 1:0 36790
36138 62073 1:0 36791
36139 62071 1:0 36801
36148 62041 1:0 36914
36148 62040 1:0 36922
36154 62039 1:0 36921
36159 62038 1:0 36932
36187 62008 1:0 37045
36269 62007 1:0 37053
36270 62006 1:0 37052
36279 62005 1:0 37063
36279 61975 1:0 37176
36285 61974 1:0 37184
36290 61973 1:0 37183
36318 61972 1:0 37194
36400 61942 1:0 37307
36401 61941 1:0 37315
36410 61940 1:0 37314
36410 61939 1:0 37325
36416 61909 1:0 37438
36436 61907 1:0 37445
36449 61908 1:0 37446
36531 61906 1:0 37456
36532 61876 1:0 37569
36541 61874 1:0 37576
36541 61875 1:0 37577
36549 61873 1:0 37587
36551 339 1:0 38917
37767 64757 21:0 37775
37774 64759 0:0 37775
37774 64758 21:0 37841
37839 64760 0:0 37841
37843 64790 21:0 37851
37850 64792 0:0 37851
37850 64791 21:0 37917
37915 64793 0:0 37917
37919 64823 21:0 37927
37926 64825 0:0 37927
37926 64824 21:0 37993
37991 64826 0:0 37993
37995 64856 21:0 38003
38002 64857 0:0 38003
38002 64858 21:0 38069
38067 64859 0:0 38069
38071 64889 21:0 38079
38078 64891 0:0 38079
38078 64890 21:0 38145
38143 64892 0:0 38145
38147 64922 21:0 38155
38154 64923 0:0 38155
38154 64924 21:0 38221
38219 64925 0:0 38221
38223 64955 21:0 38231
38230 64956 0:0 38231
38230 64957 21:0 38297
38295 64958 0:0 38297
38299 64988 21:0 38307
38306 64989 0:0 38307
38306 64990 21:0 38373
38371 64991 0:0 38373
38375 65021 21:0 38383
38382 65023 0:0 38383
38382 65022 21:0 38449
38447 65024 0:0 38449
38451 65054 21:0 38459
38458 65056 0:0 38459
38458 65055 21:0 38525
38523 65057 0:0 38525
38527 65087 0:0 38530
38532 65088 21:0 38587
38534 65089 0:0 38535
38587 65090 0:0 38601
38603 65120 21:0 38611
38610 65121 0:0 38611
38610 65122 0:0 38611
38611 65123 21:0 38677
38679 65153 0:0 38682
38684 65154 21:0 38739
38686 65155 0:0 38687
38739 65156 0:0 38753
38755 65186 21:0 38763
38929 63777 1:0 39068
38930 63746 1:0 39189
38939 63745 1:0 39188
38939 63744 1:0 39199
38947 63714 1:0 39312
38958 339 21:0 38972
38966 63712 1:0 39319
39060 63711 1:0 39330
39061 63681 1:0 39443
39061 63680 1:0 39451
39070 63678 1:0 39461
39070 63648 1:0 39574
39078 63647 1:0 39582
39097 63645 1:0 39592
39191 63613 1:0 39712
39192 63614 1:0 39713
39201 63612 1:0 39723
39201 63582 1:0 39836
39207 63580 1:0 39843
39211 63581 1:0 39844
39228 63579 1:0 39854
39322 63549 1:0 39967
39323 63547 1:0 39974
39332 63548 1:0 39975
39332 63546 1:0 39985
39338 63516 1:0 40098
39342 63515 1:0 40106
39371 63514 1:0 40105
39453 63513 1:0 40116
39454 63483 1:0 40229
39463 63481 1:0 40236
39463 63482 1:0 40237
39469 63480 1:0 40247
39474 63450 1:0 40360
39502 63448 1:0 40367
39584 63449 1:0 40368
39585 63447 1:0 40378
39594 63417 1:0 40491
39594 63416 1:0 40499
39600 63415 1:0 40498
39605 63414 1:0 40509
39633 63384 1:0 40622
39715 63382 1:0 40629
39716 63383 1:0 40630
39725 63381 1:0 40640
39725 63351 1:0 40753
39731 63349 1:0 40760
39751 63350 1:0 40761
39764 63348 1:0 40771
39846 63318 1:0 40884
39847 63316 1:0 40891
39856 63317 1:0 40892
39856 63315 1:0 40902
39862 340 1:0 42232
41082 66199 21:0 41090
41089 66200 0:0 41090
41089 66201 21:0 41156
41154 66202 0:0 41156
41158 66232 21:0 41166
41165 66233 0:0 41166
41165 66234 21:0 41232
41230 66235 0:0 41232
41234 66265 21:0 41242
41241 66266 0:0 41242
41241 66267 21:0 41308
41306 66268 0:0 41308
41310 66298 21:0 41318
41317 66300 0:0 41318
41317 66299 21:0 41384
41382 66301 0:0 41384
41386 66331 21:0 41394
41393 66333 0:0 41394
41393 66332 21:0 41460
41458 66334 0:0 41460
41462 66364 21:0 41470
41469 66366 0:0 41470
41469 66365 0:0 41470
41470 66367 21:0 41536
41538 66397 21:0 41546
41545 66399 0:0 41546
41545 66398 21:0 41612
41610 66400 0:0 41612
41614 66430 21:0 41622
41621 66432 0:0 41622
41621 66431 21:0 41688
41686 66433 0:0 41688
41690 66463 0:0 41693
41695 66465 21:0 41753
41697 66464 0:0 41698
41752 66466 0:0 41764
41766 66496 0:0 41769
41771 66498 21:0 41829
41773 66497 0:0 41774
41828 66499 0:0 41840
41842 66529 21:0 41850
41849 66530 21:0 41916
41914 66532 0:0 41916
41923 66564 0:0 41926
41926 66565 21:0 41992
41999 66597 21:0 42056
42001 66596 0:0 42002
42056 66598 0:0 42068
42070 66628 21:0 42078
42077 66629 0:0 42078
42077 66630 0:0 42078
42078 66631 21:0 42144
42244 65186 1:0 42514
42245 65156 1:0 42627
42254 65154 1:0 42634
42254 65155 1:0 42635
42262 65153 1:0 42645
42273 340 21:0 42287
42281 65123 1:0 42758
42375 65122 1:0 42766
42376 65121 1:0 42765
42376 65120 1:0 42776
42385 65090 1:0 42889
42385 65088 1:0 42896
42393 65089 1:0 42897
42412 65087 1:0 42907
42506 65057 1:0 43020
42507 65055 1:0 43027
42516 65056 1:0 43028
42516 65054 1:0 43038
42522 65024 1:0 43151
42526 65022 1:0 43158
42543 65023 1:0 43159
42637 65021 1:0 43169
42638 64991 1:0 43282
42647 64989 1:0 43289
42647 64990 1:0 43290
42653 64988 1:0 43300
42657 64958 1:0 43413
42686 64957 1:0 43421
42768 64956 1:0 43420
42769 64955 1:0 43431
42778 64925 1:0 43544
42778 64924 1:0 43552
42784 64923 1:0 43551
42789 64922 1:0 43562
42817 64892 1:0 43675
42899 64890 1:0 43682
42900 64891 1:0 43683
42909 64889 1:0 43693
42909 64859 1:0 43806
42915 64858 1:0 43814
42920 64857 1:0 43813
42948 64856 1:0 43824
43030 64826 1:0 43937
43031 64824 1:0 43944
43040 64825 1:0 43945
43040 64823 1:0 43955
43046 64793 1:0 44068
43066 64791 1:0 44075
43079 64792 1:0 44076
43161 64790 1:0 44086
43162 64760 1:0 44199
43171 64758 1:0 44206
43171 64759 1:0 44207
43179 64757 1:0 44217
43181 341 1:0 45547
43198 66631 1:0 45811
43292 66629 1:0 45818
44397 67641 21:0 44405
44404 67643 0:0 44405
44404 67642 21:0 44471
44469 67644 0:0 44471
44473 67674 21:0 44481
44480 67676 0:0 44481
44480 67675 21:0 44547
44545 67677 0:0 44547
44549 67707 21:0 44557
44556 67708 0:0 44557
44556 67709 21:0 44623
44621 67710 0:0 44623
44625 67740 21:0 44633
44632 67741 0:0 44633
44632 67742 21:0 44699
44697 67743 0:0 44699
44701 67773 21:0 44709
44708 67775 0:0 44709
44708 67774 21:0 44775
44773 67776 0:0 44775
44777 67806 21:0 44785
44784 67808 0:0 44785
44784 67807 21:0 44851
44849 67809 0:0 44851
44853 67839 21:0 44861
44860 67840 0:0 44861
44860 67841 21:0 44927
44925 67842 0:0 44927
44929 67872 21:0 44937
44936 67873 0:0 44937
44936 67874 0:0 44937
44937 67875 21:0 45003
45005 67905 0:0 45008
45010 67907 21:0 45068
45012 67906 0:0 45013
45067 67908 0:0 45079
45081 67938 21:0 45089
45088 67940 0:0 45089
45088 67939 21:0 45155
45153 67941 0:0 45155
45157 67971 0:0 45160
45162 67973 21:0 45220
45164 67972 0:0 45165
45219 67974 0:0 45231
45233 68004 21:0 45241
45238 68005 0:0 45241
45238 68006 0:0 45241
45241 68007 21:0 45307
45309 68037 0:0 45312
45314 68038 21:0 45372
45316 68039 0:0 45317
45371 68040 0:0 45383
45385 68070 21:0 45393
45392 68072 0:0 45393
45392 68071 21:0 45459
45559 66630 1:0 45819
45560 66628 1:0 45829
45569 66598 1:0 45942
45569 66597 1:0 45950
45577 66596 1:0 45949
45588 341 21:0 45602
45596 66565 1:0 46073
45690 66564 1:0 46081
45691 66532 1:0 46204
45691 66530 1:0 46211
45700 66529 1:0 46222
45700 66499 1:0 46335
45708 66498 1:0 46343
45727 66497 1:0 46342
45821 66496 1:0 46353
45822 66466 1:0 46466
45831 66464 1:0 46473
45831 66465 1:0 46474
45837 66463 1:0 46484
45841 66433 1:0 46597
45858 66431 1:0 46604
45952 66432 1:0 46605
45953 66430 1:0 46615
45962 66400 1:0 46728
45962 66398 1:0 46735
45968 66399 1:0 46736
45972 66397 1:0 46746
46001 66367 1:0 46859
46083 66366 1:0 46867
46084 66365 1:0 46866
46093 66364 1:0 46877
46093 66334 1:0 46990
46099 66332 1:0 46997
46104 66333 1:0 46998
46132 66331 1:0 47008
46214 66301 1:0 47121
46215 66299 1:0 47128
46224 66300 1:0 47129
46224 66298 1:0 47139
46230 66268 1:0 47252
46235 66267 1:0 47260
46263 66266 1:0 47259
46345 66265 1:0 47270
46346 66235 1:0 47383
46355 66233 1:0 47390
46355 66234 1:0 47391
46361 66232 1:0 47401
46381 66202 1:0 47514
46394 66201 1:0 47522
46476 66200 1:0 47521
46477 66199 1:0 47532
46486 68071 1:0 49133
46486 342 1:0 48862
46492 68072 1:0 49134
47712 69083 21:0 47720
47719 69084 0:0 47720
47719 69085 21:0 47786
47784 69086 0:0 47786
47788 69116 21:0 47796
47795 69117 0:0 47796
47795 69118 21:0 47862
47860 69119 0:0 47862
47864 69149 21:0 47872
47871 69151 0:0 47872
47871 69150 21:0 47938
47936 69152 0:0 47938
47940 69182 21:0 47948
47947 69183 0:0 47948
47947 69184 21:0 48014
48012 69185 0:0 48014
48016 69215 21:0 48024
48023 69216 0:0 48024
48023 69217 21:0 48090
48088 69218 0:0 48090
48092 69248 21:0 48100
48099 69249 0:0 48100
48099 69250 0:0 48100
48100 69251 21:0 48166
48168 69281 21:0 48176
48175 69282 0:0 48176
48175 69283 21:0 48242
48240 69284 0:0 48242
48244 69314 21:0 48252
48251 69316 0:0 48252
48251 69315 21:0 48318
48316 69317 0:0 48318
48320 69347 21:0 48328
48327 69348 0:0 48328
48327 69349 21:0 48394
48392 69350 0:0 48394
48396 69380 0:0 48399
48401 69382 21:0 48459
48403 69381 0:0 48404
48458 69383 0:0 48470
48472 69413 21:0 48480
48479 69414 0:0 48480
48479 69415 21:0 48546
48544 69416 0:0 48546
48548 69446 21:0 48556
48555 69448 21:0 48622
48624 69479 21:0 48632
48631 69481 21:0 48698
48705 69513 21:0 48763
48707 69514 0:0 48708
48776 69545 21:0 48784
48783 69547 21:0 48850
48874 68070 1:0 49144
48875 68040 1:0 49257
48884 68038 1:0 49264
48884 68039 1:0 49265
48892 68037 1:0 49275
48903 342 21:0 48917
48911 68007 1:0 49388
49005 68005 1:0 49395
49006 68006 1:0 49396
49006 68004 1:0 49406
49015 67974 1:0 49519
49015 67973 1:0 49527
49023 67972 1:0 49526
49042 67971 1:0 49537
49136 67941 1:0 49650
49137 67939 1:0 49657
49146 67940 1:0 49658
49146 67938 1:0 49668
49152 67908 1:0 49781
49156 67907 1:0 49789
49173 67906 1:0 49788
49267 67905 1:0 49799
49268 67875 1:0 49912
49277 67873 1:0 49919
49277 67874 1:0 49920
49283 67872 1:0 49930
49287 67842 1:0 50043
49316 67841 1:0 50051
49398 67840 1:0 50050
49399 67839 1:0 50061
49408 67809 1:0 50174
49408 67807 1:0 50181
49414 67808 1:0 50182
49419 67806 1:0 50192
49447 67776 1:0 50305
49529 67774 1:0 50312
49530 67775 1:0 50313
49539 67773 1:0 50323
49539 67743 1:0 50436
49545 67742 1:0 50444
49550 67741 1:0 50443
49578 67740 1:0 50454
49660 67710 1:0 50567
49661 67709 1:0 50575
49670 67708 1:0 50574
49670 67707 1:0 50585
49676 67677 1:0 50698
49696 67675 1:0 50705
49709 67676 1:0 50706
49791 67674 1:0 50716
49792 67644 1:0 50829
49801 67642 1:0 50836
49801 67643 1:0 50837
49809 67641 1:0 50847
49811 343 1:0 52177
51027 70525 21:0 51035
51034 70526 0:0 51035
51034 70527 21:0 51101
51099 70528 0:0 51101
51103 70558 21:0 51111
51110 70559 0:0 51111
51110 70560 21:0 51177
51175 70561 0:0 51177
51179 70591 21:0 51187
51186 70592 0:0 51187
51186 70593 21:0 51253
51251 70594 0:0 51253
51255 70624 21:0 51263
51262 70625 0:0 51263
51262 70626 21:0 51329
51327 70627 0:0 51329
51331 70657 21:0 51339
51338 70658 0:0 51339
51338 70659 21:0 51405
51403 70660 0:0 51405
51407 70690 21:0 51415
51414 70692 0:0 51415
51414 70691 21:0 51481
51479 70693 0:0 51481
51483 70723 21:0 51491
51490 70725 0:0 51491
51490 70724 21:0 51557
51555 70726 0:0 51557
51559 70756 21:0 51567
51566 70757 0:0 51567
51566 70758 21:0 51633
51631 70759 0:0 51633
51635 70789 21:0 51643
51642 70791 0:0 51643
51642 70790 0:0 51643
51643 70792 21:0 51709
51711 70822 21:0 51719
51718 70823 0:0 51719
51718 70824 21:0 51785
51783 70825 0:0 51785
51787 70855 21:0 51795
51794 70856 0:0 51795
51794 70857 0:0 51795
51795 70858 21:0 51861
51863 70888 0:0 51866
51868 70889 21:0 51926
51870 70890 0:0 51871
51925 70891 0:0 51937
51939 70921 21:0 51947
51946 70923 0:0 51947
51946 70922 0:0 51947
51947 70924 21:0 52013
52015 70954 21:0 52023
52189 69547 1:0 52318
52190 69545 1:0 52328
52199 69513 1:0 52448
52199 69514 1:0 52449
52207 69481 1:0 52580
52218 343 21:0 52232
52226 69479 1:0 52590
52320 69448 1:0 52711
52321 69446 1:0 52721
52321 69416 1:0 52834
52330 69414 1:0 52841
52330 69415 1:0 52842
52338 69413 1:0 52852
52357 69383 1:0 52965
52451 69382 1:0 52973
52452 69381 1:0 52972
52461 69380 1:0 52983
52461 69350 1:0 53096
52467 69349 1:0 53104
52471 69348 1:0 53103
52488 69347 1:0 53114
52582 69317 1:0 53227
52583 69315 1:0 53234
52592 69316 1:0 53235
52592 69314 1:0 53245
52598 69284 1:0 53358
52602 69283 1:0 53366
52631 69282 1:0 53365
52713 69281 1:0 53376
52714 69251 1:0 53489
52723 69249 1:0 53496
52723 69250 1:0 53497
52729 69248 1:0 53507
52734 69218 1:0 53620
52762 69217 1:0 53628
52844 69216 1:0 53627
52845 69215 1:0 53638
52854 69185 1:0 53751
52854 69184 1:0 53759
52860 69183 1:0 53758
52865 69182 1:0 53769
52893 69152 1:0 53882
52975 69150 1:0 53889
52976 69151 1:0 53890
52985 69149 1:0 53900
52985 69119 1:0 54013
52991 69118 1:0 54021
53011 69117 1:0 54020
53024 69116 1:0 54031
53106 69086 1:0 54144
53107 69085 1:0 54152
53116 69084 1:0 54151
53116 69083 1:0 54162
53122 344 1:0 55492
53126 70954 1:0 55774
54342 71967 21:0 54350
54349 71968 0:0 54350
54349 71969 21:0 54416
54414 71970 0:0 54416
54418 72000 21:0 54426
54425 72001 0:0 54426
54425 72002 21:0 54492
54490 72003 0:0 54492
54494 72033 21:0 54502
54501 72035 0:0 54502
54501 72034 21:0 54568
54566 72036 0:0 54568
54570 72066 21:0 54578
54577 72067 0:0 54578
54577 72068 21:0 54644
54642 72069 0:0 54644
54646 72099 21:0 54654
54653 72101 0:0 54654
54653 72100 21:0 54720
54718 72102 0:0 54720
54722 72132 21:0 54730
54729 72133 0:0 54730
54729 72134 21:0 54796
54794 72135 0:0 54796
54798 72165 21:0 54806
54805 72166 0:0 54806
54805 72167 0:0 54806
54806 72168 21:0 54872
54874 72198 21:0 54882
54881 72200 0:0 54882
54881 72199 21:0 54948
54946 72201 0:0 54948
54950 72231 0:0 54953
54955 72232 21:0 55013
54957 72233 0:0 54958
55012 72234 0:0 55024
55026 72264 21:0 55034
55033 72265 0:0 55034
55033 72266 21:0 55100
55098 72267 0:0 55100
55102 72297 21:0 55110
55109 72298 0:0 55110
55109 72299 21:0 55176
55174 72300 0:0 55176
55178 72330 0:0 55181
55183 72331 21:0 55241
55240 72333 0:0 55252
55254 72363 21:0 55262
55259 72364 0:0 55262
55259 72365 0:0 55262
55262 72366 21:0 55328
55330 72396 21:0 55338
55337 72398 21:0 55404
55504 70924 1:0 55887
55505 70923 1:0 55895
55514 70922 1:0 55894
55514 70921 1:0 55905
55522 70891 1:0 56018
55533 344 21:0 55547
55541 70889 1:0 56025
55635 70890 1:0 56026
55636 70888 1:0 56036
55636 70858 1:0 56149
55645 70856 1:0 56156
55645 70857 1:0 56157
55653 70855 1:0 56167
55672 70825 1:0 56280
55766 70824 1:0 56288
55767 70823 1:0 56287
55776 70822 1:0 56298
55776 70792 1:0 56411
55782 70790 1:0 56418
55786 70791 1:0 56419
55803 70789 1:0 56429
55897 70759 1:0 56542
55898 70758 1:0 56550
55907 70757 1:0 56549
55907 70756 1:0 56560
55913 70726 1:0 56673
55917 70724 1:0 56680
55946 70725 1:0 56681
56028 70723 1:0 56691
56029 70693 1:0 56804
56038 70691 1:0 56811
56038 70692 1:0 56812
56044 70690 1:0 56822
56049 70660 1:0 56935
56077 70659 1:0 56943
56159 70658 1:0 56942
56160 70657 1:0 56953
56169 70627 1:0 57066
56169 70626 1:0 57074
56175 70625 1:0 57073
56180 70624 1:0 57084
56208 70594 1:0 57197
56290 70593 1:0 57205
56291 70592 1:0 57204
56300 70591 1:0 57215
56300 70561 1:0 57328
56306 70560 1:0 57336
56326 70559 1:0 57335
56339 70558 1:0 57346
56421 70528 1:0 57459
56422 70527 1:0 57467
56431 70526 1:0 57466
56431 70525 1:0 57477
56437 345 1:0 58807
57657 73409 21:0 57665
57664 73411 0:0 57665
57664 73410 21:0 57731
57729 73412 0:0 57731
57733 73442 21:0 57741
57740 73444 0:0 57741
57740 73443 21:0 57807
57805 73445 0:0 57807
57809 73475 21:0 57817
57816 73476 0:0 57817
57816 73477 21:0 57883
57881 73478 0:0 57883
57885 73508 21:0 57893
57892 73510 0:0 57893
57892 73509 21:0 57959
57957 73511 0:0 57959
57961 73541 21:0 57969
57968 73542 0:0 57969
57968 73543 21:0 58035
58033 73544 0:0 58035
58037 73574 21:0 58045
58044 73576 0:0 58045
58044 73575 21:0 58111
58109 73577 0:0 58111
58113 73607 21:0 58121
58120 73608 0:0 58121
58120 73609 21:0 58187
58185 73610 0:0 58187
58189 73640 21:0 58197
58196 73641 0:0 58197
58196 73642 0:0 58197
58197 73643 21:0 58263
58265 73673 21:0 58273
58272 73674 0:0 58273
58272 73675 0:0 58273
58273 73676 21:0 58339
58341 73706 21:0 58349
58348 73707 0:0 58349
58348 73708 21:0 58415
58413 73709 0:0 58415
58417 73739 0:0 58420
58422 73740 21:0 58480
58424 73741 0:0 58425
58479 73742 0:0 58491
58493 73772 0:0 58496
58498 73773 21:0 58556
58500 73774 0:0 58501
58555 73775 0:0 58567
58569 73805 0:0 58572
58574 73807 21:0 58632
58576 73806 0:0 58577
58631 73808 0:0 58643
58819 72398 1:0 59079
58820 72396 1:0 59089
58829 72366 1:0 59202
58829 72364 1:0 59209
58837 72365 1:0 59210
58848 345 21:0 58862
58856 72363 1:0 59220
58950 72333 1:0 59333
58951 72331 1:0 59340
58951 72330 1:0 59351
58960 72300 1:0 59464
58960 72299 1:0 59472
58968 72298 1:0 59471
58987 72297 1:0 59482
59081 72267 1:0 59595
59082 72266 1:0 59603
59091 72265 1:0 59602
59091 72264 1:0 59613
59097 72234 1:0 59726
59101 72232 1:0 59733
59118 72233 1:0 59734
59212 72231 1:0 59744
59213 72201 1:0 59857
59222 72199 1:0 59864
59222 72200 1:0 59865
59228 72198 1:0 59875
59232 72168 1:0 59988
59261 72166 1:0 59995
59343 72167 1:0 59996
59344 72165 1:0 60006
59353 72135 1:0 60119
59353 72134 1:0 60127
59359 72133 1:0 60126
59364 72132 1:0 60137
59392 72102 1:0 60250
59474 72100 1:0 60257
59475 72101 1:0 60258
59484 72099 1:0 60268
59484 72069 1:0 60381
59490 72068 1:0 60389
59495 72067 1:0 60388
59523 72066 1:0 60399
59605 72036 1:0 60512
59606 72034 1:0 60519
59615 72035 1:0 60520
59615 72033 1:0 60530
59621 72003 1:0 60643
59641 72002 1:0 60651
59654 72001 1:0 60650
59736 72000 1:0 60661
59737 71970 1:0 60774
59746 71968 1:0 60781
59746 71969 1:0 60782
59754 71967 1:0 60792
59756 346 1:0 62122
60972 74851 21:0 60980
60979 74853 0:0 60980
60979 74852 21:0 61046
61044 74854 0:0 61046
61048 74884 21:0 61056
61055 74885 0:0 61056
61055 74886 21:0 61122
61120 74887 0:0 61122
61124 74917 21:0 61132
61131 74919 0:0 61132
61131 74918 21:0 61198
61196 74920 0:0 61198
61200 74950 21:0 61208
61207 74952 0:0 61208
61207 74951 21:0 61274
61272 74953 0:0 61274
61276 74983 21:0 61284
61283 74984 0:0 61284
61283 74985 21:0 61350
61348 74986 0:0 61350
61352 75016 21:0 61360
61359 75018 0:0 61360
61359 75017 0:0 61360
61360 75019 21:0 61426
61428 75049 21:0 61436
61435 75050 0:0 61436
61435 75051 21:0 61502
61500 75052 0:0 61502
61504 75082 21:0 61512
61511 75084 0:0 61512
61511 75083 21:0 61578
61576 75085 0:0 61578
61580 75115 21:0 61588
61587 75116 0:0 61588
61587 75117 0:0 61588
61588 75118 21:0 61654
61656 75148 0:0 61659
61661 75149 21:0 61719
61663 75150 0:0 61664
61718 75151 0:0 61730
61732 75181 0:0 61735
61737 75183 21:0 61795
61739 75182 0:0 61740
61794 75184 0:0 61806
61808 75214 21:0 61816
61815 75216 0:0 61816
61815 75215 21:0 61882
61884 75247 21:0 61892
61891 75248 0:0 61892
61891 75249 21:0 61958
61956 75250 0:0 61958
61965 75281 0:0 61968
61968 75283 21:0 62034
62134 73808 1:0 62517
62135 73807 1:0 62525
62144 73806 1:0 62524
62144 73805 1:0 62535
62152 73775 1:0 62648
62163 346 21:0 62177
62171 73773 1:0 62655
62265 73774 1:0 62656
62266 73772 1:0 62666
62266 73742 1:0 62779
62275 73740 1:0 62786
62275 73741 1:0 62787
62283 73739 1:0 62797
62302 73709 1:0 62910
62396 73708 1:0 62918
62397 73707 1:0 62917
62406 73706 1:0 62928
62406 73676 1:0 63041
62412 73674 1:0 63048
62416 73675 1:0 63049
62433 73673 1:0 63059
62527 73643 1:0 63172
62528 73642 1:0 63180
62537 73641 1:0 63179
62537 73640 1:0 63190
62543 73610 1:0 63303
62547 73609 1:0 63311
62576 73608 1:0 63310
62658 73607 1:0 63321
62659 73577 1:0 63434
62668 73575 1:0 63441
62668 73576 1:0 63442
62674 73574 1:0 63452
62679 73544 1:0 63565
62707 73543 1:0 63573
62789 73542 1:0 63572
62790 73541 1:0 63583
62799 73511 1:0 63696
62799 73509 1:0 63703
62805 73510 1:0 63704
62810 73508 1:0 63714
62838 73478 1:0 63827
62920 73477 1:0 63835
62921 73476 1:0 63834
62930 73475 1:0 63845
62930 73445 1:0 63958
62936 73443 1:0 63965
62956 73444 1:0 63966
62969 73442 1:0 63976
63051 73412 1:0 64089
63052 73410 1:0 64096
63061 73411 1:0 64097
63061 73409 1:0 64107
63067 347 1:0 65437
63071 75283 1:0 65701
63088 75281 1:0 65708
63182 75250 1:0 65832
63183 75249 1:0 65840
64287 76293 21:0 64295
64294 76295 0:0 64295
64294 76294 21:0 64361
64359 76296 0:0 64361
64363 76326 21:0 64371
64370 76328 0:0 64371
64370 76327 21:0 64437
64435 76329 0:0 64437
64439 76359 21:0 64447
64446 76361 0:0 64447
64446 76360 21:0 64513
64511 76362 0:0 64513
64515 76392 21:0 64523
64522 76394 0:0 64523
64522 76393 21:0 64589
64587 76395 0:0 64589
64591 76425 21:0 64599
64598 76426 0:0 64599
64598 76427 21:0 64665
64663 76428 0:0 64665
64667 76458 21:0 64675
64674 76460 0:0 64675
64674 76459 21:0 64741
64739 76461 0:0 64741
64743 76491 21:0 64751
64750 76492 0:0 64751
64750 76493 21:0 64817
64815 76494 0:0 64817
64819 76524 21:0 64827
64826 76525 0:0 64827
64826 76526 0:0 64827
64827 76527 21:0 64893
64895 76557 21:0 64903
64902 76558 0:0 64903
64902 76559 21:0 64969
64967 76560 0:0 64969
64971 76590 0:0 64974
64976 76592 21:0 65034
64978 76591 0:0 64979
65033 76593 0:0 65045
65047 76623 0:0 65050
65052 76624 21:0 65110
65054 76625 0:0 65055
65109 76626 0:0 65121
65123 76656 21:0 65131
65130 76658 0:0 65131
65130 76657 21:0 65197
65195 76659 0:0 65197
65199 76689 0:0 65202
65204 76690 21:0 65262
65206 76691 0:0 65207
65261 76692 0:0 65273
65275 76722 0:0 65278
65280 76723 21:0 65338
65282 76724 0:0 65283
65337 76725 0:0 65349
65449 75248 1:0 65839
65450 75247 1:0 65850
65459 75215 1:0 65970
65459 75216 1:0 65971
65467 75214 1:0 65981
65478 347 21:0 65492
65486 75184 1:0 66094
65580 75183 1:0 66102
65581 75182 1:0 66101
65581 75181 1:0 66112
65590 75151 1:0 66225
65590 75149 1:0 66232
65598 75150 1:0 66233
65617 75148 1:0 66243
65711 75118 1:0 66356
65712 75116 1:0 66363
65721 75117 1:0 66364
65721 75115 1:0 66374
65727 75085 1:0 66487
65731 75083 1:0 66494
65748 75084 1:0 66495
65842 75082 1:0 66505
65843 75052 1:0 66618
65852 75050 1:0 66625
65852 75051 1:0 66626
65858 75049 1:0 66636
65862 75019 1:0 66749
65891 75017 1:0 66756
65973 75018 1:0 66757
65974 75016 1:0 66767
65983 74986 1:0 66880
65983 74985 1:0 66888
65989 74984 1:0 66887
65994 74983 1:0 66898
66022 74953 1:0 67011
66104 74951 1:0 67018
66105 74952 1:0 67019
66114 74950 1:0 67029
66114 74920 1:0 67142
66120 74918 1:0 67149
66125 74919 1:0 67150
66153 74917 1:0 67160
66235 74887 1:0 67273
66236 74886 1:0 67281
66245 74885 1:0 67280
66245 74884 1:0 67291
66251 74854 1:0 67404
66271 74852 1:0 67411
66284 74853 1:0 67412
66366 74851 1:0 67422
66367 348 1:0 68752
67602 77735 21:0 67610
67609 77737 0:0 67610
67609 77736 21:0 67676
67674 77738 0:0 67676
67678 77768 21:0 67686
67685 77769 0:0 67686
67685 77770 21:0 67752
67750 77771 0:0 67752
67754 77801 21:0 67762
67761 77802 0:0 67762
67761 77803 21:0 67828
67826 77804 0:0 67828
67830 77834 21:0 67838
67837 77836 0:0 67838
67837 77835 21:0 67904
67902 77837 0:0 67904
67906 77867 21:0 67914
67913 77869 0:0 67914
67913 77868 21:0 67980
67978 77870 0:0 67980
67982 77900 21:0 67990
67989 77902 0:0 67990
67989 77901 21:0 68056
68054 77903 0:0 68056
68058 77933 21:0 68066
68065 77934 0:0 68066
68065 77935 21:0 68132
68130 77936 0:0 68132
68134 77966 21:0 68142
68141 77967 0:0 68142
68141 77968 21:0 68208
68206 77969 0:0 68208
68210 77999 0:0 68213
68215 78001 21:0 68273
68217 78000 0:0 68218
68272 78002 0:0 68284
68286 78032 21:0 68294
68293 78033 0:0 68294
68293 78034 21:0 68360
68358 78035 0:0 68360
68362 78065 21:0 68370
68369 78066 0:0 68370
68369 78067 0:0 68370
68370 78068 21:0 68436
68438 78098 21:0 68446
68445 78100 0:0 68446
68445 78099 21:0 68512
68522 78134 21:0 68588
68671 78198 21:0 68729
68764 76725 1:0 69016
68765 76723 1:0 69023
68774 76724 1:0 69024
68774 76722 1:0 69034
68782 76692 1:0 69147
68793 348 21:0 68807
68801 76690 1:0 69154
68895 76691 1:0 69155
68896 76689 1:0 69165
68896 76659 1:0 69278
68905 76657 1:0 69285
68905 76658 1:0 69286
68913 76656 1:0 69296
68932 76626 1:0 69409
69026 76624 1:0 69416
69027 76625 1:0 69417
69036 76623 1:0 69427
69036 76593 1:0 69540
69042 76592 1:0 69548
69046 76591 1:0 69547
69063 76590 1:0 69558
69157 76560 1:0 69671
69158 76559 1:0 69679
69167 76558 1:0 69678
69167 76557 1:0 69689
69173 76527 1:0 69802
69177 76526 1:0 69810
69206 76525 1:0 69809
69288 76524 1:0 69820
69289 76494 1:0 69933
69298 76492 1:0 69940
69298 76493 1:0 69941
69304 76491 1:0 69951
69309 76461 1:0 70064
69337 76459 1:0 70071
69419 76460 1:0 70072
69420 76458 1:0 70082
69429 76428 1:0 70195
69429 76427 1:0 70203
69435 76426 1:0 70202
69440 76425 1:0 70213
69468 76395 1:0 70326
69550 76393 1:0 70333
69551 76394 1:0 70334
69560 76392 1:0 70344
69560 76362 1:0 70457
69566 76360 1:0 70464
69586 76361 1:0 70465
69599 76359 1:0 70475
69681 76329 1:0 70588
69682 76327 1:0 70595
69691 76328 1:0 70596
69691 76326 1:0 70606
69699 76296 1:0 70719
69717 76294 1:0 70726
69718 349 1:0 72067
69812 76295 1:0 70727
69813 76293 1:0 70737
70917 79177 21:0 70925
70924 79179 0:0 70925
70924 79178 21:0 70991
70989 79180 0:0 70991
70993 79210 21:0 71001
71000 79212 0:0 71001
71000 79211 21:0 71067
71065 79213 0:0 71067
71069 79243 21:0 71077
71076 79245 0:0 71077
71076 79244 21:0 71143
71141 79246 0:0 71143
71145 79276 21:0 71153
71152 79277 0:0 71153
71152 79278 21:0 71219
71217 79279 0:0 71219
71221 79309 21:0 71229
71228 79310 0:0 71229
71228 79311 0:0 71229
71229 79312 21:0 71295
71297 79342 21:0 71305
71304 79343 0:0 71305
71304 79344 0:0 71305
71305 79345 21:0 71371
71373 79375 21:0 71381
71380 79377 0:0 71381
71380 79376 21:0 71447
71445 79378 0:0 71447
71449 79408 21:0 71457
71456 79409 0:0 71457
71456 79410 0:0 71457
71457 79411 21:0 71523
71525 79441 21:0 71533
71532 79442 0:0 71533
71532 79443 0:0 71533
71533 79444 21:0 71599
71601 79474 21:0 71609
71608 79475 0:0 71609
71608 79476 0:0 71609
71609 79477 21:0 71675
71677 79507 21:0 71685
71684 79508 0:0 71685
71684 79509 0:0 71685
71685 79510 21:0 71751
71753 79540 0:0 71756
71758 79542 21:0 71816
71760 79541 0:0 71761
71815 79543 0:0 71827
71829 79573 0:0 71832
71834 79575 21:0 71892
71836 79574 0:0 71837
71891 79576 0:0 71903
71905 79606 0:0 71908
71910 79608 21:0 71968
71912 79607 0:0 71913
71967 79609 0:0 71979
72079 78198 1:0 72207
72080 78134 1:0 72462
72089 78099 1:0 72600
72089 78100 1:0 72601
72097 78098 1:0 72611
72108 349 21:0 72122
72116 78068 1:0 72724
72210 78067 1:0 72732
72211 78066 1:0 72731
72211 78065 1:0 72742
72220 78035 1:0 72855
72220 78034 1:0 72863
72228 78033 1:0 72862
72247 78032 1:0 72873
72341 78002 1:0 72986
72342 78001 1:0 72994
72351 78000 1:0 72993
72351 77999 1:0 73004
72357 77969 1:0 73117
72361 77968 1:0 73125
72378 77967 1:0 73124
72472 77966 1:0 73135
72473 77936 1:0 73248
72482 77934 1:0 73255
72482 77935 1:0 73256
72488 77933 1:0 73266
72492 77903 1:0 73379
72521 77901 1:0 73386
72603 77902 1:0 73387
72604 77900 1:0 73397
72613 77870 1:0 73510
72613 77868 1:0 73517
72619 77869 1:0 73518
72624 77867 1:0 73528
72652 77837 1:0 73641
72734 77835 1:0 73648
72735 77836 1:0 73649
72744 77834 1:0 73659
72744 77804 1:0 73772
72750 77803 1:0 73780
72755 77802 1:0 73779
72783 77801 1:0 73790
72865 77771 1:0 73903
72866 77770 1:0 73911
72875 77769 1:0 73910
72875 77768 1:0 73921
72881 77738 1:0 74034
72901 77736 1:0 74041
72914 77737 1:0 74042
72996 77735 1:0 74052
72997 350 1:0 75382
74232 80619 21:0 74240
74239 80621 0:0 74240
74239 80620 21:0 74306
74304 80622 0:0 74306
74308 80652 21:0 74316
74315 80653 0:0 74316
74315 80654 21:0 74382
74380 80655 0:0 74382
74384 80685 21:0 74392
74391 80687 0:0 74392
74391 80686 21:0 74458
74456 80688 0:0 74458
74460 80718 21:0 74468
74467 80719 0:0 74468
74467 80720 21:0 74534
74532 80721 0:0 74534
74536 80751 21:0 74544
74543 80752 0:0 74544
74543 80753 21:0 74610
74608 80754 0:0 74610
74612 80784 21:0 74620
74619 80786 0:0 74620
74619 80785 21:0 74686
74684 80787 0:0 74686
74688 80817 21:0 74696
74695 80819 0:0 74696
74695 80818 21:0 74762
74760 80820 0:0 74762
74764 80850 21:0 74772
74771 80851 0:0 74772
74771 80852 0:0 74772
74772 80853 21:0 74838
74840 80883 0:0 74843
74845 80885 21:0 74903
74847 80884 0:0 74848
74902 80886 0:0 74914
74916 80916 0:0 74919
74921 80918 21:0 74979
74923 80917 0:0 74924
74978 80919 0:0 74990
74992 80949 21:0 75000
74997 80950 0:0 75000
74999 80951 0:0 75000
75000 80952 21:0 75066
75068 80982 0:0 75071
75073 80984 21:0 75131
75075 80983 0:0 75076
75130 80985 0:0 75142
75225 81049 21:0 75283
75394 79609 1:0 75646
75395 79608 1:0 75654
75404 79607 1:0 75653
75404 79606 1:0 75664
75412 79576 1:0 75777
75423 350 21:0 75437
75431 79575 1:0 75785
75525 79574 1:0 75784
75526 79573 1:0 75795
75526 79543 1:0 75908
75535 79541 1:0 75915
75535 79542 1:0 75916
75543 79540 1:0 75926
75562 79510 1:0 76039
75656 79509 1:0 76047
75657 79508 1:0 76046
75666 79507 1:0 76057
75666 79477 1:0 76170
75672 79475 1:0 76177
75676 79476 1:0 76178
75693 79474 1:0 76188
75787 79444 1:0 76301
75788 79443 1:0 76309
75797 79442 1:0 76308
75797 79441 1:0 76319
75803 79411 1:0 76432
75807 79410 1:0 76440
75836 79409 1:0 76439
75918 79408 1:0 76450
75919 79378 1:0 76563
75928 79376 1:0 76570
75928 79377 1:0 76571
75934 79375 1:0 76581
75939 79345 1:0 76694
75967 79344 1:0 76702
76049 79343 1:0 76701
76050 79342 1:0 76712
76059 79312 1:0 76825
76059 79310 1:0 76832
76065 79311 1:0 76833
76070 79309 1:0 76843
76098 79279 1:0 76956
76180 79278 1:0 76964
76181 79277 1:0 76963
76190 79276 1:0 76974
76190 79246 1:0 77087
76196 79244 1:0 77094
76216 79245 1:0 77095
76229 79243 1:0 77105
76311 79213 1:0 77218
76312 79211 1:0 77225
76321 79212 1:0 77226
76321 79210 1:0 77236
76329 79180 1:0 77349
76347 79178 1:0 77356
76348 351 1:0 78697
76442 79179 1:0 77357
76443 79177 1:0 77367
76452 81049 1:0 78968
77547 82061 21:0 77555
77554 82062 0:0 77555
77554 82063 21:0 77621
77619 82064 0:0 77621
77623 82094 21:0 77631
77630 82095 0:0 77631
77630 82096 21:0 77697
77695 82097 0:0 77697
77699 82127 21:0 77707
77706 82128 0:0 77707
77706 82129 21:0 77773
77771 82130 0:0 77773
77775 82160 21:0 77783
77782 82162 0:0 77783
77782 82161 0:0 77783
77783 82163 21:0 77849
77851 82193 21:0 77859
77858 82194 0:0 77859
77858 82195 21:0 77925
77923 82196 0:0 77925
77927 82226 21:0 77935
77934 82227 0:0 77935
77934 82228 21:0 78001
77999 82229 0:0 78001
78003 82259 21:0 78011
78010 82261 0:0 78011
78010 82260 0:0 78011
78011 82262 21:0 78077
78079 82292 21:0 78087
78086 82293 0:0 78087
78086 82294 0:0 78087
78087 82295 21:0 78153
78155 82325 0:0 78158
78160 82327 21:0 78218
78162 82326 0:0 78163
78217 82328 0:0 78229
78231 82358 0:0 78234
78236 82359 21:0 78294
78238 82360 0:0 78239
78293 82361 0:0 78305
78307 82391 21:0 78315
78314 82393 0:0 78315
78314 82392 0:0 78315
78315 82394 21:0 78381
78383 82424 21:0 78391
78390 82426 0:0 78391
78390 82425 0:0 78391
78391 82427 21:0 78457
78459 82457 0:0 78462
78464 82459 21:0 78522
78466 82458 0:0 78467
78521 82460 0:0 78533
78535 82490 0:0 78538
78540 82491 21:0 78598
78542 82492 0:0 78543
78597 82493 0:0 78609
78611 82523 21:0 78619
78709 80985 1:0 79223
78710 80984 1:0 79231
78719 80983 1:0 79230
78719 80982 1:0 79241
78727 80952 1:0 79354
78738 351 21:0 78752
78746 80950 1:0 79361
78840 80951 1:0 79362
78841 80949 1:0 79372
78841 80919 1:0 79485
78850 80917 1:0 79492
78850 80918 1:0 79493
78858 80916 1:0 79503
78877 80886 1:0 79616
78971 80885 1:0 79624
78972 80884 1:0 79623
78981 80883 1:0 79634
78981 80853 1:0 79747
78987 80852 1:0 79755
78991 80851 1:0 79754
79008 80850 1:0 79765
79102 80820 1:0 79878
79103 80818 1:0 79885
79112 80819 1:0 79886
79112 80817 1:0 79896
79118 80787 1:0 80009
79122 80785 1:0 80016
79151 80786 1:0 80017
79233 80784 1:0 80027
79234 80754 1:0 80140
79243 80752 1:0 80147
79243 80753 1:0 80148
79249 80751 1:0 80158
79254 80721 1:0 80271
79282 80720 1:0 80279
79364 80719 1:0 80278
79365 80718 1:0 80289
79374 80688 1:0 80402
79374 80686 1:0 80409
79380 80687 1:0 80410
79385 80685 1:0 80420
79413 80655 1:0 80533
79495 80654 1:0 80541
79496 80653 1:0 80540
79505 80652 1:0 80551
79505 80622 1:0 80664
79511 80620 1:0 80671
79531 80621 1:0 80672
79544 80619 1:0 80682
79626 352 1:0 82012
79627 82523 1:0 82163
79636 82493 1:0 82276
79636 82491 1:0 82283
79642 82492 1:0 82284
80862 83503 21:0 80870
80869 83505 0:0 80870
80869 83504 21:0 80936
80934 83506 0:0 80936
80938 83536 21:0 80946
80945 83537 0:0 80946
80945 83538 21:0 81012
81010 83539 0:0 81012
81014 83569 21:0 81022
81021 83570 0:0 81022
81021 83571 21:0 81088
81086 83572 0:0 81088
81090 83602 21:0 81098
81097 83604 0:0 81098
81097 83603 21:0 81164
81162 83605 0:0 81164
81166 83635 21:0 81174
81173 83636 0:0 81174
81173 83637 0:0 81174
81174 83638 21:0 81240
81242 83668 21:0 81250
81249 83669 0:0 81250
81249 83670 21:0 81316
81314 83671 0:0 81316
81318 83701 21:0 81326
81325 83703 0:0 81326
81325 83702 21:0 81392
81390 83704 0:0 81392
81394 83734 21:0 81402
81401 83735 0:0 81402
81401 83736 21:0 81468
81466 83737 0:0 81468
81470 83767 0:0 81473
81475 83768 21:0 81533
81477 83769 0:0 81478
81532 83770 0:0 81544
81546 83800 21:0 81554
81553 83801 0:0 81554
81553 83802 0:0 81554
81554 83803 21:0 81620
81622 83833 0:0 81625
81627 83834 21:0 81685
81629 83835 0:0 81630
81684 83836 0:0 81696
81698 83866 0:0 81701
81703 83868 21:0 81761
81705 83867 0:0 81706
81760 83869 0:0 81772
81779 83900 21:0 81837
81850 83932 21:0 81858
81857 83933 21:0 81924
81926 83965 21:0 81934
82024 82490 1:0 82294
82025 82460 1:0 82407
82034 82458 1:0 82414
82034 82459 1:0 82415
82042 82457 1:0 82425
82053 352 21:0 82067
82061 82427 1:0 82538
82155 82425 1:0 82545
82156 82426 1:0 82546
82156 82424 1:0 82556
82165 82394 1:0 82669
82165 82392 1:0 82676
82173 82393 1:0 82677
82192 82391 1:0 82687
82286 82361 1:0 82800
82287 82359 1:0 82807
82296 82360 1:0 82808
82296 82358 1:0 82818
82302 82328 1:0 82931
82306 82327 1:0 82939
82323 82326 1:0 82938
82417 82325 1:0 82949
82418 82295 1:0 83062
82427 82293 1:0 83069
82427 82294 1:0 83070
82433 82292 1:0 83080
82437 82262 1:0 83193
82466 82260 1:0 83200
82548 82261 1:0 83201
82549 82259 1:0 83211
82558 82229 1:0 83324
82558 82228 1:0 83332
82564 82227 1:0 83331
82569 82226 1:0 83342
82597 82196 1:0 83455
82679 82195 1:0 83463
82680 82194 1:0 83462
82689 82193 1:0 83473
82689 82163 1:0 83586
82695 82162 1:0 83594
82700 82161 1:0 83593
82728 82160 1:0 83604
82810 82130 1:0 83717
82811 82129 1:0 83725
82820 82128 1:0 83724
82820 82127 1:0 83735
82826 82097 1:0 83848
82846 82096 1:0 83856
82859 82095 1:0 83855
82941 82094 1:0 83866
82942 82064 1:0 83979
82951 82062 1:0 83986
82951 82063 1:0 83987
82959 82061 1:0 83997
82961 353 1:0 85327
84177 84945 21:0 84185
84184 84946 0:0 84185
84184 84947 21:0 84251
84249 84948 0:0 84251
84253 84978 21:0 84261
84260 84979 0:0 84261
84260 84980 21:0 84327
84325 84981 0:0 84327
84329 85011 21:0 84337
84336 85012 0:0 84337
84336 85013 21:0 84403
84401 85014 0:0 84403
84405 85044 21:0 84413
84412 85046 0:0 84413
84412 85045 21:0 84479
84477 85047 0:0 84479
84481 85077 21:0 84489
84488 85078 0:0 84489
84488 85079 21:0 84555
84553 85080 0:0 84555
84557 85110 21:0 84565
84564 85112 0:0 84565
84564 85111 0:0 84565
84565 85113 21:0 84631
84633 85143 21:0 84641
84640 85144 0:0 84641
84640 85145 21:0 84707
84705 85146 0:0 84707
84709 85176 21:0 84717
84716 85178 0:0 84717
84716 85177 21:0 84783
84781 85179 0:0 84783
84785 85209 21:0 84793
84792 85211 0:0 84793
84792 85210 21:0 84859
84857 85212 0:0 84859
84861 85242 21:0 84869
84868 85244 0:0 84869
84868 85243 21:0 84935
84933 85245 0:0 84935
84937 85275 0:0 84940
84942 85277 21:0 85000
84944 85276 0:0 84945
84999 85278 0:0 85011
85013 85308 21:0 85021
85020 85310 0:0 85021
85020 85309 0:0 85021
85021 85311 21:0 85087
85089 85341 0:0 85092
85094 85342 21:0 85152
85096 85343 0:0 85097
85151 85344 0:0 85163
85165 85374 21:0 85173
85339 83965 1:0 85478
85340 83933 1:0 85598
85349 83932 1:0 85609
85349 83900 1:0 85729
85357 83869 1:0 85853
85368 353 21:0 85382
85376 83868 1:0 85861
85470 83867 1:0 85860
85471 83866 1:0 85871
85471 83836 1:0 85984
85480 83834 1:0 85991
85480 83835 1:0 85992
85488 83833 1:0 86002
85507 83803 1:0 86115
85601 83801 1:0 86122
85602 83802 1:0 86123
85611 83800 1:0 86133
85611 83770 1:0 86246
85617 83768 1:0 86253
85621 83769 1:0 86254
85638 83767 1:0 86264
85732 83737 1:0 86377
85733 83736 1:0 86385
85742 83735 1:0 86384
85742 83734 1:0 86395
85748 83704 1:0 86508
85752 83702 1:0 86515
85781 83703 1:0 86516
85863 83701 1:0 86526
85864 83671 1:0 86639
85873 83669 1:0 86646
85873 83670 1:0 86647
85879 83668 1:0 86657
85884 83638 1:0 86770
85912 83636 1:0 86777
85994 83637 1:0 86778
85995 83635 1:0 86788
86004 83605 1:0 86901
86004 83603 1:0 86908
86010 83604 1:0 86909
86015 83602 1:0 86919
86043 83572 1:0 87032
86125 83571 1:0 87040
86126 83570 1:0 87039
86135 83569 1:0 87050
86135 83539 1:0 87163
86141 83538 1:0 87171
86161 83537 1:0 87170
86174 83536 1:0 87181
86256 83506 1:0 87294
86257 83504 1:0 87301
86266 83505 1:0 87302
86266 83503 1:0 87312
86272 354 1:0 88642
86276 85374 1:0 88924
86293 85344 1:0 89037
87492 86387 21:0 87500
87499 86388 0:0 87500
87499 86389 21:0 87566
87564 86390 0:0 87566
87568 86420 21:0 87576
87575 86422 0:0 87576
87575 86421 21:0 87642
87640 86423 0:0 87642
87644 86453 21:0 87652
87651 86455 0:0 87652
87651 86454 21:0 87718
87716 86456 0:0 87718
87720 86486 21:0 87728
87727 86487 0:0 87728
87727 86488 21:0 87794
87792 86489 0:0 87794
87796 86519 21:0 87804
87803 86520 0:0 87804
87803 86521 21:0 87870
87868 86522 0:0 87870
87872 86552 21:0 87880
87879 86553 0:0 87880
87879 86554 21:0 87946
87944 86555 0:0 87946
87948 86585 21:0 87956
87955 86587 0:0 87956
87955 86586 21:0 88022
88020 86588 0:0 88022
88024 86618 21:0 88032
88031 86619 0:0 88032
88031 86620 0:0 88032
88032 86621 21:0 88098
88100 86651 0:0 88103
88105 86652 21:0 88163
88107 86653 0:0 88108
88162 86654 0:0 88174
88176 86684 21:0 88184
88183 86686 0:0 88184
88183 86685 21:0 88250
88248 86687 0:0 88250
88257 86719 21:0 88315
88259 86718 0:0 88260
88328 86750 21:0 88336
88404 86783 21:0 88412
88411 86784 0:0 88412
88411 86785 0:0 88412
88412 86786 21:0 88478
88480 86816 21:0 88488
88487 86817 0:0 88488
88487 86818 21:0 88554
88552 86819 0:0 88554
88556 86849 21:0 88564
88563 86851 0:0 88564
88563 86850 21:0 88630
88654 85342 1:0 89044
88655 85343 1:0 89045
88664 85341 1:0 89055
88664 85311 1:0 89168
88672 85309 1:0 89175
88683 354 21:0 88697
88691 85310 1:0 89176
88785 85308 1:0 89186
88786 85278 1:0 89299
88786 85277 1:0 89307
88795 85276 1:0 89306
88795 85275 1:0 89317
88803 85245 1:0 89430
88822 85243 1:0 89437
88916 85244 1:0 89438
88917 85242 1:0 89448
88926 85212 1:0 89561
88926 85210 1:0 89568
88932 85211 1:0 89569
88936 85209 1:0 89579
88953 85179 1:0 89692
89047 85177 1:0 89699
89048 85178 1:0 89700
89057 85176 1:0 89710
89057 85146 1:0 89823
89063 85145 1:0 89831
89067 85144 1:0 89830
89096 85143 1:0 89841
89178 85113 1:0 89954
89179 85112 1:0 89962
89188 85111 1:0 89961
89188 85110 1:0 89972
89194 85080 1:0 90085
89199 85079 1:0 90093
89227 85078 1:0 90092
89309 85077 1:0 90103
89310 85047 1:0 90216
89319 85045 1:0 90223
89319 85046 1:0 90224
89325 85044 1:0 90234
89330 85014 1:0 90347
89358 85013 1:0 90355
89440 85012 1:0 90354
89441 85011 1:0 90365
89450 84981 1:0 90478
89450 84980 1:0 90486
89456 84979 1:0 90485
89476 84978 1:0 90496
89489 84948 1:0 90609
89571 84947 1:0 90617
89572 84946 1:0 90616
89581 84945 1:0 90627
89581 355 1:0 91957
89587 86850 1:0 92097
89591 86851 1:0 92098
89608 86849 1:0 92108
90807 87829 21:0 90815
90814 87830 0:0 90815
90814 87831 21:0 90881
90879 87832 0:0 90881
90883 87862 21:0 90891
90890 87863 0:0 90891
90890 87864 21:0 90957
90955 87865 0:0 90957
90959 87895 21:0 90967
90966 87896 0:0 90967
90966 87897 21:0 91033
91031 87898 0:0 91033
91035 87928 21:0 91043
91042 87929 0:0 91043
91042 87930 21:0 91109
91107 87931 0:0 91109
91111 87961 21:0 91119
91118 87963 0:0 91119
91118 87962 21:0 91185
91183 87964 0:0 91185
91187 87994 21:0 91195
91194 87995 0:0 91195
91194 87996 21:0 91261
91259 87997 0:0 91261
91263 88027 21:0 91271
91270 88028 0:0 91271
91270 88029 21:0 91337
91335 88030 0:0 91337
91339 88060 21:0 91347
91346 88062 0:0 91347
91346 88061 21:0 91413
91411 88063 0:0 91413
91415 88093 0:0 91418
91420 88094 21:0 91478
91422 88095 0:0 91423
91477 88096 0:0 91489
91491 88126 21:0 91499
91496 88127 0:0 91499
91498 88128 0:0 91499
91499 88129 21:0 91565
91567 88159 21:0 91575
91574 88161 0:0 91575
91574 88160 21:0 91641
91639 88162 0:0 91641
91643 88192 0:0 91646
91648 88193 21:0 91706
91650 88194 0:0 91651
91705 88195 0:0 91717
91719 88225 21:0 91727
91726 88227 0:0 91727
91726 88226 21:0 91793
91791 88228 0:0 91793
91800 88260 21:0 91858
91802 88259 0:0 91803
91969 86819 1:0 92221
91970 86818 1:0 92229
91979 86817 1:0 92228
91979 86816 1:0 92239
91987 86786 1:0 92352
91998 355 21:0 92012
92006 86785 1:0 92360
92100 86784 1:0 92359
92101 86783 1:0 92370
92101 86750 1:0 92501
92110 86718 1:0 92621
92110 86719 1:0 92622
92118 86687 1:0 92745
92137 86685 1:0 92752
92231 86686 1:0 92753
92232 86684 1:0 92763
92241 86654 1:0 92876
92241 86652 1:0 92883
92247 86653 1:0 92884
92251 86651 1:0 92894
92268 86621 1:0 93007
92362 86620 1:0 93015
92363 86619 1:0 93014
92372 86618 1:0 93025
92372 86588 1:0 93138
92378 86586 1:0 93145
92382 86587 1:0 93146
92411 86585 1:0 93156
92493 86555 1:0 93269
92494 86554 1:0 93277
92503 86553 1:0 93276
92503 86552 1:0 93287
92509 86522 1:0 93400
92514 86521 1:0 93408
92542 86520 1:0 93407
92624 86519 1:0 93418
92625 86489 1:0 93531
92634 86487 1:0 93538
92634 86488 1:0 93539
92640 86486 1:0 93549
92645 86456 1:0 93662
92673 86454 1:0 93669
92755 86455 1:0 93670
92756 86453 1:0 93680
92765 86423 1:0 93793
92765 86421 1:0 93800
92771 86422 1:0 93801
92791 86420 1:0 93811
92804 86390 1:0 93924
92886 86389 1:0 93932
92887 86388 1:0 93931
92896 86387 1:0 93942
92896 356 1:0 95272
94122 89271 21:0 94130
94129 89272 0:0 94130
94129 89273 21:0 94196
94194 89274 0:0 94196
94198 89304 21:0 94206
94205 89306 0:0 94206
94205 89305 21:0 94272
94270 89307 0:0 94272
94274 89337 21:0 94282
94281 89339 0:0 94282
94281 89338 21:0 94348
94346 89340 0:0 94348
94350 89370 21:0 94358
94357 89371 0:0 94358
94357 89372 21:0 94424
94422 89373 0:0 94424
94426 89403 21:0 94434
94433 89405 0:0 94434
94433 89404 21:0 94500
94498 89406 0:0 94500
94502 89436 21:0 94510
94509 89437 0:0 94510
94509 89438 21:0 94576
94574 89439 0:0 94576
94578 89469 21:0 94586
94585 89470 0:0 94586
94585 89471 21:0 94652
94650 89472 0:0 94652
94654 89502 21:0 94662
94661 89504 0:0 94662
94661 89503 0:0 94662
94662 89505 21:0 94728
94730 89535 21:0 94738
94737 89536 0:0 94738
94737 89537 21:0 94804
94802 89538 0:0 94804
94806 89568 0:0 94809
94811 89569 21:0 94869
94813 89570 0:0 94814
94882 89601 0:0 94885
94887 89603 21:0 94945
94889 89602 0:0 94890
94958 89634 0:0 94961
94963 89635 21:0 95021
94965 89636 0:0 94966
95020 89637 0:0 95032
95034 89667 21:0 95042
95039 89668 0:0 95042
95042 89670 21:0 95108
95110 89700 21:0 95118
95117 89701 21:0 95184
95284 88260 1:0 95544
95285 88259 1:0 95543
95294 88228 1:0 95667
95294 88226 1:0 95674
95302 88227 1:0 95675
95313 356 21:0 95327
95321 88225 1:0 95685
95415 88195 1:0 95798
95416 88193 1:0 95805
95416 88194 1:0 95806
95425 88192 1:0 95816
95425 88162 1:0 95929
95433 88160 1:0 95936
95452 88161 1:0 95937
95546 88159 1:0 95947
95547 88129 1:0 96060
95556 88127 1:0 96067
95556 88128 1:0 96068
95562 88126 1:0 96078
95566 88096 1:0 96191
95583 88094 1:0 96198
95677 88095 1:0 96199
95678 88093 1:0 96209
95687 88063 1:0 96322
95687 88061 1:0 96329
95693 88062 1:0 96330
95697 88060 1:0 96340
95726 88030 1:0 96453
95808 88029 1:0 96461
95809 88028 1:0 96460
95818 88027 1:0 96471
95818 87997 1:0 96584
95824 87996 1:0 96592
95829 87995 1:0 96591
95857 87994 1:0 96602
95939 87964 1:0 96715
95940 87962 1:0 96722
95949 87963 1:0 96723
95949 87961 1:0 96733
95955 87931 1:0 96846
95960 87930 1:0 96854
95988 87929 1:0 96853
96070 87928 1:0 96864
96071 87898 1:0 96977
96080 87896 1:0 96984
96080 87897 1:0 96985
96086 87895 1:0 96995
96106 87865 1:0 97108
96119 87864 1:0 97116
96201 87863 1:0 97115
96202 87862 1:0 97126
96211 87832 1:0 97239
96211 87831 1:0 97247
96219 87830 1:0 97246
96237 87829 1:0 97257
96238 357 1:0 98587
96332 89701 1:0 98858
96333 89700 1:0 98869
97437 90713 21:0 97445
97444 90715 0:0 97445
97444 90714 21:0 97511
97509 90716 0:0 97511
97513 90746 21:0 97521
97520 90747 0:0 97521
97520 90748 21:0 97587
97585 90749 0:0 97587
97589 90779 21:0 97597
97596 90781 0:0 97597
97596 90780 21:0 97663
97661 90782 0:0 97663
97665 90812 21:0 97673
97672 90814 0:0 97673
97672 90813 21:0 97739
97737 90815 0:0 97739
97741 90845 21:0 97749
97748 90847 0:0 97749
97748 90846 21:0 97815
97813 90848 0:0 97815
97817 90878 21:0 97825
97824 90879 0:0 97825
97824 90880 21:0 97891
97889 90881 0:0 97891
97893 90911 21:0 97901
97900 90913 0:0 97901
97900 90912 21:0 97967
97965 90914 0:0 97967
97969 90944 21:0 97977
97976 90946 0:0 97977
97976 90945 0:0 97977
97977 90947 21:0 98043
98045 90977 21:0 98053
98052 90979 0:0 98053
98052 90978 21:0 98119
98117 90980 0:0 98119
98121 91010 21:0 98129
98128 91011 0:0 98129
98128 91012 21:0 98195
98193 91013 0:0 98195
98197 91043 21:0 98205
98204 91045 0:0 98205
98204 91044 21:0 98271
98269 91046 0:0 98271
98273 91076 21:0 98281
98280 91077 0:0 98281
98280 91078 21:0 98347
98345 91079 0:0 98347
98349 91109 21:0 98357
98356 91110 0:0 98357
98356 91111 21:0 98423
98421 91112 0:0 98423
98425 91142 21:0 98433
98432 91143 0:0 98433
98432 91144 21:0 98499
98497 91145 0:0 98499
98599 89670 1:0 98982
98600 89668 1:0 98989
98609 89667 1:0 99000
98609 89637 1:0 99113
98617 89635 1:0 99120
98628 357 21:0 98642
98636 89636 1:0 99121
98730 89634 1:0 99131
98731 89602 1:0 99251
98731 89603 1:0 99252
98740 89601 1:0 99262
98740 89569 1:0 99382
98748 89570 1:0 99383
98767 89568 1:0 99393
98861 89538 1:0 99506
98862 89537 1:0 99514
98871 89536 1:0 99513
98871 89535 1:0 99524
98877 89505 1:0 99637
98881 89503 1:0 99644
98898 89504 1:0 99645
98992 89502 1:0 99655
98993 89472 1:0 99768
99002 89470 1:0 99775
99002 89471 1:0 99776
99008 89469 1:0 99786
99012 89439 1:0 99899
99041 89438 1:0 99907
99123 89437 1:0 99906
99124 89436 1:0 99917
99133 89406 1:0 100030
99133 89404 1:0 100037
99139 89405 1:0 100038
99144 89403 1:0 100048
99172 89373 1:0 100161
99254 89372 1:0 100169
99255 89371 1:0 100168
99264 89370 1:0 100179
99264 89340 1:0 100292
99270 89338 1:0 100299
99275 89339 1:0 100300
99303 89337 1:0 100310
99385 89307 1:0 100423
99386 89305 1:0 100430
99395 89306 1:0 100431
99395 89304 1:0 100441
99401 89274 1:0 100554
99421 89273 1:0 100562
99434 89272 1:0 100561
99516 89271 1:0 100572
99517 358 1:0 101902
100752 92155 21:0 100760
100759 92157 0:0 100760
100759 92156 0:0 100760
100760 92158 21:0 100826
100828 92188 0:0 100831
100833 92189 21:0 100891
100835 92190 0:0 100836
100890 92191 0:0 100902
100904 92221 0:0 100907
100909 92223 21:0 100967
100911 92222 0:0 100912
100966 92224 0:0 100978
100980 92254 0:0 100983
100985 92256 21:0 101043
100987 92255 0:0 100988
101042 92257 0:0 101054
101056 92287 0:0 101059
101061 92288 21:0 101119
101063 92289 0:0 101064
101118 92290 0:0 101130
101132 92320 0:0 101135
101137 92322 21:0 101195
101139 92321 0:0 101140
101194 92323 0:0 101206
101208 92353 21:0 101216
101213 92354 0:0 101216
101213 92355 0:0 101216
101216 92356 21:0 101282
101284 92386 0:0 101287
101289 92388 21:0 101347
101291 92387 0:0 101292
101346 92389 0:0 101358
101365 92421 21:0 101423
101422 92422 0:0 101434
101436 92452 0:0 101439
101441 92453 21:0 101499
101512 92485 0:0 101515
101517 92486 21:0 101575
101574 92488 0:0 101586
101588 92518 21:0 101596
101593 92519 0:0 101596
101593 92520 0:0 101596
101596 92521 21:0 101662
101669 92552 21:0 101727
101671 92553 0:0 101672
101740 92584 21:0 101748
101747 92585 0:0 101748
101747 92586 21:0 101814
101821 92618 21:0 101879
101914 91145 1:0 102166
101915 91144 1:0 102174
101924 91143 1:0 102173
101924 91142 1:0 102184
101932 91112 1:0 102297
101943 358 21:0 101957
101951 91111 1:0 102305
102045 91110 1:0 102304
102046 91109 1:0 102315
102046 91079 1:0 102428
102055 91077 1:0 102435
102055 91078 1:0 102436
102063 91076 1:0 102446
102082 91046 1:0 102559
102176 91044 1:0 102566
102177 91045 1:0 102567
102186 91043 1:0 102577
102186 91013 1:0 102690
102192 91012 1:0 102698
102196 91011 1:0 102697
102213 91010 1:0 102708
102307 90980 1:0 102821
102308 90978 1:0 102828
102317 90979 1:0 102829
102317 90977 1:0 102839
102323 90947 1:0 102952
102327 90946 1:0 102960
102356 90945 1:0 102959
102438 90944 1:0 102970
102439 90914 1:0 103083
102448 90912 1:0 103090
102448 90913 1:0 103091
102454 90911 1:0 103101
102459 90881 1:0 103214
102487 90880 1:0 103222
102569 90879 1:0 103221
102570 90878 1:0 103232
102579 90848 1:0 103345
102579 90846 1:0 103352
102585 90847 1:0 103353
102590 90845 1:0 103363
102618 90815 1:0 103476
102700 90813 1:0 103483
102701 90814 1:0 103484
102710 90812 1:0 103494
102710 90782 1:0 103607
102716 90780 1:0 103614
102736 90781 1:0 103615
102749 90779 1:0 103625
102790 45958 1:0 104153
102831 90749 1:0 103738
102832 90748 1:0 103746
102841 90747 1:0 103745
102841 90746 1:0 103756
102849 90716 1:0 103869
102867 90714 1:0 103876
102868 359 1:0 104000
102880 45966 1:0 104107
102962 90715 1:0 103877
102963 90713 1:0 103887
102963 45954 1:0 104133
102963 45955 1:0 104134
102972 92618 1:0 104053
102972 45962 1:0 104173
102972 45963 1:0 104174
102978 45964 1:0 104183
102980 45965 1:0 104184
102982 45960 1:0 104163
102983 45961 1:0 104164
102998 45967 1:0 104194
102999 46101 1:0 104354
102999 46102 1:0 104355
103011 46113 1:0 104328
103093 92586 1:0 104274
103094 46107 1:0 104384
103094 46108 1:0 104385
103094 46109 1:0 104394
103094 46110 1:0 104395
103103 46105 1:0 104374
103103 46111 1:0 104404
103103 46112 1:0 104405
103103 46114 1:0 104415
103103 46253 1:0 104596
103109 92585 1:0 104451
103129 92584 1:0 104462
103142 92552 1:0 104495
103224 46261 1:0 104549
103224 46248 1:0 104575
103224 46249 1:0 104576
103225 46256 1:0 104615
103225 46257 1:0 104616
103225 46258 1:0 104625
103234 46254 1:0 104605
103234 46255 1:0 104606
103234 46259 1:0 104626
103234 46260 1:0 104635
103240 92553 1:0 104673
103245 92521 1:0 104716
103260 46405 1:0 104770
103261 46395 1:0 104796
103261 46396 1:0 104797
103273 46398 1:0 104807
103273 46403 1:0 104836
103314 46399 1:0 104816
103355 46404 1:0 104837
103355 46406 1:0 104847
103356 46401 1:0 104826
103356 46402 1:0 104827
103356 46407 1:0 104856
103365 92520 1:0 104894
103365 46408 1:0 104857
103371 92519 1:0 104893
103375 92518 1:0 104904
103392 92486 1:0 104937
103404 46555 1:0 104991
103486 46542 1:0 105017
103486 46543 1:0 105018
103486 46550 1:0 105057
103487 92488 1:0 105079
103487 46551 1:0 105058
103496 46546 1:0 105037
103496 46548 1:0 105047
103496 46549 1:0 105048
103496 46552 1:0 105067
103496 46553 1:0 105068
103496 46554 1:0 105077
103496 46689 1:0 105238
103504 92485 1:0 105125
103523 92453 1:0 105212
103535 46690 1:0 105239
103535 46697 1:0 105278
103576 46692 1:0 105249
103617 46698 1:0 105279
103617 46699 1:0 105288
103618 46691 1:0 105248
103618 46695 1:0 105268
103618 46696 1:0 105269
103618 46700 1:0 105289
103618 46839 1:0 105470
103627 92452 1:0 105346
103627 46701 1:0 105298
103627 46702 1:0 105299
103633 92421 1:0 105379
103637 46848 1:0 105433
103638 46836 1:0 105459
103638 46837 1:0 105460
103653 46842 1:0 105489
103666 92422 1:0 105521
103748 46844 1:0 105499
103748 46845 1:0 105500
103749 46843 1:0 105490
103749 46846 1:0 105509
103749 46847 1:0 105510
103749 46989 1:0 105710
103758 92388 1:0 105654
103758 46849 1:0 105520
103758 46991 1:0 105720
103764 46983 1:0 105680
103764 46992 1:0 105721
103766 46984 1:0 105681
103784 92389 1:0 105769
103785 46985 1:0 105690
103785 46987 1:0 105700
103785 46990 1:0 105711
103797 46993 1:0 105730
103838 47131 1:0 105872
103879 46994 1:0 105731
103879 46995 1:0 105740
103880 46996 1:0 105741
103880 47133 1:0 105876
103880 47136 1:0 105877
103880 47134 1:0 105877
103889 92387 1:0 105777
103889 92386 1:0 105788
103895 92356 1:0 105853
103897 47142 1:0 105961
103900 47143 1:0 105877
103916 47139 1:0 105877
103928 47138 1:0 105877
103969 47137 1:0 105876
103969 47130 1:0 105877
104012 47140 1:0 105877
104012 47141 1:0 105877
104013 92354 1:0 105998
104022 92355 1:0 105999
104022 92353 1:0 106009
104028 92323 1:0 106015
104041 359 21:0 104055
104049 92322 1:0 106086
104061 47285 1:0 106098
104061 47288 1:0 106173
104102 47280 1:0 106098
104110 47287 1:0 106098
104115 47277 1:0 106098
104130 47286 1:0 106098
104131 47284 1:0 106097
104131 47426 1:0 106319
104132 47290 1:0 106098
104140 45955 21:0 104197
104181 47278 1:0 106097
104181 47283 1:0 106098
104191 47289 1:0 106098
104196 45961 0:0 104206
104197 45954 0:0 104212
104197 45960 0:0 104212
104203 45966 21:0 104225
104203 92321 1:0 106219
104224 45965 0:0 104225
104224 45962 0:0 104225
104224 45963 0:0 104225
104224 45964 0:0 104225
104224 45967 0:0 104225
104224 45958 0:0 104225
104226 92320 1:0 106230
104226 47434 1:0 106393
104233 92290 1:0 106236
104234 92288 1:0 106307
104234 47433 1:0 106319
104243 47425 1:0 106318
104243 47436 1:0 106319
104243 47431 1:0 106319
104243 47430 1:0 106319
104243 47437 1:0 106319
104243 47432 1:0 106319
104243 47424 1:0 106319
104249 47435 1:0 106319
104254 92289 1:0 106441
104282 92287 1:0 106451
104336 92256 1:0 106484
104351 47571 1:0 106564
104352 47583 1:0 106538
104364 46101 21:0 104420
104412 92257 1:0 106628
104419 46108 0:0 104434
104420 46107 0:0 104437
104420 46102 0:0 104437
104420 46109 0:0 104446
104421 47579 1:0 106604
104422 47580 1:0 106605
104424 46113 21:0 104446
104424 47572 1:0 106565
104424 47577 1:0 106594
104424 47578 1:0 106595
104445 46114 0:0 104446
104445 46105 0:0 104446
104445 46111 0:0 104446
104445 46112 0:0 104446
104445 46110 0:0 104446
104447 47581 1:0 106614
104447 47582 1:0 106615
104447 47584 1:0 106625
104447 47720 1:0 106761
104454 92255 1:0 106661
104455 92254 1:0 106672
104455 47724 1:0 106761
104464 92224 1:0 106678
104464 92223 1:0 106749
104470 47725 1:0 106761
104470 47718 1:0 106761
104470 47728 1:0 106835
104474 47730 1:0 106761
104490 47726 1:0 106761
104491 47719 1:0 106760
104491 47865 1:0 107006
104503 47729 1:0 106761
104544 47727 1:0 106761
104557 47731 1:0 106761
104574 92222 1:0 106882
104582 46249 21:0 104639
104633 92221 1:0 106893
104635 47867 1:0 107016
104638 46255 0:0 104648
104639 46248 0:0 104654
104639 46254 0:0 104654
104642 46261 21:0 104667
104645 92189 1:0 106926
104665 46256 0:0 104667
104666 46253 0:0 104667
104666 46259 0:0 104667
104666 46260 0:0 104667
104666 46257 0:0 104667
104666 46258 0:0 104667
104668 92191 1:0 107070
104668 47878 1:0 106980
104675 47873 1:0 107046
104675 47874 1:0 107047
104676 47866 1:0 107007
104676 47871 1:0 107036
104676 47875 1:0 107056
104676 47876 1:0 107057
104685 92190 1:0 107104
104685 47870 1:0 107027
104685 47872 1:0 107037
104685 47877 1:0 107066
104685 48015 1:0 107238
104691 92188 1:0 107114
104711 92158 1:0 107201
104712 48012 1:0 107227
104712 48019 1:0 107258
104724 48020 1:0 107267
104765 48021 1:0 107268
104773 48013 1:0 107228
104778 48018 1:0 107257
104793 48022 1:0 107277
104794 48023 1:0 107278
104795 48160 1:0 107449
104806 46395 21:0 104862
104844 48024 1:0 107287
104854 48025 1:0 107288
104861 46396 0:0 104876
104861 46402 0:0 104876
104861 46405 21:0 104888
104862 46401 0:0 104879
104863 48159 1:0 107448
104866 92156 1:0 107324
104886 46404 0:0 104888
104886 46403 0:0 104888
104887 46399 0:0 104888
104887 46406 0:0 104888
104887 46398 0:0 104888
104887 46408 0:0 104888
104887 46407 0:0 104888
104889 92157 1:0 107325
104889 48170 1:0 107422
104889 48161 1:0 107458
104896 92155 1:0 107335
104897 48259 1:0 107510
104897 48165 1:0 107478
104897 48167 1:0 107488
104897 48168 1:0 107489
104906 48166 1:0 107479
104906 48169 1:0 107498
104906 48171 1:0 107508
104906 48172 1:0 107509
104906 48260 1:0 107510
105024 46543 21:0 105081
105080 46549 0:0 105090
105081 46548 0:0 105096
105081 46542 0:0 105096
105084 46555 21:0 105109
105107 46553 0:0 105109
105108 46546 0:0 105109
105108 46554 0:0 105109
105108 46550 0:0 105109
105108 46552 0:0 105109
105108 46551 0:0 105109
105248 46689 21:0 105304
105303 46696 0:0 105317
105303 46690 0:0 105317
105303 46698 0:0 105330
105304 46695 0:0 105321
105309 46697 0:0 105330
105329 46699 0:0 105330
105329 46702 0:0 105330
105329 46692 0:0 105330
105329 46691 0:0 105330
105329 46700 0:0 105330
105329 46701 0:0 105330
105466 46837 21:0 105523
105522 46836 0:0 105532
105522 46843 0:0 105532
105523 46842 0:0 105538
105529 46848 21:0 105551
105550 46847 0:0 105551
105550 46849 0:0 105551
105550 46844 0:0 105551
105550 46839 0:0 105551
105550 46845 0:0 105551
105550 46846 0:0 105551
105720 46989 21:0 105772
105770 46994 0:0 105772
105771 46996 0:0 105772
105771 46990 0:0 105772
105771 46992 0:0 105772
105771 46983 0:0 105772
105771 46995 0:0 105772
105771 46985 0:0 105772
105771 46993 0:0 105772
105771 46991 0:0 105772
105771 46987 0:0 105772
105771 46984 0:0 105772
105908 47131 21:0 105965
105938 47137 0:0 105947
105941 47136 0:0 105949
105971 47142 21:0 105993
105992 47139 0:0 105993
105992 47130 0:0 105993
105992 47143 0:0 105993
105992 47140 0:0 105993
105992 47133 0:0 105993
105992 47141 0:0 105993
105992 47138 0:0 105993
105992 47134 0:0 105993
106129 47278 0:0 106154
106132 47277 0:0 106158
106159 47284 0:0 106168
106162 47283 0:0 106170
106179 47288 21:0 106214
106212 47286 0:0 106214
106212 47287 0:0 106214
106212 47285 0:0 106214
106213 47289 0:0 106214
106213 47280 0:0 106214
106213 47290 0:0 106214
106350 47425 0:0 106375
106353 47424 0:0 106379
106380 47431 0:0 106389
106383 47430 0:0 106391
106403 47434 21:0 106435
106434 47436 0:0 106435
106434 47435 0:0 106435
106434 47437 0:0 106435
106434 47432 0:0 106435
106434 47433 0:0 106435
106434 47426 0:0 106435
106574 47571 21:0 106630
106629 47572 0:0 106643
106629 47578 0:0 106643
106630 47577 0:0 106647
106634 47583 21:0 106656
106655 47579 0:0 106656
106655 47581 0:0 106656
106655 47580 0:0 106656
106655 47584 0:0 106656
106655 47582 0:0 106656
106792 47719 0:0 106817
106795 47718 0:0 106821
106822 47725 0:0 106831
106825 47724 0:0 106833
106845 47728 21:0 106877
106876 47720 0:0 106877
106876 47727 0:0 106877
106876 47730 0:0 106877
106876 47731 0:0 106877
106876 47726 0:0 106877
106876 47729 0:0 106877
107016 47865 21:0 107072
107071 47872 0:0 107086
107073 47878 21:0 107098
107096 47871 0:0 107098
107096 47866 0:0 107098
107096 47875 0:0 107098
107096 47876 0:0 107098
107097 47874 0:0 107098
107097 47870 0:0 107098
107097 47877 0:0 107098
107097 47867 0:0 107098
107097 47873 0:0 107098
107264 48019 21:0 107311
107310 48025 0:0 107319
107311 48012 0:0 107319
107311 48013 0:0 107319
107311 48023 0:0 107319
107311 48018 0:0 107319
107318 48020 0:0 107319
107318 48015 0:0 107319
107318 48022 0:0 107319
107318 48021 0:0 107319
107318 48024 0:0 107319
107455 48160 21:0 107512
107511 48166 0:0 107521
107511 48170 21:0 184
107512 48159 0:0 107527
107512 48165 0:0 107527
