49 7818 0:0 51
49 7812 0:0 51
49 7819 0:0 51
49 7909 0:0 51
50 7908 0:0 51
50 7815 0:0 51
50 7817 0:0 51
1273 8473 21:0 1283
3394 9469 21:0 3402
3546 9535 21:0 3554
3706 9604 21:0 3772
3782 9637 21:0 3848
3855 9668 21:0 3913
3931 9702 21:0 3989
4010 9736 21:0 4076
4078 9766 21:0 4086
4314 9868 21:0 4380
4458 9931 21:0 4466
4527 9931 1:0 4535
4528 9868 1:0 4779
4537 9766 1:0 5190
4537 9736 1:0 5303
4543 9702 1:0 5442
4548 9668 1:0 5572
4576 9637 1:0 5696
4658 9604 1:0 5827
4659 9535 1:0 6107
4668 9469 1:0 6369
6685 10910 21:0 6751
6753 10940 21:0 6761
6829 10973 21:0 6837
6837 10976 21:0 6903
6905 11006 21:0 6913
7065 11075 21:0 7131
7133 11105 21:0 7141
7217 11141 21:0 7283
7442 11239 21:0 7500
7513 11270 21:0 7521
7886 11270 1:0 8418
7887 11239 1:0 8539
7896 11141 1:0 8924
7896 11105 1:0 9073
7902 11075 1:0 9186
7907 11006 1:0 9466
7922 5601 1:0 11376
7935 10976 1:0 9579
8017 10973 1:0 9597
8018 10940 1:0 9728
8027 10910 1:0 9841
10041 12379 21:0 10099
10112 12411 21:0 10120
10193 12445 21:0 10251
10345 12512 21:0 10403
10421 12544 21:0 10479
10497 12578 21:0 10555
10573 12611 21:0 10631
10649 12644 21:0 10707
10720 12675 21:0 10728
10801 12710 21:0 10859
11255 5614 1:0 11350
11255 5609 1:0 11416
11256 5611 1:0 11426
11256 5755 1:0 11572
11256 5759 1:0 11648
11265 5757 1:0 11573
11265 5761 1:0 11573
11265 5758 1:0 11573
11265 5760 1:0 11573
11271 5756 1:0 11573
11273 5904 1:0 11859
11276 5903 1:0 11794
11292 5908 1:0 11794
11304 5907 1:0 11794
11345 5906 1:0 11794
11358 5905 1:0 11794
11374 6052 1:0 12015
11374 6050 1:0 12079
11375 6048 1:0 12015
11386 5601 21:0 11442
11424 6051 1:0 12015
11434 6054 1:0 12015
11443 5614 21:0 11468
11443 6189 1:0 12236
11444 6055 1:0 12015
11466 5611 0:0 11468
11466 5609 0:0 11468
11476 6053 1:0 12015
11476 6201 1:0 12320
11477 12710 1:0 12231
11477 6337 1:0 12456
11486 6202 1:0 12235
11486 6198 1:0 12235
11486 6200 1:0 12235
11486 6199 1:0 12236
11492 6197 1:0 12236
11494 6346 1:0 12531
11496 6342 1:0 12457
11512 6347 1:0 12456
11513 6348 1:0 12457
11525 6349 1:0 12457
11566 6343 1:0 12456
11574 6344 1:0 12457
11594 6345 1:0 12456
11595 6630 1:0 12899
11634 5755 0:0 11643
11645 12675 1:0 12589
11654 5759 21:0 11689
11655 6493 1:0 12752
11665 6494 1:0 12677
11687 5760 0:0 11689
11687 5758 0:0 11689
11687 5756 0:0 11689
11688 5757 0:0 11689
11688 5761 0:0 11689
11690 6492 1:0 12677
11690 6495 1:0 12677
11690 6496 1:0 12677
11697 6491 1:0 12678
11698 12644 1:0 12800
11698 12611 1:0 12887
11707 6640 1:0 12898
11707 6639 1:0 12898
11707 6638 1:0 12899
11707 6641 1:0 12974
11713 6643 1:0 12898
11715 6642 1:0 12898
11734 12578 1:0 13118
11746 6784 1:0 13175
11746 6785 1:0 13184
11787 6778 1:0 13145
11800 6787 1:0 13194
11815 6788 1:0 13195
11816 6789 1:0 13204
11817 6924 1:0 13341
11865 5904 21:0 11910
11866 6790 1:0 13205
11886 12544 1:0 13329
11908 5903 0:0 11910
11908 5905 0:0 11910
11909 5908 0:0 11910
11909 5906 0:0 11910
11909 5907 0:0 11910
11911 6933 1:0 13340
11911 6934 1:0 13340
11911 6935 1:0 13416
11918 6931 1:0 13340
11918 6925 1:0 13340
11918 6937 1:0 13340
11918 6930 1:0 13341
11918 7072 1:0 13587
11919 6936 1:0 13340
11919 6932 1:0 13341
11919 7077 1:0 13616
11928 12512 1:0 13506
11928 7081 1:0 13560
11928 7079 1:0 13626
11934 7080 1:0 13627
11936 7082 1:0 13637
11938 7078 1:0 13617
11954 7083 1:0 13646
11955 7084 1:0 13647
11967 7224 1:0 13837
12008 7226 1:0 13847
12016 7227 1:0 13848
12021 7219 1:0 13808
12037 7228 1:0 13857
12037 7229 1:0 13858
12087 7230 1:0 13867
12089 6050 21:0 12131
12097 7231 1:0 13868
12107 7374 1:0 14069
12129 6051 0:0 12131
12129 6052 0:0 12131
12130 6048 0:0 12131
12130 6053 0:0 12131
12130 6055 0:0 12131
12130 6054 0:0 12131
12132 7377 1:0 14004
12132 7375 1:0 14004
12132 7376 1:0 14004
12139 7373 1:0 14004
12139 7378 1:0 14004
12140 12445 1:0 14125
12140 7523 1:0 14300
12149 7521 1:0 14224
12149 7525 1:0 14225
12149 7518 1:0 14225
12149 7520 1:0 14225
12155 7524 1:0 14225
12155 7522 1:0 14225
12175 12411 1:0 14357
12188 12379 1:0 14434
12237 7670 1:0 14521
12242 7666 1:0 14445
12257 7672 1:0 14445
12258 7908 1:0 14792
12258 7671 1:0 14445
12259 7659 1:0 14446
12308 7668 1:0 14445
12318 7667 1:0 14445
12328 7669 1:0 14445
12330 6201 21:0 12352
12351 6199 0:0 12352
12351 6202 0:0 12352
12351 6200 0:0 12352
12351 6197 0:0 12352
12351 6189 0:0 12352
12351 6198 0:0 12352
12353 8473 1:0 14652
12353 7812 1:0 14666
12353 7815 1:0 14667
12353 7806 1:0 14667
12353 7814 1:0 14731
12353 7909 1:0 14793
12360 7818 1:0 14666
12360 7817 1:0 14666
12361 7819 1:0 14666
12530 6342 0:0 12538
12541 6346 21:0 12573
12571 6348 0:0 12573
12572 6344 0:0 12573
12572 6349 0:0 12573
12572 6337 0:0 12573
12572 6347 0:0 12573
12572 6345 0:0 12573
12572 6343 0:0 12573
12762 6493 21:0 12794
12792 6495 0:0 12794
12793 6494 0:0 12794
12793 6492 0:0 12794
12793 6491 0:0 12794
12793 6496 0:0 12794
12980 6641 21:0 13015
13013 6642 0:0 13015
13013 6640 0:0 13015
13013 6639 0:0 13015
13014 6630 0:0 13015
13014 6638 0:0 13015
13014 6643 0:0 13015
13181 6784 21:0 13230
13230 6787 0:0 13236
13230 6785 0:0 13236
13230 6789 0:0 13236
13235 6790 0:0 13236
13235 6788 0:0 13236
13235 6778 0:0 13236
13413 6925 0:0 13422
13422 6935 21:0 13457
13455 6930 0:0 13457
13455 6936 0:0 13457
13455 6932 0:0 13457
13455 6933 0:0 13457
13456 6934 0:0 13457
13456 6924 0:0 13457
13456 6937 0:0 13457
13456 6931 0:0 13457
13593 7072 21:0 13650
13649 7081 21:0 13678
13649 7080 0:0 13678
13676 7083 0:0 13678
13677 7082 0:0 13678
13677 7079 0:0 13678
13677 7078 0:0 13678
13677 7077 0:0 13678
13677 7084 0:0 13678
13847 7224 21:0 13899
13898 7230 0:0 13899
13898 7226 0:0 13899
13898 7228 0:0 13899
13898 7231 0:0 13899
13898 7219 0:0 13899
13898 7227 0:0 13899
13898 7229 0:0 13899
14075 7374 21:0 14120
14118 7373 0:0 14120
14118 7375 0:0 14120
14119 7378 0:0 14120
14119 7376 0:0 14120
14119 7377 0:0 14120
14306 7523 21:0 14341
14339 7522 0:0 14341
14339 7520 0:0 14341
14339 7521 0:0 14341
14340 7525 0:0 14341
14340 7518 0:0 14341
14340 7524 0:0 14341
14480 7659 0:0 14506
14527 7670 21:0 14562
14560 7667 0:0 14562
14560 7671 0:0 14562
14560 7668 0:0 14562
14560 7669 0:0 14562
14561 7666 0:0 14562
14561 7672 0:0 14562
14701 7806 0:0 14727
14741 7814 21:0 87
