292 48235 21:0 340
339 48234 21:0 356
355 48233 21:0 356
355 48232 21:0 361
360 48231 21:0 366
365 48323 21:0 366
365 48229 21:0 366
365 48223 21:0 366
365 48224 21:0 366
365 48324 21:0 366
366 48497 21:0 432
431 48496 21:0 437
436 48494 21:0 442
441 48528 21:0 508
507 48527 21:0 513
512 48560 21:0 518
591 48595 21:0 608
607 48593 21:0 660
667 48628 21:0 684
683 48626 21:0 736
735 48629 21:0 741
743 48661 21:0 760
759 48662 21:0 812
811 48659 21:0 817
822 48695 21:0 888
890 48725 21:0 898
898 48728 21:0 964
966 48758 21:0 974
973 48760 21:0 1024
1023 48759 21:0 1040
1025 48760 1:0 3588
1039 48726 21:0 1050
1041 48759 1:0 3581
1050 48794 21:0 1116
1115 48660 21:0 1121
1117 48794 1:0 3459
1123 48825 21:0 1140
1141 48825 1:0 3343
1580 49024 21:0 1597
1596 49025 21:0 1649
1651 49056 21:0 1659
1658 49026 21:0 1709
1708 49057 21:0 1725
1727 49089 21:0 1735
1734 49090 21:0 1785
1784 49091 21:0 1801
1800 49092 21:0 1811
1810 49058 21:0 1829
1828 49059 21:0 1877
1876 49023 21:0 1882
1881 49125 21:0 1901
1900 49156 21:0 1953
1952 49155 21:0 1958
1960 49190 21:0 1977
1976 49124 21:0 2029
2031 49221 21:0 2039
2038 49122 21:0 2089
2088 49157 21:0 2105
2107 49254 21:0 2115
2114 49255 21:0 2165
2164 49256 21:0 2181
2180 49257 21:0 2191
2190 49287 21:0 2209
2208 49288 21:0 2257
2256 49289 21:0 2262
2261 49290 21:0 2281
2280 49320 21:0 2333
2332 49322 21:0 2338
2337 49321 21:0 2343
2342 49158 21:0 2409
2408 49191 21:0 2414
2413 49189 21:0 2419
2418 49123 21:0 2476
2475 49188 21:0 2490
2489 49223 21:0 2495
2494 49222 21:0 2550
2549 49224 21:0 2566
2565 49422 21:0 2571
2570 49353 21:0 2621
2620 49419 21:0 2637
2636 49389 21:0 2647
2646 49356 21:0 2665
2664 49388 21:0 2713
2712 49323 21:0 2718
2717 49355 21:0 2729
2726 48758 1:0 3597
2728 49354 21:0 2732
2731 49421 21:0 2739
2736 48728 1:0 3703
2737 48726 1:0 3709
2740 48725 1:0 3719
2745 48695 1:0 3825
2751 48660 1:0 3872
2762 328 21:0 2776
2777 328 1:0 2725
2858 48662 1:0 3947
2859 48661 1:0 3954
2859 48659 1:0 3963
2867 48629 1:0 4069
2873 48628 1:0 4076
2980 48626 1:0 4085
2981 48595 1:0 4198
2981 48593 1:0 4207
2989 48560 1:0 4329
2995 48528 1:0 4441
3102 48527 1:0 4451
3103 48497 1:0 4557
3103 48496 1:0 4564
3111 48494 1:0 4573
3111 329 1:0 5895
4750 50466 21:0 4767
4766 50467 21:0 4819
4818 50468 21:0 4824
4826 50499 21:0 4843
4842 50500 21:0 4895
4897 50531 21:0 4905
4904 50532 21:0 4955
4954 50533 21:0 4971
4973 50564 21:0 4981
4980 50566 21:0 5031
5030 50565 21:0 5047
5046 50567 21:0 5057
5056 50597 21:0 5075
5074 50598 21:0 5123
5122 50599 21:0 5128
5127 50600 21:0 5147
5146 50630 21:0 5199
5198 50631 21:0 5204
5203 50632 21:0 5209
5208 50633 21:0 5275
5274 50663 21:0 5280
5279 50665 21:0 5285
5284 50664 21:0 5340
5339 50696 21:0 5356
5355 50697 21:0 5361
5360 50698 21:0 5416
5415 50465 21:0 5432
5431 50501 21:0 5437
5436 50498 21:0 5487
5486 50534 21:0 5503
5502 50763 21:0 5513
5512 50765 21:0 5531
5530 50699 21:0 5579
5578 50798 21:0 5584
5583 50730 21:0 5603
5602 50731 21:0 5655
5654 50762 21:0 5660
5659 50796 21:0 5665
5664 50797 21:0 5731
5730 50666 21:0 5736
5735 50764 21:0 5741
5740 50795 21:0 5796
5795 50732 21:0 5812
5811 50729 21:0 5817
5816 50862 21:0 5872
5871 50830 21:0 5888
5887 50928 21:0 5893
5892 50829 21:0 5899
5894 49422 1:0 6290
5898 50828 21:0 5902
5901 50864 21:0 5913
5907 49421 1:0 6298
5908 49419 1:0 6308
5912 50831 21:0 5919
5914 49389 1:0 6421
5917 49388 1:0 6429
5917 49354 1:0 6472
5918 50895 21:0 5922
5920 49356 1:0 6552
5923 49355 1:0 6560
5923 49353 1:0 6570
5927 49323 1:0 6603
5936 329 21:0 5950
5949 50863 21:0 6029
5956 49321 1:0 6683
6005 49322 1:0 6691
6028 50894 21:0 6033
6030 49320 1:0 6701
6032 50897 21:0 6041
6038 49290 1:0 6734
6039 49289 1:0 6814
6040 50927 21:0 6044
6042 49288 1:0 6821
6043 50929 21:0 6053
6045 49287 1:0 6832
6048 49257 1:0 6865
6048 49256 1:0 6945
6052 50861 21:0 6081
6054 49255 1:0 6952
6054 49254 1:0 6963
6059 49224 1:0 6996
6080 50896 21:0 6161
6082 49222 1:0 7076
6087 49223 1:0 7084
6141 49221 1:0 7094
6160 50930 21:0 6164
6162 49189 1:0 7127
6169 49191 1:0 7207
6170 49190 1:0 7215
6179 49188 1:0 7225
6179 49158 1:0 7258
6185 49157 1:0 7338
6190 49156 1:0 7345
6218 49155 1:0 7356
6300 49123 1:0 7389
6301 49125 1:0 7469
6310 49124 1:0 7477
6310 49122 1:0 7487
6316 49092 1:0 7520
6336 49091 1:0 7600
6390 49090 1:0 7607
6431 49089 1:0 7618
6432 49059 1:0 7651
6441 49058 1:0 7731
6441 49057 1:0 7738
6449 49056 1:0 7749
6467 49026 1:0 7782
6562 49025 1:0 7862
6563 49024 1:0 7869
6563 49023 1:0 7880
6572 50930 1:0 9263
6572 330 1:0 9210
6578 50929 1:0 9343
6582 50928 1:0 9350
6611 50927 1:0 9361
6693 50896 1:0 9394
6694 50897 1:0 9474
6703 50895 1:0 9481
6703 50894 1:0 9492
6709 50863 1:0 9525
6714 50864 1:0 9605
6742 50862 1:0 9612
8060 51907 21:0 8068
8068 51910 21:0 8134
8136 51940 21:0 8144
8143 51941 21:0 8194
8193 51942 21:0 8210
8209 51943 21:0 8220
8219 51973 21:0 8238
8237 51975 21:0 8286
8285 51974 21:0 8291
8290 52006 21:0 8310
8309 52009 21:0 8362
8364 52039 21:0 8372
8371 52040 21:0 8422
8421 52041 21:0 8438
8437 52042 21:0 8448
8447 52072 21:0 8466
8465 52073 21:0 8514
8513 52074 21:0 8519
8518 52075 21:0 8538
8537 52105 21:0 8590
8589 52107 21:0 8595
8594 52106 21:0 8600
8599 52108 21:0 8666
8665 52140 21:0 8671
8670 51976 21:0 8676
8675 52141 21:0 8731
8730 51909 21:0 8747
8746 52007 21:0 8752
8751 51908 21:0 8807
8806 52138 21:0 8823
8822 52139 21:0 8828
8827 52008 21:0 8878
8877 52171 21:0 8894
8893 52204 21:0 8904
8903 52172 21:0 8922
8921 52207 21:0 8970
8969 52206 21:0 8975
8977 52305 21:0 8994
8993 52304 21:0 9046
9045 52205 21:0 9051
9050 52303 21:0 9070
9069 52174 21:0 9122
9121 52272 21:0 9127
9126 52270 21:0 9132
9131 52237 21:0 9198
9197 52273 21:0 9203
9202 52173 21:0 9208
9207 52238 21:0 9217
9216 52239 21:0 9225
9222 50861 1:0 9623
9223 50831 1:0 9656
9223 50829 1:0 9736
9224 52271 21:0 9228
9227 52240 21:0 9234
9229 50830 1:0 9744
9232 50828 1:0 9754
9232 50797 1:0 9787
9235 50798 1:0 9867
9238 50796 1:0 9874
9242 50795 1:0 9885
9251 330 21:0 9265
9264 52306 21:0 9343
9271 50764 1:0 9918
9320 50765 1:0 9998
9353 50763 1:0 10005
9354 50762 1:0 10016
9363 50732 1:0 10049
9363 50731 1:0 10129
9369 50730 1:0 10136
9374 50729 1:0 10147
9402 50699 1:0 10180
9484 50698 1:0 10260
9485 50697 1:0 10267
9494 50696 1:0 10278
9494 50666 1:0 10311
9500 50664 1:0 10391
9505 50665 1:0 10399
9533 50663 1:0 10409
9615 50633 1:0 10442
9616 50632 1:0 10522
9625 50631 1:0 10529
9625 50630 1:0 10540
9631 50600 1:0 10573
9651 50599 1:0 10653
9705 50598 1:0 10660
9746 50597 1:0 10671
9747 50567 1:0 10704
9756 50565 1:0 10784
9756 50566 1:0 10792
9764 50564 1:0 10802
9782 50534 1:0 10835
9877 50533 1:0 10915
9878 50532 1:0 10922
9878 50531 1:0 10933
9887 50501 1:0 10966
9887 50500 1:0 11046
9895 50499 1:0 11053
9914 50498 1:0 11064
9926 331 1:0 12525
10008 50468 1:0 11097
10009 50467 1:0 11177
10018 50466 1:0 11184
10018 50465 1:0 11195
10024 52306 1:0 12840
10029 52304 1:0 12920
10057 52305 1:0 12928
11375 53349 21:0 11383
11382 53351 21:0 11433
11432 53350 21:0 11449
11451 53382 21:0 11459
11458 53383 21:0 11509
11508 53384 21:0 11525
11524 53385 21:0 11535
11534 53415 21:0 11553
11552 53416 21:0 11601
11600 53417 21:0 11606
11605 53418 21:0 11625
11624 53448 21:0 11677
11676 53451 21:0 11682
11681 53481 21:0 11687
11686 53483 21:0 11753
11752 53482 21:0 11758
11757 53484 21:0 11763
11762 53514 21:0 11819
11818 53517 21:0 11834
11833 53547 21:0 11839
11838 53548 21:0 11894
11893 53549 21:0 11910
11909 53550 21:0 11915
11915 53583 21:0 11981
11983 53613 21:0 11991
11990 53352 21:0 12041
12040 53616 21:0 12057
12059 53646 21:0 12067
12066 53647 21:0 12117
12116 53450 21:0 12133
12132 53648 21:0 12143
12142 53581 21:0 12161
12160 53614 21:0 12209
12208 53615 21:0 12214
12213 53580 21:0 12233
12232 53449 21:0 12285
12284 53649 21:0 12290
12289 53516 21:0 12295
12294 53582 21:0 12361
12360 53515 21:0 12366
12365 53679 21:0 12371
12370 53681 21:0 12429
12428 53680 21:0 12442
12441 53713 21:0 12447
12446 53745 21:0 12502
12501 53747 21:0 12518
12517 53712 21:0 12523
12522 53748 21:0 12529
12524 52303 1:0 12938
12528 53746 21:0 12532
12531 53714 21:0 12543
12537 52271 1:0 12971
12538 52273 1:0 13051
12544 52272 1:0 13059
12547 52270 1:0 13069
12547 52240 1:0 13102
12553 52239 1:0 13182
12557 52238 1:0 13189
12566 331 21:0 12580
12586 52237 1:0 13200
12668 52205 1:0 13233
12669 52207 1:0 13313
12678 52206 1:0 13321
12678 52204 1:0 13331
12684 52173 1:0 13364
12689 52174 1:0 13444
12717 52172 1:0 13451
12799 52171 1:0 13462
12800 52139 1:0 13495
12809 52141 1:0 13575
12809 52140 1:0 13583
12815 52138 1:0 13593
12820 52108 1:0 13626
12848 52106 1:0 13706
12930 52107 1:0 13714
12931 52105 1:0 13724
12940 52075 1:0 13757
12940 52074 1:0 13837
12946 52073 1:0 13844
12966 52072 1:0 13855
13020 52042 1:0 13888
13061 52041 1:0 13968
13062 52040 1:0 13975
13071 52039 1:0 13986
13071 52008 1:0 14019
13079 52009 1:0 14099
13097 52007 1:0 14106
13192 52006 1:0 14117
13193 51976 1:0 14150
13193 51974 1:0 14230
13202 51975 1:0 14238
13202 51973 1:0 14248
13210 51943 1:0 14281
13229 51942 1:0 14361
13323 51941 1:0 14368
13324 51940 1:0 14379
13333 51908 1:0 14412
13333 51910 1:0 14492
13339 51909 1:0 14500
13343 51907 1:0 14510
13344 332 1:0 15840
14695 54793 21:0 14712
14711 54792 21:0 14764
14766 54824 21:0 14774
14774 54827 21:0 14840
14842 54857 21:0 14850
14849 54858 21:0 14900
14899 54859 21:0 14916
14915 54860 21:0 14926
14925 54890 21:0 14944
14943 54891 21:0 14992
14991 54892 21:0 14997
14996 54893 21:0 15016
15015 54923 21:0 15068
15067 54926 21:0 15073
15072 54956 21:0 15078
15077 54958 21:0 15144
15143 54957 21:0 15149
15148 54959 21:0 15154
15153 54989 21:0 15210
15209 54991 21:0 15225
15224 54990 21:0 15230
15229 54992 21:0 15285
15284 54825 21:0 15301
15300 54791 21:0 15306
15305 54826 21:0 15356
15355 54794 21:0 15372
15374 55088 21:0 15382
15381 55058 21:0 15432
15431 55056 21:0 15448
15447 55022 21:0 15458
15457 54924 21:0 15476
15475 55024 21:0 15524
15523 55057 21:0 15529
15528 55023 21:0 15548
15547 54925 21:0 15600
15599 55025 21:0 15605
15604 55055 21:0 15610
15609 55122 21:0 15676
15675 55189 21:0 15681
15680 55089 21:0 15686
15685 55157 21:0 15745
15744 55155 21:0 15757
15756 55123 21:0 15762
15761 55121 21:0 15817
15816 55091 21:0 15833
15832 55154 21:0 15838
15837 55187 21:0 15844
15839 53746 1:0 16155
15843 55190 21:0 15847
15846 55124 21:0 15858
15852 53748 1:0 16235
15853 53747 1:0 16243
15857 55188 21:0 15864
15859 53745 1:0 16253
15862 53714 1:0 16366
15862 53713 1:0 16373
15863 55090 21:0 15867
15865 53712 1:0 16384
15868 53680 1:0 16497
15868 53681 1:0 16505
15872 53679 1:0 16515
15881 332 21:0 15895
15894 55156 21:0 15972
15901 53649 1:0 16548
15950 53648 1:0 16628
15983 53647 1:0 16635
15984 53646 1:0 16646
15993 53615 1:0 16679
15993 53616 1:0 16759
15999 53614 1:0 16766
16004 53613 1:0 16777
16032 53582 1:0 16810
16114 53583 1:0 16890
16115 53581 1:0 16897
16124 53580 1:0 16908
16124 53550 1:0 16941
16130 53549 1:0 17021
16135 53548 1:0 17028
16163 53547 1:0 17039
16245 53515 1:0 17072
16246 53517 1:0 17152
16255 53516 1:0 17160
16255 53514 1:0 17170
16261 53484 1:0 17203
16281 53482 1:0 17283
16335 53483 1:0 17291
16376 53481 1:0 17301
16377 53449 1:0 17334
16386 53451 1:0 17414
16386 53450 1:0 17422
16394 53448 1:0 17432
16412 53418 1:0 17465
16507 53417 1:0 17545
16508 53416 1:0 17552
16508 53415 1:0 17563
16517 53385 1:0 17596
16517 53384 1:0 17676
16525 53383 1:0 17683
16544 53382 1:0 17694
16556 333 1:0 19155
16638 53352 1:0 17727
16639 53350 1:0 17807
16648 53351 1:0 17815
16648 53349 1:0 17825
16654 55188 1:0 19470
16659 55190 1:0 19550
16687 55189 1:0 19558
18010 56235 21:0 18027
18026 56234 21:0 18079
18081 56266 21:0 18089
18088 56233 21:0 18139
18138 56267 21:0 18155
18157 56299 21:0 18165
18164 56301 21:0 18215
18214 56300 21:0 18231
18230 56302 21:0 18241
18240 56332 21:0 18259
18258 56333 21:0 18307
18306 56334 21:0 18312
18311 56335 21:0 18331
18330 56365 21:0 18383
18382 56368 21:0 18388
18387 56398 21:0 18393
18392 56400 21:0 18459
18458 56399 21:0 18464
18463 56401 21:0 18469
18468 56431 21:0 18524
18523 56433 21:0 18540
18539 56432 21:0 18545
18544 56434 21:0 18600
18599 56464 21:0 18611
18610 56466 21:0 18621
18620 56269 21:0 18667
18666 56268 21:0 18687
18686 56465 21:0 18697
18696 56236 21:0 18715
18714 56467 21:0 18763
18762 56367 21:0 18768
18767 56366 21:0 18787
18786 56497 21:0 18839
18838 56565 21:0 18844
18843 56531 21:0 18849
18848 56500 21:0 18915
18914 56563 21:0 18920
18919 56533 21:0 18925
18924 56499 21:0 18980
18979 56564 21:0 18996
18995 56498 21:0 19001
19000 56532 21:0 19056
19055 56530 21:0 19067
19066 56629 21:0 19077
19076 56695 21:0 19117
19116 56662 21:0 19143
19142 56631 21:0 19153
19152 56696 21:0 19159
19154 55187 1:0 19568
19158 56665 21:0 19162
19161 56597 21:0 19170
19167 55156 1:0 19601
19168 55157 1:0 19681
19168 55155 1:0 19688
19177 55154 1:0 19699
19177 55124 1:0 19732
19183 55123 1:0 19812
19187 55122 1:0 19819
19196 333 21:0 19210
19216 55121 1:0 19830
19298 55090 1:0 19863
19299 55091 1:0 19943
19308 55089 1:0 19950
19308 55088 1:0 19961
19314 55057 1:0 19994
19319 55058 1:0 20074
19347 55056 1:0 20081
19429 55055 1:0 20092
19430 55025 1:0 20125
19439 55023 1:0 20205
19439 55024 1:0 20213
19445 55022 1:0 20223
19450 54992 1:0 20256
19478 54990 1:0 20336
19560 54991 1:0 20344
19561 54989 1:0 20354
19570 54959 1:0 20387
19570 54957 1:0 20467
19576 54958 1:0 20475
19596 54956 1:0 20485
19650 54925 1:0 20518
19691 54926 1:0 20598
19692 54924 1:0 20605
19701 54923 1:0 20616
19701 54893 1:0 20649
19709 54892 1:0 20729
19727 54891 1:0 20736
19822 54890 1:0 20747
19823 54860 1:0 20780
19823 54859 1:0 20860
19832 54858 1:0 20867
19832 54857 1:0 20878
19840 54826 1:0 20911
19859 54827 1:0 20991
19953 54825 1:0 20998
19954 54824 1:0 21009
19963 54794 1:0 21042
19963 54792 1:0 21122
19969 54793 1:0 21130
19973 54791 1:0 21140
19974 334 1:0 22470
21325 57676 21:0 21342
21341 57677 21:0 21394
21396 57708 21:0 21404
21403 57709 21:0 21454
21453 57710 21:0 21470
21472 57741 21:0 21480
21479 57743 21:0 21530
21529 57742 21:0 21546
21545 57744 21:0 21556
21555 57774 21:0 21574
21573 57775 21:0 21622
21621 57776 21:0 21627
21626 57777 21:0 21646
21645 57807 21:0 21698
21697 57809 21:0 21703
21702 57808 21:0 21708
21707 57810 21:0 21774
21773 57843 21:0 21779
21778 57873 21:0 21784
21783 57875 21:0 21839
21838 57874 21:0 21855
21854 57876 21:0 21860
21860 57909 21:0 21926
21928 57939 21:0 21936
21935 57940 21:0 21986
21985 57941 21:0 22002
22001 57675 21:0 22012
22011 57678 21:0 22026
22025 57711 21:0 22078
22077 57841 21:0 22083
22082 57840 21:0 22102
22101 57972 21:0 22154
22153 57973 21:0 22159
22158 58006 21:0 22164
22163 58007 21:0 22230
22229 57908 21:0 22235
22234 57906 21:0 22240
22239 57974 21:0 22295
22294 57842 21:0 22311
22310 57907 21:0 22316
22315 57942 21:0 22371
22370 58005 21:0 22382
22381 57975 21:0 22392
22391 58008 21:0 22441
22440 58038 21:0 22458
22457 58039 21:0 22468
22467 58040 21:0 22474
22469 56696 1:0 22610
22473 58106 21:0 22477
22476 58140 21:0 22485
22482 56695 1:0 22621
22483 56665 1:0 22734
22483 56662 1:0 22752
22484 58073 21:0 22494
22492 56631 1:0 22873
22492 56629 1:0 22883
22495 56597 1:0 23003
22498 56564 1:0 23127
22502 56565 1:0 23135
22511 334 21:0 22525
22531 56563 1:0 23145
22613 56532 1:0 23178
22614 56533 1:0 23258
22623 56531 1:0 23265
22623 56530 1:0 23276
22629 56498 1:0 23309
22634 56500 1:0 23389
22662 56499 1:0 23397
22744 56497 1:0 23407
22745 56467 1:0 23440
22754 56465 1:0 23520
22754 56466 1:0 23528
22760 56464 1:0 23538
22765 56434 1:0 23571
22793 56432 1:0 23651
22875 56433 1:0 23659
22876 56431 1:0 23669
22885 56401 1:0 23702
22885 56399 1:0 23782
22891 56400 1:0 23790
22911 56398 1:0 23800
22965 56366 1:0 23833
23006 56368 1:0 23913
23007 56367 1:0 23921
23016 56365 1:0 23931
23016 56335 1:0 23964
23024 56334 1:0 24044
23042 56333 1:0 24051
23137 56332 1:0 24062
23138 56302 1:0 24095
23138 56300 1:0 24175
23147 56301 1:0 24183
23147 56299 1:0 24193
23155 56268 1:0 24226
23174 56269 1:0 24306
23268 56267 1:0 24313
23269 56266 1:0 24324
23278 56236 1:0 24357
23278 56234 1:0 24437
23284 56235 1:0 24445
23288 56233 1:0 24455
23289 335 1:0 25785
24640 59118 21:0 24657
24656 59119 21:0 24709
24708 59120 21:0 24714
24719 59153 21:0 24785
24787 59183 21:0 24795
24794 59185 21:0 24845
24844 59184 21:0 24861
24860 59186 21:0 24871
24870 59216 21:0 24889
24888 59219 21:0 24937
24939 59249 21:0 24947
24946 59251 21:0 24997
24996 59250 21:0 25013
25012 59252 21:0 25023
25022 59282 21:0 25041
25040 59283 21:0 25089
25088 59284 21:0 25094
25093 59285 21:0 25113
25112 59315 21:0 25165
25164 59316 21:0 25170
25169 59317 21:0 25175
25174 59318 21:0 25241
25240 59151 21:0 25246
25245 59217 21:0 25251
25250 59348 21:0 25306
25305 59117 21:0 25322
25321 59350 21:0 25327
25326 59152 21:0 25382
25381 59384 21:0 25398
25397 59414 21:0 25403
25402 59383 21:0 25453
25452 59381 21:0 25469
25468 59150 21:0 25479
25478 59351 21:0 25497
25496 59218 21:0 25545
25544 59349 21:0 25550
25549 59382 21:0 25569
25568 59416 21:0 25621
25620 59415 21:0 25626
25625 59417 21:0 25631
25630 59447 21:0 25697
25696 59449 21:0 25702
25701 59448 21:0 25707
25706 59548 21:0 25766
25765 59515 21:0 25778
25777 59514 21:0 25783
25782 59549 21:0 25789
25788 59546 21:0 25800
25797 58140 1:0 25918
25798 58106 1:0 26057
25798 58073 1:0 26188
25799 59581 21:0 25803
25802 59580 21:0 25809
25804 58040 1:0 26311
25807 58039 1:0 26318
25807 58038 1:0 26329
25808 59579 21:0 25816
25810 58008 1:0 26362
25813 58007 1:0 26442
25817 58006 1:0 26449
25817 58005 1:0 26460
25826 335 21:0 25840
25839 59481 21:0 25917
25846 57975 1:0 26493
25895 57974 1:0 26573
25916 59483 21:0 25923
25916 57973 1:0 26580
25922 59482 21:0 25931
25928 57972 1:0 26591
25929 57942 1:0 26624
25930 59450 21:0 25934
25932 57941 1:0 26704
25933 59480 21:0 25943
25935 57940 1:0 26711
25938 57939 1:0 26722
25938 57907 1:0 26755
25942 59513 21:0 25971
25944 57909 1:0 26835
25944 57908 1:0 26843
25949 57906 1:0 26853
25970 59516 21:0 26051
25972 57876 1:0 26886
25977 57874 1:0 26966
26031 57875 1:0 26974
26050 59547 21:0 26054
26052 57873 1:0 26984
26053 59582 21:0 26062
26059 57842 1:0 27017
26060 57843 1:0 27097
26061 59612 21:0 26065
26063 57841 1:0 27104
26066 57840 1:0 27115
26069 57810 1:0 27148
26069 57808 1:0 27228
26075 57809 1:0 27236
26080 57807 1:0 27246
26108 57777 1:0 27279
26190 57776 1:0 27359
26191 57775 1:0 27366
26200 57774 1:0 27377
26200 57744 1:0 27410
26206 57742 1:0 27490
26226 57743 1:0 27498
26280 57741 1:0 27508
26321 57711 1:0 27541
26322 57710 1:0 27621
26331 57709 1:0 27628
26331 57708 1:0 27639
26339 57678 1:0 27672
26357 57677 1:0 27752
26358 336 1:0 29100
26452 57676 1:0 27759
26453 57675 1:0 27770
26462 59612 1:0 29120
26462 59582 1:0 29153
26468 59580 1:0 29233
26472 59581 1:0 29241
26501 59579 1:0 29251
26583 59547 1:0 29284
26584 59549 1:0 29364
26593 59548 1:0 29372
26593 59546 1:0 29382
26599 59516 1:0 29415
26604 59514 1:0 29495
26632 59515 1:0 29503
27950 60559 21:0 27958
27958 60562 21:0 28024
28026 60592 21:0 28034
28033 60593 21:0 28084
28083 60594 21:0 28100
28099 60595 21:0 28110
28109 60625 21:0 28128
28127 60628 21:0 28176
28178 60658 21:0 28186
28185 60659 21:0 28236
28235 60660 21:0 28252
28251 60661 21:0 28262
28261 60691 21:0 28280
28279 60692 21:0 28328
28327 60693 21:0 28333
28332 60694 21:0 28352
28351 60724 21:0 28404
28403 60727 21:0 28409
28408 60757 21:0 28414
28413 60759 21:0 28480
28479 60758 21:0 28485
28484 60760 21:0 28490
28489 60725 21:0 28547
28546 60627 21:0 28561
28560 60561 21:0 28566
28565 60560 21:0 28621
28620 60790 21:0 28637
28636 60791 21:0 28642
28641 60793 21:0 28692
28691 60823 21:0 28708
28707 60726 21:0 28718
28717 60792 21:0 28736
28735 60626 21:0 28784
28783 60825 21:0 28789
28788 60824 21:0 28808
28807 60826 21:0 28860
28859 60858 21:0 28865
28864 60859 21:0 28870
28870 60958 21:0 28936
28935 60956 21:0 28941
28940 60924 21:0 28946
28945 60856 21:0 29009
29008 60989 21:0 29017
29016 60891 21:0 29022
29021 60857 21:0 29077
29076 60990 21:0 29093
29092 60988 21:0 29098
29097 60889 21:0 29104
29099 59513 1:0 29513
29103 60923 21:0 29107
29106 60892 21:0 29118
29112 59482 1:0 29546
29113 59483 1:0 29626
29117 60890 21:0 29124
29119 59481 1:0 29633
29122 59480 1:0 29644
29122 59450 1:0 29677
29123 60957 21:0 29127
29125 59448 1:0 29757
29128 59449 1:0 29765
29128 59447 1:0 29775
29132 59417 1:0 29808
29141 336 21:0 29155
29154 60922 21:0 29232
29161 59415 1:0 29888
29210 59416 1:0 29896
29231 60955 21:0 29238
29231 59414 1:0 29906
29237 60925 21:0 29246
29243 59382 1:0 29939
29244 59384 1:0 30019
29245 60991 21:0 29249
29247 59383 1:0 30027
29248 61021 21:0 29258
29250 59381 1:0 30037
29253 59349 1:0 30070
29253 59351 1:0 30150
29257 61023 21:0 29286
29259 59350 1:0 30158
29259 59348 1:0 30168
29264 59318 1:0 30201
29285 61022 21:0 29366
29287 59317 1:0 30281
29292 59316 1:0 30288
29346 59315 1:0 30299
29365 61024 21:0 29369
29367 59285 1:0 30332
29374 59284 1:0 30412
29375 59283 1:0 30419
29384 59282 1:0 30430
29384 59252 1:0 30463
29390 59250 1:0 30543
29395 59251 1:0 30551
29423 59249 1:0 30561
29505 59218 1:0 30594
29506 59219 1:0 30674
29515 59217 1:0 30681
29515 59216 1:0 30692
29521 59186 1:0 30725
29541 59184 1:0 30805
29595 59185 1:0 30813
29636 59183 1:0 30823
29637 59152 1:0 30856
29646 59153 1:0 30936
29646 59151 1:0 30943
29654 59150 1:0 30954
29672 59120 1:0 30987
29767 59119 1:0 31067
29768 59118 1:0 31074
29768 59117 1:0 31085
29777 61024 1:0 32468
29777 337 1:0 32415
29783 61022 1:0 32548
29787 61023 1:0 32556
29816 61021 1:0 32566
29898 60991 1:0 32599
29899 60990 1:0 32679
29908 60989 1:0 32686
29908 60988 1:0 32697
29914 60957 1:0 32730
29919 60958 1:0 32810
31265 62001 21:0 31273
31273 62004 21:0 31339
31341 62034 21:0 31349
31348 62035 21:0 31399
31398 62036 21:0 31415
31414 62037 21:0 31425
31424 62067 21:0 31443
31442 62002 21:0 31491
31493 62100 21:0 31501
31500 62101 21:0 31551
31550 62102 21:0 31567
31566 62103 21:0 31577
31576 62133 21:0 31595
31594 62134 21:0 31643
31642 62135 21:0 31648
31647 62136 21:0 31667
31666 62166 21:0 31719
31718 62169 21:0 31724
31723 62199 21:0 31729
31728 62201 21:0 31795
31794 62200 21:0 31800
31799 62202 21:0 31805
31804 62069 21:0 31860
31859 62070 21:0 31876
31875 62068 21:0 31881
31880 62003 21:0 31936
31935 62168 21:0 31952
31951 62167 21:0 31957
31956 62233 21:0 32007
32006 62266 21:0 32023
32030 62332 21:0 32047
32046 62265 21:0 32099
32098 62334 21:0 32104
32103 62298 21:0 32123
32122 62234 21:0 32175
32174 62301 21:0 32180
32179 62268 21:0 32185
32184 62232 21:0 32251
32250 62235 21:0 32256
32255 62333 21:0 32261
32260 62267 21:0 32316
32315 62300 21:0 32332
32331 62299 21:0 32337
32336 62331 21:0 32392
32391 62364 21:0 32403
32402 62365 21:0 32413
32412 62430 21:0 32419
32414 60956 1:0 32817
32418 62463 21:0 32422
32427 60955 1:0 32828
32428 60925 1:0 32861
32437 60923 1:0 32941
32437 60924 1:0 32949
32443 60922 1:0 32959
32447 60890 1:0 32992
32456 337 21:0 32470
32476 60892 1:0 33072
32558 60891 1:0 33080
32559 60889 1:0 33090
32568 60857 1:0 33123
32568 60859 1:0 33203
32574 60858 1:0 33211
32579 60856 1:0 33221
32607 60826 1:0 33254
32689 60824 1:0 33334
32690 60825 1:0 33342
32699 60823 1:0 33352
32699 60792 1:0 33385
32705 60793 1:0 33465
32710 60791 1:0 33472
32738 60790 1:0 33483
32820 60760 1:0 33516
32821 60758 1:0 33596
32830 60759 1:0 33604
32830 60757 1:0 33614
32836 60726 1:0 33647
32856 60727 1:0 33727
32910 60725 1:0 33734
32951 60724 1:0 33745
32952 60694 1:0 33778
32961 60693 1:0 33858
32961 60692 1:0 33865
32969 60691 1:0 33876
32987 60661 1:0 33909
33082 60660 1:0 33989
33083 60659 1:0 33996
33083 60658 1:0 34007
33092 60626 1:0 34040
33092 60628 1:0 34120
33100 60627 1:0 34128
33119 60625 1:0 34138
33213 60595 1:0 34171
33214 60594 1:0 34251
33223 60593 1:0 34258
33223 60592 1:0 34269
33229 60560 1:0 34302
33233 60562 1:0 34382
33250 60561 1:0 34390
33262 338 1:0 35730
33344 60559 1:0 34400
34580 63443 21:0 34588
34588 63446 21:0 34654
34656 63476 21:0 34664
34663 63477 21:0 34714
34713 63478 21:0 34730
34729 63479 21:0 34740
34739 63511 21:0 34758
34757 63510 21:0 34806
34805 63512 21:0 34811
34810 63542 21:0 34830
34829 63543 21:0 34882
34881 63544 21:0 34887
34886 63545 21:0 34892
34891 63577 21:0 34958
34957 63576 21:0 34963
34962 63578 21:0 34968
34967 63608 21:0 35023
35022 63611 21:0 35039
35038 63641 21:0 35044
35043 63642 21:0 35099
35098 63643 21:0 35115
35114 63644 21:0 35120
35119 63676 21:0 35170
35169 63677 21:0 35186
35185 63445 21:0 35196
35195 63444 21:0 35214
35213 63610 21:0 35262
35261 63575 21:0 35267
35266 63609 21:0 35286
35285 63674 21:0 35338
35337 63509 21:0 35343
35342 63675 21:0 35348
35347 63707 21:0 35414
35413 63708 21:0 35419
35418 63709 21:0 35424
35423 63808 21:0 35485
35484 63806 21:0 35495
35494 63740 21:0 35500
35499 63775 21:0 35555
35554 63742 21:0 35571
35570 63776 21:0 35576
35575 63743 21:0 35626
35625 63710 21:0 35642
35641 63741 21:0 35652
35651 63774 21:0 35674
35673 63807 21:0 35718
35717 63809 21:0 35723
35722 63773 21:0 35734
35733 63839 21:0 35737
35736 63873 21:0 35745
35742 62463 1:0 35881
35743 62430 1:0 36012
35743 62365 1:0 36263
35752 62364 1:0 36274
35752 62333 1:0 36307
35758 62334 1:0 36387
35762 62332 1:0 36394
35771 338 21:0 35785
35791 62331 1:0 36405
35873 62299 1:0 36438
35874 62301 1:0 36518
35883 62300 1:0 36526
35883 62298 1:0 36536
35889 62267 1:0 36569
35894 62268 1:0 36649
35922 62266 1:0 36656
36004 62265 1:0 36667
36005 62235 1:0 36700
36014 62234 1:0 36780
36014 62233 1:0 36787
36020 62232 1:0 36798
36025 62202 1:0 36831
36053 62200 1:0 36911
36135 62201 1:0 36919
36136 62199 1:0 36929
36145 62167 1:0 36962
36145 62169 1:0 37042
36151 62168 1:0 37050
36171 62166 1:0 37060
36225 62136 1:0 37093
36266 62135 1:0 37173
36267 62134 1:0 37180
36276 62133 1:0 37191
36276 62103 1:0 37224
36284 62102 1:0 37304
36302 62101 1:0 37311
36397 62100 1:0 37322
36398 62068 1:0 37355
36398 62070 1:0 37435
36407 62069 1:0 37443
36407 62067 1:0 37453
36415 62037 1:0 37486
36434 62036 1:0 37566
36528 62035 1:0 37573
36529 62034 1:0 37584
36538 62003 1:0 37617
36538 62004 1:0 37697
36544 62002 1:0 37704
36548 62001 1:0 37715
36549 339 1:0 39045
37900 64887 21:0 37917
37916 64886 21:0 37969
37971 64918 21:0 37979
37978 64920 21:0 38029
38028 64919 21:0 38045
38044 64921 21:0 38055
38054 64951 21:0 38073
38072 64954 21:0 38121
38123 64984 21:0 38131
38130 64986 21:0 38181
38180 64985 21:0 38197
38196 64987 21:0 38207
38206 65017 21:0 38225
38224 65019 21:0 38273
38272 65018 21:0 38278
38277 65020 21:0 38297
38296 65050 21:0 38349
38348 65053 21:0 38354
38353 65083 21:0 38359
38358 65085 21:0 38425
38424 65084 21:0 38430
38429 65086 21:0 38435
38435 65119 21:0 38501
38503 65149 21:0 38511
38510 64885 21:0 38561
38560 64888 21:0 38577
38576 65116 21:0 38587
38586 65184 21:0 38605
38604 65052 21:0 38653
38652 65183 21:0 38658
38660 65217 21:0 38677
38676 65185 21:0 38729
38728 65117 21:0 38734
38733 65215 21:0 38753
38752 64953 21:0 38805
38804 65151 21:0 38810
38809 64952 21:0 38815
38814 65118 21:0 38881
38880 65216 21:0 38886
38885 65182 21:0 38891
38890 65283 21:0 38946
38945 65152 21:0 38962
38961 65150 21:0 38967
38966 65281 21:0 39022
39021 65250 21:0 39033
39032 65249 21:0 39043
39042 65282 21:0 39049
39044 63873 1:0 39316
39048 65314 21:0 39052
39051 65251 21:0 39063
39057 63839 1:0 39458
39058 63809 1:0 39491
39062 65315 21:0 39069
39064 63807 1:0 39571
39067 63808 1:0 39579
39067 63806 1:0 39589
39068 65348 21:0 39072
39070 63774 1:0 39622
39073 63776 1:0 39702
39073 63775 1:0 39710
39077 63773 1:0 39720
39086 339 21:0 39100
39099 65349 21:0 39179
39106 63741 1:0 39753
39155 63743 1:0 39833
39178 65350 21:0 39183
39180 63742 1:0 39841
39182 65218 21:0 39191
39188 63740 1:0 39851
39189 63710 1:0 39884
39190 65284 21:0 39194
39192 63709 1:0 39964
39193 65248 21:0 39203
39195 63708 1:0 39971
39198 63707 1:0 39982
39198 63675 1:0 40015
39202 65316 21:0 39231
39204 63677 1:0 40095
39204 63676 1:0 40103
39209 63674 1:0 40113
39230 65347 21:0 39311
39232 63644 1:0 40146
39237 63643 1:0 40226
39291 63642 1:0 40233
39310 65051 21:0 39314
39312 63641 1:0 40244
39313 65317 21:0 39322
39319 63609 1:0 40277
39320 63611 1:0 40357
39323 63610 1:0 40365
39329 63608 1:0 40375
39329 63578 1:0 40408
39335 63576 1:0 40488
39340 63577 1:0 40496
39368 63575 1:0 40506
39450 63545 1:0 40539
39451 63544 1:0 40619
39460 63543 1:0 40626
39460 63542 1:0 40637
39466 63512 1:0 40670
39486 63510 1:0 40750
39540 63511 1:0 40758
39581 63509 1:0 40768
39582 63479 1:0 40801
39591 63478 1:0 40881
39591 63477 1:0 40888
39599 63476 1:0 40899
39617 63444 1:0 40932
39712 63446 1:0 41012
39713 63445 1:0 41020
39713 63443 1:0 41030
39722 65350 1:0 42413
39722 340 1:0 42360
39728 65349 1:0 42493
39732 65348 1:0 42500
39761 65347 1:0 42511
39843 65317 1:0 42544
39844 65316 1:0 42624
39853 65315 1:0 42631
39853 65314 1:0 42642
39859 65284 1:0 42675
39864 65282 1:0 42755
39892 65283 1:0 42763
41215 66328 21:0 41232
41231 66329 21:0 41284
41286 66360 21:0 41294
41293 66361 21:0 41344
41343 66330 21:0 41360
41362 66393 21:0 41370
41369 66395 21:0 41420
41419 66394 21:0 41436
41435 66396 21:0 41446
41445 66426 21:0 41464
41463 66428 21:0 41512
41511 66427 21:0 41517
41516 66429 21:0 41536
41535 66459 21:0 41588
41587 66462 21:0 41593
41592 66492 21:0 41598
41597 66494 21:0 41664
41663 66493 21:0 41669
41668 66495 21:0 41674
41673 66525 21:0 41732
41731 66527 21:0 41745
41744 66526 21:0 41750
41749 66528 21:0 41805
41804 66561 21:0 41821
41820 66591 21:0 41826
41825 66592 21:0 41876
41875 66593 21:0 41892
41891 66327 21:0 41902
41901 66362 21:0 41922
41921 66363 21:0 41968
41967 66560 21:0 41973
41972 66559 21:0 41992
41991 66461 21:0 42044
42043 66558 21:0 42049
42048 66594 21:0 42056
42055 66460 21:0 42120
42119 66624 21:0 42125
42124 66626 21:0 42130
42129 66625 21:0 42196
42198 66756 21:0 42206
42205 66757 21:0 42256
42255 66690 21:0 42272
42271 66758 21:0 42282
42281 66723 21:0 42300
42299 66724 21:0 42348
42347 66726 21:0 42353
42352 66657 21:0 42364
42363 66658 21:0 42367
42366 66692 21:0 42375
42372 65281 1:0 42773
42373 65251 1:0 42806
42373 65249 1:0 42886
42374 66693 21:0 42384
42382 65250 1:0 42894
42382 65248 1:0 42904
42383 66627 21:0 42387
42385 65218 1:0 42937
42388 65216 1:0 43017
42388 65217 1:0 43025
42392 65215 1:0 43035
42401 340 21:0 42415
42414 66660 21:0 42495
42421 65185 1:0 43068
42470 65183 1:0 43148
42494 66659 21:0 42498
42496 65184 1:0 43156
42497 66691 21:0 42506
42503 65182 1:0 43166
42504 65150 1:0 43199
42505 66725 21:0 42509
42507 65152 1:0 43279
42510 65151 1:0 43287
42513 65149 1:0 43297
42513 65118 1:0 43330
42519 65119 1:0 43410
42524 65117 1:0 43417
42552 65116 1:0 43428
42634 65086 1:0 43461
42635 65084 1:0 43541
42644 65085 1:0 43549
42644 65083 1:0 43559
42650 65051 1:0 43592
42655 65053 1:0 43672
42683 65052 1:0 43680
42765 65050 1:0 43690
42766 65020 1:0 43723
42775 65018 1:0 43803
42775 65019 1:0 43811
42781 65017 1:0 43821
42801 64987 1:0 43854
42855 64985 1:0 43934
42896 64986 1:0 43942
42897 64984 1:0 43952
42906 64952 1:0 43985
42906 64954 1:0 44065
42914 64953 1:0 44073
42932 64951 1:0 44083
43027 64921 1:0 44116
43028 64919 1:0 44196
43028 64920 1:0 44204
43037 64918 1:0 44214
43037 64888 1:0 44247
43045 64886 1:0 44327
43064 64887 1:0 44335
43076 341 1:0 45675
43158 64885 1:0 44345
43159 66758 1:0 45939
43168 66757 1:0 45946
43168 66756 1:0 45957
43174 66725 1:0 45990
43179 66726 1:0 46070
43207 66724 1:0 46077
44530 67771 21:0 44547
44546 67770 21:0 44599
44601 67802 21:0 44609
44608 67803 21:0 44659
44658 67804 21:0 44675
44677 67835 21:0 44685
44684 67836 21:0 44735
44734 67805 21:0 44751
44753 67868 21:0 44761
44760 67869 21:0 44811
44810 67870 21:0 44827
44826 67871 21:0 44837
44836 67901 21:0 44855
44854 67903 21:0 44903
44902 67902 21:0 44908
44907 67904 21:0 44927
44926 67934 21:0 44979
44981 67967 21:0 44989
44988 67968 21:0 45039
45038 67969 21:0 45055
45054 67970 21:0 45065
45064 68000 21:0 45083
45082 68002 21:0 45131
45130 68001 21:0 45136
45135 67838 21:0 45155
45154 67769 21:0 45207
45206 67837 21:0 45212
45211 67772 21:0 45217
45216 68003 21:0 45283
45282 67935 21:0 45288
45287 68067 21:0 45293
45292 68035 21:0 45348
45347 68100 21:0 45364
45363 68036 21:0 45369
45368 68102 21:0 45424
45423 68034 21:0 45437
45436 68101 21:0 45445
45444 68068 21:0 45495
45494 68132 21:0 45511
45510 67936 21:0 45521
45520 68066 21:0 45539
45538 67937 21:0 45587
45586 68099 21:0 45592
45591 68069 21:0 45611
45610 68033 21:0 45663
45662 68134 21:0 45668
45667 68133 21:0 45673
45672 68135 21:0 45682
45687 66723 1:0 46088
45688 66691 1:0 46121
45697 66693 1:0 46201
45697 66692 1:0 46209
45703 66690 1:0 46219
45707 66659 1:0 46252
45716 341 21:0 45730
45736 66660 1:0 46332
45818 66658 1:0 46339
45819 66657 1:0 46350
45828 66627 1:0 46383
45828 66625 1:0 46463
45834 66626 1:0 46471
45839 66624 1:0 46481
45867 66594 1:0 46514
45949 66593 1:0 46594
45950 66592 1:0 46601
45959 66591 1:0 46612
45959 66559 1:0 46645
45965 66561 1:0 46725
45970 66560 1:0 46733
45998 66558 1:0 46743
46080 66528 1:0 46776
46081 66526 1:0 46856
46090 66527 1:0 46864
46090 66525 1:0 46874
46096 66495 1:0 46907
46116 66493 1:0 46987
46170 66494 1:0 46995
46211 66492 1:0 47005
46212 66460 1:0 47038
46221 66462 1:0 47118
46221 66461 1:0 47126
46229 66459 1:0 47136
46247 66429 1:0 47169
46342 66427 1:0 47249
46343 66428 1:0 47257
46343 66426 1:0 47267
46352 66396 1:0 47300
46352 66394 1:0 47380
46360 66395 1:0 47388
46379 66393 1:0 47398
46473 66363 1:0 47431
46474 66362 1:0 47511
46483 66361 1:0 47518
46483 66360 1:0 47529
46489 66330 1:0 47562
46493 66329 1:0 47642
46510 66328 1:0 47649
46522 342 1:0 48990
46604 66327 1:0 47660
47845 69213 21:0 47862
47861 69212 21:0 47914
47913 69214 21:0 47919
47918 69244 21:0 47938
47937 69245 21:0 47990
47989 69246 21:0 47995
47997 69279 21:0 48014
48013 69278 21:0 48066
48065 69277 21:0 48071
48070 69280 21:0 48090
48089 69310 21:0 48142
48141 69313 21:0 48147
48146 69343 21:0 48152
48151 69344 21:0 48218
48217 69345 21:0 48223
48222 69346 21:0 48228
48227 69376 21:0 48283
48282 69377 21:0 48299
48298 69378 21:0 48304
48303 69379 21:0 48359
48358 69409 21:0 48370
48369 69411 21:0 48380
48379 69410 21:0 48423
48422 69442 21:0 48446
48445 69247 21:0 48456
48455 69312 21:0 48470
48469 69311 21:0 48522
48521 69445 21:0 48527
48526 69443 21:0 48546
48545 69412 21:0 48598
48597 69211 21:0 48603
48602 69476 21:0 48608
48607 69509 21:0 48674
48673 69444 21:0 48679
48678 69478 21:0 48684
48683 69511 21:0 48739
48738 69510 21:0 48755
48754 69475 21:0 48760
48759 69508 21:0 48815
48814 69541 21:0 48827
48826 69477 21:0 48836
48835 69543 21:0 48886
48885 69542 21:0 48902
48901 69544 21:0 48912
48911 69673 21:0 48930
48929 69608 21:0 48978
48977 69676 21:0 48983
48982 69640 21:0 48994
48993 69607 21:0 48997
48996 69641 21:0 49001
49000 69675 21:0 49001
49002 68135 1:0 49436
49002 68133 1:0 49516
49002 68134 1:0 49524
49003 68132 1:0 49534
49012 68101 1:0 49567
49012 68102 1:0 49647
49018 68100 1:0 49654
49022 68099 1:0 49665
49031 342 21:0 49045
49051 68069 1:0 49698
49133 68068 1:0 49778
49134 68067 1:0 49785
49143 68066 1:0 49796
49143 68034 1:0 49829
49149 68036 1:0 49909
49154 68035 1:0 49917
49182 68033 1:0 49927
49264 68003 1:0 49960
49265 68001 1:0 50040
49274 68002 1:0 50048
49274 68000 1:0 50058
49280 67970 1:0 50091
49285 67969 1:0 50171
49313 67968 1:0 50178
49395 67967 1:0 50189
49396 67937 1:0 50222
49405 67936 1:0 50302
49405 67935 1:0 50309
49411 67934 1:0 50320
49431 67904 1:0 50353
49485 67902 1:0 50433
49526 67903 1:0 50441
49527 67901 1:0 50451
49536 67871 1:0 50484
49536 67870 1:0 50564
49544 67869 1:0 50571
49562 67868 1:0 50582
49657 67837 1:0 50615
49658 67838 1:0 50695
49658 67836 1:0 50702
49667 67835 1:0 50713
49667 67805 1:0 50746
49675 67804 1:0 50826
49694 67803 1:0 50833
49706 343 1:0 52305
49788 67802 1:0 50844
49789 67772 1:0 50877
49798 67770 1:0 50957
49798 67771 1:0 50965
49804 67769 1:0 50975
51160 70655 21:0 51177
51176 70654 21:0 51229
51228 70656 21:0 51234
51239 70689 21:0 51305
51307 70719 21:0 51315
51314 70720 21:0 51365
51364 70721 21:0 51381
51380 70722 21:0 51391
51390 70752 21:0 51409
51408 70754 21:0 51457
51456 70753 21:0 51462
51461 70755 21:0 51481
51480 70785 21:0 51533
51532 70786 21:0 51538
51537 70787 21:0 51543
51542 70788 21:0 51609
51608 70818 21:0 51614
51613 70821 21:0 51619
51618 70851 21:0 51674
51673 70852 21:0 51690
51689 70853 21:0 51695
51695 70887 21:0 51761
51763 70917 21:0 51771
51770 70686 21:0 51821
51820 70653 21:0 51837
51836 70687 21:0 51847
51846 70820 21:0 51865
51864 70886 21:0 51913
51912 70854 21:0 51918
51917 70819 21:0 51937
51936 70884 21:0 51989
51988 70688 21:0 51994
51993 70885 21:0 51999
51998 70918 21:0 52065
52064 70919 21:0 52070
52069 70950 21:0 52075
52074 70951 21:0 52130
52129 70953 21:0 52146
52145 71017 21:0 52151
52150 70920 21:0 52206
52205 70983 21:0 52221
52220 70986 21:0 52227
52226 71049 21:0 52277
52276 70952 21:0 52293
52292 71019 21:0 52303
52302 71016 21:0 52309
52304 69676 1:0 52438
52308 71051 21:0 52312
52311 71018 21:0 52320
52317 69675 1:0 52446
52318 69673 1:0 52456
52318 69641 1:0 52576
52319 71052 21:0 52329
52327 69640 1:0 52587
52327 69608 1:0 52707
52328 70984 21:0 52332
52330 69607 1:0 52718
52333 69544 1:0 52882
52333 69542 1:0 52962
52337 69543 1:0 52970
52346 343 21:0 52360
52359 70985 21:0 52437
52366 69541 1:0 52980
52415 69510 1:0 53013
52436 71050 21:0 52443
52436 69511 1:0 53093
52448 69509 1:0 53100
52449 69508 1:0 53111
52458 69477 1:0 53144
52458 69478 1:0 53224
52464 69476 1:0 53231
52469 69475 1:0 53242
52497 69444 1:0 53275
52579 69445 1:0 53355
52580 69443 1:0 53362
52589 69442 1:0 53373
52589 69412 1:0 53406
52595 69410 1:0 53486
52600 69411 1:0 53494
52628 69409 1:0 53504
52710 69379 1:0 53537
52711 69378 1:0 53617
52720 69377 1:0 53624
52720 69376 1:0 53635
52726 69346 1:0 53668
52746 69345 1:0 53748
52800 69344 1:0 53755
52841 69343 1:0 53766
52842 69311 1:0 53799
52851 69313 1:0 53879
52851 69312 1:0 53887
52859 69310 1:0 53897
52877 69280 1:0 53930
52972 69278 1:0 54010
52973 69279 1:0 54018
52973 69277 1:0 54028
52982 69247 1:0 54061
52982 69246 1:0 54141
52990 69245 1:0 54148
53009 69244 1:0 54159
53021 344 1:0 55620
53103 69214 1:0 54192
53104 69212 1:0 54272
53113 69213 1:0 54280
53113 69211 1:0 54290
53119 71050 1:0 55935
53124 71052 1:0 56015
53152 71051 1:0 56023
54470 72095 21:0 54478
54478 72098 21:0 54544
54546 72128 21:0 54554
54553 72130 21:0 54604
54603 72129 21:0 54620
54619 72131 21:0 54630
54629 72161 21:0 54648
54647 72164 21:0 54696
54698 72194 21:0 54706
54705 72196 21:0 54756
54755 72195 21:0 54772
54771 72197 21:0 54782
54781 72227 21:0 54800
54799 72228 21:0 54848
54847 72229 21:0 54853
54852 72230 21:0 54872
54871 72260 21:0 54924
54923 72263 21:0 54929
54928 72293 21:0 54934
54933 72295 21:0 55000
54999 72294 21:0 55005
55004 72296 21:0 55010
55009 72262 21:0 55067
55066 72097 21:0 55081
55080 72162 21:0 55086
55085 72163 21:0 55141
55140 72096 21:0 55157
55156 72261 21:0 55162
55161 72394 21:0 55212
55211 72328 21:0 55228
55227 72393 21:0 55238
55237 72326 21:0 55256
55255 72359 21:0 55304
55303 72329 21:0 55309
55308 72360 21:0 55328
55327 72327 21:0 55380
55379 72395 21:0 55385
55384 72392 21:0 55390
55389 72362 21:0 55456
55455 72425 21:0 55461
55460 72361 21:0 55466
55465 72426 21:0 55528
55527 72427 21:0 55537
55536 72492 21:0 55542
55541 72527 21:0 55597
55596 72525 21:0 55613
55612 72459 21:0 55618
55617 72458 21:0 55624
55619 71049 1:0 56033
55623 72494 21:0 55627
55626 72560 21:0 55638
55632 71018 1:0 56066
55633 71019 1:0 56146
55639 71017 1:0 56153
55642 71016 1:0 56164
55642 70985 1:0 56197
55648 70986 1:0 56277
55652 70984 1:0 56284
55661 344 21:0 55675
55681 70983 1:0 56295
55763 70952 1:0 56328
55764 70953 1:0 56408
55773 70951 1:0 56415
55773 70950 1:0 56426
55779 70920 1:0 56459
55784 70919 1:0 56539
55812 70918 1:0 56546
55894 70917 1:0 56557
55895 70885 1:0 56590
55904 70887 1:0 56670
55904 70886 1:0 56678
55910 70884 1:0 56688
55915 70854 1:0 56721
55943 70853 1:0 56801
56025 70852 1:0 56808
56026 70851 1:0 56819
56035 70819 1:0 56852
56035 70821 1:0 56932
56041 70820 1:0 56940
56061 70818 1:0 56950
56115 70788 1:0 56983
56156 70787 1:0 57063
56157 70786 1:0 57070
56166 70785 1:0 57081
56166 70755 1:0 57114
56174 70753 1:0 57194
56192 70754 1:0 57202
56287 70752 1:0 57212
56288 70722 1:0 57245
56288 70721 1:0 57325
56297 70720 1:0 57332
56297 70719 1:0 57343
56305 70688 1:0 57376
56324 70689 1:0 57456
56418 70687 1:0 57463
56419 70686 1:0 57474
56428 70656 1:0 57507
56428 70654 1:0 57587
56434 70655 1:0 57595
56438 70653 1:0 57605
56439 345 1:0 58935
57785 73537 21:0 57793
57793 73540 21:0 57859
57861 73570 21:0 57869
57868 73571 21:0 57919
57918 73572 21:0 57935
57934 73573 21:0 57945
57944 73603 21:0 57963
57962 73606 21:0 58011
58013 73636 21:0 58021
58021 73639 21:0 58087
58089 73669 21:0 58097
58096 73670 21:0 58147
58146 73671 21:0 58163
58162 73672 21:0 58173
58172 73704 21:0 58191
58190 73703 21:0 58239
58238 73705 21:0 58244
58243 73735 21:0 58263
58262 73737 21:0 58315
58314 73736 21:0 58320
58319 73738 21:0 58325
58324 73768 21:0 58391
58390 73638 21:0 58396
58395 73770 21:0 58401
58400 73637 21:0 58458
58457 73539 21:0 58472
58471 73702 21:0 58477
58476 73769 21:0 58532
58531 73538 21:0 58548
58547 73605 21:0 58553
58552 73604 21:0 58603
58602 73771 21:0 58619
58618 73804 21:0 58629
58628 73869 21:0 58647
58646 73836 21:0 58695
58694 73803 21:0 58700
58699 73802 21:0 58719
58718 73837 21:0 58771
58770 73801 21:0 58776
58775 73936 21:0 58781
58780 73933 21:0 58847
58846 73900 21:0 58852
58851 73903 21:0 58857
58856 73868 21:0 58919
58918 73934 21:0 58928
58927 73901 21:0 58933
58932 73902 21:0 58939
58938 73966 21:0 58950
58947 72560 1:0 59068
58948 72527 1:0 59199
58948 72525 1:0 59206
58949 73867 21:0 58953
58952 73834 21:0 58959
58954 72494 1:0 59330
58957 72492 1:0 59337
58957 72459 1:0 59468
58958 73935 21:0 58968
58960 72458 1:0 59479
58963 72427 1:0 59592
58967 72426 1:0 59599
58969 72425 1:0 59610
58976 345 21:0 58990
58989 73870 21:0 59067
58996 72395 1:0 59643
59045 72393 1:0 59723
59066 73835 21:0 59073
59066 72394 1:0 59731
59072 73968 21:0 59081
59078 72392 1:0 59741
59079 72361 1:0 59774
59080 73967 21:0 59084
59082 72362 1:0 59854
59083 73969 21:0 59093
59085 72360 1:0 59861
59088 72359 1:0 59872
59088 72327 1:0 59905
59092 73999 21:0 59121
59094 72329 1:0 59985
59094 72328 1:0 59993
59099 72326 1:0 60003
59122 72296 1:0 60036
59127 72294 1:0 60116
59209 72295 1:0 60124
59210 72293 1:0 60134
59219 72261 1:0 60167
59219 72263 1:0 60247
59225 72262 1:0 60255
59230 72260 1:0 60265
59258 72230 1:0 60298
59340 72229 1:0 60378
59341 72228 1:0 60385
59350 72227 1:0 60396
59350 72197 1:0 60429
59356 72195 1:0 60509
59376 72196 1:0 60517
59430 72194 1:0 60527
59471 72163 1:0 60560
59472 72164 1:0 60640
59481 72162 1:0 60647
59481 72161 1:0 60658
59489 72131 1:0 60691
59507 72129 1:0 60771
59602 72130 1:0 60779
59603 72128 1:0 60789
59603 72096 1:0 60822
59612 72098 1:0 60902
59612 72097 1:0 60910
59620 72095 1:0 60920
59622 346 1:0 62250
59651 73999 1:0 62401
59733 73969 1:0 62434
59734 73967 1:0 62514
59743 73968 1:0 62522
59743 73966 1:0 62532
59749 73935 1:0 62565
59754 73936 1:0 62645
61100 74979 21:0 61108
61108 74982 21:0 61174
61176 75012 21:0 61184
61183 75013 21:0 61234
61233 75014 21:0 61250
61249 75015 21:0 61260
61259 75045 21:0 61278
61277 75047 21:0 61326
61325 75046 21:0 61331
61330 75048 21:0 61350
61349 75078 21:0 61402
61401 75079 21:0 61407
61406 75080 21:0 61412
61411 75081 21:0 61478
61477 75111 21:0 61483
61482 75113 21:0 61488
61487 75114 21:0 61543
61542 75112 21:0 61559
61558 75145 21:0 61564
61563 75146 21:0 61619
61618 75147 21:0 61635
61634 75177 21:0 61640
61640 75213 21:0 61706
61708 75243 21:0 61716
61715 75244 21:0 61766
61765 74981 21:0 61782
61781 75245 21:0 61792
61791 75246 21:0 61810
61809 75212 21:0 61858
61857 75210 21:0 61863
61862 75144 21:0 61882
61881 75178 21:0 61934
61933 74980 21:0 61939
61938 75211 21:0 61944
61943 75310 21:0 62010
62009 75179 21:0 62015
62014 75180 21:0 62020
62019 75279 21:0 62078
62077 75278 21:0 62091
62090 75276 21:0 62096
62095 75311 21:0 62151
62150 75309 21:0 62167
62166 75342 21:0 62172
62171 75277 21:0 62222
62221 75312 21:0 62238
62237 75344 21:0 62248
62247 75343 21:0 62254
62249 73934 1:0 62652
62253 75345 21:0 62257
62256 75474 21:0 62268
62262 73933 1:0 62663
62263 73902 1:0 62696
62269 73903 1:0 62776
62272 73901 1:0 62783
62272 73900 1:0 62794
62278 73870 1:0 62827
62282 73868 1:0 62907
62291 346 21:0 62305
62311 73869 1:0 62915
62393 73867 1:0 62925
62394 73835 1:0 62958
62403 73837 1:0 63038
62403 73836 1:0 63046
62409 73834 1:0 63056
62414 73802 1:0 63089
62442 73804 1:0 63169
62524 73803 1:0 63177
62525 73801 1:0 63187
62534 73771 1:0 63220
62534 73769 1:0 63300
62540 73770 1:0 63308
62545 73768 1:0 63318
62573 73738 1:0 63351
62655 73736 1:0 63431
62656 73737 1:0 63439
62665 73735 1:0 63449
62665 73705 1:0 63482
62671 73703 1:0 63562
62691 73704 1:0 63570
62745 73702 1:0 63580
62786 73672 1:0 63613
62787 73671 1:0 63693
62796 73670 1:0 63700
62796 73669 1:0 63711
62804 73637 1:0 63744
62822 73639 1:0 63824
62917 73638 1:0 63832
62918 73636 1:0 63842
62918 73604 1:0 63875
62927 73606 1:0 63955
62927 73605 1:0 63963
62935 73603 1:0 63973
62954 73573 1:0 64006
63048 73572 1:0 64086
63049 73571 1:0 64093
63058 73570 1:0 64104
63058 73538 1:0 64137
63064 73540 1:0 64217
63068 73539 1:0 64225
63085 73537 1:0 64235
63097 347 1:0 65565
64420 76423 21:0 64437
64436 76424 21:0 64489
64488 76422 21:0 64494
64496 76456 21:0 64513
64512 76457 21:0 64565
64567 76487 21:0 64575
64574 76488 21:0 64625
64624 76489 21:0 64641
64640 76490 21:0 64651
64650 76520 21:0 64669
64668 76522 21:0 64717
64716 76521 21:0 64722
64721 76523 21:0 64741
64740 76553 21:0 64793
64792 76554 21:0 64798
64797 76555 21:0 64803
64802 76556 21:0 64869
64868 76586 21:0 64874
64873 76588 21:0 64879
64878 76587 21:0 64935
64934 76589 21:0 64950
64949 76619 21:0 64955
64954 76620 21:0 65010
65009 76621 21:0 65026
65025 76622 21:0 65031
65030 76421 21:0 65081
65080 76653 21:0 65097
65096 76688 21:0 65107
65106 76687 21:0 65125
65124 76686 21:0 65173
65172 76685 21:0 65178
65177 76454 21:0 65197
65196 76654 21:0 65249
65248 76655 21:0 65254
65253 76455 21:0 65259
65258 76652 21:0 65325
65324 76718 21:0 65330
65329 76719 21:0 65335
65334 76720 21:0 65397
65396 76721 21:0 65406
65405 76817 21:0 65411
65410 76818 21:0 65466
65465 76819 21:0 65482
65481 76784 21:0 65487
65486 76820 21:0 65537
65536 76754 21:0 65553
65552 76853 21:0 65563
65562 76851 21:0 65569
65564 75474 1:0 65585
65568 76852 21:0 65572
65571 76850 21:0 65583
65577 75345 1:0 66011
65578 75343 1:0 66091
65582 76785 21:0 65589
65584 75344 1:0 66099
65587 75342 1:0 66109
65587 75312 1:0 66142
65588 76751 21:0 65592
65590 75311 1:0 66222
65593 75310 1:0 66229
65593 75309 1:0 66240
65597 75277 1:0 66273
65606 347 21:0 65620
65619 76752 21:0 65696
65626 75279 1:0 66353
65675 75278 1:0 66361
65695 76786 21:0 65703
65696 75276 1:0 66371
65702 76753 21:0 65711
65708 75246 1:0 66404
65709 75245 1:0 66484
65710 76787 21:0 65714
65712 75244 1:0 66491
65713 76883 21:0 65723
65715 75243 1:0 66502
65718 75211 1:0 66535
65718 75213 1:0 66615
65722 76885 21:0 65751
65724 75212 1:0 66623
65724 75210 1:0 66633
65729 75180 1:0 66666
65750 76884 21:0 65831
65752 75179 1:0 66746
65757 75178 1:0 66753
65811 75177 1:0 66764
65830 76886 21:0 65834
65832 75147 1:0 66797
65839 75146 1:0 66877
65840 75145 1:0 66884
65849 75144 1:0 66895
65849 75112 1:0 66928
65855 75114 1:0 67008
65860 75113 1:0 67016
65888 75111 1:0 67026
65970 75081 1:0 67059
65971 75080 1:0 67139
65980 75079 1:0 67146
65980 75078 1:0 67157
65986 75048 1:0 67190
66006 75046 1:0 67270
66060 75047 1:0 67278
66101 75045 1:0 67288
66102 75015 1:0 67321
66111 75014 1:0 67401
66111 75013 1:0 67408
66119 75012 1:0 67419
66137 74980 1:0 67452
66232 74982 1:0 67532
66233 74981 1:0 67540
66233 74979 1:0 67550
66242 76886 1:0 68933
66242 348 1:0 68880
66248 76884 1:0 69013
66252 76885 1:0 69021
66281 76883 1:0 69031
66363 76852 1:0 69064
66364 76853 1:0 69144
66373 76851 1:0 69151
66373 76850 1:0 69162
66379 76820 1:0 69195
67730 77863 21:0 67738
67738 77866 21:0 67804
67806 77896 21:0 67814
67813 77897 21:0 67864
67863 77898 21:0 67880
67879 77899 21:0 67890
67890 77932 21:0 67956
67955 77865 21:0 67961
67963 77963 21:0 67980
67979 77964 21:0 68032
68031 77965 21:0 68037
68039 77997 21:0 68056
68055 77996 21:0 68108
68107 77998 21:0 68113
68118 78031 21:0 68184
68186 78061 21:0 68194
68193 78063 21:0 68244
68243 78062 21:0 68260
68259 78064 21:0 68270
68269 78094 21:0 68288
68287 78096 21:0 68336
68335 78095 21:0 68341
68340 77931 21:0 68360
68359 77864 21:0 68412
68411 77929 21:0 68417
68416 77930 21:0 68422
68421 78029 21:0 68488
68487 77995 21:0 68493
68492 77962 21:0 68498
68497 78030 21:0 68556
68555 78028 21:0 68569
68568 78097 21:0 68574
68573 78193 21:0 68629
68628 78226 21:0 68645
68644 78129 21:0 68650
68649 78161 21:0 68700
68699 78194 21:0 68716
68715 78162 21:0 68726
68725 78262 21:0 68744
68743 78160 21:0 68792
68791 78228 21:0 68797
68796 78128 21:0 68816
68815 78127 21:0 68868
68867 78196 21:0 68873
68872 78261 21:0 68878
68877 78227 21:0 68887
68886 78195 21:0 68895
68892 76819 1:0 69275
68893 76818 1:0 69282
68893 76817 1:0 69293
68894 78292 21:0 68898
68897 78163 21:0 68907
68899 76787 1:0 69326
68902 76786 1:0 69406
68902 76785 1:0 69413
68908 76784 1:0 69424
68908 76753 1:0 69457
68912 76754 1:0 69537
68921 348 21:0 68935
68934 78260 21:0 69011
68941 76752 1:0 69544
68990 76751 1:0 69555
69010 78229 21:0 69018
69011 76721 1:0 69588
69017 78259 21:0 69026
69023 76720 1:0 69668
69024 76719 1:0 69675
69025 78130 21:0 69029
69027 76718 1:0 69686
69028 78293 21:0 69038
69030 76686 1:0 69719
69033 76688 1:0 69799
69033 76687 1:0 69807
69037 78294 21:0 69066
69039 76685 1:0 69817
69039 76655 1:0 69850
69044 76654 1:0 69930
69067 76653 1:0 69937
69072 76652 1:0 69948
69154 76622 1:0 69981
69155 76621 1:0 70061
69164 76620 1:0 70068
69164 76619 1:0 70079
69170 76589 1:0 70112
69175 76587 1:0 70192
69203 76588 1:0 70200
69285 76586 1:0 70210
69286 76556 1:0 70243
69295 76555 1:0 70323
69295 76554 1:0 70330
69301 76553 1:0 70341
69321 76523 1:0 70374
69375 76521 1:0 70454
69416 76522 1:0 70462
69417 76520 1:0 70472
69426 76490 1:0 70505
69426 76489 1:0 70585
69434 76488 1:0 70592
69452 76487 1:0 70603
69547 76455 1:0 70636
69548 76457 1:0 70716
69548 76456 1:0 70724
69557 76454 1:0 70734
69557 76422 1:0 70767
69565 76424 1:0 70847
69584 76423 1:0 70855
69596 349 1:0 72195
69678 76421 1:0 70865
69679 78294 1:0 72459
69688 78293 1:0 72466
69688 78292 1:0 72477
69694 78260 1:0 72510
69699 78262 1:0 72590
71045 79305 21:0 71053
71053 79308 21:0 71119
71121 79338 21:0 71129
71128 79339 21:0 71179
71178 79340 21:0 71195
71194 79341 21:0 71205
71205 79374 21:0 71271
71270 79371 21:0 71276
71275 79373 21:0 71281
71280 79372 21:0 71346
71345 79404 21:0 71352
71351 79405 21:0 71357
71356 79406 21:0 71412
71411 79407 21:0 71428
71427 79437 21:0 71433
71432 79438 21:0 71483
71482 79439 21:0 71499
71498 79440 21:0 71509
71508 79473 21:0 71531
71530 79503 21:0 71575
71574 79505 21:0 71580
71579 79504 21:0 71599
71598 79506 21:0 71651
71650 79538 21:0 71656
71655 79537 21:0 71671
71670 79571 21:0 71727
71726 79539 21:0 71732
71734 79603 21:0 71751
71750 79572 21:0 71803
71802 79570 21:0 71808
71807 79472 21:0 71827
71826 79306 21:0 71879
71878 79471 21:0 71884
71883 79602 21:0 71889
71888 79470 21:0 71955
71954 79536 21:0 71960
71959 79604 21:0 71965
71964 79569 21:0 72020
72019 79307 21:0 72036
72035 79605 21:0 72041
72040 79668 21:0 72096
72095 79638 21:0 72107
72106 79669 21:0 72117
72116 79636 21:0 72162
72161 79637 21:0 72183
72182 79635 21:0 72193
72192 79670 21:0 72199
72194 78261 1:0 72598
72198 79671 21:0 72202
72201 79800 21:0 72206
72205 79736 21:0 72206
72207 78259 1:0 72608
72207 78229 1:0 72641
72207 78227 1:0 72721
72208 78228 1:0 72729
72217 78226 1:0 72739
72217 78195 1:0 72772
72223 78196 1:0 72852
72227 78194 1:0 72859
72236 349 21:0 72250
72256 78193 1:0 72870
72338 78163 1:0 72903
72339 78162 1:0 72983
72348 78161 1:0 72990
72348 78160 1:0 73001
72354 78130 1:0 73034
72359 78128 1:0 73114
72387 78129 1:0 73122
72469 78127 1:0 73132
72470 78097 1:0 73165
72479 78095 1:0 73245
72479 78096 1:0 73253
72485 78094 1:0 73263
72490 78064 1:0 73296
72518 78062 1:0 73376
72600 78063 1:0 73384
72601 78061 1:0 73394
72610 78030 1:0 73427
72610 78031 1:0 73507
72616 78029 1:0 73514
72636 78028 1:0 73525
72690 77998 1:0 73558
72731 77996 1:0 73638
72732 77997 1:0 73646
72741 77995 1:0 73656
72741 77965 1:0 73689
72749 77964 1:0 73769
72767 77963 1:0 73776
72862 77962 1:0 73787
72863 77930 1:0 73820
72863 77932 1:0 73900
72872 77931 1:0 73908
72872 77929 1:0 73918
72880 77899 1:0 73951
72899 77898 1:0 74031
72993 77897 1:0 74038
72994 77896 1:0 74049
73003 77864 1:0 74082
73003 77866 1:0 74162
73009 77865 1:0 74170
73013 77863 1:0 74180
73014 350 1:0 75510
74360 80747 21:0 74368
74368 80750 21:0 74434
74433 80749 21:0 74439
74438 80780 21:0 74444
74444 80783 21:0 74510
74512 80813 21:0 74520
74519 80815 21:0 74570
74569 80814 21:0 74586
74585 80816 21:0 74596
74596 80849 21:0 74662
74661 80847 21:0 74667
74666 80848 21:0 74672
74671 80879 21:0 74735
74734 80880 21:0 74743
74742 80881 21:0 74748
74747 80882 21:0 74803
74802 80912 21:0 74819
74818 80914 21:0 74824
74823 80913 21:0 74874
74873 80915 21:0 74890
74889 80945 21:0 74900
74899 80948 21:0 74922
74921 80981 21:0 74966
74968 81011 21:0 74976
74975 80748 21:0 75026
75025 80946 21:0 75042
75041 80781 21:0 75052
75051 80846 21:0 75070
75069 80947 21:0 75118
75117 80782 21:0 75123
75122 80978 21:0 75142
75141 81045 21:0 75194
75193 81012 21:0 75199
75198 81013 21:0 75204
75204 81113 21:0 75270
75269 81046 21:0 75275
75274 81044 21:0 75280
75279 81079 21:0 75344
75343 80980 21:0 75351
75350 81077 21:0 75356
75355 81112 21:0 75411
75410 81111 21:0 75427
75426 81014 21:0 75432
75431 80979 21:0 75482
75481 81078 21:0 75498
75497 81110 21:0 75508
75507 81080 21:0 75514
75509 79800 1:0 75530
75513 81047 21:0 75517
75516 81143 21:0 75528
75522 79736 1:0 75782
75523 79671 1:0 75956
75527 81144 21:0 75534
75529 79670 1:0 76036
75532 79669 1:0 76043
75532 79668 1:0 76054
75533 81145 21:0 75537
75535 79637 1:0 76087
75538 79638 1:0 76167
75538 79636 1:0 76174
75542 79635 1:0 76185
75551 350 21:0 75565
75564 81146 21:0 75642
75571 79605 1:0 76218
75620 79604 1:0 76298
75653 79603 1:0 76305
75654 79602 1:0 76316
75663 79570 1:0 76349
75663 79572 1:0 76429
75669 79571 1:0 76437
75674 79569 1:0 76447
75702 79539 1:0 76480
75784 79537 1:0 76560
75785 79538 1:0 76568
75794 79536 1:0 76578
75794 79506 1:0 76611
75800 79504 1:0 76691
75805 79505 1:0 76699
75833 79503 1:0 76709
75915 79471 1:0 76742
75916 79473 1:0 76822
75925 79472 1:0 76830
75925 79470 1:0 76840
75931 79440 1:0 76873
75951 79439 1:0 76953
76005 79438 1:0 76960
76046 79437 1:0 76971
76047 79407 1:0 77004
76056 79406 1:0 77084
76056 79405 1:0 77091
76064 79404 1:0 77102
76082 79372 1:0 77135
76177 79374 1:0 77215
76178 79373 1:0 77223
76178 79371 1:0 77233
76187 79341 1:0 77266
76187 79340 1:0 77346
76195 79339 1:0 77353
76214 79338 1:0 77364
76226 351 1:0 78825
76308 79307 1:0 77397
76309 79308 1:0 77477
76318 79306 1:0 77484
76318 79305 1:0 77495
76324 81146 1:0 79140
76329 81145 1:0 79220
76357 81144 1:0 79227
76439 81143 1:0 79238
77675 82189 21:0 77683
77683 82192 21:0 77749
77751 82222 21:0 77759
77758 82224 21:0 77809
77808 82223 21:0 77825
77824 82225 21:0 77835
77834 82255 21:0 77853
77852 82257 21:0 77901
77900 82256 21:0 77906
77905 82258 21:0 77925
77924 82288 21:0 77977
77976 82291 21:0 77982
77981 82321 21:0 77987
77986 82323 21:0 78053
78052 82322 21:0 78058
78057 82324 21:0 78063
78062 82354 21:0 78118
78117 82357 21:0 78134
78133 82387 21:0 78139
78138 82388 21:0 78194
78193 82389 21:0 78210
78209 82390 21:0 78215
78214 82289 21:0 78265
78264 82191 21:0 78281
78280 82422 21:0 78291
78290 82421 21:0 78309
78308 82355 21:0 78357
78356 82190 21:0 78362
78361 82290 21:0 78381
78380 82420 21:0 78433
78432 82356 21:0 78438
78437 82423 21:0 78443
78443 82522 21:0 78509
78508 82521 21:0 78514
78513 82489 21:0 78519
78518 82486 21:0 78582
78581 82520 21:0 78590
78589 82519 21:0 78595
78594 82453 21:0 78650
78649 82454 21:0 78666
78665 82455 21:0 78671
78670 82488 21:0 78721
78720 82456 21:0 78737
78736 82487 21:0 78747
78746 82652 21:0 78769
78768 82621 21:0 78813
78812 82619 21:0 78818
78817 82554 21:0 78829
78828 82552 21:0 78832
78837 81111 1:0 79271
78838 81113 1:0 79351
78847 81112 1:0 79359
78847 81110 1:0 79369
78853 81080 1:0 79402
78857 81078 1:0 79482
78866 351 21:0 78880
78886 81079 1:0 79490
78968 81077 1:0 79500
78969 81047 1:0 79533
78978 81046 1:0 79613
78978 81045 1:0 79620
78984 81044 1:0 79631
78989 81014 1:0 79664
79017 81013 1:0 79744
79099 81012 1:0 79751
79100 81011 1:0 79762
79109 80979 1:0 79795
79109 80981 1:0 79875
79115 80980 1:0 79883
79120 80978 1:0 79893
79148 80947 1:0 79926
79230 80948 1:0 80006
79231 80946 1:0 80013
79240 80945 1:0 80024
79240 80915 1:0 80057
79246 80913 1:0 80137
79266 80914 1:0 80145
79320 80912 1:0 80155
79361 80882 1:0 80188
79362 80881 1:0 80268
79371 80880 1:0 80275
79371 80879 1:0 80286
79379 80848 1:0 80319
79397 80849 1:0 80399
79492 80847 1:0 80406
79493 80846 1:0 80417
79493 80816 1:0 80450
79502 80814 1:0 80530
79502 80815 1:0 80538
79510 80813 1:0 80548
79529 80782 1:0 80581
79623 80783 1:0 80661
79624 80781 1:0 80668
79633 80780 1:0 80679
79633 80748 1:0 80712
79639 80750 1:0 80792
79643 80749 1:0 80800
79660 80747 1:0 80810
79672 352 1:0 82140
80990 83631 21:0 80998
80998 83634 21:0 81064
81066 83664 21:0 81074
81073 83666 21:0 81124
81123 83632 21:0 81140
81142 83697 21:0 81150
81149 83699 21:0 81200
81199 83698 21:0 81216
81215 83700 21:0 81226
81225 83730 21:0 81244
81243 83731 21:0 81292
81291 83732 21:0 81297
81296 83733 21:0 81316
81315 83763 21:0 81368
81367 83765 21:0 81373
81372 83764 21:0 81378
81377 83766 21:0 81444
81443 83796 21:0 81449
81448 83798 21:0 81454
81453 83797 21:0 81509
81508 83799 21:0 81525
81524 83829 21:0 81530
81529 83832 21:0 81585
81584 83865 21:0 81601
81600 83895 21:0 81606
81605 83830 21:0 81656
81655 83896 21:0 81672
81671 83633 21:0 81682
81681 83898 21:0 81700
81699 83667 21:0 81748
81747 83863 21:0 81753
81752 83831 21:0 81772
81771 83862 21:0 81824
81823 83864 21:0 81829
81828 83897 21:0 81834
81833 83665 21:0 81900
81899 83928 21:0 81905
81904 83995 21:0 81910
81910 84030 21:0 81976
81975 83961 21:0 81981
81980 83996 21:0 81986
81985 83930 21:0 82049
82048 83929 21:0 82057
82056 83931 21:0 82062
82061 83997 21:0 82117
82116 83994 21:0 82133
82132 84027 21:0 82138
82137 84029 21:0 82144
82139 82652 1:0 82280
82143 84028 21:0 82147
82146 83964 21:0 82158
82152 82621 1:0 82404
82153 82619 1:0 82411
82157 84060 21:0 82164
82159 82554 1:0 82674
82162 82552 1:0 82684
82162 82520 1:0 82717
82163 83962 21:0 82167
82165 82522 1:0 82797
82168 82521 1:0 82805
82168 82519 1:0 82815
82172 82487 1:0 82848
82181 352 21:0 82195
82194 83963 21:0 82272
82201 82489 1:0 82928
82250 82488 1:0 82936
82271 84061 21:0 82278
82271 82486 1:0 82946
82277 84062 21:0 82286
82283 82456 1:0 82979
82284 82455 1:0 83059
82287 82454 1:0 83066
82293 82453 1:0 83077
82293 82423 1:0 83110
82299 82421 1:0 83190
82304 82422 1:0 83198
82332 82420 1:0 83208
82414 82390 1:0 83241
82415 82389 1:0 83321
82424 82388 1:0 83328
82424 82387 1:0 83339
82430 82356 1:0 83372
82435 82357 1:0 83452
82463 82355 1:0 83459
82545 82354 1:0 83470
82546 82324 1:0 83503
82555 82322 1:0 83583
82555 82323 1:0 83591
82561 82321 1:0 83601
82581 82290 1:0 83634
82635 82291 1:0 83714
82676 82289 1:0 83721
82677 82288 1:0 83732
82686 82258 1:0 83765
82686 82256 1:0 83845
82694 82257 1:0 83853
82712 82255 1:0 83863
82807 82225 1:0 83896
82808 82223 1:0 83976
82808 82224 1:0 83984
82817 82222 1:0 83994
82817 82190 1:0 84027
82825 82192 1:0 84107
82844 82191 1:0 84115
82856 353 1:0 85455
82938 82189 1:0 84125
82939 84062 1:0 85719
82948 84061 1:0 85726
82948 84060 1:0 85737
82954 84028 1:0 85770
82959 84030 1:0 85850
82987 84029 1:0 85858
84310 85075 21:0 84327
84326 85073 21:0 84379
84381 85106 21:0 84389
84388 85107 21:0 84439
84438 85108 21:0 84455
84454 85109 21:0 84465
84464 85139 21:0 84483
84482 85141 21:0 84531
84530 85140 21:0 84536
84535 85142 21:0 84555
84554 85172 21:0 84607
84609 85205 21:0 84617
84616 85206 21:0 84667
84666 85207 21:0 84688
84687 85208 21:0 84693
84692 85238 21:0 84743
84742 85241 21:0 84759
84761 85271 21:0 84769
84768 85272 21:0 84819
84818 85273 21:0 84835
84834 85274 21:0 84845
84844 85304 21:0 84863
84862 85306 21:0 84911
84910 85305 21:0 84916
84915 85307 21:0 84935
84934 85337 21:0 84987
84986 85339 21:0 84992
84991 85338 21:0 84997
84996 85076 21:0 85063
85062 85074 21:0 85068
85067 85370 21:0 85073
85072 85403 21:0 85130
85129 85372 21:0 85144
85143 85406 21:0 85149
85148 85405 21:0 85204
85203 85404 21:0 85220
85219 85373 21:0 85225
85224 85371 21:0 85275
85274 85173 21:0 85291
85290 85175 21:0 85301
85300 85174 21:0 85319
85318 85240 21:0 85367
85366 85340 21:0 85372
85371 85239 21:0 85391
85390 85436 21:0 85443
85442 85437 21:0 85448
85447 85438 21:0 85453
85452 85439 21:0 85462
85461 85469 21:0 85470
85467 84027 1:0 85868
85468 83997 1:0 85901
85468 83996 1:0 85981
85469 85570 21:0 85473
85474 83995 1:0 85988
85477 83994 1:0 85999
85477 83963 1:0 86032
85483 83964 1:0 86112
85487 83962 1:0 86119
85496 353 21:0 85510
85516 83961 1:0 86130
85598 83931 1:0 86163
85599 83929 1:0 86243
85608 83930 1:0 86251
85608 83928 1:0 86261
85614 83897 1:0 86294
85619 83898 1:0 86374
85647 83896 1:0 86381
85729 83895 1:0 86392
85730 83864 1:0 86425
85739 83865 1:0 86505
85739 83863 1:0 86512
85745 83862 1:0 86523
85750 83831 1:0 86556
85778 83832 1:0 86636
85860 83830 1:0 86643
85861 83829 1:0 86654
85870 83799 1:0 86687
85870 83797 1:0 86767
85876 83798 1:0 86775
85896 83796 1:0 86785
85950 83766 1:0 86818
85991 83764 1:0 86898
85992 83765 1:0 86906
86001 83763 1:0 86916
86001 83733 1:0 86949
86009 83732 1:0 87029
86027 83731 1:0 87036
86122 83730 1:0 87047
86123 83700 1:0 87080
86123 83698 1:0 87160
86132 83699 1:0 87168
86132 83697 1:0 87178
86140 83665 1:0 87211
86159 83667 1:0 87291
86253 83666 1:0 87299
86254 83664 1:0 87309
86263 83633 1:0 87342
86263 83634 1:0 87422
86269 83632 1:0 87429
86273 83631 1:0 87440
86274 354 1:0 88770
87625 86517 21:0 87642
87641 86516 21:0 87694
87696 86548 21:0 87704
87704 86551 21:0 87770
87772 86581 21:0 87780
87779 86582 21:0 87830
87829 86583 21:0 87846
87845 86584 21:0 87856
87855 86614 21:0 87874
87873 86615 21:0 87922
87921 86616 21:0 87927
87926 86617 21:0 87946
87945 86647 21:0 87998
87997 86650 21:0 88003
88002 86680 21:0 88008
88007 86681 21:0 88074
88073 86682 21:0 88079
88078 86683 21:0 88084
88083 86713 21:0 88139
88138 86714 21:0 88155
88154 86715 21:0 88160
88159 86716 21:0 88215
88214 86550 21:0 88231
88230 86518 21:0 88236
88235 86648 21:0 88286
88285 86748 21:0 88302
88301 86549 21:0 88312
88311 86746 21:0 88330
88329 86749 21:0 88378
88377 86747 21:0 88383
88382 86649 21:0 88402
88401 86515 21:0 88454
88453 86779 21:0 88459
88458 86781 21:0 88464
88463 86847 21:0 88530
88529 86780 21:0 88535
88534 86812 21:0 88540
88539 86815 21:0 88596
88595 86782 21:0 88611
88610 86845 21:0 88616
88615 86846 21:0 88671
88670 86813 21:0 88687
88686 86814 21:0 88692
88691 86848 21:0 88742
88741 86912 21:0 88758
88757 86979 21:0 88768
88767 86978 21:0 88774
88769 85570 1:0 88780
88773 86913 21:0 88777
88776 86880 21:0 88785
88782 85469 1:0 89183
88783 85439 1:0 89216
88783 85438 1:0 89296
88784 86947 21:0 88794
88792 85437 1:0 89303
88792 85436 1:0 89314
88793 86944 21:0 88797
88795 85404 1:0 89347
88798 85406 1:0 89427
88798 85405 1:0 89435
88802 85403 1:0 89445
88811 354 21:0 88825
88824 86878 21:0 88902
88831 85371 1:0 89478
88880 85373 1:0 89558
88901 86914 21:0 88908
88901 85372 1:0 89566
88907 86911 21:0 88916
88913 85370 1:0 89576
88914 85340 1:0 89609
88915 86881 21:0 88919
88917 85338 1:0 89689
88918 86977 21:0 88928
88920 85339 1:0 89697
88923 85337 1:0 89707
88923 85307 1:0 89740
88927 86945 21:0 88956
88929 85305 1:0 89820
88929 85306 1:0 89828
88934 85304 1:0 89838
88955 86879 21:0 89036
88957 85274 1:0 89871
88962 85273 1:0 89951
89016 85272 1:0 89958
89035 86946 21:0 89039
89037 85271 1:0 89969
89038 86980 21:0 89047
89044 85239 1:0 90002
89045 85241 1:0 90082
89048 85240 1:0 90090
89054 85238 1:0 90100
89054 85208 1:0 90133
89060 85207 1:0 90213
89065 85206 1:0 90220
89093 85205 1:0 90231
89175 85174 1:0 90264
89176 85175 1:0 90344
89185 85173 1:0 90351
89185 85172 1:0 90362
89191 85142 1:0 90395
89211 85140 1:0 90475
89265 85141 1:0 90483
89306 85139 1:0 90493
89307 85109 1:0 90526
89316 85108 1:0 90606
89316 85107 1:0 90613
89324 85106 1:0 90624
89342 85074 1:0 90657
89437 85076 1:0 90737
89438 85075 1:0 90745
89438 85073 1:0 90755
89447 86980 1:0 92138
89447 355 1:0 92085
89453 86978 1:0 92218
89457 86979 1:0 92226
89486 86977 1:0 92236
89568 86946 1:0 92269
89569 86947 1:0 92349
89578 86945 1:0 92356
89578 86944 1:0 92367
89584 86914 1:0 92400
89589 86913 1:0 92480
90940 87959 21:0 90957
90956 87958 21:0 91009
91008 87960 21:0 91014
91019 87993 21:0 91085
91087 88023 21:0 91095
91094 88024 21:0 91145
91144 88025 21:0 91161
91160 88026 21:0 91171
91170 88056 21:0 91189
91188 88058 21:0 91237
91236 88057 21:0 91242
91241 88059 21:0 91261
91260 88089 21:0 91313
91312 88091 21:0 91318
91317 88090 21:0 91323
91322 88092 21:0 91389
91388 88122 21:0 91394
91393 88123 21:0 91399
91398 88124 21:0 91454
91453 88125 21:0 91470
91469 88155 21:0 91475
91474 88158 21:0 91530
91529 88191 21:0 91546
91545 88221 21:0 91551
91550 88222 21:0 91601
91600 87991 21:0 91617
91616 87990 21:0 91627
91626 87992 21:0 91645
91644 87957 21:0 91693
91692 88157 21:0 91698
91697 88256 21:0 91717
91716 88156 21:0 91769
91768 88255 21:0 91774
91773 88287 21:0 91779
91778 88190 21:0 91845
91844 88289 21:0 91850
91849 88224 21:0 91855
91854 88188 21:0 91912
91911 88257 21:0 91926
91925 88223 21:0 91931
91930 88288 21:0 91986
91985 88322 21:0 92002
92001 88389 21:0 92007
92006 88386 21:0 92057
92056 88254 21:0 92073
92072 88189 21:0 92083
92082 88356 21:0 92089
92084 86912 1:0 92487
92088 88422 21:0 92092
92091 88355 21:0 92100
92097 86911 1:0 92498
92098 86879 1:0 92531
92098 86881 1:0 92611
92099 88387 21:0 92109
92107 86880 1:0 92619
92107 86878 1:0 92629
92108 88420 21:0 92112
92110 86848 1:0 92662
92113 86846 1:0 92742
92113 86847 1:0 92750
92117 86845 1:0 92760
92126 355 21:0 92140
92146 86814 1:0 92793
92228 86815 1:0 92873
92229 86813 1:0 92880
92238 86812 1:0 92891
92238 86782 1:0 92924
92244 86780 1:0 93004
92249 86781 1:0 93012
92277 86779 1:0 93022
92359 86747 1:0 93055
92360 86749 1:0 93135
92369 86748 1:0 93143
92369 86746 1:0 93153
92375 86716 1:0 93186
92380 86715 1:0 93266
92408 86714 1:0 93273
92490 86713 1:0 93284
92491 86683 1:0 93317
92500 86682 1:0 93397
92500 86681 1:0 93404
92506 86680 1:0 93415
92526 86649 1:0 93448
92580 86650 1:0 93528
92621 86648 1:0 93535
92622 86647 1:0 93546
92631 86617 1:0 93579
92631 86616 1:0 93659
92639 86615 1:0 93666
92657 86614 1:0 93677
92752 86584 1:0 93710
92753 86583 1:0 93790
92753 86582 1:0 93797
92762 86581 1:0 93808
92762 86549 1:0 93841
92770 86551 1:0 93921
92789 86550 1:0 93929
92801 356 1:0 95400
92883 86548 1:0 93939
92884 86518 1:0 93972
92893 86516 1:0 94052
92893 86517 1:0 94060
92899 86515 1:0 94070
94255 89401 21:0 94272
94271 89400 21:0 94324
94323 89402 21:0 94329
94328 89399 21:0 94348
94347 89434 21:0 94400
94399 89433 21:0 94405
94407 89466 21:0 94424
94423 89435 21:0 94476
94478 89498 21:0 94486
94485 89499 21:0 94536
94535 89500 21:0 94552
94554 89531 21:0 94562
94562 89534 21:0 94628
94630 89564 21:0 94638
94637 89565 21:0 94688
94687 89566 21:0 94704
94703 89567 21:0 94714
94713 89597 21:0 94732
94731 89600 21:0 94780
94782 89630 21:0 94790
94789 89632 21:0 94840
94839 89631 21:0 94856
94855 89432 21:0 94866
94865 89467 21:0 94884
94883 89465 21:0 94932
94931 89468 21:0 94937
94939 89697 21:0 94956
94955 89532 21:0 95008
95007 89598 21:0 95013
95012 89501 21:0 95032
95031 89666 21:0 95084
95083 89599 21:0 95089
95088 89696 21:0 95094
95093 89633 21:0 95160
95159 89665 21:0 95165
95164 89533 21:0 95170
95169 89663 21:0 95225
95224 89664 21:0 95241
95240 89698 21:0 95246
95245 89699 21:0 95301
95300 89729 21:0 95312
95311 89731 21:0 95322
95321 89730 21:0 95361
95360 89732 21:0 95388
95387 89864 21:0 95398
95397 89797 21:0 95404
95399 88422 1:0 95533
95403 89763 21:0 95407
95406 89863 21:0 95415
95412 88420 1:0 95540
95413 88389 1:0 95664
95413 88387 1:0 95671
95414 89862 21:0 95424
95422 88386 1:0 95682
95422 88356 1:0 95795
95423 89861 21:0 95427
95425 88355 1:0 95803
95428 88322 1:0 95934
95428 88288 1:0 96057
95432 88289 1:0 96065
95441 356 21:0 95455
95454 89765 21:0 95531
95461 88287 1:0 96075
95510 88257 1:0 96108
95530 89796 21:0 95538
95531 88255 1:0 96188
95543 88256 1:0 96196
95544 88254 1:0 96206
95553 88223 1:0 96239
95553 88224 1:0 96319
95559 88222 1:0 96326
95564 88221 1:0 96337
95592 88189 1:0 96370
95674 88191 1:0 96450
95675 88190 1:0 96458
95684 88188 1:0 96468
95684 88156 1:0 96501
95690 88158 1:0 96581
95695 88157 1:0 96589
95723 88155 1:0 96599
95805 88125 1:0 96632
95806 88124 1:0 96712
95815 88123 1:0 96719
95815 88122 1:0 96730
95821 88092 1:0 96763
95841 88090 1:0 96843
95895 88091 1:0 96851
95936 88089 1:0 96861
95937 88059 1:0 96894
95946 88057 1:0 96974
95946 88058 1:0 96982
95954 88056 1:0 96992
95972 88026 1:0 97025
96067 88025 1:0 97105
96068 88024 1:0 97112
96068 88023 1:0 97123
96077 87992 1:0 97156
96077 87993 1:0 97236
96085 87991 1:0 97243
96104 87990 1:0 97254
96116 357 1:0 98715
96198 87960 1:0 97287
96199 87958 1:0 97367
96208 87959 1:0 97375
96208 87957 1:0 97385
96214 89862 1:0 98768
96219 89864 1:0 98848
96247 89863 1:0 98856
97570 90843 21:0 97587
97586 90842 21:0 97639
97638 90844 21:0 97644
97643 90841 21:0 97663
97662 90874 21:0 97715
97714 90875 21:0 97720
97719 90876 21:0 97725
97724 90877 21:0 97791
97790 90907 21:0 97796
97795 90909 21:0 97801
97800 90908 21:0 97856
97855 90910 21:0 97872
97871 90940 21:0 97877
97876 90942 21:0 97929
97928 90941 21:0 97943
97942 90943 21:0 97953
97952 90973 21:0 97991
97990 90974 21:0 98019
98018 90975 21:0 98029
98028 90976 21:0 98043
98042 91006 21:0 98095
98094 91008 21:0 98100
98099 91007 21:0 98119
98118 91009 21:0 98171
98170 91039 21:0 98176
98175 91040 21:0 98181
98180 91041 21:0 98247
98249 91138 21:0 98257
98256 91042 21:0 98307
98306 91072 21:0 98323
98322 91074 21:0 98333
98332 91073 21:0 98351
98350 91075 21:0 98399
98398 91105 21:0 98404
98403 91106 21:0 98423
98422 91107 21:0 98475
98474 91108 21:0 98480
98479 91139 21:0 98485
98484 91140 21:0 98551
98550 91141 21:0 98556
98555 91171 21:0 98561
98560 91172 21:0 98616
98615 91173 21:0 98632
98631 91174 21:0 98637
98636 91204 21:0 98692
98691 91205 21:0 98708
98707 91206 21:0 98713
98712 91207 21:0 98719
98714 89861 1:0 98866
98718 91237 21:0 98722
98721 91273 21:0 98726
98725 91272 21:0 98726
98725 91238 21:0 98726
98725 91271 21:0 98730
98727 89796 1:0 99110
98727 89797 1:0 99118
98727 89765 1:0 99241
98727 89763 1:0 99248
98728 89732 1:0 99292
98728 89730 1:0 99372
98729 91306 21:0 98733
98732 91240 21:0 98742
98734 89731 1:0 99380
98737 89729 1:0 99390
98737 89699 1:0 99423
98743 89698 1:0 99503
98743 89697 1:0 99510
98747 89696 1:0 99521
98756 357 21:0 98770
98776 89664 1:0 99554
98858 89666 1:0 99634
98859 89665 1:0 99642
98868 89663 1:0 99652
98868 89633 1:0 99685
98874 89631 1:0 99765
98879 89632 1:0 99773
98907 89630 1:0 99783
98989 89599 1:0 99816
98990 89600 1:0 99896
98999 89598 1:0 99903
98999 89597 1:0 99914
99005 89567 1:0 99947
99010 89566 1:0 100027
99038 89565 1:0 100034
99120 89564 1:0 100045
99121 89533 1:0 100078
99130 89534 1:0 100158
99130 89532 1:0 100165
99136 89531 1:0 100176
99156 89501 1:0 100209
99210 89500 1:0 100289
99251 89499 1:0 100296
99252 89498 1:0 100307
99261 89468 1:0 100340
99261 89467 1:0 100420
99269 89466 1:0 100427
99287 89465 1:0 100438
99382 89435 1:0 100471
99383 89433 1:0 100551
99383 89434 1:0 100559
99392 89432 1:0 100569
99392 89402 1:0 100602
99400 89400 1:0 100682
99419 89401 1:0 100690
99431 358 1:0 102030
99513 89399 1:0 100700
100880 92283 21:0 100888
100888 92286 21:0 100954
100956 92316 21:0 100964
100963 92318 21:0 101014
101013 92317 21:0 101030
101032 92349 21:0 101040
101039 92351 21:0 101090
101089 92285 21:0 101106
101113 92383 21:0 101130
101129 92384 21:0 101182
101181 92382 21:0 101187
101189 92417 21:0 101206
101205 92418 21:0 101258
101257 92416 21:0 101263
101265 92449 21:0 101282
101281 92450 21:0 101334
101336 92481 21:0 101344
101343 92284 21:0 101394
101393 92352 21:0 101410
101412 92514 21:0 101420
101419 92448 21:0 101470
101469 92415 21:0 101486
101485 92319 21:0 101496
101495 92350 21:0 101514
101513 92516 21:0 101562
101564 92580 21:0 101572
101571 92582 21:0 101622
101621 92581 21:0 101638
101637 92385 21:0 101648
101648 92616 21:0 101714
101713 92613 21:0 101719
101721 92648 21:0 101738
101737 92548 21:0 101790
101789 92517 21:0 101795
101794 92451 21:0 101814
101813 92583 21:0 101866
101865 92482 21:0 101871
101870 92646 21:0 101876
101875 92547 21:0 101942
101941 92515 21:0 101947
101946 92647 21:0 101952
101951 92550 21:0 102007
102042 91240 1:0 102083
102043 91306 1:0 102163
102052 91271 1:0 102177
102052 91238 1:0 102186
102058 91272 1:0 102214
102062 91273 1:0 102294
102071 358 21:0 102085
102091 92550 1:0 102308
102173 92647 1:0 102317
102174 92515 1:0 102345
102183 92547 1:0 102425
102183 92646 1:0 102436
102189 91237 1:0 102443
102194 92482 1:0 102448
102222 91207 1:0 102476
102304 91206 1:0 102556
102305 91205 1:0 102563
102314 91204 1:0 102574
102314 92583 1:0 102579
102320 91174 1:0 102607
102325 91173 1:0 102687
102353 91172 1:0 102694
102435 91171 1:0 102705
102436 92451 1:0 102710
102445 91141 1:0 102738
102445 91140 1:0 102818
102451 91139 1:0 102825
102471 91138 1:0 102836
102525 92517 1:0 102841
102566 91108 1:0 102869
102567 91107 1:0 102949
102576 91106 1:0 102956
102576 91105 1:0 102967
102584 92548 1:0 102972
102602 91075 1:0 103000
102697 91073 1:0 103080
102698 91074 1:0 103088
102698 91072 1:0 103098
102707 92613 1:0 103103
102707 91042 1:0 103131
102715 91041 1:0 103211
102734 91040 1:0 103218
102828 91039 1:0 103229
102829 92385 1:0 103234
102838 91009 1:0 103262
102838 91007 1:0 103342
102844 91008 1:0 103350
102848 91006 1:0 103360
102865 92516 1:0 103365
102959 90976 1:0 103393
102960 90975 1:0 103473
102969 90974 1:0 103480
102969 90973 1:0 103491
102975 92350 1:0 103496
102979 90943 1:0 103524
103008 90941 1:0 103604
103090 90942 1:0 103612
103091 90940 1:0 103622
103100 92581 1:0 103627
103100 90910 1:0 103655
103106 90908 1:0 103735
103111 90909 1:0 103743
103139 90907 1:0 103753
103221 92582 1:0 103758
103222 90877 1:0 103786
103231 90876 1:0 103866
103231 90875 1:0 103873
103237 90874 1:0 103884
103242 92580 1:0 103889
103270 90844 1:0 103917
103352 90842 1:0 103997
103353 90843 1:0 104005
103362 90841 1:0 104015
103362 92616 1:0 104031
103368 92319 1:0 104102
103370 359 1:0 104128
103372 46025 1:0 104144
103389 92648 1:0 104141
103401 46027 1:0 104150
103483 46024 1:0 104150
103483 46019 1:0 104150
103483 46029 1:0 104153
103483 46018 1:0 104153
103484 46030 1:0 104181
103484 46031 1:0 104181
103493 92415 1:0 104354
103493 46026 1:0 104232
103493 46028 1:0 104311
103499 92448 1:0 104365
103501 46171 1:0 104371
103504 46175 1:0 104371
103519 46173 1:0 104374
103520 46165 1:0 104374
103520 46172 1:0 104384
103532 46176 1:0 104384
103614 46166 1:0 104384
103614 46177 1:0 104412
103614 46312 1:0 104586
103614 46319 1:0 104592
103614 46313 1:0 104592
103615 46174 1:0 104456
103615 46178 1:0 104543
103615 46318 1:0 104595
103624 92352 1:0 104583
103624 46325 1:0 104592
103624 46320 1:0 104595
103630 46322 1:0 104623
103632 46324 1:0 104623
103635 46323 1:0 104674
103650 46459 1:0 104807
103651 46321 1:0 104744
103663 46465 1:0 104813
103663 46466 1:0 104813
103663 46460 1:0 104816
103663 46462 1:0 104931
103745 92284 1:0 104804
103746 46469 1:0 104813
103746 46472 1:0 104816
103755 46470 1:0 104844
103755 46467 1:0 104844
103755 46471 1:0 104895
103755 46468 1:0 104965
103761 92416 1:0 105017
103781 92450 1:0 105028
103782 46606 1:0 105034
103782 46607 1:0 105037
103794 46616 1:0 105034
103794 46612 1:0 105047
103876 46617 1:0 105037
103876 46618 1:0 105047
103877 46613 1:0 105047
103877 46614 1:0 105075
103877 46615 1:0 105119
103886 92418 1:0 105246
103886 46619 1:0 105206
103886 46754 1:0 105249
103886 46759 1:0 105255
103886 46753 1:0 105255
103886 46760 1:0 105258
103892 46766 1:0 105255
103894 46764 1:0 105258
103897 46765 1:0 105286
103913 46762 1:0 105286
103925 46763 1:0 105337
103925 46901 1:0 105470
104007 46761 1:0 105406
104007 46907 1:0 105476
104007 46900 1:0 105476
104008 92481 1:0 105467
104008 46910 1:0 105476
104017 46906 1:0 105479
104017 46912 1:0 105479
104017 46913 1:0 105507
104017 46909 1:0 105507
104023 46908 1:0 105558
104023 46911 1:0 105638
104025 47047 1:0 105697
104043 92317 1:0 105680
104044 47054 1:0 105700
104097 92286 1:0 105691
104140 47060 1:0 105697
104140 47058 1:0 105700
104141 47057 1:0 105710
104141 47053 1:0 105710
104141 47048 1:0 105710
104141 47194 1:0 105912
104150 47056 1:0 105738
104150 47055 1:0 105782
104150 47059 1:0 105868
104150 47205 1:0 105918
104156 92514 1:0 105909
104158 47200 1:0 105918
104158 47201 1:0 105918
104169 359 21:0 104183
104176 47204 1:0 105921
104177 47195 1:0 105921
104189 47206 1:0 105949
104230 47207 1:0 105949
104238 47202 1:0 106000
104258 47203 1:0 106070
104271 46018 21:0 104315
104309 92382 1:0 106122
104319 92351 1:0 106133
104321 46028 21:0 104353
104329 47342 1:0 106139
104329 47348 1:0 106142
104329 47341 1:0 106152
104329 47344 1:0 106152
104329 48079 1:0 107366
104352 46026 21:0 104356
104355 46030 21:0 104356
104355 46031 21:0 104364
104361 47350 1:0 106139
104361 47352 1:0 106142
104362 47347 1:0 106152
104362 47351 1:0 106152
104362 47349 1:0 106180
104363 46029 21:0 104367
104365 47353 1:0 106224
104366 46024 21:0 104367
104366 46027 21:0 104367
104366 46019 21:0 104373
104368 47354 1:0 106311
104368 47501 1:0 106360
104368 47488 1:0 106360
104371 92449 1:0 106347
104371 92384 1:0 106354
104372 46025 21:0 104373
104374 47494 1:0 106363
104374 47495 1:0 106373
104377 47498 1:0 106363
104379 47497 1:0 106373
104381 47489 1:0 106373
104397 47496 1:0 106401
104398 47499 1:0 106445
104410 47500 1:0 106531
104451 47636 1:0 106575
104479 92417 1:0 106569
104480 47641 1:0 106581
104480 47646 1:0 106581
104481 47635 1:0 106581
104489 46166 21:0 104535
104530 47642 1:0 106584
104532 47647 1:0 106584
104540 47645 1:0 106612
104549 46178 21:0 104574
104550 47648 1:0 106612
104573 46174 21:0 104577
104576 46177 21:0 104577
104576 46176 21:0 104585
104582 47644 1:0 106663
104582 47643 1:0 106732
104583 92383 1:0 106789
104583 47788 1:0 106796
104584 46173 21:0 104588
104586 47790 1:0 106802
104587 46175 21:0 104588
104587 46172 21:0 104594
104589 47783 1:0 106802
104589 47782 1:0 106802
104589 47789 1:0 106805
104589 47791 1:0 106805
104592 47792 1:0 106833
104592 47794 1:0 106833
104592 47795 1:0 106884
104592 47793 1:0 106964
104593 46165 21:0 104594
104593 46171 21:0 104594
104598 92318 1:0 107006
104603 92349 1:0 107017
104618 47935 1:0 107023
104619 47942 1:0 107023
104631 47930 1:0 107026
104672 47937 1:0 107026
104680 47938 1:0 107036
104685 47936 1:0 107036
104685 47929 1:0 107036
104701 47939 1:0 107064
104702 47940 1:0 107108
104750 46321 21:0 104795
104751 47941 1:0 107194
104771 92316 1:0 107235
104794 46323 21:0 104798
104797 46324 21:0 104798
104797 46322 21:0 104806
104803 48082 1:0 107238
104803 48077 1:0 107244
104803 48089 1:0 107244
104803 48076 1:0 107244
104804 48085 1:0 107247
104804 48083 1:0 107247
104804 48088 1:0 107275
104804 48229 1:0 107465
104805 46320 21:0 104809
104807 48086 1:0 107275
104808 46325 21:0 104809
104808 46318 21:0 104809
104808 46313 21:0 104815
104810 48087 1:0 107326
104810 48084 1:0 107395
104810 48324 1:0 107468
104813 92285 1:0 107453
104813 92283 1:0 107459
104814 46312 21:0 104815
104814 46319 21:0 104815
104816 48231 1:0 107465
104819 48224 1:0 107468
104819 48232 1:0 107468
104821 48223 1:0 107478
104821 48230 1:0 107478
104824 48233 1:0 107478
104839 48323 1:0 107676
104840 48234 1:0 107506
104852 48235 1:0 107550
104893 48236 1:0 107637
104941 46462 21:0 104961
104971 46468 21:0 105016
105015 46471 21:0 105019
105018 46470 21:0 105019
105018 46467 21:0 105027
105026 46472 21:0 105030
105029 46469 21:0 105030
105029 46460 21:0 105030
105029 46465 21:0 105036
105035 46459 21:0 105036
105035 46466 21:0 105036
105182 46613 21:0 105207
105212 46619 21:0 105237
105236 46615 21:0 105240
105239 46614 21:0 105240
105239 46618 21:0 105248
105247 46617 21:0 105251
105250 46616 21:0 105251
105250 46612 21:0 105257
105256 46606 21:0 105257
105256 46607 21:0 105257
105416 46761 21:0 105458
105457 46763 21:0 105461
105460 46762 21:0 105461
105460 46765 21:0 105469
105468 46764 21:0 105472
105471 46766 21:0 105472
105471 46760 21:0 105472
105471 46753 21:0 105478
105477 46759 21:0 105478
105477 46754 21:0 105478
105597 46900 21:0 105641
105644 46911 21:0 105679
105678 46908 21:0 105682
105681 46913 21:0 105682
105681 46909 21:0 105690
105689 46912 21:0 105693
105692 46910 21:0 105693
105692 46906 21:0 105693
105692 46907 21:0 105699
105698 46901 21:0 105699
105848 47053 21:0 105872
105878 47059 21:0 105900
105899 47055 21:0 105903
105902 47056 21:0 105903
105902 47057 21:0 105911
105910 47058 21:0 105914
105913 47060 21:0 105914
105913 47048 21:0 105920
105919 47054 21:0 105920
105919 47047 21:0 105920
106076 47203 21:0 106121
106120 47202 21:0 106124
106123 47207 21:0 106124
106123 47206 21:0 106132
106131 47204 21:0 106135
106134 47195 21:0 106135
106134 47205 21:0 106135
106134 47201 21:0 106141
106140 47200 21:0 106141
106140 47194 21:0 106141
106260 47341 21:0 106304
106303 47344 21:0 106311
106317 47354 21:0 106342
106341 47353 21:0 106345
106344 47349 21:0 106345
106344 47351 21:0 106353
106352 47352 21:0 106356
106355 47350 21:0 106356
106355 47347 21:0 106362
106361 47342 21:0 106362
106361 47348 21:0 106362
106478 47489 21:0 106524
106541 47500 21:0 106563
106562 47499 21:0 106566
106565 47496 21:0 106566
106565 47497 21:0 106574
106573 47498 21:0 106577
106576 47501 21:0 106577
106576 47495 21:0 106583
106582 47488 21:0 106583
106582 47494 21:0 106583
106742 47643 21:0 106784
106783 47644 21:0 106787
106786 47645 21:0 106787
106786 47648 21:0 106795
106794 47647 21:0 106798
106797 47642 21:0 106798
106797 47646 21:0 106798
106797 47635 21:0 106804
106803 47641 21:0 106804
106803 47636 21:0 106804
106923 47782 21:0 106967
106970 47793 21:0 107005
107004 47795 21:0 107008
107007 47794 21:0 107008
107007 47792 21:0 107016
107015 47791 21:0 107019
107018 47789 21:0 107019
107018 47790 21:0 107019
107018 47783 21:0 107025
107024 47788 21:0 107025
107144 47929 21:0 107188
107204 47941 21:0 107226
107225 47940 21:0 107229
107228 47939 21:0 107229
107228 47938 21:0 107237
107236 47937 21:0 107240
107239 47942 21:0 107240
107239 47936 21:0 107246
107245 47930 21:0 107246
107245 47935 21:0 107246
107372 48079 21:0 107392
107405 48084 21:0 107447
107446 48087 21:0 107450
107449 48088 21:0 107450
107449 48086 21:0 107458
107457 48085 21:0 107461
107460 48089 21:0 107461
107460 48083 21:0 107461
107460 48076 21:0 107467
107466 48077 21:0 107467
107466 48082 21:0 107467
107613 48230 21:0 107638
107643 48236 21:0 293
