150 15199 0:0 152
150 15195 0:0 152
150 15196 0:0 152
150 15197 0:0 152
151 15198 0:0 152
206 15394 21:0 214
213 15396 0:0 214
213 15393 0:0 214
213 15395 21:0 280
227 15405 0:0 228
262 15406 0:0 264
278 15397 0:0 280
279 15425 0:0 280
279 15414 0:0 280
282 15427 21:0 290
289 15428 0:0 290
289 15429 21:0 356
354 15430 0:0 356
355 15447 0:0 356
358 15460 21:0 366
365 15462 0:0 366
365 15461 21:0 432
430 15463 0:0 432
434 15493 21:0 442
441 15494 0:0 442
441 15495 21:0 508
506 15496 0:0 508
507 15524 0:0 508
510 15526 21:0 518
517 15527 0:0 518
517 15528 21:0 584
566 15538 0:0 568
572 15545 0:0 573
572 15544 0:0 573
582 15529 0:0 584
586 15559 21:0 594
593 15558 0:0 594
593 15561 0:0 594
593 15560 21:0 660
658 15562 0:0 660
659 15579 0:0 660
662 15592 21:0 670
669 15593 0:0 670
669 15594 21:0 736
718 15604 0:0 720
734 15595 0:0 736
735 15623 0:0 736
738 15625 21:0 746
745 15627 0:0 746
745 15626 21:0 812
759 15636 0:0 760
794 15637 0:0 796
800 15644 0:0 801
810 15628 0:0 812
814 15658 21:0 822
821 15660 0:0 822
821 15659 21:0 888
876 15674 0:0 877
886 15661 0:0 888
887 15678 0:0 888
890 15691 21:0 898
897 15692 0:0 898
897 15693 21:0 964
962 15694 0:0 964
966 15724 21:0 974
973 15726 0:0 974
973 15725 21:0 1040
1038 15727 0:0 1040
1042 15757 21:0 1050
1049 15759 0:0 1050
1049 15758 21:0 1116
1114 15760 0:0 1116
1118 15790 21:0 1126
1125 15792 0:0 1126
1125 15791 21:0 1192
1180 15806 0:0 1181
1190 15793 0:0 1192
1194 15823 21:0 1202
1201 15825 0:0 1202
1201 15824 21:0 1268
1266 15826 0:0 1268
1270 15856 21:0 1278
1277 15857 0:0 1278
1277 15858 21:0 1344
1342 15859 0:0 1344
1346 15889 21:0 1354
1353 15890 0:0 1354
1353 15891 21:0 1420
1418 15892 0:0 1420
1422 15922 21:0 1430
1429 15923 0:0 1430
1429 15924 21:0 1496
1494 15925 0:0 1496
1498 15955 21:0 1506
1505 15957 0:0 1506
1505 15956 0:0 1506
1518 15967 21:0 1557
1555 15968 0:0 1557
1557 15975 0:0 1562
1557 15974 0:0 1562
1557 15972 0:0 1562
1564 15961 21:0 1573
1571 15976 0:0 1573
1571 15958 0:0 1573
1572 15987 21:0 1573
1574 15958 1:0 2879
1575 15989 21:0 1583
1582 15990 0:0 1583
1582 15988 0:0 1583
1582 15991 21:0 1649
1595 15981 0:0 1597
1595 15 0:0 1597
1596 16000 0:0 1597
1631 16001 0:0 1633
1637 16008 0:0 1638
1637 16005 0:0 1638
1637 16007 0:0 1638
1647 15992 0:0 1649
1648 15994 0:0 1649
1648 16009 0:0 1649
1648 16020 0:0 1649
1651 16022 21:0 1659
1658 16024 0:0 1659
1658 16021 0:0 1659
1658 16023 21:0 1725
1671 16014 0:0 1673
1671 33 0:0 1673
1672 16033 0:0 1673
1707 16034 0:0 1709
1713 16038 0:0 1714
1713 16041 0:0 1714
1713 16040 0:0 1714
1723 16025 0:0 1725
1724 16027 0:0 1725
1724 16053 0:0 1725
1724 16042 0:0 1725
1727 16055 21:0 1735
1734 16054 0:0 1735
1734 53 0:0 1735
1734 16056 0:0 1735
1734 16057 21:0 1801
1747 16047 0:0 1749
1748 16066 0:0 1749
1783 16067 0:0 1785
1789 16074 0:0 1790
1789 16073 0:0 1790
1789 16071 0:0 1790
1799 16058 0:0 1801
1800 16060 0:0 1801
1800 16086 0:0 1801
1800 16075 0:0 1801
1803 16088 21:0 1811
1810 16087 0:0 1811
1810 16090 0:0 1811
1810 16089 21:0 1877
1823 16080 0:0 1825
1824 16099 0:0 1825
1859 16100 0:0 1861
1865 16106 0:0 1866
1865 16107 0:0 1866
1865 16104 0:0 1866
1875 16091 0:0 1877
1876 16119 0:0 1877
1876 16093 0:0 1877
1876 16108 0:0 1877
1879 16121 21:0 1887
1886 16120 0:0 1887
1886 16123 0:0 1887
1886 16122 21:0 1953
1899 16113 0:0 1901
1899 87 0:0 1901
1900 16132 0:0 1901
1935 16133 0:0 1937
1941 16140 0:0 1942
1941 16137 0:0 1942
1941 16139 0:0 1942
1951 16124 0:0 1953
1952 16141 0:0 1953
1952 16126 0:0 1953
1952 16152 0:0 1953
1955 16154 21:0 1963
1962 16153 0:0 1963
1962 16156 0:0 1963
1962 16155 21:0 2029
1975 16146 0:0 1977
1976 16165 0:0 1977
2011 16166 0:0 2013
2017 16170 0:0 2018
2017 16173 0:0 2018
2017 16172 0:0 2018
2027 16157 0:0 2029
2028 16174 0:0 2029
2028 16185 0:0 2029
2028 16159 0:0 2029
2031 16187 21:0 2039
2038 16186 0:0 2039
2038 16189 0:0 2039
2038 16188 21:0 2105
2051 16179 0:0 2053
2052 16198 0:0 2053
2087 16199 0:0 2089
2093 16205 0:0 2094
2093 16203 0:0 2094
2093 16206 0:0 2094
2103 16190 0:0 2105
2104 16218 0:0 2105
2104 16192 0:0 2105
2104 16207 0:0 2105
2107 16220 21:0 2115
2114 16219 0:0 2115
2114 16222 0:0 2115
2114 16221 21:0 2181
2127 16212 0:0 2129
2128 16231 0:0 2129
2163 16232 0:0 2165
2169 16236 0:0 2170
2169 16239 0:0 2170
2169 16238 0:0 2170
2179 16223 0:0 2181
2180 16251 0:0 2181
2180 16225 0:0 2181
2180 16240 0:0 2181
2183 16253 21:0 2191
2190 16255 0:0 2191
2190 16252 0:0 2191
2190 16254 21:0 2257
2203 16245 0:0 2205
2204 16264 0:0 2205
2239 16265 0:0 2241
2245 16271 0:0 2246
2245 16269 0:0 2246
2245 16272 0:0 2246
2255 16256 0:0 2257
2256 16258 0:0 2257
2256 16273 0:0 2257
2256 16284 0:0 2257
2259 16286 21:0 2267
2266 16287 0:0 2267
2266 16285 0:0 2267
2266 16288 21:0 2333
2279 177 0:0 2281
2279 16278 0:0 2281
2280 16297 0:0 2281
2315 16298 0:0 2317
2321 16304 0:0 2322
2321 16302 0:0 2322
2321 16305 0:0 2322
2331 16289 0:0 2333
2332 16291 0:0 2333
2332 16306 0:0 2333
2332 16317 0:0 2333
2335 16319 21:0 2343
2342 197 0:0 2343
2342 16318 0:0 2343
2342 16321 0:0 2343
2342 16320 21:0 2409
2355 16311 0:0 2357
2356 16330 0:0 2357
2391 16331 0:0 2393
2397 16338 0:0 2398
2397 16337 0:0 2398
2397 16335 0:0 2398
2407 16322 0:0 2409
2408 16350 0:0 2409
2408 16339 0:0 2409
2408 16324 0:0 2409
2411 16352 21:0 2419
2418 16353 0:0 2419
2418 16351 0:0 2419
2418 16354 21:0 2485
2483 16355 0:0 2485
2487 16385 21:0 2495
2494 16387 0:0 2495
2494 16386 21:0 2561
2559 16388 0:0 2561
2563 16418 21:0 2571
2570 16419 0:0 2571
2570 16420 21:0 2637
2635 16421 0:0 2637
2639 16451 21:0 2647
2646 16453 0:0 2647
2646 16452 21:0 2713
2659 267 0:0 2661
2711 16454 0:0 2713
2715 16484 21:0 2723
2716 283 0:0 2718
2722 16486 0:0 2723
2722 16485 21:0 2789
2787 16487 0:0 2789
2791 16517 21:0 2799
2798 16518 0:0 2799
2798 16519 21:0 2865
2863 16520 0:0 2865
2867 16550 21:0 2875
2874 16552 0:0 2875
2874 16551 21:0 2884
2876 15956 1:0 2885
2876 15957 1:0 2886
2883 16553 21:0 2894
2888 15955 1:0 2895
2889 15925 1:0 3001
2893 16344 21:0 2899
2895 15924 1:0 3008
2897 15923 1:0 3007
2897 15922 1:0 3017
2898 16363 21:0 2899
2898 16364 21:0 2902
2901 16371 21:0 2902
2903 15892 1:0 3123
2903 15891 1:0 3130
2914 340 21:0 2928
2921 283 1:0 3143
2933 15890 1:0 3129
2973 267 1:0 3247
2978 16368 21:0 3003
3002 16535 21:0 3003
3002 16500 21:0 3006
3005 16423 21:0 3006
3005 16504 21:0 3013
3010 15889 1:0 3139
3011 15859 1:0 3245
3012 16401 21:0 3013
3012 16495 21:0 3016
3014 15858 1:0 3252
3015 16372 21:0 3016
3015 16515 21:0 3021
3019 15857 1:0 3251
3019 15856 1:0 3261
3020 16450 21:0 3021
3020 16390 21:0 3024
3023 16437 21:0 3024
3023 16469 21:0 3047
3025 15826 1:0 3367
3025 15824 1:0 3373
3044 15825 1:0 3374
3045 15806 1:0 3419
3046 16434 21:0 3050
3095 15823 1:0 3383
3100 16467 21:0 3125
3124 16503 21:0 3125
3124 16528 21:0 3128
3127 16522 21:0 3128
3127 16536 21:0 3135
3132 15793 1:0 3489
3133 15791 1:0 3495
3134 16516 21:0 3135
3134 16533 21:0 3138
3136 15792 1:0 3496
3137 16384 21:0 3138
3141 15790 1:0 3505
3141 15760 1:0 3611
3147 15758 1:0 3617
3254 15759 1:0 3618
3255 15757 1:0 3627
3255 15727 1:0 3733
3263 16731 21:0 3265
3263 15725 1:0 3739
3266 15726 1:0 3740
3273 15724 1:0 3749
3287 197 1:0 3745
3288 177 1:0 3857
3376 15694 1:0 3855
3377 15693 1:0 3862
3377 15678 1:0 3899
3385 15692 1:0 3861
3385 15691 1:0 3871
3391 15674 1:0 3907
3409 15661 1:0 3977
3498 15659 1:0 3983
3499 15660 1:0 3984
3499 15644 1:0 4029
3499 15637 1:0 4055
3507 15658 1:0 3993
3507 15636 1:0 4079
3507 15623 1:0 4124
3513 15628 1:0 4099
3620 15626 1:0 4105
3621 15627 1:0 4106
3621 15625 1:0 4115
3629 15604 1:0 4177
3629 15595 1:0 4221
3635 15594 1:0 4228
3654 15593 1:0 4227
3742 15592 1:0 4237
3743 15579 1:0 4265
3743 15562 1:0 4343
3751 15560 1:0 4349
3751 15561 1:0 4350
3757 15558 1:0 4353
3775 15559 1:0 4359
3864 15544 1:0 4395
3864 15545 1:0 4395
3864 15538 1:0 4421
3864 87 1:0 4467
3865 15529 1:0 4465
3873 15527 1:0 4471
3873 15528 1:0 4472
3879 15526 1:0 4481
3883 15524 1:0 4490
3986 15496 1:0 4587
3987 15495 1:0 4594
3995 15494 1:0 4593
3995 15493 1:0 4603
4001 15463 1:0 4709
4020 15461 1:0 4715
4108 15462 1:0 4716
4109 53 1:0 4721
4109 15460 1:0 4725
4109 15447 1:0 4753
4117 15430 1:0 4831
4117 33 1:0 4833
4117 15425 1:0 4856
4123 15429 1:0 4838
4127 15414 1:0 4875
4141 15406 1:0 4909
4230 15428 1:0 4837
4231 15427 1:0 4847
4231 15405 1:0 4933
4239 15397 1:0 4953
4239 15395 1:0 4959
4245 15 1:0 4955
4263 15396 1:0 4960
4264 15393 1:0 4963
4352 15394 1:0 4969
4353 16533 1:0 6434
4353 16553 1:0 6445
4353 341 1:0 6434
4595 17354 21:0 4599
5084 17589 21:0 5123
5121 17590 0:0 5123
5123 17594 0:0 5128
5123 17596 0:0 5128
5123 17597 0:0 5128
5130 17583 21:0 5139
5137 17598 0:0 5139
5138 17609 21:0 5139
5141 17611 21:0 5149
5148 17612 0:0 5149
5148 17610 0:0 5149
5148 17613 21:0 5215
5161 17603 0:0 5163
5162 17622 0:0 5163
5197 17623 0:0 5199
5203 17630 0:0 5204
5203 17629 0:0 5204
5203 17627 0:0 5204
5213 17614 0:0 5215
5214 17631 0:0 5215
5214 17642 0:0 5215
5214 17616 0:0 5215
5217 17644 21:0 5225
5224 17643 0:0 5225
5224 17646 0:0 5225
5224 17645 21:0 5291
5237 17636 0:0 5239
5238 17655 0:0 5239
5273 17656 0:0 5275
5279 17660 0:0 5280
5279 17662 0:0 5280
5279 17663 0:0 5280
5289 17647 0:0 5291
5290 17649 0:0 5291
5290 17664 0:0 5291
5290 17675 0:0 5291
5293 17677 21:0 5301
5300 17678 0:0 5301
5300 17676 0:0 5301
5300 17679 21:0 5367
5313 17669 0:0 5315
5314 17688 0:0 5315
5349 17689 0:0 5351
5355 17696 0:0 5356
5355 17693 0:0 5356
5355 17695 0:0 5356
5365 17680 0:0 5367
5366 17682 0:0 5367
5366 17708 0:0 5367
5369 17710 21:0 5377
5376 17712 0:0 5377
5376 17711 21:0 5443
5441 17713 0:0 5443
5442 17730 0:0 5443
5442 17741 0:0 5443
5445 17743 21:0 5453
5452 17745 0:0 5453
5452 17744 21:0 5519
5465 17735 0:0 5467
5466 17754 0:0 5467
5501 17755 0:0 5503
5507 17761 0:0 5508
5507 17762 0:0 5508
5507 17759 0:0 5508
5517 17746 0:0 5519
5518 17748 0:0 5519
5518 17763 0:0 5519
5518 17774 0:0 5519
5521 17776 21:0 5529
5528 17777 0:0 5529
5528 17775 0:0 5529
5528 17778 21:0 5595
5541 17768 0:0 5543
5542 17787 0:0 5543
5593 17779 0:0 5595
5597 17809 21:0 5605
5604 17811 0:0 5605
5604 17810 21:0 5671
5618 17820 0:0 5619
5653 17821 0:0 5655
5659 17825 0:0 5660
5659 17828 0:0 5660
5659 17827 0:0 5660
5669 17812 0:0 5671
5673 17842 21:0 5681
5680 17844 0:0 5681
5680 17843 21:0 5747
5694 17853 0:0 5695
5745 17845 0:0 5747
5746 17873 0:0 5747
5746 17847 0:0 5747
5746 17862 0:0 5747
5749 17875 21:0 5757
5756 17876 0:0 5757
5756 17877 21:0 5823
5769 17867 0:0 5771
5805 17887 0:0 5807
5811 17894 0:0 5812
5811 17891 0:0 5812
5811 17893 0:0 5812
5821 17878 0:0 5823
5825 17908 21:0 5833
5832 17910 0:0 5833
5832 17909 21:0 5899
5897 17911 0:0 5899
5901 17941 21:0 5909
5908 17942 0:0 5909
5908 17943 21:0 5975
5973 17944 0:0 5975
5977 17974 21:0 5985
5984 17976 0:0 5985
5984 17975 21:0 6051
6049 17977 0:0 6051
6053 18007 21:0 6061
6060 18009 0:0 6061
6060 18008 21:0 6127
6125 18010 0:0 6127
6129 18040 21:0 6137
6136 18041 0:0 6137
6136 18042 21:0 6203
6201 18043 0:0 6203
6205 18073 21:0 6213
6212 18075 0:0 6213
6212 18074 21:0 6279
6277 18076 0:0 6279
6281 18106 21:0 6289
6288 18107 0:0 6289
6288 18108 21:0 6355
6353 18109 0:0 6355
6357 18139 21:0 6365
6364 18141 0:0 6365
6364 18140 21:0 6431
6429 18142 0:0 6431
6433 18172 21:0 6441
6440 18173 0:0 6441
6440 18174 21:0 6450
6442 16551 1:0 6452
6442 16552 1:0 6453
6449 18175 21:0 6461
6455 16550 1:0 6463
6456 16516 1:0 6468
6456 16536 1:0 6493
6456 16522 1:0 6493
6456 16535 1:0 6502
6456 16528 1:0 6555
6456 16503 1:0 6599
6460 18018 21:0 6467
6462 16520 1:0 6576
6465 16518 1:0 6583
6465 16519 1:0 6584
6466 18051 21:0 6467
6466 18056 21:0 6470
6468 16515 1:0 6604
6468 16504 1:0 6624
6469 17858 21:0 6470
6471 16517 1:0 6594
6471 16500 1:0 6633
6473 16495 1:0 6686
6484 341 21:0 6498
6504 16487 1:0 6707
6551 17814 21:0 6578
6558 16485 1:0 6714
6577 17792 21:0 6578
6577 17788 21:0 6581
6580 17854 21:0 6581
6580 17906 21:0 6589
6586 16486 1:0 6715
6587 16484 1:0 6725
6587 16467 1:0 6755
6587 16731 1:0 6755
6587 16469 1:0 6764
6588 17900 21:0 6589
6588 17926 21:0 6592
6590 16450 1:0 6838
6591 17726 21:0 6592
6591 17990 21:0 6598
6596 16454 1:0 6838
6596 16452 1:0 6845
6597 17920 21:0 6598
6597 18027 21:0 6601
6599 16453 1:0 6846
6600 17728 21:0 6601
6600 17880 21:0 6621
6602 16451 1:0 6856
6602 16434 1:0 6886
6604 16437 1:0 6895
6607 16423 1:0 6953
6620 17992 21:0 6629
6630 16421 1:0 6969
6682 17979 21:0 6709
6684 16420 1:0 6977
6689 16384 1:0 7017
6708 17721 21:0 6709
6708 18059 21:0 6712
6711 18019 21:0 6712
6711 17994 21:0 6720
6717 16419 1:0 6976
6718 16418 1:0 6987
6718 16401 1:0 7026
6718 16390 1:0 7084
6719 17959 21:0 6720
6719 17939 21:0 6723
6722 17722 21:0 6723
6722 17986 21:0 6729
6724 16388 1:0 7100
6727 16386 1:0 7107
6727 16387 1:0 7108
6728 17960 21:0 6729
6728 17933 21:0 6732
6730 16372 1:0 7123
6730 16368 1:0 7148
6731 17972 21:0 6732
6731 17794 21:0 6752
6733 16385 1:0 7118
6733 16371 1:0 7148
6735 16364 1:0 7183
6738 16363 1:0 7210
6751 17907 21:0 6760
6761 16355 1:0 7231
6813 17796 21:0 6840
6815 16354 1:0 7239
6820 16351 1:0 7242
6839 17807 21:0 6840
6839 17953 21:0 6843
6842 17924 21:0 6843
6842 18052 21:0 6851
6848 16353 1:0 7238
6849 16352 1:0 7249
6849 16350 1:0 7259
6849 16344 1:0 7264
6849 16339 1:0 7279
6850 18072 21:0 6851
6850 17874 21:0 6854
6852 16338 1:0 7288
6855 16331 1:0 7314
6858 16335 1:0 7288
6858 16337 1:0 7288
6858 16330 1:0 7341
6858 16324 1:0 7346
6858 16322 1:0 7362
6866 16320 1:0 7369
6869 16318 1:0 7373
6884 16317 1:0 7390
6885 16306 1:0 7410
6897 16311 1:0 7395
6979 16321 1:0 7370
6980 16319 1:0 7380
6980 16304 1:0 7419
6980 16302 1:0 7419
6989 16305 1:0 7419
6989 16298 1:0 7445
6989 16297 1:0 7472
6989 16291 1:0 7477
6989 16289 1:0 7493
6997 16288 1:0 7501
7000 16285 1:0 7504
7015 16278 1:0 7526
7016 16284 1:0 7521
7028 16273 1:0 7541
7110 16287 1:0 7500
7111 16286 1:0 7511
7111 16269 1:0 7550
7111 16265 1:0 7576
7120 16271 1:0 7550
7120 16272 1:0 7550
7120 16264 1:0 7603
7120 16258 1:0 7608
7120 16256 1:0 7624
7128 16254 1:0 7631
7159 16255 1:0 7632
7241 16252 1:0 7635
7241 16251 1:0 7652
7241 16245 1:0 7657
7241 16240 1:0 7672
7242 16253 1:0 7642
7242 16236 1:0 7681
7242 16238 1:0 7681
7251 16239 1:0 7681
7251 16232 1:0 7707
7251 16231 1:0 7734
7251 16225 1:0 7739
7251 16223 1:0 7755
7259 16221 1:0 7762
7262 16219 1:0 7766
7277 16218 1:0 7783
7278 16207 1:0 7803
7290 16212 1:0 7788
7372 16222 1:0 7763
7373 16220 1:0 7773
7373 16206 1:0 7812
7373 16205 1:0 7812
7382 16203 1:0 7812
7382 16199 1:0 7838
7382 16198 1:0 7865
7382 16192 1:0 7870
7382 16190 1:0 7886
7390 16188 1:0 7893
7393 16186 1:0 7897
7408 16179 1:0 7919
7409 16174 1:0 7934
7421 16185 1:0 7914
7503 16189 1:0 7894
7504 16187 1:0 7904
7504 16170 1:0 7943
7504 16166 1:0 7969
7513 16173 1:0 7943
7513 16172 1:0 7943
7513 16165 1:0 7996
7513 16159 1:0 8001
7513 16157 1:0 8017
7521 16155 1:0 8024
7552 16156 1:0 8025
7634 16153 1:0 8028
7634 16152 1:0 8045
7634 16146 1:0 8050
7634 16141 1:0 8065
7635 16154 1:0 8035
7635 16139 1:0 8074
7635 16140 1:0 8074
7644 16137 1:0 8074
7644 16133 1:0 8100
7644 16132 1:0 8127
7644 16126 1:0 8132
7644 16124 1:0 8148
7652 16122 1:0 8155
7683 16123 1:0 8156
7765 16120 1:0 8159
7765 16119 1:0 8176
7765 16113 1:0 8181
7765 16108 1:0 8196
7766 16121 1:0 8166
7766 16104 1:0 8205
7766 16100 1:0 8231
7775 16106 1:0 8205
7775 16107 1:0 8205
7775 16099 1:0 8258
7775 16091 1:0 8279
7775 17354 1:0 8279
7781 16093 1:0 8263
7786 16089 1:0 8286
7801 16087 1:0 8290
7802 16086 1:0 8307
7814 16075 1:0 8327
7896 16090 1:0 8287
7897 16088 1:0 8297
7897 16080 1:0 8312
7897 16074 1:0 8336
7906 16071 1:0 8336
7906 16073 1:0 8336
7906 16067 1:0 8362
7906 16060 1:0 8394
7906 16058 1:0 8410
7912 16066 1:0 8389
7917 16057 1:0 8418
7932 16054 1:0 8421
7933 16047 1:0 8443
7945 16042 1:0 8458
8027 16056 1:0 8417
8028 16055 1:0 8428
8028 16053 1:0 8438
8028 16041 1:0 8467
8037 16040 1:0 8467
8037 16038 1:0 8467
8037 16034 1:0 8493
8037 16033 1:0 8520
8037 16025 1:0 8541
8043 16027 1:0 8525
8048 16023 1:0 8548
8063 16021 1:0 8552
8064 16020 1:0 8569
8076 16009 1:0 8589
8158 16024 1:0 8549
8159 16022 1:0 8559
8159 16014 1:0 8574
8159 16005 1:0 8598
8168 16007 1:0 8598
8168 16008 1:0 8598
8168 16001 1:0 8624
8168 16000 1:0 8651
8168 15992 1:0 8672
8174 15994 1:0 8656
8179 15991 1:0 8680
8194 15988 1:0 8683
8195 15981 1:0 8705
8207 15987 1:0 8700
8289 15990 1:0 8679
8290 15989 1:0 8690
8290 15976 1:0 8720
8290 15961 1:0 8774
8299 15974 1:0 8725
8299 15968 1:0 8725
8299 15972 1:0 8725
8299 15975 1:0 8725
8299 15967 1:0 8782
8299 342 1:0 10172
8305 18175 1:0 10168
8325 18174 1:0 10182
8813 19211 21:0 8852
8850 19212 0:0 8852
8852 19219 0:0 8857
8852 19216 0:0 8857
8852 19218 0:0 8857
8859 19205 21:0 8868
8866 19220 0:0 8868
8867 19231 21:0 8868
8870 19233 21:0 8878
8877 19232 0:0 8878
8877 19235 0:0 8878
8877 19234 21:0 8944
8890 19225 0:0 8892
8891 19244 0:0 8892
8926 19245 0:0 8928
8932 19251 0:0 8933
8932 19252 0:0 8933
8932 19249 0:0 8933
8942 19236 0:0 8944
8943 19238 0:0 8944
8943 19253 0:0 8944
8943 19264 0:0 8944
8946 19266 21:0 8954
8953 19267 0:0 8954
8953 19265 0:0 8954
8953 19268 21:0 9020
8966 19258 0:0 8968
8967 19277 0:0 8968
9002 19278 0:0 9004
9008 19284 0:0 9009
9008 19285 0:0 9009
9008 19282 0:0 9009
9018 19269 0:0 9020
9019 19286 0:0 9020
9019 19297 0:0 9020
9019 19271 0:0 9020
9022 19299 21:0 9030
9029 19300 0:0 9030
9029 19298 0:0 9030
9029 19301 21:0 9096
9042 19291 0:0 9044
9043 19310 0:0 9044
9078 19311 0:0 9080
9084 19318 0:0 9085
9084 19315 0:0 9085
9084 19317 0:0 9085
9094 19302 0:0 9096
9095 19304 0:0 9096
9095 19319 0:0 9096
9095 19330 0:0 9096
9098 19332 21:0 9106
9105 19333 0:0 9106
9105 19331 0:0 9106
9105 19334 21:0 9172
9118 19324 0:0 9120
9119 19343 0:0 9120
9154 19344 0:0 9156
9160 19351 0:0 9161
9160 19348 0:0 9161
9160 19350 0:0 9161
9170 19335 0:0 9172
9171 19363 0:0 9172
9171 19337 0:0 9172
9171 19352 0:0 9172
9174 19365 21:0 9182
9181 19364 0:0 9182
9181 19367 0:0 9182
9181 19366 21:0 9248
9194 19357 0:0 9196
9195 19376 0:0 9196
9230 19377 0:0 9232
9236 19381 0:0 9237
9236 19383 0:0 9237
9236 19384 0:0 9237
9246 19368 0:0 9248
9247 19385 0:0 9248
9247 19370 0:0 9248
9247 19396 0:0 9248
9250 19398 21:0 9258
9257 19399 0:0 9258
9257 19397 0:0 9258
9257 19400 21:0 9324
9270 19390 0:0 9272
9271 19409 0:0 9272
9306 19410 0:0 9308
9312 19416 0:0 9313
9312 19414 0:0 9313
9312 19417 0:0 9313
9322 19401 0:0 9324
9323 19403 0:0 9324
9323 19429 0:0 9324
9323 19418 0:0 9324
9326 19431 21:0 9334
9333 19430 0:0 9334
9333 19433 0:0 9334
9333 19432 21:0 9400
9346 19423 0:0 9348
9347 19442 0:0 9348
9388 19450 0:0 9389
9388 19447 0:0 9389
9398 19434 0:0 9400
9399 19436 0:0 9400
9399 19451 0:0 9400
9399 19462 0:0 9400
9402 19464 21:0 9410
9409 19466 0:0 9410
9409 19463 0:0 9410
9409 19465 21:0 9476
9422 19456 0:0 9424
9423 19475 0:0 9424
9458 19476 0:0 9460
9464 19483 0:0 9465
9464 19480 0:0 9465
9464 19482 0:0 9465
9474 19467 0:0 9476
9475 19469 0:0 9476
9475 19495 0:0 9476
9478 19497 21:0 9486
9485 19499 0:0 9486
9485 19496 0:0 9486
9485 19498 21:0 9552
9498 19489 0:0 9500
9499 19508 0:0 9500
9534 19509 0:0 9536
9540 19513 0:0 9541
9540 19516 0:0 9541
9540 19515 0:0 9541
9550 19500 0:0 9552
9551 19528 0:0 9552
9551 19502 0:0 9552
9554 19530 21:0 9562
9561 19531 0:0 9562
9561 19529 0:0 9562
9561 19532 21:0 9628
9574 19522 0:0 9576
9575 19541 0:0 9576
9610 19542 0:0 9612
9616 19546 0:0 9617
9616 19548 0:0 9617
9626 19533 0:0 9628
9627 19561 0:0 9628
9627 19535 0:0 9628
9627 19550 0:0 9628
9630 19563 21:0 9638
9637 19565 0:0 9638
9637 19564 21:0 9704
9650 19555 0:0 9652
9692 19581 0:0 9693
9692 19582 0:0 9693
9702 19566 0:0 9704
9703 19583 0:0 9704
9703 19568 0:0 9704
9703 19594 0:0 9704
9706 19596 21:0 9714
9713 19598 0:0 9714
9713 19597 21:0 9780
9778 19599 0:0 9780
9782 19629 21:0 9790
9789 19631 0:0 9790
9789 19630 21:0 9856
9854 19632 0:0 9856
9858 19662 21:0 9866
9865 19663 0:0 9866
9865 19664 21:0 9932
9930 19665 0:0 9932
9934 19695 21:0 9942
9941 19696 0:0 9942
9941 19697 21:0 10008
10006 19698 0:0 10008
10010 19728 21:0 10018
10017 19730 0:0 10018
10017 19729 21:0 10084
10082 19731 0:0 10084
10086 19761 21:0 10094
10093 19763 0:0 10094
10093 19762 21:0 10160
10158 19764 0:0 10160
10162 19794 21:0 10170
10169 19795 0:0 10170
10169 19796 21:0 10179
10171 18173 1:0 10181
10178 19797 21:0 10190
10184 18172 1:0 10192
10185 18142 1:0 10305
10185 18140 1:0 10312
10189 19579 21:0 10196
10191 18141 1:0 10313
10194 18139 1:0 10323
10194 18109 1:0 10436
10195 19574 21:0 10196
10195 19443 21:0 10199
10198 19575 21:0 10199
10200 18108 1:0 10444
10202 18107 1:0 10443
10213 342 21:0 10227
10220 18072 1:0 10567
10233 18106 1:0 10454
10274 18059 1:0 10615
10280 19449 21:0 10307
10306 19549 21:0 10307
10306 19517 21:0 10310
10309 19661 21:0 10310
10309 19647 21:0 10318
10315 18076 1:0 10567
10316 18074 1:0 10574
10316 18075 1:0 10575
10317 19715 21:0 10318
10317 19711 21:0 10321
10320 19714 21:0 10321
10320 19616 21:0 10327
10322 18073 1:0 10585
10325 18052 1:0 10615
10325 18056 1:0 10624
10325 18051 1:0 10677
10325 18043 1:0 10698
10326 19614 21:0 10327
10326 19713 21:0 10330
10329 19700 21:0 10330
10329 19753 21:0 10351
10331 18041 1:0 10705
10331 18042 1:0 10706
10333 18027 1:0 10746
10350 19649 21:0 10358
10352 18040 1:0 10716
10359 18019 1:0 10781
10411 19673 21:0 10438
10413 18010 1:0 10829
10418 18018 1:0 10808
10437 19706 21:0 10438
10437 19654 21:0 10441
10440 19748 21:0 10441
10444 16670 21:0 10449
10446 18008 1:0 10836
10447 18009 1:0 10837
10448 19562 21:0 10449
10450 18007 1:0 10847
10456 17986 1:0 10852
10456 17994 1:0 10877
10456 17992 1:0 10877
10456 17990 1:0 10886
10456 17977 1:0 10960
10462 17979 1:0 10944
10467 17975 1:0 10967
10482 17953 1:0 10983
10483 17960 1:0 11008
10495 17972 1:0 10988
10577 17976 1:0 10968
10578 17974 1:0 10978
10578 17959 1:0 11017
10578 17924 1:0 11091
10587 17944 1:0 11091
10587 17943 1:0 11099
10595 17942 1:0 11098
10626 17941 1:0 11109
10706 16784 21:0 10711
10708 17933 1:0 11114
10708 17939 1:0 11119
10708 17920 1:0 11139
10708 17926 1:0 11148
10709 17907 1:0 11222
10709 17911 1:0 11222
10709 17906 1:0 11250
10718 17909 1:0 11229
10718 17910 1:0 11230
10724 17908 1:0 11240
10726 17900 1:0 11255
10729 17894 1:0 11279
10744 17891 1:0 11279
10745 17887 1:0 11305
10757 17874 1:0 11324
10839 17893 1:0 11279
10839 17880 1:0 11337
10840 17878 1:0 11353
10840 17877 1:0 11361
10849 17876 1:0 11360
10849 17875 1:0 11371
10855 17873 1:0 11381
10855 17867 1:0 11386
10855 17862 1:0 11401
10857 17854 1:0 11401
10860 17858 1:0 11410
10875 17847 1:0 11468
10876 17853 1:0 11463
10888 17807 1:0 11586
10970 17845 1:0 11484
10971 17843 1:0 11491
10971 17825 1:0 11541
10971 17821 1:0 11567
10980 17844 1:0 11492
10980 17842 1:0 11502
10986 17828 1:0 11541
10986 17827 1:0 11541
10986 17814 1:0 11599
11007 17812 1:0 11615
11019 17820 1:0 11594
11101 17810 1:0 11622
11102 17811 1:0 11623
11102 17796 1:0 11638
11102 17794 1:0 11663
11111 17809 1:0 11633
11111 17788 1:0 11663
11111 17792 1:0 11672
11111 17787 1:0 11725
11117 17779 1:0 11746
11138 17778 1:0 11754
11150 17775 1:0 11757
11232 17777 1:0 11753
11233 17776 1:0 11764
11233 17774 1:0 11774
11233 17768 1:0 11779
11242 17763 1:0 11794
11242 17762 1:0 11803
11242 17759 1:0 11803
11242 17761 1:0 11803
11242 17755 1:0 11829
11242 17754 1:0 11856
11242 17748 1:0 11861
11248 17746 1:0 11877
11269 17744 1:0 11884
11281 17722 1:0 11925
11363 17745 1:0 11885
11364 17743 1:0 11895
11364 17741 1:0 11905
11364 17735 1:0 11910
11373 17730 1:0 11925
11373 17728 1:0 11925
11373 17726 1:0 11934
11373 17721 1:0 11987
11373 17713 1:0 12008
11381 17711 1:0 12015
11412 17712 1:0 12016
11494 17710 1:0 12026
11495 17708 1:0 12036
11495 17695 1:0 12065
11495 17696 1:0 12065
11495 17693 1:0 12065
11495 17689 1:0 12091
11495 17688 1:0 12118
11504 17682 1:0 12123
11504 17680 1:0 12139
11510 17679 1:0 12147
11515 17678 1:0 12146
11530 17676 1:0 12150
11531 17675 1:0 12167
11543 17669 1:0 12172
11543 17664 1:0 12187
11590 17133 21:0 11617
11625 17677 1:0 12157
11626 17663 1:0 12196
11626 17662 1:0 12196
11626 17660 1:0 12196
11626 17656 1:0 12222
11626 17655 1:0 12249
11626 17649 1:0 12254
11635 17647 1:0 12270
11635 17645 1:0 12277
11641 17643 1:0 12281
11644 17190 21:0 11668
11646 17646 1:0 12278
11674 17644 1:0 12288
11756 17642 1:0 12298
11756 17636 1:0 12303
11756 17631 1:0 12318
11756 17623 1:0 12353
11757 17630 1:0 12327
11757 17629 1:0 12327
11757 17627 1:0 12327
11757 17622 1:0 12380
11757 17616 1:0 12385
11757 17610 1:0 12412
11766 17614 1:0 12401
11766 17613 1:0 12409
11774 17612 1:0 12408
11805 17611 1:0 12419
11887 17609 1:0 12429
11887 17603 1:0 12434
11887 17598 1:0 12449
11887 17597 1:0 12454
11888 17594 1:0 12454
11888 17590 1:0 12454
11888 17596 1:0 12454
11888 17583 1:0 12503
11888 17589 1:0 12511
11888 343 1:0 13892
11897 19797 1:0 13903
12542 20833 21:0 12581
12579 20834 0:0 12581
12581 20840 0:0 12586
12581 20838 0:0 12586
12581 20841 0:0 12586
12588 20827 21:0 12597
12595 20842 0:0 12597
12596 20853 21:0 12597
12599 20855 21:0 12607
12606 20856 0:0 12607
12606 20854 0:0 12607
12606 20857 21:0 12673
12619 20847 0:0 12621
12620 20866 0:0 12621
12655 20867 0:0 12657
12661 20871 0:0 12662
12661 20874 0:0 12662
12661 20873 0:0 12662
12671 20858 0:0 12673
12672 20886 0:0 12673
12672 20875 0:0 12673
12672 20860 0:0 12673
12675 20888 21:0 12683
12682 20887 0:0 12683
12682 20889 0:0 12683
12682 20890 21:0 12749
12695 20880 0:0 12697
12696 20899 0:0 12697
12731 20900 0:0 12733
12737 20907 0:0 12738
12737 20906 0:0 12738
12737 20904 0:0 12738
12747 20891 0:0 12749
12748 20893 0:0 12749
12748 20908 0:0 12749
12748 20919 0:0 12749
12751 20921 21:0 12759
12758 20923 0:0 12759
12758 20920 0:0 12759
12758 20922 21:0 12825
12771 20913 0:0 12773
12772 20932 0:0 12773
12807 20933 0:0 12809
12813 20937 0:0 12814
12813 20939 0:0 12814
12813 20940 0:0 12814
12823 20924 0:0 12825
12824 20926 0:0 12825
12827 20954 21:0 12835
12834 20955 0:0 12835
12834 20956 21:0 12901
12848 20965 0:0 12849
12899 20957 0:0 12901
12900 20959 0:0 12901
12900 20974 0:0 12901
12900 20985 0:0 12901
12903 20987 21:0 12911
12910 20989 0:0 12911
12910 20988 21:0 12977
12923 20979 0:0 12925
12924 20998 0:0 12925
12975 20990 0:0 12977
12976 20992 0:0 12977
12976 21018 0:0 12977
12976 21007 0:0 12977
12979 21020 21:0 12987
12986 21022 0:0 12987
12986 21019 0:0 12987
12986 21021 21:0 13053
12999 21012 0:0 13001
13035 21032 0:0 13037
13041 21039 0:0 13042
13041 21038 0:0 13042
13041 21036 0:0 13042
13051 21023 0:0 13053
13052 21025 0:0 13053
13052 21051 0:0 13053
13052 21040 0:0 13053
13055 21053 21:0 13063
13062 21054 0:0 13063
13062 21052 0:0 13063
13062 21055 21:0 13129
13075 21045 0:0 13077
13076 21064 0:0 13077
13127 21056 0:0 13129
13128 21084 0:0 13129
13128 21073 0:0 13129
13131 21086 21:0 13139
13138 21085 0:0 13139
13138 21088 0:0 13139
13138 21087 21:0 13205
13151 21078 0:0 13153
13152 21097 0:0 13153
13187 21098 0:0 13189
13193 21105 0:0 13194
13193 21102 0:0 13194
13193 21104 0:0 13194
13203 21089 0:0 13205
13204 21091 0:0 13205
13207 21119 21:0 13215
13214 21121 0:0 13215
13214 21120 21:0 13281
13227 21111 0:0 13229
13263 21131 0:0 13265
13269 21138 0:0 13270
13269 21137 0:0 13270
13269 21135 0:0 13270
13279 21122 0:0 13281
13280 21139 0:0 13281
13280 21150 0:0 13281
13283 21152 21:0 13291
13290 21151 0:0 13291
13290 21153 0:0 13291
13290 21154 21:0 13357
13355 21155 0:0 13357
13359 21185 21:0 13367
13366 21187 0:0 13367
13366 21186 21:0 13433
13431 21188 0:0 13433
13435 21218 21:0 13443
13442 21220 0:0 13443
13442 21219 21:0 13509
13507 21221 0:0 13509
13511 21251 21:0 13519
13518 21252 0:0 13519
13518 21253 21:0 13585
13583 21254 0:0 13585
13587 21284 21:0 13595
13594 21286 0:0 13595
13594 21285 21:0 13661
13659 21287 0:0 13661
13663 21317 21:0 13671
13670 21319 0:0 13671
13670 21318 21:0 13737
13735 21320 0:0 13737
13739 21350 21:0 13747
13746 21351 0:0 13747
13746 21352 21:0 13813
13811 21353 0:0 13813
13815 21383 21:0 13823
13822 21385 0:0 13823
13822 21384 21:0 13889
13887 21386 0:0 13889
13891 21416 21:0 13899
13898 21417 0:0 13899
13898 21418 21:0 13908
13900 19795 1:0 13910
13900 19796 1:0 13911
13907 21419 21:0 13919
13913 19794 1:0 13921
13914 19764 1:0 14034
13914 19753 1:0 14067
13914 19748 1:0 14082
13918 21197 21:0 13925
13920 19762 1:0 14041
13923 19763 1:0 14042
13923 19761 1:0 14052
13924 20973 21:0 13925
13924 21249 21:0 13928
13926 19706 1:0 14136
13926 16670 1:0 14165
13927 21230 21:0 13928
13929 19731 1:0 14165
13942 343 21:0 13956
13950 19729 1:0 14172
14003 19730 1:0 14173
14009 21168 21:0 14036
14011 19713 1:0 14188
14016 19714 1:0 14213
14035 21237 21:0 14036
14035 21236 21:0 14039
14038 21196 21:0 14039
14038 21223 21:0 14047
14044 19728 1:0 14183
14045 19715 1:0 14213
14045 19711 1:0 14222
14045 19700 1:0 14280
14045 19698 1:0 14296
14046 21217 21:0 14047
14046 21172 21:0 14050
14048 19673 1:0 14347
14049 21124 21:0 14050
14049 21163 21:0 14056
14054 19696 1:0 14303
14054 19697 1:0 14304
14055 20941 21:0 14056
14055 21190 21:0 14059
14057 19695 1:0 14314
14058 21234 21:0 14059
14058 21210 21:0 14079
14060 16784 1:0 14398
14060 19661 1:0 14427
14062 19665 1:0 14427
14078 21177 21:0 14087
14081 19664 1:0 14435
14134 19663 1:0 14434
14140 21171 21:0 14167
14142 19654 1:0 14460
14147 19649 1:0 14475
14166 21183 21:0 14167
14166 21031 21:0 14170
14169 21229 21:0 14170
14169 21243 21:0 14178
14175 19662 1:0 14445
14176 19647 1:0 14484
14176 19632 1:0 14558
14176 19616 1:0 14606
14177 20946 21:0 14178
14177 21144 21:0 14181
14180 21203 21:0 14181
14180 21204 21:0 14187
14182 19630 1:0 14565
14185 19631 1:0 14566
14185 19629 1:0 14576
14186 21170 21:0 14187
14186 21205 21:0 14190
14188 19614 1:0 14615
14189 21005 21:0 14190
14189 21216 21:0 14210
14191 19599 1:0 14689
14196 19597 1:0 14696
14209 21106 21:0 14218
14219 19598 1:0 14697
14271 20952 21:0 14298
14273 19596 1:0 14707
14278 19562 1:0 14737
14297 20986 21:0 14298
14297 20999 21:0 14301
14300 21118 21:0 14301
14300 20972 21:0 14309
14306 19594 1:0 14717
14306 19583 1:0 14737
14306 19575 1:0 14737
14306 19579 1:0 14746
14307 19581 1:0 14746
14307 19582 1:0 14746
14307 19574 1:0 14799
14307 19566 1:0 14820
14308 21300 21:0 14309
14308 21370 21:0 14312
14310 19568 1:0 14804
14311 21381 21:0 14312
14311 21201 21:0 14318
14316 19564 1:0 14827
14316 19565 1:0 14828
14317 21263 21:0 14318
14317 21130 21:0 14321
14319 19563 1:0 14838
14320 21302 21:0 14321
14320 21333 21:0 14341
14322 19561 1:0 14848
14322 19555 1:0 14853
14322 19550 1:0 14868
14322 19548 1:0 14877
14322 19549 1:0 14877
14324 19542 1:0 14903
14327 19546 1:0 14877
14340 21329 21:0 14349
14350 19533 1:0 14951
14355 19541 1:0 14930
14355 19535 1:0 14935
14396 19529 1:0 14962
14402 21336 21:0 14429
14404 19517 1:0 14999
14428 21256 21:0 14429
14428 21270 21:0 14432
14431 21262 21:0 14432
14431 21271 21:0 14440
14437 19532 1:0 14959
14438 19531 1:0 14958
14438 19530 1:0 14969
14439 21065 21:0 14440
14439 21003 21:0 14443
14441 19522 1:0 14984
14444 19528 1:0 14979
14447 19515 1:0 15008
14447 19513 1:0 15008
14447 19516 1:0 15008
14447 19509 1:0 15034
14447 19500 1:0 15082
14453 19508 1:0 15061
14453 19502 1:0 15066
14473 19498 1:0 15089
14474 19496 1:0 15093
14486 19489 1:0 15115
14568 19499 1:0 15090
14569 19497 1:0 15100
14569 19495 1:0 15110
14569 19480 1:0 15139
14578 19482 1:0 15139
14578 19483 1:0 15139
14578 19476 1:0 15165
14578 19469 1:0 15197
14578 19467 1:0 15213
14584 19475 1:0 15192
14589 19465 1:0 15220
14604 19463 1:0 15224
14605 19449 1:0 15261
14617 19462 1:0 15241
14699 19466 1:0 15221
14700 19464 1:0 15231
14700 19456 1:0 15246
14700 19451 1:0 15261
14708 16902 21:0 14711
14709 17133 1:0 15240
14709 19450 1:0 15270
14709 19447 1:0 15270
14709 19443 1:0 15296
14709 19434 1:0 15344
14712 19436 1:0 15328
14715 19442 1:0 15323
14720 19432 1:0 15351
14735 19430 1:0 15355
14736 19423 1:0 15377
14748 17190 1:0 15371
14830 19433 1:0 15352
14831 19431 1:0 15362
14831 19429 1:0 15372
14831 19418 1:0 15392
14840 19417 1:0 15401
14840 19416 1:0 15401
14840 19414 1:0 15401
14840 19410 1:0 15427
14840 19401 1:0 15475
14846 19409 1:0 15454
14846 19403 1:0 15459
14866 19400 1:0 15483
14867 19397 1:0 15486
14879 19396 1:0 15503
14959 17012 21:0 14964
14961 19399 1:0 15482
14962 19398 1:0 15493
14962 19390 1:0 15508
14962 19385 1:0 15523
14962 19383 1:0 15532
14971 19381 1:0 15532
14971 19384 1:0 15532
14971 19377 1:0 15558
14971 19376 1:0 15585
14971 19368 1:0 15606
14977 19370 1:0 15590
14982 19366 1:0 15613
14997 19364 1:0 15617
14998 19352 1:0 15654
15010 19363 1:0 15634
15092 19367 1:0 15614
15093 19365 1:0 15624
15093 19357 1:0 15639
15093 19348 1:0 15663
15102 19351 1:0 15663
15102 19350 1:0 15663
15102 19344 1:0 15689
15102 19337 1:0 15721
15102 19335 1:0 15737
15108 19343 1:0 15716
15113 19334 1:0 15745
15128 19331 1:0 15748
15129 19330 1:0 15765
15141 19319 1:0 15785
15221 17126 21:0 15226
15223 19333 1:0 15744
15224 19332 1:0 15755
15224 19324 1:0 15770
15224 19315 1:0 15794
15224 19318 1:0 15794
15233 19317 1:0 15794
15233 19311 1:0 15820
15233 19310 1:0 15847
15233 19304 1:0 15852
15233 19302 1:0 15868
15241 19301 1:0 15876
15242 17133 21:0 15266
15244 19298 1:0 15879
15272 19300 1:0 15875
15354 19299 1:0 15886
15355 19297 1:0 15896
15355 19291 1:0 15901
15355 19286 1:0 15916
15355 19285 1:0 15925
15355 19282 1:0 15925
15355 19278 1:0 15951
15364 19284 1:0 15925
15364 19277 1:0 15978
15364 19271 1:0 15983
15364 19269 1:0 15999
15370 19268 1:0 16007
15372 19265 1:0 16010
15403 19267 1:0 16006
15485 19266 1:0 16017
15486 19264 1:0 16027
15486 19258 1:0 16032
15486 19253 1:0 16047
15486 19252 1:0 16056
15486 19249 1:0 16056
15486 19251 1:0 16056
15495 19245 1:0 16082
15495 19244 1:0 16109
15495 19238 1:0 16114
15495 19236 1:0 16130
15501 19234 1:0 16137
15503 19232 1:0 16141
15534 19235 1:0 16138
15616 19233 1:0 16148
15617 19231 1:0 16158
15617 19225 1:0 16163
15617 19220 1:0 16178
15617 19218 1:0 16183
15617 19216 1:0 16183
15617 19219 1:0 16183
15626 19212 1:0 16183
15626 19205 1:0 16232
15626 19211 1:0 16240
15626 21419 1:0 17632
15626 344 1:0 17621
15634 21418 1:0 17640
15665 21417 1:0 17639
15747 21416 1:0 17650
15748 21271 1:0 17683
15748 21262 1:0 17683
15748 21270 1:0 17734
15887 17415 21:0 15890
15897 17418 0:0 15918
16271 22455 21:0 16310
16308 22456 0:0 16310
16310 22462 0:0 16315
16310 22463 0:0 16315
16310 22460 0:0 16315
16317 22449 21:0 16326
16324 22464 0:0 16326
16325 22475 21:0 16326
16328 22477 21:0 16336
16335 22479 0:0 16336
16335 17 0:0 16336
16335 22476 0:0 16336
16335 22478 21:0 16402
16348 22469 0:0 16350
16349 22488 0:0 16350
16384 22489 0:0 16386
16390 22493 0:0 16391
16390 22495 0:0 16391
16390 22496 0:0 16391
16400 22480 0:0 16402
16401 22482 0:0 16402
16401 22508 0:0 16402
16401 22497 0:0 16402
16404 22510 21:0 16412
16411 22509 0:0 16412
16411 22512 0:0 16412
16411 22511 21:0 16478
16424 22502 0:0 16426
16425 22521 0:0 16426
16460 22522 0:0 16462
16466 22528 0:0 16467
16466 22526 0:0 16467
16466 22529 0:0 16467
16476 22513 0:0 16478
16477 22541 0:0 16478
16477 22515 0:0 16478
16477 22530 0:0 16478
16480 22543 21:0 16488
16487 22542 0:0 16488
16487 22545 0:0 16488
16487 22544 21:0 16554
16500 51 0:0 16502
16500 22535 0:0 16502
16501 22554 0:0 16502
16536 22555 0:0 16538
16542 22559 0:0 16543
16542 22562 0:0 16543
16542 22561 0:0 16543
16552 22546 0:0 16554
16553 22563 0:0 16554
16553 22548 0:0 16554
16553 22574 0:0 16554
16556 22576 21:0 16564
16557 67 0:0 16559
16563 22577 0:0 16564
16563 22578 21:0 16630
16576 22568 0:0 16578
16577 22587 0:0 16578
16612 22588 0:0 16614
16618 22595 0:0 16619
16628 22579 0:0 16630
16629 22607 0:0 16630
16629 22596 0:0 16630
16629 22581 0:0 16630
16632 22609 21:0 16640
16639 22611 0:0 16640
16639 22610 21:0 16706
16652 22601 0:0 16654
16652 87 0:0 16654
16653 22620 0:0 16654
16688 22621 0:0 16690
16694 22625 0:0 16695
16694 22628 0:0 16695
16704 22612 0:0 16706
16705 22629 0:0 16706
16705 22614 0:0 16706
16705 22640 0:0 16706
16708 22642 21:0 16716
16715 22644 0:0 16716
16715 22641 0:0 16716
16715 22643 21:0 16782
16728 105 0:0 16730
16729 22653 0:0 16730
16764 22654 0:0 16766
16770 22658 0:0 16771
16770 22661 0:0 16771
16770 22660 0:0 16771
16780 22645 0:0 16782
16781 22673 0:0 16782
16781 22647 0:0 16782
16781 22662 0:0 16782
16784 22675 21:0 16792
16791 22677 0:0 16792
16791 22674 0:0 16792
16791 22676 21:0 16858
16804 22667 0:0 16806
16805 22686 0:0 16806
16840 22687 0:0 16842
16846 22691 0:0 16847
16856 22678 0:0 16858
16857 22680 0:0 16858
16857 22695 0:0 16858
16860 22708 21:0 16868
16867 22707 0:0 16868
16867 22709 0:0 16868
16867 22710 21:0 16934
16880 141 0:0 16882
16881 22719 0:0 16882
16916 22720 0:0 16918
16922 22724 0:0 16923
16922 22726 0:0 16923
16932 22711 0:0 16934
16933 22713 0:0 16934
16933 22728 0:0 16934
16933 22739 0:0 16934
16936 22741 21:0 16944
16943 161 0:0 16944
16943 22743 0:0 16944
16943 22742 21:0 17010
17008 22744 0:0 17010
17012 22774 21:0 17020
17013 175 0:0 17015
17019 22775 0:0 17020
17019 22776 21:0 17086
17084 22777 0:0 17086
17088 22807 21:0 17096
17089 193 0:0 17091
17095 197 0:0 17096
17095 22809 0:0 17096
17095 22808 21:0 17162
17160 22810 0:0 17162
17164 22840 21:0 17172
17171 22842 0:0 17172
17171 215 0:0 17172
17171 22841 21:0 17238
17236 22843 0:0 17238
17240 22873 21:0 17248
17247 22875 0:0 17248
17247 22874 21:0 17314
17312 22876 0:0 17314
17316 22906 21:0 17324
17323 22907 0:0 17324
17323 22908 21:0 17390
17388 22909 0:0 17390
17392 22939 21:0 17400
17399 22941 0:0 17400
17399 22940 21:0 17466
17464 22942 0:0 17466
17468 22972 21:0 17476
17469 283 0:0 17471
17475 22974 0:0 17476
17475 22973 21:0 17542
17540 22975 0:0 17542
17544 23005 21:0 17552
17551 23006 0:0 17552
17551 23007 21:0 17618
17616 23008 0:0 17618
17620 23038 21:0 17628
17627 23040 0:0 17628
17627 23039 21:0 17637
17629 21386 1:0 17763
17629 21256 1:0 17763
17636 23041 21:0 17648
17642 21384 1:0 17770
17643 21385 1:0 17771
17643 21336 1:0 17786
17643 21381 1:0 17791
17647 22898 21:0 17654
17649 21383 1:0 17781
17652 21370 1:0 17811
17652 21329 1:0 17865
17652 21353 1:0 17894
17652 21333 1:0 17894
17653 22950 21:0 17654
17653 22964 21:0 17657
17656 22955 21:0 17657
17658 21351 1:0 17901
17658 21352 1:0 17902
17671 344 21:0 17685
17686 21350 1:0 17912
17691 283 1:0 17916
17691 21302 1:0 17917
17732 21263 1:0 17945
17738 22971 21:0 17765
17740 17012 1:0 17945
17745 21201 1:0 17996
17764 22951 21:0 17765
17764 22922 21:0 17768
17767 22865 21:0 17768
17767 22766 21:0 17776
17773 16902 1:0 18025
17773 21300 1:0 18048
17774 21320 1:0 18025
17774 21318 1:0 18032
17775 22799 21:0 17776
17775 22772 21:0 17779
17778 22812 21:0 17779
17778 22838 21:0 17785
17780 21319 1:0 18033
17783 21317 1:0 18043
17783 21216 1:0 18076
17783 21205 1:0 18076
17783 21170 1:0 18127
17783 21204 1:0 18156
17784 22805 21:0 17785
17784 22917 21:0 17788
17787 22893 21:0 17788
17787 22860 21:0 17808
17789 21287 1:0 18156
17791 21285 1:0 18163
17807 22845 21:0 17816
17810 21286 1:0 18164
17863 21284 1:0 18174
17869 22694 21:0 17896
17871 21203 1:0 18179
17876 21229 1:0 18207
17895 22911 21:0 17896
17895 22984 21:0 17899
17898 22931 21:0 17899
17898 22991 21:0 17907
17904 21243 1:0 18207
17904 21234 1:0 18258
17904 21217 1:0 18287
17905 21254 1:0 18287
17905 21253 1:0 18295
17906 22988 21:0 17907
17906 22878 21:0 17910
17908 21236 1:0 18310
17909 22790 21:0 17910
17909 22852 21:0 17916
17911 21249 1:0 18315
17911 21237 1:0 18335
17914 21252 1:0 18294
17914 21251 1:0 18305
17915 22889 21:0 17916
17915 22839 21:0 17919
17917 21230 1:0 18370
17917 21223 1:0 18402
17918 22785 21:0 17919
17918 22858 21:0 17940
17920 21221 1:0 18418
17939 22959 21:0 17947
17940 21219 1:0 18425
17953 21220 1:0 18426
18000 22827 21:0 18027
18007 21218 1:0 18436
18026 22761 21:0 18027
18026 22594 21:0 18030
18029 22905 21:0 18030
18029 22992 21:0 18038
18035 215 1:0 18431
18035 21183 1:0 18441
18035 21210 1:0 18451
18035 21190 1:0 18466
18036 21197 1:0 18501
18036 21196 1:0 18528
18036 21188 1:0 18549
18037 22925 21:0 18038
18037 22825 21:0 18041
18040 22944 21:0 18041
18042 21186 1:0 18556
18045 21187 1:0 18557
18045 21185 1:0 18567
18051 197 1:0 18562
18051 193 1:0 18571
18051 21171 1:0 18572
18053 21177 1:0 18582
18056 21172 1:0 18597
18071 21168 1:0 18606
18072 21163 1:0 18659
18084 21151 1:0 18691
18166 21155 1:0 18680
18167 21154 1:0 18688
18167 175 1:0 18702
18167 21130 1:0 18731
18176 21153 1:0 18687
18176 21152 1:0 18698
18182 21150 1:0 18708
18182 21144 1:0 18713
18182 21139 1:0 18728
18184 21118 1:0 18782
18187 21138 1:0 18737
18202 21137 1:0 18737
18203 21131 1:0 18763
18215 21135 1:0 18737
18297 21124 1:0 18795
18297 161 1:0 18824
18298 21122 1:0 18811
18298 21120 1:0 18818
18307 21121 1:0 18819
18307 21119 1:0 18829
18313 21111 1:0 18844
18313 21106 1:0 18859
18313 21105 1:0 18868
18315 21102 1:0 18868
18318 21098 1:0 18894
18333 21104 1:0 18868
18334 17126 1:0 18942
18346 21097 1:0 18921
18428 21089 1:0 18942
18429 21091 1:0 18926
18429 141 1:0 18944
18429 21087 1:0 18949
18438 21088 1:0 18950
18438 21085 1:0 18953
18438 17133 1:0 18969
18438 21084 1:0 18970
18444 21086 1:0 18960
18446 21073 1:0 18990
18449 21078 1:0 18975
18464 21065 1:0 19025
18465 21064 1:0 19052
18477 21052 1:0 19084
18559 21056 1:0 19073
18560 21055 1:0 19081
18560 21051 1:0 19101
18560 21040 1:0 19121
18569 21054 1:0 19080
18569 21053 1:0 19091
18575 21045 1:0 19106
18575 21038 1:0 19130
18575 21032 1:0 19156
18577 21039 1:0 19130
18580 21036 1:0 19130
18595 21031 1:0 19183
18596 21025 1:0 19188
18608 105 1:0 19206
18690 21023 1:0 19204
18691 21021 1:0 19211
18691 21019 1:0 19215
18691 21003 1:0 19252
18700 21022 1:0 19212
18700 21020 1:0 19222
18706 21018 1:0 19232
18706 20999 1:0 19252
18706 21007 1:0 19252
18708 21012 1:0 19237
18711 21005 1:0 19261
18726 20986 1:0 19335
18727 20992 1:0 19319
18739 20998 1:0 19314
18821 20990 1:0 19335
18822 87 1:0 19337
18822 20988 1:0 19342
18822 20974 1:0 19383
18831 20989 1:0 19343
18831 20987 1:0 19353
18837 20985 1:0 19363
18837 20979 1:0 19368
18837 20972 1:0 19383
18839 20973 1:0 19392
18870 20957 1:0 19466
18952 20965 1:0 19445
18952 20959 1:0 19450
18953 20955 1:0 19473
18953 20956 1:0 19474
18962 20954 1:0 19484
18962 67 1:0 19488
18962 20952 1:0 19489
18962 20946 1:0 19499
18962 20941 1:0 19514
18968 20939 1:0 19523
18968 20940 1:0 19523
18968 20937 1:0 19523
18970 20933 1:0 19549
19001 20924 1:0 19597
19083 20932 1:0 19576
19083 20926 1:0 19581
19083 17415 1:0 19597
19083 51 1:0 19599
19084 20922 1:0 19604
19084 20920 1:0 19608
19084 20908 1:0 19645
19093 20923 1:0 19605
19093 20921 1:0 19615
19099 17418 1:0 19624
19099 20919 1:0 19625
19099 20913 1:0 19630
19101 20900 1:0 19680
19104 20904 1:0 19654
19119 20906 1:0 19654
19120 20907 1:0 19654
19132 20899 1:0 19707
19214 20891 1:0 19728
19215 20893 1:0 19712
19215 20890 1:0 19736
19215 20887 1:0 19739
19224 20889 1:0 19735
19224 20888 1:0 19746
19230 20886 1:0 19756
19230 20880 1:0 19761
19230 20875 1:0 19776
19232 20873 1:0 19785
19235 20874 1:0 19785
19250 20871 1:0 19785
19251 20867 1:0 19811
19263 20866 1:0 19838
19345 20858 1:0 19859
19346 20860 1:0 19843
19346 20857 1:0 19867
19346 20854 1:0 19870
19355 20856 1:0 19866
19355 17 1:0 19872
19355 20853 1:0 19887
19355 20847 1:0 19892
19361 20855 1:0 19877
19363 20842 1:0 19907
19366 20838 1:0 19912
19381 20841 1:0 19912
19382 20840 1:0 19912
19394 20834 1:0 19912
19476 20827 1:0 19961
19476 20833 1:0 19969
19476 22944 1:0 21463
19476 345 1:0 21359
19477 23041 1:0 21355
19477 22925 1:0 21492
19486 23039 1:0 21368
19486 23040 1:0 21369
19492 23038 1:0 21379
19494 22992 1:0 21515
20000 24077 21:0 20039
20037 24078 0:0 20039
20039 24084 0:0 20044
20039 24082 0:0 20044
20039 24085 0:0 20044
20046 24071 21:0 20055
20053 24086 0:0 20055
20054 24097 21:0 20055
20057 24099 21:0 20065
20064 24098 0:0 20065
20064 24100 0:0 20065
20064 24101 21:0 20131
20077 24091 0:0 20079
20078 24110 0:0 20079
20113 24111 0:0 20115
20119 24118 0:0 20120
20119 24115 0:0 20120
20119 24117 0:0 20120
20129 24102 0:0 20131
20130 24104 0:0 20131
20130 24130 0:0 20131
20130 24119 0:0 20131
20133 24132 21:0 20141
20140 24131 0:0 20141
20140 24134 0:0 20141
20140 24133 21:0 20207
20153 24124 0:0 20155
20154 24143 0:0 20155
20189 24144 0:0 20191
20195 24148 0:0 20196
20195 24151 0:0 20196
20195 24150 0:0 20196
20205 24135 0:0 20207
20206 24137 0:0 20207
20206 24152 0:0 20207
20206 24163 0:0 20207
20209 24165 21:0 20217
20216 24164 0:0 20217
20216 24166 0:0 20217
20216 24167 21:0 20283
20229 24157 0:0 20231
20230 24176 0:0 20231
20265 24177 0:0 20267
20271 24183 0:0 20272
20271 24181 0:0 20272
20271 24184 0:0 20272
20281 24168 0:0 20283
20282 24196 0:0 20283
20282 24170 0:0 20283
20282 24185 0:0 20283
20285 24198 21:0 20293
20292 24199 0:0 20293
20292 24197 0:0 20293
20292 24200 21:0 20359
20305 24190 0:0 20307
20306 24209 0:0 20307
20341 24210 0:0 20343
20347 24214 0:0 20348
20347 24217 0:0 20348
20347 24216 0:0 20348
20357 24201 0:0 20359
20358 24229 0:0 20359
20358 24203 0:0 20359
20358 24218 0:0 20359
20361 24231 21:0 20369
20368 24233 0:0 20369
20368 24230 0:0 20369
20368 24232 21:0 20435
20381 24223 0:0 20383
20382 24242 0:0 20383
20417 24243 0:0 20419
20423 24249 0:0 20424
20423 24247 0:0 20424
20423 24250 0:0 20424
20433 24234 0:0 20435
20434 24236 0:0 20435
20434 24262 0:0 20435
20434 24251 0:0 20435
20437 24264 21:0 20445
20444 24266 0:0 20445
20444 24263 0:0 20445
20444 24265 21:0 20511
20457 24256 0:0 20459
20458 24275 0:0 20459
20493 24276 0:0 20495
20499 24283 0:0 20500
20499 24282 0:0 20500
20499 24280 0:0 20500
20509 24267 0:0 20511
20510 24269 0:0 20511
20510 24284 0:0 20511
20510 24295 0:0 20511
20513 24297 21:0 20521
20520 24299 0:0 20521
20520 24296 0:0 20521
20520 24298 21:0 20587
20533 24289 0:0 20535
20534 24308 0:0 20535
20569 24309 0:0 20571
20575 24313 0:0 20576
20575 24316 0:0 20576
20575 24315 0:0 20576
20585 24300 0:0 20587
20586 24302 0:0 20587
20586 24317 0:0 20587
20586 24328 0:0 20587
20589 24330 21:0 20597
20596 24329 0:0 20597
20596 24331 0:0 20597
20596 24332 21:0 20663
20609 24322 0:0 20611
20610 24341 0:0 20611
20645 24342 0:0 20647
20651 24349 0:0 20652
20651 24348 0:0 20652
20651 24346 0:0 20652
20661 24333 0:0 20663
20662 24361 0:0 20663
20662 24350 0:0 20663
20662 24335 0:0 20663
20665 24363 21:0 20673
20672 24364 0:0 20673
20672 24362 0:0 20673
20672 24365 21:0 20739
20685 24355 0:0 20687
20686 24374 0:0 20687
20721 24375 0:0 20723
20727 24379 0:0 20728
20727 24381 0:0 20728
20727 24382 0:0 20728
20737 24366 0:0 20739
20738 24394 0:0 20739
20738 24383 0:0 20739
20741 24396 21:0 20749
20748 24395 0:0 20749
20748 24397 0:0 20749
20748 24398 21:0 20815
20761 24388 0:0 20763
20762 24407 0:0 20763
20797 24408 0:0 20799
20803 24415 0:0 20804
20803 24412 0:0 20804
20813 24399 0:0 20815
20814 24401 0:0 20815
20814 24416 0:0 20815
20814 24427 0:0 20815
20817 24429 21:0 20825
20824 24431 0:0 20825
20824 24430 21:0 20891
20837 24421 0:0 20839
20889 24432 0:0 20891
20893 24462 21:0 20901
20900 24464 0:0 20901
20900 24463 21:0 20967
20965 24465 0:0 20967
20969 24495 21:0 20977
20976 24496 0:0 20977
20976 24497 21:0 21043
21041 24498 0:0 21043
21045 24528 21:0 21053
21052 24529 0:0 21053
21052 24530 21:0 21119
21117 24531 0:0 21119
21121 24561 21:0 21129
21128 24562 0:0 21129
21128 24563 21:0 21195
21193 24564 0:0 21195
21197 24594 21:0 21205
21204 24596 0:0 21205
21204 24595 21:0 21271
21269 24597 0:0 21271
21273 24627 21:0 21281
21280 24629 0:0 21281
21280 24628 21:0 21347
21345 24630 0:0 21347
21349 24660 21:0 21357
21356 24661 0:0 21357
21356 24662 21:0 21366
21358 23008 1:0 21492
21365 24663 21:0 21377
21371 23007 1:0 21500
21372 23006 1:0 21499
21372 23005 1:0 21510
21376 24414 21:0 21383
21378 22991 1:0 21540
21378 22988 1:0 21540
21378 22984 1:0 21575
21378 22971 1:0 21623
21381 22975 1:0 21623
21381 22973 1:0 21630
21382 24368 21:0 21383
21382 24445 21:0 21386
21385 24440 21:0 21386
21387 22974 1:0 21631
21389 22972 1:0 21641
21400 345 21:0 21414
21407 22959 1:0 21646
21408 22964 1:0 21656
21415 22951 1:0 21671
21420 22955 1:0 21680
21467 24428 21:0 21494
21474 22942 1:0 21754
21493 24441 21:0 21494
21493 24447 21:0 21497
21496 24448 21:0 21497
21496 24460 21:0 21505
21502 22950 1:0 21733
21502 22905 1:0 21777
21503 22940 1:0 21761
21503 22941 1:0 21762
21504 24454 21:0 21505
21504 24449 21:0 21508
21507 24434 21:0 21508
21507 24461 21:0 21514
21509 22939 1:0 21772
21512 22931 1:0 21787
21512 22911 1:0 21802
21512 22922 1:0 21811
21512 22917 1:0 21864
21512 22909 1:0 21885
21513 24467 21:0 21514
21513 24473 21:0 21517
21516 24474 21:0 21517
21516 24481 21:0 21537
21518 22908 1:0 21893
21520 22907 1:0 21892
21536 24480 21:0 21545
21539 22906 1:0 21903
21546 22858 1:0 21908
21551 22898 1:0 21918
21551 22893 1:0 21933
21592 22889 1:0 21942
21598 24478 21:0 21625
21600 22878 1:0 22000
21624 24493 21:0 21625
21624 24482 21:0 21628
21627 24487 21:0 21628
21627 24494 21:0 21636
21633 22876 1:0 22016
21634 22874 1:0 22023
21634 22875 1:0 22024
21635 24500 21:0 21636
21635 24506 21:0 21639
21637 22839 1:0 22039
21638 24513 21:0 21639
21638 24514 21:0 21645
21640 22865 1:0 22049
21640 22860 1:0 22064
21643 22873 1:0 22034
21643 22852 1:0 22099
21643 22845 1:0 22131
21644 24511 21:0 21645
21646 22843 1:0 22147
21651 22841 1:0 22154
21682 22842 1:0 22155
21764 22840 1:0 22165
21765 22838 1:0 22175
21765 22827 1:0 22195
21765 22825 1:0 22204
21765 22812 1:0 22262
21774 22810 1:0 22278
21774 22808 1:0 22285
21780 22809 1:0 22286
21800 22807 1:0 22296
21801 22805 1:0 22306
21813 22799 1:0 22311
21895 22790 1:0 22335
21895 22785 1:0 22388
21896 22777 1:0 22409
21896 22776 1:0 22417
21905 22775 1:0 22416
21905 22774 1:0 22427
21911 22761 1:0 22432
21911 22772 1:0 22437
21911 22766 1:0 22442
21932 22744 1:0 22540
21944 22728 1:0 22588
22026 22742 1:0 22547
22027 22743 1:0 22548
22027 22739 1:0 22568
22027 22726 1:0 22597
22036 22741 1:0 22558
22036 22724 1:0 22597
22036 22720 1:0 22623
22036 22719 1:0 22650
22042 22711 1:0 22671
22044 22713 1:0 22655
22075 22710 1:0 22679
22157 22707 1:0 22682
22157 22695 1:0 22719
22158 22709 1:0 22678
22158 22708 1:0 22689
22167 22691 1:0 22728
22167 22694 1:0 22728
22167 22687 1:0 22754
22167 22680 1:0 22786
22167 22678 1:0 22802
22173 22686 1:0 22781
22178 22676 1:0 22809
22193 22674 1:0 22813
22194 22667 1:0 22835
22206 22662 1:0 22850
22288 22677 1:0 22810
22289 22675 1:0 22820
22289 22673 1:0 22830
22289 22661 1:0 22859
22298 22660 1:0 22859
22298 22658 1:0 22859
22298 22654 1:0 22885
22298 22653 1:0 22912
22298 22645 1:0 22933
22304 22647 1:0 22917
22309 22643 1:0 22940
22324 22641 1:0 22944
22325 22629 1:0 22981
22337 22640 1:0 22961
22419 22644 1:0 22941
22420 22642 1:0 22951
22420 22628 1:0 22990
22420 22621 1:0 23016
22429 22625 1:0 22990
22429 22620 1:0 23043
22429 22614 1:0 23048
22429 22612 1:0 23064
22435 22610 1:0 23071
22456 22611 1:0 23072
22468 22596 1:0 23112
22550 22609 1:0 23082
22551 22607 1:0 23092
22551 22601 1:0 23097
22551 22595 1:0 23121
22551 22594 1:0 23121
22551 22588 1:0 23147
22551 22581 1:0 23179
22559 17073 21:0 22562
22560 22587 1:0 23174
22560 22579 1:0 23195
22563 22578 1:0 23203
22568 22577 1:0 23202
22569 17076 0:0 22590
22587 22576 1:0 23213
22599 22574 1:0 23223
22679 17126 21:0 22684
22681 22568 1:0 23228
22681 22563 1:0 23243
22681 22559 1:0 23252
22681 22555 1:0 23278
22682 22562 1:0 23252
22682 22561 1:0 23252
22682 22554 1:0 23305
22682 22546 1:0 23326
22691 22548 1:0 23310
22691 22544 1:0 23333
22691 22542 1:0 23337
22697 22545 1:0 23334
22717 22543 1:0 23344
22718 22535 1:0 23359
22730 22541 1:0 23354
22810 17183 21:0 22815
22812 22530 1:0 23374
22812 22528 1:0 23383
22812 22526 1:0 23383
22812 22522 1:0 23409
22813 22529 1:0 23383
22813 22521 1:0 23436
22813 22515 1:0 23441
22813 22513 1:0 23457
22822 22511 1:0 23464
22822 22512 1:0 23465
22828 22509 1:0 23468
22831 17190 0:0 22852
22833 22510 1:0 23475
22848 22502 1:0 23490
22849 22508 1:0 23485
22849 22497 1:0 23505
22861 22496 1:0 23514
22943 22493 1:0 23514
22943 22495 1:0 23514
22943 22489 1:0 23540
22943 22482 1:0 23572
22944 22488 1:0 23567
22944 22480 1:0 23588
22944 22476 1:0 23599
22953 22478 1:0 23595
22953 22479 1:0 23596
22961 22477 1:0 23606
22962 17247 0:0 22983
22964 22464 1:0 23636
22979 22469 1:0 23621
22980 22475 1:0 23616
22980 22462 1:0 23641
22992 22463 1:0 23641
23074 22460 1:0 23641
23074 22456 1:0 23641
23074 22449 1:0 23690
23074 22455 1:0 23698
23075 24663 1:0 25090
23075 346 1:0 25079
23203 17354 21:0 23208
23214 17358 21:0 23217
23334 17411 21:0 23339
23345 17415 21:0 23348
23617 17532 0:0 23638
23729 25699 21:0 23768
23768 25704 0:0 23773
23768 25707 0:0 23773
23768 25706 0:0 23773
23775 25693 21:0 23784
23783 25719 21:0 23784
23786 25721 21:0 23794
23793 25723 0:0 23794
23793 25720 0:0 23794
23793 25722 21:0 23860
23807 25732 0:0 23808
23848 25737 0:0 23849
23848 25739 0:0 23849
23858 25724 0:0 23860
23859 25752 0:0 23860
23859 25726 0:0 23860
23862 25754 21:0 23870
23869 25753 0:0 23870
23869 25756 0:0 23870
23869 25755 21:0 23936
23918 25766 0:0 23920
23924 25770 0:0 23925
23924 25772 0:0 23925
23934 25757 0:0 23936
23935 25759 0:0 23936
23935 25785 0:0 23936
23935 25774 0:0 23936
23938 25787 21:0 23946
23945 25789 0:0 23946
23945 25786 0:0 23946
23945 25788 21:0 24012
23958 51 0:0 23960
23958 25779 0:0 23960
23959 25798 0:0 23960
23994 25799 0:0 23996
24000 25805 0:0 24001
24000 25806 0:0 24001
24000 25803 0:0 24001
24010 25790 0:0 24012
24011 25792 0:0 24012
24014 25820 21:0 24022
24015 67 0:0 24017
24021 25819 0:0 24022
24021 25822 0:0 24022
24021 25821 21:0 24088
24034 69 0:0 24036
24034 25812 0:0 24036
24070 25832 0:0 24072
24086 25823 0:0 24088
24087 25851 0:0 24088
24087 25840 0:0 24088
24087 25825 0:0 24088
24090 25853 21:0 24098
24091 85 0:0 24093
24097 89 0:0 24098
24097 25854 0:0 24098
24097 25855 21:0 24164
24110 25845 0:0 24112
24110 87 0:0 24112
24111 25864 0:0 24112
24146 25865 0:0 24148
24152 25871 0:0 24153
24152 25869 0:0 24153
24152 25872 0:0 24153
24162 25856 0:0 24164
24163 25858 0:0 24164
24166 25886 21:0 24174
24173 25887 0:0 24174
24173 25888 21:0 24240
24187 25897 0:0 24188
24228 25904 0:0 24229
24238 25889 0:0 24240
24242 25919 21:0 24250
24249 25921 0:0 24250
24249 25920 21:0 24316
24262 25911 0:0 24264
24314 25922 0:0 24316
24318 25952 21:0 24326
24325 25953 0:0 24326
24325 25954 21:0 24392
24338 25944 0:0 24340
24390 25955 0:0 24392
24391 25983 0:0 24392
24394 25985 21:0 24402
24401 25986 0:0 24402
24401 25984 0:0 24402
24401 25987 21:0 24468
24414 25977 0:0 24416
24466 25988 0:0 24468
24470 26018 21:0 24478
24477 26020 0:0 24478
24477 26019 21:0 24544
24542 26021 0:0 24544
24546 26051 21:0 24554
24553 26050 0:0 24554
24553 26053 0:0 24554
24553 26052 21:0 24620
24567 26062 0:0 24568
24608 26067 0:0 24609
24608 26070 0:0 24609
24608 26069 0:0 24609
24618 26054 0:0 24620
24622 26084 21:0 24630
24629 215 0:0 24630
24629 26085 0:0 24630
24629 26086 21:0 24696
24694 26087 0:0 24696
24695 26089 0:0 24696
24698 26117 21:0 24706
24705 26118 0:0 24706
24705 26119 21:0 24772
24754 26129 0:0 24756
24760 26133 0:0 24761
24770 26120 0:0 24772
24774 26150 21:0 24782
24781 26152 0:0 24782
24781 26151 21:0 24848
24836 26168 0:0 24837
24836 26166 0:0 24837
24846 26153 0:0 24848
24850 26183 21:0 24858
24857 26184 0:0 24858
24857 26185 21:0 24924
24912 26199 0:0 24913
24922 26186 0:0 24924
24926 26216 21:0 24934
24933 26217 0:0 24934
24933 26218 21:0 25000
24998 26219 0:0 25000
25002 26249 21:0 25010
25009 26250 0:0 25010
25009 26251 21:0 25076
25074 26252 0:0 25076
25078 26282 21:0 25086
25085 26284 0:0 25086
25085 26283 21:0 25095
25087 24661 1:0 25097
25087 24662 1:0 25098
25094 26285 21:0 25106
25100 340 1:0 2877
25101 24660 1:0 25108
25101 24630 1:0 25221
25107 24628 1:0 25228
25110 24629 1:0 25229
25110 24627 1:0 25239
25116 24597 1:0 25352
25118 24511 1:0 25352
25129 346 21:0 25143
25149 24595 1:0 25359
25231 24596 1:0 25360
25232 24594 1:0 25370
25232 24514 1:0 25375
25232 24513 1:0 25403
25241 24506 1:0 25403
25241 24500 1:0 25454
25241 24564 1:0 25483
25241 24494 1:0 25483
25247 24563 1:0 25491
25268 24562 1:0 25490
25280 24487 1:0 25506
25362 24561 1:0 25501
25363 24482 1:0 25534
25363 24493 1:0 25534
25363 24478 1:0 25585
25363 24480 1:0 25614
25372 24531 1:0 25614
25372 24530 1:0 25622
25378 24529 1:0 25621
25398 24528 1:0 25632
25399 24481 1:0 25637
25411 24474 1:0 25665
25493 24473 1:0 25665
25493 24467 1:0 25716
25493 24461 1:0 25745
25493 24434 1:0 25768
25494 24498 1:0 25745
25494 24449 1:0 25796
25503 24496 1:0 25752
25503 24497 1:0 25753
25509 24495 1:0 25763
25511 24454 1:0 25796
25514 24460 1:0 25847
25529 24448 1:0 25876
25624 24465 1:0 25876
25625 24463 1:0 25883
25625 24464 1:0 25884
25634 215 1:0 25889
25634 24462 1:0 25894
25634 24447 1:0 25899
25634 24441 1:0 25924
25634 24428 1:0 25924
25640 24445 1:0 25933
25640 24440 1:0 25986
25660 24432 1:0 26007
25755 24430 1:0 26014
25756 24431 1:0 26015
25756 24429 1:0 26025
25765 24427 1:0 26035
25765 24421 1:0 26040
25765 24416 1:0 26055
25765 24414 1:0 26064
25765 24415 1:0 26064
25765 24412 1:0 26064
25765 24408 1:0 26090
25771 24399 1:0 26138
25773 24401 1:0 26122
25776 24407 1:0 26117
25791 24395 1:0 26149
25886 24398 1:0 26146
25887 24397 1:0 26145
25887 24396 1:0 26156
25896 24394 1:0 26166
25896 24388 1:0 26171
25896 24383 1:0 26186
25896 24382 1:0 26195
25896 24381 1:0 26195
25896 24379 1:0 26195
25896 24375 1:0 26221
25896 17073 1:0 26240
25904 24366 1:0 26269
25907 24368 1:0 26253
25922 24374 1:0 26248
25923 24362 1:0 26280
25935 17076 1:0 26296
26017 24365 1:0 26277
26018 24364 1:0 26276
26018 24361 1:0 26297
26018 24350 1:0 26317
26027 24363 1:0 26287
26027 24355 1:0 26302
26027 24348 1:0 26326
26027 24346 1:0 26326
26027 24342 1:0 26352
26033 24349 1:0 26326
26033 17126 1:0 26400
26053 24333 1:0 26400
26054 24341 1:0 26379
26066 24335 1:0 26384
26148 24332 1:0 26408
26149 24331 1:0 26407
26149 24329 1:0 26411
26149 24322 1:0 26433
26158 24330 1:0 26418
26158 24328 1:0 26428
26158 24317 1:0 26448
26158 24315 1:0 26457
26158 24309 1:0 26483
26164 24316 1:0 26457
26164 24313 1:0 26457
26164 17183 1:0 26531
26185 24300 1:0 26531
26197 24302 1:0 26515
26279 24308 1:0 26510
26279 24296 1:0 26542
26280 24298 1:0 26538
26280 24299 1:0 26539
26289 24297 1:0 26549
26289 17190 1:0 26558
26289 24295 1:0 26559
26289 24289 1:0 26564
26289 24284 1:0 26579
26295 24283 1:0 26588
26295 24282 1:0 26588
26295 24276 1:0 26614
26297 24280 1:0 26588
26328 24267 1:0 26662
26410 24275 1:0 26641
26410 24269 1:0 26646
26411 24265 1:0 26669
26411 24266 1:0 26670
26420 24263 1:0 26673
26420 24264 1:0 26680
26420 24262 1:0 26690
26420 24256 1:0 26695
26420 24251 1:0 26710
26426 17247 1:0 26689
26426 24249 1:0 26719
26426 24247 1:0 26719
26428 24243 1:0 26745
26431 24250 1:0 26719
26446 24242 1:0 26772
26447 24236 1:0 26777
26459 87 1:0 26795
26541 24234 1:0 26793
26542 24232 1:0 26800
26542 24230 1:0 26804
26542 89 1:0 26806
26551 24233 1:0 26801
26551 24231 1:0 26811
26557 85 1:0 26815
26557 24223 1:0 26826
26557 24218 1:0 26841
26559 24229 1:0 26821
26562 24216 1:0 26850
26577 24217 1:0 26850
26578 24214 1:0 26850
26590 24210 1:0 26876
26672 17358 1:0 26895
26672 24209 1:0 26903
26672 24203 1:0 26908
26672 17354 1:0 26924
26673 24201 1:0 26924
26673 69 1:0 26926
26673 24197 1:0 26935
26682 24199 1:0 26931
26682 24200 1:0 26932
26690 24198 1:0 26942
26693 67 1:0 26946
26708 24196 1:0 26952
26709 24185 1:0 26972
26721 24190 1:0 26957
26803 24183 1:0 26981
26803 24181 1:0 26981
26803 24177 1:0 27007
26803 17415 1:0 27026
26804 24184 1:0 26981
26804 17411 1:0 27055
26804 24168 1:0 27055
26813 24176 1:0 27034
26813 24170 1:0 27039
26813 51 1:0 27057
26813 24167 1:0 27063
26819 24166 1:0 27062
26821 24164 1:0 27066
26852 24165 1:0 27073
26934 24163 1:0 27083
26934 24157 1:0 27088
26934 24152 1:0 27103
26934 24150 1:0 27112
26935 24148 1:0 27112
26935 24151 1:0 27112
26935 24144 1:0 27138
26935 24143 1:0 27165
26935 24137 1:0 27170
26935 24131 1:0 27197
26944 24135 1:0 27186
26944 24133 1:0 27193
26952 24134 1:0 27194
26983 24132 1:0 27204
27065 24130 1:0 27214
27065 24124 1:0 27219
27065 24119 1:0 27234
27065 347 1:0 27237
27066 24117 1:0 27239
27066 24115 1:0 27239
27066 24118 1:0 27239
27066 24111 1:0 27239
27066 24097 1:0 27288
27066 24071 1:0 27317
27075 24110 1:0 27296
27075 24104 1:0 27301
27075 24102 1:0 27317
27075 24098 1:0 27328
27081 24101 1:0 27325
27102 24100 1:0 27324
27114 24077 1:0 27340
27196 24099 1:0 27335
27197 24086 1:0 27341
27197 24091 1:0 27342
27197 17532 1:0 27342
27197 24082 1:0 27370
27197 24084 1:0 27370
27197 24085 1:0 27370
27206 24078 1:0 27370
27206 26285 1:0 27450
27212 26283 1:0 27457
27217 26284 1:0 27458
27232 12696 1:0 27621
27233 12697 1:0 27622
27245 12698 1:0 27631
27327 26282 1:0 27468
27328 26252 1:0 27671
27328 12699 1:0 27632
27328 12700 1:0 27641
27337 26251 1:0 27679
27337 12701 1:0 27642
27343 26250 1:0 27678
27348 26249 1:0 27689
27363 12845 1:0 27852
27364 12843 1:0 27842
27376 12844 1:0 27843
27376 12846 1:0 27853
27460 26219 1:0 27892
27461 26218 1:0 27900
27461 12847 1:0 27862
27461 12848 1:0 27863
27470 26217 1:0 27899
27470 26216 1:0 27910
27476 26199 1:0 27949
27476 12991 1:0 28064
27476 12992 1:0 28073
27478 12990 1:0 28063
27489 347 21:0 27503
27496 12993 1:0 28074
27509 26186 1:0 28113
27550 12994 1:0 28083
27550 12995 1:0 28084
27579 26185 1:0 28121
27629 26166 1:0 28170
27637 12696 21:0 27673
27639 26168 1:0 28170
27671 12700 0:0 27673
27672 12699 0:0 27673
27672 12698 0:0 27673
27672 12701 0:0 27673
27672 12697 0:0 27673
27681 26184 1:0 28120
27682 26183 1:0 28131
27682 13138 1:0 28285
27682 13139 1:0 28294
27691 26153 1:0 28334
27691 13137 1:0 28284
27691 13140 1:0 28295
27691 13141 1:0 28304
27691 13142 1:0 28305
27699 26151 1:0 28341
27730 26152 1:0 28342
27784 26150 1:0 28352
27799 26129 1:0 28417
27800 26133 1:0 28391
27800 13288 1:0 28525
27801 13285 1:0 28506
27850 13284 1:0 28505
27860 13286 1:0 28515
27862 12845 21:0 27894
27893 12846 0:0 27894
27893 12844 0:0 27894
27893 12847 0:0 27894
27893 12848 0:0 27894
27893 12843 0:0 27894
27902 26120 1:0 28555
27903 26119 1:0 28563
27903 13287 1:0 28516
27903 13289 1:0 28526
27912 26118 1:0 28562
27912 26117 1:0 28573
27918 13431 1:0 28726
27918 13432 1:0 28727
27918 13435 1:0 28746
27920 26089 1:0 28670
27923 13433 1:0 28736
27951 26087 1:0 28776
27992 13434 1:0 28737
27992 13436 1:0 28747
28021 26086 1:0 28784
28022 26070 1:0 28833
28071 26067 1:0 28833
28081 26069 1:0 28833
28083 12992 21:0 28115
28114 12990 0:0 28115
28114 12991 0:0 28115
28114 12995 0:0 28115
28114 12994 0:0 28115
28114 12993 0:0 28115
28123 26085 1:0 28783
28124 26084 1:0 28794
28124 13578 1:0 28947
28124 13583 1:0 28968
28133 26062 1:0 28886
28133 26054 1:0 28996
28133 13579 1:0 28948
28133 13580 1:0 28957
28133 13581 1:0 28958
28139 13582 1:0 28967
28144 26052 1:0 29004
28172 26053 1:0 29005
28213 26050 1:0 29008
28221 13727 1:0 29178
28242 26051 1:0 29015
28292 13725 1:0 29168
28302 13726 1:0 29169
28304 13139 21:0 28336
28335 13138 0:0 28336
28335 13137 0:0 28336
28335 13142 0:0 28336
28335 13141 0:0 28336
28335 13140 0:0 28336
28344 26021 1:0 29100
28345 13728 1:0 29179
28345 13729 1:0 29188
28345 13730 1:0 29189
28354 26019 1:0 29225
28354 26020 1:0 29226
28360 26018 1:0 29236
28365 25988 1:0 29321
28380 13872 1:0 29389
28381 13873 1:0 29390
28393 13874 1:0 29399
28393 13875 1:0 29400
28434 13876 1:0 29409
28434 13877 1:0 29410
28463 25987 1:0 29447
28464 25984 1:0 29450
28513 25983 1:0 29467
28523 25977 1:0 29472
28535 13288 21:0 28557
28556 13284 0:0 28557
28556 13286 0:0 28557
28556 13285 0:0 28557
28556 13289 0:0 28557
28556 13287 0:0 28557
28565 25986 1:0 29446
28566 25985 1:0 29457
28566 14019 1:0 29610
28566 14024 1:0 29631
28575 25955 1:0 29542
28575 14020 1:0 29611
28575 14021 1:0 29620
28575 14022 1:0 29621
28575 14023 1:0 29630
28583 25954 1:0 29668
28614 25953 1:0 29667
28668 25952 1:0 29678
28683 25944 1:0 29693
28734 25922 1:0 29763
28744 14170 1:0 29851
28756 13435 21:0 28778
28777 13434 0:0 28778
28777 13432 0:0 28778
28777 13431 0:0 28778
28777 13436 0:0 28778
28777 13433 0:0 28778
28786 14166 1:0 29831
28786 14167 1:0 29832
28786 14168 1:0 29841
28786 14169 1:0 29842
28787 25920 1:0 29888
28787 25911 1:0 29914
28787 14171 1:0 29852
28796 25921 1:0 29889
28796 25919 1:0 29899
28802 25904 1:0 29938
28807 25889 1:0 29984
28822 14318 1:0 30073
28823 14314 1:0 30053
28835 25897 1:0 29991
28835 14313 1:0 30052
28876 14315 1:0 30062
28884 14316 1:0 30063
28889 14317 1:0 30072
28955 25888 1:0 30110
28965 25869 1:0 30159
28974 13583 21:0 28999
28997 13581 0:0 28999
28997 13578 0:0 28999
28997 13579 0:0 28999
28997 13580 0:0 28999
28998 13582 0:0 28999
29007 25887 1:0 30109
29008 25886 1:0 30120
29008 25871 1:0 30159
29008 25872 1:0 30159
29017 25865 1:0 30185
29017 25856 1:0 30205
29017 25858 1:0 30217
29017 14460 1:0 30273
29017 14461 1:0 30274
29023 25864 1:0 30212
29023 14462 1:0 30283
29023 14463 1:0 30284
29025 14464 1:0 30293
29028 14465 1:0 30294
29056 25855 1:0 30331
29125 25854 1:0 30330
29176 25853 1:0 30341
29186 25845 1:0 30356
29188 13727 21:0 29220
29218 13728 0:0 29220
29218 13729 0:0 29220
29219 13725 0:0 29220
29219 13726 0:0 29220
29219 13730 0:0 29220
29228 25851 1:0 30351
29228 25840 1:0 30371
29228 25832 1:0 30406
29228 14608 1:0 30495
29229 25823 1:0 30426
29229 25825 1:0 30438
29229 14607 1:0 30494
29238 25821 1:0 30551
29238 14609 1:0 30504
29238 14610 1:0 30505
29238 14611 1:0 30514
29238 14612 1:0 30515
29246 25822 1:0 30552
29249 25819 1:0 30555
29277 25820 1:0 30562
29318 25812 1:0 30577
29318 25805 1:0 30601
29331 25803 1:0 30601
29346 25806 1:0 30601
29347 25799 1:0 30627
29347 14759 1:0 30736
29397 25798 1:0 30654
29399 13872 21:0 29441
29407 25792 1:0 30659
29440 13877 0:0 29441
29440 13873 0:0 29441
29440 13874 0:0 29441
29440 13875 0:0 29441
29440 13876 0:0 29441
29449 25790 1:0 30647
29450 25786 1:0 30776
29450 14754 1:0 30715
29450 14755 1:0 30716
29450 14756 1:0 30725
29450 14757 1:0 30726
29450 14758 1:0 30735
29459 25788 1:0 30772
29459 25789 1:0 30773
29467 25787 1:0 30783
29470 25785 1:0 30793
29485 25774 1:0 30813
29486 25779 1:0 30798
29498 25770 1:0 30822
29498 25766 1:0 30848
29539 25772 1:0 30822
29539 14903 1:0 30946
29568 25757 1:0 30868
29569 25759 1:0 30880
29618 14902 1:0 30937
29628 14901 1:0 30936
29637 14024 21:0 29662
29660 14023 0:0 29662
29660 14020 0:0 29662
29660 14022 0:0 29662
29661 14021 0:0 29662
29661 14019 0:0 29662
29670 25753 1:0 30997
29670 14904 1:0 30947
29670 14905 1:0 30956
29670 14906 1:0 30957
29671 25755 1:0 30993
29671 25752 1:0 31014
29671 25739 1:0 31043
29680 25756 1:0 30994
29680 25754 1:0 31004
29686 25737 1:0 31043
29691 25724 1:0 31089
29706 15048 1:0 31157
29707 15049 1:0 31158
29719 25732 1:0 31096
29719 25726 1:0 31101
29760 15050 1:0 31167
29760 15051 1:0 31168
29773 15052 1:0 31177
29788 15053 1:0 31178
29839 25722 1:0 31214
29849 25720 1:0 31218
29861 14170 21:0 29883
29882 14171 0:0 29883
29882 14168 0:0 29883
29882 14169 0:0 29883
29882 14166 0:0 29883
29882 14167 0:0 29883
29891 25723 1:0 31215
29892 25721 1:0 31225
29892 25719 1:0 31235
29892 25699 1:0 31258
29901 25706 1:0 31260
29901 25704 1:0 31260
29901 25707 1:0 31260
29901 25693 1:0 31309
29901 15195 1:0 31378
29901 15196 1:0 31379
29901 15197 1:0 31388
29901 15200 1:0 31399
29907 15198 1:0 31389
29907 15199 1:0 31398
30079 14318 21:0 30104
30102 14316 0:0 30104
30102 14317 0:0 30104
30103 14315 0:0 30104
30103 14313 0:0 30104
30103 14314 0:0 30104
30283 14460 21:0 30325
30323 14462 0:0 30325
30324 14463 0:0 30325
30324 14464 0:0 30325
30324 14465 0:0 30325
30324 14461 0:0 30325
30501 14608 21:0 30546
30544 14610 0:0 30546
30545 14612 0:0 30546
30545 14611 0:0 30546
30545 14609 0:0 30546
30545 14607 0:0 30546
30742 14759 21:0 30767
30765 14757 0:0 30767
30765 14758 0:0 30767
30766 14754 0:0 30767
30766 14755 0:0 30767
30766 14756 0:0 30767
30956 14903 21:0 30988
30986 14905 0:0 30988
30987 14904 0:0 30988
30987 14906 0:0 30988
30987 14901 0:0 30988
30987 14902 0:0 30988
31167 15048 21:0 31209
31207 15050 0:0 31209
31208 15053 0:0 31209
31208 15052 0:0 31209
31208 15051 0:0 31209
31208 15049 0:0 31209
31405 15200 21:0 174
