149 15438 0:0 151
150 341 0:0 151
150 15435 0:0 151
150 15439 0:0 151
150 15434 0:0 151
150 15436 0:0 151
158 15433 21:0 187
186 15427 21:0 192
191 15432 21:0 192
191 15426 21:0 203
205 15633 0:0 208
210 15635 21:0 279
212 15634 0:0 213
277 15636 0:0 279
281 15666 0:0 284
286 15667 21:0 355
288 15668 0:0 289
353 15669 0:0 355
357 15699 0:0 360
362 15701 21:0 431
364 15700 0:0 365
429 15702 0:0 431
433 15732 0:0 436
438 15733 21:0 507
440 15734 0:0 441
505 15735 0:0 507
509 15765 0:0 512
514 15766 21:0 572
516 15767 0:0 517
571 15768 0:0 583
585 15798 0:0 588
590 15800 21:0 651
592 15799 0:0 593
651 15801 0:0 659
661 15831 21:0 669
668 15832 0:0 669
668 15833 21:0 735
733 15834 0:0 735
737 15864 0:0 740
742 15865 21:0 811
744 15866 0:0 745
809 15867 0:0 811
813 15897 0:0 816
818 15899 21:0 887
820 15898 0:0 821
885 15900 0:0 887
889 15930 0:0 892
894 15932 21:0 963
896 15931 0:0 897
961 15933 0:0 963
965 15963 21:0 973
972 15964 0:0 973
972 15965 21:0 1039
1037 15966 0:0 1039
1041 15996 0:0 1044
1046 15998 21:0 1111
1048 15997 0:0 1049
1111 15999 0:0 1115
1117 16029 21:0 1125
1124 16030 0:0 1125
1124 16031 21:0 1191
1125 16032 0:0 1147
1193 16062 21:0 1201
1200 16063 0:0 1201
1200 16064 0:0 1201
1201 16065 21:0 1272
1271 16095 0:0 1272
1274 16096 21:0 1343
1276 16097 0:0 1277
1341 16098 0:0 1343
1353 16131 21:0 1424
1426 16163 21:0 1488
1525 16207 21:0 1535
1563 16163 1:0 1683
1564 16131 1:0 1798
1564 16098 1:0 1920
1572 16096 1:0 1926
1572 16097 1:0 1927
1582 16095 1:0 1936
1685 16065 1:0 2042
1686 16064 1:0 2049
1694 16063 1:0 2048
1694 16062 1:0 2058
1700 16032 1:0 2164
1719 16031 1:0 2171
1807 16030 1:0 2170
1808 16029 1:0 2180
1816 15999 1:0 2286
1816 15998 1:0 2293
1822 15997 1:0 2292
1929 15996 1:0 2302
1930 15966 1:0 2408
1930 15965 1:0 2415
1938 15964 1:0 2414
1944 15963 1:0 2424
1962 15933 1:0 2530
2051 15932 1:0 2537
2052 15931 1:0 2536
2060 15930 1:0 2546
2060 15900 1:0 2652
2066 15899 1:0 2659
2173 15898 1:0 2658
2174 15897 1:0 2668
2174 15867 1:0 2774
2182 15865 1:0 2780
2182 15866 1:0 2781
2192 15864 1:0 2790
2295 15834 1:0 2896
2296 15833 1:0 2903
2304 15832 1:0 2902
2304 15831 1:0 2912
2310 15801 1:0 3018
2329 15800 1:0 3025
2417 15799 1:0 3024
2418 15798 1:0 3034
2426 16634 21:0 2428
2426 15768 1:0 3140
2426 15766 1:0 3146
2432 15767 1:0 3147
2538 16687 21:0 2542
2539 15765 1:0 3156
2540 15735 1:0 3262
2540 15733 1:0 3268
2548 15734 1:0 3269
2548 15732 1:0 3278
2554 15702 1:0 3384
2660 16744 21:0 2664
2661 15701 1:0 3391
2662 15700 1:0 3390
2662 15699 1:0 3400
2670 15669 1:0 3506
2670 15667 1:0 3512
2680 15668 1:0 3513
2783 15666 1:0 3522
2784 15636 1:0 3628
2784 15635 1:0 3635
2792 15634 1:0 3634
2792 335 1:0 3748
2798 15633 1:0 3644
2914 16862 21:0 2916
2923 16865 21:0 2945
3026 16915 21:0 3030
3158 16976 21:0 3160
3270 17029 21:0 3274
3533 17150 21:0 3555
3646 17204 21:0 3648
3746 334 21:0 3796
3795 17263 21:0 3812
3814 17284 0:0 3817
3819 17285 21:0 3888
3821 17286 0:0 3822
3886 17287 0:0 3888
3887 15 21:0 3888
3887 13 21:0 3893
3890 17317 0:0 3893
3892 17296 21:0 3893
3892 17283 21:0 3893
3895 17318 21:0 3964
3897 17319 0:0 3898
3962 17320 0:0 3964
3966 17350 0:0 3969
3971 17351 21:0 4040
3973 17352 0:0 3974
4038 17353 0:0 4040
4039 17368 21:0 4040
4040 65 21:0 4045
4042 17383 0:0 4045
4047 17384 21:0 4105
4049 17385 0:0 4050
4104 17386 0:0 4116
4104 17399 21:0 4116
4115 17414 21:0 4116
4115 69 21:0 4121
4118 17416 0:0 4121
4123 17417 21:0 4181
4125 17418 0:0 4126
4180 17419 0:0 4192
4180 17434 21:0 4192
4191 17427 21:0 4192
4191 17447 21:0 4197
4194 17449 0:0 4197
4196 17408 21:0 4197
4199 17451 21:0 4264
4201 17450 0:0 4202
4263 17465 21:0 4268
4264 17452 0:0 4268
4267 103 21:0 4268
4267 17454 21:0 4273
4270 17482 0:0 4273
4272 17461 21:0 4273
4275 17484 21:0 4344
4277 17483 0:0 4278
4342 17485 0:0 4344
4343 123 21:0 4344
4343 17500 21:0 4346
4346 17515 21:0 4354
4353 17516 0:0 4354
4353 17517 21:0 4420
4418 17518 0:0 4420
4420 155 21:0 4425
4422 17548 0:0 4425
4424 17487 21:0 4425
4427 17549 21:0 4493
4429 17550 0:0 4430
4492 17551 0:0 4496
4493 17579 21:0 4496
4495 17564 21:0 4496
4495 17498 21:0 4501
4498 17581 0:0 4501
4500 17547 21:0 4501
4503 17583 21:0 4561
4505 17582 0:0 4506
4560 17584 0:0 4572
4569 17612 21:0 4572
4571 177 21:0 4572
4574 17614 21:0 4582
4581 17616 0:0 4582
4581 17615 21:0 4648
4646 17617 0:0 4648
4650 17647 21:0 4658
4657 17648 0:0 4658
4657 17649 21:0 4724
4722 17650 0:0 4724
4726 17680 21:0 4734
4733 17682 0:0 4734
4733 17681 21:0 4800
4798 17683 0:0 4800
4802 17713 21:0 4810
4809 17715 0:0 4810
4809 17714 21:0 4876
4874 17716 0:0 4876
4878 17746 21:0 4886
4885 17747 0:0 4886
4885 17748 21:0 4952
4950 17749 0:0 4952
4954 17779 21:0 4962
4961 17781 0:0 4962
4961 17780 21:0 5028
5026 17782 0:0 5028
5030 17812 21:0 5038
5037 17813 21:0 5104
5103 17814 21:0 5114
5134 17858 21:0 5144
5143 17593 21:0 5167
5166 17493 21:0 5167
5166 17428 21:0 5170
5169 17480 21:0 5170
5169 17513 21:0 5178
5175 17814 1:0 5296
5176 17813 1:0 5303
5176 17812 1:0 5314
5185 17782 1:0 5427
5185 17780 1:0 5434
5193 17781 1:0 5435
5224 17779 1:0 5445
5306 17749 1:0 5558
5307 17748 1:0 5566
5316 17747 1:0 5565
5316 17746 1:0 5576
5322 17716 1:0 5689
5342 17714 1:0 5696
5437 17715 1:0 5697
5438 17713 1:0 5707
5438 17683 1:0 5820
5447 17681 1:0 5827
5447 17682 1:0 5828
5455 17680 1:0 5838
5456 16352 21:0 5480
5474 17650 1:0 5951
5486 16634 1:0 6082
5568 17649 1:0 5959
5569 17648 1:0 5958
5578 17647 1:0 5969
5578 17617 1:0 6082
5584 17615 1:0 6089
5604 17616 1:0 6090
5605 17612 1:0 6110
5617 17593 1:0 6165
5699 17614 1:0 6100
5700 16687 1:0 6213
5700 17584 1:0 6213
5700 177 1:0 6226
5708 16463 21:0 5711
5709 17582 1:0 6220
5709 17583 1:0 6221
5715 17581 1:0 6231
5717 17579 1:0 6241
5720 16744 1:0 6261
5735 17564 1:0 6270
5736 17547 1:0 6344
5748 155 1:0 6366
5830 17551 1:0 6344
5831 17549 1:0 6351
5831 16865 1:0 6475
5840 17550 1:0 6352
5840 17548 1:0 6362
5846 17518 1:0 6475
5867 17517 1:0 6483
5879 17513 1:0 6498
5961 17516 1:0 6482
5962 17515 1:0 6493
5962 17498 1:0 6523
5962 17493 1:0 6523
5971 17500 1:0 6532
5971 17487 1:0 6590
5971 17485 1:0 6606
5977 17484 1:0 6614
5997 17483 1:0 6613
5998 123 1:0 6619
6010 17480 1:0 6626
6092 17482 1:0 6624
6093 16862 1:0 6623
6093 16915 1:0 6629
6093 17461 1:0 6654
6093 17454 1:0 6654
6093 17465 1:0 6663
6093 103 1:0 6737
6102 17452 1:0 6737
6102 17451 1:0 6745
6110 17450 1:0 6744
6141 17449 1:0 6755
6221 16687 21:0 6226
6223 17447 1:0 6765
6223 17428 1:0 6785
6223 17434 1:0 6794
6223 17427 1:0 6847
6224 17419 1:0 6868
6224 16976 1:0 6885
6224 17408 1:0 6901
6233 17417 1:0 6875
6233 17418 1:0 6876
6239 17416 1:0 6886
6241 17414 1:0 6896
6244 17399 1:0 6925
6259 17029 1:0 6999
6354 17386 1:0 6999
6355 17384 1:0 7006
6355 17385 1:0 7007
6364 69 1:0 7012
6364 17383 1:0 7017
6364 65 1:0 7021
6364 17368 1:0 7056
6370 17353 1:0 7130
6391 17351 1:0 7137
6485 17352 1:0 7138
6486 17350 1:0 7148
6495 17320 1:0 7261
6495 17318 1:0 7268
6501 17319 1:0 7269
6506 17317 1:0 7279
6521 17296 1:0 7312
6522 17150 1:0 7288
6534 17283 1:0 7363
6616 13 1:0 7392
6616 15 1:0 7405
6617 17287 1:0 7392
6617 17285 1:0 7399
6625 16862 21:0 6628
6626 17286 1:0 7400
6626 17204 1:0 7409
6629 17284 1:0 7410
6632 17263 1:0 7475
6632 336 1:0 7521
6766 16922 21:0 6790
7280 17147 21:0 7283
7411 17204 21:0 7414
7421 17207 21:0 7445
7519 335 21:0 7569
7574 18922 21:0 7585
7587 18935 0:0 7590
7592 18936 21:0 7661
7594 18937 0:0 7595
7595 18938 0:0 7617
7660 18951 21:0 7661
7660 18966 21:0 7661
7663 18968 21:0 7671
7670 18969 0:0 7671
7670 18970 21:0 7737
7735 18971 0:0 7737
7736 18980 21:0 7742
7739 19001 0:0 7742
7741 18940 21:0 7742
7744 19003 21:0 7813
7746 19002 0:0 7747
7811 19004 0:0 7813
7812 18987 21:0 7813
7812 18999 21:0 7813
7812 18927 21:0 7818
7815 19034 0:0 7818
7820 19036 21:0 7878
7822 19035 0:0 7823
7835 19026 0:0 7837
7877 19037 0:0 7889
7878 19054 21:0 7889
7888 19052 21:0 7889
7891 19067 0:0 7894
7896 19068 21:0 7954
7898 19069 0:0 7899
7953 19070 0:0 7965
7967 19100 21:0 7975
7974 19101 0:0 7975
7974 19102 21:0 8041
8039 19103 0:0 8041
8040 19131 21:0 8046
8043 19133 0:0 8046
8045 119 21:0 8046
8048 19135 21:0 8117
8050 19134 0:0 8051
8115 19136 0:0 8117
8116 19125 21:0 8117
8119 19166 21:0 8127
8124 19168 0:0 8127
8126 19167 0:0 8127
8127 19169 21:0 8198
8197 141 21:0 8198
8197 19199 0:0 8198
8197 19158 21:0 8198
8200 19201 21:0 8258
8202 19200 0:0 8203
8257 19202 0:0 8269
8257 19215 21:0 8269
8268 19165 21:0 8269
8271 19232 21:0 8279
8278 19233 0:0 8279
8278 19234 0:0 8279
8279 19235 21:0 8345
8347 19265 21:0 8355
8354 19266 0:0 8355
8354 19267 21:0 8421
8368 19276 0:0 8369
8419 19268 0:0 8421
8423 19298 21:0 8431
8430 19299 0:0 8431
8430 19300 21:0 8497
8495 19301 0:0 8497
8499 19331 21:0 8507
8506 19332 0:0 8507
8506 19333 21:0 8573
8571 19334 0:0 8573
8575 19364 21:0 8583
8582 19366 0:0 8583
8582 19365 21:0 8649
8595 247 0:0 8597
8637 19380 0:0 8638
8647 19367 0:0 8649
8651 19397 21:0 8659
8658 19398 0:0 8659
8658 19399 21:0 8725
8723 19400 0:0 8725
8727 19430 21:0 8735
8734 19431 0:0 8735
8734 19432 21:0 8801
8799 19433 0:0 8801
8803 19463 21:0 8811
8810 19465 0:0 8811
8810 19464 21:0 8877
8875 19466 0:0 8877
8876 19375 21:0 8882
8881 19382 21:0 8882
8881 19383 21:0 8887
8886 19369 21:0 8887
8886 173 21:0 8902
8907 19509 21:0 8917
8916 19363 21:0 8940
8939 19277 21:0 8940
8939 209 21:0 8943
8942 19310 21:0 8943
8942 19171 21:0 8951
8948 19466 1:0 9069
8949 19464 1:0 9076
8949 19465 1:0 9077
8950 19186 21:0 8951
8950 19198 21:0 8954
8953 19384 21:0 8954
8953 19285 21:0 8960
8958 19463 1:0 9087
8958 19433 1:0 9200
8959 19244 21:0 8960
8961 19432 1:0 9208
8964 19431 1:0 9207
8985 19430 1:0 9218
8997 16352 1:0 9227
9079 19384 1:0 9302
9079 19363 1:0 9331
9080 19400 1:0 9331
9080 19399 1:0 9339
9089 19398 1:0 9338
9089 19397 1:0 9349
9095 19369 1:0 9354
9095 19383 1:0 9382
9095 19382 1:0 9382
9097 19375 1:0 9433
9100 19380 1:0 9388
9115 16463 1:0 9462
9116 247 1:0 9464
9210 19367 1:0 9462
9211 19365 1:0 9469
9220 19366 1:0 9470
9220 19364 1:0 9480
9226 19334 1:0 9593
9231 19333 1:0 9601
9246 19310 1:0 9676
9341 19332 1:0 9600
9342 19331 1:0 9611
9342 19301 1:0 9724
9351 19299 1:0 9731
9351 19300 1:0 9732
9359 19298 1:0 9742
9362 209 1:0 9746
9377 19285 1:0 9772
9378 19277 1:0 9807
9390 19276 1:0 9834
9472 19268 1:0 9855
9473 19267 1:0 9863
9473 19244 1:0 9878
9482 19266 1:0 9862
9482 19265 1:0 9873
9488 19235 1:0 9986
9509 19233 1:0 9993
9521 16687 1:0 9992
9601 16516 21:0 9606
9603 19234 1:0 9994
9604 19232 1:0 10004
9604 173 1:0 10008
9604 19215 1:0 10043
9604 19198 1:0 10117
9612 16520 21:0 9615
9613 19202 1:0 10117
9613 19201 1:0 10125
9619 19200 1:0 10124
9621 19186 1:0 10137
9652 19199 1:0 10135
9734 19171 1:0 10140
9734 141 1:0 10259
9735 19169 1:0 10248
9735 19167 1:0 10255
9744 19168 1:0 10256
9744 19165 1:0 10259
9744 19158 1:0 10281
9750 19166 1:0 10266
9770 19136 1:0 10379
9771 16862 1:0 10396
9783 119 1:0 10401
9865 19135 1:0 10387
9866 19134 1:0 10386
9866 19131 1:0 10407
9866 19125 1:0 10412
9875 19133 1:0 10397
9875 19103 1:0 10510
9883 19102 1:0 10518
9884 16637 21:0 9908
9902 19101 1:0 10517
9914 16922 1:0 10537
9996 19100 1:0 10528
9997 19070 1:0 10641
9997 19054 1:0 10689
9997 19052 1:0 10698
10005 16691 21:0 10008
10006 19068 1:0 10648
10006 19069 1:0 10649
10012 19067 1:0 10659
10033 19037 1:0 10772
10045 19026 1:0 10805
10127 19036 1:0 10780
10128 19035 1:0 10779
10137 19034 1:0 10790
10137 19004 1:0 10903
10143 19003 1:0 10911
10163 19002 1:0 10910
10164 18999 1:0 10931
10176 18987 1:0 10951
10258 19001 1:0 10921
10259 18980 1:0 10986
10259 18971 1:0 11034
10259 17147 1:0 11034
10268 18969 1:0 11041
10268 18970 1:0 11042
10276 18968 1:0 11052
10279 18966 1:0 11062
10294 18951 1:0 11091
10295 18940 1:0 11149
10387 16858 21:0 10392
10389 18938 1:0 11165
10390 18936 1:0 11172
10390 18937 1:0 11173
10399 17204 1:0 11182
10399 18935 1:0 11183
10399 18927 1:0 11188
10399 17207 1:0 11192
10399 18922 1:0 11213
10405 337 1:0 11294
10670 16979 21:0 10694
10911 17086 21:0 10916
11292 336 21:0 11342
11360 20586 21:0 11365
11365 20587 21:0 11434
11367 20588 0:0 11368
11368 20589 0:0 11390
11433 20617 21:0 11434
11436 20619 21:0 11444
11443 20620 0:0 11444
11443 20621 0:0 11444
11444 20622 21:0 11515
11514 20652 21:0 11520
11519 20654 0:0 11520
11519 20653 0:0 11520
11520 20655 21:0 11591
11574 20668 0:0 11575
11590 20651 21:0 11591
11590 20685 0:0 11591
11590 47 21:0 11593
11593 20686 21:0 11662
11595 20687 0:0 11596
11660 20688 0:0 11662
11664 20718 0:0 11667
11669 20719 21:0 11738
11671 20720 0:0 11672
11720 20730 0:0 11722
11736 20721 0:0 11738
11737 20738 0:0 11738
11738 101 21:0 11743
11740 20751 0:0 11743
11745 20752 21:0 11803
11747 20753 0:0 11748
11802 20754 0:0 11814
11803 20771 21:0 11814
11813 20763 21:0 11814
11816 20784 21:0 11824
11823 20785 0:0 11824
11823 20783 0:0 11824
11823 20786 0:0 11824
11824 20787 21:0 11895
11878 20800 0:0 11879
11894 20817 21:0 11900
11899 20819 0:0 11900
11899 20818 21:0 11966
11954 20836 0:0 11955
11964 20820 0:0 11966
11968 20850 21:0 11976
11975 20851 0:0 11976
11975 20852 21:0 12042
12040 20853 0:0 12042
12041 20881 0:0 12042
12044 20883 21:0 12052
12051 20885 0:0 12052
12051 20884 21:0 12118
12116 20886 0:0 12118
12117 20795 21:0 12123
12120 20916 0:0 12123
12122 20902 21:0 12123
12125 20918 21:0 12183
12127 20917 0:0 12128
12182 20919 0:0 12194
12182 20861 21:0 12194
12193 20934 21:0 12194
12196 20949 21:0 12204
12203 20951 0:0 12204
12203 20950 21:0 12270
12268 20952 0:0 12270
12272 20982 21:0 12280
12279 20983 0:0 12280
12279 20981 0:0 12280
12279 20984 21:0 12346
12344 20985 0:0 12346
12345 21002 0:0 12346
12348 21015 21:0 12356
12355 21017 0:0 12356
12355 249 0:0 12356
12355 21016 21:0 12422
12369 21026 0:0 12370
12420 21018 0:0 12422
12421 21020 0:0 12422
12424 21048 21:0 12432
12431 21050 0:0 12432
12431 21049 21:0 12498
12496 21051 0:0 12498
12500 21081 21:0 12508
12507 21082 0:0 12508
12507 21083 21:0 12574
12572 21084 0:0 12574
12576 21114 21:0 12584
12583 21116 0:0 12584
12583 21115 21:0 12650
12648 21117 0:0 12650
12649 20987 21:0 12655
12654 231 21:0 12655
12654 245 21:0 12660
12659 20961 21:0 12660
12659 21033 21:0 12675
12680 21160 21:0 12690
12689 21001 21:0 12713
12712 20822 21:0 12713
12712 20815 21:0 12716
12715 105 21:0 12716
12721 21117 1:0 12842
12722 21115 1:0 12849
12731 21116 1:0 12850
12731 21114 1:0 12860
12737 21084 1:0 12973
12742 21083 1:0 12981
12757 21033 1:0 13161
12850 16288 21:0 12855
12852 21082 1:0 12980
12853 21081 1:0 12991
12853 21051 1:0 13104
12862 21049 1:0 13111
12862 21050 1:0 13112
12868 21048 1:0 13122
12870 16520 1:0 13235
12901 21018 1:0 13235
12983 21026 1:0 13214
12983 21020 1:0 13219
12984 21016 1:0 13242
12984 21017 1:0 13243
12993 249 1:0 13248
12993 21015 1:0 13253
12993 245 1:0 13257
12993 21002 1:0 13283
12993 231 1:0 13286
12999 21001 1:0 13286
12999 20987 1:0 13337
13019 20985 1:0 13366
13020 16516 1:0 13366
13032 20981 1:0 13377
13114 20984 1:0 13374
13115 20983 1:0 13373
13115 20961 1:0 13449
13124 20982 1:0 13384
13124 20952 1:0 13497
13130 20950 1:0 13504
13151 20951 1:0 13505
13163 20934 1:0 13554
13245 20949 1:0 13515
13246 20919 1:0 13628
13246 16637 1:0 13655
13255 20917 1:0 13635
13255 20918 1:0 13636
13261 20916 1:0 13646
13263 20902 1:0 13685
13266 16691 1:0 13759
13281 20881 1:0 13787
13282 20861 1:0 13869
13374 16516 21:0 13379
13376 20886 1:0 13759
13377 20884 1:0 13766
13377 20885 1:0 13767
13386 20883 1:0 13777
13386 20853 1:0 13890
13394 20852 1:0 13898
13395 16523 21:0 13419
13413 20851 1:0 13897
13425 20815 1:0 13992
13507 20850 1:0 13908
13508 20836 1:0 13947
13508 20822 1:0 14005
13508 20820 1:0 14021
13516 16577 21:0 13519
13517 20818 1:0 14028
13517 20819 1:0 14029
13523 20817 1:0 14039
13525 20795 1:0 14044
13556 20787 1:0 14152
13638 20800 1:0 14074
13638 20783 1:0 14163
13639 20785 1:0 14159
13639 20786 1:0 14160
13647 16634 21:0 13650
13648 16858 1:0 14158
13648 20784 1:0 14170
13648 20771 1:0 14200
13648 20763 1:0 14235
13654 20754 1:0 14283
13674 20752 1:0 14290
13675 105 1:0 14296
13687 101 1:0 14305
13767 16687 21:0 13772
13769 20753 1:0 14291
13770 20751 1:0 14301
13770 20738 1:0 14331
13770 20730 1:0 14366
13778 16691 21:0 13781
13779 20721 1:0 14414
13779 20719 1:0 14421
13785 20720 1:0 14422
13805 20718 1:0 14432
13806 16979 1:0 14441
13900 20688 1:0 14545
13901 20686 1:0 14552
13909 16748 21:0 13912
13910 20687 1:0 14553
13910 20685 1:0 14563
13913 20655 1:0 14676
13916 20668 1:0 14598
13921 20653 1:0 14683
13936 20651 1:0 14687
13937 17086 1:0 14682
13949 47 1:0 14698
14031 20654 1:0 14684
14032 20652 1:0 14694
14040 16805 21:0 14043
14041 20622 1:0 14807
14041 20620 1:0 14814
14047 20621 1:0 14815
14052 20619 1:0 14825
14067 20617 1:0 14835
14162 20589 1:0 14938
14163 20587 1:0 14945
14163 20588 1:0 14946
14172 20586 1:0 14956
14172 338 1:0 15067
14302 16919 21:0 14305
14684 17086 21:0 14689
15065 337 21:0 15115
15120 22224 21:0 15131
15130 338 21:0 15131
15130 22215 21:0 15136
15133 22237 0:0 15136
15138 22239 21:0 15207
15140 22238 0:0 15141
15205 22240 0:0 15207
15206 15 21:0 15207
15206 22242 21:0 15212
15209 22270 0:0 15212
15214 22271 21:0 15283
15216 22272 0:0 15217
15281 22273 0:0 15283
15282 33 21:0 15283
15285 22303 21:0 15293
15290 22305 0:0 15293
15292 22304 0:0 15293
15293 22306 21:0 15364
15363 22336 21:0 15369
15366 22337 0:0 15369
15368 22338 0:0 15369
15369 22339 21:0 15437
15436 22281 21:0 15440
15437 22369 0:0 15440
15439 22367 21:0 15440
15442 22370 21:0 15500
15444 22371 0:0 15445
15499 22352 21:0 15511
15499 22372 0:0 15511
15510 22295 21:0 15511
15511 101 21:0 15516
15513 22402 0:0 15516
15515 22400 21:0 15516
15518 22404 21:0 15579
15520 22403 0:0 15521
15578 22421 21:0 15587
15579 22405 0:0 15587
15589 22435 0:0 15592
15594 22436 21:0 15663
15596 22437 0:0 15597
15661 22438 0:0 15663
15662 22447 21:0 15663
15662 121 21:0 15663
15662 22453 21:0 15668
15665 22468 0:0 15668
15670 22470 21:0 15739
15672 22469 0:0 15673
15737 22471 0:0 15739
15741 22501 21:0 15749
15748 22503 0:0 15749
15748 22502 21:0 15815
15813 22504 0:0 15815
15814 22517 21:0 15820
15817 22534 0:0 15820
15819 159 21:0 15820
15822 22536 21:0 15880
15824 22535 0:0 15825
15879 22526 21:0 15891
15879 22537 0:0 15891
15893 22567 21:0 15901
15900 22568 0:0 15901
15900 22569 21:0 15967
15965 22570 0:0 15967
15969 22600 21:0 15977
15976 22601 0:0 15977
15976 22602 21:0 16043
16041 22603 0:0 16043
16045 22633 21:0 16053
16052 22634 0:0 16053
16052 22635 21:0 16119
16117 22636 0:0 16119
16121 22666 21:0 16129
16128 22667 0:0 16129
16128 22668 21:0 16195
16193 22669 0:0 16195
16197 22699 21:0 16205
16204 22700 0:0 16205
16204 22701 21:0 16271
16269 22702 0:0 16271
16273 22732 21:0 16281
16280 22734 0:0 16281
16280 22733 21:0 16347
16345 22735 0:0 16347
16349 22765 21:0 16357
16356 22767 0:0 16357
16356 22766 21:0 16423
16421 22768 0:0 16423
16425 22798 21:0 16433
16453 22811 21:0 16463
16462 22785 21:0 16486
16485 22776 21:0 16486
16485 22781 21:0 16489
16494 22798 1:0 16502
16495 22785 1:0 16532
16495 22781 1:0 16535
16495 22776 1:0 16586
16495 16288 1:0 16615
16504 22768 1:0 16615
16504 22766 1:0 16622
16510 22767 1:0 16623
16530 22765 1:0 16633
16625 22735 1:0 16746
16626 22733 1:0 16753
16626 22734 1:0 16754
16635 22732 1:0 16764
16635 22702 1:0 16877
16643 22701 1:0 16885
16674 22700 1:0 16884
16756 22699 1:0 16895
16757 22669 1:0 17008
16757 16516 1:0 17139
16766 22667 1:0 17015
16766 22668 1:0 17016
16772 22666 1:0 17026
16793 22636 1:0 17139
16805 16523 1:0 17166
16887 22635 1:0 17147
16888 22634 1:0 17146
16888 16577 1:0 17270
16897 22633 1:0 17157
16897 22603 1:0 17270
16903 22602 1:0 17278
16924 22601 1:0 17277
16936 16634 1:0 17401
17018 22600 1:0 17288
17019 22570 1:0 17401
17028 22568 1:0 17408
17028 22569 1:0 17409
17034 22567 1:0 17419
17054 22537 1:0 17532
17055 16687 1:0 17532
17067 16691 1:0 17549
17149 22536 1:0 17540
17150 22535 1:0 17539
17150 22526 1:0 17565
17150 159 1:0 17580
17159 22534 1:0 17550
17159 22517 1:0 17589
17159 16748 1:0 17663
17165 22504 1:0 17663
17185 22502 1:0 17670
17280 22503 1:0 17671
17281 22501 1:0 17681
17281 22471 1:0 17794
17289 16577 21:0 17292
17290 22469 1:0 17801
17290 22470 1:0 17802
17293 16805 1:0 17811
17298 22468 1:0 17812
17301 22453 1:0 17842
17316 22447 1:0 17877
17317 121 1:0 17925
17329 22421 1:0 17982
17411 22438 1:0 17925
17412 22436 1:0 17932
17421 22437 1:0 17933
17421 22435 1:0 17943
17427 22405 1:0 18056
17430 16637 21:0 17454
17447 22404 1:0 18064
17448 16919 1:0 18073
17448 101 1:0 18078
17460 22400 1:0 18084
17540 16687 21:0 17545
17542 22403 1:0 18063
17543 22402 1:0 18074
17543 22352 1:0 18207
17552 22372 1:0 18187
17552 22370 1:0 18194
17558 22371 1:0 18195
17578 22369 1:0 18205
17579 22367 1:0 18210
17591 17086 1:0 18455
17673 22339 1:0 18318
17674 22338 1:0 18326
17683 22337 1:0 18325
17683 22336 1:0 18336
17689 22306 1:0 18449
17709 22305 1:0 18457
17710 22295 1:0 18482
17722 22281 1:0 18559
17804 22304 1:0 18456
17805 22303 1:0 18467
17805 33 1:0 18593
17814 22273 1:0 18580
17814 22271 1:0 18587
17820 22272 1:0 18588
17841 22270 1:0 18598
17853 22242 1:0 18695
17935 22240 1:0 18711
17936 22239 1:0 18719
17936 15 1:0 18724
17936 22215 1:0 18762
17944 16862 21:0 17947
17945 22238 1:0 18718
17945 22237 1:0 18729
17948 22224 1:0 18759
17951 338 1:0 18813
17951 339 1:0 18840
18085 16922 21:0 18109
18216 16979 21:0 18240
18326 17029 21:0 18331
18838 338 21:0 18888
18886 23867 0:0 18888
18893 23875 21:0 18904
18903 23886 21:0 18904
18906 23888 0:0 18909
18911 23890 21:0 18980
18913 23889 0:0 18914
18914 23891 0:0 18936
18979 23908 0:0 18980
18979 23880 21:0 18980
18982 23921 21:0 18990
18989 23923 0:0 18990
18989 23922 21:0 19056
18990 23924 0:0 19012
19058 23954 21:0 19066
19065 23955 0:0 19066
19065 23956 0:0 19066
19066 23957 21:0 19137
19134 23987 0:0 19137
19136 23932 21:0 19137
19136 23941 21:0 19137
19139 23989 21:0 19197
19141 23988 0:0 19142
19154 67 0:0 19156
19196 24006 21:0 19208
19196 23990 0:0 19208
19207 23959 21:0 19208
19210 24020 21:0 19218
19217 24021 0:0 19218
19217 24022 21:0 19284
19282 24023 0:0 19284
19286 24053 21:0 19294
19293 24054 0:0 19294
19293 24055 0:0 19294
19294 24056 21:0 19365
19348 24069 0:0 19349
19364 24086 0:0 19365
19364 24040 21:0 19365
19364 24012 21:0 19365
19367 24088 21:0 19436
19369 24087 0:0 19370
19434 24089 0:0 19436
19435 24071 21:0 19436
19435 24032 21:0 19436
19435 24072 21:0 19441
19438 24119 0:0 19441
19440 24073 21:0 19441
19443 24121 21:0 19512
19445 24120 0:0 19446
19510 24122 0:0 19512
19511 24036 21:0 19512
19514 24152 0:0 19517
19519 24153 21:0 19577
19521 24154 0:0 19522
19576 24155 0:0 19588
19576 24171 21:0 19588
19587 24168 21:0 19588
19590 24185 21:0 19598
19591 173 0:0 19593
19597 177 0:0 19598
19597 24187 0:0 19598
19597 24186 21:0 19664
19652 24204 0:0 19653
19662 24188 0:0 19664
19664 191 21:0 19669
19666 24218 0:0 19669
19668 24203 21:0 19669
19671 24219 21:0 19737
19673 24220 0:0 19674
19736 24221 0:0 19740
19736 24196 21:0 19740
19739 24223 21:0 19740
19742 24251 21:0 19750
19749 24253 0:0 19750
19749 213 0:0 19750
19749 24252 21:0 19816
19814 24254 0:0 19816
19818 24284 21:0 19826
19825 24285 0:0 19826
19825 24286 21:0 19892
19890 24287 0:0 19892
19894 24317 21:0 19902
19901 24318 0:0 19902
19901 24319 21:0 19968
19966 24320 0:0 19968
19970 24350 21:0 19978
19977 24351 0:0 19978
19977 24352 21:0 20044
20042 24353 0:0 20044
20046 24383 21:0 20054
20053 24384 0:0 20054
20053 24385 21:0 20120
20118 24386 0:0 20120
20122 24416 21:0 20130
20129 24418 0:0 20130
20129 24417 21:0 20196
20195 24333 21:0 20201
20200 24210 21:0 20201
20200 24234 21:0 20206
20205 24197 21:0 20206
20226 24462 21:0 20236
20235 175 21:0 20259
20258 24230 21:0 20259
20267 24417 1:0 20395
20268 24418 1:0 20396
20276 16235 21:0 20279
20277 24416 1:0 20406
20277 24386 1:0 20519
20283 24385 1:0 20527
20288 24384 1:0 20526
20303 24333 1:0 20707
20398 24383 1:0 20537
20399 24353 1:0 20650
20399 24352 1:0 20658
20408 24351 1:0 20657
20408 24350 1:0 20668
20416 24320 1:0 20781
20447 24319 1:0 20789
20529 24318 1:0 20788
20530 24317 1:0 20799
20539 24287 1:0 20912
20539 24286 1:0 20920
20545 24285 1:0 20919
20565 24284 1:0 20930
20566 16577 1:0 21043
20578 213 1:0 21056
20660 24254 1:0 21043
20661 24252 1:0 21050
20661 24230 1:0 21091
20661 24234 1:0 21100
20670 24253 1:0 21051
20670 24251 1:0 21061
20676 24223 1:0 21158
20681 24221 1:0 21174
20696 175 1:0 21188
20697 24210 1:0 21194
20709 24197 1:0 21194
20791 24219 1:0 21181
20792 24220 1:0 21182
20792 191 1:0 21196
20792 16637 1:0 21201
20801 24218 1:0 21192
20801 24196 1:0 21222
20801 24204 1:0 21231
20801 24203 1:0 21231
20801 16687 1:0 21305
20809 24188 1:0 21305
20810 16466 21:0 20834
20828 24186 1:0 21312
20840 177 1:0 21318
20922 24187 1:0 21313
20923 24185 1:0 21323
20923 173 1:0 21327
20923 24168 1:0 21353
20931 16520 21:0 20934
20932 24171 1:0 21362
20932 24155 1:0 21436
20935 24153 1:0 21443
20940 24154 1:0 21444
20971 24152 1:0 21454
21053 24122 1:0 21567
21054 24121 1:0 21575
21063 24120 1:0 21574
21063 24119 1:0 21585
21069 24089 1:0 21698
21089 24088 1:0 21706
21090 16862 1:0 21712
21102 24073 1:0 21718
21182 16630 21:0 21187
21184 24087 1:0 21705
21185 24086 1:0 21716
21185 24072 1:0 21718
21185 24071 1:0 21721
21185 24069 1:0 21751
21194 24056 1:0 21829
21194 24055 1:0 21837
21202 24054 1:0 21836
21233 24053 1:0 21847
21315 24036 1:0 21852
21315 16922 1:0 21856
21315 24040 1:0 21877
21315 24032 1:0 21912
21316 24023 1:0 21960
21316 16979 1:0 21987
21325 24021 1:0 21967
21325 24022 1:0 21968
21331 24020 1:0 21978
21333 24012 1:0 21993
21336 24006 1:0 22017
21351 17029 1:0 22091
21352 67 1:0 22093
21444 16744 21:0 21449
21446 23990 1:0 22091
21447 23988 1:0 22098
21447 23989 1:0 22099
21456 23987 1:0 22109
21456 23959 1:0 22114
21462 23957 1:0 22222
21467 23955 1:0 22229
21482 23941 1:0 22270
21483 23932 1:0 22332
21577 23956 1:0 22230
21578 23954 1:0 22240
21586 16805 21:0 21589
21587 23924 1:0 22353
21587 23922 1:0 22360
21590 23923 1:0 22361
21595 23921 1:0 22371
21598 23908 1:0 22401
21613 23886 1:0 22507
21708 23891 1:0 22484
21709 23889 1:0 22491
21709 23890 1:0 22492
21718 23888 1:0 22502
21718 23880 1:0 22517
21718 23875 1:0 22532
21718 23867 1:0 22567
21718 340 1:0 22613
21858 16922 21:0 21882
22513 17207 21:0 22537
22611 339 21:0 22661
22660 25517 21:0 22677
22676 25525 21:0 22677
22679 25539 21:0 22687
22686 25541 0:0 22687
22686 25540 21:0 22753
22700 25550 0:0 22701
22751 25542 0:0 22753
22752 25559 0:0 22753
22752 25544 21:0 22758
22755 25572 0:0 22758
22760 25573 21:0 22829
22762 25574 0:0 22763
22827 25575 0:0 22829
22828 25577 21:0 22829
22829 47 21:0 22834
22831 25605 0:0 22834
22836 25606 21:0 22905
22838 25607 0:0 22839
22903 25608 0:0 22905
22907 25638 0:0 22910
22912 25640 21:0 22970
22913 25637 0:0 22915
22914 25639 0:0 22915
22969 25641 0:0 22981
22969 25654 21:0 22981
22983 25671 21:0 22991
22988 25673 0:0 22991
22990 25672 0:0 22991
22991 25674 21:0 23059
23003 25663 0:0 23005
23059 25704 21:0 23067
23066 25705 0:0 23067
23066 25706 21:0 23133
23067 25707 0:0 23089
23115 25716 0:0 23117
23135 25737 21:0 23143
23142 25739 0:0 23143
23142 25738 21:0 23209
23207 25740 0:0 23209
23211 25770 21:0 23219
23216 25771 0:0 23219
23218 25772 0:0 23219
23219 25773 21:0 23290
23287 25803 0:0 23290
23289 25749 21:0 23290
23289 123 21:0 23290
23292 25805 21:0 23350
23294 25804 0:0 23295
23349 25806 0:0 23361
23349 25795 21:0 23361
23360 83 21:0 23361
23363 25836 21:0 23371
23370 25837 0:0 23371
23370 25838 21:0 23437
23435 25839 0:0 23437
23436 177 21:0 23442
23439 25869 0:0 23442
23441 25696 21:0 23442
23444 25871 21:0 23509
23445 195 0:0 23447
23446 25870 0:0 23447
23508 25881 21:0 23513
23509 25872 0:0 23513
23512 191 21:0 23513
23515 25902 21:0 23523
23522 25903 0:0 23523
23522 25904 21:0 23589
23587 25905 0:0 23589
23591 25935 21:0 23599
23598 25936 0:0 23599
23598 25937 21:0 23665
23663 25938 0:0 23665
23667 25968 21:0 23675
23674 25969 0:0 23675
23674 25970 21:0 23741
23687 247 0:0 23689
23687 25960 0:0 23689
23739 25971 0:0 23741
23743 26001 21:0 23751
23750 26002 0:0 23751
23750 26003 21:0 23817
23815 26004 0:0 23817
23819 26034 21:0 23827
23826 26035 0:0 23827
23826 26036 21:0 23893
23891 26037 0:0 23893
23895 26067 21:0 23903
23902 26068 0:0 23903
23902 26069 21:0 23969
23967 26070 0:0 23969
23968 25914 21:0 23974
23973 25913 21:0 23974
23973 245 21:0 23979
23978 87 21:0 23979
23978 25736 21:0 24006
24002 16235 1:0 24047
24003 12928 1:0 27896
24005 25852 21:0 24032
24031 101 21:0 24032
24031 25753 21:0 24035
24034 25691 21:0 24035
24034 105 21:0 24043
24040 26070 1:0 24161
24041 26069 1:0 24169
24042 139 21:0 24043
24042 26113 21:0 24043
24044 26068 1:0 24168
24050 26067 1:0 24179
24050 26037 1:0 24292
24056 26036 1:0 24300
24077 26035 1:0 24299
24171 26034 1:0 24310
24172 26004 1:0 24423
24181 26002 1:0 24430
24181 26003 1:0 24431
24187 26001 1:0 24441
24192 25971 1:0 24554
24207 247 1:0 24556
24302 25970 1:0 24562
24303 25969 1:0 24561
24303 25968 1:0 24572
24312 245 1:0 24576
24312 16466 1:0 24581
24312 25960 1:0 24587
24312 16520 1:0 24685
24312 25938 1:0 24685
24320 25937 1:0 24693
24351 25936 1:0 24692
24433 25935 1:0 24703
24434 25914 1:0 24768
24434 25913 1:0 24795
24434 25905 1:0 24816
24443 25903 1:0 24823
24443 25904 1:0 24824
24451 25902 1:0 24834
24454 25881 1:0 24899
24469 16630 1:0 24947
24470 195 1:0 24960
24562 16459 21:0 24567
24564 25872 1:0 24947
24565 25870 1:0 24954
24565 25871 1:0 24955
24574 25869 1:0 24965
24574 191 1:0 24969
24574 25852 1:0 25004
24574 177 1:0 25078
24580 25839 1:0 25078
24601 25838 1:0 25086
24693 16516 21:0 24698
24695 25837 1:0 25085
24696 25836 1:0 25096
24696 25806 1:0 25209
24705 16744 1:0 25209
24705 25805 1:0 25217
24711 25804 1:0 25216
24716 25803 1:0 25227
24731 25795 1:0 25232
24732 139 1:0 25342
24744 16805 1:0 25351
24826 25773 1:0 25340
24827 25772 1:0 25348
24827 25753 1:0 25388
24827 25736 1:0 25388
24836 25771 1:0 25347
24836 25770 1:0 25358
24842 25749 1:0 25423
24842 123 1:0 25471
24862 25740 1:0 25471
24957 25738 1:0 25478
24958 25739 1:0 25479
24958 25737 1:0 25489
24967 105 1:0 25522
24967 25691 1:0 25522
24967 25716 1:0 25554
24967 16922 1:0 25573
24967 101 1:0 25602
24973 25707 1:0 25602
24978 25706 1:0 25610
24993 25696 1:0 25625
25088 25705 1:0 25609
25089 25704 1:0 25620
25089 25674 1:0 25733
25098 25673 1:0 25741
25098 87 1:0 25744
25104 25672 1:0 25740
25109 25671 1:0 25751
25124 83 1:0 25755
25125 25663 1:0 25766
25137 25654 1:0 25790
25219 25641 1:0 25864
25220 25640 1:0 25872
25220 25637 1:0 25875
25229 25639 1:0 25871
25229 25638 1:0 25882
25235 25608 1:0 25995
25256 25606 1:0 26002
25268 47 1:0 26017
25350 25607 1:0 26003
25351 25605 1:0 26013
25351 25577 1:0 26110
25359 16805 21:0 25362
25360 25575 1:0 26126
25360 25573 1:0 26133
25366 25574 1:0 26134
25386 25572 1:0 26144
25387 25559 1:0 26174
25399 25544 1:0 26241
25481 25542 1:0 26257
25482 25550 1:0 26236
25482 25540 1:0 26264
25482 17207 1:0 26284
25491 25541 1:0 26265
25491 25539 1:0 26275
25497 25525 1:0 26314
25497 25517 1:0 26367
25497 341 1:0 26386
25499 12934 1:0 27896
25500 16865 21:0 25524
25610 16915 21:0 25615
26014 17090 21:0 26017
26024 17093 21:0 26048
26155 17150 21:0 26179
26384 340 21:0 26434
26439 27177 21:0 26450
26452 27190 21:0 26460
26459 27191 0:0 26460
26459 27192 21:0 26526
26472 13 0:0 26474
26472 27182 0:0 26474
26473 27201 0:0 26474
26514 27206 0:0 26515
26524 27193 0:0 26526
26528 27223 21:0 26536
26535 27225 0:0 26536
26535 27224 21:0 26602
26590 27242 0:0 26591
26600 27226 0:0 26602
26604 27256 21:0 26612
26605 47 0:0 26607
26609 27257 0:0 26612
26609 27258 0:0 26612
26612 27259 21:0 26683
26624 27248 0:0 26626
26682 27289 21:0 26688
26687 27290 0:0 26688
26687 27291 0:0 26688
26688 27292 21:0 26756
26742 27308 0:0 26743
26756 27322 21:0 26764
26763 27323 0:0 26764
26763 27324 21:0 26830
26777 27333 0:0 26778
26818 27341 0:0 26819
26818 27340 0:0 26819
26828 27325 0:0 26830
26832 27355 21:0 26840
26837 27356 0:0 26840
26839 27357 0:0 26840
26840 27358 21:0 26911
26905 27375 0:0 26906
26910 27388 0:0 26911
26910 27327 21:0 26911
26913 27390 21:0 26982
26915 27389 0:0 26916
26980 27391 0:0 26982
26981 27393 21:0 26982
26981 27419 21:0 26982
26984 27421 21:0 26992
26991 27422 0:0 26992
26991 27423 21:0 27058
27056 27424 0:0 27058
27060 27454 21:0 27068
27067 27455 0:0 27068
27067 27453 0:0 27068
27067 27456 21:0 27134
27080 27446 0:0 27082
27122 27472 0:0 27123
27132 27457 0:0 27134
27133 27474 0:0 27134
27136 27487 21:0 27144
27143 27488 0:0 27144
27143 27489 21:0 27210
27198 27506 0:0 27199
27208 27490 0:0 27210
27209 27492 0:0 27210
27209 27507 0:0 27210
27212 27520 21:0 27220
27219 27522 0:0 27220
27219 195 0:0 27220
27219 27521 21:0 27286
27233 27531 0:0 27234
27274 27538 0:0 27275
27284 27523 0:0 27286
27285 27551 0:0 27286
27288 27553 21:0 27296
27295 27555 0:0 27296
27295 27554 21:0 27362
27360 27556 0:0 27362
27364 27586 21:0 27372
27371 27587 0:0 27372
27371 27588 21:0 27438
27436 27589 0:0 27438
27440 27619 21:0 27448
27447 27621 0:0 27448
27447 27620 21:0 27514
27461 27630 0:0 27462
27502 27637 0:0 27503
27512 27622 0:0 27514
27516 27652 21:0 27524
27523 27654 0:0 27524
27523 27653 21:0 27590
27588 27655 0:0 27590
27592 27685 21:0 27600
27599 27686 0:0 27600
27599 27687 21:0 27666
27664 27688 0:0 27666
27668 27718 21:0 27676
27675 27720 0:0 27676
27675 27719 21:0 27742
27740 27721 0:0 27742
27741 263 21:0 27747
27823 12927 1:0 27905
27823 12933 1:0 27915
27823 12935 1:0 27984
27823 12936 1:0 27985
27823 12940 1:0 28005
27823 13081 1:0 28117
27823 13080 1:0 28117
27824 27721 1:0 27916
27824 12937 1:0 27994
27824 12938 1:0 27995
27833 27719 1:0 28041
27833 12939 1:0 28004
27839 27720 1:0 28042
27844 27718 1:0 28052
27859 13074 1:0 28126
27859 13075 1:0 28136
27859 13228 1:0 28338
27860 13082 1:0 28205
27913 27688 1:0 28137
27926 13083 1:0 28206
27941 13084 1:0 28215
27942 13085 1:0 28216
27942 13086 1:0 28225
27943 13087 1:0 28226
27992 13227 1:0 28338
27992 13222 1:0 28347
27992 13221 1:0 28357
28011 12940 21:0 28036
28034 12937 0:0 28036
28034 12936 0:0 28036
28034 12938 0:0 28036
28035 12933 21:0 28036
28035 12939 0:0 28036
28035 12935 0:0 28036
28035 12928 21:0 28036
28035 12934 21:0 28036
28035 12927 21:0 28036
28044 27687 1:0 28263
28045 27686 1:0 28262
28045 27685 1:0 28273
28054 27655 1:0 28358
28054 13229 1:0 28426
28054 13230 1:0 28427
28054 13231 1:0 28436
28054 13232 1:0 28437
28060 13233 1:0 28446
28060 13234 1:0 28447
28080 27653 1:0 28483
28081 263 1:0 28498
28134 27654 1:0 28484
28142 13375 1:0 28559
28163 27652 1:0 28494
28164 13369 1:0 28568
28164 13368 1:0 28578
28213 16459 1:0 28527
28215 13082 21:0 28257
28223 27637 1:0 28533
28233 13380 1:0 28667
28255 13086 0:0 28257
28255 13083 0:0 28257
28256 13074 21:0 28257
28256 13085 0:0 28257
28256 13084 0:0 28257
28256 13080 21:0 28257
28256 13081 21:0 28257
28256 13075 21:0 28257
28256 13087 0:0 28257
28265 27630 1:0 28586
28265 13376 1:0 28647
28265 13377 1:0 28648
28265 13378 1:0 28657
28266 27622 1:0 28697
28266 13374 1:0 28637
28266 13379 1:0 28658
28266 13521 1:0 28780
28266 13522 1:0 28789
28266 13516 1:0 28799
28275 27620 1:0 28704
28275 13381 1:0 28668
28281 27621 1:0 28705
28286 27619 1:0 28715
28301 16516 1:0 28748
28302 13527 1:0 28888
28355 27589 1:0 28800
28368 13524 1:0 28869
28383 13523 1:0 28868
28384 13525 1:0 28878
28384 13526 1:0 28879
28385 13515 1:0 28828
28385 13663 1:0 29010
28385 13662 1:0 29020
28434 13528 1:0 28889
28436 13229 21:0 28478
28477 13221 21:0 28478
28477 13230 0:0 28478
28477 13234 0:0 28478
28477 13231 0:0 28478
28477 13232 0:0 28478
28477 13222 21:0 28478
28477 13233 0:0 28478
28477 13227 21:0 28478
28477 13228 21:0 28478
28486 27588 1:0 28926
28487 27587 1:0 28925
28487 27586 1:0 28936
28496 27556 1:0 29021
28496 13670 1:0 29089
28496 13671 1:0 29090
28496 13672 1:0 29099
28496 13674 1:0 29109
28502 13668 1:0 29079
28502 13669 1:0 29080
28502 13673 1:0 29100
28502 13675 1:0 29110
28502 13815 1:0 29222
28523 27554 1:0 29146
28576 27555 1:0 29147
28605 27553 1:0 29157
28606 27551 1:0 29167
28655 27538 1:0 29196
28665 13809 1:0 29222
28665 13816 1:0 29231
28665 13810 1:0 29241
28665 13963 1:0 29462
28675 13819 1:0 29320
28677 13380 21:0 28699
28698 13381 0:0 28699
28698 13368 21:0 28699
28698 13376 0:0 28699
28698 13378 0:0 28699
28698 13369 21:0 28699
28698 13379 0:0 28699
28698 13374 0:0 28699
28698 13375 21:0 28699
28698 13377 0:0 28699
28707 27523 1:0 29242
28708 27531 1:0 29249
28708 13817 1:0 29310
28708 13818 1:0 29311
28708 13820 1:0 29321
28708 13821 1:0 29330
28708 13822 1:0 29331
28717 27521 1:0 29367
28717 27522 1:0 29368
28723 195 1:0 29373
28728 27520 1:0 29378
28743 27507 1:0 29408
28744 27506 1:0 29417
28756 13969 1:0 29552
28797 27492 1:0 29475
28797 13965 1:0 29532
28805 13964 1:0 29531
28826 27490 1:0 29580
28827 13956 1:0 29491
28827 13957 1:0 29492
28876 13966 1:0 29541
28886 13967 1:0 29542
28896 13962 1:0 29521
28896 14109 1:0 29664
28896 14110 1:0 29673
28896 14103 1:0 29683
28898 13527 21:0 28920
28919 13528 0:0 28920
28919 13525 0:0 28920
28919 13526 0:0 28920
28919 13515 0:0 28920
28919 13516 21:0 28920
28919 13522 21:0 28920
28919 13523 0:0 28920
28919 13524 0:0 28920
28919 13521 21:0 28920
28928 27474 1:0 29629
28928 13968 1:0 29551
28929 27488 1:0 29588
28929 27489 1:0 29589
28938 27487 1:0 29599
28938 27472 1:0 29638
28938 14111 1:0 29752
28938 14115 1:0 29772
28944 27457 1:0 29684
28946 14112 1:0 29753
28949 14113 1:0 29762
28964 14114 1:0 29763
28965 14104 1:0 29713
28965 14256 1:0 29885
28965 14257 1:0 29885
28977 14116 1:0 29773
29031 27456 1:0 29810
29046 27453 1:0 29813
29097 27455 1:0 29809
29107 27446 1:0 29835
29117 16805 1:0 29853
29119 13674 21:0 29141
29140 13671 0:0 29141
29140 13669 0:0 29141
29140 13668 0:0 29141
29140 13670 0:0 29141
29140 13675 0:0 29141
29140 13673 0:0 29141
29140 13662 21:0 29141
29140 13663 21:0 29141
29140 13672 0:0 29141
29149 27454 1:0 29820
29150 27424 1:0 29905
29150 14250 1:0 29894
29150 14251 1:0 29904
29150 14259 1:0 29974
29150 14398 1:0 30106
29159 14258 1:0 29973
29159 14260 1:0 29983
29159 14261 1:0 29984
29159 14262 1:0 29993
29159 14263 1:0 29994
29165 27423 1:0 30031
29170 27422 1:0 30030
29198 27421 1:0 30041
29239 27419 1:0 30051
29239 27393 1:0 30074
29247 14404 1:0 30115
29268 27391 1:0 30126
29269 14397 1:0 30125
29269 14403 1:0 30184
29318 14408 1:0 30205
29328 14405 1:0 30194
29330 13819 21:0 29362
29338 14406 1:0 30195
29360 13817 0:0 29362
29360 13818 0:0 29362
29360 13821 0:0 29362
29361 13820 0:0 29362
29361 13815 21:0 29362
29361 13809 21:0 29362
29361 13816 21:0 29362
29361 13810 21:0 29362
29361 13822 0:0 29362
29370 16865 1:0 30264
29370 14407 1:0 30204
29370 14409 1:0 30214
29370 14410 1:0 30215
29371 27390 1:0 30252
29371 27375 1:0 30292
29380 27389 1:0 30251
29380 27388 1:0 30262
29386 27358 1:0 30346
29388 14544 1:0 30336
29388 14545 1:0 30346
29388 14550 1:0 30405
29388 14551 1:0 30406
29391 14553 1:0 30416
29406 14552 1:0 30415
29407 14554 1:0 30425
29419 14555 1:0 30426
29419 14556 1:0 30435
29460 14557 1:0 30436
29468 16915 1:0 30471
29489 27357 1:0 30473
29490 14697 1:0 30557
29490 14692 1:0 30567
29490 14691 1:0 30596
29539 27327 1:0 30548
29549 27340 1:0 30522
29558 13969 21:0 29583
29559 27341 1:0 30522
29581 13964 0:0 29583
29581 13968 0:0 29583
29581 13966 0:0 29583
29581 13965 0:0 29583
29582 13967 0:0 29583
29582 13957 0:0 29583
29582 13956 0:0 29583
29582 13962 0:0 29583
29582 13963 21:0 29583
29591 27356 1:0 30472
29592 27355 1:0 30483
29592 27333 1:0 30575
29592 14702 1:0 30647
29601 27325 1:0 30568
29601 14698 1:0 30627
29601 14699 1:0 30636
29601 14700 1:0 30637
29601 14701 1:0 30646
29601 14838 1:0 30769
29607 14703 1:0 30656
29607 14704 1:0 30657
29627 27324 1:0 30694
29681 27323 1:0 30693
29710 27322 1:0 30704
29770 27292 1:0 30788
29780 27308 1:0 30743
29782 14115 21:0 29804
29803 14110 21:0 29804
29803 14109 21:0 29804
29803 14103 21:0 29804
29803 14116 0:0 29804
29803 14113 0:0 29804
29803 14114 0:0 29804
29803 14111 0:0 29804
29803 14112 0:0 29804
29803 14104 0:0 29804
29812 14844 1:0 30778
29812 14839 1:0 30788
29812 14845 1:0 30848
29812 14846 1:0 30857
29812 14847 1:0 30858
29812 14848 1:0 30867
29812 14992 1:0 30999
29813 14849 1:0 30868
29813 14850 1:0 30877
29813 14851 1:0 30878
29822 27290 1:0 30914
29822 27291 1:0 30915
29828 27289 1:0 30925
29833 27259 1:0 31009
29848 14991 1:0 31009
29848 14985 1:0 31038
29848 14986 1:0 31039
29849 14995 1:0 31088
29861 14993 1:0 31078
29861 14994 1:0 31079
29902 14996 1:0 31089
29902 14997 1:0 31098
29915 14998 1:0 31099
29932 27258 1:0 31136
29980 14259 21:0 30025
29981 17090 1:0 31139
29991 47 1:0 31150
30001 17093 1:0 31155
30023 14260 0:0 30025
30023 14258 0:0 30025
30024 14256 21:0 30025
30024 14257 21:0 30025
30024 14261 0:0 30025
30024 14250 21:0 30025
30024 14251 21:0 30025
30024 14263 0:0 30025
30024 14262 0:0 30025
30033 27257 1:0 31135
30034 27256 1:0 31146
30034 27248 1:0 31161
30034 27242 1:0 31185
30043 27226 1:0 31231
30043 15138 1:0 31220
30043 15133 1:0 31230
30043 15132 1:0 31259
30043 15139 1:0 31290
30043 15140 1:0 31299
30043 15141 1:0 31300
30043 15142 1:0 31309
30049 15143 1:0 31310
30049 15144 1:0 31319
30049 15145 1:0 31320
30070 27224 1:0 31356
30131 27225 1:0 31357
30152 27223 1:0 31367
30153 26113 1:0 31432
30202 27177 1:0 31400
30211 14408 21:0 30246
30212 17150 1:0 31376
30222 27206 1:0 31402
30244 14409 0:0 30246
30245 14407 0:0 30246
30245 14405 0:0 30246
30245 14406 0:0 30246
30245 14410 0:0 30246
30245 14403 0:0 30246
30245 14397 21:0 30246
30245 14404 21:0 30246
30245 14398 21:0 30246
30254 27201 1:0 31459
30254 15280 1:0 31441
30254 15279 1:0 31451
30254 15285 1:0 31510
30254 15286 1:0 31511
30254 15287 1:0 31520
30254 15288 1:0 31521
30255 27193 1:0 31452
30255 15289 1:0 31530
30255 15290 1:0 31531
30264 13 1:0 31572
30264 27192 1:0 31578
30264 15291 1:0 31540
30264 15292 1:0 31541
30270 27191 1:0 31577
30291 27190 1:0 31588
30303 22811 1:0 31593
30303 24462 1:0 31593
30303 21160 1:0 31593
30303 15433 1:0 31618
30344 27182 1:0 31595
30344 19509 1:0 31618
30344 15426 1:0 31618
30352 15432 1:0 31618
30357 17858 1:0 31618
30357 15427 1:0 31618
30372 334 1:0 31643
30373 16207 1:0 31672
30373 15437 1:0 31752
30374 15434 1:0 31741
30422 14553 21:0 30467
30423 15435 1:0 31742
30433 15436 1:0 31751
30443 15438 1:0 31761
30465 14556 0:0 30467
30466 14557 0:0 30467
30466 14555 0:0 30467
30466 14554 0:0 30467
30466 14552 0:0 30467
30466 14551 0:0 30467
30466 14550 0:0 30467
30466 14545 21:0 30467
30466 14544 21:0 30467
30475 15439 1:0 31762
30653 14702 21:0 30688
30686 14701 0:0 30688
30686 14700 0:0 30688
30686 14703 0:0 30688
30687 14691 0:0 30688
30687 14698 0:0 30688
30687 14692 21:0 30688
30687 14699 0:0 30688
30687 14697 21:0 30688
30687 14704 0:0 30688
30867 14846 21:0 30909
30907 14850 0:0 30909
30907 14847 0:0 30909
30907 14848 0:0 30909
30908 14851 0:0 30909
30908 14845 0:0 30909
30908 14849 0:0 30909
30908 14839 21:0 30909
30908 14844 21:0 30909
30908 14838 21:0 30909
31098 14995 21:0 31130
31128 14997 0:0 31130
31129 14993 0:0 31130
31129 14994 0:0 31130
31129 14998 0:0 31130
31129 14996 0:0 31130
31129 14992 21:0 31130
31129 14985 0:0 31130
31129 14986 0:0 31130
31129 14991 21:0 31130
31319 15142 21:0 31351
31349 15144 0:0 31351
31350 15139 0:0 31351
31350 15143 0:0 31351
31350 15132 0:0 31351
31350 15133 21:0 31351
31350 15138 21:0 31351
31350 15140 0:0 31351
31350 15141 0:0 31351
31350 15145 0:0 31351
31527 15288 21:0 31572
31570 15289 0:0 31572
31570 15287 0:0 31572
31571 15291 0:0 31572
31571 15290 0:0 31572
31571 15292 0:0 31572
31571 15286 0:0 31572
31571 15285 0:0 31572
31571 15279 21:0 31572
31571 15280 21:0 31572
31758 15437 21:0 159
