50 7689 0:0 52
51 7690 0:0 52
51 7692 0:0 52
51 7691 0:0 60
59 7779 0:0 60
59 7780 0:0 60
59 7687 0:0 88
111 7839 21:0 128
113 7840 0:0 114
128 7841 0:0 164
187 7872 21:0 204
204 7874 0:0 240
263 7906 21:0 280
280 7907 0:0 316
334 7937 21:0 342
341 7939 0:0 342
341 7938 21:0 392
415 7971 21:0 432
432 7973 0:0 468
486 8003 0:0 489
491 8005 21:0 508
493 8004 0:0 494
508 8006 0:0 544
562 8036 0:0 565
567 8038 21:0 584
643 8070 21:0 660
660 8072 0:0 696
714 8102 21:0 722
790 8135 21:0 798
797 8136 21:0 848
848 8138 0:0 864
866 8168 0:0 869
871 8169 21:0 888
873 8170 0:0 874
888 8171 0:0 924
947 8202 21:0 964
949 8203 0:0 950
1023 8236 21:0 1040
1025 8235 0:0 1026
1102 8270 21:0 1168
1323 8367 21:0 1331
1330 8368 0:0 1331
1330 8369 21:0 1376
1375 8370 0:0 1386
1399 8400 21:0 1407
1406 8401 0:0 1407
1406 8402 21:0 1457
1457 8403 0:0 1473
1475 8433 21:0 1483
1482 8435 0:0 1483
1482 8434 21:0 1533
1533 8436 0:0 1549
1551 8466 21:0 1559
1558 8468 0:0 1559
1558 8467 21:0 1609
1609 8469 0:0 1625
1627 8499 21:0 1635
1634 8500 0:0 1635
1634 8501 21:0 1685
1685 8502 0:0 1701
1703 8532 21:0 1711
1710 8534 0:0 1711
1710 8533 21:0 1761
1761 8535 0:0 1777
1779 8565 21:0 1787
1786 8566 0:0 1787
1786 8567 21:0 1837
1837 8568 0:0 1853
1855 8598 21:0 1863
1862 8600 0:0 1863
1862 8599 21:0 1913
1913 8601 0:0 1929
1931 8631 21:0 1939
1938 8632 0:0 1939
1938 8633 21:0 1989
1989 8634 0:0 2005
2007 8664 21:0 2015
2014 8666 0:0 2015
2014 8665 21:0 2065
2065 8667 0:0 2081
2083 8697 21:0 2091
2090 8699 0:0 2091
2090 8698 21:0 2141
2141 8700 0:0 2157
2159 8730 21:0 2167
2166 8731 0:0 2167
2166 8732 21:0 2217
2217 8733 0:0 2233
2235 8763 21:0 2243
2242 8764 0:0 2243
2242 8765 21:0 2293
2293 8766 0:0 2309
2311 8796 21:0 2319
2318 8798 0:0 2319
2318 8797 21:0 2369
2369 8799 0:0 2385
2387 8829 21:0 2395
2394 8831 0:0 2395
2394 8830 21:0 2445
2445 8832 0:0 2461
2463 8862 21:0 2471
2470 8864 21:0 2477
2484 8270 1:0 2719
2485 8236 1:0 2848
2493 8235 1:0 2847
2493 8202 1:0 2969
2499 8203 1:0 2970
2606 8171 1:0 3085
2607 8169 1:0 3091
2615 8170 1:0 3092
2615 8168 1:0 3101
2625 8138 1:0 3207
2728 8136 1:0 3213
2729 8135 1:0 3223
2737 8102 1:0 3345
2737 8072 1:0 3451
2747 8070 1:0 3457
2850 8038 1:0 3580
2851 8036 1:0 3589
2859 8006 1:0 3695
2859 8005 1:0 3702
2869 8004 1:0 3701
2972 8003 1:0 3711
2973 7973 1:0 3817
2981 7971 1:0 3823
2981 7938 1:0 3945
2991 7939 1:0 3946
3094 7937 1:0 3955
3095 7907 1:0 4061
3103 7906 1:0 4068
3103 7874 1:0 4183
3113 7872 1:0 4189
3216 7841 1:0 4305
3217 7839 1:0 4311
3225 7840 1:0 4312
4493 9809 21:0 4501
4500 9811 0:0 4501
4500 9810 21:0 4551
4551 9812 0:0 4567
4569 9842 21:0 4577
4576 9843 0:0 4577
4576 9844 21:0 4627
4627 9845 0:0 4643
4645 9875 21:0 4653
4652 9877 0:0 4653
4652 9876 21:0 4703
4703 9878 0:0 4719
4721 9908 21:0 4729
4728 9909 0:0 4729
4728 9910 21:0 4779
4779 9911 0:0 4795
4797 9941 21:0 4805
4804 9943 0:0 4805
4804 9942 21:0 4855
4855 9944 0:0 4871
4873 9974 21:0 4881
4880 9976 0:0 4881
4880 9975 21:0 4931
4931 9977 0:0 4947
4949 10007 21:0 4957
4956 10009 0:0 4957
4956 10008 21:0 5007
5007 10010 0:0 5023
5025 10040 21:0 5033
5032 10042 0:0 5033
5032 10041 21:0 5083
5083 10043 0:0 5099
5101 10073 21:0 5109
5108 10074 0:0 5109
5108 10075 21:0 5159
5159 10076 0:0 5175
5177 10106 21:0 5185
5184 10107 0:0 5185
5184 10108 21:0 5235
5235 10109 0:0 5251
5253 10139 21:0 5261
5260 10141 0:0 5261
5260 10140 21:0 5311
5311 10142 0:0 5327
5311 10158 21:0 5327
5329 10172 21:0 5337
5336 10174 0:0 5337
5336 10173 0:0 5337
5337 10175 21:0 5403
5405 10205 21:0 5413
5412 10207 0:0 5413
5412 10206 21:0 5463
5463 10208 0:0 5479
5481 10238 21:0 5489
5488 10239 0:0 5489
5488 10240 21:0 5539
5539 10241 0:0 5555
5557 10271 21:0 5565
5564 10273 0:0 5565
5564 10272 21:0 5615
5615 10274 0:0 5631
5633 10304 21:0 5641
5640 10305 21:0 5647
5642 8864 1:0 5653
5646 10307 21:0 5650
5655 8862 1:0 5663
5656 8832 1:0 5776
5665 8830 1:0 5783
5665 8831 1:0 5784
5671 8829 1:0 5794
5675 8799 1:0 5907
5704 8797 1:0 5914
5786 8798 1:0 5915
5787 8796 1:0 5925
5796 8766 1:0 6038
5796 8765 1:0 6046
5802 8764 1:0 6045
5807 8763 1:0 6056
5835 8733 1:0 6169
5917 8732 1:0 6177
5918 8731 1:0 6176
5927 8730 1:0 6187
5927 8700 1:0 6300
5933 8698 1:0 6307
5953 8699 1:0 6308
5966 8697 1:0 6318
6048 8667 1:0 6431
6049 8665 1:0 6438
6058 8666 1:0 6439
6058 8664 1:0 6449
6066 8634 1:0 6562
6084 8633 1:0 6570
6179 8632 1:0 6569
6180 8631 1:0 6580
6180 8601 1:0 6693
6189 8599 1:0 6700
6189 8600 1:0 6701
6197 8598 1:0 6711
6216 8568 1:0 6824
6310 8567 1:0 6832
6311 8566 1:0 6831
6320 8565 1:0 6842
6320 8535 1:0 6955
6326 8533 1:0 6962
6330 8534 1:0 6963
6347 8532 1:0 6973
6441 8502 1:0 7086
6442 8501 1:0 7094
6451 8500 1:0 7093
6451 8499 1:0 7104
6457 8469 1:0 7217
6461 8467 1:0 7224
6490 8468 1:0 7225
6572 8466 1:0 7235
6573 8436 1:0 7348
6582 8434 1:0 7355
6582 8435 1:0 7356
6588 8433 1:0 7366
6593 8403 1:0 7479
6621 8402 1:0 7487
6703 8401 1:0 7486
6704 8400 1:0 7497
6713 8370 1:0 7610
6713 8369 1:0 7618
6719 8368 1:0 7617
6724 8367 1:0 7628
6752 10307 1:0 8960
7808 11251 21:0 7816
7815 11252 0:0 7816
7815 11253 0:0 7816
7816 11254 21:0 7882
7884 11284 0:0 7887
7889 11286 21:0 7906
7891 11285 0:0 7892
7906 11287 0:0 7943
7960 11317 21:0 7968
7967 11319 0:0 7968
7967 11318 0:0 7968
7968 11320 21:0 8034
8036 11350 21:0 8044
8043 11351 0:0 8044
8043 11352 21:0 8094
8094 11353 0:0 8110
8112 11383 21:0 8120
8119 11384 0:0 8120
8119 11385 21:0 8170
8170 11386 0:0 8186
8188 11416 21:0 8196
8195 11418 0:0 8196
8195 11417 21:0 8246
8246 11419 0:0 8262
8264 11449 0:0 8267
8269 11451 21:0 8286
8271 11450 0:0 8272
8286 11452 0:0 8322
8340 11482 21:0 8348
8347 11483 0:0 8348
8347 11484 21:0 8398
8398 11485 0:0 8414
8416 11515 0:0 8419
8421 11516 21:0 8438
8423 11517 0:0 8424
8438 11518 0:0 8474
8492 11548 21:0 8500
8499 11550 0:0 8500
8499 11549 21:0 8550
8550 11551 0:0 8566
8568 11581 0:0 8571
8573 11583 21:0 8590
8575 11582 0:0 8576
8590 11584 0:0 8626
8644 11614 21:0 8652
8651 11616 0:0 8652
8651 11615 21:0 8702
8702 11617 0:0 8718
8720 11647 21:0 8728
8727 11648 0:0 8728
8727 11649 21:0 8778
8778 11650 0:0 8794
8796 11680 21:0 8804
8803 11681 0:0 8804
8803 11682 21:0 8854
8854 11683 0:0 8870
8872 11713 21:0 8880
8879 11714 0:0 8880
8879 11715 21:0 8930
8930 11716 0:0 8946
8948 11746 21:0 8956
8955 11747 21:0 8962
8957 10305 1:0 8967
8961 11749 21:0 8965
8970 10304 1:0 8978
8971 10274 1:0 9091
8980 10272 1:0 9098
8980 10273 1:0 9099
8986 10271 1:0 9109
8990 10241 1:0 9222
9019 10240 1:0 9230
9101 10239 1:0 9229
9102 10238 1:0 9240
9111 10208 1:0 9353
9111 10206 1:0 9360
9117 10207 1:0 9361
9122 10205 1:0 9371
9150 10175 1:0 9484
9232 10173 1:0 9491
9233 10174 1:0 9492
9233 10158 1:0 9541
9242 10172 1:0 9502
9242 10142 1:0 9615
9250 10140 1:0 9622
9269 10141 1:0 9623
9363 10139 1:0 9633
9364 10109 1:0 9746
9373 10107 1:0 9753
9373 10108 1:0 9754
9379 10106 1:0 9764
9383 10076 1:0 9877
9400 10075 1:0 9885
9494 10074 1:0 9884
9495 10073 1:0 9895
9504 10043 1:0 10008
9504 10041 1:0 10015
9510 10042 1:0 10016
9514 10040 1:0 10026
9543 10010 1:0 10139
9625 10008 1:0 10146
9626 10009 1:0 10147
9635 10007 1:0 10157
9635 9977 1:0 10270
9641 9975 1:0 10277
9646 9976 1:0 10278
9674 9974 1:0 10288
9756 9944 1:0 10401
9757 9942 1:0 10408
9766 9943 1:0 10409
9766 9941 1:0 10419
9772 9911 1:0 10532
9777 9910 1:0 10540
9805 9909 1:0 10539
9887 9908 1:0 10550
9888 9878 1:0 10663
9897 9876 1:0 10670
9897 9877 1:0 10671
9903 9875 1:0 10681
9923 9845 1:0 10794
9936 9844 1:0 10802
10018 9843 1:0 10801
10019 9842 1:0 10812
10028 9812 1:0 10925
10028 9810 1:0 10932
10036 9811 1:0 10933
10054 9809 1:0 10943
10149 11749 1:0 11058
10150 11747 1:0 11065
10150 11746 1:0 11076
10159 11716 1:0 11092
10159 11715 1:0 11163
10165 5484 1:0 11163
10167 5482 1:0 11163
10170 5483 1:0 11164
10186 5487 1:0 11164
10198 5485 1:0 11164
10280 5486 1:0 11249
10280 5629 1:0 11384
10281 11714 1:0 11286
10290 11713 1:0 11297
10290 11683 1:0 11312
10296 11682 1:0 11384
10300 5631 1:0 11384
10316 5632 1:0 11385
10317 5630 1:0 11385
10329 5633 1:0 11385
10411 5634 1:0 11471
10411 5778 1:0 11605
10412 11681 1:0 11507
10421 11680 1:0 11518
10421 11650 1:0 11534
10427 11649 1:0 11605
10431 5776 1:0 11605
10447 5777 1:0 11606
10448 5921 1:0 11882
10460 5781 1:0 11606
10542 5779 1:0 11606
10542 5780 1:0 11691
10543 11648 1:0 11728
10543 5924 1:0 11823
10552 11647 1:0 11739
10552 11615 1:0 11823
10558 5923 1:0 11823
10560 5925 1:0 11902
10579 11617 1:0 11942
10591 5926 1:0 11903
10673 5927 1:0 11912
10673 5928 1:0 11913
10674 11616 1:0 11950
10683 11614 1:0 11960
10683 11583 1:0 12044
10689 6071 1:0 12044
10689 6070 1:0 12113
10709 11584 1:0 12162
10710 6072 1:0 12123
10722 6073 1:0 12124
10804 6074 1:0 12133
10804 6075 1:0 12134
10805 11582 1:0 12170
10814 11581 1:0 12181
10814 11549 1:0 12265
10820 6217 1:0 12265
10820 6218 1:0 12265
10824 6219 1:0 12344
10825 6209 1:0 12269
10853 11551 1:0 12383
10935 6220 1:0 12345
10935 6221 1:0 12354
10936 11550 1:0 12392
10936 6222 1:0 12355
10945 11548 1:0 12402
10945 11516 1:0 12486
10951 6364 1:0 12486
10953 6365 1:0 12486
10956 6366 1:0 12565
10984 11518 1:0 12604
11068 6367 1:0 12566
11068 6368 1:0 12575
11069 11517 1:0 12613
11069 6369 1:0 12576
11078 11515 1:0 12623
11078 11485 1:0 12639
11086 11484 1:0 12710
11104 6511 1:0 12710
11117 6513 1:0 12710
11158 6516 1:0 12711
11166 6512 1:0 12711
11186 6514 1:0 12711
11187 6515 1:0 12796
11247 11483 1:0 12833
11259 5486 21:0 11281
11280 5482 0:0 11281
11280 5487 0:0 11281
11280 5485 0:0 11281
11280 5484 0:0 11281
11280 5483 0:0 11281
11282 11482 1:0 12844
11282 11451 1:0 12928
11289 6659 1:0 12928
11289 6658 1:0 12997
11290 11452 1:0 13046
11290 6660 1:0 13007
11299 6661 1:0 13008
11299 6662 1:0 13017
11299 6663 1:0 13018
11305 11450 1:0 13054
11310 11449 1:0 13065
11338 11417 1:0 13149
11379 6805 1:0 13150
11392 6806 1:0 13219
11409 11419 1:0 13267
11458 6807 1:0 13228
11468 6808 1:0 13229
11477 5634 21:0 11502
11478 6809 1:0 13238
11500 5630 0:0 11502
11500 5632 0:0 11502
11500 5631 0:0 11502
11500 5633 0:0 11502
11500 5629 0:0 11502
11503 11418 1:0 13276
11503 6810 1:0 13239
11510 11416 1:0 13286
11511 11385 1:0 13370
11511 6945 1:0 13374
11511 6950 1:0 13429
11520 11386 1:0 13488
11520 6953 1:0 13370
11520 6952 1:0 13439
11526 6954 1:0 13449
11528 6955 1:0 13450
11531 6956 1:0 13459
11547 6957 1:0 13460
11600 11384 1:0 13496
11629 11383 1:0 13507
11679 11353 1:0 13523
11699 11352 1:0 13594
11701 5780 21:0 11723
11722 5778 0:0 11723
11722 5777 0:0 11723
11722 5779 0:0 11723
11722 5776 0:0 11723
11722 5781 0:0 11723
11724 7101 1:0 13594
11724 7099 1:0 13594
11724 7104 1:0 13595
11731 7100 1:0 13595
11731 7102 1:0 13595
11732 7092 1:0 13595
11732 7103 1:0 13680
11741 11351 1:0 13717
11741 11350 1:0 13728
11747 11320 1:0 13812
11749 7247 1:0 13812
11752 7246 1:0 13812
11767 7239 1:0 13816
11768 7248 1:0 13891
11780 7249 1:0 13892
11821 7250 1:0 13901
11849 7251 1:0 13902
11900 11318 1:0 13938
11912 5925 21:0 11944
11920 11319 1:0 13939
11943 5924 0:0 11944
11943 5928 0:0 11944
11943 5927 0:0 11944
11943 5921 0:0 11944
11943 5926 0:0 11944
11943 5923 0:0 11944
11945 11317 1:0 13949
11945 11286 1:0 14033
11952 7394 1:0 14033
11952 7393 1:0 14102
11953 11287 1:0 14151
11962 7395 1:0 14112
11962 7396 1:0 14113
11962 7397 1:0 14122
11962 7398 1:0 14123
11968 11285 1:0 14159
11988 11284 1:0 14170
12042 11254 1:0 14254
12050 7541 1:0 14254
12070 7540 1:0 14254
12071 7532 1:0 14258
12071 7542 1:0 14333
12072 7779 1:0 14604
12072 7780 1:0 14605
12121 7543 1:0 14334
12123 6070 21:0 12165
12131 7544 1:0 14343
12141 7545 1:0 14344
12163 6072 0:0 12165
12164 6074 0:0 12165
12164 6071 0:0 12165
12164 6073 0:0 12165
12164 6075 0:0 12165
12166 11253 1:0 14381
12166 7687 1:0 14475
12173 11252 1:0 14380
12174 11251 1:0 14391
12183 7688 1:0 14545
12183 7689 1:0 14554
12183 7690 1:0 14555
12183 7691 1:0 14564
12189 7692 1:0 14565
12354 6219 21:0 12386
12384 6221 0:0 12386
12385 6222 0:0 12386
12385 6220 0:0 12386
12385 6209 0:0 12386
12385 6218 0:0 12386
12385 6217 0:0 12386
12575 6366 21:0 12607
12605 6368 0:0 12607
12606 6364 0:0 12607
12606 6367 0:0 12607
12606 6369 0:0 12607
12606 6365 0:0 12607
12806 6515 21:0 12828
12827 6516 0:0 12828
12827 6513 0:0 12828
12827 6511 0:0 12828
12827 6512 0:0 12828
12827 6514 0:0 12828
13007 6658 21:0 13049
13047 6660 0:0 13049
13048 6662 0:0 13049
13048 6659 0:0 13049
13048 6661 0:0 13049
13048 6663 0:0 13049
13225 6806 21:0 13270
13268 6807 0:0 13270
13269 6809 0:0 13270
13269 6810 0:0 13270
13269 6805 0:0 13270
13269 6808 0:0 13270
13449 6952 21:0 13491
13489 6954 0:0 13491
13490 6955 0:0 13491
13490 6945 0:0 13491
13490 6957 0:0 13491
13490 6950 0:0 13491
13490 6956 0:0 13491
13490 6953 0:0 13491
13690 7103 21:0 13712
13711 7101 0:0 13712
13711 7100 0:0 13712
13711 7102 0:0 13712
13711 7092 0:0 13712
13711 7099 0:0 13712
13711 7104 0:0 13712
13901 7248 21:0 13933
13931 7249 0:0 13933
13932 7247 0:0 13933
13932 7246 0:0 13933
13932 7239 0:0 13933
13932 7251 0:0 13933
13932 7250 0:0 13933
14112 7393 21:0 14154
14152 7397 0:0 14154
14153 7398 0:0 14154
14153 7394 0:0 14154
14153 7395 0:0 14154
14153 7396 0:0 14154
14343 7542 21:0 14375
14373 7543 0:0 14375
14374 7545 0:0 14375
14374 7540 0:0 14375
14374 7532 0:0 14375
14374 7544 0:0 14375
14374 7541 0:0 14375
14551 7688 21:0 52
