126 13844 0:0 130
126 13753 0:0 151
126 13754 0:0 151
126 13755 0:0 151
126 13750 0:0 151
129 13752 0:0 151
150 13751 0:0 154
1373 14457 21:0 1383
3350 298 21:0 3390
6709 299 21:0 6749
18063 299 1:0 3352
18063 304 1:0 20147
20213 22775 21:0 20221
20220 22777 0:0 20221
20220 22776 21:0 20287
20222 22777 1:0 23385
20285 22778 0:0 20287
20288 22778 1:0 23377
20288 22776 1:0 23384
20289 22808 21:0 20297
20296 22810 0:0 20297
20296 22809 21:0 20363
20298 22810 1:0 23254
20298 22808 1:0 23264
20361 22811 0:0 20363
20364 22811 1:0 23246
20364 22809 1:0 23253
20365 22841 21:0 20373
20374 22841 1:0 23133
20449 22877 21:0 20515
20516 22877 1:0 22984
21422 22775 1:0 23395
21423 11546 1:0 24953
23504 304 21:0 23544
23656 24282 21:0 23722
24791 11545 1:0 24887
24791 11548 1:0 24887
24792 11549 1:0 24887
24792 11547 1:0 24887
24801 11550 1:0 24887
24801 11697 1:0 25108
24801 11692 1:0 25109
24801 11695 1:0 25184
24807 11696 1:0 25108
24809 11693 1:0 25108
24812 11694 1:0 25108
24827 11841 1:0 25328
24828 11832 1:0 25355
24840 11839 1:0 25394
24881 11840 1:0 25395
24894 11842 1:0 25405
24909 11838 1:0 25385
24909 11985 1:0 25550
24910 11843 1:0 25414
24959 11546 21:0 25004
24960 11844 1:0 25415
24970 11990 1:0 25635
24980 11987 1:0 25550
25002 11549 0:0 25004
25002 11547 0:0 25004
25002 11545 0:0 25004
25003 11548 0:0 25004
25003 11550 0:0 25004
25005 11989 1:0 25550
25005 11991 1:0 25551
25005 11988 1:0 25551
25012 11986 1:0 25551
25012 12137 1:0 25856
25013 12134 1:0 25771
25013 12136 1:0 25771
25013 12135 1:0 25772
25022 12138 1:0 25771
25022 12131 1:0 25772
25022 12133 1:0 25772
25022 12282 1:0 25991
25022 12272 1:0 26017
25022 12273 1:0 26018
25028 12280 1:0 26057
25030 12281 1:0 26058
25033 12283 1:0 26068
25048 12278 1:0 26047
25048 12279 1:0 26048
25061 12284 1:0 26077
25102 12285 1:0 26078
25110 12430 1:0 26244
25130 12432 1:0 26244
25131 12427 1:0 26244
25131 12426 1:0 26269
25132 12419 1:0 26238
25181 12429 1:0 26244
25190 11695 21:0 25225
25191 12431 1:0 26244
25201 12428 1:0 26244
25223 11693 0:0 25225
25223 11694 0:0 25225
25223 11692 0:0 25225
25223 11696 0:0 25225
25224 11697 0:0 25225
25226 12420 1:0 26239
25226 12425 1:0 26244
25226 12579 1:0 26433
25226 12567 1:0 26460
25226 12574 1:0 26499
25233 12566 1:0 26459
25233 12572 1:0 26489
25233 12573 1:0 26490
25233 12575 1:0 26500
25233 12714 1:0 26681
25234 12576 1:0 26509
25234 12577 1:0 26510
25234 12713 1:0 26680
25243 12578 1:0 26519
25243 12724 1:0 26654
25243 12721 1:0 26720
25243 12722 1:0 26721
25249 12719 1:0 26710
25249 12720 1:0 26711
25249 12723 1:0 26730
25253 12725 1:0 26740
25269 12726 1:0 26741
25282 12872 1:0 26907
25323 12870 1:0 26907
25331 12871 1:0 26907
25351 12869 1:0 26907
25352 12873 1:0 26907
25352 12867 1:0 26932
25353 12860 1:0 26901
25361 11832 21:0 25418
25402 12868 1:0 26907
25412 12861 1:0 26902
25412 12866 1:0 26907
25417 11838 0:0 25427
25417 11841 21:0 25446
25418 11839 0:0 25446
25422 13016 1:0 27131
25424 13017 1:0 27131
25444 11840 0:0 25446
25445 11844 0:0 25446
25445 11843 0:0 25446
25445 11842 0:0 25446
25447 13020 1:0 27131
25447 13015 1:0 27131
25447 13019 1:0 27131
25454 13007 1:0 27122
25454 13008 1:0 27123
25454 13018 1:0 27131
25454 13014 1:0 27153
25455 13013 1:0 27131
25455 13155 1:0 27344
25455 13162 1:0 27383
25455 13163 1:0 27384
25464 13154 1:0 27343
25464 13160 1:0 27373
25464 13161 1:0 27374
25464 13164 1:0 27393
25464 13165 1:0 27394
25464 13166 1:0 27403
25470 13167 1:0 27404
25470 13301 1:0 27564
25470 13308 1:0 27595
25474 13309 1:0 27604
25490 13310 1:0 27605
25491 13302 1:0 27565
25491 13307 1:0 27594
25503 13311 1:0 27614
25544 13312 1:0 27615
25557 13313 1:0 27624
25572 13454 1:0 27815
25573 13314 1:0 27625
25612 11985 0:0 25621
25623 24282 1:0 27759
25633 13456 1:0 27825
25643 13457 1:0 27826
25645 11990 21:0 25667
25666 11991 0:0 25667
25666 11986 0:0 25667
25666 11988 0:0 25667
25666 11987 0:0 25667
25666 11989 0:0 25667
25668 13448 1:0 27785
25668 13449 1:0 27786
25668 13455 1:0 27816
25668 13458 1:0 27835
25668 13459 1:0 27836
25675 13460 1:0 27845
25675 13461 1:0 27846
25676 13595 1:0 28006
25676 13605 1:0 28015
25676 13603 1:0 28015
25676 13602 1:0 28037
25685 14457 1:0 28201
25685 13596 1:0 28007
25685 13607 1:0 28015
25685 13601 1:0 28015
25685 13606 1:0 28015
25685 13604 1:0 28015
25691 298 1:0 28191
25691 13608 1:0 28067
25693 13742 1:0 28227
25693 13749 1:0 28258
25696 13752 1:0 28233
25712 13750 1:0 28233
25724 13753 1:0 28233
25765 13751 1:0 28233
25773 13743 1:0 28228
25778 13748 1:0 28233
25793 13754 1:0 28287
25794 13844 1:0 28292
25794 13755 1:0 28288
25795 13845 1:0 28329
25844 12131 0:0 25853
25866 12137 21:0 25888
25887 12134 0:0 25888
25887 12135 0:0 25888
25887 12136 0:0 25888
25887 12138 0:0 25888
25887 12133 0:0 25888
26024 12273 21:0 26081
26080 12279 0:0 26090
26080 12282 21:0 26109
26081 12272 0:0 26096
26081 12278 0:0 26096
26108 12280 0:0 26109
26108 12283 0:0 26109
26108 12284 0:0 26109
26108 12281 0:0 26109
26108 12285 0:0 26109
26245 12420 0:0 26270
26248 12419 0:0 26274
26275 12426 21:0 26322
26321 12430 0:0 26330
26321 12432 0:0 26330
26322 12425 0:0 26330
26322 12429 0:0 26330
26329 12431 0:0 26330
26329 12427 0:0 26330
26329 12428 0:0 26330
26466 12567 21:0 26523
26522 12573 0:0 26532
26523 12572 0:0 26538
26523 12566 0:0 26538
26526 12579 21:0 26551
26549 12577 0:0 26551
26550 12574 0:0 26551
26550 12575 0:0 26551
26550 12578 0:0 26551
26550 12576 0:0 26551
26687 12714 21:0 26744
26743 12720 0:0 26753
26743 12724 21:0 26772
26744 12713 0:0 26759
26744 12719 0:0 26759
26771 12722 0:0 26772
26771 12725 0:0 26772
26771 12721 0:0 26772
26771 12726 0:0 26772
26771 12723 0:0 26772
26908 12861 0:0 26932
26911 12860 0:0 26937
26938 12867 21:0 26985
26984 12869 0:0 26993
26985 12866 0:0 26993
26985 12870 0:0 26993
26985 12868 0:0 26993
26992 12873 0:0 26993
26992 12871 0:0 26993
26992 12872 0:0 26993
27132 13007 0:0 27158
27159 13014 21:0 27206
27205 13018 0:0 27214
27205 13020 0:0 27214
27205 13016 0:0 27214
27206 13008 0:0 27214
27206 13013 0:0 27214
27213 13015 0:0 27214
27213 13019 0:0 27214
27213 13017 0:0 27214
27350 13155 21:0 27407
27406 13154 0:0 27416
27406 13161 0:0 27416
27406 13163 0:0 27435
27407 13160 0:0 27422
27414 13162 0:0 27435
27434 13165 0:0 27435
27434 13166 0:0 27435
27434 13167 0:0 27435
27434 13164 0:0 27435
27601 13308 21:0 27647
27646 13302 0:0 27656
27646 13307 0:0 27656
27646 13311 0:0 27656
27646 13309 0:0 27656
27646 13301 0:0 27656
27655 13313 0:0 27656
27655 13312 0:0 27656
27655 13314 0:0 27656
27655 13310 0:0 27656
27825 13454 21:0 27877
27875 13460 0:0 27877
27875 13456 0:0 27877
27876 13457 0:0 27877
27876 13449 0:0 27877
27876 13461 0:0 27877
27876 13455 0:0 27877
27876 13459 0:0 27877
27876 13458 0:0 27877
27876 13448 0:0 27877
28016 13595 0:0 28042
28043 13602 21:0 28090
28089 13606 0:0 28098
28090 13607 0:0 28098
28090 13605 0:0 28098
28090 13596 0:0 28098
28090 13601 0:0 28098
28097 13604 0:0 28098
28097 13603 0:0 28098
28097 13608 0:0 28098
28234 13743 0:0 28259
28264 13749 21:0 28311
28311 13748 0:0 28321
28311 13742 0:0 28321
28335 13845 21:0 126
