157 28654 0:0 159
157 28652 0:0 159
158 28744 0:0 159
158 28643 0:0 159
158 28649 0:0 159
158 349 0:0 159
158 28642 0:0 159
158 28648 0:0 159
158 28745 0:0 159
158 28655 0:0 159
158 28653 0:0 159
158 28651 0:0 159
213 28849 0:0 216
218 28850 21:0 239
220 28851 0:0 221
239 28852 0:0 276
289 28882 21:0 297
294 28883 0:0 297
294 28884 0:0 297
297 28885 21:0 363
365 28915 21:0 373
372 28916 0:0 373
372 28917 21:0 423
423 28918 0:0 439
441 28948 0:0 444
446 28950 21:0 467
448 28949 0:0 449
467 28951 0:0 504
517 28981 21:0 525
524 28982 0:0 525
524 28983 21:0 575
575 28984 0:0 591
593 29014 0:0 596
598 29016 21:0 615
600 29015 0:0 601
615 29017 0:0 651
669 29047 0:0 672
674 29048 21:0 695
676 29049 0:0 677
695 29050 0:0 732
745 29080 21:0 753
752 29082 0:0 753
752 29081 0:0 753
753 29083 21:0 819
821 29113 21:0 829
826 29114 0:0 829
828 29115 0:0 829
829 29116 21:0 895
897 29146 21:0 905
904 29148 0:0 905
904 29147 0:0 905
905 29149 21:0 971
973 29179 0:0 976
978 29180 21:0 995
980 29181 0:0 981
995 29182 0:0 1031
1049 29212 0:0 1052
1054 29213 21:0 1071
1056 29214 0:0 1057
1071 29215 0:0 1107
1125 29245 0:0 1128
1130 29246 21:0 1151
1132 29247 0:0 1133
1151 29248 0:0 1188
1201 29278 21:0 1209
1208 29279 0:0 1209
1208 29280 21:0 1259
1282 29313 21:0 1303
1533 29423 21:0 1543
1571 29313 1:0 1935
1572 29279 1:0 2056
1572 29280 1:0 2057
1580 29278 1:0 2066
1580 29248 1:0 2172
1590 29246 1:0 2178
1693 29247 1:0 2179
1694 29245 1:0 2188
1694 29215 1:0 2294
1702 29213 1:0 2300
1708 29214 1:0 2301
1726 29212 1:0 2310
1815 29182 1:0 2416
1816 29180 1:0 2422
1824 29181 1:0 2423
1824 29179 1:0 2432
1830 29149 1:0 2538
1937 29148 1:0 2545
1938 29147 1:0 2544
1938 29146 1:0 2554
1946 29116 1:0 2660
1952 29115 1:0 2667
1955 29625 21:0 1977
1970 29114 1:0 2666
2059 29113 1:0 2676
2060 29083 1:0 2782
2060 29082 1:0 2789
2068 29081 1:0 2788
2074 29080 1:0 2798
2092 29050 1:0 2904
2181 29048 1:0 2910
2182 29049 1:0 2911
2190 29047 1:0 2920
2190 29017 1:0 3026
2196 29016 1:0 3033
2303 29015 1:0 3032
2304 29014 1:0 3042
2304 28984 1:0 3148
2312 28982 1:0 3154
2312 28983 1:0 3155
2322 28981 1:0 3164
2425 28951 1:0 3270
2426 28950 1:0 3277
2434 28949 1:0 3276
2434 28948 1:0 3286
2440 28918 1:0 3392
2547 28917 1:0 3399
2548 28916 1:0 3398
2548 28915 1:0 3408
2556 28885 1:0 3514
2556 28883 1:0 3520
2566 28884 1:0 3521
2669 28882 1:0 3530
2670 28852 1:0 3636
2670 28850 1:0 3642
2678 28851 1:0 3643
2678 335 1:0 3756
2678 26149 1:0 58112
2684 28849 1:0 3652
3754 334 21:0 3772
3822 30500 21:0 3830
3829 30501 0:0 3830
3829 30502 21:0 3880
3880 30519 21:0 3896
3880 30503 0:0 3896
3898 30533 0:0 3901
3903 30535 21:0 3924
3905 30534 0:0 3906
3924 30536 0:0 3961
3974 30566 21:0 3982
3979 30567 0:0 3982
3981 30568 0:0 3982
3982 30569 21:0 4048
4050 30599 0:0 4053
4055 30600 21:0 4072
4057 30601 0:0 4058
4070 67 0:0 4072
4072 30602 0:0 4108
4126 30632 0:0 4129
4131 30634 21:0 4148
4133 30633 0:0 4134
4148 30635 0:0 4184
4202 30665 21:0 4210
4209 30667 0:0 4210
4209 30666 21:0 4260
4260 30668 0:0 4276
4278 30698 21:0 4286
4285 30699 0:0 4286
4285 30697 0:0 4286
4285 30700 21:0 4336
4336 30701 0:0 4352
4354 30731 0:0 4357
4359 30733 21:0 4380
4360 141 0:0 4362
4361 30732 0:0 4362
4380 30734 0:0 4417
4430 30764 0:0 4433
4435 30765 21:0 4452
4437 30766 0:0 4438
4452 30767 0:0 4488
4506 30797 21:0 4514
4513 30798 0:0 4514
4513 30799 21:0 4564
4564 30800 0:0 4580
4582 30830 21:0 4590
4589 195 0:0 4590
4589 30831 0:0 4590
4589 30832 21:0 4640
4640 30833 0:0 4656
4658 30863 0:0 4661
4663 30864 21:0 4684
4665 30865 0:0 4666
4684 30866 0:0 4721
4716 30879 21:0 4732
4734 30896 21:0 4742
4741 30897 0:0 4742
4741 30898 21:0 4792
4792 30899 0:0 4808
4810 30929 0:0 4813
4815 30930 21:0 4832
4817 30931 0:0 4818
4830 247 0:0 4832
4832 30932 0:0 4868
4886 30962 21:0 4894
4887 263 0:0 4889
4893 30963 0:0 4894
4893 30964 21:0 4944
4944 30965 0:0 4960
4962 30995 21:0 4970
4969 30997 0:0 4970
4969 30996 21:0 5020
5020 30998 0:0 5036
5038 31028 21:0 5046
5045 31029 0:0 5046
5045 31030 21:0 5096
5096 31031 0:0 5112
5114 31061 21:0 5122
5121 31063 0:0 5122
5121 31062 0:0 5122
5123 31062 1:0 5180
5123 31063 1:0 5181
5142 31074 21:0 5152
5183 31061 1:0 5191
5184 31031 1:0 5304
5193 31029 1:0 5311
5193 31030 1:0 5312
5199 31028 1:0 5322
5219 30998 1:0 5435
5314 30996 1:0 5442
5315 30997 1:0 5443
5315 30995 1:0 5453
5324 30965 1:0 5566
5324 30964 1:0 5574
5332 30963 1:0 5573
5363 30962 1:0 5584
5445 263 1:0 5588
5445 29625 1:0 5593
5446 30932 1:0 5697
5446 30930 1:0 5704
5455 247 1:0 5699
5455 30931 1:0 5705
5461 30929 1:0 5715
5466 30899 1:0 5828
5481 30879 1:0 5885
5576 30898 1:0 5836
5577 30897 1:0 5835
5577 30896 1:0 5846
5586 30866 1:0 5959
5586 30864 1:0 5966
5594 30865 1:0 5967
5625 30863 1:0 5977
5707 30833 1:0 6090
5708 30832 1:0 6098
5708 195 1:0 6103
5717 30831 1:0 6097
5717 30830 1:0 6108
5723 30800 1:0 6221
5744 30799 1:0 6229
5838 30798 1:0 6228
5839 30797 1:0 6239
5848 30767 1:0 6352
5848 30765 1:0 6359
5854 30766 1:0 6360
5859 30764 1:0 6370
5874 141 1:0 6496
5967 29789 21:0 5972
5969 30734 1:0 6483
5970 30732 1:0 6490
5970 30733 1:0 6491
5979 30731 1:0 6501
5979 30701 1:0 6614
5985 30700 1:0 6622
6006 30699 1:0 6621
6018 30697 1:0 6625
6100 30698 1:0 6632
6101 30668 1:0 6745
6110 30666 1:0 6752
6110 30667 1:0 6753
6116 30665 1:0 6763
6136 30635 1:0 6876
6231 30634 1:0 6884
6232 30633 1:0 6883
6232 30632 1:0 6894
6241 30602 1:0 7007
6241 30600 1:0 7014
6247 67 1:0 7009
6252 30601 1:0 7015
6362 30599 1:0 7025
6363 30569 1:0 7138
6363 30567 1:0 7145
6372 30568 1:0 7146
6372 30566 1:0 7156
6378 30536 1:0 7269
6399 30535 1:0 7277
6411 30519 1:0 7326
6493 30534 1:0 7276
6494 30533 1:0 7287
6503 30503 1:0 7400
6503 30502 1:0 7408
6509 30501 1:0 7407
6529 30500 1:0 7418
6530 336 1:0 7529
7167 30309 21:0 7191
7288 30363 21:0 7291
7527 335 21:0 7545
7595 32151 21:0 7603
7602 32153 0:0 7603
7602 32152 21:0 7653
7615 13 0:0 7617
7653 32154 0:0 7669
7671 32184 21:0 7679
7678 32183 0:0 7679
7678 32185 0:0 7679
7678 32186 21:0 7729
7729 32187 0:0 7745
7747 32217 0:0 7750
7752 32218 21:0 7773
7754 32219 0:0 7755
7773 32220 0:0 7810
7823 32250 0:0 7826
7828 32252 21:0 7845
7830 32251 0:0 7831
7845 32253 0:0 7881
7899 32283 0:0 7902
7904 32285 21:0 7921
7906 32284 0:0 7907
7921 32286 0:0 7957
7975 32316 21:0 7983
7982 32318 0:0 7983
7982 32317 21:0 8033
8033 32319 0:0 8049
8051 32349 0:0 8054
8056 32350 21:0 8077
8058 32351 0:0 8059
8071 32341 0:0 8073
8077 32352 0:0 8114
8127 32382 0:0 8130
8132 32383 21:0 8153
8134 32384 0:0 8135
8153 32385 0:0 8190
8203 32415 21:0 8211
8210 32417 0:0 8211
8210 32416 21:0 8261
8261 32418 0:0 8277
8279 32448 0:0 8282
8284 32450 21:0 8301
8286 32449 0:0 8287
8301 32451 0:0 8337
8355 32481 0:0 8358
8360 32482 21:0 8377
8362 32483 0:0 8363
8377 32484 0:0 8413
8431 32514 21:0 8439
8432 209 0:0 8434
8438 32516 0:0 8439
8438 32515 21:0 8489
8451 211 0:0 8453
8489 32517 0:0 8505
8507 32547 21:0 8515
8514 32549 0:0 8515
8514 32548 0:0 8515
8515 32550 21:0 8581
8583 32580 21:0 8591
8590 32581 0:0 8591
8590 32582 21:0 8641
8641 32583 0:0 8657
8659 32613 21:0 8667
8666 32614 0:0 8667
8666 32615 21:0 8717
8717 32616 0:0 8733
8717 32632 21:0 8733
8735 32646 21:0 8743
8742 32647 0:0 8743
8742 32648 21:0 8793
8793 32649 0:0 8809
8811 32679 21:0 8819
8818 32681 0:0 8819
8818 32680 21:0 8869
8869 32682 0:0 8885
8887 32712 21:0 8895
8894 32713 0:0 8895
8894 32714 0:0 8895
8896 32713 1:0 8953
8896 32714 1:0 8954
8915 32725 21:0 8925
8956 32712 1:0 8964
8957 32682 1:0 9077
8966 32680 1:0 9084
8966 32681 1:0 9085
8972 32679 1:0 9095
8992 32649 1:0 9208
9087 32648 1:0 9216
9088 32647 1:0 9215
9088 32646 1:0 9226
9097 32632 1:0 9265
9097 32616 1:0 9339
9103 32615 1:0 9347
9108 32614 1:0 9346
9218 32613 1:0 9357
9219 32583 1:0 9470
9219 32582 1:0 9478
9228 32581 1:0 9477
9228 32580 1:0 9488
9234 32550 1:0 9601
9255 32549 1:0 9609
9267 211 1:0 9734
9349 32548 1:0 9608
9350 32547 1:0 9619
9350 29789 1:0 9738
9359 32517 1:0 9732
9359 32515 1:0 9739
9365 32516 1:0 9740
9386 32514 1:0 9750
9398 209 1:0 9754
9480 32484 1:0 9863
9481 32482 1:0 9870
9490 32483 1:0 9871
9490 32481 1:0 9881
9496 32451 1:0 9994
9516 32450 1:0 10002
9611 32449 1:0 10001
9612 32448 1:0 10012
9612 32418 1:0 10125
9621 32416 1:0 10132
9621 32417 1:0 10133
9629 32415 1:0 10143
9660 32385 1:0 10256
9742 32383 1:0 10263
9743 32384 1:0 10264
9752 32382 1:0 10274
9752 32352 1:0 10387
9758 32350 1:0 10394
9778 32351 1:0 10395
9779 32341 1:0 10420
9873 32349 1:0 10405
9874 32319 1:0 10518
9883 32317 1:0 10525
9883 32318 1:0 10526
9889 32316 1:0 10536
9894 32286 1:0 10649
10004 32285 1:0 10657
10005 32284 1:0 10656
10005 32283 1:0 10667
10014 32253 1:0 10780
10014 32252 1:0 10788
10020 32251 1:0 10787
10041 32250 1:0 10798
10053 30309 1:0 10938
10135 32220 1:0 10911
10136 32218 1:0 10918
10145 32219 1:0 10919
10145 32217 1:0 10929
10151 32187 1:0 11042
10171 32186 1:0 11050
10172 32183 1:0 11053
10184 30363 1:0 11059
10266 32185 1:0 11049
10267 32184 1:0 11060
10267 13 1:0 11175
10276 32154 1:0 11173
10276 32152 1:0 11180
10282 32153 1:0 11181
10303 32151 1:0 11191
10315 337 1:0 11302
10678 30195 21:0 10702
11300 336 21:0 11318
11368 33802 0:0 11371
11373 33804 21:0 11394
11375 33803 0:0 11376
11394 33805 0:0 11431
11444 33835 21:0 11452
11451 33837 0:0 11452
11451 33836 0:0 11452
11452 33838 21:0 11518
11464 31 0:0 11466
11520 33868 21:0 11528
11525 33870 0:0 11528
11527 33869 0:0 11528
11528 33871 21:0 11594
11596 33901 21:0 11604
11603 33902 0:0 11604
11603 33903 21:0 11654
11654 33904 0:0 11670
11672 33934 0:0 11675
11677 33935 21:0 11694
11679 33936 0:0 11680
11694 33937 0:0 11730
11730 33952 21:0 11746
11746 101 21:0 11751
11748 33967 0:0 11751
11753 33968 21:0 11770
11755 33969 0:0 11756
11770 33970 0:0 11806
11824 34000 21:0 11832
11831 34001 0:0 11832
11831 34002 21:0 11882
11882 34003 0:0 11898
11882 34016 21:0 11898
11900 34033 21:0 11908
11907 34035 0:0 11908
11907 34034 21:0 11958
11958 34036 0:0 11974
11976 34066 21:0 11984
11981 34067 0:0 11984
11983 34068 0:0 11984
11984 34069 21:0 12050
12052 34099 21:0 12060
12053 173 0:0 12055
12059 34100 0:0 12060
12059 34101 21:0 12110
12072 34091 0:0 12074
12110 34117 21:0 12126
12110 34102 0:0 12126
12128 34132 21:0 12136
12135 34134 0:0 12136
12135 34133 0:0 12136
12136 34135 21:0 12202
12204 34165 0:0 12207
12209 34167 21:0 12230
12211 34166 0:0 12212
12230 34168 0:0 12267
12280 34198 21:0 12288
12287 34200 0:0 12288
12287 34199 21:0 12338
12300 34190 0:0 12302
12338 34201 0:0 12354
12356 34231 0:0 12359
12361 34233 21:0 12378
12363 34232 0:0 12364
12378 34234 0:0 12414
12432 34264 21:0 12440
12439 34266 0:0 12440
12439 34265 21:0 12490
12490 34267 0:0 12506
12508 34297 21:0 12516
12515 34298 0:0 12516
12515 34299 21:0 12566
12566 34300 0:0 12582
12584 34330 21:0 12592
12591 34331 0:0 12592
12591 34332 21:0 12642
12642 34333 0:0 12658
12660 34363 21:0 12668
12667 34364 0:0 12668
12667 34365 0:0 12668
12669 34364 1:0 12726
12669 34365 1:0 12727
12688 34376 21:0 12698
12729 34363 1:0 12737
12730 34333 1:0 12850
12739 34331 1:0 12857
12739 34332 1:0 12858
12745 34330 1:0 12868
12765 34300 1:0 12981
12860 34299 1:0 12989
12861 34298 1:0 12988
12861 34297 1:0 12999
12870 34267 1:0 13112
12870 34265 1:0 13119
12878 34266 1:0 13120
12879 29511 21:0 12903
12897 34264 1:0 13130
12991 34234 1:0 13243
12992 34233 1:0 13251
13001 34232 1:0 13250
13001 34231 1:0 13261
13007 34201 1:0 13374
13012 34199 1:0 13381
13027 34190 1:0 13407
13122 34200 1:0 13382
13123 34198 1:0 13392
13123 34168 1:0 13505
13132 34166 1:0 13512
13132 34167 1:0 13513
13140 34165 1:0 13523
13171 34135 1:0 13636
13253 34133 1:0 13643
13254 34134 1:0 13644
13254 34117 1:0 13693
13263 34132 1:0 13654
13263 34102 1:0 13767
13269 34101 1:0 13775
13290 34100 1:0 13774
13302 173 1:0 13789
13384 34099 1:0 13785
13385 34091 1:0 13800
13385 34069 1:0 13898
13394 34067 1:0 13905
13394 34068 1:0 13906
13400 34066 1:0 13916
13421 34036 1:0 14029
13433 34016 1:0 14086
13515 34034 1:0 14036
13516 34035 1:0 14037
13525 34033 1:0 14047
13525 34003 1:0 14160
13531 34002 1:0 14168
13551 34001 1:0 14167
13646 34000 1:0 14178
13647 33970 1:0 14291
13647 33968 1:0 14298
13656 33969 1:0 14299
13656 33967 1:0 14309
13662 101 1:0 14313
13662 33952 1:0 14348
13682 33937 1:0 14422
13777 33935 1:0 14429
13778 33936 1:0 14430
13778 33934 1:0 14440
13787 30195 1:0 14449
13787 33904 1:0 14553
13793 33903 1:0 14561
13798 33902 1:0 14560
13908 33901 1:0 14571
13909 33871 1:0 14684
13909 33870 1:0 14692
13918 33869 1:0 14691
13918 33868 1:0 14702
13924 33838 1:0 14815
13926 31 1:0 14817
13957 33837 1:0 14823
14039 33836 1:0 14822
14040 33835 1:0 14833
14049 33805 1:0 14946
14049 33804 1:0 14954
14055 33803 1:0 14953
14075 33802 1:0 14964
14076 338 1:0 15075
15073 337 21:0 15091
15141 35453 21:0 15149
15148 35455 0:0 15149
15148 35454 21:0 15199
15162 35464 0:0 15163
15199 35456 0:0 15215
15217 35486 21:0 15225
15222 35487 0:0 15225
15222 35488 0:0 15225
15225 35489 21:0 15291
15279 35502 0:0 15280
15290 35517 21:0 15291
15293 35519 21:0 15301
15300 35520 0:0 15301
15300 35521 21:0 15351
15351 35522 0:0 15367
15369 35552 0:0 15372
15374 35554 21:0 15391
15376 35553 0:0 15377
15391 35555 0:0 15427
15445 35585 21:0 15453
15450 35587 0:0 15453
15450 35586 0:0 15453
15453 35588 21:0 15519
15521 35618 0:0 15524
15526 35620 21:0 15543
15527 35617 0:0 15529
15528 35619 0:0 15529
15542 35629 21:0 15579
15543 35621 0:0 15579
15597 35651 0:0 15600
15602 35653 21:0 15623
15604 35652 0:0 15605
15622 35662 21:0 15655
15623 35654 0:0 15660
15673 35684 21:0 15681
15680 35685 0:0 15681
15680 35686 21:0 15731
15731 35687 0:0 15747
15731 35700 21:0 15747
15749 35717 0:0 15752
15754 35719 21:0 15771
15756 35718 0:0 15757
15771 35720 0:0 15807
15825 35750 21:0 15833
15832 35752 0:0 15833
15832 35751 21:0 15883
15883 35753 0:0 15899
15901 35783 21:0 15909
15908 35785 0:0 15909
15908 35784 21:0 15959
15959 35786 0:0 15975
15972 35814 21:0 15975
15977 35816 0:0 15980
15982 35817 21:0 16001
15984 35818 0:0 15985
16001 35819 0:0 16035
16053 35849 0:0 16056
16058 35851 21:0 16075
16060 35850 0:0 16061
16075 35852 0:0 16111
16129 35882 21:0 16137
16136 35883 0:0 16137
16136 35884 0:0 16137
16137 35885 21:0 16203
16205 35915 21:0 16213
16212 35916 0:0 16213
16212 35917 21:0 16263
16263 35918 0:0 16279
16281 35948 21:0 16289
16288 35950 0:0 16289
16288 35949 21:0 16339
16339 35951 0:0 16355
16357 35981 21:0 16365
16364 35983 0:0 16365
16364 35982 21:0 16415
16415 35984 0:0 16431
16433 36014 21:0 16441
16440 36015 0:0 16441
16440 36016 0:0 16441
16442 36015 1:0 16499
16442 36016 1:0 16500
16461 36027 21:0 16471
16502 36014 1:0 16510
16503 35984 1:0 16623
16503 29511 1:0 16650
16512 35982 1:0 16630
16512 35983 1:0 16631
16518 35981 1:0 16641
16539 35951 1:0 16754
16633 35949 1:0 16761
16634 35950 1:0 16762
16642 29508 21:0 16645
16643 35948 1:0 16772
16643 35918 1:0 16885
16646 35917 1:0 16893
16651 35916 1:0 16892
16682 35915 1:0 16903
16764 35885 1:0 17016
16765 35883 1:0 17023
16774 35884 1:0 17024
16774 35882 1:0 17034
16780 35852 1:0 17147
16800 35851 1:0 17155
16895 35850 1:0 17154
16896 35849 1:0 17165
16896 35819 1:0 17278
16905 35817 1:0 17285
16905 35818 1:0 17286
16913 35816 1:0 17296
16916 35814 1:0 17306
17026 35786 1:0 17409
17027 35784 1:0 17416
17027 35785 1:0 17417
17036 35783 1:0 17427
17036 35753 1:0 17540
17042 35751 1:0 17547
17045 29682 21:0 17069
17063 35752 1:0 17548
17157 35750 1:0 17558
17158 35720 1:0 17671
17158 35719 1:0 17679
17167 35718 1:0 17678
17167 35717 1:0 17689
17173 35700 1:0 17728
17176 29739 21:0 17200
17178 35687 1:0 17802
17206 35686 1:0 17810
17288 35685 1:0 17809
17289 35684 1:0 17820
17289 35662 1:0 17912
17298 35654 1:0 17933
17298 35653 1:0 17941
17304 35652 1:0 17940
17325 35651 1:0 17951
17337 35629 1:0 18043
17419 35621 1:0 18064
17420 35620 1:0 18072
17420 35617 1:0 18075
17429 35619 1:0 18071
17429 35618 1:0 18082
17435 35588 1:0 18195
17456 35587 1:0 18203
17550 35586 1:0 18202
17551 35585 1:0 18213
17560 35555 1:0 18326
17560 35554 1:0 18334
17566 35553 1:0 18333
17571 35552 1:0 18344
17586 35517 1:0 18485
17681 35522 1:0 18457
17682 35520 1:0 18464
17682 35521 1:0 18465
17691 35519 1:0 18475
17691 35489 1:0 18588
17697 35502 1:0 18510
17702 35488 1:0 18596
17717 35464 1:0 18698
17812 35487 1:0 18595
17813 35486 1:0 18606
17813 35456 1:0 18719
17822 35454 1:0 18726
17822 35455 1:0 18727
17830 35453 1:0 18737
17833 339 1:0 18848
18846 338 21:0 18864
18914 37104 0:0 18917
18919 37105 21:0 18940
18921 37106 0:0 18922
18940 37107 0:0 18977
18990 37137 21:0 18998
18995 37138 0:0 18998
18995 37139 0:0 18998
18998 37140 21:0 19064
19052 37153 0:0 19053
19063 37168 21:0 19064
19066 37170 21:0 19074
19073 37172 0:0 19074
19073 37171 0:0 19074
19074 37173 21:0 19140
19128 37186 0:0 19129
19140 65 21:0 19145
19142 37203 0:0 19145
19147 37204 21:0 19164
19149 37205 0:0 19150
19164 37206 0:0 19200
19218 37236 0:0 19221
19223 37237 21:0 19240
19225 37238 0:0 19226
19240 37239 0:0 19276
19294 37269 0:0 19297
19299 37271 21:0 19316
19301 37270 0:0 19302
19316 37272 0:0 19352
19370 37302 21:0 19378
19375 37304 0:0 19378
19377 37303 0:0 19378
19378 37305 21:0 19444
19391 37313 0:0 19392
19446 37335 21:0 19454
19453 37337 0:0 19454
19453 37336 0:0 19454
19454 37338 21:0 19520
19522 37368 0:0 19525
19527 37370 21:0 19544
19529 37369 0:0 19530
19544 37371 0:0 19580
19598 37401 21:0 19606
19605 37403 0:0 19606
19605 37402 21:0 19656
19656 37404 0:0 19672
19674 37434 21:0 19682
19681 37436 0:0 19682
19681 37435 21:0 19732
19732 37437 0:0 19748
19750 37467 0:0 19753
19755 37469 21:0 19776
19757 37468 0:0 19758
19776 37470 0:0 19813
19826 37500 21:0 19834
19833 37502 0:0 19834
19833 37501 21:0 19884
19884 37503 0:0 19900
19902 37533 21:0 19910
19909 37534 0:0 19910
19909 37535 21:0 19960
19960 37536 0:0 19976
19978 37566 0:0 19981
19983 37568 21:0 20000
19985 37567 0:0 19986
20000 37569 0:0 20036
20054 37599 21:0 20062
20061 37600 0:0 20062
20061 37601 21:0 20112
20112 37602 0:0 20128
20130 37632 21:0 20138
20137 37633 0:0 20138
20137 37634 21:0 20188
20151 37643 0:0 20152
20188 37635 0:0 20204
20206 37665 21:0 20214
20213 37667 0:0 20214
20213 37666 0:0 20214
20215 37666 1:0 20272
20215 37667 1:0 20273
20234 37678 21:0 20244
20275 37665 1:0 20283
20276 37643 1:0 20375
20276 37635 1:0 20396
20285 37633 1:0 20403
20285 37634 1:0 20404
20291 37632 1:0 20414
20293 29508 1:0 20413
20324 37602 1:0 20527
20406 37601 1:0 20535
20407 37600 1:0 20534
20416 37599 1:0 20545
20416 37569 1:0 20658
20422 37568 1:0 20666
20442 37567 1:0 20665
20537 37566 1:0 20676
20538 37536 1:0 20789
20538 37535 1:0 20797
20547 37534 1:0 20796
20547 37533 1:0 20807
20553 29682 1:0 20816
20558 37503 1:0 20920
20573 29739 1:0 20947
20668 37501 1:0 20927
20669 37502 1:0 20928
20669 37500 1:0 20938
20678 37470 1:0 21051
20678 37469 1:0 21059
20686 37468 1:0 21058
20717 37467 1:0 21069
20799 37437 1:0 21182
20800 37435 1:0 21189
20809 37436 1:0 21190
20809 37434 1:0 21200
20815 37404 1:0 21313
20835 37402 1:0 21320
20928 29732 21:0 20933
20930 37403 1:0 21321
20931 37401 1:0 21331
20931 37371 1:0 21444
20940 37369 1:0 21451
20940 37370 1:0 21452
20946 37368 1:0 21462
20967 37338 1:0 21575
20979 37313 1:0 21681
21061 37337 1:0 21583
21062 37336 1:0 21582
21071 37335 1:0 21593
21071 37305 1:0 21706
21077 37304 1:0 21714
21097 37303 1:0 21713
21192 37302 1:0 21724
21193 37272 1:0 21837
21193 37271 1:0 21845
21202 37270 1:0 21844
21202 37269 1:0 21855
21210 37239 1:0 21968
21241 37237 1:0 21975
21323 37238 1:0 21976
21324 37236 1:0 21986
21333 37206 1:0 22099
21333 37204 1:0 22106
21339 37205 1:0 22107
21342 29910 21:0 21366
21359 37203 1:0 22117
21360 65 1:0 22121
21360 37186 1:0 22152
21367 26144 1:0 58111
21372 37168 1:0 22258
21454 37173 1:0 22230
21455 37172 1:0 22238
21455 37153 1:0 22283
21464 37171 1:0 22237
21464 37170 1:0 22248
21470 37140 1:0 22361
21491 37138 1:0 22368
21585 37139 1:0 22369
21586 37137 1:0 22379
21595 37107 1:0 22492
21595 37105 1:0 22499
21601 37106 1:0 22500
21606 37104 1:0 22510
21621 340 1:0 22621
22619 339 21:0 22637
22687 38755 0:0 22690
22692 38756 21:0 22713
22694 38757 0:0 22695
22713 38758 0:0 22750
22763 38788 0:0 22766
22768 38789 21:0 22789
22770 38790 0:0 22771
22789 38791 0:0 22826
22839 38821 21:0 22847
22846 38822 0:0 22847
22846 38823 0:0 22847
22847 38824 21:0 22913
22915 38854 21:0 22923
22922 38856 0:0 22923
22922 38855 21:0 22973
22973 38857 0:0 22989
22991 38887 21:0 22999
22996 38889 0:0 22999
22998 38888 0:0 22999
22999 38890 21:0 23065
23067 38920 21:0 23075
23074 38922 0:0 23075
23074 38921 21:0 23125
23125 38923 0:0 23141
23138 38951 21:0 23141
23141 119 21:0 23146
23143 38953 0:0 23146
23148 38955 21:0 23169
23150 38954 0:0 23151
23169 38956 0:0 23206
23219 38986 0:0 23222
23224 38987 21:0 23245
23226 38988 0:0 23227
23245 38989 0:0 23282
23295 39019 21:0 23303
23302 39020 0:0 23303
23302 39021 21:0 23353
23316 39030 0:0 23317
23353 39022 0:0 23369
23371 39052 21:0 23379
23376 39054 0:0 23379
23378 39053 0:0 23379
23379 39055 21:0 23445
23447 39085 0:0 23450
23452 39087 21:0 23469
23454 39086 0:0 23455
23467 193 0:0 23469
23469 39088 0:0 23505
23523 39118 21:0 23531
23530 39120 0:0 23531
23530 39119 0:0 23531
23531 39121 21:0 23597
23599 39151 0:0 23602
23604 39152 21:0 23624
23606 39153 0:0 23607
23623 39162 21:0 23657
23623 39154 0:0 23657
23675 39184 21:0 23683
23682 39185 0:0 23683
23682 39186 21:0 23733
23733 39187 0:0 23749
23751 39217 21:0 23759
23758 39219 0:0 23759
23758 39218 21:0 23809
23809 39220 0:0 23825
23816 39222 21:0 23825
23827 39250 21:0 23835
23834 39251 0:0 23835
23834 39252 21:0 23885
23885 39253 0:0 23901
23903 39283 21:0 23911
23910 39284 0:0 23911
23910 39285 21:0 23961
23924 39294 0:0 23925
23961 39286 0:0 23977
23979 39316 21:0 23987
23986 39317 0:0 23987
23986 39318 0:0 23987
23988 39317 1:0 24045
23988 39318 1:0 24046
24007 39329 21:0 24017
24048 39316 1:0 24056
24049 39294 1:0 24148
24049 39286 1:0 24169
24058 39284 1:0 24176
24058 39285 1:0 24177
24064 39283 1:0 24187
24085 39253 1:0 24300
24177 29504 21:0 24182
24179 39252 1:0 24308
24180 39251 1:0 24307
24180 39250 1:0 24318
24189 39222 1:0 24415
24189 39220 1:0 24431
24195 39218 1:0 24438
24198 29511 21:0 24222
24200 39219 1:0 24439
24228 39217 1:0 24449
24310 39187 1:0 24562
24311 39186 1:0 24570
24311 39162 1:0 24672
24320 39185 1:0 24569
24320 39184 1:0 24580
24326 39154 1:0 24693
24347 39152 1:0 24700
24359 29732 1:0 24699
24441 39153 1:0 24701
24442 39151 1:0 24711
24451 39121 1:0 24824
24451 39120 1:0 24832
24457 39119 1:0 24831
24477 39118 1:0 24842
24478 193 1:0 24957
24572 39088 1:0 24955
24573 39087 1:0 24963
24582 39086 1:0 24962
24582 39085 1:0 24973
24588 39055 1:0 25086
24593 39054 1:0 25094
24608 29910 1:0 25113
24703 39053 1:0 25093
24704 39052 1:0 25104
24704 39022 1:0 25217
24713 39030 1:0 25196
24713 39021 1:0 25225
24719 39020 1:0 25224
24724 39019 1:0 25235
24834 38989 1:0 25348
24835 38987 1:0 25355
24835 38988 1:0 25356
24844 38986 1:0 25366
24844 38956 1:0 25479
24850 38955 1:0 25487
24871 38954 1:0 25486
24883 119 1:0 25501
24965 38953 1:0 25497
24966 38951 1:0 25507
24966 38923 1:0 25610
24975 38921 1:0 25617
24975 38922 1:0 25618
24981 38920 1:0 25628
25002 38890 1:0 25741
25096 38889 1:0 25749
25097 38888 1:0 25748
25105 29907 21:0 25108
25106 38887 1:0 25759
25106 38857 1:0 25872
25109 38855 1:0 25879
25114 38856 1:0 25880
25145 38854 1:0 25890
25227 38824 1:0 26003
25228 38822 1:0 26010
25237 38823 1:0 26011
25237 38821 1:0 26021
25243 38791 1:0 26134
25263 38789 1:0 26141
25358 38790 1:0 26142
25359 38788 1:0 26152
25359 38758 1:0 26265
25368 38756 1:0 26272
25368 38757 1:0 26273
25376 38755 1:0 26283
25379 341 1:0 26394
25487 30074 21:0 25492
26392 340 21:0 26410
26460 40406 0:0 26463
26465 40407 21:0 26486
26467 40408 0:0 26468
26486 40409 0:0 26523
26536 40439 21:0 26544
26541 40440 0:0 26544
26543 40441 0:0 26544
26544 40442 21:0 26610
26612 40472 0:0 26615
26617 40474 21:0 26638
26619 40473 0:0 26620
26638 40475 0:0 26675
26688 40505 21:0 26696
26695 40504 21:0 26696
26695 40506 0:0 26696
26695 40507 0:0 26696
26696 40508 21:0 26762
26764 40538 21:0 26772
26771 40539 0:0 26772
26771 40540 21:0 26822
26822 40541 0:0 26838
26840 40571 21:0 26848
26847 40573 0:0 26848
26847 40572 0:0 26848
26848 40574 21:0 26914
26916 40604 21:0 26924
26923 40606 0:0 26924
26923 40605 21:0 26974
26974 40607 0:0 26990
26992 40637 0:0 26995
26997 40639 21:0 27018
26999 40638 0:0 27000
27018 40640 0:0 27055
27068 40670 21:0 27076
27073 40672 0:0 27076
27073 40671 0:0 27076
27075 40669 21:0 27076
27076 40673 21:0 27142
27144 40703 0:0 27147
27149 40705 21:0 27166
27151 40704 0:0 27152
27166 40706 0:0 27202
27220 40736 0:0 27223
27225 40737 21:0 27242
27227 40738 0:0 27228
27240 193 0:0 27242
27242 40739 0:0 27278
27296 40769 21:0 27304
27303 40770 0:0 27304
27303 40771 21:0 27354
27354 40772 0:0 27370
27372 40802 0:0 27375
27377 40804 21:0 27398
27379 40803 0:0 27380
27398 40805 0:0 27435
27448 40835 21:0 27456
27455 40836 0:0 27456
27455 40837 21:0 27506
27506 40838 0:0 27522
27513 40840 21:0 27522
27524 40868 21:0 27532
27531 40869 0:0 27532
27531 40870 0:0 27532
27532 40871 21:0 27598
27600 40901 21:0 27608
27607 40903 0:0 27608
27607 40902 21:0 27658
27658 40904 0:0 27674
27676 40934 21:0 27684
27683 40936 0:0 27684
27683 40935 21:0 27734
27696 40926 0:0 27698
27734 40937 0:0 27750
27752 40967 21:0 27760
27759 40968 0:0 27760
27759 40969 0:0 27760
27761 40968 1:0 27818
27761 40969 1:0 27819
27780 40980 21:0 27790
27821 40967 1:0 27829
27822 40937 1:0 27942
27822 29504 1:0 27948
27831 40935 1:0 27949
27831 40936 1:0 27950
27837 40934 1:0 27960
27839 29511 1:0 27969
27840 29454 21:0 27864
27842 40926 1:0 27975
27870 40904 1:0 28073
27952 40902 1:0 28080
27953 40903 1:0 28081
27962 40901 1:0 28091
27962 40871 1:0 28204
27968 40870 1:0 28212
27988 40869 1:0 28211
27989 40840 1:0 28319
28083 40868 1:0 28222
28084 40838 1:0 28335
28093 40836 1:0 28342
28093 40837 1:0 28343
28099 40835 1:0 28353
28104 40805 1:0 28466
28214 40804 1:0 28474
28215 40803 1:0 28473
28215 40802 1:0 28484
28223 29622 21:0 28226
28224 40772 1:0 28597
28224 40771 1:0 28605
28230 40770 1:0 28604
28250 40769 1:0 28615
28251 193 1:0 28730
28345 40739 1:0 28728
28346 40737 1:0 28735
28355 40738 1:0 28736
28355 40736 1:0 28746
28361 40706 1:0 28859
28366 40705 1:0 28867
28381 29907 1:0 28876
28382 40669 1:0 29001
28474 29732 21:0 28479
28476 40704 1:0 28866
28477 40703 1:0 28877
28477 40673 1:0 28990
28486 40671 1:0 28997
28486 40672 1:0 28998
28494 40670 1:0 29008
28525 40640 1:0 29121
28607 40639 1:0 29129
28608 40638 1:0 29128
28608 30074 1:0 29258
28617 40637 1:0 29139
28617 40607 1:0 29252
28623 40605 1:0 29259
28644 40606 1:0 29260
28738 40604 1:0 29270
28739 40574 1:0 29383
28747 29850 21:0 28750
28748 40572 1:0 29390
28748 40573 1:0 29391
28751 40571 1:0 29401
28756 40541 1:0 29514
28787 40540 1:0 29522
28869 40539 1:0 29521
28870 40538 1:0 29532
28870 40504 1:0 29656
28879 40508 1:0 29645
28879 40507 1:0 29653
28885 40506 1:0 29652
28906 40505 1:0 29663
29000 40475 1:0 29776
29001 40474 1:0 29784
29010 40473 1:0 29783
29010 40472 1:0 29794
29016 40442 1:0 29907
29021 40441 1:0 29915
29131 40440 1:0 29914
29132 40439 1:0 29925
29132 40409 1:0 30038
29141 40407 1:0 30045
29141 40408 1:0 30046
29147 40406 1:0 30056
29149 342 1:0 30167
30165 341 21:0 30183
30233 42057 21:0 30241
30240 42059 0:0 30241
30240 42058 21:0 30291
30291 42060 0:0 30307
30309 42090 0:0 30312
30314 42091 21:0 30335
30316 42092 0:0 30317
30335 42093 0:0 30372
30385 42123 0:0 30388
30390 42125 21:0 30407
30392 42124 0:0 30393
30407 42126 0:0 30443
30461 42156 21:0 30469
30468 42158 0:0 30469
30468 42157 0:0 30469
30469 42159 21:0 30535
30537 42189 0:0 30540
30542 42190 21:0 30559
30544 42191 0:0 30545
30559 42192 0:0 30595
30613 42222 0:0 30616
30618 42224 21:0 30635
30620 42223 0:0 30621
30635 42225 0:0 30671
30689 42255 0:0 30692
30694 42256 21:0 30715
30696 42257 0:0 30697
30715 42258 0:0 30752
30765 42288 21:0 30773
30772 42290 0:0 30773
30772 42289 21:0 30823
30823 42291 0:0 30839
30839 155 21:0 30844
30841 42321 0:0 30844
30846 42322 21:0 30863
30848 42323 0:0 30849
30863 42324 0:0 30899
30912 42352 21:0 30915
30917 42354 21:0 30925
30924 42356 0:0 30925
30924 42355 21:0 30975
30937 175 0:0 30939
30975 42357 0:0 30991
30993 42387 21:0 31001
31000 42389 0:0 31001
31000 42388 21:0 31051
31051 42390 0:0 31067
31069 42420 0:0 31072
31074 42421 21:0 31095
31076 42422 0:0 31077
31095 42423 0:0 31132
31140 42451 21:0 31143
31145 42453 0:0 31148
31150 42454 21:0 31167
31152 42455 0:0 31153
31167 42456 0:0 31203
31221 42486 21:0 31229
31226 42488 0:0 31229
31226 42487 0:0 31229
31229 42489 21:0 31295
31297 42519 21:0 31305
31304 42520 0:0 31305
31304 42521 21:0 31355
31355 42522 0:0 31371
31373 42552 21:0 31381
31380 42553 0:0 31381
31380 42554 21:0 31431
31431 42555 0:0 31447
31449 42585 21:0 31457
31456 303 0:0 31457
31456 42587 0:0 31457
31456 42586 21:0 31507
31507 42588 0:0 31523
31525 42618 21:0 31533
31532 42620 0:0 31533
31532 42619 0:0 31533
31534 42619 1:0 31591
31534 42620 1:0 31592
31553 42631 21:0 31563
31594 42618 1:0 31602
31595 29454 1:0 31611
31595 42588 1:0 31715
31604 42586 1:0 31722
31604 42587 1:0 31723
31610 42585 1:0 31733
31612 303 1:0 31728
31643 42555 1:0 31846
31725 42554 1:0 31854
31726 42553 1:0 31853
31735 42552 1:0 31864
31735 42522 1:0 31977
31741 42521 1:0 31985
31761 42520 1:0 31984
31762 29622 1:0 31994
31856 42519 1:0 31995
31857 42489 1:0 32108
31866 42487 1:0 32115
31866 42488 1:0 32116
31872 42486 1:0 32126
31877 42456 1:0 32239
31892 29732 1:0 32245
31987 42454 1:0 32246
31988 42455 1:0 32247
31988 42453 1:0 32257
31997 42451 1:0 32267
31997 42423 1:0 32370
32003 42421 1:0 32377
32008 42422 1:0 32378
32023 29850 1:0 32518
32118 42420 1:0 32388
32119 42390 1:0 32501
32119 42388 1:0 32508
32128 42389 1:0 32509
32128 42387 1:0 32519
32136 42357 1:0 32632
32167 42355 1:0 32639
32249 175 1:0 32634
32249 42352 1:0 32660
32250 42356 1:0 32640
32250 42354 1:0 32650
32259 42324 1:0 32763
32259 42322 1:0 32770
32267 42323 1:0 32771
32298 42321 1:0 32781
32380 155 1:0 32785
32381 42291 1:0 32894
32381 42289 1:0 32901
32390 42290 1:0 32902
32390 42288 1:0 32912
32396 42258 1:0 33025
32417 42256 1:0 33032
32511 42257 1:0 33033
32512 42255 1:0 33043
32521 42225 1:0 33156
32521 42224 1:0 33164
32527 42223 1:0 33163
32532 42222 1:0 33174
32642 42192 1:0 33287
32643 42190 1:0 33294
32643 42191 1:0 33295
32652 42189 1:0 33305
32652 42159 1:0 33418
32658 42158 1:0 33426
32679 42157 1:0 33425
32773 42156 1:0 33436
32774 42126 1:0 33549
32783 42124 1:0 33556
32783 42125 1:0 33557
32789 42123 1:0 33567
32794 42093 1:0 33680
32904 42091 1:0 33687
32905 42092 1:0 33688
32905 42090 1:0 33698
32914 42060 1:0 33811
32914 42058 1:0 33818
32920 42059 1:0 33819
32941 42057 1:0 33829
32953 343 1:0 33940
33699 30363 21:0 33702
33938 342 21:0 33956
34006 43708 21:0 34014
34011 43709 0:0 34014
34011 43710 0:0 34014
34014 43711 21:0 34080
34026 43700 0:0 34028
34082 43741 0:0 34085
34087 43743 21:0 34108
34089 43742 0:0 34090
34108 43744 0:0 34145
34156 47 21:0 34161
34158 43774 0:0 34161
34163 43775 21:0 34184
34165 43776 0:0 34166
34184 43777 0:0 34221
34234 43807 21:0 34242
34239 43809 0:0 34242
34239 43808 0:0 34242
34242 43810 21:0 34308
34310 43840 0:0 34313
34315 43841 21:0 34332
34317 43842 0:0 34318
34332 43843 0:0 34368
34386 43873 21:0 34394
34393 43874 0:0 34394
34393 43875 21:0 34444
34444 43876 0:0 34460
34462 43906 0:0 34465
34467 43907 21:0 34488
34469 43908 0:0 34470
34488 43909 0:0 34525
34538 43939 21:0 34546
34545 43940 0:0 34546
34545 43941 0:0 34546
34546 43942 21:0 34612
34600 43957 0:0 34601
34614 43972 21:0 34622
34621 159 0:0 34622
34621 43974 0:0 34622
34621 43973 21:0 34672
34634 43964 0:0 34636
34672 43975 0:0 34688
34690 44005 21:0 34698
34697 44007 0:0 34698
34697 44006 21:0 34748
34748 44008 0:0 34764
34766 44038 21:0 34774
34773 44039 0:0 34774
34773 44040 21:0 34824
34824 44041 0:0 34840
34842 44071 21:0 34850
34849 44073 0:0 34850
34849 44072 21:0 34900
34900 44074 0:0 34916
34905 44091 21:0 34916
34918 44104 0:0 34921
34923 44106 21:0 34940
34925 44105 0:0 34926
34940 44107 0:0 34976
34948 44116 21:0 34981
34994 44137 21:0 35002
35001 44139 0:0 35002
35001 44138 21:0 35052
35015 44148 0:0 35016
35052 44140 0:0 35068
35070 44170 21:0 35078
35077 44171 0:0 35078
35077 44172 21:0 35128
35128 44173 0:0 35144
35146 44203 21:0 35154
35153 44205 0:0 35154
35153 44204 21:0 35204
35204 44206 0:0 35220
35222 44236 21:0 35230
35229 44238 0:0 35230
35229 44237 21:0 35280
35280 44239 0:0 35296
35298 44269 21:0 35306
35305 44270 0:0 35306
35305 44271 0:0 35306
35307 44270 1:0 35364
35307 44271 1:0 35365
35326 44282 21:0 35336
35367 44269 1:0 35375
35368 44239 1:0 35488
35377 44237 1:0 35495
35377 44238 1:0 35496
35383 44236 1:0 35506
35403 44206 1:0 35619
35496 29504 21:0 35501
35498 44204 1:0 35626
35499 44205 1:0 35627
35499 44203 1:0 35637
35508 44173 1:0 35750
35508 44172 1:0 35758
35514 44171 1:0 35757
35535 44170 1:0 35768
35547 44148 1:0 35860
35629 44140 1:0 35881
35630 44138 1:0 35888
35630 44116 1:0 35964
35639 44139 1:0 35889
35639 44137 1:0 35899
35645 44107 1:0 36012
35666 44106 1:0 36020
35678 44091 1:0 36060
35760 44105 1:0 36019
35761 44104 1:0 36030
35770 44074 1:0 36143
35770 44072 1:0 36150
35776 44073 1:0 36151
35796 44071 1:0 36161
35891 44041 1:0 36274
35892 44039 1:0 36281
35892 44040 1:0 36282
35901 44038 1:0 36292
35901 44008 1:0 36405
35909 44006 1:0 36412
35940 44007 1:0 36413
36022 44005 1:0 36423
36023 43975 1:0 36536
36023 159 1:0 36549
36023 43964 1:0 36569
36031 29736 21:0 36034
36032 43973 1:0 36543
36032 43974 1:0 36544
36038 43972 1:0 36554
36059 43942 1:0 36667
36071 43957 1:0 36589
36153 43941 1:0 36675
36154 43940 1:0 36674
36163 43939 1:0 36685
36163 43909 1:0 36798
36169 43907 1:0 36805
36189 43908 1:0 36806
36284 43906 1:0 36816
36285 43876 1:0 36929
36285 43875 1:0 36937
36294 43874 1:0 36936
36294 43873 1:0 36947
36302 43843 1:0 37060
36333 43841 1:0 37067
36415 43842 1:0 37068
36416 43840 1:0 37078
36425 43810 1:0 37191
36425 43808 1:0 37198
36431 43809 1:0 37199
36451 43807 1:0 37209
36546 43777 1:0 37322
36547 43775 1:0 37329
36547 43776 1:0 37330
36556 43774 1:0 37340
36556 47 1:0 37344
36562 43744 1:0 37453
36567 43743 1:0 37461
36582 30363 1:0 37470
36677 43742 1:0 37460
36678 43741 1:0 37471
36678 43711 1:0 37584
36687 43709 1:0 37591
36687 43710 1:0 37592
36695 43708 1:0 37602
36698 43700 1:0 37617
36713 344 1:0 37713
36937 30131 21:0 36942
37068 30188 21:0 37073
37089 30195 21:0 37113
37711 343 21:0 37729
37779 45359 21:0 37787
37784 45360 0:0 37787
37784 45361 0:0 37787
37787 45362 21:0 37853
37855 45392 0:0 37858
37860 45394 21:0 37881
37862 45393 0:0 37863
37881 45395 0:0 37918
37931 45425 21:0 37939
37936 45426 0:0 37939
37938 45427 0:0 37939
37939 45428 21:0 38005
37987 45437 0:0 37989
38007 45458 0:0 38010
38012 45460 21:0 38029
38014 45459 0:0 38015
38029 45461 0:0 38065
38078 45489 21:0 38081
38083 45491 0:0 38086
38088 45492 21:0 38105
38090 45493 0:0 38091
38105 45494 0:0 38141
38113 45503 21:0 38146
38159 45524 21:0 38167
38166 45525 0:0 38167
38166 45526 0:0 38167
38167 45527 21:0 38233
38235 45557 0:0 38238
38240 45558 21:0 38261
38242 45559 0:0 38243
38261 45560 0:0 38298
38311 45590 0:0 38314
38316 45591 21:0 38337
38318 45592 0:0 38319
38337 45593 0:0 38374
38387 45623 21:0 38395
38394 45625 0:0 38395
38394 45624 0:0 38395
38395 45626 21:0 38461
38463 45656 21:0 38471
38470 45658 0:0 38471
38470 45657 21:0 38521
38521 45659 0:0 38537
38539 45689 21:0 38547
38544 45691 0:0 38547
38544 45690 0:0 38547
38546 195 21:0 38547
38547 45692 21:0 38613
38615 45722 0:0 38618
38620 45723 21:0 38641
38622 45724 0:0 38623
38641 45725 0:0 38678
38691 45755 0:0 38694
38696 45757 21:0 38713
38698 45756 0:0 38699
38713 45758 0:0 38749
38767 45788 21:0 38775
38774 45789 0:0 38775
38774 45790 21:0 38825
38825 45791 0:0 38841
38843 45821 21:0 38851
38850 45823 0:0 38851
38850 45822 21:0 38901
38901 45824 0:0 38917
38919 45854 21:0 38927
38926 45856 0:0 38927
38926 45855 21:0 38977
38977 45857 0:0 38993
38995 45887 21:0 39003
39002 45888 0:0 39003
39002 45889 21:0 39053
39053 45890 0:0 39069
39071 45920 21:0 39079
39078 45921 0:0 39079
39078 45922 0:0 39079
39080 45921 1:0 39137
39080 45922 1:0 39138
39099 45933 21:0 39109
39140 45920 1:0 39148
39141 45890 1:0 39261
39141 29504 1:0 39267
39150 45888 1:0 39268
39150 45889 1:0 39269
39156 45887 1:0 39279
39159 29454 21:0 39183
39177 45857 1:0 39392
39271 45855 1:0 39399
39272 45856 1:0 39400
39272 45854 1:0 39410
39281 45824 1:0 39523
39281 45822 1:0 39530
39289 45823 1:0 39531
39320 45821 1:0 39541
39402 45791 1:0 39654
39403 45790 1:0 39662
39412 45789 1:0 39661
39412 45788 1:0 39672
39418 45758 1:0 39785
39438 45757 1:0 39793
39439 29736 1:0 39802
39531 29618 21:0 39536
39533 45756 1:0 39792
39534 45755 1:0 39803
39534 45725 1:0 39916
39543 45723 1:0 39923
39543 45724 1:0 39924
39551 45722 1:0 39934
39582 45692 1:0 40047
39664 45690 1:0 40054
39665 45691 1:0 40055
39665 195 1:0 40058
39674 45689 1:0 40065
39674 45659 1:0 40178
39680 45657 1:0 40185
39701 45658 1:0 40186
39795 45656 1:0 40196
39796 45626 1:0 40309
39805 45624 1:0 40316
39805 45625 1:0 40317
39811 45623 1:0 40327
39816 45593 1:0 40440
39926 45591 1:0 40447
39927 45592 1:0 40448
39927 45590 1:0 40458
39936 45560 1:0 40571
39936 45558 1:0 40578
39942 45559 1:0 40579
39963 45557 1:0 40589
39975 30131 1:0 40708
40057 45527 1:0 40702
40058 45526 1:0 40710
40058 45503 1:0 40785
40067 45525 1:0 40709
40067 45524 1:0 40720
40073 45494 1:0 40833
40094 45492 1:0 40840
40106 30188 1:0 40839
40188 45493 1:0 40841
40189 45491 1:0 40851
40189 30195 1:0 40860
40189 45489 1:0 40861
40198 45461 1:0 40964
40198 45460 1:0 40972
40206 45459 1:0 40971
40237 45458 1:0 40982
40319 45428 1:0 41095
40320 45437 1:0 41017
40320 45427 1:0 41103
40329 45426 1:0 41102
40329 45425 1:0 41113
40335 45395 1:0 41226
40356 45394 1:0 41234
40448 30017 21:0 40453
40450 45393 1:0 41233
40451 45392 1:0 41244
40451 45362 1:0 41357
40459 30021 21:0 40462
40460 45360 1:0 41364
40460 45361 1:0 41365
40466 45359 1:0 41375
40468 345 1:0 41486
41484 344 21:0 41502
41534 46993 21:0 41550
41552 47010 21:0 41560
41559 47012 0:0 41560
41559 47011 21:0 41610
41610 47013 0:0 41626
41628 47043 21:0 41636
41635 47045 0:0 41636
41635 47044 0:0 41636
41636 47046 21:0 41702
41704 47076 0:0 41707
41709 47078 21:0 41730
41711 47077 0:0 41712
41730 47079 0:0 41767
41780 47109 21:0 41788
41787 47110 0:0 41788
41787 47111 21:0 41838
41838 47112 0:0 41854
41856 47142 21:0 41864
41861 47143 0:0 41864
41863 47144 0:0 41864
41864 47145 21:0 41930
41932 47175 0:0 41935
41937 47177 21:0 41954
41939 47176 0:0 41940
41954 47178 0:0 41990
42008 47208 21:0 42016
42015 47209 0:0 42016
42015 47210 21:0 42066
42066 47211 0:0 42082
42084 47241 21:0 42092
42091 47243 0:0 42092
42091 47242 21:0 42142
42142 47244 0:0 42158
42160 47274 0:0 42163
42165 47275 21:0 42182
42167 47276 0:0 42168
42180 47266 0:0 42182
42182 47277 0:0 42218
42236 47307 0:0 42239
42241 47308 21:0 42258
42243 47309 0:0 42244
42258 47310 0:0 42294
42312 47340 0:0 42315
42317 47341 21:0 42334
42319 47342 0:0 42320
42334 47343 0:0 42370
42377 47345 21:0 42386
42388 47373 21:0 42396
42395 47374 0:0 42396
42395 47375 0:0 42396
42396 47376 21:0 42462
42408 211 0:0 42410
42464 47406 21:0 42472
42471 47408 0:0 42472
42471 47407 21:0 42522
42522 47409 0:0 42538
42540 47439 0:0 42543
42545 47441 21:0 42562
42547 47440 0:0 42548
42562 47442 0:0 42598
42616 47472 21:0 42624
42623 267 0:0 42624
42623 47473 0:0 42624
42623 47474 21:0 42674
42674 47475 0:0 42690
42692 47505 21:0 42700
42699 47506 0:0 42700
42699 47507 21:0 42750
42750 47508 0:0 42766
42768 47538 21:0 42776
42775 47540 0:0 42776
42775 47539 21:0 42826
42826 47541 0:0 42842
42844 47571 21:0 42852
42851 47572 0:0 42852
42851 47573 0:0 42852
42853 47572 1:0 42910
42853 47573 1:0 42911
42872 47584 21:0 42882
42913 47571 1:0 42921
42914 29454 1:0 42930
42914 47541 1:0 43034
42923 47539 1:0 43041
42923 47540 1:0 43042
42929 47538 1:0 43052
42950 47508 1:0 43165
43044 47507 1:0 43173
43045 47506 1:0 43172
43054 47505 1:0 43183
43054 47475 1:0 43296
43060 47474 1:0 43304
43065 47473 1:0 43303
43080 29618 1:0 43302
43081 267 1:0 43309
43173 29561 21:0 43178
43175 47472 1:0 43314
43176 47442 1:0 43427
43176 47441 1:0 43435
43185 47440 1:0 43434
43185 47439 1:0 43445
43193 47409 1:0 43558
43224 47407 1:0 43565
43306 47408 1:0 43566
43307 47406 1:0 43576
43307 211 1:0 43691
43316 47376 1:0 43689
43316 47375 1:0 43697
43322 47374 1:0 43696
43343 47373 1:0 43707
43355 47345 1:0 43804
43437 47343 1:0 43820
43438 47341 1:0 43827
43447 47342 1:0 43828
43447 47340 1:0 43838
43453 47310 1:0 43951
43473 47308 1:0 43958
43568 47309 1:0 43959
43569 47307 1:0 43969
43569 47277 1:0 44082
43578 47275 1:0 44089
43578 47276 1:0 44090
43586 47274 1:0 44100
43589 47266 1:0 44115
43604 30017 1:0 44219
43699 47244 1:0 44213
43700 47242 1:0 44220
43700 47243 1:0 44221
43709 30021 1:0 44230
43709 47241 1:0 44231
43715 47211 1:0 44344
43720 47210 1:0 44352
43830 47209 1:0 44351
43831 47208 1:0 44362
43831 47178 1:0 44475
43839 29850 21:0 43842
43840 47176 1:0 44482
43840 47177 1:0 44483
43846 47175 1:0 44493
43866 47145 1:0 44606
43961 47144 1:0 44614
43962 47143 1:0 44613
43962 47142 1:0 44624
43971 47112 1:0 44737
43971 47111 1:0 44745
43979 47110 1:0 44744
44010 47109 1:0 44755
44092 47079 1:0 44868
44093 47078 1:0 44876
44102 47077 1:0 44875
44102 47076 1:0 44886
44108 47046 1:0 44999
44128 47045 1:0 45007
44223 47044 1:0 45006
44224 47043 1:0 45017
44224 47013 1:0 45130
44232 30021 21:0 44235
44233 47011 1:0 45137
44233 47012 1:0 45138
44239 47010 1:0 45148
44241 46993 1:0 45187
44244 346 1:0 45259
44483 30131 21:0 44488
44635 30195 21:0 44659
45257 345 21:0 45275
45314 346 21:0 45323
45325 48661 21:0 45333
45332 48662 0:0 45333
45332 48663 0:0 45333
45333 48664 21:0 45399
45401 48694 0:0 45404
45406 48696 21:0 45427
45408 48695 0:0 45409
45427 48697 0:0 45464
45477 48727 0:0 45480
45482 48728 21:0 45503
45484 48729 0:0 45485
45503 48730 0:0 45540
45553 48760 0:0 45556
45558 48762 21:0 45575
45560 48761 0:0 45561
45575 48763 0:0 45611
45629 48793 0:0 45632
45634 48795 21:0 45651
45636 48794 0:0 45637
45651 48796 0:0 45687
45705 48826 0:0 45708
45710 48828 21:0 45727
45712 48827 0:0 45713
45725 48818 0:0 45727
45727 48829 0:0 45763
45781 48859 0:0 45784
45786 48860 21:0 45807
45788 48861 0:0 45789
45807 48862 0:0 45844
45857 48892 21:0 45865
45862 48894 0:0 45865
45862 48893 0:0 45865
45865 48895 21:0 45931
45933 48925 21:0 45941
45940 48926 0:0 45941
45940 48924 0:0 45941
45940 48927 21:0 45991
45991 48928 0:0 46007
46009 48958 21:0 46017
46014 48959 0:0 46017
46016 48960 0:0 46017
46017 48961 21:0 46083
46085 48991 21:0 46093
46090 48993 0:0 46093
46092 48992 0:0 46093
46093 48994 21:0 46159
46161 49024 21:0 46169
46168 49025 0:0 46169
46168 49026 21:0 46219
46181 211 0:0 46183
46219 49027 0:0 46235
46237 49057 0:0 46240
46242 49059 21:0 46259
46244 49058 0:0 46245
46259 49060 0:0 46295
46313 49090 0:0 46316
46318 49091 21:0 46335
46320 49092 0:0 46321
46335 49093 0:0 46371
46389 49123 21:0 46397
46396 49124 0:0 46397
46396 49125 21:0 46447
46447 49126 0:0 46463
46465 49156 21:0 46473
46472 49158 0:0 46473
46472 49157 21:0 46523
46523 49159 0:0 46539
46541 49189 21:0 46549
46548 49190 0:0 46549
46548 49191 21:0 46599
46599 49192 0:0 46615
46617 49222 21:0 46625
46624 49224 0:0 46625
46624 49223 0:0 46625
46626 49223 1:0 46683
46626 49224 1:0 46684
46645 49235 21:0 46655
46686 49222 1:0 46694
46687 49192 1:0 46807
46696 49190 1:0 46814
46696 49191 1:0 46815
46702 49189 1:0 46825
46722 49159 1:0 46938
46723 29561 1:0 46944
46817 49157 1:0 46945
46818 49158 1:0 46946
46827 49156 1:0 46956
46827 49126 1:0 47069
46833 49125 1:0 47077
46838 49124 1:0 47076
46948 49123 1:0 47087
46949 49093 1:0 47200
46949 49091 1:0 47207
46958 49092 1:0 47208
46958 49090 1:0 47218
46964 49060 1:0 47331
46985 49059 1:0 47339
46997 211 1:0 47464
47079 49058 1:0 47338
47080 49057 1:0 47349
47089 49027 1:0 47462
47089 49026 1:0 47470
47095 49025 1:0 47469
47115 49024 1:0 47480
47210 48994 1:0 47593
47211 48992 1:0 47600
47211 48993 1:0 47601
47220 29850 1:0 47610
47220 48991 1:0 47611
47226 48961 1:0 47724
47231 48960 1:0 47732
47246 48924 1:0 47866
47341 48959 1:0 47731
47342 48958 1:0 47742
47342 48928 1:0 47855
47351 48926 1:0 47862
47351 48927 1:0 47863
47359 48925 1:0 47873
47390 48895 1:0 47986
47472 48894 1:0 47994
47473 48893 1:0 47993
47473 30021 1:0 48003
47482 48892 1:0 48004
47482 48862 1:0 48117
47488 48860 1:0 48124
47509 48861 1:0 48125
47521 30131 1:0 48254
47603 48859 1:0 48135
47604 48829 1:0 48248
47604 48818 1:0 48281
47613 48827 1:0 48255
47613 48828 1:0 48256
47619 48826 1:0 48266
47640 48796 1:0 48379
47652 30195 1:0 48406
47734 48795 1:0 48387
47735 48794 1:0 48386
47744 48793 1:0 48397
47744 48763 1:0 48510
47750 48762 1:0 48518
47770 48761 1:0 48517
47865 48760 1:0 48528
47866 48730 1:0 48641
47866 48728 1:0 48648
47875 48729 1:0 48649
47875 48727 1:0 48659
47883 48697 1:0 48772
47914 48696 1:0 48780
47996 48695 1:0 48779
47997 48694 1:0 48790
48006 48664 1:0 48903
48006 48663 1:0 48911
48012 48662 1:0 48910
48032 48661 1:0 48921
48033 346 1:0 49005
48045 347 1:0 49032
49030 346 21:0 49048
49080 50297 0:0 49085
49085 50299 21:0 49096
49098 50312 0:0 49101
49103 50314 21:0 49124
49105 50313 0:0 49106
49124 50315 0:0 49161
49174 50345 21:0 49182
49181 50346 0:0 49182
49181 50347 21:0 49232
49195 50356 0:0 49196
49232 50348 0:0 49248
49250 50378 0:0 49253
49255 50379 21:0 49276
49257 50380 0:0 49258
49276 50381 0:0 49313
49326 50411 21:0 49334
49333 50412 0:0 49334
49333 50413 21:0 49384
49384 50414 0:0 49400
49400 83 21:0 49405
49402 50444 0:0 49405
49407 50445 21:0 49424
49408 87 0:0 49410
49409 50446 0:0 49410
49424 50447 0:0 49460
49432 50456 21:0 49465
49478 50477 21:0 49486
49485 50479 0:0 49486
49485 50478 21:0 49536
49536 50480 0:0 49552
49554 50510 0:0 49557
49559 50512 21:0 49580
49560 123 0:0 49562
49561 50511 0:0 49562
49580 50513 0:0 49617
49630 50543 21:0 49638
49637 50545 0:0 49638
49637 50544 0:0 49638
49638 50546 21:0 49704
49706 50576 0:0 49709
49711 50577 21:0 49728
49713 50578 0:0 49714
49728 50579 0:0 49764
49782 50609 21:0 49790
49789 50610 0:0 49790
49789 50611 0:0 49790
49790 50612 21:0 49856
49858 50642 21:0 49866
49863 50643 0:0 49866
49865 50644 0:0 49866
49866 50645 21:0 49932
49934 50675 21:0 49942
49941 50676 0:0 49942
49941 50677 21:0 49992
49992 50678 0:0 50008
50010 50708 21:0 50018
50017 50710 0:0 50018
50017 50709 21:0 50068
50068 50711 0:0 50084
50086 50741 21:0 50094
50093 50743 0:0 50094
50093 50742 21:0 50144
50144 50744 0:0 50160
50144 50760 21:0 50160
50162 50774 21:0 50170
50169 50775 0:0 50170
50169 50776 21:0 50220
50220 50777 0:0 50236
50225 50794 21:0 50236
50238 50807 21:0 50246
50245 50809 0:0 50246
50245 50808 21:0 50296
50296 50810 0:0 50312
50314 50840 21:0 50322
50321 50842 0:0 50322
50321 50841 21:0 50372
50372 50843 0:0 50388
50390 50873 21:0 50398
50397 50874 0:0 50398
50397 50875 0:0 50398
50399 50874 1:0 50456
50399 50875 1:0 50457
50418 50886 21:0 50428
50459 50873 1:0 50467
50460 50843 1:0 50580
50469 50841 1:0 50587
50469 50842 1:0 50588
50475 50840 1:0 50598
50495 50810 1:0 50711
50590 50808 1:0 50718
50591 50809 1:0 50719
50591 50807 1:0 50729
50600 50794 1:0 50759
50600 50777 1:0 50842
50606 50776 1:0 50850
50609 29511 21:0 50633
50611 50775 1:0 50849
50639 50774 1:0 50860
50721 50760 1:0 50899
50722 50744 1:0 50973
50722 50742 1:0 50980
50731 50743 1:0 50981
50731 50741 1:0 50991
50737 50711 1:0 51104
50758 50709 1:0 51111
50852 50710 1:0 51112
50853 50708 1:0 51122
50861 29622 21:0 50864
50862 50678 1:0 51235
50862 50677 1:0 51243
50865 50676 1:0 51242
50870 50675 1:0 51253
50901 50645 1:0 51366
50983 50644 1:0 51374
50984 50643 1:0 51373
50993 50642 1:0 51384
50993 50612 1:0 51497
50999 50611 1:0 51505
51019 50610 1:0 51504
51114 50609 1:0 51515
51115 50579 1:0 51628
51115 50577 1:0 51635
51124 50578 1:0 51636
51124 50576 1:0 51646
51132 50546 1:0 51759
51163 50545 1:0 51767
51245 50544 1:0 51766
51246 50543 1:0 51777
51246 123 1:0 51903
51255 50513 1:0 51890
51255 50512 1:0 51898
51261 50511 1:0 51897
51282 50510 1:0 51908
51294 50456 1:0 52104
51376 50480 1:0 52021
51377 50478 1:0 52028
51386 50479 1:0 52029
51386 50477 1:0 52039
51392 50447 1:0 52152
51412 50445 1:0 52159
51413 87 1:0 52165
51425 83 1:0 52174
51507 50446 1:0 52160
51508 50444 1:0 52170
51517 50414 1:0 52283
51517 50413 1:0 52291
51523 50412 1:0 52290
51543 50411 1:0 52301
51638 50381 1:0 52414
51639 50379 1:0 52421
51639 50380 1:0 52422
51648 50378 1:0 52432
51648 50348 1:0 52545
51654 50356 1:0 52524
51659 50347 1:0 52553
51769 50346 1:0 52552
51770 50345 1:0 52563
51770 50315 1:0 52676
51779 50313 1:0 52683
51779 50314 1:0 52684
51785 50312 1:0 52694
51787 50299 1:0 52724
51790 50297 1:0 52733
51805 348 1:0 52805
52803 347 21:0 52821
52853 51946 21:0 52869
52871 51963 21:0 52879
52878 51964 0:0 52879
52878 51965 0:0 52879
52879 51966 21:0 52945
52947 51996 0:0 52950
52952 51998 21:0 52973
52954 51997 0:0 52955
52973 51999 0:0 53010
53023 52029 21:0 53031
53030 52031 0:0 53031
53030 52030 21:0 53081
53081 52032 0:0 53097
53099 52062 0:0 53102
53104 52064 21:0 53121
53106 52063 0:0 53107
53121 52065 0:0 53157
53129 52074 21:0 53162
53175 52095 21:0 53183
53182 52096 0:0 53183
53182 52097 21:0 53228
53227 52098 0:0 53238
53251 52128 21:0 53259
53258 52130 0:0 53259
53258 52129 21:0 53309
53309 52131 0:0 53325
53327 52161 0:0 53330
53332 52162 21:0 53353
53334 52163 0:0 53335
53353 52164 0:0 53390
53403 52194 0:0 53406
53408 52195 21:0 53429
53410 52196 0:0 53411
53428 52205 21:0 53461
53429 52197 0:0 53466
53479 52227 0:0 53482
53484 52228 21:0 53501
53486 52229 0:0 53487
53501 52230 0:0 53537
53555 52260 21:0 53563
53562 52261 0:0 53563
53562 52262 21:0 53613
53613 52263 0:0 53629
53620 52265 21:0 53629
53627 52280 0:0 53629
53631 52293 21:0 53639
53632 191 0:0 53634
53638 52295 0:0 53639
53638 52294 21:0 53689
53689 52296 0:0 53705
53707 52326 21:0 53715
53712 52327 0:0 53715
53714 52328 0:0 53715
53715 52329 21:0 53781
53783 52359 21:0 53791
53790 52360 0:0 53791
53790 52361 21:0 53841
53841 52362 0:0 53857
53859 52392 0:0 53862
53864 52393 21:0 53881
53866 52394 0:0 53867
53881 52395 0:0 53917
53917 52408 21:0 53933
53935 52425 21:0 53943
53942 52426 0:0 53943
53942 52427 21:0 53993
53993 52428 0:0 54009
54011 52458 21:0 54019
54018 52460 0:0 54019
54018 52459 21:0 54069
54069 52461 0:0 54085
54087 52491 21:0 54095
54094 52492 0:0 54095
54094 52493 21:0 54145
54145 52494 0:0 54161
54163 52524 21:0 54171
54170 52526 0:0 54171
54170 52525 0:0 54171
54172 52525 1:0 54229
54172 52526 1:0 54230
54191 52537 21:0 54201
54232 52524 1:0 54240
54233 52494 1:0 54353
54233 29511 1:0 54380
54242 52492 1:0 54360
54242 52493 1:0 54361
54248 52491 1:0 54371
54269 52461 1:0 54484
54363 52459 1:0 54491
54364 52460 1:0 54492
54373 52458 1:0 54502
54373 52428 1:0 54615
54379 52427 1:0 54623
54384 52426 1:0 54622
54399 29622 1:0 54632
54400 52408 1:0 54672
54494 52425 1:0 54633
54495 52395 1:0 54746
54504 52393 1:0 54753
54504 52394 1:0 54754
54510 52392 1:0 54764
54515 52362 1:0 54877
54625 52361 1:0 54885
54626 52360 1:0 54884
54626 52359 1:0 54895
54635 52329 1:0 55008
54635 52328 1:0 55016
54641 52327 1:0 55015
54662 52326 1:0 55026
54674 191 1:0 55161
54756 52296 1:0 55139
54757 52294 1:0 55146
54757 52280 1:0 55187
54757 52265 1:0 55254
54766 52295 1:0 55147
54766 52293 1:0 55157
54774 52263 1:0 55270
54805 52262 1:0 55278
54887 52261 1:0 55277
54888 52260 1:0 55288
54897 52230 1:0 55401
54897 52228 1:0 55408
54903 52229 1:0 55409
54923 52227 1:0 55419
54924 52205 1:0 55511
55018 52197 1:0 55532
55019 52195 1:0 55539
55028 52196 1:0 55540
55028 52194 1:0 55550
55034 52164 1:0 55663
55039 52162 1:0 55670
55149 52163 1:0 55671
55150 52161 1:0 55681
55150 52131 1:0 55794
55159 52129 1:0 55801
55159 52130 1:0 55802
55165 52128 1:0 55812
55186 52098 1:0 55925
55198 52074 1:0 56008
55280 52097 1:0 55933
55281 52096 1:0 55932
55290 52095 1:0 55943
55290 52065 1:0 56056
55296 52064 1:0 56064
55316 52063 1:0 56063
55411 52062 1:0 56074
55412 52032 1:0 56187
55412 52030 1:0 56194
55421 52031 1:0 56195
55421 52029 1:0 56205
55429 51999 1:0 56318
55460 51998 1:0 56326
55542 51997 1:0 56325
55543 51996 1:0 56336
55552 51966 1:0 56449
55552 51964 1:0 56456
55558 51965 1:0 56457
55578 51963 1:0 56467
55579 51946 1:0 56506
55591 349 1:0 56578
55673 26143 1:0 58112
56576 348 21:0 56594
56631 53601 21:0 56642
56644 53614 21:0 56652
56649 53615 0:0 56652
56651 53616 0:0 56652
56652 53617 21:0 56718
56720 53647 0:0 56723
56725 53648 21:0 56746
56727 53649 0:0 56728
56745 53658 21:0 56778
56746 53650 0:0 56783
56796 53680 0:0 56799
56801 53682 21:0 56822
56803 53681 0:0 56804
56822 53683 0:0 56859
56872 53713 0:0 56875
56877 53715 21:0 56894
56879 53714 0:0 56880
56892 67 0:0 56894
56894 53716 0:0 56930
56937 53718 21:0 56946
56948 53746 0:0 56951
56953 53748 21:0 56970
56955 53747 0:0 56956
56970 53749 0:0 57006
57024 53779 0:0 57027
57029 53781 21:0 57046
57031 53780 0:0 57032
57046 53782 0:0 57082
57100 53812 21:0 57108
57107 53813 0:0 57108
57107 53814 0:0 57108
57108 53815 21:0 57174
57176 53845 21:0 57184
57181 53846 0:0 57184
57183 53847 0:0 57184
57184 53848 21:0 57250
57252 53878 21:0 57260
57257 53879 0:0 57260
57259 53880 0:0 57260
57260 53881 21:0 57326
57328 53911 21:0 57336
57333 53913 0:0 57336
57333 53912 0:0 57336
57336 53914 21:0 57402
57404 53944 0:0 57407
57409 53946 21:0 57426
57411 53945 0:0 57412
57426 53947 0:0 57462
57480 53977 21:0 57488
57487 53978 0:0 57488
57487 53979 21:0 57538
57538 53980 0:0 57554
57556 54010 0:0 57559
57561 54011 21:0 57578
57563 54012 0:0 57564
57578 54013 0:0 57614
57632 54043 21:0 57640
57639 249 0:0 57640
57639 54044 0:0 57640
57639 54045 21:0 57690
57690 54046 0:0 57706
57690 54059 21:0 57706
57708 54076 21:0 57716
57709 263 0:0 57711
57715 54078 0:0 57716
57715 54077 21:0 57766
57766 54079 0:0 57782
57779 54107 21:0 57782
57784 54109 21:0 57792
57785 281 0:0 57787
57791 54110 0:0 57792
57791 54111 21:0 57842
57804 54101 0:0 57806
57842 54112 0:0 57858
57860 54142 21:0 57868
57867 54143 0:0 57868
57867 54144 21:0 57918
57918 54145 0:0 57934
57936 54175 21:0 57944
58015 54175 1:0 58023
58016 54145 1:0 58111
58016 26152 1:0 58111
58016 26154 1:0 58111
58025 26150 1:0 58111
58025 26151 1:0 58111
58025 26156 1:0 58111
58025 26155 1:0 58111
58025 26153 1:0 58186
58031 54144 1:0 58234
58036 54143 1:0 58233
58064 54142 1:0 58244
58118 54112 1:0 58331
58133 26302 1:0 58333
58134 26297 1:0 58332
58134 26291 1:0 58332
58134 26303 1:0 58333
58134 26296 1:0 58333
58135 26290 1:0 58333
58135 26438 1:0 58553
58135 26444 1:0 58553
58184 26301 1:0 58333
58194 26300 1:0 58333
58196 26153 21:0 58228
58204 26298 1:0 58333
58226 26155 0:0 58228
58227 26154 0:0 58228
58227 26151 0:0 58228
58227 26152 0:0 58228
58227 26150 0:0 58228
58227 26156 0:0 58228
58227 26149 0:0 58228
58227 26144 0:0 58228
58227 26143 0:0 58228
58236 281 1:0 58469
58236 26299 1:0 58398
58237 54110 1:0 58454
58237 54111 1:0 58455
58246 54109 1:0 58465
58246 54107 1:0 58475
58246 54101 1:0 58480
58246 26448 1:0 58554
58252 54079 1:0 58552
58254 26445 1:0 58554
58257 26450 1:0 58554
58272 26446 1:0 58554
58273 26449 1:0 58638
58285 26437 1:0 58554
58285 26443 1:0 58554
58285 26447 1:0 58554
58285 26584 1:0 58775
58354 54077 1:0 58675
58404 26299 21:0 58449
58405 54078 1:0 58676
58415 263 1:0 58690
58425 54059 1:0 58725
58447 26298 0:0 58449
58447 26302 0:0 58449
58447 26300 0:0 58449
58448 26290 0:0 58449
58448 26301 0:0 58449
58448 26297 0:0 58449
58448 26303 0:0 58449
58448 26296 0:0 58449
58448 26291 0:0 58449
58457 54076 1:0 58686
58458 54046 1:0 58773
58458 26591 1:0 58774
58458 26585 1:0 58774
58458 26596 1:0 58775
58458 26590 1:0 58775
58458 26737 1:0 58996
58467 26592 1:0 58775
58467 26595 1:0 58775
58467 26594 1:0 58775
58467 26597 1:0 58775
58467 26593 1:0 58840
58473 54045 1:0 58897
58478 54044 1:0 58896
58493 249 1:0 58902
58547 54043 1:0 58907
58555 26742 1:0 59071
58576 54013 1:0 58994
58577 26738 1:0 58995
58577 26731 1:0 58996
58626 26741 1:0 58996
58636 26743 1:0 58996
58646 26744 1:0 58996
58648 26449 21:0 58670
58669 26444 0:0 58670
58669 26448 0:0 58670
58669 26443 0:0 58670
58669 26438 0:0 58670
58669 26445 0:0 58670
58669 26447 0:0 58670
58669 26437 0:0 58670
58669 26446 0:0 58670
58669 26450 0:0 58670
58678 26732 1:0 58995
58678 26739 1:0 58996
58678 26740 1:0 58996
58678 26879 1:0 59216
58678 26885 1:0 59216
58678 26878 1:0 59217
58678 26890 1:0 59301
58679 54011 1:0 59117
58679 26891 1:0 59217
58688 54012 1:0 59118
58688 54010 1:0 59128
58694 53980 1:0 59215
58696 26888 1:0 59217
58699 26889 1:0 59217
58714 26884 1:0 59217
58714 27032 1:0 59437
58714 27025 1:0 59438
58715 26887 1:0 59217
58727 26886 1:0 59217
58781 53979 1:0 59339
58798 53978 1:0 59338
58846 26593 21:0 58891
58847 27026 1:0 59437
58847 27031 1:0 59438
58847 27178 1:0 59659
58857 27038 1:0 59523
58867 27033 1:0 59438
58889 26592 0:0 58891
58889 26594 0:0 58891
58889 26596 0:0 58891
58890 26595 0:0 58891
58890 26597 0:0 58891
58890 26590 0:0 58891
58890 26584 0:0 58891
58890 26585 0:0 58891
58890 26591 0:0 58891
58899 53977 1:0 59349
58900 53947 1:0 59436
58900 27037 1:0 59438
58900 27034 1:0 59438
58909 53946 1:0 59560
58909 27036 1:0 59438
58909 27035 1:0 59438
58915 53945 1:0 59559
58935 53944 1:0 59570
58936 27181 1:0 59724
58989 53914 1:0 59657
58997 27179 1:0 59658
59002 27182 1:0 59659
59017 27183 1:0 59659
59018 27185 1:0 59659
59018 27184 1:0 59659
59019 27173 1:0 59658
59019 27172 1:0 59659
59068 27180 1:0 59659
59077 26742 21:0 59112
59110 26740 0:0 59112
59110 26741 0:0 59112
59110 26743 0:0 59112
59110 26739 0:0 59112
59111 26738 0:0 59112
59111 26732 0:0 59112
59111 26737 0:0 59112
59111 26731 0:0 59112
59111 26744 0:0 59112
59120 53912 1:0 59780
59121 53913 1:0 59781
59121 53911 1:0 59791
59130 53881 1:0 59878
59130 27329 1:0 59880
59130 27330 1:0 59880
59130 27328 1:0 59880
59130 27327 1:0 59880
59136 27320 1:0 59879
59136 27326 1:0 59879
59136 27319 1:0 59880
59136 27332 1:0 59880
59136 27325 1:0 59880
59136 27331 1:0 59964
59157 53880 1:0 60002
59218 53879 1:0 60001
59239 53878 1:0 60012
59240 27473 1:0 60100
59240 27467 1:0 60100
59240 27472 1:0 60101
59289 27474 1:0 60165
59299 27479 1:0 60100
59309 27478 1:0 60100
59311 26890 21:0 59333
59332 26879 0:0 59333
59332 26878 0:0 59333
59332 26885 0:0 59333
59332 26884 0:0 59333
59332 26886 0:0 59333
59332 26887 0:0 59333
59332 26889 0:0 59333
59332 26888 0:0 59333
59332 26891 0:0 59333
59341 53848 1:0 60099
59342 27475 1:0 60100
59342 27477 1:0 60100
59342 27476 1:0 60100
59342 27466 1:0 60101
59342 27614 1:0 60321
59342 27620 1:0 60321
59342 27619 1:0 60322
59351 53846 1:0 60222
59351 53847 1:0 60223
59357 53845 1:0 60233
59377 53815 1:0 60320
59378 27623 1:0 60396
59390 27613 1:0 60322
59390 27621 1:0 60322
59390 27767 1:0 60542
59431 27622 1:0 60322
59431 27624 1:0 60322
59444 27625 1:0 60322
59459 27626 1:0 60322
59510 53813 1:0 60443
59529 27038 21:0 59554
59552 27036 0:0 59554
59552 27035 0:0 59554
59552 27037 0:0 59554
59552 27034 0:0 59554
59552 27033 0:0 59554
59553 27031 0:0 59554
59553 27026 0:0 59554
59553 27025 0:0 59554
59553 27032 0:0 59554
59562 53814 1:0 60444
59563 53812 1:0 60454
59563 53782 1:0 60541
59572 27761 1:0 60542
59572 27768 1:0 60543
59572 27771 1:0 60543
59572 27760 1:0 60543
59572 27770 1:0 60543
59572 27766 1:0 60543
59572 27773 1:0 60543
59572 27772 1:0 60543
59572 27769 1:0 60608
59578 53781 1:0 60665
59599 53780 1:0 60664
59652 53779 1:0 60675
59660 27907 1:0 60764
59681 53749 1:0 60762
59682 27914 1:0 60763
59682 27908 1:0 60763
59682 27913 1:0 60764
59730 27181 21:0 59775
59731 27915 1:0 60764
59741 27916 1:0 60829
59751 27920 1:0 60764
59773 27184 0:0 59775
59773 27180 0:0 59775
59773 27182 0:0 59775
59774 27179 0:0 59775
59774 27185 0:0 59775
59774 27183 0:0 59775
59774 27172 0:0 59775
59774 27178 0:0 59775
59774 27173 0:0 59775
59783 53718 1:0 60983
59783 27917 1:0 60764
59783 27919 1:0 60764
59783 27918 1:0 60764
59784 53748 1:0 60886
59784 28065 1:0 60985
59793 53747 1:0 60885
59793 53746 1:0 60896
59799 53716 1:0 60983
59801 28055 1:0 60984
59801 28061 1:0 60984
59801 28060 1:0 60985
59801 28054 1:0 60985
59804 28066 1:0 60985
59819 28067 1:0 60985
59820 28063 1:0 60985
59832 28062 1:0 60985
59832 28064 1:0 61059
59873 67 1:0 61098
59873 28208 1:0 61205
59873 28201 1:0 61206
59902 53715 1:0 61107
59972 53714 1:0 61106
59974 27331 21:0 59996
59995 27325 0:0 59996
59995 27329 0:0 59996
59995 27319 0:0 59996
59995 27320 0:0 59996
59995 27326 0:0 59996
59995 27327 0:0 59996
59995 27328 0:0 59996
59995 27330 0:0 59996
59995 27332 0:0 59996
60004 53713 1:0 61117
60005 53683 1:0 61204
60005 28210 1:0 61206
60005 28211 1:0 61206
60014 28202 1:0 61205
60014 28212 1:0 61206
60014 28213 1:0 61206
60014 28214 1:0 61206
60014 28207 1:0 61206
60014 28209 1:0 61270
60014 28348 1:0 61427
60014 28354 1:0 61427
60020 53682 1:0 61328
60025 53681 1:0 61327
60053 53680 1:0 61338
60122 53650 1:0 61425
60123 53658 1:0 61425
60123 28361 1:0 61427
60124 28349 1:0 61426
60124 28355 1:0 61426
60124 28495 1:0 61648
60173 28359 1:0 61427
60175 27474 21:0 60217
60183 28358 1:0 61427
60193 28360 1:0 61511
60215 27476 0:0 60217
60215 27478 0:0 60217
60216 27475 0:0 60217
60216 27473 0:0 60217
60216 27479 0:0 60217
60216 27477 0:0 60217
60216 27472 0:0 60217
60216 27466 0:0 60217
60216 27467 0:0 60217
60225 28356 1:0 61427
60225 28357 1:0 61427
60226 53648 1:0 61548
60226 53649 1:0 61549
60235 53647 1:0 61559
60235 53617 1:0 61646
60241 28508 1:0 61648
60241 28507 1:0 61648
60241 28506 1:0 61648
60243 28505 1:0 61648
60246 28504 1:0 61648
60261 28503 1:0 61712
60262 28502 1:0 61647
60262 28496 1:0 61647
60262 28501 1:0 61648
60315 53615 1:0 61769
60323 28744 1:0 61994
60328 53601 1:0 61773
60343 50886 1:0 61782
60394 53616 1:0 61770
60404 52537 1:0 61782
60404 44282 1:0 61785
60406 27623 21:0 60438
60414 49235 1:0 61785
60414 45933 1:0 61785
60436 27625 0:0 60438
60437 27626 0:0 60438
60437 27619 0:0 60438
60437 27613 0:0 60438
60437 27620 0:0 60438
60437 27614 0:0 60438
60437 27621 0:0 60438
60437 27622 0:0 60438
60437 27624 0:0 60438
60446 53614 1:0 61780
60447 42631 1:0 61785
60447 47584 1:0 61785
60447 40980 1:0 61810
60447 39329 1:0 61810
60447 34376 1:0 61810
60447 36027 1:0 61810
60447 37678 1:0 61810
60447 32725 1:0 61813
60447 31074 1:0 61854
60447 29423 1:0 61854
60447 28643 1:0 61868
60447 28649 1:0 61868
60456 334 1:0 61867
60456 28642 1:0 61869
60456 28652 1:0 61869
60456 28651 1:0 61869
60456 28654 1:0 61869
60456 28655 1:0 61869
60456 28648 1:0 61869
60456 28653 1:0 61869
60456 28650 1:0 61933
60456 28745 1:0 61995
60614 27769 21:0 60659
60657 27772 0:0 60659
60657 27768 0:0 60659
60657 27770 0:0 60659
60658 27761 0:0 60659
60658 27767 0:0 60659
60658 27771 0:0 60659
60658 27773 0:0 60659
60658 27760 0:0 60659
60658 27766 0:0 60659
60835 27916 21:0 60880
60878 27919 0:0 60880
60878 27917 0:0 60880
60878 27915 0:0 60880
60879 27913 0:0 60880
60879 27914 0:0 60880
60879 27920 0:0 60880
60879 27918 0:0 60880
60879 27908 0:0 60880
60879 27907 0:0 60880
61069 28064 21:0 61101
61099 28066 0:0 61101
61100 28060 0:0 61101
61100 28061 0:0 61101
61100 28055 0:0 61101
61100 28067 0:0 61101
61100 28065 0:0 61101
61100 28054 0:0 61101
61100 28063 0:0 61101
61100 28062 0:0 61101
61280 28209 21:0 61322
61320 28213 0:0 61322
61320 28211 0:0 61322
61321 28214 0:0 61322
61321 28212 0:0 61322
61321 28207 0:0 61322
61321 28202 0:0 61322
61321 28208 0:0 61322
61321 28210 0:0 61322
61321 28201 0:0 61322
61521 28360 21:0 61543
61542 28355 0:0 61543
61542 28356 0:0 61543
61542 28357 0:0 61543
61542 28358 0:0 61543
61542 28359 0:0 61543
61542 28361 0:0 61543
61542 28354 0:0 61543
61542 28349 0:0 61543
61542 28348 0:0 61543
61722 28503 21:0 61764
61762 28507 0:0 61764
61762 28505 0:0 61764
61763 28502 0:0 61764
61763 28495 0:0 61764
61763 28504 0:0 61764
61763 28506 0:0 61764
61763 28508 0:0 61764
61763 28496 0:0 61764
61763 28501 0:0 61764
61943 28650 21:0 159
