51 7692 21:0 93
92 7688 21:0 104
103 7691 21:0 109
108 7689 21:0 109
108 7687 21:0 114
113 7840 21:0 169
113 7780 21:0 114
182 7871 21:0 190
258 7904 21:0 266
334 7937 21:0 342
342 7940 21:0 408
407 7938 21:0 413
412 7939 21:0 418
417 7970 21:0 484
483 7972 21:0 489
491 8005 21:0 508
507 8006 21:0 560
562 8036 21:0 570
569 8038 21:0 620
643 8071 21:0 660
719 8104 21:0 736
790 8135 21:0 798
798 8138 21:0 864
871 8170 21:0 888
947 8202 21:0 964
963 8201 21:0 1016
1023 8235 21:0 1040
1094 8267 21:0 1102
1101 8269 21:0 1152
1151 8268 21:0 1168
1175 8301 21:0 1192
1191 8300 21:0 1244
1323 8367 21:0 1331
1330 8368 21:0 1376
1375 8369 21:0 1397
1396 8370 21:0 1407
1406 8400 21:0 1425
1424 8402 21:0 1473
1472 8401 21:0 1478
1477 8403 21:0 1497
1496 8433 21:0 1549
1548 8434 21:0 1554
1553 8435 21:0 1559
1558 8436 21:0 1625
1624 8466 21:0 1630
1629 8467 21:0 1635
1634 8468 21:0 1690
1689 8469 21:0 1706
1705 8499 21:0 1711
1710 8500 21:0 1766
1765 8501 21:0 1777
1776 8502 21:0 1787
1786 8532 21:0 1832
1831 8534 21:0 1853
1852 8535 21:0 1863
1862 8533 21:0 1878
1877 8565 21:0 1929
1928 8567 21:0 1934
1933 8568 21:0 1953
1952 8566 21:0 2005
2004 8598 21:0 2010
2009 8600 21:0 2015
2014 8599 21:0 2081
2080 8601 21:0 2086
2085 8631 21:0 2091
2090 8632 21:0 2146
2145 8634 21:0 2162
2161 8633 21:0 2167
2166 8664 21:0 2222
2221 8665 21:0 2235
2234 8666 21:0 2243
2242 8667 21:0 2293
2292 8697 21:0 2309
2308 8699 21:0 2319
2318 8698 21:0 2337
2336 8700 21:0 2385
2384 8730 21:0 2390
2389 8733 21:0 2409
2408 8766 21:0 2461
2460 8796 21:0 2466
2465 8797 21:0 2471
2470 8798 21:0 2480
2479 8731 21:0 2487
2484 8301 1:0 2603
2485 8300 1:0 2613
2485 8268 1:0 2719
2486 8831 21:0 2490
2488 8269 1:0 2726
2489 8764 21:0 2498
2491 8267 1:0 2735
2493 8235 1:0 2847
2497 8862 21:0 2524
2499 8202 1:0 2969
2499 8201 1:0 2979
2518 8170 1:0 3092
2523 8765 21:0 2599
2529 8138 1:0 3207
2606 8135 1:0 3223
2607 8104 1:0 3336
2615 8071 1:0 3458
2615 8038 1:0 3580
2621 8036 1:0 3589
2728 8006 1:0 3695
2729 8005 1:0 3702
2737 7972 1:0 3824
2737 7970 1:0 3833
2743 7939 1:0 3864
2850 7940 1:0 3939
2851 7938 1:0 3945
2859 7937 1:0 3955
2859 7904 1:0 4077
2865 7871 1:0 4199
2972 7840 1:0 4312
4493 9809 21:0 4501
4500 9811 21:0 4551
4550 9810 21:0 4567
4566 9812 21:0 4577
4576 9842 21:0 4595
4594 9843 21:0 4643
4642 9844 21:0 4648
4647 9845 21:0 4667
4666 9875 21:0 4719
4718 9876 21:0 4724
4723 9877 21:0 4729
4728 9878 21:0 4795
4794 9908 21:0 4800
4799 9909 21:0 4805
4804 9910 21:0 4860
4859 9911 21:0 4876
4875 9941 21:0 4881
4880 9943 21:0 4936
4935 9942 21:0 4952
4951 9944 21:0 4957
4956 9974 21:0 5007
5006 9976 21:0 5023
5022 9975 21:0 5033
5032 9977 21:0 5055
5054 10007 21:0 5099
5098 10009 21:0 5104
5103 10010 21:0 5123
5122 10008 21:0 5175
5174 10040 21:0 5180
5179 10041 21:0 5191
5190 10042 21:0 5251
5250 10043 21:0 5256
5255 10073 21:0 5261
5260 10075 21:0 5327
5326 10074 21:0 5332
5331 10076 21:0 5337
5336 10106 21:0 5392
5391 10107 21:0 5408
5407 10108 21:0 5413
5412 10109 21:0 5463
5462 10139 21:0 5479
5478 10142 21:0 5489
5488 10140 21:0 5525
5524 10141 21:0 5555
5554 10172 21:0 5565
5564 10173 21:0 5579
5578 10174 21:0 5631
5630 10175 21:0 5636
5635 10205 21:0 5647
5646 10207 21:0 5650
5649 10208 21:0 5658
5655 8862 1:0 5663
5656 8831 1:0 5784
5656 8798 1:0 5907
5657 10206 21:0 5663
5662 10238 21:0 5670
5662 8797 1:0 5914
5665 8796 1:0 5925
5665 8765 1:0 5958
5669 10240 21:0 5698
5671 8766 1:0 6038
5671 8764 1:0 6045
5675 8733 1:0 6169
5697 10239 21:0 5778
5699 8731 1:0 6176
5704 8730 1:0 6187
5758 8700 1:0 6220
5777 10241 21:0 5781
5779 8698 1:0 6300
5780 10271 21:0 5789
5786 8699 1:0 6308
5787 8697 1:0 6318
5788 10272 21:0 5798
5790 8667 1:0 6351
5796 8666 1:0 6431
5796 8665 1:0 6438
5797 10273 21:0 5801
5799 8664 1:0 6449
5800 10274 21:0 5836
5802 8633 1:0 6482
5802 8634 1:0 6562
5822 8632 1:0 6569
5835 8631 1:0 6580
5837 8601 1:0 6613
5917 8599 1:0 6693
5918 8600 1:0 6701
5927 8598 1:0 6711
5927 8566 1:0 6744
5933 8568 1:0 6824
5953 8567 1:0 6832
6048 8565 1:0 6842
6049 8533 1:0 6875
6049 8535 1:0 6955
6058 8534 1:0 6963
6058 8532 1:0 6973
6066 8502 1:0 7006
6085 8501 1:0 7086
6179 8500 1:0 7093
6180 8499 1:0 7104
6180 8469 1:0 7137
6189 8468 1:0 7217
6189 8467 1:0 7224
6197 8466 1:0 7235
6216 8436 1:0 7268
6310 8435 1:0 7348
6311 8434 1:0 7355
6320 8433 1:0 7366
6320 8403 1:0 7399
6326 8401 1:0 7479
6330 8402 1:0 7487
6359 8400 1:0 7497
6441 8370 1:0 7530
6442 8369 1:0 7610
6451 8368 1:0 7617
6451 8367 1:0 7628
7813 11252 21:0 7830
7829 11253 21:0 7882
7881 11251 21:0 7887
7889 11285 21:0 7906
7905 11284 21:0 7958
7957 11286 21:0 7963
7965 11318 21:0 7982
7981 11319 21:0 8034
8036 11350 21:0 8044
8044 11353 21:0 8110
8109 11351 21:0 8115
8117 11385 21:0 8134
8133 11386 21:0 8186
8185 11352 21:0 8191
8193 11417 21:0 8210
8209 11384 21:0 8262
8261 11383 21:0 8267
8269 11451 21:0 8286
8285 11452 21:0 8338
8337 11449 21:0 8343
8342 11418 21:0 8362
8361 11320 21:0 8414
8413 11483 21:0 8419
8421 11517 21:0 8438
8437 11287 21:0 8490
8489 11317 21:0 8495
8500 11551 21:0 8566
8565 11549 21:0 8571
8570 11548 21:0 8576
8576 11584 21:0 8642
8641 11583 21:0 8647
8646 11581 21:0 8652
8651 11416 21:0 8718
8717 11614 21:0 8723
8725 11648 21:0 8742
8741 11419 21:0 8794
8793 11647 21:0 8799
8801 11682 21:0 8818
8817 11516 21:0 8870
8869 11515 21:0 8875
8874 11615 21:0 8894
8893 11482 21:0 8946
8945 11716 21:0 8951
8950 11650 21:0 8956
8955 11616 21:0 8965
8970 10274 1:0 9011
8971 10273 1:0 9091
8980 10272 1:0 9098
8980 10271 1:0 9109
8986 10241 1:0 9142
8990 10239 1:0 9222
9019 10240 1:0 9230
9101 10238 1:0 9240
9102 11616 1:0 9245
9111 10206 1:0 9273
9111 10208 1:0 9353
9117 10207 1:0 9361
9137 10205 1:0 9371
9150 11650 1:0 9376
9232 10175 1:0 9404
9233 10174 1:0 9484
9242 10173 1:0 9491
9242 10172 1:0 9502
9248 11716 1:0 9507
9268 10141 1:0 9535
9363 10142 1:0 9615
9364 10140 1:0 9622
9364 10139 1:0 9633
9373 11482 1:0 9638
9373 10109 1:0 9666
9381 10108 1:0 9746
9400 10107 1:0 9753
9494 10106 1:0 9764
9495 11615 1:0 9769
9495 10076 1:0 9797
9504 10074 1:0 9877
9504 10075 1:0 9885
9512 10073 1:0 9895
9531 11515 1:0 9900
9625 10043 1:0 9928
9626 10042 1:0 10008
9635 10041 1:0 10015
9635 10040 1:0 10026
9641 11516 1:0 10031
9645 10008 1:0 10059
9674 10010 1:0 10139
9756 10009 1:0 10147
9757 10007 1:0 10157
9766 11682 1:0 10162
9766 9977 1:0 10190
9772 9975 1:0 10270
9777 9976 1:0 10278
9805 9974 1:0 10288
9887 11647 1:0 10293
9888 9944 1:0 10321
9897 9942 1:0 10401
9897 9943 1:0 10409
9903 9941 1:0 10419
9908 11419 1:0 10424
9936 9911 1:0 10452
10018 9910 1:0 10532
10019 9909 1:0 10539
10028 9908 1:0 10550
10028 11648 1:0 10555
10034 9878 1:0 10583
10054 9877 1:0 10663
10067 9876 1:0 10670
10149 9875 1:0 10681
10150 11614 1:0 10686
10159 9845 1:0 10714
10159 9844 1:0 10794
10165 9843 1:0 10801
10185 9842 1:0 10812
10186 5480 1:0 11081
10280 11416 1:0 10817
10281 9812 1:0 10845
10281 9810 1:0 10925
10290 9811 1:0 10933
10290 9809 1:0 10943
10298 11581 1:0 10958
10317 11548 1:0 11030
10329 5484 1:0 11078
10411 11549 1:0 11061
10412 11317 1:0 11072
10421 5487 1:0 11081
10421 5485 1:0 11109
10421 5486 1:0 11109
10421 5482 1:0 11160
10427 5483 1:0 11230
10431 11583 1:0 11282
10447 5629 1:0 11299
10460 11584 1:0 11293
10542 5633 1:0 11302
10542 5632 1:0 11311
10543 5630 1:0 11337
10543 5631 1:0 11384
10543 5768 1:0 11523
10552 11287 1:0 11514
10552 5634 1:0 11471
10552 5778 1:0 11520
10558 5781 1:0 11523
10560 5776 1:0 11551
10563 5780 1:0 11551
10578 5921 1:0 11754
10579 5777 1:0 11602
10591 5779 1:0 11682
10673 11517 1:0 11724
10674 11483 1:0 11735
10683 5925 1:0 11741
10683 5928 1:0 11744
10683 5923 1:0 11754
10683 5926 1:0 11782
10689 5924 1:0 11826
10689 5927 1:0 11912
10709 11551 1:0 11956
10710 6209 1:0 12183
10722 6074 1:0 11962
10804 6071 1:0 11965
10804 6072 1:0 11993
10805 6075 1:0 11993
10805 6070 1:0 12044
10805 6073 1:0 12124
10814 11320 1:0 12166
10814 11418 1:0 12177
10820 6222 1:0 12183
10820 6210 1:0 12186
10824 6220 1:0 12186
10840 6221 1:0 12214
10853 6219 1:0 12214
10853 6217 1:0 12265
10935 6218 1:0 12335
10935 6364 1:0 12404
10936 11383 1:0 12387
10936 6503 1:0 12628
10945 11449 1:0 12398
10945 6369 1:0 12407
10945 6365 1:0 12435
10951 6368 1:0 12435
10953 6367 1:0 12486
10956 6366 1:0 12565
10984 11319 1:0 12608
11025 6514 1:0 12625
11068 11384 1:0 12619
11069 6512 1:0 12628
11069 6516 1:0 12656
11078 6515 1:0 12656
11078 6511 1:0 12707
11078 6513 1:0 12786
11084 11352 1:0 12837
11088 11452 1:0 12846
11105 6661 1:0 12846
11117 6657 1:0 12849
11158 6658 1:0 12849
11166 6663 1:0 12877
11171 6798 1:0 13070
11186 6662 1:0 12877
11187 6659 1:0 12928
11236 5483 21:0 11281
11237 6660 1:0 13007
11257 11451 1:0 13055
11280 5482 21:0 11284
11283 5486 21:0 11284
11283 5485 21:0 11292
11289 11386 1:0 13061
11290 6806 1:0 13067
11290 6807 1:0 13070
11290 6808 1:0 13098
11291 5487 21:0 11295
11294 5480 21:0 11295
11294 5484 21:0 11295
11296 6809 1:0 13098
11296 6810 1:0 13149
11296 6805 1:0 13218
11299 11417 1:0 13271
11299 11385 1:0 13282
11305 6955 1:0 13288
11307 6956 1:0 13291
11310 6953 1:0 13300
11325 6944 1:0 13300
11326 6952 1:0 13327
11338 6954 1:0 13373
11379 6957 1:0 13460
11387 7097 1:0 13522
11408 11351 1:0 13503
11458 7101 1:0 13503
11477 5634 21:0 11502
11478 11353 1:0 13512
11501 5631 21:0 11505
11504 5630 21:0 11505
11504 5632 21:0 11513
11510 7100 1:0 13512
11510 7104 1:0 13522
11511 7099 1:0 13550
11511 7102 1:0 13594
11511 7103 1:0 13680
11512 5633 21:0 11516
11514 7393 1:0 13724
11515 5629 21:0 11516
11517 11350 1:0 13724
11520 7248 1:0 13730
11520 7247 1:0 13733
11520 7250 1:0 13761
11520 7246 1:0 13761
11526 7251 1:0 13812
11528 7249 1:0 13892
11547 11318 1:0 13938
11559 7541 1:0 13942
11613 11286 1:0 13951
11629 7543 1:0 13951
11630 7395 1:0 13954
11641 5768 21:0 11685
11679 7391 1:0 13954
11681 7396 1:0 13962
11688 5779 21:0 11723
11689 7385 1:0 13962
11689 7386 1:0 13962
11689 7538 1:0 14203
11699 7397 1:0 13989
11722 5777 21:0 11726
11725 5776 21:0 11726
11725 5780 21:0 11734
11731 7394 1:0 14036
11731 7398 1:0 14123
11732 11285 1:0 14159
11732 7545 1:0 14175
11733 5781 21:0 11737
11736 5778 21:0 11737
11738 11284 1:0 14166
11741 11253 1:0 14175
11741 7544 1:0 14203
11741 7540 1:0 14254
11747 7542 1:0 14333
11751 11252 1:0 14380
11780 11251 1:0 14391
11821 7687 1:0 14393
11829 7689 1:0 14396
11834 7780 1:0 14605
11849 7691 1:0 14424
11850 7688 1:0 14424
11892 5921 21:0 11916
11900 7692 1:0 14475
11910 7690 1:0 14555
11922 5927 21:0 11944
11943 5924 21:0 11947
11946 5926 21:0 11947
11946 5923 21:0 11955
11954 5928 21:0 11958
11957 5925 21:0 11958
12130 6073 21:0 12165
12164 6070 21:0 12168
12167 6075 21:0 12168
12167 6072 21:0 12176
12175 6071 21:0 12179
12178 6074 21:0 12179
12341 6218 21:0 12386
12385 6217 21:0 12389
12388 6219 21:0 12389
12388 6221 21:0 12397
12396 6210 21:0 12397
12396 6220 21:0 12400
12399 6209 21:0 12400
12399 6222 21:0 12406
12575 6366 21:0 12607
12606 6367 21:0 12610
12609 6368 21:0 12610
12609 6365 21:0 12618
12617 6369 21:0 12621
12620 6364 21:0 12621
12746 6503 21:0 12790
12796 6513 21:0 12828
12827 6511 21:0 12831
12830 6515 21:0 12831
12830 6516 21:0 12839
12838 6512 21:0 12842
12841 6514 21:0 12842
13017 6660 21:0 13049
13048 6659 21:0 13052
13051 6662 21:0 13052
13051 6663 21:0 13060
13059 6658 21:0 13063
13062 6657 21:0 13063
13062 6661 21:0 13063
13228 6805 21:0 13270
13269 6810 21:0 13273
13272 6808 21:0 13273
13272 6809 21:0 13281
13280 6807 21:0 13284
13283 6806 21:0 13284
13283 6798 21:0 13284
13409 6944 21:0 13453
13466 6957 21:0 13491
13490 6954 21:0 13494
13493 6952 21:0 13494
13493 6953 21:0 13502
13501 6956 21:0 13505
13504 6955 21:0 13505
13660 7097 21:0 13684
13690 7103 21:0 13712
13711 7102 21:0 13715
13714 7099 21:0 13715
13714 7104 21:0 13723
13722 7100 21:0 13726
13725 7101 21:0 13726
13898 7249 21:0 13933
13932 7251 21:0 13936
13935 7246 21:0 13936
13935 7250 21:0 13944
13943 7247 21:0 13947
13946 7248 21:0 13947
14069 7386 21:0 14115
14129 7398 21:0 14154
14153 7394 21:0 14157
14156 7397 21:0 14157
14156 7396 21:0 14165
14164 7395 21:0 14168
14167 7385 21:0 14168
14167 7391 21:0 14168
14167 7393 21:0 14174
14343 7542 21:0 14375
14374 7540 21:0 14378
14377 7544 21:0 14378
14377 7538 21:0 14386
14385 7545 21:0 14386
14385 7543 21:0 14389
14388 7541 21:0 14389
14561 7690 21:0 52
