150 15196 0:0 152
150 15199 0:0 152
151 15195 0:0 152
151 15187 0:0 152
151 15194 0:0 152
151 15197 0:0 152
151 15200 0:0 152
188 15380 21:0 204
206 15394 21:0 214
213 15396 0:0 214
213 15395 21:0 280
227 15405 0:0 228
268 15413 0:0 269
278 15397 0:0 280
282 15427 21:0 290
289 15429 0:0 290
289 15426 0:0 290
289 15428 21:0 356
354 15430 0:0 356
358 15460 21:0 366
365 15462 0:0 366
365 15461 21:0 432
414 15472 0:0 416
420 15476 0:0 421
420 15479 0:0 421
430 15463 0:0 432
434 15493 21:0 442
441 15495 0:0 442
441 15494 21:0 508
506 15496 0:0 508
510 15526 21:0 518
517 15528 0:0 518
517 15527 21:0 584
582 15529 0:0 584
586 15559 21:0 594
593 15560 0:0 594
593 15561 21:0 660
648 15575 0:0 649
658 15562 0:0 660
662 15592 21:0 670
669 15594 0:0 670
669 15593 21:0 736
724 15610 0:0 725
734 15595 0:0 736
738 15625 21:0 746
745 15626 0:0 746
745 15624 0:0 746
745 15627 21:0 812
800 15641 0:0 801
810 15628 0:0 812
814 15658 21:0 822
821 15659 0:0 822
821 15660 21:0 888
886 15661 0:0 888
887 15689 0:0 888
887 15678 0:0 888
890 15691 21:0 898
897 15693 0:0 898
897 15692 21:0 964
911 15702 0:0 912
962 15694 0:0 964
963 15711 0:0 964
966 15724 21:0 974
973 15726 0:0 974
973 15725 21:0 1040
1022 15736 0:0 1024
1038 15727 0:0 1040
1042 15757 21:0 1050
1049 15759 0:0 1050
1049 15758 21:0 1116
1062 15749 0:0 1064
1104 15773 0:0 1105
1114 15760 0:0 1116
1118 15790 21:0 1126
1125 15791 0:0 1126
1125 15792 21:0 1192
1139 15801 0:0 1140
1174 15802 0:0 1176
1180 15809 0:0 1181
1190 15793 0:0 1192
1194 15823 21:0 1202
1201 15825 0:0 1202
1201 15824 21:0 1268
1215 15834 0:0 1216
1266 15826 0:0 1268
1270 15856 21:0 1278
1277 15857 0:0 1278
1277 15858 21:0 1344
1326 15868 0:0 1328
1332 15874 0:0 1333
1332 15875 0:0 1333
1332 15872 0:0 1333
1342 15859 0:0 1344
1346 15889 21:0 1354
1353 15891 0:0 1354
1353 15890 21:0 1420
1408 15908 0:0 1409
1418 15892 0:0 1420
1422 15922 21:0 1430
1429 15923 0:0 1430
1429 15924 21:0 1496
1494 15925 0:0 1496
1498 15955 21:0 1506
1505 15957 0:0 1506
1505 15956 0:0 1506
1518 15967 21:0 1557
1555 15968 0:0 1557
1557 15974 0:0 1562
1557 15972 0:0 1562
1557 15975 0:0 1562
1564 15961 21:0 1573
1571 15976 0:0 1573
1571 15958 0:0 1573
1572 15987 21:0 1573
1574 15958 1:0 2879
1575 15989 21:0 1583
1582 15988 0:0 1583
1582 15991 0:0 1583
1582 15990 21:0 1649
1595 15981 0:0 1597
1595 15 0:0 1597
1596 16000 0:0 1597
1631 16001 0:0 1633
1637 16007 0:0 1638
1637 16008 0:0 1638
1637 16005 0:0 1638
1647 15992 0:0 1649
1648 16020 0:0 1649
1648 16009 0:0 1649
1648 15994 0:0 1649
1651 16022 21:0 1659
1658 16021 0:0 1659
1658 16024 0:0 1659
1658 16023 21:0 1725
1671 16014 0:0 1673
1672 16033 0:0 1673
1707 16034 0:0 1709
1713 16041 0:0 1714
1713 16040 0:0 1714
1713 16038 0:0 1714
1723 16025 0:0 1725
1724 16053 0:0 1725
1724 16042 0:0 1725
1724 16027 0:0 1725
1727 16055 21:0 1735
1734 16054 0:0 1735
1734 16057 0:0 1735
1734 16056 21:0 1801
1747 16047 0:0 1749
1748 16066 0:0 1749
1783 16067 0:0 1785
1789 16074 0:0 1790
1789 16071 0:0 1790
1789 16073 0:0 1790
1799 16058 0:0 1801
1800 16060 0:0 1801
1800 16075 0:0 1801
1800 16086 0:0 1801
1803 16088 21:0 1811
1810 16089 0:0 1811
1810 16087 0:0 1811
1810 16090 21:0 1877
1823 16080 0:0 1825
1824 16099 0:0 1825
1859 16100 0:0 1861
1865 16104 0:0 1866
1865 16106 0:0 1866
1865 16107 0:0 1866
1875 16091 0:0 1877
1876 16119 0:0 1877
1876 16108 0:0 1877
1876 16093 0:0 1877
1879 16121 21:0 1887
1886 16122 0:0 1887
1886 16120 0:0 1887
1886 16123 21:0 1953
1899 16113 0:0 1901
1900 16132 0:0 1901
1935 16133 0:0 1937
1941 16140 0:0 1942
1941 16137 0:0 1942
1941 16139 0:0 1942
1951 16124 0:0 1953
1952 16141 0:0 1953
1952 16152 0:0 1953
1952 16126 0:0 1953
1955 16154 21:0 1963
1962 16156 0:0 1963
1962 16153 0:0 1963
1962 16155 21:0 2029
1975 16146 0:0 1977
1976 16165 0:0 1977
2011 16166 0:0 2013
2017 16170 0:0 2018
2017 16173 0:0 2018
2017 16172 0:0 2018
2027 16157 0:0 2029
2028 16159 0:0 2029
2028 16185 0:0 2029
2028 16174 0:0 2029
2031 16187 21:0 2039
2038 16188 0:0 2039
2038 16186 0:0 2039
2038 16189 21:0 2105
2051 123 0:0 2053
2051 16179 0:0 2053
2052 16198 0:0 2053
2087 16199 0:0 2089
2093 16205 0:0 2094
2093 16206 0:0 2094
2093 16203 0:0 2094
2103 16190 0:0 2105
2104 16192 0:0 2105
2104 16218 0:0 2105
2107 16220 21:0 2115
2114 16222 0:0 2115
2114 16221 21:0 2181
2128 16231 0:0 2129
2169 16238 0:0 2170
2169 16239 0:0 2170
2179 16223 0:0 2181
2180 16225 0:0 2181
2180 16240 0:0 2181
2180 16251 0:0 2181
2183 16253 21:0 2191
2190 16252 0:0 2191
2190 16255 0:0 2191
2190 16254 21:0 2257
2203 16245 0:0 2205
2204 16264 0:0 2205
2239 16265 0:0 2241
2245 16271 0:0 2246
2245 16272 0:0 2246
2245 16269 0:0 2246
2255 16256 0:0 2257
2256 16273 0:0 2257
2256 16284 0:0 2257
2256 16258 0:0 2257
2259 16286 21:0 2267
2266 16285 0:0 2267
2266 16288 0:0 2267
2266 16287 21:0 2333
2279 177 0:0 2281
2279 16278 0:0 2281
2280 16297 0:0 2281
2321 16302 0:0 2322
2321 16304 0:0 2322
2321 16305 0:0 2322
2331 16289 0:0 2333
2332 16306 0:0 2333
2332 16291 0:0 2333
2335 16319 21:0 2343
2336 193 0:0 2338
2342 16320 0:0 2343
2342 16321 21:0 2409
2355 195 0:0 2357
2355 16311 0:0 2357
2356 16330 0:0 2357
2397 16335 0:0 2398
2407 16322 0:0 2409
2408 16324 0:0 2409
2408 16350 0:0 2409
2411 16352 21:0 2419
2418 16351 0:0 2419
2418 215 0:0 2419
2418 16354 0:0 2419
2418 16353 21:0 2485
2431 16344 0:0 2433
2467 16364 0:0 2469
2473 16371 0:0 2474
2473 16368 0:0 2474
2473 16370 0:0 2474
2483 16355 0:0 2485
2484 16383 0:0 2485
2487 16385 21:0 2495
2494 16386 0:0 2495
2494 16387 21:0 2561
2507 16377 0:0 2509
2559 16388 0:0 2561
2563 16418 21:0 2571
2570 16420 0:0 2571
2570 16419 21:0 2637
2583 249 0:0 2585
2635 16421 0:0 2637
2639 16451 21:0 2647
2646 16452 0:0 2647
2646 16453 21:0 2713
2711 16454 0:0 2713
2715 16484 21:0 2723
2722 16485 0:0 2723
2722 16486 21:0 2789
2787 16487 0:0 2789
2791 16517 21:0 2799
2798 16519 0:0 2799
2798 16518 21:0 2865
2863 16520 0:0 2865
2867 16550 21:0 2875
2874 16552 0:0 2875
2874 16551 21:0 2884
2876 15956 1:0 2885
2876 15957 1:0 2886
2883 16553 21:0 2894
2888 15955 1:0 2895
2889 15925 1:0 3001
2889 15908 1:0 3053
2893 16219 21:0 2899
2895 15924 1:0 3008
2897 15923 1:0 3007
2897 15922 1:0 3017
2898 16363 21:0 2899
2898 16337 21:0 2902
2901 16207 21:0 2902
2903 15892 1:0 3123
2914 340 21:0 2928
2921 15890 1:0 3129
2933 15891 1:0 3130
2973 15875 1:0 3175
2973 15874 1:0 3175
2978 16338 21:0 3003
3002 16236 21:0 3003
3002 16357 21:0 3006
3005 16212 21:0 3006
3005 16232 21:0 3013
3010 15889 1:0 3139
3011 15872 1:0 3175
3011 15868 1:0 3201
3011 15859 1:0 3245
3012 16318 21:0 3013
3012 16317 21:0 3016
3015 16339 21:0 3016
3015 16298 21:0 3021
3017 15858 1:0 3252
3019 15857 1:0 3251
3019 15834 1:0 3347
3020 16372 21:0 3021
3020 16331 21:0 3024
3022 15856 1:0 3261
3023 16397 21:0 3024
3023 16404 21:0 3047
3025 15826 1:0 3367
3025 249 1:0 3369
3044 15824 1:0 3373
3046 16384 21:0 3050
3095 15825 1:0 3374
3100 16403 21:0 3125
3124 16535 21:0 3125
3124 16528 21:0 3128
3127 16438 21:0 3128
3127 16390 21:0 3135
3132 15823 1:0 3383
3133 15809 1:0 3419
3133 15802 1:0 3445
3133 15801 1:0 3469
3133 15793 1:0 3489
3134 16483 21:0 3135
3141 15791 1:0 3495
3141 15792 1:0 3496
3151 15790 1:0 3505
3165 15773 1:0 3541
3253 16727 21:0 3257
3254 15760 1:0 3611
3255 15758 1:0 3617
3255 215 1:0 3623
3255 15749 1:0 3640
3263 15759 1:0 3618
3263 15757 1:0 3627
3269 15736 1:0 3689
3287 15727 1:0 3733
3288 195 1:0 3735
3376 15725 1:0 3739
3377 15726 1:0 3740
3377 193 1:0 3753
3377 15711 1:0 3777
3385 15724 1:0 3749
3385 15702 1:0 3835
3391 15694 1:0 3855
3394 16791 21:0 3416
3410 15692 1:0 3861
3498 177 1:0 3857
3498 15678 1:0 3899
3499 15693 1:0 3862
3499 15691 1:0 3871
3507 15689 1:0 3880
3507 15661 1:0 3977
3513 15660 1:0 3984
3532 15659 1:0 3983
3620 15658 1:0 3993
3621 15641 1:0 4029
3621 15628 1:0 4099
3629 15626 1:0 4105
3629 15627 1:0 4106
3635 15624 1:0 4109
3638 16905 21:0 3660
3653 15625 1:0 4115
3654 15610 1:0 4151
3741 16955 21:0 3745
3742 15595 1:0 4221
3743 123 1:0 4223
3743 15593 1:0 4227
3743 15575 1:0 4273
3751 15594 1:0 4228
3751 15592 1:0 4237
3761 15562 1:0 4343
3775 15472 1:0 4665
3864 15561 1:0 4350
3865 15560 1:0 4349
3873 15559 1:0 4359
3873 15529 1:0 4465
3879 15527 1:0 4471
3882 17019 21:0 3904
3898 15528 1:0 4472
3986 15526 1:0 4481
3987 15496 1:0 4587
3995 15494 1:0 4593
3995 15495 1:0 4594
4001 15493 1:0 4603
4004 17076 21:0 4026
4005 15476 1:0 4639
4019 15479 1:0 4639
4108 15463 1:0 4709
4109 15461 1:0 4715
4117 15462 1:0 4716
4117 15460 1:0 4725
4123 15430 1:0 4831
4126 17133 21:0 4148
4142 15428 1:0 4837
4230 15429 1:0 4838
4231 15426 1:0 4841
4231 15427 1:0 4847
4231 15413 1:0 4883
4239 15405 1:0 4933
4239 15397 1:0 4953
4239 15 1:0 4955
4245 15395 1:0 4959
4249 15380 1:0 5005
4263 341 1:0 6434
4352 15396 1:0 4960
4353 15394 1:0 4969
4361 17244 21:0 4363
4361 16553 1:0 6445
4473 17297 21:0 4477
4483 17301 21:0 4485
4595 17354 21:0 4599
4727 17415 21:0 4729
5084 17589 21:0 5123
5121 17590 0:0 5123
5123 17596 0:0 5128
5123 17597 0:0 5128
5123 17594 0:0 5128
5130 17583 21:0 5139
5137 17598 0:0 5139
5138 17609 21:0 5139
5141 17611 21:0 5149
5148 17613 0:0 5149
5148 17610 0:0 5149
5148 17612 21:0 5215
5161 17603 0:0 5163
5162 17622 0:0 5163
5197 17623 0:0 5199
5203 17629 0:0 5204
5203 17627 0:0 5204
5203 17630 0:0 5204
5213 17614 0:0 5215
5214 17616 0:0 5215
5214 17631 0:0 5215
5214 17642 0:0 5215
5217 17644 21:0 5225
5224 17643 0:0 5225
5224 17645 0:0 5225
5224 17646 21:0 5291
5237 17636 0:0 5239
5238 17655 0:0 5239
5273 17656 0:0 5275
5279 17662 0:0 5280
5279 17660 0:0 5280
5279 17663 0:0 5280
5289 17647 0:0 5291
5290 17664 0:0 5291
5290 17675 0:0 5291
5290 17649 0:0 5291
5293 17677 21:0 5301
5300 17676 0:0 5301
5300 17679 0:0 5301
5300 17678 21:0 5367
5313 17669 0:0 5315
5314 17688 0:0 5315
5349 17689 0:0 5351
5355 17693 0:0 5356
5355 17696 0:0 5356
5355 17695 0:0 5356
5365 17680 0:0 5367
5366 17697 0:0 5367
5366 17708 0:0 5367
5366 17682 0:0 5367
5369 17710 21:0 5377
5376 17711 0:0 5377
5376 17712 21:0 5443
5389 17702 0:0 5391
5390 17721 0:0 5391
5441 17713 0:0 5443
5442 17741 0:0 5443
5442 17730 0:0 5443
5442 17715 0:0 5443
5445 17743 21:0 5453
5452 17745 0:0 5453
5452 17744 21:0 5519
5517 17746 0:0 5519
5518 17763 0:0 5519
5518 17774 0:0 5519
5521 17776 21:0 5529
5528 17778 0:0 5529
5528 17775 0:0 5529
5528 17777 21:0 5595
5541 17768 0:0 5543
5542 17787 0:0 5543
5577 17788 0:0 5579
5583 17795 0:0 5584
5583 17792 0:0 5584
5583 17794 0:0 5584
5593 17779 0:0 5595
5594 17781 0:0 5595
5597 17809 21:0 5605
5604 17810 0:0 5605
5604 17811 21:0 5671
5653 17821 0:0 5655
5659 17827 0:0 5660
5659 17828 0:0 5660
5659 17825 0:0 5660
5669 17812 0:0 5671
5670 17814 0:0 5671
5673 17842 21:0 5681
5680 17844 0:0 5681
5680 17843 21:0 5747
5745 17845 0:0 5747
5746 17862 0:0 5747
5746 17873 0:0 5747
5749 17875 21:0 5757
5756 17874 0:0 5757
5756 17877 0:0 5757
5756 17876 21:0 5823
5769 17867 0:0 5771
5821 17878 0:0 5823
5825 17908 21:0 5833
5832 17910 0:0 5833
5832 17909 21:0 5899
5897 17911 0:0 5899
5901 17941 21:0 5909
5908 17943 0:0 5909
5908 17942 21:0 5975
5973 17944 0:0 5975
5977 17974 21:0 5985
5984 17975 0:0 5985
5984 17976 21:0 6051
6049 17977 0:0 6051
6053 18007 21:0 6061
6060 18009 0:0 6061
6060 18008 21:0 6127
6125 18010 0:0 6127
6129 18040 21:0 6137
6136 18042 0:0 6137
6136 18041 21:0 6203
6201 18043 0:0 6203
6205 18073 21:0 6213
6212 18074 0:0 6213
6212 18075 21:0 6279
6277 18076 0:0 6279
6281 18106 21:0 6289
6288 18107 0:0 6289
6288 18108 21:0 6355
6353 18109 0:0 6355
6357 18139 21:0 6365
6364 18140 0:0 6365
6364 18141 21:0 6431
6429 18142 0:0 6431
6433 18172 21:0 6441
6440 18173 0:0 6441
6440 18174 21:0 6450
6442 16551 1:0 6452
6442 16552 1:0 6453
6449 18175 21:0 6461
6455 16550 1:0 6463
6456 16535 1:0 6502
6456 16528 1:0 6555
6456 16520 1:0 6576
6460 17952 21:0 6467
6462 16518 1:0 6583
6465 16519 1:0 6584
6465 16517 1:0 6594
6466 17959 21:0 6467
6466 17829 21:0 6470
6468 16483 1:0 6707
6469 17729 21:0 6470
6471 16487 1:0 6707
6484 341 21:0 6498
6491 16486 1:0 6715
6504 16485 1:0 6714
6545 16727 1:0 6838
6551 17759 21:0 6578
6577 17761 21:0 6578
6577 17928 21:0 6581
6580 17920 21:0 6581
6580 17960 21:0 6589
6586 16484 1:0 6725
6587 16454 1:0 6838
6587 16453 1:0 6846
6588 17722 21:0 6589
6588 17820 21:0 6592
6591 17754 21:0 6592
6591 17961 21:0 6598
6593 16452 1:0 6845
6596 16451 1:0 6856
6596 16438 1:0 6886
6596 16390 1:0 6969
6597 17926 21:0 6598
6597 17807 21:0 6601
6599 16421 1:0 6969
6600 17893 21:0 6601
6600 17709 21:0 6621
6602 16419 1:0 6976
6602 16791 1:0 6992
6620 17858 21:0 6629
6622 16420 1:0 6977
6635 16418 1:0 6987
6676 16404 1:0 7017
6676 16403 1:0 7017
6682 17894 21:0 6709
6689 16397 1:0 7052
6708 17994 21:0 6709
6708 17728 21:0 6712
6711 17924 21:0 6712
6711 17880 21:0 6720
6717 16384 1:0 7100
6717 16955 1:0 7123
6718 16388 1:0 7100
6718 16387 1:0 7108
6719 17891 21:0 6720
6719 17990 21:0 6723
6722 17860 21:0 6723
6722 18005 21:0 6729
6724 16386 1:0 7107
6727 16385 1:0 7118
6727 16383 1:0 7128
6727 16377 1:0 7133
6727 16372 1:0 7148
6727 16905 1:0 7151
6728 17841 21:0 6729
6728 17887 21:0 6732
6730 16370 1:0 7157
6730 16357 1:0 7202
6731 17933 21:0 6732
6731 17755 21:0 6752
6733 16371 1:0 7157
6733 16368 1:0 7157
6733 16364 1:0 7183
6738 16355 1:0 7231
6751 17808 21:0 6760
6753 16363 1:0 7210
6753 16351 1:0 7242
6766 16353 1:0 7238
6807 16331 1:0 7254
6807 16339 1:0 7279
6813 17992 21:0 6840
6820 16338 1:0 7279
6839 17979 21:0 6840
6839 17913 21:0 6843
6842 17847 21:0 6843
6842 17854 21:0 6851
6848 16354 1:0 7239
6849 16352 1:0 7249
6849 16350 1:0 7259
6849 16344 1:0 7264
6849 16337 1:0 7288
6850 17985 21:0 6851
6850 17762 21:0 6854
6852 16335 1:0 7288
6853 17900 21:0 6854
6853 17840 21:0 6860
6855 16330 1:0 7341
6855 16318 1:0 7362
6858 16324 1:0 7346
6858 16322 1:0 7362
6859 17919 21:0 6860
6859 17726 21:0 6863
6861 16321 1:0 7370
6862 17834 21:0 6863
6862 17999 21:0 6883
6864 16320 1:0 7369
6869 16319 1:0 7380
6882 17895 21:0 6891
6884 16317 1:0 7390
6884 16311 1:0 7395
6885 16306 1:0 7410
6885 16298 1:0 7445
6897 16302 1:0 7419
6897 16305 1:0 7419
6938 16304 1:0 7419
6938 16297 1:0 7472
6944 18012 21:0 6971
6951 16291 1:0 7477
6970 18111 21:0 6971
6970 17748 21:0 6974
6973 17993 21:0 6974
6973 17742 21:0 6982
6979 16289 1:0 7493
6980 16287 1:0 7500
6981 17986 21:0 6982
6981 17886 21:0 6985
6983 16288 1:0 7501
6984 17940 21:0 6985
6984 17861 21:0 6991
6986 16285 1:0 7504
6986 17019 1:0 7520
6989 16286 1:0 7511
6989 16284 1:0 7521
6989 16278 1:0 7526
6989 16273 1:0 7541
6989 16271 1:0 7550
6990 18026 21:0 6991
6990 18137 21:0 6994
6992 16272 1:0 7550
6992 16265 1:0 7576
6993 17796 21:0 6994
6993 17957 21:0 7014
6995 16269 1:0 7550
6995 16256 1:0 7624
6997 16264 1:0 7603
7000 16258 1:0 7608
7013 18019 21:0 7022
7016 16254 1:0 7631
7028 16252 1:0 7635
7028 16251 1:0 7652
7069 17076 1:0 7651
7075 18131 21:0 7102
7101 17801 21:0 7102
7110 16255 1:0 7632
7111 16253 1:0 7642
7111 16245 1:0 7657
7111 16232 1:0 7672
7120 16240 1:0 7672
7120 16236 1:0 7681
7120 16239 1:0 7681
7120 16238 1:0 7681
7120 16223 1:0 7755
7126 16231 1:0 7734
7126 16225 1:0 7739
7126 16219 1:0 7755
7147 16221 1:0 7762
7159 17133 1:0 7778
7241 16222 1:0 7763
7242 16220 1:0 7773
7242 16218 1:0 7783
7242 16207 1:0 7803
7251 16212 1:0 7788
7251 16205 1:0 7812
7251 16203 1:0 7812
7251 16206 1:0 7812
7251 16199 1:0 7838
7251 16198 1:0 7865
7251 16192 1:0 7870
7257 16190 1:0 7886
7278 16189 1:0 7894
7290 16186 1:0 7897
7372 16188 1:0 7893
7373 16187 1:0 7904
7373 16185 1:0 7914
7373 16174 1:0 7934
7382 16179 1:0 7919
7382 16173 1:0 7943
7382 16172 1:0 7943
7382 16170 1:0 7943
7382 16166 1:0 7969
7382 16165 1:0 7996
7382 17244 1:0 8017
7388 16157 1:0 8017
7390 16159 1:0 8001
7421 16155 1:0 8024
7503 16156 1:0 8025
7504 16153 1:0 8028
7504 16154 1:0 8035
7504 16146 1:0 8050
7513 16152 1:0 8045
7513 16141 1:0 8065
7513 16140 1:0 8074
7513 16139 1:0 8074
7513 16137 1:0 8074
7513 16133 1:0 8100
7513 17297 1:0 8119
7519 16124 1:0 8148
7521 17301 1:0 8148
7524 16126 1:0 8132
7539 16132 1:0 8127
7540 16120 1:0 8159
7552 16113 1:0 8181
7634 16123 1:0 8156
7635 16122 1:0 8155
7635 16119 1:0 8176
7635 16108 1:0 8196
7644 16121 1:0 8166
7644 16106 1:0 8205
7644 16107 1:0 8205
7644 16104 1:0 8205
7644 16100 1:0 8231
7650 17354 1:0 8279
7655 16091 1:0 8279
7670 16093 1:0 8263
7671 16099 1:0 8258
7683 16087 1:0 8290
7765 16090 1:0 8287
7766 16089 1:0 8286
7766 16086 1:0 8307
7766 16080 1:0 8312
7775 16088 1:0 8297
7775 16075 1:0 8327
7775 16073 1:0 8336
7775 16074 1:0 8336
7775 16067 1:0 8362
7781 16071 1:0 8336
7781 17415 1:0 8410
7801 16058 1:0 8410
7802 16066 1:0 8389
7814 16060 1:0 8394
7896 16056 1:0 8417
7897 16057 1:0 8418
7897 16054 1:0 8421
7897 16047 1:0 8443
7906 16055 1:0 8428
7906 16053 1:0 8438
7906 16042 1:0 8458
7906 16038 1:0 8467
7906 16040 1:0 8467
7912 16041 1:0 8467
7912 16034 1:0 8493
7932 16025 1:0 8541
7933 16033 1:0 8520
7945 16027 1:0 8525
8025 17240 21:0 8030
8027 16023 1:0 8548
8028 16024 1:0 8549
8028 16021 1:0 8552
8028 16020 1:0 8569
8028 16014 1:0 8574
8037 16022 1:0 8559
8037 16009 1:0 8589
8037 16008 1:0 8598
8037 16005 1:0 8598
8037 16007 1:0 8598
8043 16001 1:0 8624
8048 15992 1:0 8672
8063 15994 1:0 8656
8064 16000 1:0 8651
8076 15988 1:0 8683
8158 15990 1:0 8679
8159 15991 1:0 8680
8159 15981 1:0 8705
8159 15976 1:0 8720
8168 15989 1:0 8690
8168 15987 1:0 8700
8168 15975 1:0 8725
8168 15974 1:0 8725
8168 15972 1:0 8725
8174 15968 1:0 8725
8174 15961 1:0 8774
8174 15967 1:0 8782
8195 18175 1:0 10168
8207 342 1:0 10172
8289 18174 1:0 10182
8290 18173 1:0 10181
8813 19211 21:0 8852
8850 19212 0:0 8852
8852 19219 0:0 8857
8852 19216 0:0 8857
8852 19218 0:0 8857
8859 19205 21:0 8868
8866 19220 0:0 8868
8867 19231 21:0 8868
8870 19233 21:0 8878
8877 19232 0:0 8878
8877 19234 0:0 8878
8877 19235 21:0 8944
8890 19225 0:0 8892
8891 19244 0:0 8892
8926 19245 0:0 8928
8932 19252 0:0 8933
8932 19251 0:0 8933
8932 19249 0:0 8933
8942 19236 0:0 8944
8943 19264 0:0 8944
8943 19238 0:0 8944
8943 19253 0:0 8944
8946 19266 21:0 8954
8953 19265 0:0 8954
8953 19268 0:0 8954
8953 19267 21:0 9020
8966 19258 0:0 8968
8967 19277 0:0 8968
9002 19278 0:0 9004
9008 19282 0:0 9009
9008 19285 0:0 9009
9008 19284 0:0 9009
9018 19269 0:0 9020
9019 19297 0:0 9020
9019 19286 0:0 9020
9019 19271 0:0 9020
9022 19299 21:0 9030
9029 19301 0:0 9030
9029 19298 0:0 9030
9029 19300 21:0 9096
9042 19291 0:0 9044
9043 19310 0:0 9044
9078 19311 0:0 9080
9084 19318 0:0 9085
9084 19317 0:0 9085
9084 19315 0:0 9085
9094 19302 0:0 9096
9095 19330 0:0 9096
9095 19319 0:0 9096
9095 19304 0:0 9096
9098 19332 21:0 9106
9105 19334 0:0 9106
9105 19331 0:0 9106
9105 19333 21:0 9172
9118 19324 0:0 9120
9119 19343 0:0 9120
9154 19344 0:0 9156
9160 19351 0:0 9161
9160 19350 0:0 9161
9160 19348 0:0 9161
9170 19335 0:0 9172
9171 19352 0:0 9172
9171 19363 0:0 9172
9171 19337 0:0 9172
9174 19365 21:0 9182
9181 19366 0:0 9182
9181 19367 21:0 9248
9194 19357 0:0 9196
9230 19377 0:0 9232
9236 19381 0:0 9237
9236 19384 0:0 9237
9236 19383 0:0 9237
9246 19368 0:0 9248
9247 19396 0:0 9248
9247 19385 0:0 9248
9247 19370 0:0 9248
9250 19398 21:0 9258
9257 19397 0:0 9258
9257 19399 0:0 9258
9257 19400 21:0 9324
9270 19390 0:0 9272
9271 19409 0:0 9272
9306 19410 0:0 9308
9312 19414 0:0 9313
9312 19416 0:0 9313
9312 19417 0:0 9313
9322 19401 0:0 9324
9323 19418 0:0 9324
9323 19429 0:0 9324
9326 19431 21:0 9334
9333 19432 0:0 9334
9333 19430 0:0 9334
9333 19433 21:0 9400
9346 19423 0:0 9348
9347 19442 0:0 9348
9382 19443 0:0 9384
9388 19447 0:0 9389
9388 19450 0:0 9389
9388 19449 0:0 9389
9398 19434 0:0 9400
9399 19436 0:0 9400
9399 19451 0:0 9400
9399 19462 0:0 9400
9402 19464 21:0 9410
9409 19466 0:0 9410
9409 19463 0:0 9410
9409 19465 21:0 9476
9422 19456 0:0 9424
9423 19475 0:0 9424
9458 19476 0:0 9460
9464 19482 0:0 9465
9464 19480 0:0 9465
9464 19483 0:0 9465
9474 19467 0:0 9476
9475 19495 0:0 9476
9475 19484 0:0 9476
9475 19469 0:0 9476
9478 19497 21:0 9486
9485 19498 0:0 9486
9485 19496 0:0 9486
9485 19499 21:0 9552
9498 19489 0:0 9500
9499 19508 0:0 9500
9534 19509 0:0 9536
9540 19516 0:0 9541
9540 19515 0:0 9541
9550 19500 0:0 9552
9554 19530 21:0 9562
9561 19532 0:0 9562
9561 19531 21:0 9628
9626 19533 0:0 9628
9630 19563 21:0 9638
9637 19564 0:0 9638
9637 19565 21:0 9704
9650 195 0:0 9652
9702 19566 0:0 9704
9706 19596 21:0 9714
9707 211 0:0 9709
9713 19597 0:0 9714
9713 19598 21:0 9780
9778 19599 0:0 9780
9782 19629 21:0 9790
9789 19630 0:0 9790
9789 19631 21:0 9856
9854 19632 0:0 9856
9858 19662 21:0 9866
9865 19664 0:0 9866
9865 19663 21:0 9932
9930 19665 0:0 9932
9934 19695 21:0 9942
9941 19697 0:0 9942
9941 19696 21:0 10008
10006 19698 0:0 10008
10010 19728 21:0 10018
10017 19730 0:0 10018
10017 19729 21:0 10084
10082 19731 0:0 10084
10086 19761 21:0 10094
10093 19762 0:0 10094
10093 19763 21:0 10160
10158 19764 0:0 10160
10162 19794 21:0 10170
10169 19796 0:0 10170
10169 19795 21:0 10179
10171 18172 1:0 10192
10178 19797 21:0 10190
10184 18142 1:0 10305
10185 18140 1:0 10312
10185 18141 1:0 10313
10189 19376 21:0 10196
10191 18139 1:0 10323
10194 18137 1:0 10333
10194 18131 1:0 10338
10194 18111 1:0 10420
10194 18109 1:0 10436
10195 19513 21:0 10196
10195 19364 21:0 10199
10198 19403 21:0 10199
10200 18107 1:0 10443
10200 18108 1:0 10444
10213 342 21:0 10227
10221 18106 1:0 10454
10233 17801 1:0 10459
10233 17957 1:0 10487
10274 18019 1:0 10487
10274 18026 1:0 10538
10280 19517 21:0 10307
10287 17861 1:0 10567
10306 19706 21:0 10307
10306 19713 21:0 10310
10309 19720 21:0 10310
10309 19614 21:0 10318
10315 18076 1:0 10567
10316 18075 1:0 10575
10317 19694 21:0 10318
10317 19744 21:0 10321
10319 18074 1:0 10574
10320 19579 21:0 10321
10320 19522 21:0 10327
10322 17940 1:0 10590
10322 17986 1:0 10618
10325 18073 1:0 10585
10325 17886 1:0 10618
10325 17993 1:0 10669
10326 19550 21:0 10327
10326 19746 21:0 10330
10328 18043 1:0 10698
10329 19740 21:0 10330
10329 19615 21:0 10351
10331 18012 1:0 10698
10331 18041 1:0 10705
10350 19561 21:0 10358
10352 18042 1:0 10706
10364 18040 1:0 10716
10405 17895 1:0 10721
10405 17919 1:0 10749
10411 19555 21:0 10438
10418 17999 1:0 10749
10437 19607 21:0 10438
10437 19582 21:0 10441
10440 19714 21:0 10441
10440 19667 21:0 10449
10446 17900 1:0 10800
10446 17985 1:0 10829
10447 18010 1:0 10829
10447 18008 1:0 10836
10448 19616 21:0 10449
10448 19673 21:0 10452
10451 19707 21:0 10452
10451 19681 21:0 10458
10453 18009 1:0 10837
10456 18007 1:0 10847
10456 17992 1:0 10852
10456 18005 1:0 10857
10456 17994 1:0 10877
10456 17990 1:0 10886
10457 19502 21:0 10458
10457 19621 21:0 10461
10459 17979 1:0 10944
10460 19747 21:0 10461
10460 19647 21:0 10481
10462 17977 1:0 10960
10467 17976 1:0 10968
10480 19608 21:0 10489
10483 17975 1:0 10967
10536 17974 1:0 10978
10542 19711 21:0 10569
10549 17933 1:0 10983
10568 19649 21:0 10569
10568 19641 21:0 10572
10571 19627 21:0 10572
10571 19678 21:0 10580
10577 211 1:0 10982
10577 17961 1:0 11008
10577 17960 1:0 11008
10577 17959 1:0 11017
10578 17952 1:0 11070
10578 17944 1:0 11091
10578 195 1:0 11093
10579 19601 21:0 10580
10579 19680 21:0 10583
10582 19528 21:0 10583
10582 19575 21:0 10589
10584 17942 1:0 11098
10587 17943 1:0 11099
10587 17941 1:0 11109
10588 19674 21:0 10589
10588 19715 21:0 10592
10590 17924 1:0 11114
10590 17926 1:0 11139
10591 19759 21:0 10592
10593 17928 1:0 11139
10593 17920 1:0 11174
10593 17913 1:0 11206
10598 17911 1:0 11222
10613 17887 1:0 11245
10708 17909 1:0 11229
10709 17910 1:0 11230
10709 17908 1:0 11240
10718 17891 1:0 11270
10718 17894 1:0 11270
10718 17893 1:0 11279
10718 17880 1:0 11337
10718 17878 1:0 11353
10726 17876 1:0 11360
10729 17874 1:0 11364
10744 17854 1:0 11376
10745 17860 1:0 11401
10757 17867 1:0 11386
10839 17877 1:0 11361
10840 17875 1:0 11371
10840 17873 1:0 11381
10840 17862 1:0 11401
10849 17847 1:0 11401
10849 17858 1:0 11410
10849 17841 1:0 11484
10849 17845 1:0 11484
10855 17843 1:0 11491
10876 17844 1:0 11492
10888 17834 1:0 11507
10970 17842 1:0 11502
10971 17840 1:0 11512
10971 17829 1:0 11532
10971 17827 1:0 11541
10971 17828 1:0 11541
10971 17821 1:0 11567
10971 17808 1:0 11586
10980 17825 1:0 11541
10980 17820 1:0 11594
10980 17814 1:0 11599
10980 17812 1:0 11615
10986 17811 1:0 11623
11007 17810 1:0 11622
11019 17796 1:0 11638
11101 17809 1:0 11633
11102 17807 1:0 11643
11102 17742 1:0 11666
11102 17794 1:0 11672
11102 17795 1:0 11672
11102 17788 1:0 11698
11102 17748 1:0 11717
11111 17792 1:0 11672
11111 17787 1:0 11725
11111 17781 1:0 11730
11111 17779 1:0 11746
11111 17240 1:0 11746
11119 17777 1:0 11753
11150 17778 1:0 11754
11232 17775 1:0 11757
11232 17762 1:0 11769
11232 17774 1:0 11774
11232 17768 1:0 11779
11233 17776 1:0 11764
11233 17755 1:0 11794
11233 17761 1:0 11794
11242 17763 1:0 11794
11242 17759 1:0 11803
11242 17754 1:0 11856
11242 17746 1:0 11877
11248 17744 1:0 11884
11269 17745 1:0 11885
11281 17726 1:0 11900
11363 17743 1:0 11895
11364 17741 1:0 11905
11364 17722 1:0 11925
11364 17730 1:0 11925
11364 17728 1:0 11925
11364 17729 1:0 11934
11364 17709 1:0 12008
11373 17721 1:0 11987
11373 17715 1:0 11992
11373 17713 1:0 12008
11379 17712 1:0 12016
11399 17711 1:0 12015
11400 17697 1:0 12056
11412 17708 1:0 12036
11494 17710 1:0 12026
11495 17702 1:0 12041
11495 17696 1:0 12065
11495 17693 1:0 12065
11495 17695 1:0 12065
11495 17689 1:0 12091
11495 17688 1:0 12118
11504 17682 1:0 12123
11504 17680 1:0 12139
11504 17676 1:0 12150
11510 17678 1:0 12146
11530 17679 1:0 12147
11531 17675 1:0 12167
11543 17669 1:0 12172
11625 17677 1:0 12157
11626 17664 1:0 12187
11626 17662 1:0 12196
11626 17660 1:0 12196
11626 17663 1:0 12196
11626 17656 1:0 12222
11626 17649 1:0 12254
11635 17655 1:0 12249
11635 17647 1:0 12270
11635 17643 1:0 12281
11641 17646 1:0 12278
11661 17645 1:0 12277
11662 17636 1:0 12303
11674 17631 1:0 12318
11756 17644 1:0 12288
11757 17642 1:0 12298
11757 17627 1:0 12327
11757 17630 1:0 12327
11757 17629 1:0 12327
11757 17623 1:0 12353
11757 17616 1:0 12385
11766 17622 1:0 12380
11766 17614 1:0 12401
11772 17612 1:0 12408
11777 17613 1:0 12409
11792 17610 1:0 12412
11793 17598 1:0 12449
11805 17603 1:0 12434
11887 17611 1:0 12419
11888 17609 1:0 12429
11888 17596 1:0 12454
11888 17594 1:0 12454
11888 17590 1:0 12454
11888 17597 1:0 12454
11888 17583 1:0 12503
11897 17589 1:0 12511
11897 19797 1:0 13903
11897 343 1:0 13892
11903 19795 1:0 13910
11923 19796 1:0 13911
11924 19759 1:0 13926
11936 19674 1:0 13954
12018 19715 1:0 13954
12542 20833 21:0 12581
12579 20834 0:0 12581
12581 20838 0:0 12586
12581 20840 0:0 12586
12581 20841 0:0 12586
12588 20827 21:0 12597
12595 20842 0:0 12597
12596 20853 21:0 12597
12599 20855 21:0 12607
12606 20854 0:0 12607
12606 20856 0:0 12607
12606 20857 21:0 12673
12619 20847 0:0 12621
12620 20866 0:0 12621
12655 20867 0:0 12657
12661 20874 0:0 12662
12661 20871 0:0 12662
12661 20873 0:0 12662
12671 20858 0:0 12673
12672 20860 0:0 12673
12672 20886 0:0 12673
12672 20875 0:0 12673
12675 20888 21:0 12683
12682 20887 0:0 12683
12682 20889 0:0 12683
12682 20890 21:0 12749
12695 20880 0:0 12697
12696 20899 0:0 12697
12731 20900 0:0 12733
12737 20906 0:0 12738
12737 20904 0:0 12738
12737 20907 0:0 12738
12747 20891 0:0 12749
12748 20919 0:0 12749
12748 20908 0:0 12749
12748 20893 0:0 12749
12751 20921 21:0 12759
12758 20920 0:0 12759
12758 20923 0:0 12759
12758 20922 21:0 12825
12771 20913 0:0 12773
12772 20932 0:0 12773
12807 20933 0:0 12809
12813 20937 0:0 12814
12813 20939 0:0 12814
12813 20940 0:0 12814
12823 20924 0:0 12825
12824 20952 0:0 12825
12824 20926 0:0 12825
12824 20941 0:0 12825
12827 20954 21:0 12835
12834 20955 0:0 12835
12834 20953 0:0 12835
12834 20956 21:0 12901
12847 20946 0:0 12849
12848 20965 0:0 12849
12883 20966 0:0 12885
12889 20973 0:0 12890
12889 20970 0:0 12890
12889 20972 0:0 12890
12899 20957 0:0 12901
12900 20974 0:0 12901
12900 20959 0:0 12901
12900 20985 0:0 12901
12903 20987 21:0 12911
12910 20988 0:0 12911
12910 20986 0:0 12911
12910 20989 21:0 12977
12923 20979 0:0 12925
12924 20998 0:0 12925
12959 20999 0:0 12961
12965 21003 0:0 12966
12965 21005 0:0 12966
12965 21006 0:0 12966
12975 20990 0:0 12977
12976 21018 0:0 12977
12976 20992 0:0 12977
12976 21007 0:0 12977
12979 21020 21:0 12987
12986 21019 0:0 12987
12986 21022 0:0 12987
12986 21021 21:0 13053
12999 21012 0:0 13001
13000 21031 0:0 13001
13035 21032 0:0 13037
13041 21039 0:0 13042
13041 21038 0:0 13042
13041 21036 0:0 13042
13051 21023 0:0 13053
13052 21025 0:0 13053
13052 21040 0:0 13053
13052 21051 0:0 13053
13055 21053 21:0 13063
13062 21052 0:0 13063
13062 21054 0:0 13063
13062 21055 21:0 13129
13075 21045 0:0 13077
13076 21064 0:0 13077
13111 21065 0:0 13113
13117 21071 0:0 13118
13117 21072 0:0 13118
13117 21069 0:0 13118
13127 21056 0:0 13129
13128 21058 0:0 13129
13131 21086 21:0 13139
13138 21085 0:0 13139
13138 21087 0:0 13139
13138 21088 21:0 13205
13187 21098 0:0 13189
13193 21104 0:0 13194
13193 21105 0:0 13194
13193 21102 0:0 13194
13203 21089 0:0 13205
13204 21117 0:0 13205
13204 21106 0:0 13205
13207 21119 21:0 13215
13214 21121 0:0 13215
13214 21118 0:0 13215
13214 21120 21:0 13281
13227 21111 0:0 13229
13279 21122 0:0 13281
13283 21152 21:0 13291
13290 21153 0:0 13291
13290 21154 21:0 13357
13355 21155 0:0 13357
13359 21185 21:0 13367
13366 21186 0:0 13367
13366 21187 21:0 13433
13431 21188 0:0 13433
13435 21218 21:0 13443
13442 21219 0:0 13443
13442 21220 21:0 13509
13507 21221 0:0 13509
13511 21251 21:0 13519
13518 21253 0:0 13519
13518 21252 21:0 13585
13583 21254 0:0 13585
13587 21284 21:0 13595
13594 21286 0:0 13595
13594 21285 21:0 13661
13659 21287 0:0 13661
13663 21317 21:0 13671
13670 21319 0:0 13671
13670 21318 21:0 13737
13735 21320 0:0 13737
13739 21350 21:0 13747
13746 21352 0:0 13747
13746 21351 21:0 13813
13811 21353 0:0 13813
13815 21383 21:0 13823
13822 21385 0:0 13823
13822 21384 21:0 13889
13887 21386 0:0 13889
13891 21416 21:0 13899
13898 21417 0:0 13899
13898 21418 21:0 13908
13900 19794 1:0 13921
13900 19680 1:0 14005
13907 21419 21:0 13919
13913 19711 1:0 14034
13913 19747 1:0 14057
13914 19764 1:0 14034
13914 19763 1:0 14042
13918 21131 21:0 13925
13920 19762 1:0 14041
13923 19761 1:0 14052
13923 19740 1:0 14082
13923 19746 1:0 14082
13923 19744 1:0 14091
13923 19707 1:0 14165
13924 21177 21:0 13925
13924 21078 21:0 13928
13927 21150 21:0 13928
13929 19731 1:0 14165
13931 19729 1:0 14172
13942 343 21:0 13956
13962 19730 1:0 14173
14009 21203 21:0 14036
14016 19728 1:0 14183
14035 21084 21:0 14036
14035 21183 21:0 14039
14038 21172 21:0 14039
14038 21164 21:0 14047
14044 19714 1:0 14188
14044 19720 1:0 14198
14044 19694 1:0 14213
14044 19713 1:0 14222
14045 19706 1:0 14275
14045 19698 1:0 14296
14045 19601 1:0 14319
14046 21205 21:0 14047
14046 21151 21:0 14050
14049 21170 21:0 14050
14049 21190 21:0 14056
14051 19696 1:0 14303
14054 19697 1:0 14304
14054 19695 1:0 14314
14055 21210 21:0 14056
14055 21201 21:0 14059
14057 19681 1:0 14347
14057 19678 1:0 14347
14058 21091 21:0 14059
14058 21171 21:0 14079
14060 19673 1:0 14398
14060 19667 1:0 14411
14062 19665 1:0 14427
14078 21196 21:0 14087
14081 19663 1:0 14434
14083 16620 0:0 14084
14093 19664 1:0 14435
14134 19627 1:0 14450
14134 19649 1:0 14475
14140 21216 21:0 14167
14147 19641 1:0 14475
14166 21157 21:0 14167
14166 21137 21:0 14170
14169 21197 21:0 14170
14169 21144 21:0 14178
14175 19662 1:0 14445
14176 19647 1:0 14484
14176 19608 1:0 14558
14176 19632 1:0 14558
14176 19621 1:0 14581
14177 16670 0:0 14178
14177 21130 21:0 14178
14177 21138 21:0 14181
14180 21184 21:0 14181
14180 21168 21:0 14187
14182 19631 1:0 14566
14185 19630 1:0 14565
14185 19629 1:0 14576
14186 21139 21:0 14187
14186 21073 21:0 14190
14188 19616 1:0 14606
14188 19615 1:0 14606
14189 21135 21:0 14190
14189 21124 21:0 14210
14191 19614 1:0 14615
14191 19599 1:0 14689
14193 19607 1:0 14668
14196 19575 1:0 14737
14209 21163 21:0 14218
14212 19598 1:0 14697
14265 19597 1:0 14696
14271 21204 21:0 14298
14278 19582 1:0 14737
14297 21097 21:0 14298
14297 21217 21:0 14301
14300 21237 21:0 14301
14300 21229 21:0 14309
14306 19596 1:0 14707
14307 19579 1:0 14746
14307 19566 1:0 14820
14307 19555 1:0 14843
14308 21236 21:0 14309
14308 21230 21:0 14312
14311 21234 21:0 14312
14311 16727 21:0 14318
14313 19565 1:0 14828
14316 19564 1:0 14827
14316 19563 1:0 14838
14317 21243 21:0 14318
14317 21269 21:0 14321
14319 19561 1:0 14848
14319 19550 1:0 14868
14320 21309 21:0 14321
14320 21335 21:0 14341
14322 19533 1:0 14951
14340 21304 21:0 14349
14342 19531 1:0 14958
14355 19532 1:0 14959
14437 19530 1:0 14969
14438 19528 1:0 14974
14438 19522 1:0 14984
14438 19517 1:0 14999
14438 19515 1:0 15008
14438 19513 1:0 15008
14438 19509 1:0 15034
14447 19516 1:0 15008
14447 19508 1:0 15061
14447 19502 1:0 15066
14447 19500 1:0 15082
14453 19499 1:0 15090
14474 19498 1:0 15089
14486 19496 1:0 15093
14568 19497 1:0 15100
14569 19495 1:0 15110
14569 19489 1:0 15115
14569 19484 1:0 15130
14569 19483 1:0 15139
14569 19480 1:0 15139
14569 19476 1:0 15165
14578 19482 1:0 15139
14578 19475 1:0 15192
14578 19469 1:0 15197
14578 19467 1:0 15213
14584 19465 1:0 15220
14586 19463 1:0 15224
14617 19466 1:0 15221
14699 19464 1:0 15231
14700 19462 1:0 15241
14700 19456 1:0 15246
14700 19451 1:0 15261
14700 19450 1:0 15270
14700 19449 1:0 15270
14700 19443 1:0 15296
14708 16902 21:0 14711
14709 19447 1:0 15270
14709 19442 1:0 15323
14709 19436 1:0 15328
14709 19434 1:0 15344
14715 19433 1:0 15352
14735 19432 1:0 15351
14736 19430 1:0 15355
14748 19429 1:0 15372
14830 19431 1:0 15362
14831 19423 1:0 15377
14831 19418 1:0 15392
14831 19414 1:0 15401
14831 19416 1:0 15401
14831 19417 1:0 15401
14831 19410 1:0 15427
14840 19409 1:0 15454
14840 19403 1:0 15459
14840 19401 1:0 15475
14840 19397 1:0 15486
14846 19400 1:0 15483
14848 19390 1:0 15508
14849 16962 21:0 14873
14867 19399 1:0 15482
14879 19385 1:0 15523
14961 19398 1:0 15493
14962 19396 1:0 15503
14962 19384 1:0 15532
14962 19383 1:0 15532
14962 19381 1:0 15532
14962 19377 1:0 15558
14962 19364 1:0 15577
14970 17016 21:0 14973
14971 19376 1:0 15585
14971 19370 1:0 15590
14971 19368 1:0 15606
14977 19367 1:0 15614
14982 19366 1:0 15613
14997 19352 1:0 15654
14998 19363 1:0 15634
15010 19357 1:0 15639
15092 19365 1:0 15624
15093 19348 1:0 15663
15093 19351 1:0 15663
15093 19350 1:0 15663
15093 19344 1:0 15689
15093 19343 1:0 15716
15093 19337 1:0 15721
15101 17073 21:0 15104
15102 19335 1:0 15737
15102 19333 1:0 15744
15105 19331 1:0 15748
15110 19334 1:0 15745
15141 19332 1:0 15755
15223 19330 1:0 15765
15223 19324 1:0 15770
15223 19319 1:0 15785
15223 19318 1:0 15794
15224 19315 1:0 15794
15224 19317 1:0 15794
15224 19311 1:0 15820
15224 19310 1:0 15847
15224 19304 1:0 15852
15224 19298 1:0 15879
15233 19302 1:0 15868
15233 19300 1:0 15875
15241 19301 1:0 15876
15242 17133 0:0 15263
15260 19299 1:0 15886
15272 19297 1:0 15896
15352 17183 21:0 15357
15354 19291 1:0 15901
15354 19286 1:0 15916
15354 19284 1:0 15925
15354 19285 1:0 15925
15355 19282 1:0 15925
15355 19278 1:0 15951
15355 19271 1:0 15983
15355 19269 1:0 15999
15364 19277 1:0 15978
15364 19267 1:0 16006
15364 19265 1:0 16010
15370 19268 1:0 16007
15390 19266 1:0 16017
15391 19258 1:0 16032
15403 19264 1:0 16027
15483 17240 21:0 15488
15485 19253 1:0 16047
15485 19251 1:0 16056
15485 19252 1:0 16056
15485 19245 1:0 16082
15486 19249 1:0 16056
15486 19244 1:0 16109
15486 19238 1:0 16114
15486 19236 1:0 16130
15495 19234 1:0 16137
15495 19235 1:0 16138
15501 19232 1:0 16141
15506 19233 1:0 16148
15521 19220 1:0 16178
15522 19231 1:0 16158
15534 19225 1:0 16163
15616 19219 1:0 16183
15616 19212 1:0 16183
15616 19216 1:0 16183
15616 19218 1:0 16183
15617 19205 1:0 16232
15617 19211 1:0 16240
15617 344 1:0 17621
15625 17301 21:0 15628
15626 21419 1:0 17632
15887 17415 21:0 15890
16271 22455 21:0 16310
16308 22456 0:0 16310
16310 22462 0:0 16315
16310 22463 0:0 16315
16310 22460 0:0 16315
16317 22449 21:0 16326
16324 22464 0:0 16326
16325 22475 21:0 16326
16328 22477 21:0 16336
16335 22476 0:0 16336
16335 22479 0:0 16336
16335 22478 21:0 16402
16348 22469 0:0 16350
16349 22488 0:0 16350
16384 22489 0:0 16386
16390 22495 0:0 16391
16390 22493 0:0 16391
16390 22496 0:0 16391
16400 22480 0:0 16402
16401 22497 0:0 16402
16401 22508 0:0 16402
16401 22482 0:0 16402
16404 22510 21:0 16412
16405 31 0:0 16407
16411 22509 0:0 16412
16411 22511 0:0 16412
16411 22512 21:0 16478
16424 22502 0:0 16426
16425 22521 0:0 16426
16460 22522 0:0 16462
16466 22529 0:0 16467
16466 22526 0:0 16467
16466 22528 0:0 16467
16476 22513 0:0 16478
16477 22515 0:0 16478
16477 22530 0:0 16478
16477 22541 0:0 16478
16480 22543 21:0 16488
16487 22542 0:0 16488
16487 22545 0:0 16488
16487 22544 21:0 16554
16500 22535 0:0 16502
16501 22554 0:0 16502
16536 22555 0:0 16538
16542 22559 0:0 16543
16542 22561 0:0 16543
16542 22562 0:0 16543
16552 22546 0:0 16554
16553 22548 0:0 16554
16553 22563 0:0 16554
16553 22574 0:0 16554
16556 22576 21:0 16564
16563 22578 0:0 16564
16563 22577 21:0 16630
16576 22568 0:0 16578
16577 22587 0:0 16578
16618 22594 0:0 16619
16618 22592 0:0 16619
16628 22579 0:0 16630
16629 22607 0:0 16630
16629 22596 0:0 16630
16629 22581 0:0 16630
16632 22609 21:0 16640
16633 85 0:0 16635
16639 22608 0:0 16640
16639 22611 0:0 16640
16639 22610 21:0 16706
16652 87 0:0 16654
16652 22601 0:0 16654
16704 22612 0:0 16706
16708 22642 21:0 16716
16715 22644 0:0 16716
16715 22641 0:0 16716
16715 22643 21:0 16782
16729 22653 0:0 16730
16764 22654 0:0 16766
16770 22661 0:0 16771
16770 22660 0:0 16771
16780 22645 0:0 16782
16781 22647 0:0 16782
16781 22673 0:0 16782
16781 22662 0:0 16782
16784 22675 21:0 16792
16791 22676 0:0 16792
16791 22677 21:0 16858
16805 22686 0:0 16806
16846 22691 0:0 16847
16856 22678 0:0 16858
16857 22680 0:0 16858
16860 22708 21:0 16868
16867 22710 0:0 16868
16867 22709 21:0 16934
16932 22711 0:0 16934
16933 22739 0:0 16934
16933 22728 0:0 16934
16936 22741 21:0 16944
16943 22743 0:0 16944
16943 22740 0:0 16944
16943 22742 21:0 17010
16956 22733 0:0 16958
17008 22744 0:0 17010
17012 22774 21:0 17020
17019 179 0:0 17020
17019 22775 0:0 17020
17019 22776 21:0 17086
17084 22777 0:0 17086
17088 22807 21:0 17096
17089 193 0:0 17091
17095 22809 0:0 17096
17095 197 0:0 17096
17095 22808 21:0 17162
17160 22810 0:0 17162
17164 22840 21:0 17172
17171 22842 0:0 17172
17171 22841 21:0 17238
17236 22843 0:0 17238
17240 22873 21:0 17248
17247 22875 0:0 17248
17247 22874 21:0 17314
17260 231 0:0 17262
17312 22876 0:0 17314
17316 22906 21:0 17324
17323 22908 0:0 17324
17323 22907 21:0 17390
17388 22909 0:0 17390
17392 22939 21:0 17400
17399 269 0:0 17400
17399 22940 0:0 17400
17399 22941 21:0 17466
17464 22942 0:0 17466
17468 22972 21:0 17476
17475 22974 0:0 17476
17475 22973 21:0 17542
17540 22975 0:0 17542
17544 23005 21:0 17552
17551 23006 0:0 17552
17551 23007 21:0 17618
17616 23008 0:0 17618
17620 23038 21:0 17628
17627 23039 0:0 17628
17627 23040 21:0 17637
17629 21417 1:0 17639
17629 21418 1:0 17640
17636 23041 21:0 17648
17642 21416 1:0 17650
17643 21304 1:0 17655
17643 16962 1:0 17683
17643 17073 1:0 17683
17643 21335 1:0 17734
17643 21309 1:0 17763
17643 21269 1:0 17786
17647 22892 21:0 17654
17649 21386 1:0 17763
17652 21384 1:0 17770
17652 21385 1:0 17771
17653 22720 21:0 17654
17653 22911 21:0 17657
17655 16620 1:0 17790
17655 17016 1:0 17814
17656 22852 21:0 17657
17658 21383 1:0 17781
17658 21243 1:0 17814
17660 16902 1:0 17865
17671 344 21:0 17685
17678 16727 1:0 17894
17691 21353 1:0 17894
17732 16670 1:0 17900
17732 21234 1:0 17917
17738 22625 21:0 17765
17764 22859 21:0 17765
17764 22694 21:0 17768
17767 22674 21:0 17768
17767 22719 21:0 17776
17773 21351 1:0 17901
17774 21352 1:0 17902
17774 21350 1:0 17912
17775 22752 21:0 17776
17775 22955 21:0 17779
17777 21236 1:0 17945
17778 22922 21:0 17779
17778 23003 21:0 17785
17780 21230 1:0 17945
17780 21229 1:0 17996
17783 21320 1:0 18025
17783 21237 1:0 18025
17783 269 1:0 18038
17784 22779 21:0 17785
17784 22851 21:0 17788
17786 21318 1:0 18032
17787 22786 21:0 17788
17787 22865 21:0 17808
17789 21319 1:0 18033
17789 21217 1:0 18048
17807 22926 21:0 17816
17809 21317 1:0 18043
17810 21204 1:0 18076
17810 21163 1:0 18076
17822 21124 1:0 18127
17822 21135 1:0 18156
17863 21139 1:0 18179
17869 22827 21:0 17896
17895 22990 21:0 17896
17895 22951 21:0 17899
17898 22838 21:0 17899
17898 22726 21:0 17907
17904 21287 1:0 18156
17905 21285 1:0 18163
17905 21286 1:0 18164
17906 22823 21:0 17907
17906 22629 21:0 17910
17909 22991 21:0 17910
17909 22918 21:0 17916
17911 21284 1:0 18174
17914 21184 1:0 18207
17914 21168 1:0 18207
17914 21138 1:0 18258
17914 21197 1:0 18287
17914 21254 1:0 18287
17915 22925 21:0 17916
17915 22707 21:0 17919
17917 231 1:0 18289
17918 22885 21:0 17919
17918 22713 21:0 17940
17920 21252 1:0 18294
17925 21253 1:0 18295
17939 22687 21:0 17947
17941 21251 1:0 18305
17953 21157 1:0 18310
17953 21216 1:0 18338
17994 21196 1:0 18338
17994 21171 1:0 18389
18000 22878 21:0 18027
18007 21201 1:0 18418
18026 22872 21:0 18027
18026 22860 21:0 18030
18029 22628 21:0 18030
18029 22773 21:0 18038
18035 21221 1:0 18418
18036 21220 1:0 18426
18037 22792 21:0 18038
18037 22871 21:0 18041
18039 21219 1:0 18425
18040 22856 21:0 18041
18042 21210 1:0 18441
18042 21190 1:0 18466
18045 21218 1:0 18436
18045 21205 1:0 18466
18045 21203 1:0 18475
18045 21170 1:0 18549
18051 21188 1:0 18549
18072 21187 1:0 18557
18084 197 1:0 18562
18166 21186 1:0 18556
18167 21185 1:0 18567
18167 193 1:0 18571
18167 21172 1:0 18572
18176 21183 1:0 18577
18176 21177 1:0 18582
18176 21164 1:0 18632
18176 21155 1:0 18680
18176 21151 1:0 18680
18184 21154 1:0 18688
18215 21153 1:0 18687
18297 179 1:0 18693
18297 21144 1:0 18703
18297 21150 1:0 18708
18297 21137 1:0 18728
18298 21152 1:0 18698
18298 21131 1:0 18763
18298 21130 1:0 18790
18307 21122 1:0 18811
18307 21120 1:0 18818
18315 21121 1:0 18819
18318 21118 1:0 18822
18333 21111 1:0 18844
18334 21117 1:0 18839
18346 21106 1:0 18859
18428 21119 1:0 18829
18429 21105 1:0 18868
18429 21102 1:0 18868
18429 21104 1:0 18868
18429 21098 1:0 18894
18429 21097 1:0 18913
18429 21091 1:0 18926
18438 21089 1:0 18942
18438 21088 1:0 18950
18446 21087 1:0 18949
18449 21085 1:0 18953
18464 21073 1:0 18965
18465 21078 1:0 18975
18477 21084 1:0 18970
18559 21086 1:0 18960
18560 17133 1:0 18969
18560 21071 1:0 18999
18560 21069 1:0 18999
18560 21072 1:0 18999
18560 21065 1:0 19025
18560 17183 1:0 19073
18569 21064 1:0 19052
18569 21058 1:0 19057
18569 21056 1:0 19073
18575 21055 1:0 19081
18595 21054 1:0 19080
18596 21052 1:0 19084
18608 21051 1:0 19101
18690 21053 1:0 19091
18691 21045 1:0 19106
18691 21040 1:0 19121
18691 21036 1:0 19130
18691 21038 1:0 19130
18691 21039 1:0 19130
18691 21032 1:0 19156
18700 21031 1:0 19183
18700 21025 1:0 19188
18700 17240 1:0 19204
18700 21023 1:0 19204
18706 21021 1:0 19211
18727 21022 1:0 19212
18739 21019 1:0 19215
18821 21020 1:0 19222
18822 21018 1:0 19232
18822 21012 1:0 19237
18822 21007 1:0 19252
18822 21003 1:0 19261
18822 21005 1:0 19261
18822 21006 1:0 19261
18831 20999 1:0 19287
18831 20998 1:0 19314
18831 20992 1:0 19319
18831 20990 1:0 19335
18831 17301 1:0 19335
18837 87 1:0 19337
18842 20989 1:0 19343
18857 20986 1:0 19346
18858 85 1:0 19357
18870 20979 1:0 19368
18952 20988 1:0 19342
18953 20987 1:0 19353
18953 20985 1:0 19363
18953 20974 1:0 19383
18962 20973 1:0 19392
18962 20972 1:0 19392
18962 20970 1:0 19392
18962 20966 1:0 19418
18962 20957 1:0 19466
18968 20965 1:0 19445
18968 20959 1:0 19450
18988 20956 1:0 19474
18989 20953 1:0 19477
19001 20941 1:0 19514
19083 20955 1:0 19473
19084 20954 1:0 19484
19084 20952 1:0 19494
19084 20946 1:0 19499
19093 20940 1:0 19523
19093 20939 1:0 19523
19093 20937 1:0 19523
19093 20933 1:0 19549
19093 20932 1:0 19576
19093 20926 1:0 19581
19093 17415 1:0 19597
19099 20924 1:0 19597
19120 20922 1:0 19604
19132 20920 1:0 19608
19214 20923 1:0 19605
19215 20921 1:0 19615
19215 20919 1:0 19625
19215 20908 1:0 19645
19224 20913 1:0 19630
19224 20907 1:0 19654
19224 20906 1:0 19654
19224 20904 1:0 19654
19224 20900 1:0 19680
19224 20899 1:0 19707
19224 20893 1:0 19712
19230 20891 1:0 19728
19251 20890 1:0 19736
19263 20887 1:0 19739
19345 20889 1:0 19735
19346 20888 1:0 19746
19346 31 1:0 19750
19346 20880 1:0 19761
19355 20886 1:0 19756
19355 20875 1:0 19776
19355 20871 1:0 19785
19355 20873 1:0 19785
19355 20874 1:0 19785
19355 20867 1:0 19811
19355 20866 1:0 19838
19361 20858 1:0 19859
19363 20860 1:0 19843
19394 20857 1:0 19867
19476 20856 1:0 19866
19477 20854 1:0 19870
19477 20855 1:0 19877
19477 20842 1:0 19907
19486 20853 1:0 19887
19486 20847 1:0 19892
19486 20834 1:0 19912
19486 20841 1:0 19912
19486 20838 1:0 19912
19486 20840 1:0 19912
19486 20827 1:0 19961
19486 20833 1:0 19969
19494 23041 1:0 21355
19497 345 1:0 21359
19607 23040 1:0 21369
20000 24077 21:0 20039
20037 24078 0:0 20039
20039 24085 0:0 20044
20039 24084 0:0 20044
20039 24082 0:0 20044
20046 24071 21:0 20055
20053 24086 0:0 20055
20054 24097 21:0 20055
20057 24099 21:0 20065
20064 24098 0:0 20065
20064 24100 0:0 20065
20064 24101 21:0 20131
20077 24091 0:0 20079
20078 24110 0:0 20079
20113 24111 0:0 20115
20119 24117 0:0 20120
20119 24118 0:0 20120
20119 24115 0:0 20120
20129 24102 0:0 20131
20130 24104 0:0 20131
20130 24130 0:0 20131
20130 24119 0:0 20131
20133 24132 21:0 20141
20140 24134 0:0 20141
20140 24131 0:0 20141
20140 24133 21:0 20207
20153 24124 0:0 20155
20154 24143 0:0 20155
20189 24144 0:0 20191
20195 24150 0:0 20196
20195 24151 0:0 20196
20195 24148 0:0 20196
20205 24135 0:0 20207
20206 24152 0:0 20207
20206 24137 0:0 20207
20206 24163 0:0 20207
20209 24165 21:0 20217
20216 24166 0:0 20217
20216 24164 0:0 20217
20216 24167 21:0 20283
20229 24157 0:0 20231
20230 24176 0:0 20231
20265 24177 0:0 20267
20271 24184 0:0 20272
20271 24183 0:0 20272
20271 24181 0:0 20272
20281 24168 0:0 20283
20282 24196 0:0 20283
20282 24170 0:0 20283
20282 24185 0:0 20283
20285 24198 21:0 20293
20292 24197 0:0 20293
20292 24200 0:0 20293
20292 24199 21:0 20359
20305 24190 0:0 20307
20306 24209 0:0 20307
20341 24210 0:0 20343
20347 24217 0:0 20348
20347 24214 0:0 20348
20347 24216 0:0 20348
20357 24201 0:0 20359
20358 24229 0:0 20359
20358 24218 0:0 20359
20358 24203 0:0 20359
20361 24231 21:0 20369
20368 24230 0:0 20369
20368 24232 0:0 20369
20368 24233 21:0 20435
20381 24223 0:0 20383
20382 24242 0:0 20383
20417 24243 0:0 20419
20423 24247 0:0 20424
20423 24249 0:0 20424
20423 24250 0:0 20424
20433 24234 0:0 20435
20434 24262 0:0 20435
20434 24236 0:0 20435
20434 24251 0:0 20435
20437 24264 21:0 20445
20444 24266 0:0 20445
20444 24263 0:0 20445
20444 24265 21:0 20511
20457 24256 0:0 20459
20458 24275 0:0 20459
20493 24276 0:0 20495
20499 24283 0:0 20500
20499 24280 0:0 20500
20499 24282 0:0 20500
20509 24267 0:0 20511
20510 24295 0:0 20511
20510 24284 0:0 20511
20510 24269 0:0 20511
20513 24297 21:0 20521
20520 24298 0:0 20521
20520 24296 0:0 20521
20520 24299 21:0 20587
20533 24289 0:0 20535
20534 24308 0:0 20535
20569 24309 0:0 20571
20575 24315 0:0 20576
20575 24316 0:0 20576
20575 24313 0:0 20576
20585 24300 0:0 20587
20586 24328 0:0 20587
20586 24317 0:0 20587
20586 24302 0:0 20587
20589 24330 21:0 20597
20596 24332 0:0 20597
20596 24329 0:0 20597
20596 24331 21:0 20663
20609 24322 0:0 20611
20610 24341 0:0 20611
20645 24342 0:0 20647
20651 24348 0:0 20652
20651 24346 0:0 20652
20651 24349 0:0 20652
20661 24333 0:0 20663
20662 24361 0:0 20663
20662 24335 0:0 20663
20662 24350 0:0 20663
20665 24363 21:0 20673
20672 24362 0:0 20673
20672 24364 0:0 20673
20672 24365 21:0 20739
20685 24355 0:0 20687
20686 24374 0:0 20687
20721 24375 0:0 20723
20727 24379 0:0 20728
20727 24381 0:0 20728
20727 24382 0:0 20728
20737 24366 0:0 20739
20738 24394 0:0 20739
20738 24368 0:0 20739
20738 24383 0:0 20739
20741 24396 21:0 20749
20748 24395 0:0 20749
20748 24397 0:0 20749
20748 24398 21:0 20815
20761 24388 0:0 20763
20762 24407 0:0 20763
20797 24408 0:0 20799
20803 24415 0:0 20804
20803 24412 0:0 20804
20803 24414 0:0 20804
20813 24399 0:0 20815
20814 24427 0:0 20815
20814 24416 0:0 20815
20814 24401 0:0 20815
20817 24429 21:0 20825
20824 24430 0:0 20825
20824 24428 0:0 20825
20824 24431 21:0 20891
20837 24421 0:0 20839
20838 24440 0:0 20839
20879 24447 0:0 20880
20879 24448 0:0 20880
20889 24432 0:0 20891
20890 24434 0:0 20891
20893 24462 21:0 20901
20900 24464 0:0 20901
20900 24463 21:0 20967
20965 24465 0:0 20967
20969 24495 21:0 20977
20976 24496 0:0 20977
20976 24497 21:0 21043
21041 24498 0:0 21043
21045 24528 21:0 21053
21052 24529 0:0 21053
21052 24530 21:0 21119
21117 24531 0:0 21119
21121 24561 21:0 21129
21128 24562 0:0 21129
21128 24563 21:0 21195
21193 24564 0:0 21195
21197 24594 21:0 21205
21204 24595 0:0 21205
21204 24596 21:0 21271
21269 24597 0:0 21271
21273 24627 21:0 21281
21280 24628 0:0 21281
21280 24629 21:0 21347
21345 24630 0:0 21347
21349 24660 21:0 21357
21356 24661 0:0 21357
21356 24662 21:0 21366
21358 23039 1:0 21368
21358 23038 1:0 21379
21365 24663 21:0 21377
21371 23008 1:0 21492
21372 23007 1:0 21500
21372 23003 1:0 21520
21372 22991 1:0 21540
21376 24445 21:0 21383
21378 23006 1:0 21499
21381 23005 1:0 21510
21381 22990 1:0 21549
21382 24441 21:0 21383
21382 24449 21:0 21386
21384 22975 1:0 21623
21385 24454 21:0 21386
21387 22973 1:0 21630
21400 345 21:0 21414
21407 22974 1:0 21631
21420 22972 1:0 21641
21461 22951 1:0 21671
21461 22955 1:0 21680
21467 24460 21:0 21494
21474 22856 1:0 21754
21493 24461 21:0 21494
21493 24467 21:0 21497
21496 24473 21:0 21497
21496 24480 21:0 21505
21502 22942 1:0 21754
21503 22941 1:0 21762
21504 24478 21:0 21505
21504 24481 21:0 21508
21506 22940 1:0 21761
21507 24474 21:0 21508
21507 24493 21:0 21514
21509 22925 1:0 21777
21509 22918 1:0 21802
21512 22939 1:0 21772
21512 22926 1:0 21802
21512 22922 1:0 21811
21513 24482 21:0 21514
21513 24487 21:0 21517
21515 22909 1:0 21885
21516 16617 21:0 21517
21516 24547 21:0 21537
21518 22911 1:0 21869
21518 22907 1:0 21892
21536 24539 21:0 21545
21538 22908 1:0 21893
21551 22906 1:0 21903
21592 22871 1:0 21908
21592 22872 1:0 21933
21598 24494 21:0 21625
21605 22885 1:0 21933
21624 24580 21:0 21625
21624 24632 21:0 21628
21627 24544 21:0 21628
21627 24581 21:0 21636
21633 22892 1:0 21942
21633 22878 1:0 22000
21633 22860 1:0 22039
21634 22876 1:0 22016
21634 22874 1:0 22023
21635 24626 21:0 21636
21635 24638 21:0 21639
21637 22859 1:0 22064
21640 22865 1:0 22049
21643 22875 1:0 22024
21643 22873 1:0 22034
21649 22852 1:0 22099
21649 22851 1:0 22126
21669 22843 1:0 22147
21764 22841 1:0 22154
21765 22842 1:0 22155
21765 22840 1:0 22165
21774 22838 1:0 22175
21774 22827 1:0 22195
21774 22823 1:0 22204
21774 22810 1:0 22278
21780 22808 1:0 22285
21801 22809 1:0 22286
21813 22792 1:0 22326
21895 22807 1:0 22296
21896 22773 1:0 22326
21896 22786 1:0 22361
21896 22779 1:0 22393
21905 22777 1:0 22409
21905 22776 1:0 22417
21911 22775 1:0 22416
21916 22774 1:0 22427
21931 22752 1:0 22519
22026 22744 1:0 22540
22027 22742 1:0 22547
22027 22743 1:0 22548
22035 16845 21:0 22038
22036 22740 1:0 22551
22036 22741 1:0 22558
22036 22713 1:0 22563
22036 22726 1:0 22588
22036 22707 1:0 22588
22039 22733 1:0 22573
22042 22739 1:0 22568
22042 22728 1:0 22588
22042 22720 1:0 22623
22063 22711 1:0 22671
22075 22719 1:0 22650
22157 22709 1:0 22678
22158 22710 1:0 22679
22158 22687 1:0 22719
22158 22694 1:0 22728
22167 22708 1:0 22689
22167 22691 1:0 22728
22167 22686 1:0 22781
22167 22674 1:0 22802
22173 22678 1:0 22802
22175 22680 1:0 22786
22206 22677 1:0 22810
22288 22676 1:0 22809
22289 22675 1:0 22820
22289 22673 1:0 22830
22289 22662 1:0 22850
22298 22660 1:0 22859
22298 22661 1:0 22859
22298 22654 1:0 22885
22298 22653 1:0 22912
22298 22645 1:0 22933
22304 22647 1:0 22917
22307 16962 21:0 22331
22309 22643 1:0 22940
22337 22644 1:0 22941
22417 17012 21:0 22422
22419 22641 1:0 22944
22419 22629 1:0 22981
22419 22628 1:0 22981
22419 22625 1:0 22990
22420 22642 1:0 22951
22420 22608 1:0 23075
22429 22612 1:0 23064
22429 22610 1:0 23071
22435 22611 1:0 23072
22455 22609 1:0 23082
22456 22601 1:0 23097
22468 22596 1:0 23112
22550 22607 1:0 23092
22550 22594 1:0 23121
22550 22592 1:0 23121
22550 22581 1:0 23179
22551 22587 1:0 23174
22551 22579 1:0 23195
22551 22574 1:0 23223
22559 17073 21:0 22562
22560 22577 1:0 23202
22560 22578 1:0 23203
22566 22576 1:0 23213
22568 22563 1:0 23243
22571 22568 1:0 23228
22586 22555 1:0 23278
22587 22562 1:0 23252
22599 22561 1:0 23252
22681 22559 1:0 23252
22681 22554 1:0 23305
22681 22548 1:0 23310
22681 22542 1:0 23337
22682 22546 1:0 23326
22682 22535 1:0 23359
22691 22544 1:0 23333
22691 22545 1:0 23334
22697 22543 1:0 23344
22699 22530 1:0 23374
22700 17133 21:0 22724
22702 22541 1:0 23354
22717 22528 1:0 23383
22718 22529 1:0 23383
22718 22526 1:0 23383
22730 22522 1:0 23409
22812 22513 1:0 23457
22813 22521 1:0 23436
22813 22515 1:0 23441
22813 22512 1:0 23465
22822 22511 1:0 23464
22822 22509 1:0 23468
22822 22508 1:0 23485
22822 22497 1:0 23505
22828 22510 1:0 23475
22830 22502 1:0 23490
22833 22493 1:0 23514
22848 22496 1:0 23514
22849 22489 1:0 23540
22861 22495 1:0 23514
22941 17240 21:0 22946
22943 22480 1:0 23588
22944 22488 1:0 23567
22944 22482 1:0 23572
22944 22478 1:0 23595
22944 22476 1:0 23599
22953 22479 1:0 23596
22953 22477 1:0 23606
22959 22475 1:0 23616
22959 22469 1:0 23621
22959 22464 1:0 23636
22961 22449 1:0 23690
22962 17247 21:0 22986
22964 22460 1:0 23641
22979 22463 1:0 23641
22980 22456 1:0 23641
22980 22462 1:0 23641
22992 22455 1:0 23698
23074 346 1:0 25079
23075 24663 1:0 25090
23093 17304 21:0 23117
23214 17358 21:0 23217
23465 17468 21:0 23470
23486 17475 0:0 23507
23675 17532 21:0 23695
23729 25699 21:0 23768
23766 25700 0:0 23768
23768 25704 21:0 23784
23772 25707 0:0 23773
23783 25693 21:0 23784
23783 25708 0:0 23784
23783 25719 0:0 23784
23786 25721 21:0 23794
23793 25722 0:0 23794
23793 25723 21:0 23860
23806 25713 0:0 23808
23848 25739 0:0 23849
23848 25737 0:0 23849
23858 25724 0:0 23860
23859 25752 0:0 23860
23859 25726 0:0 23860
23859 25741 0:0 23860
23862 25754 21:0 23870
23869 25756 0:0 23870
23869 25753 0:0 23870
23869 25755 21:0 23936
23882 25746 0:0 23884
23883 25765 0:0 23884
23918 25766 0:0 23920
23924 25770 0:0 23925
23934 25757 0:0 23936
23935 25785 0:0 23936
23935 25759 0:0 23936
23935 25774 0:0 23936
23938 25787 21:0 23946
23945 25786 0:0 23946
23945 25789 0:0 23946
23945 25788 21:0 24012
23958 25779 0:0 23960
23958 51 0:0 23960
23959 25798 0:0 23960
24000 25805 0:0 24001
24000 25806 0:0 24001
24000 25803 0:0 24001
24010 25790 0:0 24012
24011 25807 0:0 24012
24014 25820 21:0 24022
24021 25819 0:0 24022
24021 25821 0:0 24022
24021 25822 21:0 24088
24034 25812 0:0 24036
24035 25831 0:0 24036
24070 25832 0:0 24072
24076 25839 0:0 24077
24076 25838 0:0 24077
24076 25836 0:0 24077
24086 25823 0:0 24088
24090 25853 21:0 24098
24097 25854 0:0 24098
24097 25855 21:0 24164
24110 87 0:0 24112
24152 25871 0:0 24153
24162 25856 0:0 24164
24163 25873 0:0 24164
24166 25886 21:0 24174
24173 25887 0:0 24174
24173 25888 21:0 24240
24186 25878 0:0 24188
24222 25898 0:0 24224
24228 25905 0:0 24229
24238 25889 0:0 24240
24239 25906 0:0 24240
24242 25919 21:0 24250
24249 25921 0:0 24250
24249 25920 21:0 24316
24262 25911 0:0 24264
24262 123 0:0 24264
24314 25922 0:0 24316
24315 25924 0:0 24316
24318 25952 21:0 24326
24325 25954 0:0 24326
24325 25951 0:0 24326
24325 143 0:0 24326
24325 25953 21:0 24392
24390 25955 0:0 24392
24394 25985 21:0 24402
24401 25984 0:0 24402
24401 25987 0:0 24402
24401 25986 21:0 24468
24414 25977 0:0 24416
24466 25988 0:0 24468
24470 26018 21:0 24478
24477 26019 0:0 24478
24477 179 0:0 24478
24477 26020 21:0 24544
24542 26021 0:0 24544
24543 26023 0:0 24544
24543 26049 0:0 24544
24546 26051 21:0 24554
24547 193 0:0 24549
24553 26050 0:0 24554
24553 26053 0:0 24554
24553 26052 21:0 24620
24567 26062 0:0 24568
24608 26067 0:0 24609
24618 26054 0:0 24620
24619 26082 0:0 24620
24619 26056 0:0 24620
24622 26084 21:0 24630
24629 26086 0:0 24630
24629 26085 21:0 24696
24643 26095 0:0 24644
24694 26087 0:0 24696
24698 26117 21:0 24706
24705 26119 0:0 24706
24705 26118 21:0 24772
24754 26129 0:0 24756
24770 26120 0:0 24772
24774 26150 21:0 24782
24781 26151 0:0 24782
24781 26152 21:0 24848
24846 26153 0:0 24848
24850 26183 21:0 24858
24857 26185 0:0 24858
24857 26184 21:0 24924
24922 26186 0:0 24924
24926 26216 21:0 24934
24933 26217 0:0 24934
24933 26218 21:0 25000
24998 26219 0:0 25000
25002 26249 21:0 25010
25009 26251 0:0 25010
25009 26250 21:0 25076
25074 26252 0:0 25076
25078 26282 21:0 25086
25085 26283 0:0 25086
25085 26284 21:0 25095
25087 24661 1:0 25097
25087 24662 1:0 25098
25094 26285 21:0 25106
25100 24626 1:0 25141
25100 24638 1:0 25141
25100 24632 1:0 25192
25100 340 1:0 2877
25101 24660 1:0 25108
25101 16617 1:0 25221
25105 25706 21:0 25112
25107 24630 1:0 25221
25110 24628 1:0 25228
25110 24629 1:0 25229
25111 25772 21:0 25112
25111 25983 21:0 25115
25114 25884 21:0 25115
25116 24627 1:0 25239
25116 24597 1:0 25352
25129 346 21:0 25143
25137 24596 1:0 25360
25149 24581 1:0 25400
25231 24595 1:0 25359
25232 24594 1:0 25370
25232 24580 1:0 25409
25232 24544 1:0 25483
25241 24564 1:0 25483
25241 24563 1:0 25491
25249 24562 1:0 25490
25280 24561 1:0 25501
25362 16845 1:0 25506
25362 24494 1:0 25531
25362 24539 1:0 25531
25362 24547 1:0 25540
25363 24531 1:0 25614
25363 24487 1:0 25614
25372 24529 1:0 25621
25372 24530 1:0 25622
25378 24528 1:0 25632
25380 24482 1:0 25637
25383 24493 1:0 25665
25398 24474 1:0 25665
25399 24481 1:0 25716
25411 24478 1:0 25745
25493 24498 1:0 25745
25494 24497 1:0 25753
25494 24480 1:0 25768
25494 24467 1:0 25796
25503 24496 1:0 25752
25503 24495 1:0 25763
25509 24473 1:0 25796
25509 24461 1:0 25847
25509 24460 1:0 25876
25530 24465 1:0 25876
25542 24454 1:0 25899
25624 24463 1:0 25883
25625 24464 1:0 25884
25625 24441 1:0 25924
25625 24449 1:0 25924
25634 24462 1:0 25894
25634 24445 1:0 25933
25634 24448 1:0 25933
25634 24447 1:0 25933
25640 24432 1:0 26007
25642 24434 1:0 25991
25645 24440 1:0 25986
25660 24428 1:0 26018
25755 24431 1:0 26015
25756 24430 1:0 26014
25756 24429 1:0 26025
25765 193 1:0 26029
25765 16962 1:0 26034
25765 24427 1:0 26035
25765 24421 1:0 26040
25765 24416 1:0 26055
25765 24412 1:0 26064
25765 24414 1:0 26064
25765 24408 1:0 26090
25771 24415 1:0 26064
25776 24399 1:0 26138
25791 17012 1:0 26138
25792 24407 1:0 26117
25804 24401 1:0 26122
25886 24398 1:0 26146
25887 24397 1:0 26145
25887 24395 1:0 26149
25887 179 1:0 26151
25896 24396 1:0 26156
25896 24394 1:0 26166
25896 24388 1:0 26171
25896 24383 1:0 26186
25896 24379 1:0 26195
25902 24381 1:0 26195
25902 24382 1:0 26195
25902 24375 1:0 26221
25923 24366 1:0 26269
25935 17073 1:0 26269
26017 24374 1:0 26248
26017 24368 1:0 26253
26018 24364 1:0 26276
26018 24365 1:0 26277
26027 24362 1:0 26280
26027 24363 1:0 26287
26027 24361 1:0 26297
26027 24355 1:0 26302
26027 24350 1:0 26317
26033 24348 1:0 26326
26033 24346 1:0 26326
26033 24349 1:0 26326
26035 24342 1:0 26352
26066 24333 1:0 26400
26148 24341 1:0 26379
26148 24335 1:0 26384
26149 24331 1:0 26407
26149 24332 1:0 26408
26158 24329 1:0 26411
26158 143 1:0 26413
26158 24330 1:0 26418
26158 17133 1:0 26427
26158 24322 1:0 26433
26164 24328 1:0 26428
26164 24317 1:0 26448
26164 24309 1:0 26483
26166 24313 1:0 26457
26169 24316 1:0 26457
26184 24315 1:0 26457
26185 24308 1:0 26510
26197 24302 1:0 26515
26279 24300 1:0 26531
26280 123 1:0 26533
26280 24299 1:0 26539
26280 24296 1:0 26542
26289 24298 1:0 26538
26289 24297 1:0 26549
26295 24295 1:0 26559
26295 24289 1:0 26564
26295 24284 1:0 26579
26297 24280 1:0 26588
26300 24276 1:0 26614
26315 24282 1:0 26588
26316 24283 1:0 26588
26328 17240 1:0 26662
26410 24267 1:0 26662
26411 24275 1:0 26641
26411 24269 1:0 26646
26411 24265 1:0 26669
26420 24266 1:0 26670
26420 24263 1:0 26673
26420 24256 1:0 26695
26420 24251 1:0 26710
26426 24264 1:0 26680
26428 24262 1:0 26690
26431 17247 1:0 26689
26446 24243 1:0 26745
26447 24247 1:0 26719
26459 24249 1:0 26719
26541 24250 1:0 26719
26541 24242 1:0 26772
26541 24236 1:0 26777
26541 87 1:0 26795
26542 24234 1:0 26793
26542 24230 1:0 26804
26551 24232 1:0 26800
26551 24233 1:0 26801
26557 24231 1:0 26811
26559 17304 1:0 26820
26562 24229 1:0 26821
26577 24218 1:0 26841
26578 24223 1:0 26826
26590 24210 1:0 26876
26672 24217 1:0 26850
26672 24214 1:0 26850
26672 24216 1:0 26850
26672 17358 1:0 26924
26673 24209 1:0 26903
26673 24203 1:0 26908
26673 24201 1:0 26924
26682 24199 1:0 26931
26682 24200 1:0 26932
26688 24197 1:0 26935
26693 24198 1:0 26942
26708 24190 1:0 26957
26709 24185 1:0 26972
26721 24196 1:0 26952
26803 24183 1:0 26981
26803 24184 1:0 26981
26803 24181 1:0 26981
26803 24177 1:0 27007
26804 24176 1:0 27034
26804 24170 1:0 27039
26804 24168 1:0 27055
26813 51 1:0 27057
26813 24167 1:0 27063
26813 24164 1:0 27066
26819 24166 1:0 27062
26839 24165 1:0 27073
26840 24157 1:0 27088
26852 24152 1:0 27103
26934 24163 1:0 27083
26934 24151 1:0 27112
26934 24148 1:0 27112
26934 24150 1:0 27112
26935 24144 1:0 27138
26935 24135 1:0 27186
26935 17468 1:0 27186
26944 24143 1:0 27165
26944 24137 1:0 27170
26944 24133 1:0 27193
26944 24131 1:0 27197
26950 24134 1:0 27194
26971 24132 1:0 27204
26983 24119 1:0 27234
27065 17475 1:0 27213
27065 24130 1:0 27214
27065 17532 1:0 27237
27065 347 1:0 27237
27066 24124 1:0 27219
27066 24118 1:0 27239
27066 24117 1:0 27239
27066 24111 1:0 27239
27066 24115 1:0 27239
27066 24097 1:0 27288
27075 24110 1:0 27296
27075 24104 1:0 27301
27075 24071 1:0 27317
27075 24102 1:0 27317
27081 24101 1:0 27325
27083 24098 1:0 27328
27114 24100 1:0 27324
27196 24099 1:0 27335
27197 24077 1:0 27340
27197 24086 1:0 27341
27197 24091 1:0 27342
27197 24085 1:0 27370
27197 24084 1:0 27370
27197 24078 1:0 27370
27206 24082 1:0 27370
27206 26285 1:0 27450
27212 26284 1:0 27458
27217 26283 1:0 27457
27232 12701 1:0 27642
27233 12697 1:0 27622
27245 12696 1:0 27621
27327 26282 1:0 27468
27328 26252 1:0 27671
27328 12698 1:0 27631
27328 12699 1:0 27632
27337 26250 1:0 27678
27337 12700 1:0 27641
27343 26251 1:0 27679
27348 26249 1:0 27689
27363 12845 1:0 27852
27364 12843 1:0 27842
27376 12844 1:0 27843
27376 12846 1:0 27853
27460 26219 1:0 27892
27461 26218 1:0 27900
27461 12847 1:0 27862
27461 12848 1:0 27863
27470 26217 1:0 27899
27470 26216 1:0 27910
27476 12990 1:0 28063
27489 347 21:0 27503
27496 26186 1:0 28113
27497 12991 1:0 28064
27497 12992 1:0 28073
27509 12993 1:0 28074
27509 12994 1:0 28083
27550 12995 1:0 28084
27579 26184 1:0 28120
27639 26185 1:0 28121
27648 12701 21:0 27673
27671 12697 0:0 27673
27672 12700 0:0 27673
27672 12698 0:0 27673
27672 12699 0:0 27673
27672 12696 0:0 27673
27681 26183 1:0 28131
27682 13137 1:0 28284
27682 13138 1:0 28285
27682 13139 1:0 28294
27682 13140 1:0 28295
27682 13141 1:0 28304
27682 13142 1:0 28305
27691 26153 1:0 28334
27691 26152 1:0 28342
27699 26151 1:0 28341
27702 26129 1:0 28417
27730 26150 1:0 28352
27771 13287 1:0 28516
27779 13285 1:0 28506
27784 13284 1:0 28505
27799 13277 1:0 28466
27799 13283 1:0 28496
27799 13424 1:0 28687
27850 26120 1:0 28555
27860 13286 1:0 28515
27862 12845 21:0 27894
27893 12847 0:0 27894
27893 12844 0:0 27894
27893 12848 0:0 27894
27893 12843 0:0 27894
27893 12846 0:0 27894
27902 13288 1:0 28525
27902 13289 1:0 28526
27903 26118 1:0 28562
27903 26119 1:0 28563
27912 26117 1:0 28573
27912 26095 1:0 28665
27912 13431 1:0 28726
27912 13432 1:0 28727
27912 13434 1:0 28737
27920 26087 1:0 28775
27923 13433 1:0 28736
27938 13435 1:0 28746
27939 13436 1:0 28747
28000 26085 1:0 28783
28021 26086 1:0 28784
28022 13570 1:0 28907
28022 13576 1:0 28937
28071 26082 1:0 28804
28079 12990 21:0 28115
28081 26067 1:0 28833
28113 12991 0:0 28115
28114 12993 0:0 28115
28114 12992 0:0 28115
28114 12995 0:0 28115
28114 12994 0:0 28115
28123 26084 1:0 28794
28124 26062 1:0 28886
28124 26056 1:0 28891
28124 13578 1:0 28947
28124 13579 1:0 28948
28124 13580 1:0 28957
28124 13583 1:0 28968
28133 26054 1:0 28996
28133 13581 1:0 28958
28133 13582 1:0 28967
28139 26052 1:0 29004
28159 26053 1:0 29005
28160 26050 1:0 29008
28221 26051 1:0 29015
28226 26049 1:0 29025
28241 13717 1:0 29128
28241 13718 1:0 29129
28241 13724 1:0 29159
28292 26021 1:0 29100
28302 13728 1:0 29179
28311 13142 21:0 28336
28334 13138 0:0 28336
28335 13141 0:0 28336
28335 13139 0:0 28336
28335 13137 0:0 28336
28335 13140 0:0 28336
28344 26023 1:0 29112
28344 13725 1:0 29168
28344 13726 1:0 29169
28344 13727 1:0 29178
28345 13723 1:0 29158
28345 13729 1:0 29188
28345 13730 1:0 29189
28345 13871 1:0 29380
28354 26019 1:0 29225
28354 26020 1:0 29226
28360 26018 1:0 29236
28365 25988 1:0 29321
28380 13874 1:0 29399
28381 13873 1:0 29390
28393 13872 1:0 29389
28393 13875 1:0 29400
28434 13876 1:0 29409
28434 13877 1:0 29410
28463 25986 1:0 29446
28464 25984 1:0 29450
28513 25977 1:0 29472
28522 13287 21:0 28557
28523 25983 1:0 29467
28533 14012 1:0 29571
28533 14018 1:0 29601
28555 13285 0:0 28557
28556 13288 0:0 28557
28556 13289 0:0 28557
28556 13286 0:0 28557
28556 13284 0:0 28557
28556 13283 0:0 28557
28556 13277 0:0 28557
28565 25987 1:0 29447
28566 25985 1:0 29457
28566 14019 1:0 29610
28566 14021 1:0 29620
28575 25955 1:0 29542
28575 14020 1:0 29611
28575 14022 1:0 29621
28575 14023 1:0 29630
28575 14024 1:0 29631
28583 25953 1:0 29667
28586 25951 1:0 29671
28614 25954 1:0 29668
28683 25952 1:0 29678
28743 13434 21:0 28778
28744 25922 1:0 29763
28754 14166 1:0 29831
28776 13435 0:0 28778
28777 13424 0:0 28778
28777 13433 0:0 28778
28777 13436 0:0 28778
28777 13432 0:0 28778
28777 13431 0:0 28778
28786 25924 1:0 29775
28786 14167 1:0 29832
28786 14168 1:0 29841
28786 14169 1:0 29842
28787 25911 1:0 29914
28787 25906 1:0 29929
28787 14158 1:0 29791
28787 14170 1:0 29851
28787 14171 1:0 29852
28787 14311 1:0 30042
28787 14312 1:0 30043
28796 25920 1:0 29888
28796 25921 1:0 29889
28802 25919 1:0 29899
28804 25898 1:0 29964
28807 25905 1:0 29938
28835 25889 1:0 29984
28876 14314 1:0 30053
28876 14317 1:0 30072
28884 14453 1:0 30234
28889 14313 1:0 30052
28904 14315 1:0 30062
28905 14316 1:0 30063
28905 14318 1:0 30073
28955 25884 1:0 30130
28974 13583 21:0 28999
28997 13581 0:0 28999
28997 13580 0:0 28999
28997 13579 0:0 28999
28998 13582 0:0 28999
28998 13578 0:0 28999
28998 13576 0:0 28999
28998 13570 0:0 28999
29007 25888 1:0 30110
29008 25887 1:0 30109
29008 25886 1:0 30120
29017 25878 1:0 30135
29017 25873 1:0 30150
29017 25871 1:0 30159
29017 25856 1:0 30205
29017 14465 1:0 30294
29023 14460 1:0 30273
29023 14461 1:0 30274
29023 14462 1:0 30283
29025 14463 1:0 30284
29028 14458 1:0 30263
29028 14599 1:0 30454
29028 14600 1:0 30455
29043 14464 1:0 30293
29097 25855 1:0 30331
29126 25854 1:0 30330
29185 13728 21:0 29220
29186 25853 1:0 30341
29196 25832 1:0 30406
29218 13729 0:0 29220
29219 13727 0:0 29220
29219 13725 0:0 29220
29219 13730 0:0 29220
29219 13726 0:0 29220
29219 13723 0:0 29220
29219 13724 0:0 29220
29219 13717 0:0 29220
29219 13718 0:0 29220
29228 25838 1:0 30380
29228 25836 1:0 30380
29228 25839 1:0 30380
29228 14612 1:0 30515
29229 25823 1:0 30426
29229 14607 1:0 30494
29229 14608 1:0 30495
29238 25831 1:0 30433
29238 25822 1:0 30552
29238 14609 1:0 30504
29238 14610 1:0 30505
29238 14611 1:0 30514
29246 25821 1:0 30551
29249 25819 1:0 30555
29277 25820 1:0 30562
29318 25807 1:0 30592
29326 25812 1:0 30577
29331 25803 1:0 30601
29346 25806 1:0 30601
29347 25805 1:0 30601
29347 14759 1:0 30736
29348 14746 1:0 30675
29348 14747 1:0 30676
29397 14754 1:0 30715
29407 14755 1:0 30716
29409 13874 21:0 29441
29417 14753 1:0 30706
29439 13875 0:0 29441
29439 13876 0:0 29441
29440 13873 0:0 29441
29440 13872 0:0 29441
29440 13871 0:0 29441
29440 13877 0:0 29441
29449 25790 1:0 30647
29450 25798 1:0 30654
29450 25786 1:0 30776
29450 14752 1:0 30705
29450 14756 1:0 30725
29450 14757 1:0 30726
29450 14758 1:0 30735
29459 25788 1:0 30772
29459 25789 1:0 30773
29467 25787 1:0 30783
29470 25785 1:0 30793
29485 25779 1:0 30798
29486 25774 1:0 30813
29498 25772 1:0 30822
29498 25770 1:0 30822
29539 25766 1:0 30848
29539 14904 1:0 30947
29568 25757 1:0 30868
29569 14902 1:0 30937
29618 25765 1:0 30875
29628 14901 1:0 30936
29630 14021 21:0 29662
29638 25759 1:0 30880
29660 14022 0:0 29662
29661 14019 0:0 29662
29661 14018 0:0 29662
29661 14023 0:0 29662
29661 14024 0:0 29662
29661 14020 0:0 29662
29661 14012 0:0 29662
29670 14894 1:0 30897
29670 14899 1:0 30926
29670 14900 1:0 30927
29670 14903 1:0 30946
29670 14905 1:0 30956
29670 14906 1:0 30957
29671 25755 1:0 30993
29671 25753 1:0 30997
29671 25746 1:0 31019
29680 25756 1:0 30994
29680 25754 1:0 31004
29686 25752 1:0 31014
29686 25741 1:0 31034
29686 25739 1:0 31043
29688 25737 1:0 31043
29691 15049 1:0 31158
29719 25724 1:0 31089
29760 25726 1:0 31101
29760 15048 1:0 31157
29768 15041 1:0 31118
29773 15050 1:0 31167
29788 15051 1:0 31168
29789 15052 1:0 31177
29789 15053 1:0 31178
29790 15187 1:0 31338
29790 15194 1:0 31369
29841 14166 21:0 29883
29881 14168 0:0 29883
29881 14170 0:0 29883
29882 14158 0:0 29883
29882 14171 0:0 29883
29882 14167 0:0 29883
29882 14169 0:0 29883
29891 25723 1:0 31215
29892 25722 1:0 31214
29892 25721 1:0 31225
29901 25706 1:0 31230
29901 25719 1:0 31235
29901 25713 1:0 31240
29901 25693 1:0 31255
29901 25699 1:0 31255
29901 25708 1:0 31255
29901 25704 1:0 31264
29901 25700 1:0 31290
29907 25707 1:0 31264
29907 15196 1:0 31379
29907 15198 1:0 31389
29909 15195 1:0 31378
29912 15197 1:0 31388
29927 15199 1:0 31398
29928 15200 1:0 31399
30082 14317 21:0 30104
30103 14311 0:0 30104
30103 14312 0:0 30104
30103 14318 0:0 30104
30103 14313 0:0 30104
30103 14315 0:0 30104
30103 14316 0:0 30104
30103 14314 0:0 30104
30300 14465 21:0 30325
30323 14463 0:0 30325
30323 14461 0:0 30325
30323 14464 0:0 30325
30324 14460 0:0 30325
30324 14462 0:0 30325
30324 14458 0:0 30325
30324 14453 0:0 30325
30521 14612 21:0 30546
30544 14608 0:0 30546
30544 14611 0:0 30546
30544 14607 0:0 30546
30544 14609 0:0 30546
30545 14600 0:0 30546
30545 14599 0:0 30546
30545 14610 0:0 30546
30742 14759 21:0 30767
30765 14758 0:0 30767
30765 14757 0:0 30767
30766 14747 0:0 30767
30766 14752 0:0 30767
30766 14746 0:0 30767
30766 14753 0:0 30767
30766 14756 0:0 30767
30766 14755 0:0 30767
30766 14754 0:0 30767
30953 14904 21:0 30988
30986 14905 0:0 30988
30987 14899 0:0 30988
30987 14901 0:0 30988
30987 14902 0:0 30988
30987 14903 0:0 30988
30987 14906 0:0 30988
30987 14894 0:0 30988
30987 14900 0:0 30988
31164 15049 21:0 31209
31207 15048 0:0 31209
31207 15050 0:0 31209
31208 15051 0:0 31209
31208 15052 0:0 31209
31208 15053 0:0 31209
31208 15041 0:0 31209
31395 15198 21:0 160
