78 49172 21:0 129
128 49079 21:0 200
199 49082 21:0 216
215 49083 21:0 227
226 49080 21:0 232
231 49078 21:0 232
231 49077 21:0 237
236 49076 21:0 237
236 49071 21:0 237
236 329 21:0 237
1397 49785 21:0 1407
3374 298 21:0 3392
4610 51256 21:0 4620
4651 300 1:0 6735
6733 299 21:0 6751
7969 52727 21:0 7979
8010 301 1:0 10094
10092 300 21:0 10110
11328 54198 21:0 11338
11369 302 1:0 13453
13451 301 21:0 13469
14687 55669 21:0 14697
14728 303 1:0 16812
16810 302 21:0 16828
18046 57140 21:0 18056
18087 304 1:0 20171
20169 303 21:0 20187
21405 58611 21:0 21415
21446 305 1:0 23530
23528 304 21:0 23546
24764 60082 21:0 24774
24805 306 1:0 26889
26887 305 21:0 26905
28123 61553 21:0 28133
28164 307 1:0 30248
30246 306 21:0 30264
31482 63024 21:0 31492
31523 308 1:0 33607
33605 307 21:0 33623
34841 64495 21:0 34851
34882 309 1:0 36966
36964 308 21:0 36982
38200 65966 21:0 38210
38241 310 1:0 40325
40323 309 21:0 40341
41559 67437 21:0 41569
41600 311 1:0 43684
43682 310 21:0 43700
44959 312 1:0 47043
44959 313 1:0 50402
44959 314 1:0 53761
44960 315 1:0 57120
47041 311 21:0 47059
47421 70006 21:0 47487
48318 70006 1:0 49749
50400 312 21:0 50418
50772 71474 21:0 50780
51677 71474 1:0 53126
51678 316 1:0 60479
53759 313 21:0 53777
54288 73013 21:0 54305
55036 73013 1:0 56213
57118 314 21:0 57136
57870 74581 21:0 57878
58395 74581 1:0 59189
58396 317 1:0 63838
60477 315 21:0 60495
61614 76218 21:0 61631
61754 76218 1:0 61882
63836 316 21:0 63854
64292 77394 21:0 64358
65113 77394 1:0 66413
65114 318 1:0 67197
65114 319 1:0 70556
65114 320 1:0 73915
65114 321 1:0 77274
67195 317 21:0 67213
67727 78898 21:0 67793
67952 78996 21:0 67969
68472 78996 1:0 69256
68473 78898 1:0 69641
70554 318 21:0 70572
70931 80302 21:0 70948
71618 80600 21:0 71684
71831 80600 1:0 72083
71832 80302 1:0 73270
71832 322 1:0 80633
73913 319 21:0 73931
74293 81774 21:0 74359
74974 82069 21:0 74991
75190 82069 1:0 75449
75191 81774 1:0 76621
77272 320 21:0 77290
77497 83177 21:0 77514
77801 83309 21:0 77818
78549 83309 1:0 79725
78550 83177 1:0 80249
78550 323 1:0 83992
80631 321 21:0 80649
81008 84714 21:0 81025
81687 85010 21:0 81695
81908 85010 1:0 82178
81909 84714 1:0 83346
83990 322 21:0 84008
84294 86154 21:0 84360
84970 86448 21:0 84978
85267 86448 1:0 85668
85268 86154 1:0 86829
85268 324 1:0 87351
87349 323 21:0 87367
88413 87955 21:0 88479
88489 87988 21:0 88555
88626 299 1:0 3376
88626 325 1:0 90710
88626 326 1:0 94069
88627 87988 1:0 88747
88627 327 1:0 97428
88636 87955 1:0 88878
90708 324 21:0 90726
90781 88996 21:0 90798
91161 89160 21:0 91178
91612 89357 21:0 91620
91985 89357 1:0 92517
91986 89160 1:0 93292
91995 88996 1:0 93948
94067 325 21:0 94085
94523 90633 21:0 94589
94672 90698 21:0 94689
94976 90830 21:0 94993
95344 90830 1:0 95866
95345 90698 1:0 96390
95345 328 1:0 100787
95354 90633 1:0 96644
97426 326 21:0 97444
98034 92170 21:0 98100
98178 92233 21:0 98186
98414 92335 21:0 98480
98703 92335 1:0 99086
98704 92233 1:0 99497
98704 47310 1:0 106117
98713 92170 1:0 99741
100785 327 21:0 100803
101162 93541 21:0 101179
101233 93572 21:0 101241
101314 93606 21:0 101331
102062 93606 1:0 103238
102063 93572 1:0 103380
102063 329 1:0 104146
102072 93541 1:0 103501
102072 46873 1:0 105432
102072 46872 1:0 105523
104144 328 21:0 104162
104296 94914 21:0 104362
104676 95079 21:0 104742
105129 95275 21:0 105146
105205 95309 21:0 105222
105223 95309 1:0 105424
105281 95342 21:0 105298
105431 46878 1:0 105435
105431 46876 1:0 105441
105432 46874 1:0 105444
105432 46875 1:0 105469
105432 46877 1:0 105507
105441 95342 1:0 105650
105441 46866 1:0 105526
105441 46865 1:0 105528
105441 46871 1:0 105582
105441 47022 1:0 105656
105447 47021 1:0 105662
105449 47023 1:0 105665
105452 47020 1:0 105690
105467 47019 1:0 105690
105467 47018 1:0 105690
105468 47012 1:0 105693
105468 47013 1:0 105703
105480 47024 1:0 105747
105521 47025 1:0 105834
105534 47168 1:0 105874
105550 47171 1:0 105877
105551 47167 1:0 105883
105592 46871 21:0 105616
105600 47170 1:0 105886
105610 47169 1:0 105911
105615 46865 21:0 105644
105620 47172 1:0 105949
105643 46872 21:0 105644
105643 46866 21:0 105644
105643 46877 21:0 105647
105646 46875 21:0 105647
105646 46874 21:0 105655
105652 47159 1:0 105965
105652 47160 1:0 105968
105652 47165 1:0 105971
105652 47166 1:0 106025
105652 47319 1:0 106104
105653 95275 1:0 106091
105653 47313 1:0 106104
105654 46876 21:0 105658
105656 47316 1:0 106107
105657 46878 21:0 105658
105657 46873 21:0 105664
105659 47307 1:0 106107
105659 47306 1:0 106117
105659 47314 1:0 106117
105659 47312 1:0 106117
105659 47453 1:0 106325
105662 47317 1:0 106145
105662 47315 1:0 106189
105662 47318 1:0 106275
105662 47464 1:0 106325
105665 47460 1:0 106328
105665 47454 1:0 106338
105665 47458 1:0 106338
105665 47459 1:0 106338
105668 47462 1:0 106328
105670 47466 1:0 106338
105673 47463 1:0 106366
105689 47461 1:0 106410
105701 47465 1:0 106496
105701 47600 1:0 106540
105742 47605 1:0 106577
105742 47604 1:0 106577
105742 47603 1:0 106668
105750 47611 1:0 106546
105755 47606 1:0 106546
105755 47607 1:0 106546
105770 47601 1:0 106549
105771 47608 1:0 106549
105780 47013 21:0 105826
105821 47612 1:0 106577
105823 47610 1:0 106577
105831 47613 1:0 106628
105840 47025 21:0 105865
105841 47748 1:0 106767
105841 47753 1:0 106770
105841 47747 1:0 106780
105864 47024 21:0 105868
105867 47012 21:0 105868
105867 47019 21:0 105868
105867 47018 21:0 105868
105867 47020 21:0 105876
105873 47609 1:0 106698
105873 47758 1:0 106767
105874 47757 1:0 106770
105874 47755 1:0 106780
105874 47754 1:0 106780
105874 47749 1:0 106780
105874 47896 1:0 107001
105875 47023 21:0 105879
105877 47756 1:0 106808
105878 47021 21:0 105879
105878 47022 21:0 105885
105880 47760 1:0 106852
105880 47759 1:0 106938
105883 47894 1:0 106988
105883 47903 1:0 106988
105883 47905 1:0 106991
105883 47901 1:0 106991
105883 47907 1:0 107001
105883 47895 1:0 107001
105886 47900 1:0 107001
105889 47904 1:0 107029
105889 47902 1:0 107073
105893 47906 1:0 107159
105910 95079 1:0 107200
105922 48042 1:0 107203
105922 48048 1:0 107209
105922 48047 1:0 107209
105922 48044 1:0 107240
105922 48046 1:0 107341
105963 48054 1:0 107209
105971 48041 1:0 107212
105991 48051 1:0 107212
105992 48052 1:0 107240
105992 48195 1:0 107424
105993 48194 1:0 107430
106031 47166 21:0 106056
106042 48050 1:0 107240
106052 48053 1:0 107291
106054 48190 1:0 107461
106054 48193 1:0 107562
106055 47165 21:0 106086
106062 48049 1:0 107360
106085 47159 21:0 106086
106085 47160 21:0 106086
106085 47172 21:0 106089
106088 47169 21:0 106089
106088 47170 21:0 106097
106094 48197 1:0 107430
106094 48188 1:0 107430
106094 48189 1:0 107433
106094 48335 1:0 107645
106095 48201 1:0 107433
106095 48199 1:0 107461
106095 48200 1:0 107461
106096 47167 21:0 106100
106098 48341 1:0 107651
106098 48336 1:0 107651
106099 47171 21:0 106100
106099 47168 21:0 106106
106101 48196 1:0 107512
106101 48198 1:0 107591
106104 48345 1:0 107651
106104 48344 1:0 107654
106104 48342 1:0 107654
106104 48343 1:0 107682
106107 48347 1:0 107682
106110 48348 1:0 107733
106110 48346 1:0 107813
106112 48489 1:0 107872
106115 48491 1:0 107872
106130 48492 1:0 107875
106131 48483 1:0 107875
106131 48482 1:0 107885
106143 48488 1:0 107885
106184 48493 1:0 107885
106192 48490 1:0 107913
106212 48494 1:0 107957
106213 48495 1:0 108044
106213 48635 1:0 108087
106214 48629 1:0 108093
106255 47312 21:0 106279
106263 48637 1:0 108093
106273 48630 1:0 108093
106273 48636 1:0 108096
106273 48779 1:0 108436
106278 47310 21:0 106285
106283 48641 1:0 108096
106285 47318 21:0 106307
106306 47315 21:0 106310
106309 47317 21:0 106310
106309 47314 21:0 106318
106315 48642 1:0 108124
106315 48640 1:0 108124
106316 48639 1:0 108175
106316 48638 1:0 108245
106317 47316 21:0 106321
106319 94914 1:0 108305
106320 47319 21:0 106321
106320 47306 21:0 106327
106322 48777 1:0 108308
106322 48784 1:0 108314
106322 48783 1:0 108314
106322 48776 1:0 108314
106322 48782 1:0 108317
106325 48787 1:0 108317
106325 48788 1:0 108345
106325 48789 1:0 108345
106325 48785 1:0 108396
106326 47307 21:0 106327
106326 47313 21:0 106327
106328 48923 1:0 108535
106331 48786 1:0 108475
106331 48933 1:0 108535
106333 48930 1:0 108538
106333 48926 1:0 108548
106336 48931 1:0 108538
106351 48924 1:0 108548
106352 48932 1:0 108548
106364 48929 1:0 108548
106405 48934 1:0 108576
106413 48935 1:0 108620
106433 48936 1:0 108707
106434 64495 1:0 108739
106434 67437 1:0 108739
106434 63024 1:0 108739
106434 65966 1:0 108739
106435 60082 1:0 108747
106443 47454 21:0 106489
106484 55669 1:0 108747
106484 57140 1:0 108747
106484 58611 1:0 108747
106486 61553 1:0 108747
106488 47458 21:0 106495
106494 54198 1:0 108750
106494 51256 1:0 108750
106494 49071 1:0 108750
106496 49076 1:0 108756
106504 52727 1:0 108750
106504 49070 1:0 108756
106504 49077 1:0 108759
106506 47465 21:0 106528
106527 47461 21:0 106531
106530 47463 21:0 106531
106530 47466 21:0 106539
106536 49078 1:0 108756
106536 49080 1:0 108759
106537 49082 1:0 108787
106537 49083 1:0 108787
106537 49079 1:0 108838
106538 47462 21:0 106542
106540 49785 1:0 108955
106540 49172 1:0 108968
106541 47464 21:0 106542
106541 47459 21:0 106548
106543 298 1:0 163
106543 49081 1:0 108918
106543 49173 1:0 108969
106547 47453 21:0 106548
106547 47460 21:0 106548
106674 47603 21:0 106694
106693 47604 21:0 106701
106704 47609 21:0 106749
106748 47613 21:0 106752
106751 47610 21:0 106752
106751 47612 21:0 106760
106759 47608 21:0 106763
106762 47611 21:0 106763
106762 47601 21:0 106763
106762 47606 21:0 106769
106768 47605 21:0 106769
106768 47600 21:0 106769
106768 47607 21:0 106769
106888 47747 21:0 106932
106931 47749 21:0 106939
106948 47759 21:0 106970
106969 47760 21:0 106973
106972 47756 21:0 106973
106972 47755 21:0 106981
106980 47757 21:0 106984
106983 47758 21:0 106984
106983 47754 21:0 106990
106989 47753 21:0 106990
106989 47748 21:0 106990
107106 47895 21:0 107152
107151 47896 21:0 107158
107169 47906 21:0 107191
107190 47902 21:0 107194
107193 47904 21:0 107194
107193 47907 21:0 107202
107201 47905 21:0 107205
107204 47903 21:0 107205
107204 47900 21:0 107211
107210 47894 21:0 107211
107210 47901 21:0 107211
107347 48046 21:0 107361
107360 48044 21:0 107367
107370 48049 21:0 107412
107411 48053 21:0 107415
107414 48050 21:0 107415
107414 48052 21:0 107423
107422 48051 21:0 107426
107425 48041 21:0 107426
107425 48054 21:0 107426
107425 48048 21:0 107432
107431 48047 21:0 107432
107431 48042 21:0 107432
107548 48189 21:0 107594
107593 48193 21:0 107600
107601 48198 21:0 107633
107632 48196 21:0 107636
107635 48200 21:0 107636
107635 48199 21:0 107644
107643 48201 21:0 107647
107646 48197 21:0 107647
107646 48188 21:0 107647
107646 48194 21:0 107653
107652 48195 21:0 107653
107652 48190 21:0 107653
107769 48336 21:0 107815
107819 48346 21:0 107854
107853 48348 21:0 107857
107856 48347 21:0 107857
107856 48343 21:0 107865
107864 48344 21:0 107868
107867 48342 21:0 107868
107867 48345 21:0 107868
107867 48341 21:0 107874
107873 48335 21:0 107874
108023 48488 21:0 108047
108050 48495 21:0 108075
108074 48494 21:0 108078
108077 48490 21:0 108078
108077 48493 21:0 108086
108085 48492 21:0 108089
108088 48491 21:0 108089
108088 48482 21:0 108095
108094 48483 21:0 108095
108094 48489 21:0 108095
108251 48638 21:0 108296
108295 48639 21:0 108299
108298 48642 21:0 108299
108298 48640 21:0 108307
108306 48641 21:0 108310
108309 48637 21:0 108310
108309 48636 21:0 108310
108309 48629 21:0 108316
108315 48635 21:0 108316
108315 48630 21:0 108316
108442 48779 21:0 108462
108485 48786 21:0 108517
108516 48785 21:0 108520
108519 48789 21:0 108520
108519 48788 21:0 108528
108527 48787 21:0 108531
108530 48782 21:0 108531
108530 48784 21:0 108531
108530 48776 21:0 108537
108536 48777 21:0 108537
108536 48783 21:0 108537
108653 48924 21:0 108699
108698 48926 21:0 108705
108713 48936 21:0 108738
108737 48935 21:0 108741
108740 48934 21:0 108741
108740 48932 21:0 108749
108748 48931 21:0 108752
108751 48933 21:0 108752
108751 48929 21:0 108758
108757 48930 21:0 108758
108757 48923 21:0 108758
108877 49070 21:0 108921
108924 49081 21:0 108957
108975 49173 21:0 79
