87 13479 21:0 129
128 13484 21:0 140
139 13483 21:0 145
144 13480 21:0 145
144 13482 21:0 150
149 13646 21:0 205
149 13477 21:0 150
204 13571 21:0 216
204 13572 21:0 205
215 13478 21:0 216
215 13471 21:0 216
218 13679 21:0 226
226 13682 21:0 292
299 13713 21:0 316
370 13745 21:0 378
378 13748 21:0 444
446 13778 21:0 454
454 13781 21:0 520
522 13811 21:0 530
529 13812 21:0 580
579 13746 21:0 596
603 13846 21:0 620
619 13847 21:0 672
671 13747 21:0 677
679 13879 21:0 696
695 13880 21:0 748
747 13878 21:0 753
758 13913 21:0 824
823 13911 21:0 829
828 13912 21:0 834
834 13946 21:0 900
902 13976 21:0 910
909 13978 21:0 960
959 13979 21:0 976
978 14009 21:0 986
985 13877 21:0 1036
1035 13944 21:0 1052
1054 14042 21:0 1062
1061 14044 21:0 1112
1359 14175 21:0 1367
1366 14177 21:0 1415
1414 14176 21:0 1433
1432 14178 21:0 1443
1442 14208 21:0 1461
1460 14210 21:0 1509
1508 14209 21:0 1514
1513 14211 21:0 1533
1532 14241 21:0 1585
1584 14243 21:0 1590
1589 14274 21:0 1595
1594 14276 21:0 1661
1660 14275 21:0 1666
1668 14308 21:0 1685
1684 14307 21:0 1737
1739 14340 21:0 1747
1746 14342 21:0 1797
1796 14341 21:0 1813
1812 14343 21:0 1823
1822 14373 21:0 1841
1840 14374 21:0 1889
1888 14375 21:0 1894
1893 14376 21:0 1913
1912 14406 21:0 1965
1964 14408 21:0 1970
1969 14407 21:0 1975
1974 14409 21:0 2041
2040 14439 21:0 2046
2045 14441 21:0 2051
2050 14440 21:0 2106
2105 14442 21:0 2122
2121 14472 21:0 2127
2126 14474 21:0 2182
2181 14473 21:0 2198
2197 14475 21:0 2203
2202 14244 21:0 2253
2252 14242 21:0 2269
2268 14277 21:0 2279
2278 14310 21:0 2297
2296 14309 21:0 2345
2344 14505 21:0 2350
2349 14507 21:0 2369
2368 14506 21:0 2421
2420 14508 21:0 2426
2425 14538 21:0 2431
2430 14540 21:0 2497
2496 14539 21:0 2502
2501 14541 21:0 2507
2506 14571 21:0 2516
2515 14573 21:0 2523
2520 14044 1:0 2884
2521 14042 1:0 2893
2521 14009 1:0 3015
2522 14604 21:0 2526
2524 13979 1:0 3121
2525 14572 21:0 2531
2527 13978 1:0 3128
2529 13976 1:0 3137
2532 13946 1:0 3243
2535 13944 1:0 3249
2546 304 21:0 2560
2554 13912 1:0 3290
2559 14670 21:0 2632
2605 13913 1:0 3365
2631 14638 21:0 2638
2637 14574 21:0 2645
2642 13911 1:0 3371
2643 13878 1:0 3412
2643 13880 1:0 3487
2644 14607 21:0 2648
2646 13879 1:0 3494
2647 14639 21:0 2656
2649 13877 1:0 3503
2651 13847 1:0 3609
2655 14640 21:0 2682
2657 13846 1:0 3616
2657 13812 1:0 3737
2676 13811 1:0 3747
2764 13781 1:0 3853
2765 13778 1:0 3869
2765 13747 1:0 3900
2773 13748 1:0 3975
2779 13746 1:0 3981
2886 13745 1:0 3991
2887 13713 1:0 4103
2887 13682 1:0 4219
2895 13679 1:0 4235
2895 305 1:0 5679
2901 13646 1:0 4357
3008 14670 1:0 5699
4529 15617 21:0 4537
4536 15619 21:0 4587
4586 15618 21:0 4603
4602 15620 21:0 4613
4612 15650 21:0 4631
4630 15652 21:0 4679
4678 15653 21:0 4684
4683 15651 21:0 4703
4702 15683 21:0 4755
4754 15684 21:0 4760
4759 15685 21:0 4765
4764 15686 21:0 4831
4830 15716 21:0 4836
4835 15717 21:0 4841
4840 15718 21:0 4896
4895 15719 21:0 4912
4911 15749 21:0 4917
4916 15751 21:0 4972
4971 15750 21:0 4987
4986 15752 21:0 4993
4992 15782 21:0 5043
5042 15785 21:0 5059
5058 15815 21:0 5069
5068 15816 21:0 5087
5086 15817 21:0 5135
5134 15818 21:0 5140
5139 15848 21:0 5159
5158 15850 21:0 5211
5210 15849 21:0 5216
5215 15851 21:0 5221
5220 15881 21:0 5287
5286 15783 21:0 5292
5291 15784 21:0 5297
5296 15884 21:0 5352
5351 15883 21:0 5368
5367 15914 21:0 5373
5372 15882 21:0 5428
5427 15916 21:0 5444
5443 15949 21:0 5449
5448 15917 21:0 5499
5498 15948 21:0 5515
5514 15950 21:0 5525
5524 15947 21:0 5543
5542 16013 21:0 5591
5590 15980 21:0 5596
5595 15983 21:0 5615
5614 15982 21:0 5667
5666 16048 21:0 5672
5671 16047 21:0 5677
5676 16014 21:0 5686
5685 16046 21:0 5694
5691 14640 1:0 5732
5692 14639 1:0 5812
5692 14638 1:0 5819
5693 16016 21:0 5697
5696 16079 21:0 5706
5698 14607 1:0 5943
5701 14604 1:0 5961
5701 14574 1:0 5994
5707 14572 1:0 6074
5707 14573 1:0 6082
5711 14571 1:0 6092
5720 305 21:0 5734
5733 15981 21:0 5811
5740 14541 1:0 6125
5789 14539 1:0 6205
5810 16049 21:0 5817
5810 14540 1:0 6213
5816 16080 21:0 5825
5822 14538 1:0 6223
5823 14508 1:0 6256
5823 14506 1:0 6336
5824 16015 21:0 5828
5829 14507 1:0 6344
5832 14505 1:0 6354
5832 14475 1:0 6387
5838 14473 1:0 6467
5843 14474 1:0 6475
5871 14472 1:0 6485
5953 14442 1:0 6518
5954 14440 1:0 6598
5963 14441 1:0 6606
5963 14439 1:0 6616
5969 14409 1:0 6649
5974 14407 1:0 6729
6002 14408 1:0 6737
6084 14406 1:0 6747
6085 14376 1:0 6780
6094 14375 1:0 6860
6094 14374 1:0 6867
6100 14373 1:0 6878
6120 14343 1:0 6911
6133 14341 1:0 6991
6215 14342 1:0 6999
6216 14340 1:0 7009
6225 14309 1:0 7042
6225 14310 1:0 7122
6231 14308 1:0 7129
6251 14307 1:0 7140
6346 14277 1:0 7173
6347 14275 1:0 7253
6347 14276 1:0 7261
6356 14274 1:0 7271
6356 14242 1:0 7304
6364 14244 1:0 7384
6383 14243 1:0 7392
6477 14241 1:0 7402
6478 14211 1:0 7435
6478 14209 1:0 7515
6487 14210 1:0 7523
6487 14208 1:0 7533
6495 14178 1:0 7566
6514 14176 1:0 7646
6526 306 1:0 8994
6608 14177 1:0 7654
6609 14175 1:0 7664
7844 17059 21:0 7852
7851 17061 21:0 7902
7901 17060 21:0 7918
7917 17062 21:0 7928
7927 17092 21:0 7946
7945 17093 21:0 7994
7993 17094 21:0 7999
7998 17095 21:0 8018
8017 17125 21:0 8070
8069 17126 21:0 8075
8074 17127 21:0 8080
8079 17128 21:0 8146
8145 17158 21:0 8151
8150 17159 21:0 8156
8155 17160 21:0 8211
8210 17161 21:0 8227
8226 17191 21:0 8232
8231 17192 21:0 8287
8286 17193 21:0 8303
8302 17194 21:0 8308
8307 17224 21:0 8358
8357 17257 21:0 8374
8373 17259 21:0 8384
8383 17258 21:0 8402
8401 17260 21:0 8450
8449 17290 21:0 8455
8454 17292 21:0 8474
8473 17291 21:0 8526
8525 17225 21:0 8531
8530 17226 21:0 8536
8535 17227 21:0 8602
8601 17323 21:0 8607
8606 17293 21:0 8612
8611 17325 21:0 8673
8672 17324 21:0 8683
8682 17326 21:0 8688
8687 17359 21:0 8743
8742 17356 21:0 8759
8758 17358 21:0 8764
8763 17357 21:0 8814
8813 17389 21:0 8830
8829 17391 21:0 8840
8839 17392 21:0 8862
8861 17422 21:0 8906
8905 17390 21:0 8911
8910 17423 21:0 8930
8929 17424 21:0 8982
8981 17456 21:0 8987
8986 17458 21:0 8997
8996 17455 21:0 9001
9000 17457 21:0 9009
9006 16080 1:0 9134
9007 16079 1:0 9145
9007 16049 1:0 9178
9008 17425 21:0 9012
9011 17490 21:0 9021
9013 16047 1:0 9258
9016 16048 1:0 9266
9016 16046 1:0 9276
9022 16015 1:0 9309
9022 16016 1:0 9389
9026 16014 1:0 9396
9035 306 21:0 9049
9048 17524 21:0 9128
9055 16013 1:0 9407
9104 15981 1:0 9440
9125 15983 1:0 9520
9127 17521 21:0 9132
9131 17522 21:0 9140
9137 15982 1:0 9528
9138 15980 1:0 9538
9138 15950 1:0 9571
9139 17489 21:0 9143
9144 15948 1:0 9651
9147 15949 1:0 9659
9147 15947 1:0 9669
9153 15917 1:0 9782
9158 15916 1:0 9790
9186 15914 1:0 9800
9268 15882 1:0 9833
9269 15884 1:0 9913
9278 15883 1:0 9921
9278 15881 1:0 9931
9284 15851 1:0 9964
9289 15849 1:0 10044
9317 15850 1:0 10052
9399 15848 1:0 10062
9400 15818 1:0 10095
9409 15817 1:0 10175
9409 15816 1:0 10182
9415 15815 1:0 10193
9435 15784 1:0 10226
9448 15785 1:0 10306
9530 15783 1:0 10313
9531 15782 1:0 10324
9540 15752 1:0 10357
9540 15750 1:0 10437
9546 15751 1:0 10445
9566 15749 1:0 10455
9661 15719 1:0 10488
9662 15718 1:0 10568
9662 15717 1:0 10575
9671 15716 1:0 10586
9671 15686 1:0 10619
9679 15685 1:0 10699
9698 15684 1:0 10706
9792 15683 1:0 10717
9793 15651 1:0 10750
9793 15653 1:0 10830
9802 15652 1:0 10838
9802 15650 1:0 10848
9810 15620 1:0 10881
9829 15618 1:0 10961
9841 307 1:0 12309
9923 15619 1:0 10969
9924 15617 1:0 10979
11159 18501 21:0 11167
11166 18502 21:0 11217
11216 18503 21:0 11233
11232 18504 21:0 11243
11242 18534 21:0 11261
11260 18535 21:0 11309
11308 18536 21:0 11314
11313 18537 21:0 11333
11332 18567 21:0 11385
11384 18569 21:0 11390
11389 18568 21:0 11395
11394 18570 21:0 11461
11460 18600 21:0 11466
11465 18602 21:0 11471
11470 18601 21:0 11526
11525 18603 21:0 11542
11541 18633 21:0 11547
11546 18635 21:0 11602
11601 18634 21:0 11618
11617 18636 21:0 11623
11622 18666 21:0 11673
11672 18668 21:0 11689
11688 18667 21:0 11699
11698 18669 21:0 11717
11716 18699 21:0 11765
11764 18702 21:0 11770
11769 18732 21:0 11789
11788 18733 21:0 11841
11840 18765 21:0 11846
11845 18700 21:0 11851
11850 18701 21:0 11917
11916 18735 21:0 11922
11921 18734 21:0 11927
11926 18798 21:0 11982
11981 18768 21:0 11998
11997 18767 21:0 12003
12002 18766 21:0 12058
12057 18800 21:0 12074
12073 18831 21:0 12079
12078 18801 21:0 12129
12128 18799 21:0 12145
12144 18833 21:0 12155
12154 18865 21:0 12173
12172 18867 21:0 12221
12220 18864 21:0 12226
12225 18866 21:0 12245
12244 18834 21:0 12297
12296 18898 21:0 12302
12301 18897 21:0 12307
12306 18899 21:0 12316
12315 18900 21:0 12324
12321 17524 1:0 12442
12322 17522 1:0 12449
12322 17521 1:0 12460
12323 18832 21:0 12327
12326 18932 21:0 12336
12328 17489 1:0 12573
12331 17490 1:0 12581
12331 17457 1:0 12624
12337 17458 1:0 12704
12337 17456 1:0 12711
12341 17455 1:0 12722
12350 307 21:0 12364
12363 18965 21:0 12444
12370 17425 1:0 12755
12419 17424 1:0 12835
12440 17423 1:0 12842
12443 18930 21:0 12447
12446 18964 21:0 12455
12452 17422 1:0 12853
12453 17390 1:0 12886
12453 17392 1:0 12966
12454 18963 21:0 12458
12459 17391 1:0 12974
12462 17389 1:0 12984
12462 17357 1:0 13017
12468 17359 1:0 13097
12473 17358 1:0 13105
12501 17356 1:0 13115
12583 17326 1:0 13148
12584 17324 1:0 13228
12593 17325 1:0 13236
12593 17323 1:0 13246
12599 17293 1:0 13279
12604 17291 1:0 13359
12632 17292 1:0 13367
12714 17290 1:0 13377
12715 17260 1:0 13410
12724 17258 1:0 13490
12724 17259 1:0 13498
12730 17257 1:0 13508
12750 17227 1:0 13541
12763 17226 1:0 13621
12845 17225 1:0 13628
12846 17224 1:0 13639
12855 17194 1:0 13672
12855 17193 1:0 13752
12861 17192 1:0 13759
12881 17191 1:0 13770
12976 17161 1:0 13803
12977 17160 1:0 13883
12977 17159 1:0 13890
12986 17158 1:0 13901
12986 17128 1:0 13934
12994 17127 1:0 14014
13013 17126 1:0 14021
13107 17125 1:0 14032
13108 17095 1:0 14065
13108 17094 1:0 14145
13117 17093 1:0 14152
13117 17092 1:0 14163
13125 17062 1:0 14196
13144 17060 1:0 14276
13156 308 1:0 15624
13238 17061 1:0 14284
13239 17059 1:0 14294
14474 19943 21:0 14482
14481 19944 21:0 14532
14531 19945 21:0 14548
14547 19946 21:0 14558
14557 19976 21:0 14576
14575 19977 21:0 14624
14623 19978 21:0 14629
14628 19979 21:0 14648
14647 20009 21:0 14700
14699 20010 21:0 14705
14704 20011 21:0 14710
14709 20012 21:0 14776
14775 20042 21:0 14781
14780 20044 21:0 14786
14785 20043 21:0 14843
14842 20045 21:0 14857
14856 20075 21:0 14862
14861 20078 21:0 14917
14916 20108 21:0 14933
14932 20109 21:0 14938
14937 20111 21:0 14988
14987 20110 21:0 15004
15003 20141 21:0 15014
15013 20143 21:0 15032
15031 20142 21:0 15080
15079 20144 21:0 15085
15084 20175 21:0 15104
15103 20176 21:0 15156
15155 20076 21:0 15161
15160 20177 21:0 15166
15165 20174 21:0 15232
15231 20077 21:0 15237
15236 20210 21:0 15242
15241 20207 21:0 15305
15304 20208 21:0 15313
15312 20209 21:0 15318
15317 20241 21:0 15373
15372 20243 21:0 15389
15388 20242 21:0 15394
15393 20240 21:0 15444
15443 20276 21:0 15460
15459 20275 21:0 15470
15469 20274 21:0 15492
15491 20273 21:0 15536
15535 20306 21:0 15541
15540 20309 21:0 15560
15559 20341 21:0 15612
15611 20339 21:0 15617
15616 20342 21:0 15628
15627 20307 21:0 15631
15630 20374 21:0 15639
15636 18964 1:0 15757
15637 18965 1:0 15765
15637 18963 1:0 15775
15638 20372 21:0 15642
15641 20340 21:0 15651
15643 18932 1:0 15896
15646 18930 1:0 15906
15646 18900 1:0 15939
15652 18899 1:0 16019
15652 18898 1:0 16026
15656 18897 1:0 16037
15665 308 21:0 15679
15678 20407 21:0 15756
15685 18866 1:0 16070
15734 18867 1:0 16150
15755 20406 21:0 15762
15755 18865 1:0 16157
15761 20408 21:0 15770
15767 18864 1:0 16168
15768 18832 1:0 16201
15768 18834 1:0 16281
15769 20375 21:0 15773
15772 20373 21:0 15782
15774 18833 1:0 16289
15777 18831 1:0 16299
15777 18799 1:0 16332
15783 18801 1:0 16412
15783 18800 1:0 16420
15788 18798 1:0 16430
15816 18766 1:0 16463
15898 18768 1:0 16543
15899 18767 1:0 16551
15908 18765 1:0 16561
15908 18734 1:0 16594
15914 18735 1:0 16674
15919 18733 1:0 16681
15947 18732 1:0 16692
16029 18701 1:0 16725
16030 18702 1:0 16805
16039 18700 1:0 16812
16039 18699 1:0 16823
16045 18669 1:0 16856
16065 18667 1:0 16936
16078 18668 1:0 16944
16160 18666 1:0 16954
16161 18636 1:0 16987
16170 18634 1:0 17067
16170 18635 1:0 17075
16176 18633 1:0 17085
16196 18603 1:0 17118
16291 18601 1:0 17198
16292 18602 1:0 17206
16292 18600 1:0 17216
16301 18570 1:0 17249
16301 18568 1:0 17329
16309 18569 1:0 17337
16328 18567 1:0 17347
16422 18537 1:0 17380
16423 18536 1:0 17460
16423 18535 1:0 17467
16432 18534 1:0 17478
16432 18504 1:0 17511
16440 18503 1:0 17591
16459 18502 1:0 17598
16471 309 1:0 18939
16553 18501 1:0 17609
17789 21385 21:0 17797
17796 21387 21:0 17847
17846 21386 21:0 17863
17862 21388 21:0 17873
17872 21418 21:0 17891
17890 21419 21:0 17939
17938 21420 21:0 17944
17943 21421 21:0 17963
17962 21451 21:0 18015
18014 21452 21:0 18020
18019 21453 21:0 18025
18024 21454 21:0 18091
18090 21484 21:0 18096
18095 21485 21:0 18101
18100 21486 21:0 18158
18157 21487 21:0 18172
18171 21517 21:0 18177
18176 21518 21:0 18232
18231 21519 21:0 18248
18247 21520 21:0 18253
18252 21550 21:0 18303
18302 21551 21:0 18319
18318 21552 21:0 18329
18328 21553 21:0 18347
18346 21583 21:0 18395
18394 21584 21:0 18400
18399 21585 21:0 18419
18418 21586 21:0 18471
18470 21384 21:0 18471
18473 21682 21:0 18481
18480 21616 21:0 18531
18530 21617 21:0 18547
18546 21618 21:0 18557
18556 21619 21:0 18575
18574 21649 21:0 18623
18622 21651 21:0 18628
18627 21650 21:0 18647
18646 21652 21:0 18699
18698 21684 21:0 18704
18703 21683 21:0 18709
18708 21685 21:0 18775
18774 21715 21:0 18780
18779 21717 21:0 18785
18784 21716 21:0 18840
18839 21718 21:0 18856
18855 21748 21:0 18861
18860 21749 21:0 18916
18915 21750 21:0 18932
18931 21751 21:0 18937
18936 21781 21:0 18943
18938 20408 1:0 18992
18942 21782 21:0 18946
18945 21783 21:0 18957
18951 20406 1:0 19072
18952 20407 1:0 19080
18952 20373 1:0 19123
18956 21784 21:0 18963
18958 20375 1:0 19203
18961 20374 1:0 19211
18961 20372 1:0 19221
18962 21817 21:0 18966
18964 20340 1:0 19254
18967 20342 1:0 19334
18969 20341 1:0 19342
18980 309 21:0 18994
18988 20339 1:0 19352
18993 21815 21:0 19071
19041 20309 1:0 19465
19070 21816 21:0 19077
19070 20307 1:0 19472
19076 21848 21:0 19085
19082 20306 1:0 19483
19083 20274 1:0 19516
19083 20276 1:0 19596
19084 21814 21:0 19088
19086 20275 1:0 19604
19087 21694 21:0 19094
19089 20273 1:0 19614
19092 20242 1:0 19647
19092 20243 1:0 19727
19093 21779 21:0 19094
19093 21397 21:0 19097
19096 21449 21:0 19097
19098 20241 1:0 19734
19100 20240 1:0 19745
19119 20209 1:0 19778
19213 20210 1:0 19858
19214 20208 1:0 19865
19214 20207 1:0 19876
19223 20177 1:0 19909
19223 20176 1:0 19989
19231 20175 1:0 19996
19250 20174 1:0 20007
19344 20144 1:0 20040
19345 20142 1:0 20120
19353 14851 21:0 19356
19354 20143 1:0 20128
19354 20141 1:0 20138
19357 20110 1:0 20171
19360 20111 1:0 20251
19380 20109 1:0 20258
19390 14872 21:0 19422
19393 20108 1:0 20269
19475 20077 1:0 20302
19476 20078 1:0 20382
19485 20076 1:0 20389
19485 20075 1:0 20400
19491 20045 1:0 20433
19511 20043 1:0 20513
19565 20044 1:0 20521
19606 20042 1:0 20531
19607 20012 1:0 20564
19615 14965 21:0 19618
19616 20011 1:0 20644
19616 20010 1:0 20651
19622 20009 1:0 20662
19627 19979 1:0 20695
19655 19978 1:0 20775
19735 15018 21:0 19740
19737 19977 1:0 20782
19738 19976 1:0 20793
19741 19946 1:0 20826
19747 19945 1:0 20906
19747 19944 1:0 20913
19755 19943 1:0 20924
19757 310 1:0 22254
19786 21814 1:0 22259
20018 15139 21:0 20042
20390 15303 21:0 20395
20532 15364 21:0 20535
20663 15421 21:0 20666
20673 15424 21:0 20697
20804 15481 21:0 20828
20935 15538 21:0 20959
21104 22827 21:0 21112
21111 13 21:0 21112
21112 22830 21:0 21178
21177 22829 21:0 21183
21185 22862 21:0 21202
21201 22861 21:0 21254
21253 22863 21:0 21259
21261 22895 21:0 21278
21277 22893 21:0 21330
21329 22924 21:0 21330
21332 22926 21:0 21340
21339 35 21:0 21340
21340 22929 21:0 21406
21405 22894 21:0 21411
21410 83 21:0 21411
21413 22960 21:0 21430
21429 22962 21:0 21482
21481 22959 21:0 21487
21486 22992 21:0 21506
21505 22993 21:0 21558
21557 22961 21:0 21563
21562 22946 21:0 21563
21565 23026 21:0 21582
21581 23028 21:0 21634
21636 23058 21:0 21644
21643 22896 21:0 21685
21684 22995 21:0 21710
21709 23027 21:0 21720
21719 23060 21:0 21734
21733 22994 21:0 21786
21785 22860 21:0 21791
21790 22828 21:0 21810
21809 23025 21:0 21862
21861 23125 21:0 21867
21866 23091 21:0 21872
21871 23059 21:0 21938
21937 23158 21:0 21943
21942 22928 21:0 21948
21947 23159 21:0 22003
22002 23061 21:0 22019
22018 23126 21:0 22024
22023 49 21:0 22038
22037 179 21:0 22079
22078 23160 21:0 22090
22089 107 21:0 22095
22094 195 21:0 22100
22099 23094 21:0 22146
22145 23193 21:0 22166
22165 23258 21:0 22176
22175 141 21:0 22176
22175 23149 21:0 22190
22177 23258 1:0 22270
22189 243 21:0 22190
22189 23083 21:0 22198
22191 243 1:0 22569
22261 285 21:0 22269
22266 15018 1:0 22270
22266 304 1:0 2509
22267 23193 1:0 22279
22267 21449 1:0 22279
22267 21397 1:0 22398
22276 21848 1:0 22307
22276 23094 1:0 22387
22282 23160 1:0 22398
22284 21779 1:0 22407
22295 310 21:0 22309
22303 21816 1:0 22407
22315 21694 1:0 22420
22397 21815 1:0 22420
22398 21817 1:0 22492
22398 14851 1:0 22532
22407 23126 1:0 22521
22407 23061 1:0 22532
22415 23159 1:0 22541
22418 141 1:0 22541
22446 21784 1:0 22569
22528 21783 1:0 22649
22529 21782 1:0 22656
22529 15481 1:0 22660
22538 21781 1:0 22667
22538 22928 1:0 22672
22544 14872 1:0 22672
22548 21751 1:0 22700
22577 21750 1:0 22780
22618 195 1:0 22791
22659 21749 1:0 22787
22660 21748 1:0 22798
22669 23158 1:0 22803
22669 21718 1:0 22831
22677 21716 1:0 22911
22695 21717 1:0 22919
22708 14965 1:0 22922
22790 21715 1:0 22929
22791 23059 1:0 22934
22800 21685 1:0 22962
22800 21683 1:0 23042
22806 21684 1:0 23050
22808 179 1:0 23053
22827 21682 1:0 23060
22839 15424 1:0 23184
22921 23091 1:0 23065
22922 21652 1:0 23093
22931 21650 1:0 23173
22931 21651 1:0 23181
22937 21649 1:0 23191
22957 23125 1:0 23196
22970 21619 1:0 23224
23052 21618 1:0 23304
23053 21617 1:0 23311
23062 15139 1:0 23315
23062 21616 1:0 23322
23068 23025 1:0 23327
23072 21586 1:0 23355
23101 21585 1:0 23435
23183 21584 1:0 23442
23184 15303 1:0 23446
23184 21583 1:0 23453
23193 22828 1:0 23458
23193 21553 1:0 23486
23201 21552 1:0 23566
23220 21551 1:0 23573
23232 107 1:0 23577
23314 21550 1:0 23584
23315 22829 1:0 23589
23324 21520 1:0 23617
23324 21519 1:0 23697
23330 21518 1:0 23704
23332 49 1:0 23708
23351 21517 1:0 23715
23363 83 1:0 23720
23404 15364 1:0 23839
23445 22860 1:0 23720
23446 21487 1:0 23748
23455 21486 1:0 23828
23455 21485 1:0 23835
23463 21484 1:0 23846
23481 22994 1:0 23851
23576 21454 1:0 23879
23577 21453 1:0 23959
23577 21452 1:0 23966
23586 15421 1:0 23970
23586 21451 1:0 23977
23592 23060 1:0 23982
23597 21421 1:0 24010
23625 21420 1:0 24090
23707 21419 1:0 24097
23708 35 1:0 24101
23717 21418 1:0 24108
23717 23027 1:0 24113
23723 21388 1:0 24141
23727 21386 1:0 24221
23744 21387 1:0 24229
23756 21384 1:0 24232
23838 21385 1:0 24239
23839 13 1:0 24241
23839 22995 1:0 24254
23848 15538 1:0 24248
23848 22896 1:0 24326
23848 311 1:0 24352
23854 285 1:0 24356
23859 22961 1:0 24368
23874 11277 1:0 24374
23875 11272 1:0 24378
23875 11266 1:0 24387
23887 11274 1:0 24377
23887 11271 1:0 24387
23969 11273 1:0 24378
23969 11275 1:0 24387
23969 11414 1:0 24589
23970 11276 1:0 24415
23970 11278 1:0 24459
23970 11279 1:0 24546
23979 23028 1:0 24589
23979 11425 1:0 24595
23979 11419 1:0 24595
23979 11420 1:0 24595
23979 11413 1:0 24598
23985 11422 1:0 24598
23987 11426 1:0 24626
23990 11424 1:0 24626
24005 11566 1:0 24810
24006 11421 1:0 24677
24018 11423 1:0 24756
24100 23058 1:0 24799
24101 23026 1:0 24810
24101 11567 1:0 24816
24101 11561 1:0 24816
24110 11570 1:0 24816
24110 11573 1:0 24819
24110 11560 1:0 24819
24110 11568 1:0 24847
24116 11572 1:0 24847
24116 11571 1:0 24898
24120 11569 1:0 24968
24149 22894 1:0 25028
24190 11715 1:0 25031
24231 11716 1:0 25037
24231 11708 1:0 25040
24231 11714 1:0 25065
24231 11713 1:0 25065
24232 11719 1:0 25040
24232 11718 1:0 25068
24232 11707 1:0 25068
24232 11861 1:0 25271
24241 22863 1:0 25249
24241 11720 1:0 25119
24241 11717 1:0 25198
24247 11865 1:0 25252
24249 11864 1:0 25258
24252 11866 1:0 25261
24268 11863 1:0 25271
24280 11860 1:0 25271
24280 11854 1:0 25369
24280 11855 1:0 25370
24321 11862 1:0 25299
24364 23149 1:0 25479
24364 11867 1:0 25343
24364 12008 1:0 25482
24365 22993 1:0 25462
24365 12007 1:0 25492
24365 12002 1:0 25492
24374 22992 1:0 25473
24374 12014 1:0 25479
24374 12012 1:0 25482
24380 12009 1:0 25492
24382 12011 1:0 25520
24393 311 21:0 24407
24400 12010 1:0 25564
24408 12013 1:0 25650
24454 22861 1:0 25691
24467 12156 1:0 25694
24483 12161 1:0 25700
24484 12160 1:0 25703
24495 11266 21:0 24539
24533 12159 1:0 25731
24535 12148 1:0 25731
24538 11271 21:0 24546
24543 12157 1:0 25782
24552 11279 21:0 24577
24553 12158 1:0 25861
24576 11278 21:0 24580
24579 11276 21:0 24580
24579 11275 21:0 24588
24585 22929 1:0 25912
24586 23083 1:0 25921
24586 12305 1:0 25915
24586 12308 1:0 25921
24586 12296 1:0 25924
24587 11274 21:0 24591
24589 12295 1:0 25949
24589 12301 1:0 25949
24590 11277 21:0 24591
24590 11273 21:0 24597
24592 12307 1:0 25924
24592 12304 1:0 25949
24595 12306 1:0 25987
24595 12302 1:0 26003
24595 12303 1:0 26072
24595 12448 1:0 26170
24596 11272 21:0 24597
24598 22959 1:0 26133
24601 12451 1:0 26136
24603 12452 1:0 26142
24606 12453 1:0 26145
24622 12455 1:0 26170
24634 12443 1:0 26170
24634 12450 1:0 26217
24675 12442 1:0 26217
24675 12449 1:0 26284
24688 12454 1:0 26231
24705 22962 1:0 26354
24716 11413 21:0 24760
24754 12597 1:0 26357
24756 12589 1:0 26438
24764 12600 1:0 26363
24766 11423 21:0 24798
24774 12602 1:0 26366
24797 11421 21:0 24801
24800 11426 21:0 24801
24800 11424 21:0 24809
24806 12601 1:0 26391
24806 12598 1:0 26438
24807 12599 1:0 26450
24807 12595 1:0 26504
24807 12737 1:0 26587
24808 11422 21:0 24812
24810 22960 1:0 26575
24811 11419 21:0 24812
24811 11425 21:0 24812
24811 11420 21:0 24818
24813 12749 1:0 26578
24813 12747 1:0 26584
24813 12743 1:0 26650
24816 12746 1:0 26587
24816 12745 1:0 26615
24816 12748 1:0 26615
24816 12742 1:0 26650
24816 12736 1:0 26666
24817 11414 21:0 24818
24819 12744 1:0 26735
24824 22926 1:0 26796
24827 12891 1:0 26799
24842 22946 1:0 26805
24843 12883 1:0 26833
24855 12893 1:0 26805
24896 12894 1:0 26808
24909 12892 1:0 26833
24924 12890 1:0 26833
24924 12884 1:0 26880
24925 12895 1:0 26880
24925 12889 1:0 26946
24926 13037 1:0 27026
24974 11569 21:0 25019
24975 12896 1:0 26892
24995 22893 1:0 27020
25018 11571 21:0 25022
25021 11568 21:0 25022
25021 11572 21:0 25030
25027 22924 1:0 27020
25027 13040 1:0 27026
25027 13036 1:0 27029
25028 13042 1:0 27029
25028 13030 1:0 27039
25028 13031 1:0 27039
25028 13039 1:0 27039
25029 11573 21:0 25033
25031 13041 1:0 27067
25032 11570 21:0 25033
25032 11560 21:0 25033
25032 11561 21:0 25039
25034 13038 1:0 27111
25034 13043 1:0 27198
25034 13183 1:0 27247
25037 22895 1:0 27235
25037 22830 1:0 27241
25038 11567 21:0 25039
25038 11566 21:0 25039
25040 13184 1:0 27250
25043 13187 1:0 27247
25043 13189 1:0 27250
25045 13177 1:0 27260
25045 13178 1:0 27260
25048 13185 1:0 27260
25064 13188 1:0 27288
25076 13186 1:0 27332
25117 13190 1:0 27419
25146 22862 1:0 27456
25147 13337 1:0 27462
25158 11707 21:0 25202
25196 13336 1:0 27468
25198 13325 1:0 27481
25206 13332 1:0 27471
25208 11717 21:0 25240
25216 13330 1:0 27481
25216 13324 1:0 27579
25216 13331 1:0 27610
25239 11720 21:0 25243
25242 11718 21:0 25243
25242 11714 21:0 25251
25248 13334 1:0 27481
25248 13333 1:0 27508
25249 22827 1:0 27683
25249 13335 1:0 27553
25250 11719 21:0 25251
25250 11716 21:0 25254
25252 13471 1:0 27683
25252 13472 1:0 27689
25252 13478 1:0 27689
25253 11715 21:0 25254
25253 11713 21:0 25260
25255 13482 1:0 27689
25255 13480 1:0 27692
25258 13571 1:0 27871
25258 13477 1:0 27692
25258 13483 1:0 27720
25258 13484 1:0 27720
25258 13479 1:0 27771
25258 13572 1:0 27901
25259 11708 21:0 25260
25261 13481 1:0 27850
25376 11855 21:0 25422
25421 11854 21:0 25461
25460 11867 21:0 25461
25460 11862 21:0 25464
25463 11863 21:0 25468
25467 11866 21:0 25472
25471 11861 21:0 25472
25471 11864 21:0 25475
25474 11865 21:0 25481
25480 11860 21:0 25481
25597 12002 21:0 25643
25660 12013 21:0 25682
25681 12010 21:0 25685
25684 12011 21:0 25685
25684 12009 21:0 25693
25692 12012 21:0 25696
25695 12014 21:0 25696
25695 12007 21:0 25702
25701 12008 21:0 25702
25821 12148 21:0 25865
25871 12158 21:0 25903
25902 12157 21:0 25906
25905 12159 21:0 25906
25905 12160 21:0 25914
25913 12161 21:0 25917
25916 12156 21:0 25917
26082 12303 21:0 26124
26123 12302 21:0 26124
26123 12306 21:0 26127
26126 12304 21:0 26127
26126 12307 21:0 26135
26134 12308 21:0 26138
26137 12305 21:0 26138
26137 12295 21:0 26144
26143 12301 21:0 26144
26143 12296 21:0 26144
26290 12449 21:0 26315
26323 12454 21:0 26345
26344 12450 21:0 26348
26347 12455 21:0 26348
26347 12442 21:0 26356
26355 12453 21:0 26356
26355 12452 21:0 26359
26358 12451 21:0 26365
26364 12443 21:0 26365
26364 12448 21:0 26365
26514 12595 21:0 26538
26537 12599 21:0 26566
26565 12598 21:0 26569
26568 12601 21:0 26569
26568 12602 21:0 26577
26576 12600 21:0 26580
26579 12597 21:0 26580
26579 12589 21:0 26583
26745 12744 21:0 26787
26786 12743 21:0 26787
26786 12736 21:0 26787
26786 12745 21:0 26790
26789 12748 21:0 26798
26797 12746 21:0 26798
26797 12747 21:0 26801
26800 12749 21:0 26807
26806 12737 21:0 26807
26806 12742 21:0 26807
26956 12889 21:0 26980
26983 12896 21:0 27008
27007 12895 21:0 27011
27010 12892 21:0 27011
27010 12894 21:0 27019
27018 12893 21:0 27022
27021 12891 21:0 27022
27021 12884 21:0 27028
27027 12890 21:0 27028
27027 12883 21:0 27028
27144 13031 21:0 27190
27204 13043 21:0 27229
27228 13038 21:0 27232
27231 13041 21:0 27232
27231 13039 21:0 27240
27239 13042 21:0 27243
27242 13030 21:0 27243
27242 13040 21:0 27249
27248 13036 21:0 27249
27248 13037 21:0 27249
27368 13177 21:0 27412
27425 13190 21:0 27450
27449 13186 21:0 27453
27452 13188 21:0 27453
27452 13185 21:0 27461
27460 13189 21:0 27464
27463 13187 21:0 27464
27463 13178 21:0 27470
27469 13184 21:0 27470
27469 13183 21:0 27470
27589 13324 21:0 27633
27636 13335 21:0 27671
27670 13333 21:0 27674
27673 13334 21:0 27674
27673 13332 21:0 27682
27681 13336 21:0 27685
27684 13331 21:0 27685
27684 13337 21:0 27685
27684 13325 21:0 27691
27690 13330 21:0 27691
27807 13472 21:0 27853
27860 13481 21:0 88
