51 8780 21:0 51
51 8653 21:0 88
87 8781 21:0 87
87 8651 21:0 93
92 8787 21:0 92
92 8788 21:0 92
92 8785 21:0 92
92 8655 21:0 104
103 8789 21:0 103
103 8800 21:0 103
103 8774 21:0 103
103 8652 21:0 104
103 8656 21:0 104
103 8649 21:0 106
105 8790 21:0 106
106 8802 21:0 114
113 8801 21:0 113
113 8803 21:0 164
163 8814 21:0 163
163 8813 21:0 163
163 8794 21:0 163
163 8804 21:0 180
179 8822 21:0 179
179 8821 21:0 179
179 8807 21:0 179
179 8820 21:0 179
179 8833 21:0 179
179 8818 21:0 179
179 8805 21:0 190
189 8834 21:0 189
189 8835 21:0 240
239 8846 21:0 239
239 8847 21:0 239
239 8837 21:0 256
255 8853 21:0 255
255 8851 21:0 255
255 8840 21:0 255
255 8854 21:0 255
255 8866 21:0 255
255 8855 21:0 255
255 8836 21:0 266
265 8867 21:0 265
265 8838 21:0 316
315 8879 21:0 315
315 8860 21:0 315
315 8868 21:0 332
331 8888 21:0 331
331 8899 21:0 331
331 8886 21:0 331
331 8884 21:0 331
331 8887 21:0 331
331 8873 21:0 331
331 8870 21:0 342
341 8900 21:0 341
341 8869 21:0 392
391 8913 21:0 391
391 8912 21:0 391
391 8893 21:0 391
391 8871 21:0 408
407 8919 21:0 407
407 8917 21:0 407
407 8921 21:0 407
407 8932 21:0 407
407 8906 21:0 407
407 8920 21:0 407
407 8901 21:0 418
417 8933 21:0 417
417 8903 21:0 468
467 8926 21:0 467
467 8945 21:0 467
467 8902 21:0 484
483 8950 21:0 483
483 8953 21:0 483
483 8965 21:0 483
483 8939 21:0 483
483 8952 21:0 483
483 8954 21:0 483
483 8904 21:0 494
493 8966 21:0 493
493 8934 21:0 544
543 8978 21:0 543
543 8979 21:0 543
543 8959 21:0 543
543 8935 21:0 560
559 8998 21:0 559
559 8986 21:0 559
559 8972 21:0 559
559 8985 21:0 559
559 8983 21:0 559
559 8987 21:0 559
559 8936 21:0 570
569 8999 21:0 569
569 8937 21:0 615
614 8992 21:0 614
614 9011 21:0 614
614 9012 21:0 614
614 8967 21:0 636
635 9018 21:0 635
635 9020 21:0 635
635 9016 21:0 635
635 9019 21:0 635
635 9005 21:0 635
635 8968 21:0 646
645 9032 21:0 645
645 8969 21:0 668
667 9025 21:0 667
667 9044 21:0 667
667 8970 21:0 712
711 9038 21:0 711
711 9049 21:0 711
711 9052 21:0 711
711 9053 21:0 711
711 9064 21:0 711
711 9051 21:0 711
711 9000 21:0 722
721 9065 21:0 721
721 9001 21:0 744
743 9058 21:0 743
743 9077 21:0 743
743 9002 21:0 788
787 9086 21:0 787
787 9097 21:0 787
787 9078 21:0 787
787 9071 21:0 787
787 9085 21:0 787
787 9082 21:0 787
787 9003 21:0 796
795 9098 21:0 795
795 9033 21:0 816
815 9110 21:0 815
815 9091 21:0 815
815 9035 21:0 864
863 9111 21:0 863
863 9118 21:0 863
863 9104 21:0 863
863 9130 21:0 863
863 9119 21:0 863
863 9115 21:0 863
863 9117 21:0 863
863 9034 21:0 869
868 9036 21:0 892
891 9131 21:0 891
891 9124 21:0 891
891 9143 21:0 891
891 9066 21:0 940
939 9163 21:0 939
939 9152 21:0 939
939 9150 21:0 939
939 9151 21:0 939
939 9144 21:0 939
939 9137 21:0 939
939 9148 21:0 939
939 9067 21:0 945
944 9068 21:0 964
963 9157 21:0 963
963 9176 21:0 963
963 9164 21:0 963
963 9069 21:0 1016
1015 9177 21:0 1015
1015 9185 21:0 1015
1015 9170 21:0 1015
1015 9184 21:0 1015
1015 9181 21:0 1015
1015 9183 21:0 1015
1015 9196 21:0 1015
1015 9099 21:0 1021
1020 9101 21:0 1040
1039 9209 21:0 1039
1039 9190 21:0 1039
1039 9197 21:0 1039
1039 9100 21:0 1092
1091 9214 21:0 1091
1091 9216 21:0 1091
1091 9203 21:0 1091
1091 9217 21:0 1091
1091 9218 21:0 1091
1091 9210 21:0 1091
1091 9229 21:0 1091
1091 9102 21:0 1097
1096 9132 21:0 1116
1115 9242 21:0 1115
1115 9223 21:0 1115
1115 9230 21:0 1115
1115 9232 21:0 1115
1115 9233 21:0 1115
1115 9234 21:0 1115
1115 9133 21:0 1168
1167 9243 21:0 1167
1167 9247 21:0 1167
1167 9250 21:0 1167
1167 9134 21:0 1173
1172 9264 21:0 1172
1172 9135 21:0 1192
1191 9263 21:0 1191
1191 9256 21:0 1191
1191 9275 21:0 1191
1191 9265 21:0 1191
1191 9266 21:0 1191
1191 9267 21:0 1191
1191 9165 21:0 1244
1243 9283 21:0 1243
1243 9269 21:0 1243
1243 9280 21:0 1243
1243 9166 21:0 1249
1248 9297 21:0 1248
1248 9167 21:0 1268
1267 9289 21:0 1267
1267 9299 21:0 1267
1267 9298 21:0 1267
1267 9300 21:0 1267
1267 9168 21:0 1320
1319 9316 21:0 1319
1319 9317 21:0 1319
1319 9313 21:0 1319
1319 9198 21:0 1325
1324 9330 21:0 1324
1324 303 1:0 1326
1324 9200 21:0 1344
1329 311 1:0 1340
1343 9322 21:0 1343
1343 9331 21:0 1343
1343 9333 21:0 1343
1343 9332 21:0 1343
1343 313 1:0 1344
1343 9199 21:0 1396
1347 315 1:0 1348
1347 317 1:0 1378
1379 319 1:0 1392
1395 9348 21:0 1395
1395 323 1:0 1397
1395 9201 21:0 1401
1400 9363 21:0 1400
1400 321 1:0 1402
1400 9231 21:0 1421
1420 9365 21:0 1420
1420 9364 21:0 1420
1420 9366 21:0 1420
1420 9375 21:0 1429
1428 9021 21:0 1429
1428 8744 21:0 1429
1429 9376 21:0 1462
1461 8743 21:0 1462
1461 9054 21:0 1462
1461 8823 21:0 1462
1461 9385 21:0 1462
1461 8856 21:0 1462
1461 9120 21:0 1464
1461 8643 21:0 1462
1461 8644 21:0 1462
1463 9153 21:0 1464
1464 9369 21:0 1473
1472 9382 21:0 1473
1472 9395 21:0 1473
1472 8646 21:0 1475
1474 13 21:0 1474
1474 9351 21:0 1475
1474 9186 21:0 1475
1474 9285 21:0 1475
1475 9397 21:0 1483
1482 17 21:0 1482
1482 9399 21:0 1533
1532 15 21:0 1532
1532 9400 21:0 1549
1548 9398 21:0 1559
1558 35 21:0 1558
1558 31 21:0 1558
1558 9430 21:0 1609
1608 9442 21:0 1608
1608 9432 21:0 1625
1624 9431 21:0 1635
1634 53 21:0 1634
1634 49 21:0 1634
1634 9433 21:0 1685
1684 51 21:0 1684
1684 9463 21:0 1701
1700 9494 21:0 1700
1700 9483 21:0 1700
1700 9465 21:0 1711
1710 71 21:0 1710
1710 67 21:0 1710
1710 9464 21:0 1761
1760 69 21:0 1760
1760 9508 21:0 1760
1760 9466 21:0 1777
1776 9514 21:0 1776
1776 9496 21:0 1787
1786 89 21:0 1786
1786 85 21:0 1786
1786 9497 21:0 1837
1836 87 21:0 1836
1836 9521 21:0 1836
1836 9541 21:0 1836
1836 9498 21:0 1853
1852 9534 21:0 1852
1852 9499 21:0 1863
1862 107 21:0 1862
1862 103 21:0 1862
1862 9529 21:0 1913
1912 105 21:0 1912
1912 9554 21:0 1912
1912 9573 21:0 1912
1912 9530 21:0 1929
1928 9531 21:0 1939
1938 125 21:0 1938
1938 121 21:0 1938
1938 9532 21:0 1961
1960 123 21:0 1960
1960 9562 21:0 2005
2004 9607 21:0 2004
2004 9614 21:0 2004
2004 9564 21:0 2015
2014 143 21:0 2014
2014 9627 21:0 2014
2014 9563 21:0 2037
2036 141 21:0 2036
2036 9620 21:0 2036
2036 9565 21:0 2081
2080 9647 21:0 2080
2080 9595 21:0 2091
2090 161 21:0 2090
2090 9597 21:0 2109
2108 159 21:0 2108
2108 9653 21:0 2108
2108 9672 21:0 2108
2108 9596 21:0 2157
2156 9598 21:0 2164
2163 175 21:0 2163
2163 179 21:0 2163
2163 9693 21:0 2163
2163 9628 21:0 2185
2184 177 21:0 2184
2184 9686 21:0 2184
2184 9629 21:0 2233
2232 9630 21:0 2238
2237 193 21:0 2237
2237 9631 21:0 2257
2256 195 21:0 2256
2256 197 21:0 2256
2256 9726 21:0 2256
2256 9661 21:0 2309
2308 9746 21:0 2308
2308 9745 21:0 2308
2308 9758 21:0 2308
2308 9662 21:0 2314
2313 211 21:0 2313
2313 9663 21:0 2333
2332 213 21:0 2332
2332 9664 21:0 2385
2384 9772 21:0 2384
2384 9779 21:0 2384
2384 9778 21:0 2384
2384 9765 21:0 2384
2384 9694 21:0 2390
2389 9695 21:0 2409
2408 233 21:0 2408
2408 231 21:0 2408
2408 9696 21:0 2461
2460 9824 21:0 2460
2460 9812 21:0 2460
2460 9798 21:0 2460
2460 9697 21:0 2466
2465 9727 21:0 2485
2484 251 21:0 2484
2484 9837 21:0 2484
2484 9825 21:0 2484
2484 9818 21:0 2484
2484 9729 21:0 2537
2536 9846 21:0 2536
2536 9838 21:0 2536
2536 9845 21:0 2536
2536 9728 21:0 2542
2541 265 21:0 2541
2541 9730 21:0 2561
2560 269 21:0 2560
2560 9870 21:0 2560
2560 9760 21:0 2613
2612 9878 21:0 2612
2612 9762 21:0 2618
2617 9761 21:0 2637
2636 9891 21:0 2636
2636 9884 21:0 2636
2636 9763 21:0 2689
2688 9923 21:0 2688
2688 9897 21:0 2688
2688 9908 21:0 2688
2688 9911 21:0 2688
2688 9912 21:0 2688
2688 9793 21:0 2694
2693 9795 21:0 2713
2712 305 21:0 2712
2712 9936 21:0 2712
2712 9924 21:0 2712
2712 9794 21:0 2765
2764 9956 21:0 2764
2764 9796 21:0 2770
2769 9826 21:0 2781
2774 336 1:0 2777
2776 9365 1:0 2776
2776 9364 1:0 2776
2776 9366 1:0 2776
2776 9363 1:0 2776
2780 9950 21:0 2780
2780 9828 21:0 2784
2783 9827 21:0 2791
2790 9964 21:0 2790
2790 9829 21:0 2799
2798 9968 21:0 2798
2798 9859 21:0 2802
2801 9860 21:0 2867
2827 9351 1:0 2831
2830 9316 1:0 2830
2830 9317 1:0 2830
2830 9348 1:0 2830
2830 9289 1:0 2830
2830 9313 1:0 2830
2830 9322 1:0 2830
2830 305 1:0 2830
2830 9331 1:0 2830
2830 9333 1:0 2830
2830 9332 1:0 2830
2830 9330 1:0 2830
2830 9299 1:0 2830
2830 9298 1:0 2830
2830 9297 1:0 2830
2830 9300 1:0 2830
2866 9861 21:0 2903
2902 9862 21:0 2913
2912 9892 21:0 2916
2915 9894 21:0 2921
2920 10025 21:0 2920
2920 9893 21:0 2947
2946 9895 21:0 3025
3024 9925 21:0 3028
3027 9927 21:0 3035
3034 10078 21:0 3034
3034 9926 21:0 3043
3042 9928 21:0 3046
3045 9958 21:0 3114
3071 9285 1:0 3075
3074 9283 1:0 3074
3074 269 1:0 3074
3074 265 1:0 3074
3074 9242 1:0 3074
3074 9243 1:0 3074
3074 251 1:0 3074
3074 9263 1:0 3074
3074 9256 1:0 3074
3074 9269 1:0 3074
3074 9275 1:0 3074
3074 9230 1:0 3074
3074 9280 1:0 3074
3074 9247 1:0 3074
3074 9250 1:0 3074
3074 9265 1:0 3074
3074 9232 1:0 3074
3074 9266 1:0 3074
3074 9233 1:0 3074
3074 9267 1:0 3074
3074 9264 1:0 3074
3074 9234 1:0 3074
3113 9959 21:0 3147
3146 9960 21:0 3157
3156 10135 21:0 3156
3156 9961 21:0 3160
3159 9380 21:0 3160
3159 9384 21:0 3165
3164 9389 21:0 3165
3164 9383 21:0 3165
3164 9396 21:0 3168
3167 9428 21:0 3168
3167 9409 21:0 3168
3167 9417 21:0 3191
3190 9416 21:0 3194
3193 9415 21:0 3236
3235 9461 21:0 3245
3244 9429 21:0 3269
3268 9441 21:0 3269
3268 9435 21:0 3269
3268 9448 21:0 3272
3271 9413 21:0 3272
3271 9481 21:0 3272
3271 9474 21:0 3279
3278 10192 21:0 3278
3278 9482 21:0 3279
3278 9468 21:0 3279
3278 9507 21:0 3282
3278 9231 1:0 3283
3281 9462 21:0 3282
3281 9446 21:0 3282
3281 9479 21:0 3287
3282 9223 1:0 3282
3282 9229 1:0 3282
3286 10196 21:0 3286
3286 9545 21:0 3287
3286 9512 21:0 3287
3286 9450 21:0 3290
3286 9201 1:0 3311
3289 9501 21:0 3290
3289 9408 21:0 3290
3289 9549 21:0 3313
3310 9214 1:0 3310
3310 9209 1:0 3310
3310 9216 1:0 3310
3310 9203 1:0 3310
3310 9217 1:0 3310
3310 9218 1:0 3310
3310 9210 1:0 3310
3312 336 21:0 3316
3312 9199 1:0 3389
3315 9587 21:0 3358
3357 9581 21:0 3367
3366 9528 21:0 3391
3388 231 1:0 3388
3390 9548 21:0 3391
3390 9516 21:0 3391
3390 9527 21:0 3394
3390 9200 1:0 3396
3393 9422 21:0 3394
3393 9578 21:0 3394
3393 9449 21:0 3401
3395 233 1:0 3395
3395 9197 1:0 3395
3400 10249 21:0 3400
3400 9547 21:0 3401
3400 9615 21:0 3401
3400 9648 21:0 3404
3400 9198 1:0 3405
3403 9626 21:0 3404
3403 9561 21:0 3404
3403 9495 21:0 3409
3404 9196 1:0 3404
3408 10253 21:0 3408
3408 9613 21:0 3409
3408 9639 21:0 3409
3408 9540 21:0 3412
3408 9168 1:0 3419
3411 9593 21:0 3412
3411 9582 21:0 3412
3411 9680 21:0 3435
3418 9177 1:0 3418
3418 9185 1:0 3418
3418 9170 1:0 3418
3418 9184 1:0 3418
3418 9181 1:0 3418
3418 9190 1:0 3418
3418 9183 1:0 3418
3418 9176 1:0 3418
3419 9186 1:0 3419
3420 9167 1:0 3511
3434 10256 21:0 3434
3434 9659 21:0 3438
3437 9402 21:0 3486
3485 9719 21:0 3489
3488 9633 21:0 3513
3510 213 1:0 3510
3512 9747 21:0 3513
3512 9646 21:0 3513
3512 9679 21:0 3516
3512 9166 1:0 3517
3515 9706 21:0 3516
3515 9739 21:0 3516
3515 9515 21:0 3523
3516 9164 1:0 3516
3522 10306 21:0 3522
3522 9574 21:0 3523
3522 9560 21:0 3523
3522 9725 21:0 3526
3522 9165 1:0 3527
3525 9660 21:0 3526
3525 9752 21:0 3526
3525 9714 21:0 3531
3526 9163 1:0 3526
3526 211 1:0 3526
3526 9157 1:0 3526
3530 10310 21:0 3530
3530 9455 21:0 3531
3530 9488 21:0 3531
3530 9804 21:0 3534
3530 9135 1:0 3555
3533 9640 21:0 3534
3533 9805 21:0 3534
3533 9785 21:0 3557
3553 9153 1:0 3555
3554 9152 1:0 3554
3554 9150 1:0 3554
3554 9151 1:0 3554
3554 9144 1:0 3554
3554 9137 1:0 3554
3554 9143 1:0 3554
3554 9148 1:0 3554
3556 9811 21:0 3560
3556 9134 1:0 3633
3559 9813 21:0 3608
3607 10139 21:0 3611
3610 9567 21:0 3635
3632 195 1:0 3632
3634 9844 21:0 3635
3634 9644 21:0 3635
3634 9692 21:0 3638
3634 9133 1:0 3639
3637 9879 21:0 3638
3637 9600 21:0 3638
3637 9699 21:0 3645
3638 197 1:0 3638
3638 9131 1:0 3638
3644 9941 21:0 3645
3644 9857 21:0 3645
3644 9791 21:0 3648
3644 9132 1:0 3649
3644 8650 21:0 3645
3647 9809 21:0 3648
3647 9875 21:0 3648
3647 10021 21:0 3653
3648 193 1:0 3648
3648 9130 1:0 3648
3648 9124 1:0 3648
3651 9102 1:0 3677
3651 9120 1:0 3677
3652 9957 21:0 3653
3652 9673 21:0 3653
3652 9738 21:0 3656
3654 9100 1:0 3755
3655 9937 21:0 3656
3655 9475 21:0 3656
3655 9732 21:0 3679
3657 9101 1:0 3762
3657 9099 1:0 3771
3676 9111 1:0 3676
3676 9110 1:0 3676
3676 9118 1:0 3676
3676 9104 1:0 3676
3676 9119 1:0 3676
3676 9115 1:0 3676
3676 9117 1:0 3676
3678 10370 21:0 3678
3678 305 21:0 3713
3687 9069 1:0 3799
3712 9910 21:0 3730
3727 9068 1:0 3877
3729 9877 21:0 3733
3732 9930 21:0 3757
3752 9067 1:0 3883
3754 177 1:0 3754
3756 9776 21:0 3757
3756 9864 21:0 3757
3756 9851 21:0 3760
3759 9792 21:0 3760
3759 10199 21:0 3760
3759 303 21:0 3767
3761 179 1:0 3761
3761 9098 1:0 3761
3764 9066 1:0 3893
3765 9054 1:0 3921
3765 9036 1:0 3921
3766 10420 21:0 3766
3766 9904 21:0 3767
3766 9606 21:0 3767
3766 9771 21:0 3770
3768 9034 1:0 3999
3769 10142 21:0 3770
3769 9743 21:0 3770
3769 9831 21:0 3775
3770 175 1:0 3770
3770 9097 1:0 3770
3770 9091 1:0 3770
3771 9035 1:0 4006
3773 9033 1:0 4015
3774 10424 21:0 3774
3774 10082 21:0 3775
3774 9712 21:0 3775
3774 9611 21:0 3778
3776 9003 1:0 4043
3776 9021 1:0 4043
3777 9917 21:0 3778
3777 9903 21:0 3778
3777 9666 21:0 3801
3779 9002 1:0 4121
3779 9001 1:0 4127
3798 9086 1:0 3798
3798 9078 1:0 3798
3798 9071 1:0 3798
3798 9085 1:0 3798
3798 9077 1:0 3798
3798 9082 1:0 3798
3798 9000 1:0 4137
3800 9705 21:0 3835
3834 9594 21:0 3852
3849 8970 1:0 4165
3851 9780 21:0 3855
3854 9842 21:0 3879
3874 8969 1:0 4243
3876 159 1:0 3876
3878 9890 21:0 3879
3878 9943 21:0 3879
3878 301 21:0 3882
3881 10028 21:0 3882
3881 9580 21:0 3882
3881 10427 21:0 3889
3882 9065 1:0 3882
3882 161 1:0 3882
3886 8968 1:0 4249
3887 8967 1:0 4259
3888 10477 21:0 3888
3888 10459 21:0 3889
3888 9759 21:0 3889
3888 9681 21:0 3889
3888 9710 21:0 3892
3890 8937 1:0 4287
3891 9713 21:0 3892
3891 9944 21:0 3892
3891 231 21:0 3897
3892 9058 1:0 3892
3892 9064 1:0 3892
3893 8936 1:0 4365
3895 8935 1:0 4371
3895 8934 1:0 4381
3896 10481 21:0 3896
3896 10402 21:0 3897
3896 9858 21:0 3897
3896 10445 21:0 3897
3896 10388 21:0 3897
3896 10331 21:0 3900
3899 10217 21:0 3900
3899 10231 21:0 3900
3899 9945 21:0 3900
3899 10160 21:0 3900
3899 10288 21:0 3900
3899 10174 21:0 3900
3899 10345 21:0 3900
3899 10367 21:0 3923
3901 8904 1:0 4409
3901 8902 1:0 4487
3920 9038 1:0 3920
3920 9044 1:0 3920
3920 9049 1:0 3920
3920 9052 1:0 3920
3920 9053 1:0 3920
3920 9051 1:0 3920
3920 8903 1:0 4494
3922 10484 21:0 3922
3922 10363 21:0 3926
3925 9418 21:0 3926
3925 9715 21:0 3926
3925 9550 21:0 3926
3925 9484 21:0 3926
3925 9649 21:0 3926
3925 9616 21:0 3926
3925 9682 21:0 3926
3929 10502 21:0 3960
3959 9871 21:0 3974
3971 8901 1:0 4503
3973 9677 21:0 3977
3976 9517 21:0 3977
3976 9583 21:0 3977
3976 10454 21:0 3977
3976 9748 21:0 3977
3976 9451 21:0 3979
3978 9781 21:0 3979
3978 9814 21:0 3981
3980 9847 21:0 3981
3981 10516 21:0 4001
3982 8871 1:0 4531
3998 141 1:0 3998
4000 10283 21:0 4001
4000 10513 21:0 4001
4000 283 21:0 4001
4000 10285 21:0 4001
4000 10399 21:0 4001
4000 10456 21:0 4001
4000 10340 21:0 4001
4000 10313 21:0 4001
4000 10342 21:0 4001
4000 10511 21:0 4001
4000 10397 21:0 4001
4000 10274 21:0 4004
4003 10057 21:0 4004
4003 10169 21:0 4004
4003 9913 21:0 4004
4003 10000 21:0 4004
4003 9989 21:0 4004
4003 9946 21:0 4004
4003 317 21:0 4004
4003 277 21:0 4004
4003 295 21:0 4004
4003 10055 21:0 4004
4003 10060 21:0 4004
4003 10046 21:0 4004
4003 311 21:0 4004
4003 297 21:0 4004
4003 10171 21:0 4004
4003 10226 21:0 4004
4003 10112 21:0 4004
4003 315 21:0 4004
4003 10114 21:0 4004
4003 10003 21:0 4004
4003 313 21:0 4004
4003 9998 21:0 4004
4003 10103 21:0 4004
4003 9880 21:0 4004
4003 10228 21:0 4004
4003 10117 21:0 4004
4003 279 21:0 4007
4005 143 1:0 4005
4005 9032 1:0 4005
4007 10534 21:0 4011
4008 8869 1:0 4609
4009 8870 1:0 4616
4009 8868 1:0 4625
4010 261 21:0 4011
4010 241 21:0 4011
4010 275 21:0 4011
4010 243 21:0 4011
4010 281 21:0 4011
4010 263 21:0 4011
4010 259 21:0 4011
4010 299 21:0 4011
4010 293 21:0 4011
4010 257 21:0 4011
4010 239 21:0 4014
4013 245 21:0 4014
4013 225 21:0 4014
4013 223 21:0 4014
4014 9025 1:0 4014
4017 10538 21:0 4019
4017 8856 1:0 4653
4017 8838 1:0 4653
4017 8836 1:0 4731
4023 8837 1:0 4738
4042 9018 1:0 4042
4042 9020 1:0 4042
4042 9016 1:0 4042
4042 9011 1:0 4042
4042 9019 1:0 4042
4042 9005 1:0 4042
4042 9012 1:0 4042
4042 8835 1:0 4747
4051 10541 21:0 4051
4051 10559 21:0 4082
4085 10568 21:0 4087
4094 10570 21:0 4096
4103 10573 21:0 4123
4120 123 1:0 4120
4126 125 1:0 4126
4126 8999 1:0 4126
4130 8805 1:0 4775
4130 8823 1:0 4775
4131 8804 1:0 4853
4136 8992 1:0 4136
4136 8998 1:0 4136
4136 121 1:0 4136
4139 8803 1:0 4859
4139 8802 1:0 4869
4139 8790 1:0 4905
4139 10538 1:0 5878
4148 10591 21:0 4148
4148 10595 21:0 4148
4148 10598 21:0 4170
4164 8978 1:0 4164
4164 8986 1:0 4164
4164 8979 1:0 4164
4164 8972 1:0 4164
4164 8985 1:0 4164
4164 8983 1:0 4164
4164 8987 1:0 4164
4173 10616 21:0 4204
4207 10625 21:0 4209
4216 10627 21:0 4218
4225 10630 21:0 4245
4242 105 1:0 4242
4248 107 1:0 4248
4248 8966 1:0 4248
4251 10648 21:0 4255
4258 103 1:0 4258
4258 8965 1:0 4258
4258 8959 1:0 4258
4261 10652 21:0 4263
4270 10655 21:0 4292
4286 8950 1:0 4286
4286 8953 1:0 4286
4286 8939 1:0 4286
4286 8952 1:0 4286
4286 8945 1:0 4286
4286 8954 1:0 4286
4295 10673 21:0 4326
4329 10682 21:0 4331
4338 10684 21:0 4340
4347 10687 21:0 4367
4364 87 1:0 4364
4370 89 1:0 4370
4370 8933 1:0 4370
4380 85 1:0 4380
4380 8926 1:0 4380
4380 8932 1:0 4380
4383 10705 21:0 4383
4383 10709 21:0 4385
4392 10712 21:0 4414
4408 8919 1:0 4408
4408 8917 1:0 4408
4408 8913 1:0 4408
4408 8921 1:0 4408
4408 8912 1:0 4408
4408 8906 1:0 4408
4408 8920 1:0 4408
4417 10730 21:0 4448
4451 10739 21:0 4453
4460 10741 21:0 4462
4469 10744 21:0 4489
4486 69 1:0 4486
4493 71 1:0 4493
4493 8900 1:0 4493
4502 8899 1:0 4502
4502 67 1:0 4502
4502 8893 1:0 4502
4505 10762 21:0 4505
4505 10766 21:0 4507
4514 10769 21:0 4536
4530 8888 1:0 4530
4530 8879 1:0 4530
4530 8886 1:0 4530
4530 8884 1:0 4530
4530 8887 1:0 4530
4530 8873 1:0 4530
4539 10787 21:0 4570
4573 10796 21:0 4575
4582 10798 21:0 4584
4591 10801 21:0 4611
4608 51 1:0 4608
4615 8867 1:0 4615
4615 53 1:0 4615
4617 10819 21:0 4621
4624 8860 1:0 4624
4624 49 1:0 4624
4624 8866 1:0 4624
4652 8853 1:0 4652
4652 8851 1:0 4652
4652 8840 1:0 4652
4652 8854 1:0 4652
4652 8855 1:0 4652
4652 8846 1:0 4652
4652 8847 1:0 4652
4661 10823 21:0 4661
4661 10826 21:0 4661
4661 10844 21:0 4692
4695 10853 21:0 4697
4704 10855 21:0 4706
4713 10858 21:0 4733
4737 8834 1:0 4737
4737 35 1:0 4737
4746 8833 1:0 4746
4746 31 1:0 4746
4774 8822 1:0 4774
4774 8821 1:0 4774
4774 8807 1:0 4774
4774 8814 1:0 4774
4774 8820 1:0 4774
4774 8818 1:0 4774
4774 8813 1:0 4774
4783 10876 21:0 4783
4783 10880 21:0 4783
4783 10883 21:0 4783
4783 10901 21:0 4814
4817 10910 21:0 4819
4826 10912 21:0 4828
4835 10915 21:0 4855
4852 15 1:0 4852
4858 8801 1:0 4858
4858 17 1:0 4858
4861 10933 21:0 4865
4868 13 1:0 4868
4868 8789 1:0 4868
4868 8800 1:0 4868
4868 8794 1:0 4868
4871 10937 21:0 4873
4880 10940 21:0 4902
4904 8787 1:0 4904
4904 8788 1:0 4904
4904 8780 1:0 4904
4904 8781 1:0 4904
4904 8785 1:0 4904
4904 8774 1:0 4904
4905 10958 21:0 4936
4939 10967 21:0 4941
4948 10969 21:0 4950
4984 10997 21:0 4995
4994 3 21:0 4995
4995 10998 21:0 5028
5027 10990 21:0 5028
5027 5 21:0 5028
5027 10972 21:0 5028
5027 11007 21:0 5028
5030 10991 21:0 5039
5038 11005 21:0 5039
5038 11004 21:0 5039
5038 9 21:0 5041
5041 13 21:0 5041
5041 11019 21:0 5049
5048 17 21:0 5048
5048 11018 21:0 5048
5048 11020 21:0 5099
5098 15 21:0 5098
5098 11021 21:0 5115
5114 11022 21:0 5125
5124 35 21:0 5124
5124 31 21:0 5124
5124 11052 21:0 5175
5174 33 21:0 5174
5174 11053 21:0 5191
5190 11070 21:0 5190
5190 11054 21:0 5201
5200 53 21:0 5200
5200 11055 21:0 5251
5250 11085 21:0 5267
5266 11087 21:0 5277
5276 71 21:0 5276
5276 67 21:0 5276
5276 11086 21:0 5327
5326 69 21:0 5326
5326 11088 21:0 5343
5342 11118 21:0 5353
5352 89 21:0 5352
5352 11150 21:0 5352
5352 11120 21:0 5403
5402 87 21:0 5402
5402 11162 21:0 5402
5402 11119 21:0 5419
5418 11182 21:0 5418
5418 11169 21:0 5418
5418 11121 21:0 5429
5428 107 21:0 5428
5428 103 21:0 5428
5428 11151 21:0 5451
5450 105 21:0 5450
5450 11176 21:0 5450
5450 11153 21:0 5495
5494 11200 21:0 5494
5494 11154 21:0 5502
5501 121 21:0 5501
5501 125 21:0 5501
5501 11216 21:0 5501
5501 11152 21:0 5523
5522 123 21:0 5522
5522 11184 21:0 5571
5570 11233 21:0 5570
5570 11186 21:0 5576
5575 139 21:0 5575
5575 11185 21:0 5595
5594 143 21:0 5594
5594 141 21:0 5594
5594 11249 21:0 5594
5594 11187 21:0 5647
5646 11255 21:0 5646
5646 11270 21:0 5646
5646 11268 21:0 5646
5646 11269 21:0 5646
5646 11217 21:0 5652
5651 157 21:0 5651
5651 11219 21:0 5671
5670 159 21:0 5670
5670 161 21:0 5670
5670 11218 21:0 5723
5722 11314 21:0 5722
5722 11301 21:0 5722
5722 11295 21:0 5722
5722 11303 21:0 5722
5722 11220 21:0 5728
5727 175 21:0 5727
5727 11250 21:0 5747
5746 177 21:0 5746
5746 179 21:0 5746
5746 11315 21:0 5746
5746 11251 21:0 5799
5798 11335 21:0 5798
5798 11334 21:0 5798
5798 11328 21:0 5798
5798 11252 21:0 5804
5803 193 21:0 5803
5803 11253 21:0 5823
5822 197 21:0 5822
5822 11348 21:0 5822
5822 11283 21:0 5875
5874 11368 21:0 5874
5874 11367 21:0 5874
5874 11369 21:0 5874
5874 11361 21:0 5874
5874 11285 21:0 5880
5879 211 21:0 5879
5879 10313 1:0 5883
5879 9677 1:0 5883
5879 283 1:0 5883
5879 11284 21:0 5899
5884 225 1:0 5885
5884 10769 1:0 5897
5884 10363 1:0 5897
5884 9871 1:0 5897
5886 223 1:0 5897
5898 215 21:0 5898
5898 213 21:0 5898
5898 11393 21:0 5898
5898 11374 21:0 5898
5898 10648 1:0 5933
5898 11286 21:0 5951
5934 10534 1:0 5949
5939 239 1:0 5949
5939 245 1:0 5949
5950 11413 21:0 5950
5950 11402 21:0 5950
5950 11387 21:0 5950
5950 11398 21:0 5950
5950 10367 1:0 5954
5950 9945 1:0 5954
5950 10652 1:0 5954
5950 11316 21:0 5956
5955 231 1:0 5957
5955 9858 1:0 5959
5955 10598 1:0 5959
5955 11317 21:0 5961
5960 233 21:0 5960
5960 11414 21:0 5960
5960 243 1:0 5961
5960 9713 1:0 5973
5960 9710 1:0 5973
5960 9944 1:0 5973
5960 11318 21:0 6027
5962 241 1:0 5973
5974 9681 1:0 6009
6010 9759 1:0 6025
6015 257 1:0 6025
6015 263 1:0 6025
6026 11435 21:0 6026
6026 11434 21:0 6026
6026 11431 21:0 6026
6026 9580 1:0 6030
6026 10427 1:0 6030
6026 10028 1:0 6030
6026 11319 21:0 6032
6031 247 21:0 6031
6031 10819 1:0 6035
6031 301 1:0 6035
6031 259 1:0 6035
6031 10709 1:0 6035
6031 11349 21:0 6037
6036 251 21:0 6036
6036 11447 21:0 6036
6036 9890 1:0 6049
6036 9943 1:0 6049
6036 10655 1:0 6049
6036 11351 21:0 6103
6038 261 1:0 6049
6050 9842 1:0 6085
6086 9780 1:0 6101
6091 281 1:0 6101
6091 275 1:0 6101
6102 249 21:0 6102
6102 9705 1:0 6106
6102 9594 1:0 6106
6102 9666 1:0 6106
6102 11350 21:0 6108
6107 265 21:0 6107
6107 9917 1:0 6111
6107 9903 1:0 6111
6107 10712 1:0 6111
6107 279 1:0 6111
6107 11352 21:0 6113
6112 269 21:0 6112
6112 11480 21:0 6112
6112 9611 1:0 6125
6112 10766 1:0 6125
6112 9712 1:0 6125
6112 11382 21:0 6179
6114 277 1:0 6125
6126 10082 1:0 6161
6162 9831 1:0 6177
6167 299 1:0 6168
6167 293 1:0 6168
6169 297 1:0 6177
6178 267 21:0 6178
6178 11512 21:0 6178
6178 11497 21:0 6178
6178 11500 21:0 6178
6178 11501 21:0 6178
6178 11493 21:0 6178
6178 11473 21:0 6178
6178 9771 1:0 6182
6178 9743 1:0 6182
6178 10142 1:0 6182
6178 11383 21:0 6184
6183 283 21:0 6183
6183 9606 1:0 6187
6183 10933 1:0 6187
6183 9904 1:0 6187
6183 11384 21:0 6189
6188 287 21:0 6188
6188 10199 1:0 6201
6188 303 1:0 6201
6188 9792 1:0 6201
6188 11385 21:0 6255
6190 295 1:0 6201
6202 9851 1:0 6237
6238 9776 1:0 6253
6243 311 1:0 6253
6243 317 1:0 6253
6254 285 21:0 6254
6254 11545 21:0 6254
6254 11533 21:0 6254
6254 11526 21:0 6254
6254 11525 21:0 6254
6254 11534 21:0 6254
6254 11530 21:0 6254
6254 305 1:0 6256
6254 9930 1:0 6258
6254 9864 1:0 6258
6254 11415 21:0 6260
6259 301 21:0 6259
6259 9877 1:0 6263
6259 9910 1:0 6263
6259 9732 1:0 6263
6259 11417 21:0 6265
6264 305 21:0 6264
6264 315 1:0 6265
6264 9937 1:0 6277
6264 9738 1:0 6277
6264 9475 1:0 6277
6264 11416 21:0 6331
6266 313 1:0 6277
6278 9957 1:0 6313
6314 9961 1:0 6334
6330 11578 21:0 6330
6330 11565 21:0 6330
6330 11567 21:0 6330
6330 11566 21:0 6330
6330 11539 21:0 6330
6330 11418 21:0 6336
6335 11448 21:0 6341
6335 9960 1:0 6345
6340 11579 21:0 6340
6340 337 1:0 6343
6340 9673 1:0 6345
6340 11449 21:0 6350
6346 9959 1:0 6352
6349 9875 1:0 6356
6349 10021 1:0 6356
6349 11450 21:0 6358
6351 9964 1:0 6351
6357 11451 21:0 6361
6357 9958 1:0 6363
6360 10003 1:0 6365
6360 9809 1:0 6365
6360 9989 1:0 6365
6360 10000 1:0 6365
6360 9998 1:0 6365
6360 11481 21:0 6370
6362 9968 1:0 6362
6364 9950 1:0 6364
6364 9956 1:0 6364
6366 9928 1:0 6393
6369 9791 1:0 6393
6369 9941 1:0 6393
6369 11483 21:0 6398
6391 9946 1:0 6393
6392 9936 1:0 6392
6394 9926 1:0 6476
6397 11482 21:0 6478
6477 11484 21:0 6481
6477 9927 1:0 6484
6480 9699 1:0 6487
6480 9857 1:0 6487
6480 11514 21:0 6492
6486 305 1:0 6486
6486 9924 1:0 6486
6488 9925 1:0 6494
6491 10057 1:0 6496
6491 10046 1:0 6496
6491 10060 1:0 6496
6491 9879 1:0 6496
6491 10055 1:0 6496
6491 11516 21:0 6498
6493 10025 1:0 6493
6495 301 1:0 6495
6495 9923 1:0 6495
6497 11515 21:0 6501
6497 9895 1:0 6524
6500 9692 1:0 6524
6500 9600 1:0 6524
6500 11517 21:0 6580
6522 9913 1:0 6524
6523 9897 1:0 6523
6523 9908 1:0 6523
6523 9911 1:0 6523
6523 9912 1:0 6523
6525 9893 1:0 6607
6579 11547 21:0 6612
6606 285 1:0 6606
6608 9894 1:0 6615
6611 9644 1:0 6618
6611 9844 1:0 6618
6611 11548 21:0 6620
6614 10078 1:0 6614
6617 287 1:0 6617
6617 9891 1:0 6617
6619 10078 21:0 6619
6619 11550 21:0 6623
6619 9892 1:0 6625
6622 10112 1:0 6627
6622 10114 1:0 6627
6622 10117 1:0 6627
6622 10103 1:0 6627
6622 9567 1:0 6627
6622 11549 21:0 6632
6626 283 1:0 6626
6626 9884 1:0 6626
6628 9862 1:0 6655
6631 10139 1:0 6655
6631 9813 1:0 6655
6631 11580 21:0 6660
6653 9880 1:0 6655
6654 9878 1:0 6654
6654 9870 1:0 6654
6656 9861 1:0 6738
6659 11582 21:0 6740
6737 267 1:0 6737
6739 11581 21:0 6743
6739 9860 1:0 6745
6742 9811 1:0 6749
6742 9785 1:0 6749
6742 11583 21:0 6754
6744 10135 1:0 6744
6748 269 1:0 6748
6750 9859 1:0 6756
6753 10135 21:0 6753
6753 11006 21:0 6754
6753 11037 21:0 6754
6753 10174 1:0 6758
6753 9805 1:0 6758
6753 10169 1:0 6758
6753 10171 1:0 6758
6753 10160 1:0 6758
6753 11038 21:0 6760
6757 265 1:0 6757
6759 10139 21:0 6759
6759 11024 21:0 6760
6759 11044 21:0 6760
6759 11002 21:0 6763
6759 9829 1:0 6786
6762 11011 21:0 6763
6762 11050 21:0 6763
6762 9804 1:0 6786
6762 9640 1:0 6786
6762 11017 21:0 6788
6784 9847 1:0 6786
6785 9846 1:0 6785
6785 9838 1:0 6785
6785 9845 1:0 6785
6785 9837 1:0 6785
6787 11077 21:0 6791
6787 9827 1:0 6869
6790 11064 21:0 6832
6831 11083 21:0 6842
6841 11039 21:0 6866
6865 11057 21:0 6871
6868 249 1:0 6868
6870 11097 21:0 6871
6870 11116 21:0 6874
6870 9828 1:0 6877
6873 11030 21:0 6874
6873 11031 21:0 6874
6873 11101 21:0 6878
6873 9488 1:0 6880
6873 9455 1:0 6880
6876 10192 1:0 6876
6877 10192 21:0 6877
6877 11035 21:0 6882
6879 251 1:0 6879
6879 9825 1:0 6879
6881 11068 21:0 6882
6881 11129 21:0 6885
6881 9826 1:0 6887
6884 11090 21:0 6885
6884 11134 21:0 6885
6884 10217 1:0 6889
6884 10228 1:0 6889
6884 10226 1:0 6889
6884 10231 1:0 6889
6884 9714 1:0 6889
6884 11051 21:0 6891
6886 10196 1:0 6886
6888 247 1:0 6888
6888 9818 1:0 6888
6888 9824 1:0 6888
6890 11072 21:0 6891
6890 11136 21:0 6891
6890 11084 21:0 6894
6890 9796 1:0 6917
6893 11195 21:0 6894
6893 11096 21:0 6894
6893 11196 21:0 6915
6893 9752 1:0 6917
6893 9660 1:0 6917
6914 11170 21:0 6922
6915 9814 1:0 6917
6916 9812 1:0 6916
6916 9798 1:0 6916
6918 9794 1:0 7000
6921 11167 21:0 6963
6962 11071 21:0 6973
6972 11215 21:0 6995
6994 11204 21:0 7002
7001 11063 21:0 7002
7001 11104 21:0 7005
7001 9795 1:0 7008
7004 11105 21:0 7005
7004 11110 21:0 7005
7004 11149 21:0 7009
7004 9560 1:0 7011
7004 9725 1:0 7011
7007 10249 1:0 7007
7008 11202 21:0 7013
7010 233 1:0 7010
7012 11137 21:0 7013
7012 11117 21:0 7016
7012 9793 1:0 7018
7015 11183 21:0 7016
7015 11299 21:0 7016
7015 9574 1:0 7020
7015 10288 1:0 7020
7015 10274 1:0 7020
7015 10283 1:0 7020
7015 10285 1:0 7020
7015 11143 21:0 7022
7017 10253 1:0 7017
7019 10256 1:0 7019
7021 11123 21:0 7022
7021 11281 21:0 7022
7021 11302 21:0 7025
7021 9763 1:0 7048
7024 11248 21:0 7025
7024 11294 21:0 7025
7024 11347 21:0 7044
7024 9515 1:0 7048
7024 10940 1:0 7048
7043 11360 21:0 7053
7046 9781 1:0 7048
7047 9772 1:0 7047
7047 9779 1:0 7047
7047 9778 1:0 7047
7047 9765 1:0 7047
7049 9761 1:0 7131
7052 11163 21:0 7094
7093 11235 21:0 7104
7103 11228 21:0 7120
7119 11209 21:0 7133
7130 213 1:0 7130
7132 11394 21:0 7133
7132 11138 21:0 7136
7132 9762 1:0 7139
7135 11365 21:0 7136
7135 11156 21:0 7136
7135 11354 21:0 7139
7135 9739 1:0 7142
7135 9706 1:0 7142
7138 10306 1:0 7138
7138 11308 21:0 7144
7141 215 1:0 7141
7143 10306 21:0 7143
7143 11407 21:0 7144
7143 11464 21:0 7144
7143 11332 21:0 7147
7143 9760 1:0 7149
7145 9679 1:0 7151
7145 10342 1:0 7151
7146 11466 21:0 7147
7146 11381 21:0 7150
7146 10331 1:0 7151
7146 10345 1:0 7151
7148 10310 1:0 7148
7148 9748 1:0 7151
7149 11275 21:0 7153
7150 211 1:0 7150
7150 9758 1:0 7150
7151 9747 1:0 7179
7151 10340 1:0 7179
7151 9646 1:0 7179
7151 9730 1:0 7179
7152 10310 21:0 7152
7152 11266 21:0 7153
7152 11479 21:0 7156
7154 9728 1:0 7262
7155 11341 21:0 7156
7155 11433 21:0 7156
7155 11327 21:0 7169
7157 9729 1:0 7270
7157 9633 1:0 7273
7157 9719 1:0 7273
7168 11532 21:0 7184
7169 9727 1:0 7280
7169 10388 1:0 7282
7177 10399 1:0 7282
7177 9402 1:0 7282
7178 9746 1:0 7178
7178 9745 1:0 7178
7178 9715 1:0 7282
7178 10402 1:0 7282
7183 11468 21:0 7219
7190 9697 1:0 7310
7218 11426 21:0 7235
7231 10397 1:0 7310
7231 9680 1:0 7310
7231 9659 1:0 7310
7234 10196 21:0 7248
7247 11460 21:0 7264
7259 9696 1:0 7393
7263 337 21:0 7264
7263 11103 21:0 7264
7263 11380 21:0 7267
7266 11222 21:0 7267
7266 11336 21:0 7267
7266 11453 21:0 7275
7272 197 1:0 7272
7272 9726 1:0 7272
7272 9695 1:0 7400
7272 9582 1:0 7404
7273 9593 1:0 7404
7273 9694 1:0 7411
7273 10445 1:0 7413
7273 10454 1:0 7413
7273 10456 1:0 7413
7273 10459 1:0 7413
7273 9540 1:0 7413
7274 10363 21:0 7274
7274 11189 21:0 7275
7274 10253 21:0 7275
7274 11499 21:0 7278
7277 11262 21:0 7278
7277 303 21:0 7278
7277 11282 21:0 7284
7279 9682 1:0 7441
7279 9664 1:0 7441
7279 9613 1:0 7441
7279 9639 1:0 7441
7281 193 1:0 7281
7281 10370 1:0 7281
7282 9663 1:0 7524
7282 9662 1:0 7531
7283 11558 21:0 7284
7283 10367 21:0 7287
7285 9561 1:0 7535
7285 9495 1:0 7535
7286 10313 21:0 7287
7286 10199 21:0 7287
7286 11440 21:0 7297
7288 9661 1:0 7542
7288 10511 1:0 7544
7288 9626 1:0 7544
7288 10502 1:0 7544
7288 10513 1:0 7544
7288 10516 1:0 7544
7296 9964 21:0 7315
7308 9631 1:0 7572
7309 9649 1:0 7572
7309 9648 1:0 7572
7309 9615 1:0 7572
7314 11236 21:0 7350
7349 11288 21:0 7366
7362 9630 1:0 7655
7365 11427 21:0 7374
7373 11459 21:0 7395
7375 9629 1:0 7662
7390 9449 1:0 7666
7391 9547 1:0 7666
7392 177 1:0 7392
7394 11130 21:0 7395
7394 11559 21:0 7395
7394 9971 21:0 7398
7397 11040 21:0 7398
7397 11073 21:0 7398
7397 11403 21:0 7398
7397 11139 21:0 7398
7397 11519 21:0 7398
7397 11172 21:0 7398
7397 11106 21:0 7398
7397 11205 21:0 7398
7397 11203 21:0 7398
7397 11238 21:0 7401
7399 10420 1:0 7399
7400 11271 21:0 7401
7401 10420 21:0 7406
7403 179 1:0 7403
7403 9693 1:0 7403
7403 9628 1:0 7673
7403 10568 1:0 7675
7403 10570 1:0 7675
7403 10559 1:0 7675
7404 10573 1:0 7675
7404 9578 1:0 7675
7404 9527 1:0 7703
7404 9616 1:0 7703
7404 9422 1:0 7703
7404 9598 1:0 7703
7405 10249 21:0 7406
7405 10402 21:0 7406
7405 10388 21:0 7406
7405 10331 21:0 7406
7405 10345 21:0 7406
7405 11563 21:0 7409
7408 10082 21:0 7409
7408 11237 21:0 7412
7410 10424 1:0 7410
7410 9596 1:0 7786
7411 197 21:0 7415
7412 175 1:0 7412
7412 9686 1:0 7412
7413 9597 1:0 7794
7413 9548 1:0 7797
7413 9516 1:0 7797
7414 10424 21:0 7414
7414 11261 21:0 7415
7414 11467 21:0 7418
7416 9595 1:0 7804
7416 10630 1:0 7806
7417 10274 21:0 7418
7417 10397 21:0 7418
7417 10340 21:0 7418
7417 11420 21:0 7418
7417 11400 21:0 7418
7417 10217 21:0 7418
7417 10288 21:0 7418
7417 11304 21:0 7420
7419 11337 21:0 7420
7419 11370 21:0 7422
7419 10616 1:0 7806
7419 10627 1:0 7806
7419 10625 1:0 7806
7419 9528 1:0 7806
7419 9587 1:0 7819
7419 9583 1:0 7834
7419 9581 1:0 7834
7419 9565 1:0 7834
7421 11436 21:0 7422
7422 10427 21:0 7446
7440 9672 1:0 7440
7440 9563 1:0 7917
7445 11568 21:0 7446
7445 10399 21:0 7446
7445 10160 21:0 7446
7445 10174 21:0 7446
7445 10342 21:0 7446
7445 11469 21:0 7446
7445 11502 21:0 7446
7445 11535 21:0 7446
7449 10445 21:0 7481
7452 9564 1:0 7925
7480 11546 21:0 7497
7493 9549 1:0 7928
7496 11401 21:0 7500
7498 9408 1:0 7928
7499 10454 21:0 7500
7504 10459 21:0 7526
7521 9562 1:0 7935
7521 10684 1:0 7937
7521 10682 1:0 7937
7522 10673 1:0 7937
7523 159 1:0 7523
7525 10060 21:0 7526
7525 11552 21:0 7526
7525 11513 21:0 7526
7525 10117 21:0 7526
7525 11506 21:0 7529
7528 11572 21:0 7529
7528 10456 21:0 7529
7528 11171 21:0 7529
7528 11242 21:0 7537
7530 10477 1:0 7530
7534 161 1:0 7534
7534 9501 1:0 7937
7534 10687 1:0 7937
7535 9532 1:0 7965
7535 9545 1:0 7965
7535 9550 1:0 7965
7535 9450 1:0 7965
7535 9531 1:0 8048
7536 10477 21:0 7536
7536 11321 21:0 7537
7536 11492 21:0 7537
7536 10285 21:0 7537
7536 11229 21:0 7540
7539 11446 21:0 7540
7539 11486 21:0 7540
7539 229 21:0 7546
7541 10481 1:0 7541
7541 9530 1:0 8055
7541 9512 1:0 8059
7543 10484 1:0 7543
7543 157 1:0 7543
7543 9653 1:0 7543
7544 9479 1:0 8059
7544 9529 1:0 8066
7544 10730 1:0 8068
7544 10739 1:0 8068
7544 10744 1:0 8068
7544 10741 1:0 8068
7544 9462 1:0 8068
7545 10481 21:0 7545
7545 10057 21:0 7546
7545 313 21:0 7546
7545 315 21:0 7546
7545 9998 21:0 7546
7545 9989 21:0 7546
7545 10000 21:0 7546
7545 10003 21:0 7546
7545 10046 21:0 7546
7545 10171 21:0 7546
7545 10055 21:0 7546
7545 10226 21:0 7546
7545 10112 21:0 7546
7545 10114 21:0 7546
7545 10169 21:0 7546
7545 10283 21:0 7546
7545 10103 21:0 7546
7545 10231 21:0 7546
7545 10228 21:0 7546
7545 317 21:0 7549
7547 9499 1:0 8096
7548 275 21:0 7549
7548 245 21:0 7549
7548 239 21:0 7549
7548 243 21:0 7549
7548 241 21:0 7549
7548 263 21:0 7549
7548 257 21:0 7549
7548 259 21:0 7549
7548 261 21:0 7549
7548 311 21:0 7549
7548 281 21:0 7549
7548 279 21:0 7549
7548 277 21:0 7549
7548 299 21:0 7549
7548 293 21:0 7549
7548 297 21:0 7549
7548 295 21:0 7549
7550 9446 1:0 8096
7550 9517 1:0 8096
7550 9507 1:0 8096
7550 9498 1:0 8179
7553 10484 21:0 7577
7571 9647 1:0 7571
7571 9497 1:0 8186
7571 9468 1:0 8190
7576 221 21:0 7577
7576 227 21:0 7577
7576 223 21:0 7577
7576 225 21:0 7577
7578 9482 1:0 8190
7580 10502 21:0 7612
7611 205 21:0 7612
7611 207 21:0 7612
7615 10511 21:0 7618
7617 203 21:0 7621
7620 187 21:0 7621
7625 10513 21:0 7628
7627 189 21:0 7628
7627 209 21:0 7628
7635 10516 21:0 7657
7654 141 1:0 7654
7665 143 1:0 7665
7665 9627 1:0 7665
7665 9496 1:0 8197
7665 9484 1:0 8199
7665 10801 1:0 8199
7665 9474 1:0 8199
7665 10798 1:0 8199
7665 10787 1:0 8199
7666 10796 1:0 8227
7666 9481 1:0 8227
7666 9413 1:0 8227
7666 9466 1:0 8227
7674 10534 21:0 7674
7674 10541 1:0 7674
7674 139 1:0 7674
7674 9620 1:0 7674
7674 10538 21:0 7677
7675 9464 1:0 8310
7675 9465 1:0 8318
7675 9448 1:0 8321
7678 9441 1:0 8321
7683 9463 1:0 8328
7683 10855 1:0 8330
7683 10853 1:0 8330
7686 10858 1:0 8330
7701 10844 1:0 8330
7701 9435 1:0 8330
7702 9607 1:0 7702
7702 9614 1:0 7702
7711 10541 21:0 7711
7711 10559 21:0 7743
7746 10568 21:0 7749
7756 10570 21:0 7759
7766 10573 21:0 7788
7785 123 1:0 7785
7793 10591 1:0 7793
7796 125 1:0 7796
7796 9461 1:0 8338
7796 9433 1:0 8358
7796 9429 1:0 8358
7796 9451 1:0 8358
7797 9431 1:0 8441
7803 10595 1:0 7803
7805 121 1:0 7805
7806 9432 1:0 8449
7806 9415 1:0 8452
7806 9416 1:0 8452
7806 9430 1:0 8459
7806 9428 1:0 8461
7806 10915 1:0 8461
7806 10910 1:0 8461
7812 10901 1:0 8461
7812 10912 1:0 8461
7815 10595 21:0 7815
7815 10591 21:0 7815
7815 10598 21:0 7839
7817 9398 1:0 8489
7832 9409 1:0 8489
7833 9573 1:0 7833
7833 9418 1:0 8489
7833 9417 1:0 8489
7842 10616 21:0 7874
7877 10625 21:0 7880
7887 10627 21:0 7890
7897 10630 21:0 7919
7916 105 1:0 7916
7927 107 1:0 7927
7927 9400 1:0 8572
7928 9399 1:0 8580
7928 9396 1:0 8583
7928 10937 1:0 8583
7936 103 1:0 7936
7936 9554 1:0 7936
7937 9397 1:0 8590
7937 9389 1:0 8592
7937 9383 1:0 8595
7937 10958 1:0 8595
7937 9384 1:0 8595
7937 9395 1:0 8600
7937 10967 1:0 8608
7937 9385 1:0 8613
7937 9 1:0 8620
7937 9380 1:0 8620
7937 9382 1:0 8620
7943 9376 1:0 8655
7943 10969 1:0 8671
7943 9369 1:0 8674
7943 5 1:0 8674
7943 10972 1:0 8681
7943 9375 1:0 8682
7943 10990 1:0 8687
7943 3 1:0 8703
7945 229 1:0 9460
7964 9534 1:0 7964
7964 9541 1:0 7964
7973 10648 21:0 7973
7973 10673 21:0 8005
8008 10682 21:0 8011
8018 10684 21:0 8021
8028 10687 21:0 8050
8047 87 1:0 8047
8054 10705 1:0 8054
8058 89 1:0 8058
8067 9521 1:0 8067
8095 9514 1:0 8095
8095 9508 1:0 8095
8104 10712 21:0 8104
8104 10705 21:0 8104
8104 10730 21:0 8136
8139 10739 21:0 8142
8149 10741 21:0 8152
8159 10744 21:0 8181
8178 69 1:0 8178
8185 10762 1:0 8185
8187 10762 21:0 8192
8189 71 1:0 8189
8198 67 1:0 8198
8198 9494 1:0 8198
8226 9483 1:0 8226
8235 10769 21:0 8235
8235 10766 21:0 8235
8235 10787 21:0 8267
8270 10796 21:0 8273
8280 10798 21:0 8283
8290 10801 21:0 8312
8320 53 1:0 8320
8327 10823 1:0 8327
8337 10826 1:0 8337
8357 9442 1:0 8357
8366 10826 21:0 8366
8366 10823 21:0 8366
8366 10819 21:0 8366
8366 10844 21:0 8398
8401 10853 21:0 8404
8411 10855 21:0 8414
8421 10858 21:0 8443
8440 33 1:0 8440
8448 10876 1:0 8448
8449 10876 21:0 8454
8451 35 1:0 8451
8458 10880 1:0 8458
8460 31 1:0 8460
8460 10883 1:0 8460
8470 10880 21:0 8470
8470 10883 21:0 8494
8497 10901 21:0 8529
8532 10910 21:0 8535
8542 10912 21:0 8545
8552 10915 21:0 8574
8571 15 1:0 8571
8582 17 1:0 8582
8591 10933 21:0 8591
8591 10937 21:0 8594
8594 13 1:0 8594
8595 10937 1:0 9460
8595 11486 1:0 9460
8595 189 1:0 9460
8595 11446 1:0 9474
8595 10762 1:0 9474
8595 11229 1:0 9474
8601 10940 21:0 8625
8628 10958 21:0 8660
8663 10967 21:0 8666
8673 10969 21:0 8676
8683 10972 21:0 8712
8713 12619 21:0 8724
8723 3 21:0 8724
8724 12620 21:0 8757
8756 12626 21:0 8756
8756 12624 21:0 8756
8756 9 21:0 8757
8756 12629 21:0 8757
8756 5 21:0 8757
8756 10990 21:0 8757
8756 7 21:0 8757
8757 12628 21:0 8768
8767 12613 21:0 8767
8767 12627 21:0 8768
8767 12639 21:0 8768
8770 12641 21:0 8778
8777 17 21:0 8777
8777 12640 21:0 8777
8777 12642 21:0 8828
8827 12633 21:0 8827
8827 12653 21:0 8827
8827 12643 21:0 8844
8843 12661 21:0 8843
8843 12659 21:0 8843
8843 12646 21:0 8843
8843 12657 21:0 8843
8843 12672 21:0 8843
8843 12660 21:0 8843
8843 12644 21:0 8854
8853 35 21:0 8853
8853 31 21:0 8853
8853 12674 21:0 8904
8903 12666 21:0 8903
8903 33 21:0 8903
8903 12685 21:0 8903
8903 12686 21:0 8903
8903 12675 21:0 8920
8919 12679 21:0 8919
8919 12694 21:0 8919
8919 12690 21:0 8919
8919 12693 21:0 8919
8919 12692 21:0 8919
8919 11 21:0 8922
8922 12707 21:0 8930
8929 53 21:0 8929
8929 12706 21:0 8929
8929 12708 21:0 8980
8979 12718 21:0 8979
8979 51 21:0 8979
8979 12699 21:0 8979
8979 12719 21:0 8979
8979 12677 21:0 8996
8995 12723 21:0 8995
8995 12725 21:0 8995
8995 12712 21:0 8995
8995 12738 21:0 8995
8995 12727 21:0 8995
8995 12709 21:0 9006
9005 12739 21:0 9005
9005 71 21:0 9005
9005 12676 21:0 9056
9055 12751 21:0 9055
9055 12752 21:0 9055
9055 12732 21:0 9055
9055 12710 21:0 9072
9071 12760 21:0 9071
9071 12759 21:0 9071
9071 12745 21:0 9071
9071 12771 21:0 9071
9071 12756 21:0 9071
9071 12740 21:0 9082
9081 12772 21:0 9081
9081 12743 21:0 9132
9131 12785 21:0 9131
9131 12784 21:0 9131
9131 12765 21:0 9131
9131 12741 21:0 9148
9147 12789 21:0 9147
9147 12804 21:0 9147
9147 12793 21:0 9147
9147 12792 21:0 9147
9147 12778 21:0 9147
9147 12742 21:0 9158
9157 103 21:0 9157
9157 107 21:0 9157
9157 12805 21:0 9157
9157 12773 21:0 9208
9207 12818 21:0 9207
9207 12817 21:0 9207
9207 12775 21:0 9224
9223 12837 21:0 9223
9223 12824 21:0 9223
9223 12822 21:0 9223
9223 12826 21:0 9223
9223 12825 21:0 9223
9223 12776 21:0 9234
9233 125 21:0 9233
9233 12838 21:0 9233
9233 12806 21:0 9284
9283 12851 21:0 9283
9283 12850 21:0 9283
9283 12774 21:0 9300
9299 12855 21:0 9299
9299 12858 21:0 9299
9299 12859 21:0 9299
9299 12807 21:0 9310
9309 139 21:0 9309
9309 143 21:0 9309
9309 12871 21:0 9309
9309 12808 21:0 9355
9354 12864 21:0 9354
9354 141 21:0 9354
9354 12884 21:0 9354
9354 12883 21:0 9354
9354 12809 21:0 9376
9375 12888 21:0 9375
9375 12903 21:0 9375
9375 12891 21:0 9375
9375 12877 21:0 9375
9375 12839 21:0 9386
9385 157 21:0 9385
9385 12904 21:0 9385
9385 12841 21:0 9408
9407 12897 21:0 9407
9407 12916 21:0 9407
9407 12840 21:0 9452
9451 12924 21:0 9451
9451 12921 21:0 9451
9451 12917 21:0 9451
9451 12925 21:0 9451
9451 12936 21:0 9451
9451 12842 21:0 9462
9461 12937 21:0 9461
9461 12872 21:0 9480
9463 187 1:0 9474
9463 11492 1:0 9510
9479 177 21:0 9479
9479 12930 21:0 9479
9479 12949 21:0 9479
9479 12873 21:0 9528
9481 11321 1:0 9526
9516 209 1:0 9526
9516 203 1:0 9526
9527 12969 21:0 9527
9527 12957 21:0 9527
9527 12958 21:0 9527
9527 197 1:0 9529
9527 11171 1:0 9531
9527 11242 1:0 9531
9527 12874 21:0 9535
9532 207 1:0 9536
9532 11572 1:0 9536
9532 10484 1:0 9536
9532 11506 1:0 9536
9534 12970 21:0 9534
9534 12875 21:0 9556
9537 11552 1:0 9550
9537 11513 1:0 9550
9537 11401 1:0 9550
9539 205 1:0 9550
9551 11546 1:0 9586
9555 12963 21:0 9555
9555 12982 21:0 9555
9555 12905 21:0 9604
9587 11400 1:0 9602
9592 221 1:0 9593
9592 227 1:0 9593
9594 223 1:0 9602
9603 12983 21:0 9603
9603 12989 21:0 9603
9603 12991 21:0 9603
9603 12976 21:0 9603
9603 12987 21:0 9603
9603 12990 21:0 9603
9603 11467 1:0 9607
9603 11420 1:0 9607
9603 11261 1:0 9607
9603 12907 21:0 9609
9608 211 21:0 9608
9608 10427 1:0 9612
9608 11237 1:0 9612
9608 10082 1:0 9612
9608 12906 21:0 9628
9613 10249 1:0 9626
9613 11563 1:0 9626
9613 10883 1:0 9626
9615 225 1:0 9626
9627 13003 21:0 9627
9627 215 21:0 9627
9627 10420 1:0 9662
9627 12908 21:0 9680
9663 11203 1:0 9678
9668 239 1:0 9678
9668 245 1:0 9678
9679 13023 21:0 9679
9679 13024 21:0 9679
9679 13035 21:0 9679
9679 13020 21:0 9679
9679 13009 21:0 9679
9679 11130 1:0 9683
9679 9971 1:0 9683
9679 11519 1:0 9683
9679 12938 21:0 9685
9684 11459 1:0 9688
9684 243 1:0 9688
9684 10940 1:0 9688
9684 11559 1:0 9688
9684 12940 21:0 9704
9689 11288 1:0 9702
9689 11236 1:0 9702
9689 11427 1:0 9702
9691 241 1:0 9702
9703 233 21:0 9703
9703 231 21:0 9703
9703 9964 1:0 9738
9703 12939 21:0 9756
9739 11440 1:0 9754
9744 263 1:0 9745
9744 257 1:0 9745
9746 259 1:0 9754
9755 13055 21:0 9755
9755 13049 21:0 9755
9755 13042 21:0 9755
9755 13057 21:0 9755
9755 10367 1:0 9759
9755 10199 1:0 9759
9755 10313 1:0 9759
9755 12941 21:0 9761
9760 11282 1:0 9764
9760 10598 1:0 9764
9760 11558 1:0 9764
9760 12971 21:0 9780
9765 11262 1:0 9778
9765 303 1:0 9778
9765 10538 1:0 9778
9767 261 1:0 9778
9779 251 21:0 9779
9779 13062 21:0 9779
9779 13081 21:0 9779
9779 11499 1:0 9814
9779 12972 21:0 9832
9815 10253 1:0 9830
9820 281 1:0 9830
9820 275 1:0 9830
9831 13086 21:0 9831
9831 13090 21:0 9831
9831 13088 21:0 9831
9831 13082 21:0 9831
9831 13089 21:0 9831
9831 13101 21:0 9831
9831 11336 1:0 9835
9831 11189 1:0 9835
9831 11453 1:0 9835
9831 12973 21:0 9837
9836 11380 1:0 9840
9836 11103 1:0 9840
9836 279 1:0 9840
9836 11222 1:0 9840
9836 12974 21:0 9856
9841 10876 1:0 9854
9841 6743 1:0 9854
9841 6744 1:0 9854
9843 277 1:0 9854
9855 267 21:0 9855
9855 13114 21:0 9855
9855 269 21:0 9855
9855 13095 21:0 9855
9855 6742 1:0 9890
9855 13004 21:0 9908
9891 6745 1:0 9906
9896 293 1:0 9906
9896 299 1:0 9906
9907 13134 21:0 9907
9907 13122 21:0 9907
9907 13121 21:0 9907
9907 6740 1:0 9911
9907 6741 1:0 9911
9907 6593 1:0 9911
9907 13006 21:0 9913
9912 6596 1:0 9916
9912 6594 1:0 9916
9912 6597 1:0 9916
9912 297 1:0 9916
9912 13005 21:0 9932
9917 6598 1:0 9930
9917 6595 1:0 9930
9917 6451 1:0 9930
9919 295 1:0 9930
9931 13128 21:0 9931
9931 6447 1:0 9966
9931 13007 21:0 9984
9967 6446 1:0 9982
9972 317 1:0 9973
9972 311 1:0 9973
9974 313 1:0 9982
9983 6450 1:0 9987
9983 6449 1:0 9987
9983 6448 1:0 9987
9983 13037 21:0 9989
9988 6300 1:0 9992
9988 6302 1:0 9992
9988 6303 1:0 9992
9988 13038 21:0 10008
9993 6304 1:0 10006
9993 6301 1:0 10006
9993 6299 1:0 10006
9995 315 1:0 10006
10007 6157 1:0 10042
10007 13039 21:0 10060
10043 11583 1:0 10063
10059 13189 21:0 10059
10059 13040 21:0 10065
10064 11581 1:0 10074
10064 13070 21:0 10076
10069 338 1:0 10072
10069 6152 1:0 10074
10075 13072 21:0 10079
10075 11582 1:0 10082
10078 6156 1:0 10085
10078 6155 1:0 10085
10078 13073 21:0 10087
10084 11579 1:0 10084
10086 13211 21:0 10086
10086 11580 1:0 10092
10086 13071 21:0 10096
10089 9998 1:0 10094
10089 10000 1:0 10094
10089 10003 1:0 10094
10089 9989 1:0 10094
10089 6153 1:0 10094
10093 13211 1:0 10093
10093 11578 1:0 10093
10095 13103 21:0 10099
10095 11549 1:0 10122
10098 95 21:0 10099
10098 23 21:0 10099
10098 12860 21:0 10099
10098 12705 21:0 10099
10098 101 21:0 10099
10098 13190 21:0 10099
10098 12761 21:0 10099
10098 13124 21:0 10099
10098 12992 21:0 10101
10098 11460 1:0 10122
10098 6154 1:0 10122
10100 12926 21:0 10101
10100 12728 21:0 10103
10102 12695 21:0 10103
10102 13091 21:0 10104
10103 13025 21:0 10104
10103 12893 21:0 10105
10104 12827 21:0 10105
10104 12794 21:0 10106
10105 12662 21:0 10109
10108 13058 21:0 10109
10108 12959 21:0 10110
10109 13157 21:0 10110
10109 351 21:0 10112
10113 338 21:0 10127
10118 351 1:0 10119
10120 11568 1:0 10122
10121 11565 1:0 10121
10121 11567 1:0 10121
10121 11566 1:0 10121
10123 11550 1:0 10205
10126 13105 21:0 10207
10206 13104 21:0 10210
10206 11548 1:0 10212
10209 10196 1:0 10216
10209 11426 1:0 10216
10209 13106 21:0 10218
10217 11547 1:0 10223
10217 13136 21:0 10227
10220 11468 1:0 10225
10220 10060 1:0 10225
10220 10055 1:0 10225
10220 10046 1:0 10225
10220 10057 1:0 10225
10224 11539 1:0 10224
10224 11545 1:0 10224
10226 13137 21:0 10230
10226 11517 1:0 10253
10229 11327 1:0 10253
10229 11532 1:0 10253
10229 13138 21:0 10309
10251 11535 1:0 10253
10252 11533 1:0 10252
10252 11526 1:0 10252
10252 11525 1:0 10252
10252 11534 1:0 10252
10252 11530 1:0 10252
10254 11515 1:0 10336
10308 13139 21:0 10338
10337 11516 1:0 10344
10337 13169 21:0 10349
10340 11433 1:0 10347
10340 11341 1:0 10347
10343 10078 1:0 10343
10348 13171 21:0 10352
10348 11514 1:0 10354
10351 10114 1:0 10356
10351 10117 1:0 10356
10351 10112 1:0 10356
10351 11479 1:0 10356
10351 10103 1:0 10356
10351 13172 21:0 10361
10355 11512 1:0 10355
10357 11484 1:0 10384
10360 11266 1:0 10384
10360 11275 1:0 10384
10360 13170 21:0 10389
10382 11502 1:0 10384
10383 11497 1:0 10383
10383 11500 1:0 10383
10383 11501 1:0 10383
10383 11493 1:0 10383
10385 11482 1:0 10467
10388 13202 21:0 10469
10466 267 1:0 10466
10468 13203 21:0 10472
10468 11483 1:0 10475
10471 11381 1:0 10478
10471 11466 1:0 10478
10471 13204 21:0 10480
10474 10135 1:0 10474
10477 269 1:0 10477
10477 11480 1:0 10477
10479 11481 1:0 10485
10479 13205 21:0 10489
10482 10169 1:0 10487
10482 10160 1:0 10487
10482 11332 1:0 10487
10482 10174 1:0 10487
10482 10171 1:0 10487
10484 10139 1:0 10484
10486 11473 1:0 10486
10488 12652 21:0 10489
10488 13102 21:0 10489
10488 13075 21:0 10492
10488 11451 1:0 10515
10491 13016 21:0 10492
10491 12844 21:0 10496
10491 11464 1:0 10515
10491 11407 1:0 10515
10495 12956 21:0 10520
10513 11469 1:0 10515
10516 11450 1:0 10598
10519 13002 21:0 10555
10554 12726 21:0 10571
10570 12870 21:0 10574
10573 12831 21:0 10600
10599 12892 21:0 10600
10599 13022 21:0 10600
10599 275 21:0 10603
10599 11449 1:0 10605
10602 351 21:0 10603
10602 10057 21:0 10603
10602 313 21:0 10603
10602 10112 21:0 10603
10602 10169 21:0 10603
10602 315 21:0 10603
10602 279 21:0 10603
10602 293 21:0 10603
10602 10046 21:0 10603
10602 10060 21:0 10603
10602 10117 21:0 10603
10602 225 21:0 10603
10602 10055 21:0 10603
10602 117 21:0 10603
10602 9998 21:0 10603
10602 261 21:0 10603
10602 11354 1:0 10609
10602 11308 1:0 10609
10604 10192 1:0 10604
10608 251 1:0 10608
10608 11447 1:0 10608
10610 11448 1:0 10616
10613 10055 1:0 10618
10613 11365 1:0 10618
10613 117 1:0 10618
10613 10228 1:0 10618
10613 10217 1:0 10618
10613 225 1:0 10618
10613 10511 1:0 10618
10613 10231 1:0 10618
10613 10226 1:0 10618
10619 11418 1:0 10646
10622 11156 1:0 10646
10622 339 1:0 10646
10642 351 1:0 10643
10644 11436 1:0 10646
10645 11435 1:0 10645
10645 11434 1:0 10645
10645 11431 1:0 10645
10647 11416 1:0 10729
10673 351 21:0 10683
10728 231 1:0 10728
10730 11417 1:0 10737
10733 11394 1:0 10740
10733 11138 1:0 10740
10739 233 1:0 10739
10739 11414 1:0 10739
10741 11415 1:0 10747
10744 10513 1:0 10746
10744 351 1:0 10746
10744 10283 1:0 10746
10744 10342 1:0 10746
10744 10285 1:0 10746
10744 10399 1:0 10749
10744 11209 1:0 10749
10744 10288 1:0 10749
10744 10274 1:0 10749
10747 11403 1:0 10749
10748 11413 1:0 10748
10750 11385 1:0 10777
10753 11228 1:0 10777
10753 11235 1:0 10777
10771 10397 1:0 10777
10776 11402 1:0 10776
10776 11387 1:0 10776
10776 11393 1:0 10776
10776 11398 1:0 10776
10778 11384 1:0 10860
10804 351 21:0 10814
10861 11383 1:0 10867
10864 11163 1:0 10871
10864 11360 1:0 10871
10866 10306 1:0 10866
10869 351 1:0 10871
10870 215 1:0 10870
10872 11382 1:0 10878
10875 6149 1:0 10880
10875 10331 1:0 10880
10875 6147 1:0 10880
10875 10570 1:0 10880
10875 10340 1:0 10880
10875 10456 1:0 10880
10875 10454 1:0 10880
10875 11347 1:0 10880
10875 10345 1:0 10880
10877 10310 1:0 10877
10878 11370 1:0 10880
10879 211 1:0 10879
10879 11374 1:0 10879
10881 11352 1:0 10908
10884 11294 1:0 10908
10884 11248 1:0 10908
10902 6146 1:0 10908
10907 11368 1:0 10907
10907 11367 1:0 10907
10907 11369 1:0 10907
10907 11361 1:0 10907
10909 11350 1:0 10991
10935 351 21:0 10945
10951 10340 21:0 10954
10992 11351 1:0 10999
10995 11123 1:0 11002
10995 11302 1:0 11002
10998 10363 1:0 10998
11001 11348 1:0 11001
11003 11349 1:0 11009
11006 95 1:0 11011
11006 9998 1:0 11011
11006 6148 1:0 11011
11006 10388 1:0 11011
11006 11281 1:0 11011
11006 10402 1:0 11011
11012 11319 1:0 11039
11015 11143 1:0 11039
11015 11183 1:0 11039
11035 351 1:0 11036
11037 11337 1:0 11039
11038 11335 1:0 11038
11038 11334 1:0 11038
11038 11328 1:0 11038
11040 11318 1:0 11122
11066 351 21:0 11076
11079 189 21:0 11085
11121 177 1:0 11121
11123 11317 1:0 11129
11126 11299 1:0 11133
11126 11117 1:0 11133
11132 11315 1:0 11132
11134 11316 1:0 11140
11137 11137 1:0 11142
11137 315 1:0 11142
11137 279 1:0 11142
11137 6150 1:0 11142
11137 10445 1:0 11142
11137 10459 1:0 11142
11139 10424 1:0 11139
11141 11314 1:0 11141
11143 11286 1:0 11170
11146 11202 1:0 11170
11146 11149 1:0 11170
11166 351 1:0 11167
11168 11304 1:0 11170
11169 11301 1:0 11169
11169 11295 1:0 11169
11169 11303 1:0 11169
11171 11284 1:0 11253
11197 351 21:0 11207
11254 11285 1:0 11261
11257 11105 1:0 11264
11257 11110 1:0 11264
11260 10477 1:0 11260
11265 11283 1:0 11271
11268 10502 1:0 11273
11268 10568 1:0 11273
11268 6144 1:0 11273
11268 10627 1:0 11273
11268 10516 1:0 11273
11268 11104 1:0 11273
11270 10481 1:0 11270
11272 157 1:0 11272
11274 11253 1:0 11301
11277 11204 1:0 11301
11277 11063 1:0 11301
11297 351 1:0 11298
11299 11271 1:0 11301
11300 11255 1:0 11300
11300 11270 1:0 11300
11300 11268 1:0 11300
11300 11269 1:0 11300
11302 11252 1:0 11384
11328 351 21:0 11338
11383 141 1:0 11383
11385 11251 1:0 11391
11388 11215 1:0 11395
11388 11071 1:0 11395
11390 10534 1:0 11390
11394 143 1:0 11394
11394 11249 1:0 11394
11396 11250 1:0 11402
11399 11167 1:0 11404
11399 6151 1:0 11404
11399 10573 1:0 11404
11399 10741 1:0 11404
11399 10739 1:0 11404
11399 10559 1:0 11404
11403 139 1:0 11403
11403 10541 1:0 11403
11405 11220 1:0 11432
11408 11170 1:0 11432
11408 11196 1:0 11432
11428 351 1:0 11429
11430 11238 1:0 11432
11431 11233 1:0 11431
11433 11218 1:0 11515
11459 351 21:0 11469
11516 11219 1:0 11523
11519 11195 1:0 11526
11519 11096 1:0 11526
11522 10591 1:0 11522
11525 125 1:0 11525
11525 11216 1:0 11525
11527 11217 1:0 11533
11530 11084 1:0 11535
11530 10625 1:0 11535
11530 10684 1:0 11535
11530 6145 1:0 11535
11530 10630 1:0 11535
11530 10616 1:0 11535
11532 10595 1:0 11532
11536 11187 1:0 11563
11539 11072 1:0 11563
11539 11136 1:0 11563
11559 351 1:0 11560
11561 11205 1:0 11563
11562 11200 1:0 11562
11564 11185 1:0 11646
11590 351 21:0 11600
11647 11186 1:0 11654
11650 11051 1:0 11657
11650 11090 1:0 11657
11653 10648 1:0 11653
11656 107 1:0 11656
11658 11184 1:0 11664
11661 11134 1:0 11666
11661 101 1:0 11666
11661 10853 1:0 11666
11661 10687 1:0 11666
11661 10682 1:0 11666
11661 10673 1:0 11666
11665 103 1:0 11665
11665 11176 1:0 11665
11665 11182 1:0 11665
11667 11152 1:0 11694
11670 11068 1:0 11694
11670 11129 1:0 11694
11690 351 1:0 11691
11692 11172 1:0 11694
11693 11162 1:0 11693
11693 11169 1:0 11693
11695 11154 1:0 11777
11721 351 21:0 11731
11778 11153 1:0 11785
11781 11101 1:0 11788
11781 11035 1:0 11788
11784 10705 1:0 11784
11787 11150 1:0 11787
11789 11151 1:0 11795
11792 11031 1:0 11797
11792 10969 1:0 11797
11792 9 1:0 11797
11792 293 1:0 11797
11792 10744 1:0 11797
11792 10730 1:0 11797
11796 10712 1:0 11796
11798 11121 1:0 11825
11801 11030 1:0 11825
11801 11116 1:0 11825
11821 351 1:0 11822
11823 11139 1:0 11825
11826 11119 1:0 11908
11852 351 21:0 11862
11909 11120 1:0 11916
11912 11057 1:0 11919
11912 11097 1:0 11919
11918 71 1:0 11918
11920 11118 1:0 11926
11923 10787 1:0 11928
11923 10801 1:0 11928
11923 10796 1:0 11928
11923 10046 1:0 11928
11923 10798 1:0 11928
11923 11039 1:0 11928
11925 10766 1:0 11925
11927 10769 1:0 11927
11929 11088 1:0 11956
11932 11064 1:0 11956
11932 11083 1:0 11956
11952 351 1:0 11953
11954 11106 1:0 11956
11957 11086 1:0 12039
11983 351 21:0 11993
12038 51 1:0 12038
12040 11087 1:0 12047
12043 11077 1:0 12050
12043 11017 1:0 12050
12046 10819 1:0 12046
12049 53 1:0 12049
12051 11085 1:0 12057
12054 10858 1:0 12059
12054 10844 1:0 12059
12054 10855 1:0 12059
12054 10915 1:0 12059
12054 11011 1:0 12059
12054 10912 1:0 12059
12056 10823 1:0 12056
12058 10826 1:0 12058
12060 11055 1:0 12087
12063 11050 1:0 12087
12063 11002 1:0 12087
12083 351 1:0 12084
12085 11073 1:0 12087
12086 11070 1:0 12086
12088 11054 1:0 12170
12114 351 21:0 12124
12169 33 1:0 12169
12171 11053 1:0 12177
12174 11024 1:0 12181
12174 11044 1:0 12181
12180 35 1:0 12180
12182 11052 1:0 12188
12185 10910 1:0 12190
12185 11038 1:0 12190
12185 10967 1:0 12190
12185 23 1:0 12190
12185 10958 1:0 12190
12185 10901 1:0 12190
12187 10880 1:0 12187
12189 31 1:0 12189
12191 11022 1:0 12218
12194 11006 1:0 12218
12194 11037 1:0 12218
12214 351 1:0 12215
12216 11040 1:0 12218
12219 11021 1:0 12301
12245 351 21:0 12255
12302 11020 1:0 12308
12305 11004 1:0 12312
12305 11005 1:0 12312
12307 10933 1:0 12307
12310 11007 1:0 12312
12310 351 1:0 12312
12311 17 1:0 12311
12311 11018 1:0 12311
12313 11019 1:0 12319
12316 11 1:0 12321
12316 10990 1:0 12321
12316 10991 1:0 12321
12316 5 1:0 12321
12316 10972 1:0 12321
12322 13205 1:0 12349
12325 10998 1:0 12349
12325 10997 1:0 12349
12343 7 1:0 12349
12350 13204 1:0 12434
12354 11 21:0 12389
12388 10958 21:0 12395
12394 9 21:0 12395
12394 10967 21:0 12398
12397 351 21:0 12398
12402 10969 21:0 12405
12404 7 21:0 12405
12408 5 21:0 12436
12428 10169 1:0 12434
12435 10972 21:0 12436
12435 10990 21:0 12436
12435 13203 1:0 12441
12438 13022 1:0 12445
12438 12892 1:0 12445
12446 13202 1:0 12452
12449 313 1:0 12454
12449 10117 1:0 12454
12449 10057 1:0 12454
12449 275 1:0 12454
12449 12831 1:0 12454
12449 10060 1:0 12454
12455 13170 1:0 12482
12458 12870 1:0 12482
12458 12726 1:0 12482
12473 339 21:0 12487
12478 351 1:0 12479
12480 13190 1:0 12482
12481 13189 1:0 12481
12483 13172 1:0 12655
12509 351 21:0 12519
12564 10112 1:0 12599
12572 6145 21:0 12624
12600 6295 1:0 12609
12610 6292 1:0 12655
12625 6154 21:0 12657
12656 6153 21:0 12657
12656 6156 21:0 12657
12656 6155 21:0 12660
12656 13171 1:0 12663
12659 6157 21:0 12660
12659 6152 21:0 12660
12659 12956 1:0 12666
12659 13002 1:0 12666
12659 321 21:0 12668
12667 323 21:0 12668
12667 6150 21:0 12668
12667 6144 21:0 12668
12667 6151 21:0 12668
12667 319 21:0 12671
12667 13169 1:0 12673
12670 6148 21:0 12671
12670 6146 21:0 12671
12670 6149 21:0 12671
12670 311 21:0 12671
12670 313 21:0 12671
12670 317 21:0 12671
12670 315 21:0 12671
12670 6147 21:0 12671
12670 12844 1:0 12675
12670 6297 1:0 12675
12670 6298 1:0 12675
12670 6291 1:0 12675
12670 6296 1:0 12675
12670 6293 1:0 12675
12676 13139 1:0 12703
12679 13016 1:0 12703
12679 13075 1:0 12703
12699 351 1:0 12700
12701 13157 1:0 12703
12704 13138 1:0 12876
12730 351 21:0 12740
12782 6294 1:0 12797
12803 6294 21:0 12828
12821 6441 1:0 12830
12827 6293 21:0 12835
12831 6438 1:0 12876
12836 6299 21:0 12878
12877 6304 21:0 12878
12877 6301 21:0 12878
12877 6302 21:0 12881
12877 13137 1:0 12883
12879 12652 1:0 12887
12880 6303 21:0 12881
12880 6300 21:0 12881
12880 6297 21:0 12886
12880 13102 1:0 12887
12885 6298 21:0 12889
12888 6295 21:0 12889
12888 303 21:0 12889
12888 6296 21:0 12889
12888 305 21:0 12889
12888 6292 21:0 12889
12888 6291 21:0 12889
12888 301 21:0 12892
12888 13136 1:0 12894
12890 6439 1:0 12896
12890 12705 1:0 12896
12890 6443 1:0 12896
12891 295 21:0 12892
12891 299 21:0 12892
12891 293 21:0 12892
12891 297 21:0 12892
12891 6442 1:0 12896
12891 6445 1:0 12896
12891 6444 1:0 12896
12893 351 1:0 12921
12893 13124 1:0 12924
12893 6440 1:0 13017
12893 261 1:0 13051
12893 6589 1:0 13117
12893 13091 1:0 13117
12895 13128 1:0 12895
12895 13134 1:0 12895
12896 293 1:0 1264
12896 295 1:0 1268
12896 297 1:0 1270
12896 299 1:0 1302
12896 301 1:0 1316
12896 6888 1:0 12924
12896 6889 1:0 12924
12896 13106 1:0 12924
12896 6592 1:0 13097
12896 6587 1:0 13117
12902 305 1:0 1321
12907 13104 1:0 13097
12923 13122 1:0 12923
12923 13114 1:0 12923
12923 13121 1:0 12923
12935 13105 1:0 13105
12976 6892 1:0 13108
12976 6590 1:0 13249
12984 6891 1:0 13108
13005 13103 1:0 13115
13006 6585 1:0 13117
13006 6591 1:0 13117
13006 6734 1:0 13272
13006 13058 1:0 13366
13006 6736 1:0 13469
13006 13025 1:0 13587
13014 6439 21:0 13066
13055 6586 1:0 13117
13065 6887 1:0 13117
13067 6448 21:0 13099
13067 7036 1:0 13145
13098 6450 21:0 13099
13098 6449 21:0 13099
13098 6446 21:0 13102
13101 6451 21:0 13102
13101 6447 21:0 13102
13101 6444 21:0 13110
13107 13071 1:0 13145
13108 6890 1:0 13145
13108 6588 1:0 13145
13108 6732 1:0 13318
13108 13073 1:0 13318
13108 7034 1:0 13329
13108 6883 1:0 13493
13108 6886 1:0 13539
13108 6881 1:0 13680
13108 12992 1:0 13780
13109 6438 21:0 13110
13109 6440 21:0 13110
13109 6443 21:0 13110
13109 6442 21:0 13110
13109 6445 21:0 13110
13109 6441 21:0 13110
13116 13095 1:0 13116
13116 13101 1:0 13116
13117 13072 1:0 13326
13117 7035 1:0 13329
13117 6738 1:0 13338
13117 6739 1:0 13338
13117 7039 1:0 13338
13117 6735 1:0 13338
13117 6733 1:0 13338
13117 6737 1:0 13338
13123 13070 1:0 13336
13144 13086 1:0 13144
13144 13090 1:0 13144
13144 13088 1:0 13144
13144 13082 1:0 13144
13144 13089 1:0 13144
13144 13081 1:0 13144
13144 13040 1:0 13366
13156 7037 1:0 13366
13156 7038 1:0 13366
13225 13039 1:0 13539
13235 6586 21:0 13287
13276 13038 1:0 13546
13286 7918 1:0 13550
13288 6595 21:0 13320
13288 6879 1:0 13559
13288 6882 1:0 13559
13319 6597 21:0 13320
13319 6598 21:0 13320
13319 6594 21:0 13323
13322 6596 21:0 13323
13322 6593 21:0 13323
13322 6585 21:0 13331
13328 7329 1:0 13550
13328 6885 1:0 13559
13328 6884 1:0 13559
13328 6880 1:0 13559
13328 7624 1:0 13559
13328 10340 1:0 13714
13328 7032 1:0 13760
13328 12959 1:0 14001
13329 13037 1:0 13557
13329 13007 1:0 13587
13330 6592 21:0 13331
13330 6591 21:0 13331
13330 6590 21:0 13331
13330 6587 21:0 13331
13330 6589 21:0 13331
13330 6588 21:0 13331
13337 13062 1:0 13337
13338 8361 1:0 13587
13338 7921 1:0 13587
13338 13005 1:0 13760
13338 7331 1:0 13771
13344 13006 1:0 13768
13346 7771 1:0 13771
13349 7028 1:0 13780
13349 7332 1:0 13780
13365 13055 1:0 13365
13365 13049 1:0 13365
13365 13042 1:0 13365
13365 13057 1:0 13365
13377 13004 1:0 13778
13418 7033 1:0 13780
13418 7026 1:0 13780
13418 7027 1:0 13780
13418 7030 1:0 13780
13418 7181 1:0 13808
13426 7029 1:0 13902
13426 189 1:0 13935
13426 7178 1:0 14001
13447 12974 1:0 13808
13448 7173 1:0 13981
13448 7174 1:0 14001
13448 7177 1:0 14132
13448 7325 1:0 14156
13489 6738 21:0 13515
13497 7328 1:0 13808
13497 7031 1:0 13808
13507 7185 1:0 13992
13514 6733 21:0 13541
13540 6732 21:0 13541
13540 6739 21:0 13541
13540 6741 21:0 13541
13540 6740 21:0 13541
13540 6745 21:0 13544
13543 6742 21:0 13544
13543 6743 21:0 13544
13543 6744 21:0 13552
13549 12973 1:0 13981
13550 12972 1:0 13988
13550 7182 1:0 13992
13550 7175 1:0 14001
13550 7180 1:0 14001
13550 7179 1:0 14001
13550 7186 1:0 14001
13550 7321 1:0 14202
13550 7322 1:0 14222
13550 12926 1:0 14250
13551 6737 21:0 13552
13551 6736 21:0 13552
13551 6734 21:0 13552
13551 6735 21:0 13552
13558 13035 1:0 13558
13559 12971 1:0 13999
13559 12941 1:0 14029
13565 7183 1:0 14029
13565 7184 1:0 14029
13565 7176 1:0 14029
13585 12939 1:0 14202
13586 13023 1:0 13586
13586 13024 1:0 13586
13586 13020 1:0 13586
13586 13009 1:0 13586
13586 7333 1:0 14213
13639 12940 1:0 14210
13652 7330 1:0 14213
13669 12938 1:0 14220
13690 6881 21:0 13713
13712 6884 21:0 13719
13718 6882 21:0 13726
13718 7327 1:0 14222
13718 7326 1:0 14222
13718 7324 1:0 14222
13718 7323 1:0 14344
13718 7470 1:0 14377
13727 6890 21:0 13762
13728 8066 1:0 14222
13728 7320 1:0 14222
13761 6892 21:0 13762
13761 6887 21:0 13762
13761 6891 21:0 13765
13764 6889 21:0 13765
13764 6888 21:0 13765
13764 6885 21:0 13773
13770 13003 1:0 13770
13770 12908 1:0 14250
13771 8505 1:0 14250
13771 7479 1:0 14250
13771 12906 1:0 14423
13771 7468 1:0 14423
13772 6883 21:0 13773
13772 6880 21:0 13773
13772 6879 21:0 13773
13772 6886 21:0 13773
13774 7475 1:0 14434
13780 12907 1:0 14431
13780 7478 1:0 14434
13780 7471 1:0 14443
13780 7474 1:0 14443
13780 7473 1:0 14443
13780 7469 1:0 14443
13780 7467 1:0 14443
13780 7480 1:0 14443
13780 12893 1:0 14471
13780 7472 1:0 14575
13786 12905 1:0 14441
13807 12983 1:0 13807
13807 12989 1:0 13807
13807 12991 1:0 13807
13807 12976 1:0 13807
13807 12987 1:0 13807
13807 12990 1:0 13807
13807 12982 1:0 13807
13807 12875 1:0 14471
13819 7477 1:0 14471
13819 7476 1:0 14471
13860 7617 1:0 14598
13888 12874 1:0 14644
13889 7620 1:0 14644
13889 7627 1:0 14655
13889 7621 1:0 14664
13889 12860 1:0 14692
13889 7618 1:0 14795
13890 7626 1:0 14655
13901 7026 21:0 13952
13939 7615 1:0 14664
13939 7765 1:0 14819
13949 7622 1:0 14664
13951 7029 21:0 13958
13961 7038 21:0 13983
13982 7037 21:0 13983
13982 7039 21:0 13986
13985 7034 21:0 13986
13985 7035 21:0 13986
13985 7036 21:0 13991
13990 7033 21:0 13994
13991 12970 1:0 13991
13991 12873 1:0 14651
13992 12872 1:0 14662
13992 7616 1:0 14664
13992 7619 1:0 14664
13992 7614 1:0 14664
13992 7623 1:0 14692
13992 7625 1:0 14692
13992 7768 1:0 14865
13992 7764 1:0 14885
13992 7762 1:0 14885
13993 7027 21:0 13994
13993 7030 21:0 13994
13993 7031 21:0 13994
13993 7028 21:0 13994
13993 7032 21:0 13994
14000 12969 1:0 14000
14000 12963 1:0 14000
14001 12842 1:0 14692
14001 12840 1:0 14865
14007 12841 1:0 14873
14009 7770 1:0 14876
14012 7773 1:0 14876
14028 12949 1:0 14028
14028 12957 1:0 14028
14028 12958 1:0 14028
14040 12839 1:0 14883
14081 7774 1:0 14885
14081 7763 1:0 14885
14081 7767 1:0 14885
14081 7761 1:0 14885
14081 12827 1:0 14913
14081 7766 1:0 15017
14081 12794 1:0 15134
14081 12761 1:0 15355
14081 12728 1:0 15576
14081 12695 1:0 15797
14081 12662 1:0 16018
14110 12809 1:0 14913
14111 7772 1:0 14913
14119 7174 21:0 14171
14160 7769 1:0 14913
14170 7913 1:0 15040
14170 7915 1:0 15086
14170 7914 1:0 15106
14170 7911 1:0 15106
14170 7909 1:0 15106
14170 7912 1:0 15237
14172 7183 21:0 14204
14203 7186 21:0 14204
14203 7184 21:0 14204
14203 7185 21:0 14207
14206 7182 21:0 14207
14206 7181 21:0 14207
14206 7180 21:0 14215
14212 12937 1:0 14212
14212 12808 1:0 15086
14213 12807 1:0 15093
14213 7916 1:0 15097
14213 8067 1:0 15097
14213 7910 1:0 15106
14213 7908 1:0 15106
14213 7919 1:0 15106
14214 7175 21:0 14215
14214 7179 21:0 14215
14214 7176 21:0 14215
14214 7177 21:0 14215
14214 7173 21:0 14215
14214 7178 21:0 14215
14221 12930 1:0 14221
14221 12936 1:0 14221
14222 12806 1:0 15104
14222 12774 1:0 15134
14228 7920 1:0 15134
14228 7917 1:0 15134
14248 12776 1:0 15307
14249 12924 1:0 14249
14249 12921 1:0 14249
14249 12917 1:0 14249
14249 12916 1:0 14249
14249 12925 1:0 14249
14249 8057 1:0 15261
14249 8062 1:0 15307
14249 8058 1:0 15327
14249 8060 1:0 15459
14249 8206 1:0 15482
14249 8205 1:0 15548
14302 12775 1:0 15315
14315 8068 1:0 15318
14330 8214 1:0 15318
14370 7327 21:0 14397
14381 12773 1:0 15325
14391 8208 1:0 15528
14400 7333 21:0 14425
14424 7330 21:0 14425
14424 7328 21:0 14428
14427 7331 21:0 14428
14427 7332 21:0 14428
14427 7329 21:0 14432
14431 7320 21:0 14436
14433 12904 1:0 14433
14433 8059 1:0 15327
14433 8056 1:0 15327
14433 8055 1:0 15327
14433 8061 1:0 15327
14433 8063 1:0 15327
14433 8064 1:0 15355
14433 8065 1:0 15355
14433 8202 1:0 15548
14434 12742 1:0 15355
14434 12743 1:0 15528
14435 7322 21:0 14436
14435 7321 21:0 14436
14435 7323 21:0 14436
14435 7324 21:0 14436
14435 7326 21:0 14436
14435 7325 21:0 14436
14442 12897 1:0 14442
14442 12903 1:0 14442
14443 12741 1:0 15535
14443 8210 1:0 15539
14443 8212 1:0 15539
14443 8204 1:0 15548
14443 8207 1:0 15680
14443 8352 1:0 15703
14443 8349 1:0 15749
14449 12740 1:0 15546
14451 8203 1:0 15548
14451 8209 1:0 15548
14451 8213 1:0 15548
14454 8211 1:0 15576
14470 12888 1:0 14470
14470 12884 1:0 14470
14470 12891 1:0 14470
14470 12883 1:0 14470
14470 12877 1:0 14470
14482 12710 1:0 15576
14523 8215 1:0 15576
14531 8357 1:0 15760
14552 12709 1:0 15749
14553 8350 1:0 15769
14553 8351 1:0 15769
14553 8356 1:0 15769
14581 7472 21:0 14597
14596 7471 21:0 14603
14602 7469 21:0 14610
14602 8360 1:0 15760
14604 8355 1:0 15769
14611 8353 1:0 15769
14612 8358 1:0 15769
14614 7477 21:0 14646
14645 7480 21:0 14646
14645 7476 21:0 14646
14645 7478 21:0 14649
14648 7475 21:0 14649
14648 7479 21:0 14649
14648 7467 21:0 14657
14654 12871 1:0 14654
14654 12708 1:0 15756
14655 12707 1:0 15767
14655 8362 1:0 15797
14655 8359 1:0 15797
14655 8354 1:0 15901
14655 8501 1:0 15924
14655 8503 1:0 15970
14655 8496 1:0 15990
14655 8502 1:0 15990
14655 8500 1:0 16121
14656 7474 21:0 14657
14656 7470 21:0 14657
14656 7473 21:0 14657
14656 7468 21:0 14657
14663 12864 1:0 14663
14664 12676 1:0 15797
14664 12677 1:0 15970
14672 12675 1:0 15977
14675 8507 1:0 15981
14690 8504 1:0 15981
14691 12851 1:0 14691
14691 12850 1:0 14691
14691 12855 1:0 14691
14691 12858 1:0 14691
14691 12859 1:0 14691
14691 8498 1:0 15990
14691 8499 1:0 15990
14691 8497 1:0 15990
14744 12674 1:0 15988
14757 8506 1:0 15990
14774 12644 1:0 16018
14805 7618 21:0 14818
14817 7619 21:0 14824
14823 7616 21:0 14831
14823 8509 1:0 16018
14832 7625 21:0 14867
14833 8508 1:0 16018
14866 7623 21:0 14867
14866 7622 21:0 14867
14866 7626 21:0 14870
14869 7624 21:0 14870
14869 7627 21:0 14870
14869 7614 21:0 14878
14875 12838 1:0 14875
14875 12643 1:0 16191
14876 12642 1:0 16198
14876 12627 1:0 16202
14876 12639 1:0 16202
14877 7615 21:0 14878
14877 7617 21:0 14878
14877 7621 21:0 14878
14877 7620 21:0 14878
14884 12837 1:0 14884
14885 12641 1:0 16209
14885 10958 1:0 16211
14885 10972 1:0 16211
14885 5 1:0 16211
14885 12628 1:0 16211
14885 8644 1:0 16214
14885 8650 1:0 16214
14885 12620 1:0 16214
14885 12619 1:0 16214
14885 11 1:0 16214
14885 10990 1:0 16214
14885 8656 1:0 16242
14891 7 1:0 16232
14891 10969 1:0 16239
14891 8649 1:0 16242
14891 8652 1:0 16242
14891 8655 1:0 16242
14891 8643 1:0 16242
14891 9 1:0 16242
14891 3 1:0 16242
14891 12629 1:0 16242
14891 8647 1:0 16283
14893 10967 1:0 16280
14893 8646 1:0 16283
14893 8651 1:0 16283
14896 8653 1:0 16296
14911 8648 1:0 16296
14911 8645 1:0 16296
14912 12818 1:0 14912
14912 12824 1:0 14912
14912 12817 1:0 14912
14912 12822 1:0 14912
14912 12826 1:0 14912
14912 12825 1:0 14912
14912 8654 1:0 16373
14912 8743 1:0 16382
14912 8744 1:0 16423
15013 7764 21:0 15038
15037 7766 21:0 15045
15046 7769 21:0 15088
15087 7774 21:0 15088
15087 7772 21:0 15088
15087 7773 21:0 15091
15090 7771 21:0 15091
15090 7770 21:0 15091
15090 7761 21:0 15099
15096 12805 1:0 15096
15098 7763 21:0 15099
15098 7768 21:0 15099
15098 7765 21:0 15099
15098 7767 21:0 15099
15098 7762 21:0 15099
15105 12804 1:0 15105
15133 12789 1:0 15133
15133 12793 1:0 15133
15133 12785 1:0 15133
15133 12792 1:0 15133
15133 12778 1:0 15133
15133 12784 1:0 15133
15247 7912 21:0 15260
15264 7917 21:0 15309
15308 7920 21:0 15309
15308 7919 21:0 15309
15308 7916 21:0 15312
15311 7921 21:0 15312
15311 7918 21:0 15312
15311 7909 21:0 15317
15316 7908 21:0 15320
15317 12772 1:0 15317
15319 7911 21:0 15320
15319 7914 21:0 15320
15319 7910 21:0 15320
15319 7913 21:0 15320
15319 7915 21:0 15320
15326 12771 1:0 15326
15326 12765 1:0 15326
15354 12760 1:0 15354
15354 12759 1:0 15354
15354 12751 1:0 15354
15354 12745 1:0 15354
15354 12752 1:0 15354
15354 12756 1:0 15354
15445 8056 21:0 15497
15498 8065 21:0 15530
15529 8064 21:0 15530
15529 8063 21:0 15530
15529 8068 21:0 15533
15532 8067 21:0 15533
15532 8066 21:0 15533
15532 8055 21:0 15541
15538 12739 1:0 15538
15540 8057 21:0 15541
15540 8060 21:0 15541
15540 8062 21:0 15541
15540 8061 21:0 15541
15540 8058 21:0 15541
15540 8059 21:0 15541
15547 12738 1:0 15547
15547 12732 1:0 15547
15575 12718 1:0 15575
15575 12723 1:0 15575
15575 12725 1:0 15575
15575 12712 1:0 15575
15575 12727 1:0 15575
15575 12719 1:0 15575
15696 8209 21:0 15723
15726 8215 21:0 15751
15750 8211 21:0 15751
15750 8213 21:0 15754
15753 8210 21:0 15754
15753 8212 21:0 15754
15753 8214 21:0 15758
15757 8202 21:0 15762
15759 12706 1:0 15759
15761 8203 21:0 15762
15761 8207 21:0 15762
15761 8204 21:0 15762
15761 8206 21:0 15762
15761 8208 21:0 15762
15761 8205 21:0 15762
15768 12699 1:0 15768
15796 12679 1:0 15796
15796 12694 1:0 15796
15796 12685 1:0 15796
15796 12686 1:0 15796
15796 12690 1:0 15796
15796 12693 1:0 15796
15796 12692 1:0 15796
15887 8350 21:0 15939
15940 8359 21:0 15972
15971 8362 21:0 15972
15971 8358 21:0 15973
15972 8360 21:0 15975
15974 8361 21:0 15975
15974 8357 21:0 15975
15974 8355 21:0 15983
15982 8351 21:0 15983
15982 8356 21:0 15983
15982 8352 21:0 15983
15982 8354 21:0 15983
15982 8349 21:0 15983
15982 8353 21:0 15983
15989 12666 1:0 15989
15989 12672 1:0 15989
16017 12661 1:0 16017
16017 12659 1:0 16017
16017 12646 1:0 16017
16017 12657 1:0 16017
16017 12653 1:0 16017
16017 12660 1:0 16017
16108 8497 21:0 16160
16159 8498 21:0 16167
16171 8508 21:0 16193
16192 8509 21:0 16193
16192 8506 21:0 16196
16195 8504 21:0 16196
16195 8507 21:0 16196
16195 8505 21:0 16201
16200 8496 21:0 16204
16201 12640 1:0 16201
16203 8503 21:0 16204
16203 8502 21:0 16204
16203 8499 21:0 16204
16203 8500 21:0 16204
16203 8501 21:0 16204
16213 12633 1:0 16213
16241 12626 1:0 16241
16241 12624 1:0 16241
16295 12613 1:0 16295
16349 8648 21:0 16365
16364 8645 21:0 16371
16370 8647 21:0 16378
16379 8654 21:0 52
