78 49172 0:0 106
78 49070 0:0 128
78 329 0:0 130
78 49079 0:0 153
1397 49785 21:0 1407
3374 298 21:0 3392
4610 51256 21:0 4620
4651 300 1:0 6735
6733 299 21:0 6751
7969 52727 21:0 7979
8010 301 1:0 10094
10092 300 21:0 10110
11328 54198 21:0 11338
11369 302 1:0 13453
13451 301 21:0 13469
14687 55669 21:0 14697
14728 303 1:0 16812
16810 302 21:0 16828
18046 57140 21:0 18056
18087 304 1:0 20171
20169 303 21:0 20187
21405 58611 21:0 21415
21446 305 1:0 23530
23528 304 21:0 23546
24764 60082 21:0 24774
24805 306 1:0 26889
26887 305 21:0 26905
28123 61553 21:0 28133
28164 307 1:0 30248
30246 306 21:0 30264
31482 63024 21:0 31492
31523 308 1:0 33607
33605 307 21:0 33623
34841 64495 21:0 34851
34882 309 1:0 36966
36964 308 21:0 36982
38200 65966 21:0 38210
38241 310 1:0 40325
40323 309 21:0 40341
41559 67437 21:0 41569
41600 311 1:0 43684
43682 310 21:0 43700
44918 68908 21:0 44928
44959 312 1:0 47043
47041 311 21:0 47059
48277 70379 21:0 48287
48318 313 1:0 50402
50400 312 21:0 50418
51636 71850 21:0 51646
51677 314 1:0 53761
53759 313 21:0 53777
54995 73321 21:0 55005
55036 315 1:0 57120
57118 314 21:0 57136
58354 74792 21:0 58364
58395 316 1:0 60479
60477 315 21:0 60495
61713 76263 21:0 61723
61754 317 1:0 63838
63836 316 21:0 63854
65072 77734 21:0 65082
65113 318 1:0 67197
67195 317 21:0 67213
68431 79205 21:0 68441
68472 319 1:0 70556
70554 318 21:0 70572
71831 320 1:0 73915
71831 321 1:0 77274
71831 322 1:0 80633
71832 323 1:0 83992
73913 319 21:0 73931
74974 82070 21:0 74991
75190 82070 1:0 75450
77272 320 21:0 77290
78409 83574 21:0 78426
78549 83574 1:0 78678
78550 324 1:0 87351
80631 321 21:0 80649
81236 84813 21:0 81253
81908 84813 1:0 82953
81909 47311 1:0 106236
83990 322 21:0 84008
84362 86184 21:0 84370
85267 86184 1:0 86716
87349 323 21:0 87367
87569 87589 21:0 87577
88626 87589 1:0 90337
88627 325 1:0 90710
90708 324 21:0 90726
91389 89259 21:0 91406
91985 89259 1:0 92899
91986 326 1:0 94069
94067 325 21:0 94085
94444 90598 21:0 94461
95128 90895 21:0 95145
95344 90895 1:0 95603
95345 90598 1:0 96782
97426 326 21:0 97444
98335 92300 21:0 98352
98703 299 1:0 3376
98703 328 1:0 100787
98703 329 1:0 104146
98704 92300 1:0 99224
101086 93508 21:0 101103
101390 93640 21:0 101407
101461 93671 21:0 101469
101470 93671 1:0 102987
101613 93737 21:0 101621
101620 93738 0:0 101621
101621 93740 21:0 101687
101622 93738 1:0 102714
101622 93737 1:0 102725
101688 93740 1:0 102707
101773 93806 21:0 101839
101840 93806 1:0 102445
102062 93640 1:0 103108
102063 93508 1:0 103632
102063 46866 1:0 105526
104144 328 21:0 104162
104972 95208 0:0 104975
104977 95210 21:0 104994
105431 46875 1:0 105526
105431 46873 1:0 105526
105432 46878 1:0 105527
105432 46876 1:0 105527
105432 46872 1:0 105527
105441 46874 1:0 105527
105441 46871 1:0 105528
105441 46865 1:0 105528
105441 46877 1:0 105612
105441 47021 1:0 105744
105441 47012 1:0 105748
105441 47013 1:0 105748
105447 47020 1:0 105813
105449 47022 1:0 105823
105452 47023 1:0 105824
105467 47018 1:0 105803
105467 47019 1:0 105804
105480 47024 1:0 105833
105521 47025 1:0 105834
105534 47172 1:0 105970
105549 47171 1:0 105970
105550 47159 1:0 105970
105550 47160 1:0 105971
105550 47166 1:0 105971
105550 47165 1:0 106024
105551 47312 1:0 106190
105559 46866 21:0 105605
105600 47167 1:0 105970
105604 46865 0:0 105612
105604 46871 0:0 105612
105605 46872 0:0 105613
105610 47168 1:0 105970
105612 47169 1:0 105970
105620 47170 1:0 105970
105622 46877 21:0 105644
105643 46875 0:0 105644
105643 46874 0:0 105644
105643 46876 0:0 105644
105643 46873 0:0 105644
105643 46878 0:0 105644
105645 47316 1:0 106186
105645 47314 1:0 106186
105645 47315 1:0 106186
105652 47313 1:0 106190
105652 47306 1:0 106190
105652 47307 1:0 106190
105652 47317 1:0 106217
105652 47453 1:0 106411
105653 47318 1:0 106275
105653 47319 1:0 106276
105653 47454 1:0 106411
105662 95210 1:0 106407
105662 47461 1:0 106407
105662 47462 1:0 106407
105668 47463 1:0 106486
105670 47464 1:0 106487
105672 47459 1:0 106466
105672 47460 1:0 106467
105673 47456 1:0 106447
105673 47602 1:0 106667
105688 47465 1:0 106496
105701 47466 1:0 106497
105755 95208 1:0 106544
105770 47608 1:0 106628
105771 47609 1:0 106698
105772 47601 1:0 106632
105821 47600 1:0 106632
105821 47606 1:0 106687
105821 47607 1:0 106688
105821 47754 1:0 106853
105823 47020 21:0 105865
105831 47610 1:0 106707
105841 47611 1:0 106708
105863 47024 0:0 105865
105864 47019 0:0 105865
105864 47013 0:0 105865
105864 47012 0:0 105865
105864 47018 0:0 105865
105864 47022 0:0 105865
105864 47025 0:0 105865
105864 47023 0:0 105865
105864 47021 0:0 105865
105866 47612 1:0 106717
105866 47613 1:0 106718
105866 47757 1:0 106852
105866 47755 1:0 106852
105866 47749 1:0 106854
105866 47896 1:0 107075
105873 47756 1:0 106853
105873 47758 1:0 106853
105874 47759 1:0 106853
105874 47748 1:0 106853
105874 47747 1:0 106854
105874 47753 1:0 106854
105883 47760 1:0 106939
105883 47904 1:0 107073
105883 47902 1:0 107073
105883 47906 1:0 107074
105889 47903 1:0 107074
105889 47905 1:0 107074
105893 47907 1:0 107160
105894 47899 1:0 107074
105894 47901 1:0 107074
105894 48044 1:0 107331
105909 47900 1:0 107075
105909 47894 1:0 107075
105910 47895 1:0 107074
105910 48041 1:0 107295
105922 48050 1:0 107291
105963 48049 1:0 107360
105971 48042 1:0 107295
105976 48047 1:0 107350
105991 48051 1:0 107370
105992 48045 1:0 107340
105992 48052 1:0 107371
105992 48192 1:0 107561
105993 48048 1:0 107351
106001 47160 0:0 106026
106004 47159 0:0 106030
106034 47165 21:0 106058
106042 48053 1:0 107380
106052 48054 1:0 107381
106057 47166 0:0 106068
106061 47172 21:0 106086
106062 48197 1:0 107512
106064 48196 1:0 107512
106084 47169 0:0 106086
106084 47168 0:0 106086
106084 47167 0:0 106086
106085 47170 0:0 106086
106085 47171 0:0 106086
106087 48189 1:0 107516
106087 48188 1:0 107516
106087 48194 1:0 107571
106087 48195 1:0 107572
106087 48198 1:0 107591
106087 48199 1:0 107592
106094 48193 1:0 107562
106094 48200 1:0 107601
106094 48342 1:0 107737
106094 48337 1:0 107738
106095 48201 1:0 107602
106095 48345 1:0 107736
106095 48343 1:0 107736
106104 48344 1:0 107737
106104 48347 1:0 107737
106104 48346 1:0 107737
106104 48348 1:0 107823
106110 48338 1:0 107737
106110 48336 1:0 107737
106110 48341 1:0 107738
106110 48335 1:0 107738
106110 48484 1:0 107993
106112 48491 1:0 107954
106115 48490 1:0 107954
106131 48492 1:0 108033
106143 48483 1:0 107958
106143 48482 1:0 107958
106143 48488 1:0 108013
106143 48489 1:0 108014
106184 48493 1:0 108034
106192 48630 1:0 108179
106212 48494 1:0 108043
106213 48495 1:0 108044
106213 48629 1:0 108179
106214 48635 1:0 108234
106223 48633 1:0 108224
106242 47311 21:0 106256
106263 48637 1:0 108175
106272 47317 21:0 106307
106273 48638 1:0 108245
106283 48639 1:0 108254
106305 47318 0:0 106307
106305 47315 0:0 106307
106305 47314 0:0 106307
106306 47319 0:0 106307
106306 47312 0:0 106307
106306 47306 0:0 106307
106306 47313 0:0 106307
106306 47316 0:0 106307
106306 47307 0:0 106307
106308 48634 1:0 108225
106308 48636 1:0 108235
106308 48640 1:0 108255
106308 48641 1:0 108264
106308 48642 1:0 108265
106308 48776 1:0 108400
106308 48777 1:0 108400
106308 48925 1:0 108622
106315 48784 1:0 108396
106315 48785 1:0 108466
106316 48782 1:0 108455
106316 48783 1:0 108456
106316 48786 1:0 108475
106316 48787 1:0 108476
106325 48788 1:0 108485
106325 48789 1:0 108486
106325 48931 1:0 108620
106325 48933 1:0 108620
106331 48932 1:0 108621
106333 48935 1:0 108621
106336 48934 1:0 108621
106351 48924 1:0 108621
106351 48923 1:0 108622
106352 48926 1:0 108621
106352 48929 1:0 108622
106364 48930 1:0 108621
106364 48936 1:0 108707
106405 74792 1:0 108750
106405 76263 1:0 108750
106405 77734 1:0 108750
106413 79205 1:0 108750
106418 70379 1:0 108756
106418 49072 1:0 108877
106433 67437 1:0 108756
106433 68908 1:0 108756
106434 73321 1:0 108756
106434 71850 1:0 108756
106434 65966 1:0 108759
106434 61553 1:0 108759
106435 63024 1:0 108759
106484 64495 1:0 108759
106484 57140 1:0 108784
106484 60082 1:0 108784
106494 55669 1:0 108784
106494 54198 1:0 108784
106494 58611 1:0 108784
106494 49073 1:0 108878
106496 47463 21:0 106528
106504 52727 1:0 108787
106504 51256 1:0 108796
106504 49071 1:0 108842
106504 49075 1:0 108888
106526 47465 0:0 106528
106527 47454 0:0 106528
106527 47466 0:0 106528
106527 47464 0:0 106528
106527 47461 0:0 106528
106527 47462 0:0 106528
106527 47456 0:0 106528
106527 47453 0:0 106528
106527 47459 0:0 106528
106527 47460 0:0 106528
106529 298 1:0 108838
106529 49079 1:0 108838
106529 49078 1:0 108838
106529 49070 1:0 108842
106529 49076 1:0 108897
106529 49081 1:0 108918
106536 49785 1:0 108954
106536 49172 1:0 108968
106536 49077 1:0 108898
106536 49080 1:0 108917
106536 49173 1:0 108969
106537 49082 1:0 108927
106537 49083 1:0 108928
106704 47609 21:0 106749
106747 47612 0:0 106749
106748 47610 0:0 106749
106748 47606 0:0 106749
106748 47608 0:0 106749
106748 47607 0:0 106749
106748 47613 0:0 106749
106748 47601 0:0 106749
106748 47602 0:0 106749
106748 47611 0:0 106749
106748 47600 0:0 106749
106945 47760 21:0 106970
106968 47756 0:0 106970
106968 47758 0:0 106970
106968 47757 0:0 106970
106968 47759 0:0 106970
106968 47755 0:0 106970
106969 47747 0:0 106970
106969 47749 0:0 106970
106969 47748 0:0 106970
106969 47754 0:0 106970
106969 47753 0:0 106970
107166 47907 21:0 107191
107189 47905 0:0 107191
107189 47904 0:0 107191
107189 47902 0:0 107191
107189 47903 0:0 107191
107189 47906 0:0 107191
107190 47901 0:0 107191
107190 47900 0:0 107191
107190 47894 0:0 107191
107190 47895 0:0 107191
107190 47899 0:0 107191
107190 47896 0:0 107191
107370 48049 21:0 107412
107410 48051 0:0 107412
107411 48050 0:0 107412
107411 48045 0:0 107412
107411 48052 0:0 107412
107411 48053 0:0 107412
107411 48054 0:0 107412
107411 48044 0:0 107412
107411 48047 0:0 107412
107411 48042 0:0 107412
107411 48041 0:0 107412
107411 48048 0:0 107412
107601 48198 21:0 107633
107631 48200 0:0 107633
107632 48189 0:0 107633
107632 48193 0:0 107633
107632 48201 0:0 107633
107632 48199 0:0 107633
107632 48194 0:0 107633
107632 48195 0:0 107633
107632 48197 0:0 107633
107632 48196 0:0 107633
107632 48192 0:0 107633
107632 48188 0:0 107633
107829 48348 21:0 107854
107852 48343 0:0 107854
107852 48346 0:0 107854
107852 48345 0:0 107854
107852 48347 0:0 107854
107852 48344 0:0 107854
107853 48337 0:0 107854
107853 48336 0:0 107854
107853 48338 0:0 107854
107853 48341 0:0 107854
107853 48342 0:0 107854
107853 48335 0:0 107854
108043 48492 21:0 108075
108073 48493 0:0 108075
108074 48490 0:0 108075
108074 48494 0:0 108075
108074 48491 0:0 108075
108074 48484 0:0 108075
108074 48482 0:0 108075
108074 48489 0:0 108075
108074 48488 0:0 108075
108074 48495 0:0 108075
108074 48483 0:0 108075
108251 48638 21:0 108296
108294 48639 0:0 108296
108295 48641 0:0 108296
108295 48633 0:0 108296
108295 48635 0:0 108296
108295 48642 0:0 108296
108295 48629 0:0 108296
108295 48630 0:0 108296
108295 48636 0:0 108296
108295 48640 0:0 108296
108295 48637 0:0 108296
108295 48634 0:0 108296
108472 48785 21:0 108517
108515 48788 0:0 108517
108516 48783 0:0 108517
108516 48776 0:0 108517
108516 48777 0:0 108517
108516 48784 0:0 108517
108516 48782 0:0 108517
108516 48789 0:0 108517
108516 48786 0:0 108517
108516 48787 0:0 108517
108713 48936 21:0 108738
108736 48934 0:0 108738
108736 48933 0:0 108738
108736 48931 0:0 108738
108736 48935 0:0 108738
108736 48932 0:0 108738
108737 48929 0:0 108738
108737 48926 0:0 108738
108737 48923 0:0 108738
108737 48925 0:0 108738
108737 48930 0:0 108738
108737 48924 0:0 108738
108924 49081 21:0 108957
108955 49082 0:0 108957
108956 49083 0:0 108957
108956 49078 0:0 108957
108956 49080 0:0 108957
108956 49076 0:0 108957
108956 49072 0:0 108957
108956 49071 0:0 108957
108956 49073 0:0 108957
108956 49075 0:0 108957
108956 49077 0:0 108958
108975 49173 21:0 79
