64 13719 21:0 123
122 13720 21:0 139
138 13721 21:0 139
138 13723 21:0 144
143 13722 21:0 149
148 13718 21:0 149
148 305 21:0 160
1309 14393 21:0 1319
3286 298 21:0 3304
3430 15389 21:0 3438
3506 15422 21:0 3514
3886 15587 21:0 3894
3893 15588 21:0 3944
4043 15654 21:0 4060
4190 15719 21:0 4198
4426 15821 21:0 4492
4563 15821 1:0 4684
4564 15719 1:0 5095
4564 15654 1:0 5346
4573 15588 1:0 5608
4573 15587 1:0 5619
4581 15422 1:0 6274
4600 15389 1:0 6405
4612 300 1:0 6647
6645 299 21:0 6663
6721 16830 21:0 6787
6786 16829 21:0 6792
7022 16961 21:0 7039
7169 17025 21:0 7177
7402 17126 21:0 7419
7554 17192 21:0 7571
7782 17290 21:0 7799
7922 17290 1:0 8050
7923 17192 1:0 8444
7923 17126 1:0 8706
7932 17025 1:0 9109
7932 16961 1:0 9361
7940 16830 1:0 9877
7959 16829 1:0 9885
7971 301 1:0 10006
10004 300 21:0 10022
10077 18299 21:0 10094
10093 18298 21:0 10146
10300 18397 21:0 10308
10381 18431 21:0 10398
10528 18496 21:0 10536
10536 18499 21:0 10602
10612 18532 21:0 10678
11281 18532 1:0 12319
11282 18499 1:0 12450
11291 18496 1:0 12468
11291 18431 1:0 12719
11297 18397 1:0 12861
11301 18299 1:0 13243
11302 302 1:0 13365
11330 18298 1:0 13254
13363 301 21:0 13381
13436 19770 21:0 13453
13452 19772 21:0 13505
13588 19836 21:0 13605
13968 20002 21:0 13985
14047 20036 21:0 14113
14424 20199 21:0 14441
14495 20231 21:0 14503
14640 20231 1:0 14779
14641 20199 1:0 14899
14650 20036 1:0 15547
14650 20002 1:0 15686
14656 19836 1:0 16340
14661 19772 1:0 16595
14676 303 1:0 16724
14689 19770 1:0 16602
16722 302 21:0 16740
17099 21374 21:0 17116
17175 21407 21:0 17192
17251 21440 21:0 17268
17558 21573 21:0 17624
17631 21605 21:0 17648
17647 21604 21:0 17700
17859 21704 21:0 17876
17999 21704 1:0 18128
18000 21604 1:0 18513
18009 21605 1:0 18521
18009 21573 1:0 18644
18015 21440 1:0 19176
18020 21407 1:0 19307
18048 21374 1:0 19438
18130 304 1:0 20083
20081 303 21:0 20099
20149 22711 21:0 20157
20156 22712 21:0 20198
20197 22713 21:0 20223
20222 22714 21:0 20233
20233 22747 21:0 20299
20610 22911 21:0 20627
20838 23010 21:0 20855
21358 23010 1:0 22142
21359 22911 1:0 22535
21368 22747 1:0 23182
21368 22714 1:0 23233
21374 22713 1:0 23313
21394 22712 1:0 23320
21407 22711 1:0 23331
21489 305 1:0 23442
23440 304 21:0 23458
23668 24251 21:0 23734
23820 24317 21:0 23886
24045 24415 21:0 24062
24192 24479 21:0 24200
24349 24546 21:0 24366
24365 24545 21:0 24418
24425 24580 21:0 24442
24727 299 1:0 3288
24727 11516 1:0 24737
24728 11514 1:0 24740
24728 11515 1:0 24750
24737 11513 1:0 24778
24737 11517 1:0 24822
24737 11518 1:0 24909
24737 11662 1:0 24958
24743 11661 1:0 24961
24743 11663 1:0 24971
24747 11660 1:0 24999
24763 11664 1:0 25043
24764 11665 1:0 25130
24776 11812 1:0 25179
24817 11807 1:0 25182
24825 11953 1:0 25482
24845 11808 1:0 25210
24846 11810 1:0 25210
24896 11811 1:0 25261
24906 11809 1:0 25340
24915 11518 21:0 24940
24916 11958 1:0 25394
24939 11517 21:0 24943
24942 11513 21:0 24943
24942 11515 21:0 24951
24948 24580 1:0 25388
24949 11957 1:0 25400
24949 11956 1:0 25403
24949 11959 1:0 25428
24950 11514 21:0 24954
24952 11955 1:0 25466
24953 11516 21:0 24954
24955 11954 1:0 25551
24955 12104 1:0 25621
24958 24546 1:0 25608
24958 24545 1:0 25615
24964 12103 1:0 25624
24966 12101 1:0 25652
24969 12106 1:0 25652
24985 12102 1:0 25703
24997 12099 1:0 25706
24997 12105 1:0 25792
25046 12252 1:0 25836
25051 12241 1:0 25870
25066 12250 1:0 25842
25067 12253 1:0 25845
25068 12246 1:0 25870
25117 12249 1:0 25873
25127 12247 1:0 25873
25127 12387 1:0 26063
25127 12388 1:0 26066
25127 12535 1:0 26297
25136 11665 21:0 25161
25137 12251 1:0 25924
25160 11664 21:0 25164
25163 11660 21:0 25164
25163 11663 21:0 25172
25169 12248 1:0 25993
25169 12397 1:0 26063
25170 24479 1:0 26057
25170 12395 1:0 26066
25171 11661 21:0 25175
25173 12534 1:0 26297
25174 11662 21:0 25175
25176 12399 1:0 26094
25176 12396 1:0 26094
25179 12400 1:0 26145
25179 12398 1:0 26225
25179 12542 1:0 26284
25179 12545 1:0 26287
25185 12543 1:0 26297
25187 12546 1:0 26325
25190 12544 1:0 26369
25206 12547 1:0 26456
25259 24415 1:0 26493
25272 12692 1:0 26505
25287 12681 1:0 26508
25287 12687 1:0 26518
25288 12690 1:0 26508
25288 12682 1:0 26518
25289 12835 1:0 26726
25338 12693 1:0 26518
25348 12691 1:0 26546
25350 11809 21:0 25382
25358 12689 1:0 26590
25381 11811 21:0 25385
25384 11808 21:0 25385
25384 11810 21:0 25393
25390 12694 1:0 26677
25390 12839 1:0 26726
25391 12834 1:0 26726
25391 12840 1:0 26729
25391 12828 1:0 26729
25391 12838 1:0 26757
25391 12982 1:0 26960
25392 11807 21:0 25396
25395 11812 21:0 25396
25397 12836 1:0 26757
25397 12841 1:0 26808
25400 24317 1:0 26941
25400 12837 1:0 26878
25400 12985 1:0 26947
25406 12986 1:0 26950
25406 12988 1:0 26960
25410 12983 1:0 26988
25426 12984 1:0 27032
25439 12987 1:0 27118
25480 13131 1:0 27162
25488 13135 1:0 27168
25508 13132 1:0 27171
25509 13134 1:0 27196
25509 13129 1:0 27199
25510 13276 1:0 27392
25559 13130 1:0 27250
25561 11954 21:0 25603
25569 13133 1:0 27330
25579 13281 1:0 27389
25602 11953 21:0 25603
25602 11955 21:0 25606
25604 13270 1:0 27402
25605 11959 21:0 25606
25605 11956 21:0 25614
25611 24251 1:0 27383
25612 13277 1:0 27392
25612 13269 1:0 27402
25612 13280 1:0 27402
25613 11957 21:0 25617
25615 13279 1:0 27430
25616 11958 21:0 25617
25618 13278 1:0 27474
25618 13282 1:0 27561
25621 13429 1:0 27604
25621 13424 1:0 27610
25621 13427 1:0 27613
25621 13426 1:0 27641
25627 13422 1:0 27641
25627 13425 1:0 27692
25627 13423 1:0 27695
25631 13428 1:0 27781
25647 13571 1:0 27831
25648 13563 1:0 27834
25660 13575 1:0 27834
25701 13574 1:0 27862
25714 13572 1:0 27862
25730 13576 1:0 27913
25730 13573 1:0 27992
25731 13711 1:0 28052
25772 12099 21:0 25796
25780 298 1:0 28046
25780 13710 1:0 28055
25780 13813 1:0 28265
25790 13718 1:0 28052
25792 14393 1:0 28238
25800 13722 1:0 28055
25802 12105 21:0 25824
25823 12102 21:0 25827
25826 12101 21:0 25827
25826 12106 21:0 25835
25832 13721 1:0 28083
25832 13723 1:0 28083
25833 13720 1:0 28134
25833 13719 1:0 28204
25834 12103 21:0 25838
25837 12104 21:0 25838
26003 12248 21:0 26045
26044 12251 21:0 26048
26047 12247 21:0 26048
26047 12249 21:0 26048
26047 12253 21:0 26056
26055 12250 21:0 26059
26058 12241 21:0 26059
26058 12246 21:0 26059
26058 12252 21:0 26065
26181 12388 21:0 26227
26231 12398 21:0 26266
26265 12400 21:0 26269
26268 12396 21:0 26269
26268 12399 21:0 26277
26276 12395 21:0 26280
26279 12387 21:0 26280
26279 12397 21:0 26280
26402 12535 21:0 26448
26462 12547 21:0 26487
26486 12544 21:0 26490
26489 12546 21:0 26490
26489 12534 21:0 26498
26497 12543 21:0 26498
26497 12545 21:0 26501
26500 12542 21:0 26507
26656 12687 21:0 26680
26683 12694 21:0 26708
26707 12689 21:0 26711
26710 12691 21:0 26711
26710 12682 21:0 26719
26718 12693 21:0 26719
26718 12681 21:0 26719
26718 12690 21:0 26722
26721 12692 21:0 26728
26884 12837 21:0 26929
26928 12841 21:0 26932
26931 12836 21:0 26932
26931 12838 21:0 26940
26939 12840 21:0 26943
26942 12828 21:0 26943
26942 12839 21:0 26943
26942 12834 21:0 26949
26948 12835 21:0 26949
27095 12982 21:0 27120
27128 12987 21:0 27150
27149 12984 21:0 27153
27152 12983 21:0 27153
27152 12988 21:0 27161
27160 12986 21:0 27164
27163 12985 21:0 27164
27336 13133 21:0 27371
27370 13130 21:0 27374
27373 13129 21:0 27374
27373 13134 21:0 27379
27378 13132 21:0 27382
27381 13135 21:0 27385
27384 13131 21:0 27385
27510 13269 21:0 27554
27567 13282 21:0 27592
27591 13278 21:0 27595
27594 13279 21:0 27595
27594 13280 21:0 27603
27602 13277 21:0 27606
27605 13276 21:0 27606
27605 13270 21:0 27606
27605 13281 21:0 27612
27758 13423 21:0 27783
27791 13428 21:0 27813
27812 13425 21:0 27816
27815 13426 21:0 27816
27815 13422 21:0 27824
27823 13427 21:0 27824
27823 13424 21:0 27827
27826 13429 21:0 27833
27952 13563 21:0 27996
28002 13573 21:0 28034
28033 13576 21:0 28037
28036 13572 21:0 28037
28036 13574 21:0 28045
28044 13575 21:0 28048
28047 13571 21:0 28048
28173 13710 21:0 28217
28216 13711 21:0 28254
28271 13813 21:0 65
