91 13484 21:0 129
128 13481 21:0 140
139 13477 21:0 140
139 13482 21:0 145
144 13479 21:0 150
149 13571 21:0 150
149 13647 21:0 216
149 13572 21:0 150
149 13480 21:0 150
215 13649 21:0 221
220 13471 21:0 221
220 13478 21:0 221
223 13681 21:0 240
239 13646 21:0 292
291 13648 21:0 297
302 13715 21:0 368
370 13745 21:0 378
377 13746 21:0 428
427 13747 21:0 444
446 13778 21:0 454
530 13814 21:0 596
603 13846 21:0 620
619 13845 21:0 672
679 13879 21:0 696
695 13878 21:0 748
747 13880 21:0 753
752 13910 21:0 772
771 13877 21:0 824
826 13943 21:0 834
833 13944 21:0 884
883 13946 21:0 900
899 13913 21:0 910
910 13979 21:0 976
978 14009 21:0 986
985 14010 21:0 1036
1035 13912 21:0 1052
1054 14042 21:0 1062
1061 14044 21:0 1112
1111 13911 21:0 1128
1127 14045 21:0 1138
1206 14108 21:0 1214
1359 14175 21:0 1367
1366 14177 21:0 1415
1414 14176 21:0 1433
1432 14178 21:0 1443
1442 14208 21:0 1461
1460 14210 21:0 1509
1508 14209 21:0 1514
1513 14211 21:0 1533
1532 14241 21:0 1585
1584 14243 21:0 1590
1589 14242 21:0 1595
1594 14244 21:0 1661
1660 14274 21:0 1666
1665 14275 21:0 1671
1670 14276 21:0 1726
1725 14277 21:0 1742
1741 14307 21:0 1747
1746 14308 21:0 1802
1801 14309 21:0 1813
1812 14310 21:0 1823
1822 14340 21:0 1873
1872 14341 21:0 1889
1888 14342 21:0 1899
1898 14343 21:0 1917
1916 14373 21:0 1965
1964 14375 21:0 1970
1969 14374 21:0 1989
1988 14376 21:0 2041
2040 14406 21:0 2046
2045 14407 21:0 2051
2050 14408 21:0 2117
2116 14409 21:0 2122
2121 14439 21:0 2127
2126 14441 21:0 2182
2181 14440 21:0 2198
2197 14442 21:0 2203
2202 14472 21:0 2258
2257 14473 21:0 2271
2270 14474 21:0 2279
2278 14475 21:0 2329
2328 14505 21:0 2345
2344 14507 21:0 2355
2354 14506 21:0 2373
2372 14508 21:0 2421
2420 14538 21:0 2426
2425 14539 21:0 2445
2444 14540 21:0 2497
2496 14541 21:0 2502
2501 14571 21:0 2507
2506 14573 21:0 2516
2515 14572 21:0 2523
2520 14108 1:0 2649
2521 14045 1:0 2877
2522 14574 21:0 2526
2524 14044 1:0 2884
2525 14607 21:0 2534
2527 14042 1:0 2893
2529 14010 1:0 3005
2529 14009 1:0 3015
2535 13979 1:0 3121
2546 304 21:0 2560
2553 13946 1:0 3243
2559 14604 21:0 2632
2605 13944 1:0 3249
2631 14605 21:0 2638
2631 13943 1:0 3259
2637 14639 21:0 2645
2642 13911 1:0 3290
2643 13913 1:0 3365
2644 14638 21:0 2648
2646 13912 1:0 3372
2647 14640 21:0 2656
2649 13910 1:0 3381
2651 13880 1:0 3412
2651 13878 1:0 3487
2655 14606 21:0 2682
2657 13879 1:0 3494
2661 13877 1:0 3503
2681 14637 21:0 2757
2683 13845 1:0 3609
2727 13846 1:0 3616
2753 13814 1:0 3731
2756 14670 21:0 2760
2764 13778 1:0 3869
2765 13747 1:0 3975
2773 13746 1:0 3981
2773 13745 1:0 3991
2783 13715 1:0 4097
2886 13681 1:0 4226
2887 13648 1:0 4266
2895 13649 1:0 4341
2895 13647 1:0 4347
2905 13646 1:0 4357
2919 305 1:0 5679
4529 15617 21:0 4537
4536 15618 21:0 4587
4586 15619 21:0 4603
4602 15620 21:0 4613
4612 15650 21:0 4631
4630 15651 21:0 4679
4678 15652 21:0 4684
4683 15653 21:0 4703
4702 15683 21:0 4755
4754 15684 21:0 4760
4759 15685 21:0 4765
4764 15686 21:0 4831
4830 15716 21:0 4836
4835 15718 21:0 4841
4840 15717 21:0 4896
4895 15719 21:0 4912
4911 15749 21:0 4917
4916 15750 21:0 4972
4971 15751 21:0 4987
4986 15752 21:0 4993
4992 15782 21:0 5043
5042 15784 21:0 5059
5058 15783 21:0 5069
5068 15785 21:0 5087
5086 15815 21:0 5135
5134 15816 21:0 5140
5139 15817 21:0 5159
5158 15818 21:0 5211
5210 15848 21:0 5216
5215 15850 21:0 5221
5220 15849 21:0 5287
5286 15851 21:0 5292
5291 15881 21:0 5297
5296 15916 21:0 5352
5351 15915 21:0 5368
5367 15883 21:0 5373
5372 15882 21:0 5428
5427 15884 21:0 5444
5443 15914 21:0 5449
5448 15917 21:0 5499
5498 15947 21:0 5515
5514 15949 21:0 5525
5524 15948 21:0 5543
5542 15950 21:0 5591
5590 15982 21:0 5596
5595 15981 21:0 5615
5614 15980 21:0 5667
5666 15983 21:0 5672
5671 16013 21:0 5677
5676 16015 21:0 5686
5678 14670 1:0 5699
5685 16014 21:0 5694
5691 14640 1:0 5732
5692 14638 1:0 5812
5693 16016 21:0 5697
5695 14639 1:0 5820
5696 16079 21:0 5706
5698 14637 1:0 5830
5701 14606 1:0 5863
5701 14607 1:0 5943
5707 14605 1:0 5950
5709 14604 1:0 5961
5720 305 21:0 5734
5728 14574 1:0 5994
5733 16048 21:0 5811
5781 14572 1:0 6074
5809 14573 1:0 6082
5810 16049 21:0 5817
5816 16080 21:0 5825
5822 14571 1:0 6092
5823 14541 1:0 6125
5823 14540 1:0 6205
5824 16082 21:0 5828
5826 14539 1:0 6212
5827 16081 21:0 5837
5829 14538 1:0 6223
5832 14508 1:0 6256
5832 14506 1:0 6336
5836 16047 21:0 5865
5838 14507 1:0 6344
5840 14505 1:0 6354
5859 14475 1:0 6387
5864 16046 21:0 5945
5866 14474 1:0 6467
5912 14473 1:0 6474
5941 14472 1:0 6485
5944 16112 21:0 5948
5953 14442 1:0 6518
5954 14440 1:0 6598
5963 14441 1:0 6606
5963 14439 1:0 6616
5969 14409 1:0 6649
5973 14408 1:0 6729
5990 14407 1:0 6736
6084 14406 1:0 6747
6085 14376 1:0 6780
6094 14374 1:0 6860
6094 14375 1:0 6868
6100 14373 1:0 6878
6104 14343 1:0 6911
6133 14342 1:0 6991
6215 14341 1:0 6998
6216 14340 1:0 7009
6225 14310 1:0 7042
6225 14309 1:0 7122
6231 14308 1:0 7129
6236 14307 1:0 7140
6264 14277 1:0 7173
6346 14276 1:0 7253
6347 14275 1:0 7260
6356 14274 1:0 7271
6356 14244 1:0 7304
6362 14242 1:0 7384
6367 14243 1:0 7392
6395 14241 1:0 7402
6477 14211 1:0 7435
6478 14209 1:0 7515
6487 14210 1:0 7523
6487 14208 1:0 7533
6493 14178 1:0 7566
6513 14176 1:0 7646
6526 14177 1:0 7654
6608 14175 1:0 7664
6609 306 1:0 8994
7844 17059 21:0 7852
7851 17061 21:0 7902
7901 17060 21:0 7918
7917 17062 21:0 7928
7927 17092 21:0 7946
7945 17093 21:0 7994
7993 17094 21:0 7999
7998 17095 21:0 8018
8017 17125 21:0 8070
8069 17127 21:0 8075
8074 17126 21:0 8080
8079 17128 21:0 8146
8145 17158 21:0 8151
8150 17159 21:0 8156
8155 17160 21:0 8211
8210 17161 21:0 8227
8226 17191 21:0 8232
8231 17193 21:0 8287
8286 17192 21:0 8303
8302 17194 21:0 8308
8307 17224 21:0 8358
8357 17226 21:0 8374
8373 17225 21:0 8384
8383 17227 21:0 8402
8401 17257 21:0 8450
8449 17259 21:0 8455
8454 17258 21:0 8474
8473 17260 21:0 8526
8525 17290 21:0 8531
8530 17291 21:0 8536
8535 17292 21:0 8602
8601 17293 21:0 8607
8606 17323 21:0 8612
8611 17324 21:0 8673
8672 17325 21:0 8683
8682 17326 21:0 8688
8687 17356 21:0 8743
8742 17357 21:0 8759
8758 17358 21:0 8764
8763 17359 21:0 8814
8813 17389 21:0 8830
8829 17391 21:0 8840
8839 17390 21:0 8862
8861 17392 21:0 8906
8905 17423 21:0 8911
8910 17422 21:0 8930
8929 17424 21:0 8982
8981 17455 21:0 8987
8986 17425 21:0 8997
8996 17488 21:0 9001
8998 16112 1:0 9014
9000 17457 21:0 9009
9006 16081 1:0 9047
9007 16082 1:0 9127
9008 17458 21:0 9012
9010 16080 1:0 9134
9011 17456 21:0 9021
9013 16079 1:0 9145
9016 16047 1:0 9178
9016 16049 1:0 9258
9022 16048 1:0 9266
9024 16046 1:0 9276
9035 306 21:0 9049
9043 16016 1:0 9309
9048 17489 21:0 9128
9096 16014 1:0 9389
9124 16015 1:0 9397
9127 17523 21:0 9132
9131 17522 21:0 9140
9137 16013 1:0 9407
9138 15983 1:0 9440
9138 15981 1:0 9520
9139 17491 21:0 9143
9141 15982 1:0 9528
9142 17524 21:0 9152
9144 15980 1:0 9538
9147 15950 1:0 9571
9147 15948 1:0 9651
9151 17554 21:0 9180
9153 15949 1:0 9659
9155 15947 1:0 9669
9174 15917 1:0 9702
9179 17490 21:0 9260
9181 15915 1:0 9782
9227 15916 1:0 9790
9256 15914 1:0 9800
9259 17521 21:0 9263
9268 15884 1:0 9833
9269 15882 1:0 9913
9278 15883 1:0 9921
9278 15881 1:0 9931
9284 15851 1:0 9964
9288 15849 1:0 10044
9305 15850 1:0 10052
9399 15848 1:0 10062
9400 15818 1:0 10095
9409 15817 1:0 10175
9409 15816 1:0 10182
9415 15815 1:0 10193
9419 15785 1:0 10226
9448 15783 1:0 10306
9530 15784 1:0 10314
9531 15782 1:0 10324
9540 15752 1:0 10357
9540 15751 1:0 10437
9546 15750 1:0 10444
9551 15749 1:0 10455
9579 15719 1:0 10488
9661 15717 1:0 10568
9662 15718 1:0 10576
9671 15716 1:0 10586
9671 15686 1:0 10619
9677 15685 1:0 10699
9682 15684 1:0 10706
9710 15683 1:0 10717
9792 15653 1:0 10750
9793 15652 1:0 10830
9802 15651 1:0 10837
9802 15650 1:0 10848
9808 15620 1:0 10881
9828 15619 1:0 10961
9841 15618 1:0 10968
9923 15617 1:0 10979
9924 307 1:0 12309
11159 18501 21:0 11167
11166 18502 21:0 11217
11216 18503 21:0 11233
11232 18504 21:0 11243
11242 18534 21:0 11261
11260 18535 21:0 11309
11308 18536 21:0 11314
11313 18537 21:0 11333
11332 18567 21:0 11385
11384 18569 21:0 11390
11389 18568 21:0 11395
11394 18570 21:0 11461
11460 18600 21:0 11466
11465 18602 21:0 11471
11470 18601 21:0 11526
11525 18603 21:0 11542
11541 18633 21:0 11547
11546 18635 21:0 11602
11601 18636 21:0 11618
11617 18634 21:0 11623
11622 18666 21:0 11673
11672 18668 21:0 11689
11688 18667 21:0 11699
11698 18669 21:0 11717
11716 18699 21:0 11765
11764 18701 21:0 11770
11769 18702 21:0 11789
11788 18700 21:0 11841
11840 18732 21:0 11846
11845 18734 21:0 11851
11850 18733 21:0 11917
11916 18735 21:0 11922
11921 18765 21:0 11927
11926 18800 21:0 11982
11981 18799 21:0 11998
11997 18766 21:0 12003
12002 18767 21:0 12058
12057 18768 21:0 12074
12073 18798 21:0 12079
12078 18801 21:0 12129
12128 18831 21:0 12145
12144 18833 21:0 12155
12154 18832 21:0 12173
12172 18864 21:0 12221
12220 18834 21:0 12226
12225 18867 21:0 12245
12244 18866 21:0 12297
12296 18865 21:0 12302
12301 18899 21:0 12307
12306 18898 21:0 12316
12308 17554 1:0 12329
12315 18897 21:0 12324
12321 17524 1:0 12362
12322 17522 1:0 12442
12323 18900 21:0 12327
12325 17523 1:0 12450
12326 18932 21:0 12336
12328 17521 1:0 12460
12331 17490 1:0 12493
12331 17491 1:0 12573
12337 17489 1:0 12580
12339 17488 1:0 12591
12350 307 21:0 12364
12358 17456 1:0 12624
12363 18930 21:0 12444
12411 17458 1:0 12704
12439 17457 1:0 12712
12443 18964 21:0 12447
12446 18931 21:0 12455
12452 17455 1:0 12722
12453 17425 1:0 12755
12453 17424 1:0 12835
12454 18966 21:0 12458
12456 17423 1:0 12842
12457 18933 21:0 12467
12459 17422 1:0 12853
12462 17392 1:0 12886
12462 17390 1:0 12966
12466 18965 21:0 12495
12468 17391 1:0 12974
12470 17389 1:0 12984
12489 17359 1:0 13017
12494 18963 21:0 12575
12496 17358 1:0 13097
12542 17357 1:0 13104
12571 17356 1:0 13115
12574 18996 21:0 12578
12583 17326 1:0 13148
12584 17325 1:0 13228
12593 17324 1:0 13235
12593 17323 1:0 13246
12599 17293 1:0 13279
12603 17292 1:0 13359
12620 17291 1:0 13366
12714 17290 1:0 13377
12715 17260 1:0 13410
12724 17258 1:0 13490
12724 17259 1:0 13498
12730 17257 1:0 13508
12734 17227 1:0 13541
12763 17225 1:0 13621
12845 17226 1:0 13629
12846 17224 1:0 13639
12855 17194 1:0 13672
12855 17192 1:0 13752
12861 17193 1:0 13760
12866 17191 1:0 13770
12894 17161 1:0 13803
12976 17160 1:0 13883
12977 17159 1:0 13890
12986 17158 1:0 13901
12986 17128 1:0 13934
12992 17126 1:0 14014
12997 17127 1:0 14022
13025 17125 1:0 14032
13107 17095 1:0 14065
13108 17094 1:0 14145
13117 17093 1:0 14152
13117 17092 1:0 14163
13123 17062 1:0 14196
13143 17060 1:0 14276
13156 17061 1:0 14284
13238 17059 1:0 14294
13239 308 1:0 15624
14474 19943 21:0 14482
14481 19945 21:0 14532
14531 19946 21:0 14548
14547 19944 21:0 14558
14557 19976 21:0 14576
14575 19978 21:0 14624
14623 19977 21:0 14629
14628 19979 21:0 14648
14647 20009 21:0 14700
14699 20011 21:0 14705
14704 20010 21:0 14710
14709 20012 21:0 14776
14775 20042 21:0 14781
14780 20043 21:0 14786
14785 20044 21:0 14843
14842 20045 21:0 14857
14856 20075 21:0 14862
14861 20076 21:0 14917
14916 20077 21:0 14933
14932 20078 21:0 14938
14937 20108 21:0 14988
14987 20110 21:0 15004
15003 20109 21:0 15014
15013 20111 21:0 15032
15031 20141 21:0 15080
15079 20143 21:0 15085
15084 20142 21:0 15104
15103 20144 21:0 15156
15155 20174 21:0 15161
15160 20175 21:0 15166
15165 20177 21:0 15232
15231 20176 21:0 15237
15236 20207 21:0 15242
15241 20208 21:0 15305
15304 20209 21:0 15313
15312 20210 21:0 15318
15317 20240 21:0 15373
15372 20242 21:0 15389
15388 20241 21:0 15394
15393 20273 21:0 15444
15443 20243 21:0 15460
15459 20275 21:0 15470
15469 20274 21:0 15492
15491 20276 21:0 15536
15535 20307 21:0 15541
15540 20308 21:0 15560
15559 20306 21:0 15612
15611 20309 21:0 15617
15616 20339 21:0 15628
15627 20342 21:0 15631
15629 18996 1:0 15644
15630 20341 21:0 15639
15636 18965 1:0 15677
15637 18966 1:0 15757
15638 20340 21:0 15642
15640 18964 1:0 15764
15641 20372 21:0 15651
15643 18963 1:0 15775
15646 18933 1:0 15808
15646 18931 1:0 15888
15652 18932 1:0 15896
15654 18930 1:0 15906
15665 308 21:0 15679
15673 18900 1:0 15939
15678 20408 21:0 15756
15726 18898 1:0 16019
15754 18899 1:0 16027
15755 20374 21:0 15762
15761 20373 21:0 15770
15767 18897 1:0 16037
15768 18865 1:0 16070
15768 18867 1:0 16150
15769 20375 21:0 15773
15771 18866 1:0 16158
15772 20407 21:0 15782
15774 18864 1:0 16168
15777 18834 1:0 16201
15777 18832 1:0 16281
15781 20406 21:0 15810
15783 18833 1:0 16289
15785 18831 1:0 16299
15804 18801 1:0 16332
15809 20438 21:0 15890
15811 18799 1:0 16412
15857 18800 1:0 16420
15898 18798 1:0 16430
15899 18768 1:0 16463
15908 18767 1:0 16543
15908 18766 1:0 16550
15914 18765 1:0 16561
15918 18735 1:0 16594
15935 18733 1:0 16674
16029 18734 1:0 16682
16030 18732 1:0 16692
16039 18700 1:0 16725
16039 18702 1:0 16805
16045 18701 1:0 16813
16049 18699 1:0 16823
16078 18669 1:0 16856
16160 18667 1:0 16936
16161 18668 1:0 16944
16170 18666 1:0 16954
16170 18634 1:0 16987
16176 18636 1:0 17067
16181 18635 1:0 17075
16209 18633 1:0 17085
16291 18603 1:0 17118
16292 18601 1:0 17198
16301 18602 1:0 17206
16301 18600 1:0 17216
16307 18570 1:0 17249
16312 18568 1:0 17329
16340 18569 1:0 17337
16422 18567 1:0 17347
16423 18537 1:0 17380
16432 18536 1:0 17460
16432 18535 1:0 17467
16438 18534 1:0 17478
16458 18504 1:0 17511
16471 18503 1:0 17591
16553 18502 1:0 17598
16554 18501 1:0 17609
16563 309 1:0 18939
17732 21363 21:0 17739
17771 21370 21:0 17787
17786 21372 21:0 17787
17786 21371 21:0 17787
17789 21385 21:0 17797
17796 21386 21:0 17847
17846 21387 21:0 17863
17862 21388 21:0 17873
17872 21418 21:0 17891
17890 21419 21:0 17939
17938 21421 21:0 17944
17943 21420 21:0 17963
17962 21451 21:0 18015
18014 21453 21:0 18020
18019 21452 21:0 18025
18024 21454 21:0 18091
18090 21484 21:0 18096
18095 21485 21:0 18101
18100 21486 21:0 18158
18157 21487 21:0 18172
18171 21517 21:0 18177
18176 21518 21:0 18232
18231 21519 21:0 18248
18247 21520 21:0 18253
18252 21550 21:0 18303
18302 21552 21:0 18319
18318 21551 21:0 18329
18328 21553 21:0 18347
18346 21583 21:0 18395
18394 21585 21:0 18400
18399 21584 21:0 18419
18418 21586 21:0 18471
18470 21616 21:0 18476
18475 21618 21:0 18481
18480 21617 21:0 18547
18546 21619 21:0 18552
18551 21649 21:0 18557
18556 21716 21:0 18615
18614 21717 21:0 18628
18627 21651 21:0 18633
18632 21650 21:0 18688
18687 21652 21:0 18704
18703 21682 21:0 18709
18708 21684 21:0 18759
18758 21683 21:0 18775
18774 21685 21:0 18785
18784 21715 21:0 18803
18802 21718 21:0 18851
18850 21748 21:0 18856
18855 21750 21:0 18875
18874 21749 21:0 18927
18926 21751 21:0 18932
18931 21781 21:0 18937
18936 21782 21:0 18946
18938 20438 1:0 18959
18945 21783 21:0 18954
18951 20406 1:0 18992
18952 20408 1:0 19072
18953 21784 21:0 18957
18955 20407 1:0 19080
18956 21814 21:0 18966
18958 20375 1:0 19123
18961 20373 1:0 19203
18961 20374 1:0 19211
18965 21364 21:0 18966
18965 21470 21:0 18966
18967 20372 1:0 19221
18967 20340 1:0 19254
18971 20342 1:0 19334
18980 309 21:0 18994
18993 21816 21:0 19071
18995 20341 1:0 19342
19041 20339 1:0 19352
19070 21815 21:0 19077
19070 20309 1:0 19385
19076 21817 21:0 19085
19082 20308 1:0 19465
19083 20307 1:0 19472
19083 20306 1:0 19483
19084 21847 21:0 19088
19087 21707 21:0 19094
19089 20276 1:0 19516
19092 20274 1:0 19596
19092 20275 1:0 19604
19093 21542 21:0 19094
19093 21594 21:0 19097
19095 20273 1:0 19614
19096 21848 21:0 19122
19098 20243 1:0 19647
19103 20241 1:0 19727
19119 20242 1:0 19735
19121 21849 21:0 19179
19131 20240 1:0 19745
19178 21509 21:0 19205
19180 20210 1:0 19778
19213 20209 1:0 19858
19214 20208 1:0 19865
19223 20207 1:0 19876
19223 20176 1:0 19909
19229 20177 1:0 19989
19233 20175 1:0 19996
19262 20174 1:0 20007
19344 20144 1:0 20040
19345 20142 1:0 20120
19354 20143 1:0 20128
19354 20141 1:0 20138
19360 20111 1:0 20171
19365 20109 1:0 20251
19393 20110 1:0 20259
19475 20108 1:0 20269
19476 20078 1:0 20302
19485 20077 1:0 20382
19485 20076 1:0 20389
19491 20075 1:0 20400
19496 20045 1:0 20433
19524 20044 1:0 20513
19606 20043 1:0 20520
19607 20042 1:0 20531
19616 20012 1:0 20564
19616 20010 1:0 20644
19622 20011 1:0 20652
19642 20009 1:0 20662
19655 19979 1:0 20695
19737 19977 1:0 20775
19738 19978 1:0 20783
19746 15022 21:0 19749
19747 19976 1:0 20793
19747 19944 1:0 20826
19753 19946 1:0 20906
19758 19945 1:0 20914
19773 310 1:0 22254
19786 19943 1:0 20924
19868 21849 1:0 22240
19869 21848 1:0 22250
20008 15136 21:0 20011
20045 15157 21:0 20077
20128 15189 21:0 20133
20139 15193 21:0 20142
20259 15246 21:0 20264
20542 15367 21:0 20566
20663 15421 21:0 20666
20673 15424 21:0 20697
20698 15424 1:0 22250
21039 3 21:0 21050
21049 15588 21:0 21050
21109 22829 21:0 21126
21125 22827 21:0 21178
21177 22830 21:0 21183
21185 22862 21:0 21202
21201 22863 21:0 21254
21253 22860 21:0 21259
21261 22895 21:0 21278
21277 22894 21:0 21330
21329 22893 21:0 21335
21337 22927 21:0 21354
21353 22926 21:0 21406
21405 22928 21:0 21411
21410 53 21:0 21416
21415 22946 21:0 21416
21416 22962 21:0 21482
21481 71 21:0 21482
21484 22992 21:0 21492
21491 22960 21:0 21542
21541 22959 21:0 21558
21557 22896 21:0 21568
21567 23025 21:0 21586
21585 22861 21:0 21634
21633 23026 21:0 21639
21638 22828 21:0 21658
21657 22961 21:0 21710
21709 22994 21:0 21715
21714 22929 21:0 21720
21719 23058 21:0 21786
21785 23028 21:0 21791
21790 22995 21:0 21796
21795 23125 21:0 21851
21850 23093 21:0 21867
21866 23059 21:0 21872
21871 23094 21:0 21927
21926 23060 21:0 21938
21937 23157 21:0 21948
21947 23158 21:0 21993
21992 23126 21:0 22014
22013 23160 21:0 22024
22023 23127 21:0 22039
22038 23192 21:0 22090
22089 23092 21:0 22095
22097 23258 21:0 22114
22113 23124 21:0 22166
22165 15 21:0 22171
22170 22951 21:0 22171
22170 203 21:0 22171
22170 22978 21:0 22176
22175 23268 21:0 22176
22175 23256 21:0 22226
22226 23308 21:0 22242
22241 23193 21:0 22247
22246 22977 21:0 22247
22246 107 21:0 22252
22248 23193 1:0 22259
22251 22885 21:0 22252
22251 105 21:0 22258
22253 23256 1:0 22270
22257 23045 21:0 22258
22257 23123 21:0 22261
22260 23274 21:0 22261
22266 15246 1:0 22270
22266 304 1:0 2509
22267 23124 1:0 22279
22267 15022 1:0 22279
22276 23258 1:0 22307
22276 21847 1:0 22387
22284 23092 1:0 22398
22295 310 21:0 22309
22302 105 1:0 22398
22315 23192 1:0 22407
22397 107 1:0 22407
22397 21509 1:0 22420
22397 21594 1:0 22532
22398 21817 1:0 22420
22407 21815 1:0 22492
22407 21816 1:0 22521
22413 21814 1:0 22532
22433 21784 1:0 22541
22434 21542 1:0 22541
22446 21707 1:0 22660
22528 23127 1:0 22569
22529 21783 1:0 22649
22538 21782 1:0 22656
22538 21781 1:0 22667
22544 23160 1:0 22672
22549 21751 1:0 22700
22564 21470 1:0 22791
22577 21749 1:0 22780
22659 21750 1:0 22788
22660 21748 1:0 22798
22660 203 1:0 22803
22669 23126 1:0 22803
22669 21718 1:0 22831
22677 21717 1:0 22911
22696 21716 1:0 22918
22708 21363 1:0 22922
22790 21715 1:0 22929
22791 23158 1:0 22934
22800 21685 1:0 22962
22800 21683 1:0 23042
22806 21684 1:0 23050
22808 15193 1:0 23053
22827 21682 1:0 23060
22921 23157 1:0 23065
22922 21652 1:0 23093
22922 21650 1:0 23173
22931 21651 1:0 23181
22931 15189 1:0 23184
22937 21649 1:0 23191
22942 23060 1:0 23196
22957 15157 1:0 23327
22970 21619 1:0 23224
23052 21617 1:0 23304
23053 21618 1:0 23312
23062 15136 1:0 23315
23062 21616 1:0 23322
23068 23094 1:0 23327
23073 21586 1:0 23355
23088 21364 1:0 23446
23101 21584 1:0 23435
23183 21585 1:0 23443
23184 21583 1:0 23453
23193 23059 1:0 23458
23193 21553 1:0 23486
23199 21551 1:0 23566
23219 21552 1:0 23574
23232 15421 1:0 23577
23314 21550 1:0 23584
23315 23093 1:0 23589
23324 21520 1:0 23617
23324 21519 1:0 23697
23330 21518 1:0 23704
23332 71 1:0 23708
23350 21517 1:0 23715
23445 23125 1:0 23720
23446 21487 1:0 23748
23446 21486 1:0 23828
23455 21485 1:0 23835
23455 15367 1:0 23839
23461 21484 1:0 23846
23466 22995 1:0 23851
23494 21454 1:0 23879
23576 21452 1:0 23959
23577 21453 1:0 23967
23586 53 1:0 23970
23586 21451 1:0 23977
23592 23028 1:0 23982
23596 21420 1:0 24010
23613 21421 1:0 24090
23625 15 1:0 24101
23707 21419 1:0 24097
23708 21418 1:0 24108
23717 23058 1:0 24113
23717 21388 1:0 24141
23723 21387 1:0 24221
23743 21386 1:0 24228
23744 21371 1:0 24232
23756 21372 1:0 24241
23756 21370 1:0 24254
23797 15588 1:0 24254
23838 21385 1:0 24239
23839 22929 1:0 24254
23848 22994 1:0 24326
23848 23274 1:0 24357
23848 23308 1:0 24368
23848 311 1:0 24352
23854 22961 1:0 24368
23856 11272 1:0 24368
23856 11267 1:0 24374
23859 11278 1:0 24374
23874 11266 1:0 24374
23875 11279 1:0 24377
23887 23268 1:0 24589
23887 11273 1:0 24377
23928 11414 1:0 24595
23969 11277 1:0 24405
23969 11276 1:0 24405
23970 11275 1:0 24456
23970 11274 1:0 24525
23970 11413 1:0 24598
23979 22828 1:0 24578
23979 23026 1:0 24589
23985 11421 1:0 24595
23987 11423 1:0 24598
23989 11420 1:0 24608
23989 11419 1:0 24608
24005 11426 1:0 24608
24006 11561 1:0 24816
24018 11424 1:0 24636
24100 11422 1:0 24680
24100 11425 1:0 24766
24101 22861 1:0 24810
24101 11570 1:0 24816
24110 11568 1:0 24819
24110 11567 1:0 24819
24110 11560 1:0 24829
24110 11569 1:0 24829
24110 11566 1:0 24829
24110 11573 1:0 24857
24116 11571 1:0 24901
24118 11572 1:0 24987
24120 11713 1:0 25031
24137 23025 1:0 25031
24149 11708 1:0 25037
24149 11707 1:0 25037
24149 11714 1:0 25040
24231 11720 1:0 25037
24231 11719 1:0 25040
24232 11717 1:0 25068
24232 11716 1:0 25068
24241 22830 1:0 25249
24241 11715 1:0 25119
24241 11718 1:0 25199
24247 11863 1:0 25252
24247 11862 1:0 25258
24251 11865 1:0 25261
24252 11860 1:0 25271
24267 11867 1:0 25271
24268 11861 1:0 25271
24280 11864 1:0 25299
24321 11866 1:0 25343
24364 11854 1:0 25369
24364 11855 1:0 25370
24364 12008 1:0 25473
24364 12010 1:0 25479
24365 22896 1:0 25462
24365 12001 1:0 25479
24365 12002 1:0 25479
24374 22893 1:0 25473
24374 12013 1:0 25482
24374 12007 1:0 25482
24380 12011 1:0 25510
24380 12014 1:0 25510
24384 12009 1:0 25561
24393 311 21:0 24407
24400 23123 1:0 25691
24401 12012 1:0 25641
24454 22959 1:0 25691
24467 12157 1:0 25694
24483 12158 1:0 25700
24484 12159 1:0 25703
24533 12148 1:0 25728
24533 12154 1:0 25728
24533 12149 1:0 25731
24533 12155 1:0 25741
24535 11274 21:0 24577
24543 12160 1:0 25731
24553 12156 1:0 25785
24576 11275 21:0 24580
24579 11277 21:0 24580
24579 11276 21:0 24588
24585 12161 1:0 25872
24585 12307 1:0 25915
24586 22928 1:0 25912
24586 12303 1:0 25921
24587 11279 21:0 24591
24589 12296 1:0 25924
24590 11273 21:0 24591
24590 11278 21:0 24591
24590 11267 21:0 24597
24592 12305 1:0 25924
24592 12304 1:0 25949
24592 12295 1:0 25949
24595 12301 1:0 25949
24595 12302 1:0 25952
24595 12308 1:0 26003
24595 12306 1:0 26083
24595 12442 1:0 26142
24596 11266 21:0 24597
24596 11272 21:0 24597
24598 22960 1:0 26125
24603 22926 1:0 26136
24605 23045 1:0 26136
24621 12451 1:0 26142
24622 12448 1:0 26145
24622 12443 1:0 26155
24634 12450 1:0 26145
24675 12449 1:0 26155
24683 12453 1:0 26155
24703 12452 1:0 26183
24704 12454 1:0 26227
24746 11419 21:0 24770
24754 12455 1:0 26314
24766 22962 1:0 26354
24774 12601 1:0 26357
24776 11425 21:0 24798
24797 11422 21:0 24801
24800 11424 21:0 24801
24800 11426 21:0 24809
24806 12597 1:0 26363
24806 12595 1:0 26366
24806 12590 1:0 26391
24806 12589 1:0 26391
24807 12602 1:0 26366
24807 12598 1:0 26391
24807 12596 1:0 26394
24808 11423 21:0 24812
24810 12599 1:0 26445
24811 11421 21:0 24812
24811 11420 21:0 24818
24813 22977 1:0 26564
24813 22978 1:0 26575
24813 12600 1:0 26525
24816 22860 1:0 26575
24816 12736 1:0 26575
24816 12743 1:0 26587
24816 12737 1:0 26597
24817 11414 21:0 24818
24817 11413 21:0 24818
24819 22992 1:0 26582
24822 12746 1:0 26584
24824 12745 1:0 26587
24827 12744 1:0 26597
24842 12742 1:0 26597
24843 12749 1:0 26625
24855 12747 1:0 26669
24896 12748 1:0 26755
24909 22946 1:0 26788
24925 22927 1:0 26799
24926 12889 1:0 26799
24937 11560 21:0 24981
24975 22951 1:0 26799
24975 12884 1:0 26805
24977 12890 1:0 26805
24985 12895 1:0 26805
24995 12883 1:0 26808
24995 13031 1:0 27029
24997 11572 21:0 25019
25018 11571 21:0 25022
25021 11573 21:0 25022
25021 11569 21:0 25030
25027 12891 1:0 26808
25027 12896 1:0 26836
25028 12892 1:0 26836
25028 12894 1:0 26887
25028 12893 1:0 26966
25029 11568 21:0 25033
25031 13042 1:0 27020
25032 11570 21:0 25033
25032 11566 21:0 25039
25034 22894 1:0 27017
25037 13043 1:0 27026
25037 13041 1:0 27029
25037 13037 1:0 27054
25037 13038 1:0 27054
25037 13030 1:0 27054
25037 13036 1:0 27057
25038 11561 21:0 25039
25038 11567 21:0 25039
25040 13040 1:0 27108
25043 13039 1:0 27178
25045 22885 1:0 27227
25063 22895 1:0 27235
25064 13183 1:0 27241
25117 22863 1:0 27241
25130 13189 1:0 27247
25145 13178 1:0 27247
25145 13184 1:0 27247
25146 13188 1:0 27250
25146 13177 1:0 27250
25155 11708 21:0 25201
25196 13185 1:0 27278
25205 11718 21:0 25240
25206 13190 1:0 27278
25216 13186 1:0 27329
25239 11715 21:0 25243
25242 11716 21:0 25243
25242 11717 21:0 25251
25248 13187 1:0 27408
25248 13333 1:0 27462
25249 22862 1:0 27456
25249 13332 1:0 27468
25250 11719 21:0 25254
25252 13336 1:0 27471
25253 11720 21:0 25254
25253 11714 21:0 25254
25253 11707 21:0 25260
25255 3 1:0 27689
25255 13334 1:0 27496
25255 13330 1:0 27496
25255 13331 1:0 27496
25255 13325 1:0 27499
25255 13324 1:0 27508
25258 22829 1:0 27677
25258 13335 1:0 27553
25258 13337 1:0 27640
25259 11713 21:0 25260
25264 22827 1:0 27683
25266 13571 1:0 27692
25266 13471 1:0 27689
25269 13480 1:0 27689
25284 13478 1:0 27692
25285 13479 1:0 27692
25297 13482 1:0 27702
25338 13477 1:0 27702
25338 13472 1:0 27702
25351 13481 1:0 27730
25367 13484 1:0 27774
25367 13483 1:0 27860
25368 13572 1:0 27901
25376 11855 21:0 25422
25439 11866 21:0 25461
25460 11864 21:0 25464
25463 11867 21:0 25464
25463 11865 21:0 25472
25471 11862 21:0 25475
25474 11863 21:0 25475
25474 11854 21:0 25481
25480 11861 21:0 25481
25480 11860 21:0 25481
25597 12002 21:0 25643
25647 12012 21:0 25682
25681 12009 21:0 25685
25684 12014 21:0 25685
25684 12011 21:0 25693
25692 12013 21:0 25696
25695 12010 21:0 25696
25695 12007 21:0 25696
25695 12001 21:0 25702
25701 12008 21:0 25702
25848 12155 21:0 25873
25878 12161 21:0 25903
25902 12156 21:0 25906
25905 12160 21:0 25906
25905 12149 21:0 25914
25913 12159 21:0 25914
25913 12158 21:0 25917
25916 12157 21:0 25923
25922 12148 21:0 25923
25922 12154 21:0 25923
26042 12295 21:0 26086
26089 12306 21:0 26124
26123 12308 21:0 26127
26126 12302 21:0 26127
26126 12304 21:0 26132
26131 12305 21:0 26135
26134 12303 21:0 26138
26137 12307 21:0 26138
26137 12301 21:0 26144
26143 12296 21:0 26144
26290 12449 21:0 26315
26320 12455 21:0 26345
26344 12454 21:0 26348
26347 12452 21:0 26348
26347 12453 21:0 26356
26355 12450 21:0 26359
26358 12451 21:0 26359
26358 12443 21:0 26365
26364 12442 21:0 26365
26364 12448 21:0 26365
26481 12590 21:0 26527
26531 12600 21:0 26566
26565 12599 21:0 26569
26568 12596 21:0 26569
26568 12598 21:0 26574
26573 12602 21:0 26577
26576 12597 21:0 26580
26579 12601 21:0 26580
26579 12589 21:0 26586
26585 12595 21:0 26586
26735 12742 21:0 26759
26765 12748 21:0 26787
26786 12747 21:0 26790
26789 12749 21:0 26790
26789 12744 21:0 26798
26797 12745 21:0 26801
26800 12746 21:0 26801
26800 12737 21:0 26807
26806 12743 21:0 26807
26806 12736 21:0 26807
26926 12883 21:0 26970
26976 12893 21:0 27008
27007 12894 21:0 27011
27010 12892 21:0 27011
27010 12896 21:0 27019
27018 12891 21:0 27022
27021 12884 21:0 27022
27021 12895 21:0 27022
27021 12890 21:0 27028
27027 12889 21:0 27028
27184 13039 21:0 27229
27228 13040 21:0 27232
27231 13036 21:0 27232
27231 13030 21:0 27232
27231 13038 21:0 27240
27239 13041 21:0 27240
27239 13043 21:0 27243
27242 13042 21:0 27249
27248 13037 21:0 27249
27248 13031 21:0 27249
27368 13177 21:0 27412
27418 13187 21:0 27450
27449 13186 21:0 27453
27452 13190 21:0 27453
27452 13185 21:0 27461
27460 13188 21:0 27464
27463 13184 21:0 27464
27463 13189 21:0 27464
27463 13178 21:0 27470
27469 13183 21:0 27470
27589 13324 21:0 27633
27646 13337 21:0 27671
27670 13335 21:0 27674
27673 13325 21:0 27674
27673 13334 21:0 27682
27681 13336 21:0 27682
27681 13332 21:0 27685
27684 13331 21:0 27685
27684 13333 21:0 27691
27690 13330 21:0 27691
27807 13472 21:0 27853
27870 13483 21:0 92
