157 28652 0:0 159
157 28653 0:0 159
157 28654 0:0 159
158 28744 0:0 159
158 28649 0:0 159
158 28745 0:0 159
158 28643 0:0 159
158 349 0:0 159
158 28651 0:0 159
158 28650 0:0 159
158 28648 0:0 159
158 28642 0:0 159
213 28849 0:0 216
218 28850 21:0 276
220 28851 0:0 221
275 28852 0:0 287
289 28882 21:0 297
294 28883 0:0 297
296 28884 0:0 297
297 28885 21:0 363
365 28915 0:0 368
370 28917 21:0 428
372 28916 0:0 373
427 28918 0:0 439
441 28948 0:0 444
446 28950 21:0 504
448 28949 0:0 449
503 28951 0:0 515
517 28981 21:0 525
522 28983 0:0 525
524 28982 0:0 525
525 28984 21:0 591
593 29014 21:0 601
600 29016 0:0 601
600 29015 0:0 601
601 29017 21:0 667
669 29047 21:0 677
676 29048 0:0 677
676 29049 0:0 677
677 29050 21:0 743
745 29080 0:0 748
750 29082 21:0 808
752 29081 0:0 753
807 29083 0:0 819
821 29113 0:0 824
826 29115 21:0 884
828 29114 0:0 829
883 29116 0:0 895
897 29146 0:0 900
902 29148 21:0 960
904 29147 0:0 905
959 29149 0:0 971
973 29179 21:0 981
980 29181 0:0 981
980 29180 21:0 1047
1045 29182 0:0 1047
1049 29212 0:0 1052
1054 29213 21:0 1112
1056 29214 0:0 1057
1111 29215 0:0 1123
1125 29245 0:0 1128
1130 29247 21:0 1188
1132 29246 0:0 1133
1187 29248 0:0 1199
1201 29278 21:0 1209
1206 29279 0:0 1209
1208 29280 0:0 1209
1209 29281 21:0 1275
1277 29311 21:0 1285
1284 29312 0:0 1285
1284 29313 21:0 1351
1358 29346 21:0 1416
1415 29347 0:0 1427
1434 29378 21:0 1492
1533 29423 21:0 1543
1571 29378 1:0 1690
1572 29347 1:0 1806
1572 29346 1:0 1813
1580 29312 1:0 1934
1580 29313 1:0 1935
1590 29311 1:0 1944
1693 29281 1:0 2050
1694 29279 1:0 2056
1694 29280 1:0 2057
1702 29278 1:0 2066
1708 29248 1:0 2172
1726 29247 1:0 2179
1815 29246 1:0 2178
1816 29245 1:0 2188
1824 29215 1:0 2294
1824 29213 1:0 2300
1830 29214 1:0 2301
1937 29212 1:0 2310
1938 29182 1:0 2416
1938 29180 1:0 2422
1946 29181 1:0 2423
1952 29179 1:0 2432
1970 29149 1:0 2538
2058 29675 21:0 2062
2059 29148 1:0 2545
2060 29147 1:0 2544
2060 29146 1:0 2554
2068 29116 1:0 2660
2074 29115 1:0 2667
2077 29682 21:0 2099
2092 29114 1:0 2666
2181 29113 1:0 2676
2182 29083 1:0 2782
2190 29081 1:0 2788
2190 29082 1:0 2789
2196 29080 1:0 2798
2215 29050 1:0 2904
2303 29048 1:0 2910
2304 29049 1:0 2911
2312 29047 1:0 2920
2312 29017 1:0 3026
2318 29016 1:0 3033
2321 29796 21:0 2343
2425 29015 1:0 3032
2426 29014 1:0 3042
2426 28984 1:0 3148
2434 28982 1:0 3154
2434 28983 1:0 3155
2444 28981 1:0 3164
2547 28951 1:0 3270
2548 28950 1:0 3277
2556 28949 1:0 3276
2556 28948 1:0 3286
2562 28918 1:0 3392
2581 28917 1:0 3399
2669 28916 1:0 3398
2670 28915 1:0 3408
2678 28885 1:0 3514
2678 28884 1:0 3521
2684 28883 1:0 3520
2688 26143 1:0 58136
2791 28882 1:0 3530
2792 28852 1:0 3636
2792 28850 1:0 3642
2800 28851 1:0 3643
2800 335 1:0 3756
2806 28849 1:0 3652
3053 30138 21:0 3075
3522 30359 21:0 3526
3663 30423 21:0 3685
3754 334 21:0 3804
3804 30486 21:0 3820
3822 30500 21:0 3830
3829 30501 0:0 3830
3829 30502 0:0 3830
3830 30503 21:0 3896
3843 30511 0:0 3844
3896 29 21:0 3901
3898 30533 0:0 3901
3903 30535 21:0 3961
3905 30534 0:0 3906
3960 30536 0:0 3972
3974 30566 21:0 3982
3981 30568 0:0 3982
3981 30567 21:0 4048
4036 30584 0:0 4037
4046 30569 0:0 4048
4050 30599 0:0 4053
4055 30601 21:0 4113
4057 30600 0:0 4058
4071 30610 0:0 4072
4112 30615 21:0 4124
4112 30602 0:0 4124
4123 30619 0:0 4124
4123 30630 21:0 4124
4126 30632 21:0 4134
4133 87 0:0 4134
4133 30633 0:0 4134
4133 30634 21:0 4200
4188 30651 0:0 4189
4198 30635 0:0 4200
4200 101 21:0 4205
4202 30665 0:0 4205
4207 30666 21:0 4265
4208 105 0:0 4210
4209 30667 0:0 4210
4264 30668 0:0 4276
4276 119 21:0 4281
4278 30698 0:0 4281
4283 30700 21:0 4341
4285 30699 0:0 4286
4334 30710 0:0 4336
4340 30717 0:0 4341
4340 30701 0:0 4352
4341 30718 21:0 4352
4354 30731 0:0 4357
4359 30733 21:0 4417
4360 141 0:0 4362
4361 30732 0:0 4362
4375 30742 0:0 4376
4416 30734 0:0 4428
4430 30764 21:0 4438
4437 30766 0:0 4438
4437 30765 0:0 4438
4438 30767 21:0 4504
4492 30782 0:0 4493
4506 30797 21:0 4514
4511 30798 0:0 4514
4511 30799 0:0 4514
4513 177 0:0 4514
4514 30800 21:0 4580
4527 30808 0:0 4528
4568 30816 0:0 4569
4568 30813 0:0 4569
4568 30815 0:0 4569
4582 30830 21:0 4590
4589 30831 0:0 4590
4589 30832 21:0 4656
4603 30841 0:0 4604
4654 30833 0:0 4656
4655 30850 0:0 4656
4658 30863 21:0 4666
4665 30865 0:0 4666
4665 30864 21:0 4732
4720 30881 0:0 4721
4730 30866 0:0 4732
4734 30896 21:0 4742
4741 30897 0:0 4742
4741 231 0:0 4742
4741 30898 0:0 4742
4742 30899 21:0 4808
4796 30912 0:0 4797
4796 30915 0:0 4797
4810 30929 0:0 4813
4815 30931 21:0 4873
4816 30928 0:0 4818
4817 30930 0:0 4818
4872 30932 0:0 4884
4886 30962 21:0 4894
4893 30964 0:0 4894
4893 30963 21:0 4960
4958 30965 0:0 4960
4962 30995 21:0 4970
4969 30997 0:0 4970
4969 30996 21:0 5036
5034 30998 0:0 5036
5038 31028 21:0 5046
5045 31029 0:0 5046
5045 31030 21:0 5112
5110 31031 0:0 5112
5142 31074 21:0 5152
5183 31031 1:0 5304
5184 31030 1:0 5312
5193 31029 1:0 5311
5193 31028 1:0 5322
5199 30998 1:0 5435
5219 30996 1:0 5442
5314 30997 1:0 5443
5315 30995 1:0 5453
5315 30965 1:0 5566
5324 30963 1:0 5573
5324 30964 1:0 5574
5332 30962 1:0 5584
5335 29675 1:0 5697
5350 30928 1:0 5708
5445 30932 1:0 5697
5446 30930 1:0 5704
5446 30931 1:0 5705
5455 30929 1:0 5715
5455 29682 1:0 5720
5455 30912 1:0 5750
5455 30915 1:0 5750
5461 30899 1:0 5828
5482 30897 1:0 5835
5494 231 1:0 5841
5576 30898 1:0 5836
5577 30896 1:0 5846
5577 30881 1:0 5885
5586 30866 1:0 5959
5586 30864 1:0 5966
5592 30865 1:0 5967
5613 30863 1:0 5977
5625 29796 1:0 5986
5707 30850 1:0 6007
5707 30841 1:0 6069
5708 30833 1:0 6090
5708 30832 1:0 6098
5716 29679 21:0 5719
5717 30831 1:0 6097
5717 30830 1:0 6108
5723 30800 1:0 6221
5725 30815 1:0 6143
5728 30816 1:0 6143
5743 30813 1:0 6143
5744 30808 1:0 6200
5756 177 1:0 6234
5838 30798 1:0 6228
5839 30799 1:0 6229
5839 30782 1:0 6274
5848 30797 1:0 6239
5848 30767 1:0 6352
5854 30766 1:0 6360
5875 30765 1:0 6359
5887 30742 1:0 6462
5969 30764 1:0 6370
5970 30734 1:0 6483
5970 141 1:0 6496
5979 30732 1:0 6490
5979 30733 1:0 6491
5985 30731 1:0 6501
5987 30718 1:0 6531
5990 30717 1:0 6540
6005 30710 1:0 6566
6006 119 1:0 6636
6098 29846 21:0 6103
6100 30701 1:0 6614
6101 30699 1:0 6621
6101 30700 1:0 6622
6109 29850 21:0 6112
6110 30698 1:0 6632
6110 30668 1:0 6745
6116 30666 1:0 6752
6137 30667 1:0 6753
6149 105 1:0 6758
6231 30665 1:0 6763
6232 101 1:0 6767
6232 30138 1:0 6772
6232 30651 1:0 6802
6241 30635 1:0 6876
6241 30634 1:0 6884
6247 30633 1:0 6883
6252 30632 1:0 6894
6267 87 1:0 6889
6268 30630 1:0 6904
6280 30619 1:0 6924
6362 30615 1:0 6933
6362 30610 1:0 6986
6363 30602 1:0 7007
6363 30601 1:0 7015
6372 30600 1:0 7014
6372 30599 1:0 7025
6378 30584 1:0 7064
6383 30569 1:0 7138
6398 30359 1:0 7269
6493 30567 1:0 7145
6494 30568 1:0 7146
6494 30566 1:0 7156
6503 30536 1:0 7269
6503 30535 1:0 7277
6511 30534 1:0 7276
6542 30533 1:0 7287
6624 29 1:0 7291
6624 30511 1:0 7379
6625 30503 1:0 7400
6625 30501 1:0 7407
6634 30502 1:0 7408
6634 30500 1:0 7418
6640 30423 1:0 7427
6640 30486 1:0 7457
6640 336 1:0 7529
7026 30249 21:0 7029
7527 335 21:0 7577
7575 32130 0:0 7577
7577 32137 21:0 7593
7595 32151 21:0 7603
7602 32153 0:0 7603
7602 32152 0:0 7603
7603 32154 21:0 7669
7657 32167 0:0 7658
7671 32184 21:0 7679
7678 32186 0:0 7679
7678 32185 21:0 7745
7691 31 0:0 7693
7743 32187 0:0 7745
7744 32189 21:0 7750
7747 32217 0:0 7750
7752 32218 21:0 7810
7754 32219 0:0 7755
7803 32229 0:0 7805
7809 32220 0:0 7821
7809 32235 21:0 7821
7823 32250 21:0 7831
7830 32252 0:0 7831
7830 32251 21:0 7897
7885 32268 0:0 7886
7895 32253 0:0 7897
7899 32283 21:0 7907
7904 32284 0:0 7907
7906 32285 0:0 7907
7907 32286 21:0 7973
7961 32299 0:0 7962
7975 32316 21:0 7983
7976 101 0:0 7978
7980 32317 0:0 7983
7980 32318 0:0 7983
7983 32319 21:0 8049
8048 32336 0:0 8049
8051 32349 21:0 8059
8058 32350 0:0 8059
8058 32351 0:0 8059
8059 32352 21:0 8125
8071 32341 0:0 8073
8071 121 0:0 8073
8113 32365 0:0 8114
8113 32367 0:0 8114
8127 32382 21:0 8135
8134 32384 0:0 8135
8134 32383 21:0 8201
8189 32398 0:0 8190
8199 32385 0:0 8201
8203 32415 21:0 8211
8210 32417 0:0 8211
8210 159 0:0 8211
8210 32416 0:0 8211
8211 32418 21:0 8277
8265 32433 0:0 8266
8276 32435 0:0 8277
8276 32446 21:0 8282
8279 32448 0:0 8282
8284 32450 21:0 8342
8285 177 0:0 8287
8286 32449 0:0 8287
8341 32451 0:0 8353
8342 32468 21:0 8353
8355 32481 0:0 8358
8360 32483 21:0 8418
8362 32482 0:0 8363
8417 32500 0:0 8418
8417 32484 0:0 8429
8426 32512 21:0 8429
8431 32514 21:0 8439
8432 209 0:0 8434
8438 32516 0:0 8439
8438 32515 0:0 8439
8439 32517 21:0 8505
8493 32533 0:0 8494
8504 32519 0:0 8505
8507 32547 21:0 8515
8514 231 0:0 8515
8514 32548 0:0 8515
8514 32549 0:0 8515
8515 32550 21:0 8581
8527 32539 0:0 8529
8527 229 0:0 8529
8569 32565 0:0 8570
8583 32580 0:0 8586
8588 32582 21:0 8646
8590 32581 0:0 8591
8639 32592 0:0 8641
8645 32583 0:0 8657
8646 32600 21:0 8657
8659 32613 21:0 8667
8666 32614 0:0 8667
8666 32615 21:0 8733
8731 32616 0:0 8733
8735 32646 21:0 8743
8742 32648 0:0 8743
8742 32647 21:0 8809
8807 32649 0:0 8809
8811 32679 21:0 8819
8818 32681 0:0 8819
8818 32680 21:0 8885
8883 32682 0:0 8885
8915 32725 21:0 8925
8956 32682 1:0 9077
8957 32680 1:0 9084
8966 32681 1:0 9085
8966 32679 1:0 9095
8972 32649 1:0 9208
8992 32647 1:0 9215
9087 32648 1:0 9216
9088 32646 1:0 9226
9088 32616 1:0 9339
9097 32614 1:0 9346
9097 32615 1:0 9347
9105 32613 1:0 9357
9108 32600 1:0 9387
9123 32592 1:0 9422
9218 32583 1:0 9470
9219 32581 1:0 9477
9219 32582 1:0 9478
9228 29679 1:0 9487
9228 32580 1:0 9488
9228 32565 1:0 9523
9228 229 1:0 9603
9234 32550 1:0 9601
9255 32549 1:0 9609
9267 231 1:0 9614
9349 32548 1:0 9608
9350 32547 1:0 9619
9350 32539 1:0 9626
9350 32533 1:0 9654
9359 32519 1:0 9716
9359 32517 1:0 9732
9365 32516 1:0 9740
9370 32515 1:0 9739
9385 209 1:0 9754
9386 32512 1:0 9760
9398 32500 1:0 9789
9480 32514 1:0 9750
9481 32484 1:0 9863
9481 29846 1:0 9863
9481 29850 1:0 9880
9490 32482 1:0 9870
9490 32483 1:0 9871
9498 32481 1:0 9881
9499 29682 21:0 9523
9501 32468 1:0 9911
9529 32451 1:0 9994
9611 32450 1:0 10002
9612 32449 1:0 10001
9612 177 1:0 10007
9612 32446 1:0 10017
9621 32448 1:0 10012
9621 32418 1:0 10125
9627 32435 1:0 10018
9627 32433 1:0 10047
9647 32417 1:0 10133
9648 159 1:0 10138
9660 32398 1:0 10182
9742 32416 1:0 10132
9743 32415 1:0 10143
9752 32385 1:0 10256
9752 32383 1:0 10263
9758 32384 1:0 10264
9778 32382 1:0 10274
9779 32367 1:0 10309
9791 32365 1:0 10309
9873 32352 1:0 10387
9874 121 1:0 10389
9874 32350 1:0 10394
9874 32341 1:0 10412
9882 29850 21:0 9885
9883 32351 1:0 10395
9883 32349 1:0 10405
9889 32319 1:0 10518
9891 32336 1:0 10411
9922 32317 1:0 10525
10002 29903 21:0 10007
10004 32318 1:0 10526
10005 32316 1:0 10536
10005 101 1:0 10540
10005 32299 1:0 10571
10014 32286 1:0 10649
10014 32285 1:0 10657
10020 32284 1:0 10656
10022 32268 1:0 10706
10023 29910 21:0 10047
10041 32283 1:0 10667
10053 30249 1:0 10780
10133 29960 21:0 10138
10135 32253 1:0 10780
10136 32251 1:0 10787
10136 32235 1:0 10837
10136 32229 1:0 10863
10145 32252 1:0 10788
10145 32250 1:0 10798
10151 32220 1:0 10911
10172 32218 1:0 10918
10184 32189 1:0 11026
10266 32219 1:0 10919
10267 32217 1:0 10929
10267 31 1:0 11044
10276 32187 1:0 11042
10276 32185 1:0 11049
10282 32186 1:0 11050
10303 32184 1:0 11060
10315 32167 1:0 11095
10397 32154 1:0 11173
10398 32152 1:0 11180
10398 32137 1:0 11230
10398 32130 1:0 11256
10407 32153 1:0 11181
10407 32151 1:0 11191
10413 337 1:0 11302
10940 30309 21:0 10964
11050 30359 21:0 11055
11300 336 21:0 11350
11350 33785 21:0 11366
11368 33802 21:0 11376
11375 33803 0:0 11376
11375 33801 0:0 11376
11375 33804 0:0 11376
11376 33805 21:0 11442
11388 33794 0:0 11390
11424 33814 0:0 11426
11441 33833 21:0 11447
11444 33835 0:0 11447
11449 33837 21:0 11507
11451 33836 0:0 11452
11464 33827 0:0 11466
11500 33847 0:0 11502
11506 33851 21:0 11518
11506 33838 0:0 11518
11520 33868 21:0 11528
11521 47 0:0 11523
11527 33869 0:0 11528
11527 33870 0:0 11528
11527 33867 0:0 11528
11528 33871 21:0 11594
11596 33901 21:0 11604
11603 33903 0:0 11604
11603 33902 0:0 11604
11603 69 0:0 11604
11604 33904 21:0 11670
11616 67 0:0 11618
11672 33934 21:0 11680
11679 33933 0:0 11680
11679 33936 0:0 11680
11679 33935 21:0 11746
11744 33937 0:0 11746
11745 33965 0:0 11746
11748 33967 21:0 11756
11749 101 0:0 11751
11753 33968 0:0 11756
11753 33969 0:0 11756
11756 33970 21:0 11822
11804 33979 0:0 11806
11824 34000 21:0 11832
11825 119 0:0 11827
11829 34002 0:0 11832
11829 34001 0:0 11832
11831 33999 0:0 11832
11832 34003 21:0 11898
11886 34019 0:0 11887
11900 34033 0:0 11903
11905 34035 21:0 11963
11906 34032 0:0 11908
11907 34034 0:0 11908
11962 34036 0:0 11974
11976 34066 0:0 11979
11981 34068 21:0 12039
11983 34067 0:0 11984
12038 34084 0:0 12039
12038 34069 0:0 12050
12041 34071 21:0 12050
12052 34099 21:0 12060
12059 34101 0:0 12060
12059 34100 21:0 12126
12114 34117 0:0 12115
12124 34102 0:0 12126
12128 34132 21:0 12136
12133 34133 0:0 12136
12133 34134 0:0 12136
12135 34131 0:0 12136
12136 34135 21:0 12202
12190 34148 0:0 12191
12204 34165 21:0 12212
12211 34166 0:0 12212
12211 34167 21:0 12278
12225 34176 0:0 12226
12266 34184 0:0 12267
12276 34168 0:0 12278
12280 34198 21:0 12288
12287 34199 0:0 12288
12287 34200 21:0 12354
12352 34201 0:0 12354
12356 34231 0:0 12359
12361 34232 21:0 12419
12362 249 0:0 12364
12363 34233 0:0 12364
12377 34242 0:0 12378
12418 34247 21:0 12430
12418 34234 0:0 12430
12432 34264 21:0 12440
12439 34266 0:0 12440
12439 34265 21:0 12506
12504 34267 0:0 12506
12508 34297 21:0 12516
12515 34298 0:0 12516
12515 34299 21:0 12582
12580 34300 0:0 12582
12584 34330 21:0 12592
12591 34331 0:0 12592
12591 34332 21:0 12658
12656 34333 0:0 12658
12688 34376 21:0 12698
12729 34333 1:0 12850
12730 34332 1:0 12858
12739 34331 1:0 12857
12739 34330 1:0 12868
12745 34300 1:0 12981
12765 34299 1:0 12989
12860 34298 1:0 12988
12861 34297 1:0 12999
12861 34267 1:0 13112
12870 34265 1:0 13119
12870 34266 1:0 13120
12878 34264 1:0 13130
12881 34247 1:0 13169
12896 34242 1:0 13222
12991 34234 1:0 13243
12992 34232 1:0 13250
12992 34233 1:0 13251
13001 249 1:0 13256
13001 34231 1:0 13261
13001 29682 1:0 13270
13007 34201 1:0 13374
13010 29568 21:0 13034
13027 34200 1:0 13382
13028 34184 1:0 13431
13122 34199 1:0 13381
13123 34198 1:0 13392
13123 34168 1:0 13505
13132 34176 1:0 13484
13132 34167 1:0 13513
13138 34166 1:0 13512
13143 34165 1:0 13523
13158 34148 1:0 13558
13159 29850 1:0 13647
13171 34131 1:0 13647
13253 34135 1:0 13636
13254 34134 1:0 13644
13254 34117 1:0 13693
13263 34133 1:0 13643
13263 34132 1:0 13654
13269 34102 1:0 13767
13271 29903 1:0 13767
13302 34100 1:0 13774
13384 34101 1:0 13775
13385 34099 1:0 13785
13385 29910 1:0 13794
13385 29960 1:0 13869
13394 34084 1:0 13824
13394 34071 1:0 13882
13394 34069 1:0 13898
13400 34068 1:0 13906
13420 34067 1:0 13905
13515 34066 1:0 13916
13516 34036 1:0 14029
13516 34035 1:0 14037
13525 34034 1:0 14036
13525 34032 1:0 14040
13531 34033 1:0 14047
13536 34003 1:0 14160
13551 34019 1:0 14082
13552 33999 1:0 14171
13564 119 1:0 14182
13646 34001 1:0 14167
13647 34002 1:0 14168
13647 33979 1:0 14213
13656 34000 1:0 14178
13656 33970 1:0 14291
13662 33968 1:0 14298
13683 33969 1:0 14299
13695 101 1:0 14313
13777 33967 1:0 14309
13778 33965 1:0 14319
13778 33937 1:0 14422
13778 33933 1:0 14433
13787 33935 1:0 14429
13787 33936 1:0 14430
13795 33934 1:0 14440
13826 33904 1:0 14553
13906 29960 21:0 13911
13908 67 1:0 14555
13908 69 1:0 14566
13908 33867 1:0 14695
13909 33902 1:0 14560
13909 33903 1:0 14561
13918 33901 1:0 14571
13918 33871 1:0 14684
13926 33869 1:0 14691
13927 29967 21:0 13951
13945 33870 1:0 14692
13957 47 1:0 14706
14037 30017 21:0 14042
14039 33868 1:0 14702
14040 30309 1:0 14711
14040 33851 1:0 14741
14040 33847 1:0 14767
14040 30359 1:0 14815
14049 33838 1:0 14815
14049 33837 1:0 14823
14055 33836 1:0 14822
14058 30024 21:0 14082
14060 33835 1:0 14833
14075 33833 1:0 14838
14076 33827 1:0 14840
14076 33814 1:0 14868
14088 33801 1:0 14957
14170 33805 1:0 14946
14171 33803 1:0 14953
14171 33794 1:0 14979
14171 33785 1:0 15003
14180 33804 1:0 14954
14180 33802 1:0 14964
14186 338 1:0 15075
14582 30252 21:0 14606
14834 30363 21:0 14837
14965 30420 21:0 14968
15073 337 21:0 15123
15130 338 21:0 15139
15141 35453 21:0 15149
15148 35455 0:0 15149
15148 35454 21:0 15215
15161 35445 0:0 15163
15213 35456 0:0 15215
15217 35486 0:0 15220
15222 35488 21:0 15280
15224 35487 0:0 15225
15273 35498 0:0 15275
15279 35489 0:0 15291
15288 35517 21:0 15291
15293 35519 21:0 15301
15300 35521 0:0 15301
15300 35520 21:0 15367
15365 35522 0:0 15367
15366 35524 0:0 15367
15369 35552 21:0 15377
15370 65 0:0 15372
15374 35553 0:0 15377
15374 35554 0:0 15377
15377 35555 21:0 15443
15442 35572 0:0 15443
15442 35557 21:0 15448
15445 35585 0:0 15448
15447 35583 21:0 15448
15450 35586 21:0 15508
15452 35587 0:0 15453
15465 35577 0:0 15467
15465 85 0:0 15467
15501 35597 0:0 15503
15507 35588 0:0 15519
15521 35618 21:0 15529
15526 35619 0:0 15529
15526 35620 0:0 15529
15528 35617 0:0 15529
15529 35621 21:0 15595
15594 35638 0:0 15595
15597 35651 21:0 15605
15602 35652 0:0 15605
15604 35653 0:0 15605
15605 35654 21:0 15671
15653 35663 0:0 15655
15659 35669 0:0 15660
15670 35656 21:0 15676
15673 35684 0:0 15676
15678 35685 21:0 15736
15680 35686 0:0 15681
15693 139 0:0 15695
15729 35696 0:0 15731
15735 35687 0:0 15747
15749 35717 21:0 15757
15756 35718 0:0 15757
15756 159 0:0 15757
15756 35719 21:0 15823
15821 35720 0:0 15823
15822 35737 0:0 15823
15825 35750 0:0 15828
15830 35752 21:0 15888
15832 35751 0:0 15833
15845 175 0:0 15847
15887 35753 0:0 15899
15896 35781 21:0 15899
15901 35783 0:0 15904
15906 35784 21:0 15964
15908 35785 0:0 15909
15963 35786 0:0 15975
15964 35803 21:0 15975
15977 35816 0:0 15980
15982 35818 21:0 16040
15983 213 0:0 15985
15984 35817 0:0 15985
15997 211 0:0 15999
15997 35808 0:0 15999
16039 35819 0:0 16051
16053 35849 21:0 16061
16060 35850 0:0 16061
16060 35851 21:0 16127
16125 35852 0:0 16127
16126 35880 21:0 16132
16129 35882 0:0 16132
16134 35884 21:0 16192
16136 35883 0:0 16137
16149 35874 0:0 16151
16191 35885 0:0 16203
16205 35915 21:0 16213
16212 35917 0:0 16213
16212 35916 21:0 16279
16277 35918 0:0 16279
16281 35948 21:0 16289
16288 35950 0:0 16289
16288 35949 21:0 16355
16353 35951 0:0 16355
16357 35981 21:0 16365
16364 35983 0:0 16365
16364 35982 21:0 16431
16429 35984 0:0 16431
16461 36027 21:0 16471
16502 35984 1:0 16623
16503 35982 1:0 16630
16512 35983 1:0 16631
16512 35981 1:0 16641
16518 35951 1:0 16754
16538 35949 1:0 16761
16539 29568 1:0 16781
16633 35950 1:0 16762
16634 35948 1:0 16772
16643 35918 1:0 16885
16643 35916 1:0 16892
16649 35917 1:0 16893
16654 35915 1:0 16903
16669 35880 1:0 17044
16764 35885 1:0 17016
16765 35883 1:0 17023
16765 35884 1:0 17024
16774 35882 1:0 17034
16774 35874 1:0 17049
16780 35852 1:0 17147
16785 35851 1:0 17155
16800 211 1:0 17280
16895 35850 1:0 17154
16896 35849 1:0 17165
16896 35819 1:0 17278
16905 35817 1:0 17285
16905 35818 1:0 17286
16911 213 1:0 17291
16916 35816 1:0 17296
16931 35808 1:0 17311
16932 35803 1:0 17326
16944 35781 1:0 17437
17026 35786 1:0 17409
17027 35784 1:0 17416
17027 175 1:0 17542
17036 35785 1:0 17417
17036 35783 1:0 17427
17042 35753 1:0 17540
17063 35752 1:0 17548
17075 35737 1:0 17588
17155 29732 21:0 17160
17157 35751 1:0 17547
17158 35750 1:0 17558
17158 29960 1:0 17671
17167 35720 1:0 17671
17167 35719 1:0 17679
17173 35718 1:0 17678
17176 29739 21:0 17200
17193 35717 1:0 17689
17194 159 1:0 17684
17194 29967 1:0 17698
17206 35696 1:0 17754
17286 29789 21:0 17291
17288 30017 1:0 17802
17288 139 1:0 17804
17288 30024 1:0 17822
17289 35687 1:0 17802
17289 35685 1:0 17809
17298 35686 1:0 17810
17298 35684 1:0 17820
17304 35656 1:0 17825
17309 35654 1:0 17933
17324 35663 1:0 17855
17325 35669 1:0 17855
17337 35638 1:0 17957
17419 35652 1:0 17940
17420 35653 1:0 17941
17420 35617 1:0 18075
17429 35651 1:0 17951
17429 35621 1:0 18064
17435 35619 1:0 18071
17456 35620 1:0 18072
17468 35597 1:0 18147
17550 35618 1:0 18082
17551 35588 1:0 18195
17551 85 1:0 18197
17560 35586 1:0 18202
17560 35587 1:0 18203
17566 35585 1:0 18213
17568 35583 1:0 18215
17571 35557 1:0 18218
17586 35572 1:0 18219
17587 35577 1:0 18220
17599 65 1:0 18348
17681 35555 1:0 18326
17682 35554 1:0 18334
17682 30252 1:0 18353
17691 35553 1:0 18333
17691 35552 1:0 18344
17697 35522 1:0 18457
17699 35524 1:0 18441
17730 35520 1:0 18464
17812 35521 1:0 18465
17813 35519 1:0 18475
17813 35517 1:0 18485
17813 35498 1:0 18540
17822 35489 1:0 18588
17822 35488 1:0 18596
17830 35487 1:0 18595
17833 30363 1:0 18605
17848 30420 1:0 18719
17943 35486 1:0 18606
17944 35456 1:0 18719
17944 35454 1:0 18726
17953 35455 1:0 18727
17953 35453 1:0 18737
17959 35445 1:0 18752
17959 338 1:0 18821
17959 339 1:0 18848
17962 30081 21:0 17986
18072 30131 21:0 18077
18203 30188 21:0 18208
18334 30245 21:0 18339
18355 30252 21:0 18379
18476 30306 21:0 18479
18846 338 21:0 18896
18901 37091 21:0 18912
18914 37104 0:0 18917
18919 37105 21:0 18977
18921 37106 0:0 18922
18976 37107 0:0 18988
18976 37122 21:0 18988
18990 37137 21:0 18998
18997 37138 0:0 18998
18997 33 0:0 18998
18997 37139 21:0 19064
19062 37140 0:0 19064
19066 37170 21:0 19074
19073 37171 0:0 19074
19073 37172 0:0 19074
19074 37173 21:0 19140
19086 37162 0:0 19088
19122 37182 0:0 19124
19139 37201 0:0 19140
19142 37203 21:0 19150
19147 37204 0:0 19150
19147 37205 0:0 19150
19149 37202 0:0 19150
19150 37206 21:0 19216
19215 37208 21:0 19221
19218 37236 0:0 19221
19220 83 21:0 19221
19223 37238 21:0 19281
19225 37237 0:0 19226
19280 37254 21:0 19292
19280 37239 0:0 19292
19294 37269 21:0 19302
19301 37271 0:0 19302
19301 37270 0:0 19302
19302 37272 21:0 19368
19315 37280 0:0 19316
19367 37274 0:0 19368
19370 37302 21:0 19378
19377 37304 0:0 19378
19377 37303 21:0 19444
19432 37318 0:0 19433
19442 37305 0:0 19444
19444 137 21:0 19449
19446 37335 0:0 19449
19451 37337 21:0 19509
19453 37336 0:0 19454
19508 37338 0:0 19520
19508 37353 21:0 19520
19519 37355 0:0 19520
19522 37368 0:0 19525
19527 37369 21:0 19585
19529 37370 0:0 19530
19543 37379 0:0 19544
19584 37371 0:0 19596
19598 37401 0:0 19601
19603 37403 21:0 19661
19604 37400 0:0 19606
19605 37402 0:0 19606
19660 37404 0:0 19672
19674 37434 0:0 19677
19679 37436 21:0 19737
19681 37435 0:0 19682
19736 37452 21:0 19748
19736 37437 0:0 19748
19747 37439 21:0 19748
19748 209 21:0 19753
19750 37467 0:0 19753
19755 37469 21:0 19813
19757 37468 0:0 19758
19770 37459 0:0 19772
19812 37470 0:0 19824
19815 37472 21:0 19824
19826 37500 21:0 19834
19833 37502 0:0 19834
19833 37499 0:0 19834
19833 37501 21:0 19900
19888 37516 0:0 19889
19898 37503 0:0 19900
19899 37520 0:0 19900
19902 37533 21:0 19910
19909 37535 0:0 19910
19909 37534 21:0 19976
19964 37552 0:0 19965
19974 37536 0:0 19976
19978 37566 21:0 19986
19979 263 0:0 19981
19985 37567 0:0 19986
19985 37568 21:0 20052
20050 37569 0:0 20052
20054 37599 21:0 20062
20061 37600 0:0 20062
20061 37601 21:0 20128
20126 37602 0:0 20128
20130 37632 21:0 20138
20137 37633 0:0 20138
20137 37634 21:0 20204
20202 37635 0:0 20204
20234 37678 21:0 20244
20275 37635 1:0 20396
20276 37634 1:0 20404
20285 37633 1:0 20403
20285 37632 1:0 20414
20291 37602 1:0 20527
20311 37601 1:0 20535
20406 37600 1:0 20534
20407 37599 1:0 20545
20407 37569 1:0 20658
20416 37567 1:0 20665
20416 37568 1:0 20666
20424 37566 1:0 20676
20427 263 1:0 20680
20442 37552 1:0 20715
20537 37536 1:0 20789
20538 37534 1:0 20796
20538 37535 1:0 20797
20547 37533 1:0 20807
20547 37520 1:0 20837
20547 37516 1:0 20846
20547 29732 1:0 20920
20553 37503 1:0 20920
20555 37499 1:0 20931
20556 29568 21:0 20580
20574 37501 1:0 20927
20586 29739 1:0 20947
20668 37502 1:0 20928
20669 37500 1:0 20938
20669 29789 1:0 21022
20669 37472 1:0 21035
20678 37470 1:0 21051
20678 37469 1:0 21059
20686 37468 1:0 21058
20717 37467 1:0 21069
20799 209 1:0 21073
20799 37459 1:0 21084
20799 37452 1:0 21108
20799 37439 1:0 21166
20800 37437 1:0 21182
20809 37435 1:0 21189
20809 37436 1:0 21190
20815 37434 1:0 21200
20835 37404 1:0 21313
20836 37400 1:0 21324
20848 37379 1:0 21423
20930 37403 1:0 21321
20931 37402 1:0 21320
20940 37401 1:0 21331
20940 37371 1:0 21444
20946 37369 1:0 21451
20966 37370 1:0 21452
20967 37355 1:0 21492
20979 37353 1:0 21501
21061 37368 1:0 21462
21062 37338 1:0 21575
21062 137 1:0 21597
21062 37318 1:0 21632
21070 29793 21:0 21073
21071 37336 1:0 21582
21071 37337 1:0 21583
21077 37335 1:0 21593
21098 37305 1:0 21706
21110 30081 1:0 21729
21192 37303 1:0 21713
21193 37304 1:0 21714
21193 37280 1:0 21816
21193 37274 1:0 21821
21202 37302 1:0 21724
21202 37272 1:0 21837
21210 37271 1:0 21845
21241 37270 1:0 21844
21323 30131 1:0 21843
21323 37254 1:0 21894
21324 37269 1:0 21855
21324 37239 1:0 21968
21333 30188 1:0 21968
21333 37238 1:0 21976
21339 37237 1:0 21975
21344 37236 1:0 21986
21359 83 1:0 21988
21360 37208 1:0 21991
21372 30245 1:0 22105
21454 37206 1:0 22099
21455 37205 1:0 22107
21455 37202 1:0 22110
21455 30252 1:0 22122
21464 37204 1:0 22106
21464 37203 1:0 22117
21472 37173 1:0 22230
21475 37201 1:0 22123
21490 37182 1:0 22152
21491 30306 1:0 22241
21503 37162 1:0 22263
21585 37171 1:0 22237
21586 37172 1:0 22238
21595 37170 1:0 22248
21595 37140 1:0 22361
21601 37139 1:0 22369
21621 37138 1:0 22368
21622 33 1:0 22374
21634 37122 1:0 22418
21716 37137 1:0 22379
21717 37107 1:0 22492
21717 37091 1:0 22540
21726 37105 1:0 22499
21726 37106 1:0 22500
21732 37104 1:0 22510
21734 340 1:0 22621
22259 30309 21:0 22283
22390 30366 21:0 22414
22619 339 21:0 22669
22632 38733 0:0 22633
22669 38738 21:0 22685
22687 38755 21:0 22695
22694 38757 0:0 22695
22694 38756 0:0 22695
22695 38758 21:0 22761
22749 38774 0:0 22750
22763 38788 0:0 22766
22768 38790 21:0 22826
22770 38789 0:0 22771
22783 31 0:0 22785
22825 38804 0:0 22826
22825 38806 21:0 22837
22825 38791 0:0 22837
22839 38821 21:0 22847
22840 47 0:0 22842
22846 51 0:0 22847
22846 38823 0:0 22847
22846 38822 21:0 22913
22859 38813 0:0 22861
22860 38832 0:0 22861
22911 38824 0:0 22913
22912 38852 21:0 22918
22915 38854 0:0 22918
22920 38856 21:0 22978
22922 38855 0:0 22923
22977 38857 0:0 22989
22991 38887 0:0 22994
22996 38889 21:0 23054
22998 38888 0:0 22999
23011 38879 0:0 23013
23053 38890 0:0 23065
23056 38892 21:0 23065
23067 38920 21:0 23075
23074 38919 0:0 23075
23074 38921 0:0 23075
23074 38922 21:0 23141
23088 38931 0:0 23089
23139 38923 0:0 23141
23143 38953 0:0 23146
23148 38954 21:0 23206
23150 38955 0:0 23151
23205 38972 0:0 23206
23205 38956 0:0 23217
23208 38958 21:0 23217
23219 38986 21:0 23227
23226 38988 0:0 23227
23226 38987 0:0 23227
23226 141 0:0 23227
23227 38989 21:0 23293
23239 38978 0:0 23241
23281 39002 0:0 23282
23295 39019 0:0 23298
23300 39021 21:0 23358
23302 39020 0:0 23303
23357 39022 0:0 23369
23357 39038 21:0 23369
23371 39052 0:0 23374
23376 39054 21:0 23434
23377 177 0:0 23379
23378 39053 0:0 23379
23433 39071 0:0 23434
23433 39055 0:0 23445
23436 39057 21:0 23445
23447 39085 21:0 23455
23454 39086 0:0 23455
23454 39087 21:0 23521
23468 39096 0:0 23469
23509 39101 0:0 23510
23519 39088 0:0 23521
23520 39090 0:0 23521
23520 39105 0:0 23521
23520 39116 21:0 23526
23523 39118 0:0 23526
23528 39119 21:0 23586
23529 39117 0:0 23531
23530 39120 0:0 23531
23585 39121 0:0 23597
23599 39151 21:0 23607
23606 39152 0:0 23607
23606 39153 21:0 23673
23671 39154 0:0 23673
23675 39184 21:0 23683
23676 245 0:0 23678
23682 39186 0:0 23683
23682 39185 21:0 23749
23737 39203 0:0 23738
23747 39187 0:0 23749
23748 39204 0:0 23749
23751 39217 21:0 23759
23758 39219 0:0 23759
23758 39218 21:0 23825
23823 39220 0:0 23825
23827 39250 21:0 23835
23834 39252 0:0 23835
23834 39251 21:0 23901
23899 39253 0:0 23901
23903 39283 21:0 23911
23910 39284 0:0 23911
23910 39285 21:0 23977
23975 39286 0:0 23977
24007 39329 21:0 24017
24048 39286 1:0 24169
24049 39285 1:0 24177
24058 39284 1:0 24176
24058 39283 1:0 24187
24064 39253 1:0 24300
24084 39251 1:0 24307
24085 29568 1:0 24327
24179 39252 1:0 24308
24180 39250 1:0 24318
24189 39220 1:0 24431
24189 39218 1:0 24438
24195 39219 1:0 24439
24200 39217 1:0 24449
24215 39204 1:0 24479
24216 39203 1:0 24488
24228 245 1:0 24584
24310 39187 1:0 24562
24311 39185 1:0 24569
24320 39186 1:0 24570
24320 39184 1:0 24580
24326 39154 1:0 24693
24329 29568 21:0 24353
24346 39153 1:0 24701
24347 39117 1:0 24835
24441 39152 1:0 24700
24442 39151 1:0 24711
24442 39121 1:0 24824
24451 39119 1:0 24831
24451 39120 1:0 24832
24459 39118 1:0 24842
24462 29793 1:0 24841
24477 39105 1:0 24872
24478 39116 1:0 24852
24490 39101 1:0 24881
24572 39088 1:0 24955
24573 39096 1:0 24934
24573 39090 1:0 24939
24573 39087 1:0 24963
24582 39086 1:0 24962
24582 39085 1:0 24973
24588 39071 1:0 25012
24593 39055 1:0 25086
24608 39057 1:0 25070
24609 177 1:0 25099
24621 39038 1:0 25143
24703 39054 1:0 25094
24704 39053 1:0 25093
24713 39052 1:0 25104
24713 39022 1:0 25217
24719 39021 1:0 25225
24739 39020 1:0 25224
24740 39002 1:0 25270
24752 141 1:0 25361
24834 39019 1:0 25235
24835 38989 1:0 25348
24835 38978 1:0 25381
24844 38987 1:0 25355
24844 38988 1:0 25356
24850 38986 1:0 25366
24852 38972 1:0 25405
24855 38958 1:0 25463
24870 38931 1:0 25589
24871 38919 1:0 25621
24963 29846 21:0 24968
24965 38956 1:0 25479
24966 38954 1:0 25486
24966 38955 1:0 25487
24974 29850 21:0 24977
24975 38953 1:0 25497
24975 38923 1:0 25610
24981 38922 1:0 25618
24983 38892 1:0 25725
24984 29853 21:0 25008
25002 38921 1:0 25617
25094 29903 21:0 25099
25096 38920 1:0 25628
25097 38890 1:0 25741
25097 38889 1:0 25749
25106 38888 1:0 25748
25106 38887 1:0 25759
25112 38879 1:0 25774
25117 38857 1:0 25872
25132 38852 1:0 25900
25227 38856 1:0 25880
25228 38855 1:0 25879
25228 38854 1:0 25890
25237 38832 1:0 25982
25237 38824 1:0 26003
25243 38822 1:0 26010
25248 38823 1:0 26011
25263 51 1:0 26016
25264 47 1:0 26025
25276 38813 1:0 26036
25358 38821 1:0 26021
25359 30309 1:0 26030
25359 38806 1:0 26060
25359 38804 1:0 26060
25359 31 1:0 26136
25368 38791 1:0 26134
25368 38790 1:0 26142
25374 38789 1:0 26141
25377 30024 21:0 25401
25394 38788 1:0 26152
25395 30366 1:0 26157
25395 38774 1:0 26187
25407 38738 1:0 26322
25489 38758 1:0 26265
25490 38756 1:0 26272
25490 38733 1:0 26375
25490 341 1:0 26394
25499 38757 1:0 26273
25499 38755 1:0 26283
26153 30363 21:0 26156
26163 30366 21:0 26187
26392 340 21:0 26442
26440 40385 0:0 26442
26460 40406 0:0 26463
26465 40407 21:0 26523
26467 40408 0:0 26468
26480 40398 0:0 26482
26522 40409 0:0 26534
26523 40426 21:0 26534
26536 40439 0:0 26539
26541 40441 21:0 26599
26543 40440 0:0 26544
26598 40442 0:0 26610
26612 40472 0:0 26615
26617 40474 21:0 26675
26619 40473 0:0 26620
26633 40483 0:0 26634
26674 40475 0:0 26686
26688 40505 0:0 26691
26693 40506 21:0 26751
26694 40504 0:0 26696
26694 69 0:0 26696
26695 40507 0:0 26696
26750 40508 0:0 26762
26750 40523 21:0 26762
26761 40510 21:0 26762
26764 40538 21:0 26772
26771 87 0:0 26772
26771 40539 0:0 26772
26771 40540 21:0 26838
26836 40541 0:0 26838
26837 40543 21:0 26843
26840 40571 0:0 26843
26845 40573 21:0 26903
26846 40570 0:0 26848
26847 40572 0:0 26848
26902 40574 0:0 26914
26916 40604 21:0 26924
26923 40605 0:0 26924
26923 40606 21:0 26990
26978 40622 0:0 26979
26988 40607 0:0 26990
26989 40609 21:0 26995
26992 40637 0:0 26995
26997 40639 21:0 27055
26998 40636 0:0 27000
26999 40638 0:0 27000
27054 40656 21:0 27066
27054 40640 0:0 27066
27065 40668 21:0 27066
27066 155 21:0 27071
27068 40670 0:0 27071
27073 40671 21:0 27131
27075 40672 0:0 27076
27089 40681 0:0 27090
27130 40689 0:0 27131
27130 40673 0:0 27142
27131 40690 21:0 27142
27144 40703 21:0 27152
27145 173 0:0 27147
27151 40704 0:0 27152
27151 40705 21:0 27218
27200 40715 0:0 27202
27216 40706 0:0 27218
27217 40734 21:0 27223
27220 40736 0:0 27223
27225 40738 21:0 27283
27226 195 0:0 27228
27227 40737 0:0 27228
27241 40747 0:0 27242
27282 40739 0:0 27294
27296 40769 21:0 27304
27303 40770 0:0 27304
27303 40768 0:0 27304
27303 40771 21:0 27370
27317 40780 0:0 27318
27368 40772 0:0 27370
27372 40802 21:0 27380
27379 40804 0:0 27380
27379 40803 21:0 27446
27444 40805 0:0 27446
27445 40833 21:0 27451
27448 40835 0:0 27451
27453 40836 21:0 27511
27455 40837 0:0 27456
27510 40838 0:0 27522
27513 40840 21:0 27522
27524 40868 21:0 27532
27531 40870 0:0 27532
27531 40869 21:0 27598
27596 40871 0:0 27598
27600 40901 21:0 27608
27607 40903 0:0 27608
27607 40902 21:0 27674
27672 40904 0:0 27674
27676 40934 21:0 27684
27683 40936 0:0 27684
27683 40935 21:0 27750
27748 40937 0:0 27750
27780 40980 21:0 27790
27821 40937 1:0 27942
27822 40935 1:0 27949
27831 40936 1:0 27950
27831 40934 1:0 27960
27837 40904 1:0 28073
27857 40902 1:0 28080
27858 29568 1:0 28100
27952 40903 1:0 28081
27953 40901 1:0 28091
27962 40871 1:0 28204
27962 40869 1:0 28211
27968 40870 1:0 28212
27973 40868 1:0 28222
27988 40840 1:0 28319
28083 40838 1:0 28335
28084 40836 1:0 28342
28084 40837 1:0 28343
28093 40835 1:0 28353
28093 40833 1:0 28363
28099 40805 1:0 28466
28104 40803 1:0 28473
28119 40780 1:0 28576
28214 40804 1:0 28474
28215 40802 1:0 28484
28215 40772 1:0 28597
28224 40770 1:0 28604
28224 40771 1:0 28605
28230 40768 1:0 28608
28235 40769 1:0 28615
28250 29846 1:0 28728
28251 40747 1:0 28707
28263 195 1:0 28741
28345 40739 1:0 28728
28346 40738 1:0 28736
28346 29850 1:0 28745
28346 40734 1:0 28756
28355 40737 1:0 28735
28355 40736 1:0 28746
28361 29853 1:0 28755
28361 40715 1:0 28811
28361 29903 1:0 28859
28363 173 1:0 28881
28364 29682 21:0 28388
28382 40706 1:0 28859
28474 29732 21:0 28479
28476 40705 1:0 28867
28477 40704 1:0 28866
28477 40703 1:0 28877
28486 40690 1:0 28907
28486 40689 1:0 28916
28486 40681 1:0 28969
28486 40673 1:0 28990
28492 40671 1:0 28997
28513 40672 1:0 28998
28525 155 1:0 29012
28607 40670 1:0 29008
28608 40668 1:0 29018
28608 40656 1:0 29047
28608 40640 1:0 29121
28617 40638 1:0 29128
28617 40639 1:0 29129
28623 40636 1:0 29132
28628 40637 1:0 29139
28643 30024 1:0 29148
28644 40622 1:0 29178
28656 40609 1:0 29236
28738 40607 1:0 29252
28739 40606 1:0 29260
28748 40605 1:0 29259
28748 40604 1:0 29270
28754 40574 1:0 29383
28774 40573 1:0 29391
28775 40570 1:0 29394
28787 40543 1:0 29498
28867 29903 21:0 28872
28869 40572 1:0 29390
28870 40571 1:0 29401
28870 87 1:0 29527
28879 40541 1:0 29514
28879 40540 1:0 29522
28885 40539 1:0 29521
28888 29910 21:0 28912
28905 40538 1:0 29532
28906 40523 1:0 29571
28906 40510 1:0 29629
28918 40504 1:0 29656
29000 40508 1:0 29645
29001 40506 1:0 29652
29001 69 1:0 29658
29010 40507 1:0 29653
29010 40505 1:0 29663
29016 40475 1:0 29776
29018 40483 1:0 29755
29049 40474 1:0 29784
29131 40473 1:0 29783
29132 40472 1:0 29794
29132 30363 1:0 29924
29141 40442 1:0 29907
29141 40441 1:0 29915
29147 40440 1:0 29914
29168 40439 1:0 29925
29180 40426 1:0 29955
29262 30366 1:0 29934
29262 40398 1:0 30071
29263 40409 1:0 30038
29263 40407 1:0 30045
29272 40408 1:0 30046
29272 40406 1:0 30056
29278 40385 1:0 30121
29278 342 1:0 30167
29391 30131 21:0 29396
29402 30135 21:0 29405
29664 30249 21:0 29667
29936 30366 21:0 29960
30046 30416 21:0 30051
30165 341 21:0 30215
30233 42057 0:0 30236
30238 42059 21:0 30296
30239 42056 0:0 30241
30240 42058 0:0 30241
30253 13 0:0 30255
30295 42060 0:0 30307
30307 29 21:0 30312
30309 42090 0:0 30312
30314 42091 21:0 30372
30316 42092 0:0 30317
30330 42101 0:0 30331
30365 42102 0:0 30367
30371 42108 21:0 30383
30371 42093 0:0 30383
30385 42123 21:0 30393
30386 47 0:0 30388
30392 42125 0:0 30393
30392 42124 0:0 30393
30393 42126 21:0 30459
30405 49 0:0 30407
30406 42134 0:0 30407
30461 42156 21:0 30469
30468 42157 0:0 30469
30468 42158 21:0 30535
30517 42168 0:0 30519
30533 42159 0:0 30535
30537 42189 21:0 30545
30544 42191 0:0 30545
30544 42190 21:0 30611
30558 42200 0:0 30559
30609 42192 0:0 30611
30613 42222 0:0 30616
30618 42223 21:0 30676
30620 42224 0:0 30621
30669 42234 0:0 30671
30675 42225 0:0 30687
30676 42242 21:0 30687
30686 42227 21:0 30687
30689 42255 21:0 30697
30690 119 0:0 30692
30696 42254 0:0 30697
30696 42256 0:0 30697
30696 42257 21:0 30763
30761 42258 0:0 30763
30765 42288 0:0 30768
30770 42289 21:0 30828
30771 42287 0:0 30773
30772 42290 0:0 30773
30785 139 0:0 30787
30786 42299 0:0 30787
30821 42300 0:0 30823
30827 42291 0:0 30839
30841 42321 0:0 30844
30846 42322 21:0 30904
30848 42323 0:0 30849
30903 42324 0:0 30915
30917 42354 21:0 30925
30924 42356 0:0 30925
30924 42355 21:0 30991
30989 42357 0:0 30991
30993 42387 21:0 31001
31000 42389 0:0 31001
31000 42388 21:0 31067
31065 42390 0:0 31067
31066 42392 21:0 31072
31069 42420 0:0 31072
31074 42422 21:0 31132
31076 42421 0:0 31077
31131 42423 0:0 31143
31145 42453 21:0 31153
31152 42454 0:0 31153
31152 42455 21:0 31219
31165 229 0:0 31167
31166 42464 0:0 31167
31207 42472 0:0 31208
31217 42456 0:0 31219
31218 42473 0:0 31219
31221 42486 21:0 31229
31228 42487 0:0 31229
31228 42488 21:0 31295
31293 42489 0:0 31295
31294 42491 0:0 31295
31294 42506 0:0 31295
31297 42519 21:0 31305
31298 263 0:0 31300
31304 42521 0:0 31305
31304 42520 21:0 31371
31369 42522 0:0 31371
31373 42552 21:0 31381
31380 42554 0:0 31381
31380 42553 21:0 31447
31445 42555 0:0 31447
31449 42585 21:0 31457
31456 42586 0:0 31457
31456 42587 21:0 31523
31521 42588 0:0 31523
31553 42631 21:0 31563
31594 42588 1:0 31715
31595 42587 1:0 31723
31604 42586 1:0 31722
31604 42585 1:0 31733
31610 42555 1:0 31846
31630 42553 1:0 31853
31725 42554 1:0 31854
31726 42552 1:0 31864
31726 42522 1:0 31977
31735 42520 1:0 31984
31735 42521 1:0 31985
31743 42519 1:0 31995
31746 263 1:0 31999
31761 42506 1:0 32025
31762 42491 1:0 32092
31774 29682 1:0 32135
31856 42489 1:0 32108
31857 42488 1:0 32116
31857 42473 1:0 32156
31857 42472 1:0 32165
31866 42487 1:0 32115
31866 42486 1:0 32126
31874 42456 1:0 32239
31877 29732 1:0 32239
31892 42464 1:0 32218
31893 229 1:0 32241
31987 42455 1:0 32247
31988 42454 1:0 32246
31997 42453 1:0 32257
31997 42423 1:0 32370
32003 42422 1:0 32378
32006 29625 21:0 32030
32008 42421 1:0 32377
32036 42420 1:0 32388
32118 42392 1:0 32485
32118 29903 1:0 32632
32119 42390 1:0 32501
32119 42388 1:0 32508
32128 42389 1:0 32509
32128 42387 1:0 32519
32136 42357 1:0 32632
32167 42355 1:0 32639
32247 29732 21:0 32252
32249 42356 1:0 32640
32250 42354 1:0 32650
32250 29910 1:0 32659
32259 42324 1:0 32763
32259 42322 1:0 32770
32265 42323 1:0 32771
32285 42321 1:0 32781
32286 42300 1:0 32846
32298 42299 1:0 32873
32380 42291 1:0 32894
32381 139 1:0 32896
32381 42289 1:0 32901
32381 42287 1:0 32905
32390 42290 1:0 32902
32390 42288 1:0 32912
32398 42258 1:0 33025
32399 29796 21:0 32423
32417 42257 1:0 33033
32429 42254 1:0 33036
32511 42256 1:0 33032
32512 42255 1:0 33043
32512 119 1:0 33047
32512 42242 1:0 33073
32521 42234 1:0 33108
32521 42227 1:0 33127
32521 30131 1:0 33156
32521 42225 1:0 33156
32527 42223 1:0 33163
32548 42224 1:0 33164
32560 30135 1:0 33173
32642 42222 1:0 33174
32643 42200 1:0 33266
32643 42192 1:0 33287
32643 42168 1:0 33370
32651 29907 21:0 32654
32652 42190 1:0 33294
32652 42191 1:0 33295
32658 42189 1:0 33305
32660 30249 1:0 33418
32691 42159 1:0 33418
32773 42158 1:0 33426
32774 42157 1:0 33425
32774 42134 1:0 33528
32774 49 1:0 33551
32783 42156 1:0 33436
32783 42126 1:0 33549
32791 42125 1:0 33557
32822 42124 1:0 33556
32904 42123 1:0 33567
32905 47 1:0 33571
32905 42108 1:0 33606
32905 42102 1:0 33632
32905 42101 1:0 33659
32913 30021 21:0 32916
32914 42093 1:0 33680
32914 42091 1:0 33687
32920 42092 1:0 33688
32925 42090 1:0 33698
32940 29 1:0 33702
32941 30366 1:0 33707
32953 30416 1:0 33811
33035 42060 1:0 33811
33036 13 1:0 33813
33036 42059 1:0 33819
33036 42056 1:0 33822
33045 42058 1:0 33818
33045 42057 1:0 33829
33051 343 1:0 33940
33164 30131 21:0 33169
33175 30135 21:0 33178
33185 30138 21:0 33209
33316 30195 21:0 33340
33578 30309 21:0 33602
33938 342 21:0 33988
34006 43708 21:0 34014
34013 43709 0:0 34014
34013 43710 21:0 34080
34078 43711 0:0 34080
34082 43741 21:0 34090
34089 33 0:0 34090
34089 43742 0:0 34090
34089 43743 0:0 34090
34089 43740 0:0 34090
34090 43744 21:0 34156
34102 43733 0:0 34104
34144 43757 0:0 34145
34144 43760 0:0 34145
34155 43746 0:0 34156
34155 43761 0:0 34156
34155 43772 21:0 34161
34158 43774 0:0 34161
34163 43776 21:0 34221
34164 51 0:0 34166
34165 43775 0:0 34166
34214 43786 0:0 34216
34220 43777 0:0 34232
34234 43807 0:0 34237
34239 43808 21:0 34297
34241 43809 0:0 34242
34254 67 0:0 34256
34296 43823 0:0 34297
34296 43810 0:0 34308
34297 43827 21:0 34308
34310 43840 0:0 34313
34315 43841 21:0 34373
34316 43839 0:0 34318
34317 43842 0:0 34318
34372 43843 0:0 34384
34386 43873 21:0 34394
34393 43875 0:0 34394
34393 43874 21:0 34460
34458 43876 0:0 34460
34459 43878 21:0 34465
34462 43906 0:0 34465
34467 43908 21:0 34525
34468 43905 0:0 34470
34469 43907 0:0 34470
34483 43917 0:0 34484
34524 43909 0:0 34536
34538 43939 21:0 34546
34545 43940 0:0 34546
34545 43941 21:0 34612
34610 43942 0:0 34612
34611 43970 0:0 34612
34614 43972 21:0 34622
34621 43974 0:0 34622
34621 43973 0:0 34622
34622 43975 21:0 34688
34634 157 0:0 34636
34634 43964 0:0 34636
34676 43990 0:0 34677
34687 43977 21:0 34693
34690 44005 0:0 34693
34695 44006 21:0 34753
34696 44004 0:0 34698
34697 44007 0:0 34698
34752 44021 0:0 34753
34752 44008 0:0 34764
34752 44024 21:0 34764
34766 44038 21:0 34774
34773 44039 0:0 34774
34773 44040 21:0 34840
34838 44041 0:0 34840
34840 209 21:0 34845
34842 44071 0:0 34845
34847 44072 21:0 34905
34849 44073 0:0 34850
34904 44074 0:0 34916
34918 44104 21:0 34926
34925 44106 0:0 34926
34925 44105 21:0 34992
34980 44120 0:0 34981
34990 44107 0:0 34992
34994 44137 21:0 35002
35001 44139 0:0 35002
35001 44138 21:0 35068
35066 44140 0:0 35068
35070 44170 21:0 35078
35077 44172 0:0 35078
35077 44171 21:0 35144
35142 44173 0:0 35144
35146 44203 21:0 35154
35153 44205 0:0 35154
35153 44204 21:0 35220
35218 44206 0:0 35220
35222 44236 21:0 35230
35229 44237 0:0 35230
35229 44238 21:0 35296
35294 44239 0:0 35296
35326 44282 21:0 35336
35367 44239 1:0 35488
35368 44238 1:0 35496
35377 44237 1:0 35495
35377 44236 1:0 35506
35383 44206 1:0 35619
35403 44204 1:0 35626
35498 44205 1:0 35627
35499 44203 1:0 35637
35499 44173 1:0 35750
35508 44171 1:0 35757
35508 44172 1:0 35758
35516 44170 1:0 35768
35519 29625 1:0 35777
35534 44120 1:0 35938
35629 44140 1:0 35881
35630 44138 1:0 35888
35630 44139 1:0 35889
35639 44137 1:0 35899
35639 44107 1:0 36012
35645 29732 1:0 36012
35650 44105 1:0 36019
35760 44106 1:0 36020
35761 44104 1:0 36030
35761 44074 1:0 36143
35770 44072 1:0 36150
35770 44073 1:0 36151
35776 44071 1:0 36161
35778 209 1:0 36165
35781 29796 1:0 36170
35796 44024 1:0 36331
35891 44041 1:0 36274
35892 44039 1:0 36281
35892 44040 1:0 36282
35901 44038 1:0 36292
35901 44021 1:0 36331
35907 44008 1:0 36405
35912 44006 1:0 36412
35927 44004 1:0 36416
35928 29907 1:0 36422
35940 43977 1:0 36428
36022 44007 1:0 36413
36023 44005 1:0 36423
36023 43990 1:0 36458
36023 157 1:0 36538
36032 43975 1:0 36536
36032 43974 1:0 36544
36040 43973 1:0 36543
36041 29739 21:0 36065
36059 43972 1:0 36554
36071 43970 1:0 36564
36153 43964 1:0 36569
36153 30021 1:0 36667
36154 43942 1:0 36667
36154 43941 1:0 36675
36163 43940 1:0 36674
36163 43939 1:0 36685
36171 43909 1:0 36798
36174 43917 1:0 36777
36189 43905 1:0 36809
36284 43908 1:0 36806
36285 43907 1:0 36805
36285 43906 1:0 36816
36294 43878 1:0 36849
36294 30135 1:0 36900
36294 43876 1:0 36929
36294 30131 1:0 36929
36300 43874 1:0 36936
36321 43875 1:0 36937
36333 30138 1:0 36956
36415 43873 1:0 36947
36416 43843 1:0 37060
36416 43839 1:0 37071
36425 43841 1:0 37067
36425 43842 1:0 37068
36431 43840 1:0 37078
36433 30195 1:0 37087
36434 29910 21:0 36458
36436 43827 1:0 37108
36451 43823 1:0 37117
36452 67 1:0 37193
36452 43786 1:0 37274
36544 29960 21:0 36549
36546 43810 1:0 37191
36547 43808 1:0 37198
36547 43809 1:0 37199
36556 43807 1:0 37209
36556 43777 1:0 37322
36564 43776 1:0 37330
36595 43775 1:0 37329
36677 51 1:0 37335
36677 30309 1:0 37342
36677 43772 1:0 37345
36677 43761 1:0 37346
36678 43774 1:0 37340
36678 43760 1:0 37375
36678 43757 1:0 37375
36687 43746 1:0 37437
36687 43744 1:0 37453
36687 43740 1:0 37464
36693 43742 1:0 37460
36713 43743 1:0 37461
36714 33 1:0 37466
36726 43733 1:0 37486
36808 43741 1:0 37471
36809 43711 1:0 37584
36809 344 1:0 37713
36817 30078 21:0 36820
36818 43709 1:0 37591
36818 43710 1:0 37592
36824 43708 1:0 37602
36958 30138 21:0 36982
37068 30188 21:0 37073
37199 30245 21:0 37204
37341 30306 21:0 37344
37351 30309 21:0 37375
37711 343 21:0 37761
37779 45359 21:0 37787
37786 45361 0:0 37787
37786 45358 0:0 37787
37786 45360 21:0 37853
37851 45362 0:0 37853
37852 45364 0:0 37853
37855 45392 21:0 37863
37862 33 0:0 37863
37862 45394 0:0 37863
37862 45393 0:0 37863
37863 45395 21:0 37929
37875 31 0:0 37877
37928 45412 0:0 37929
37931 45425 0:0 37934
37936 45427 21:0 37994
37937 45424 0:0 37939
37938 45426 0:0 37939
37951 45417 0:0 37953
37993 45428 0:0 38005
38007 45458 21:0 38015
38014 45460 0:0 38015
38014 45459 21:0 38081
38027 45450 0:0 38029
38028 45469 0:0 38029
38069 45474 0:0 38070
38079 45461 0:0 38081
38080 45489 0:0 38081
38083 45491 21:0 38091
38090 45492 0:0 38091
38090 45493 21:0 38157
38155 45494 0:0 38157
38159 45524 21:0 38167
38166 45526 0:0 38167
38166 45525 21:0 38233
38231 45527 0:0 38233
38235 45557 21:0 38243
38242 45558 0:0 38243
38242 45559 21:0 38309
38255 121 0:0 38257
38307 45560 0:0 38309
38308 45577 0:0 38309
38311 45590 21:0 38319
38318 45591 0:0 38319
38318 45592 21:0 38385
38367 45602 0:0 38369
38383 45593 0:0 38385
38387 45623 0:0 38390
38392 45624 21:0 38450
38394 45625 0:0 38395
38408 45634 0:0 38409
38443 45635 0:0 38445
38449 45626 0:0 38461
38463 45656 0:0 38466
38468 45658 21:0 38526
38470 45657 0:0 38471
38483 175 0:0 38485
38525 45659 0:0 38537
38539 45689 0:0 38542
38544 45691 21:0 38602
38546 45690 0:0 38547
38601 45707 0:0 38602
38601 45692 0:0 38613
38602 45709 21:0 38613
38615 45722 21:0 38623
38622 45724 0:0 38623
38622 45723 0:0 38623
38623 45725 21:0 38689
38635 211 0:0 38637
38677 45740 0:0 38678
38691 45755 21:0 38699
38698 45756 0:0 38699
38698 231 0:0 38699
38698 45757 0:0 38699
38699 45758 21:0 38765
38711 229 0:0 38713
38711 45747 0:0 38713
38764 45775 0:0 38765
38767 45788 21:0 38775
38774 45789 0:0 38775
38774 45790 21:0 38841
38823 45800 0:0 38825
38839 45791 0:0 38841
38840 45819 0:0 38841
38843 45821 21:0 38851
38850 267 0:0 38851
38850 45822 0:0 38851
38850 45823 21:0 38917
38915 45824 0:0 38917
38919 45854 21:0 38927
38926 45856 0:0 38927
38926 45855 21:0 38993
38991 45857 0:0 38993
38995 45887 21:0 39003
39002 45888 0:0 39003
39002 45889 21:0 39069
39067 45890 0:0 39069
39099 45933 21:0 39109
39140 45890 1:0 39261
39141 45889 1:0 39269
39150 45888 1:0 39268
39150 45887 1:0 39279
39156 45857 1:0 39392
39176 45855 1:0 39399
39271 45856 1:0 39400
39272 45854 1:0 39410
39272 45824 1:0 39523
39281 45822 1:0 39530
39281 45823 1:0 39531
39289 45821 1:0 39541
39292 267 1:0 39536
39307 45819 1:0 39551
39308 45800 1:0 39606
39320 45775 1:0 39678
39402 45791 1:0 39654
39403 45790 1:0 39662
39403 229 1:0 39787
39412 45789 1:0 39661
39412 45788 1:0 39672
39418 45758 1:0 39785
39439 45756 1:0 39792
39451 231 1:0 39798
39533 45757 1:0 39793
39534 45755 1:0 39803
39534 29739 1:0 39808
39534 45747 1:0 39810
39543 45740 1:0 39838
39543 45725 1:0 39916
39543 211 1:0 39918
39549 45723 1:0 39923
39569 45724 1:0 39924
39570 45709 1:0 39964
39582 45707 1:0 39973
39664 45722 1:0 39934
39665 45692 1:0 40047
39674 45690 1:0 40054
39674 45691 1:0 40055
39680 45689 1:0 40065
39700 45659 1:0 40178
39701 175 1:0 40180
39713 29910 1:0 40205
39795 45658 1:0 40186
39796 45657 1:0 40185
39796 45635 1:0 40261
39796 29960 1:0 40309
39805 45656 1:0 40196
39805 45626 1:0 40309
39811 45634 1:0 40288
39816 45624 1:0 40316
39831 45602 1:0 40392
39926 45625 1:0 40317
39927 45623 1:0 40327
39927 45593 1:0 40440
39936 45591 1:0 40447
39936 45592 1:0 40448
39944 45590 1:0 40458
39947 45577 1:0 40488
39962 30078 1:0 40571
39963 121 1:0 40573
40057 45560 1:0 40571
40058 45559 1:0 40579
40066 29850 21:0 40069
40067 45558 1:0 40578
40067 45557 1:0 40589
40070 45527 1:0 40702
40075 45525 1:0 40709
40106 45526 1:0 40710
40188 45524 1:0 40720
40189 30138 1:0 40729
40189 30188 1:0 40833
40189 45494 1:0 40833
40198 45492 1:0 40840
40198 45493 1:0 40841
40206 45491 1:0 40851
40209 45489 1:0 40861
40224 45474 1:0 40890
40225 30245 1:0 40964
40237 45469 1:0 40943
40319 45461 1:0 40964
40320 45459 1:0 40971
40320 45450 1:0 40997
40329 45460 1:0 40972
40329 45458 1:0 40982
40335 45428 1:0 41095
40337 45424 1:0 41106
40338 29967 21:0 40362
40356 45427 1:0 41103
40368 30306 1:0 41112
40450 45426 1:0 41102
40451 45425 1:0 41113
40451 30309 1:0 41118
40451 45417 1:0 41120
40460 45412 1:0 41119
40460 45395 1:0 41226
40460 31 1:0 41228
40466 45394 1:0 41234
40486 45393 1:0 41233
40487 33 1:0 41239
40499 45364 1:0 41341
40581 45392 1:0 41244
40582 45362 1:0 41357
40582 45358 1:0 41368
40591 45360 1:0 41364
40591 45361 1:0 41365
40597 45359 1:0 41375
40599 345 1:0 41486
40862 30195 21:0 40886
41245 30363 21:0 41248
41376 30420 21:0 41379
41386 30423 21:0 41410
41484 344 21:0 41534
41550 11 21:0 41555
41552 47010 0:0 41555
41557 47011 21:0 41615
41559 47012 0:0 41560
41573 47021 0:0 41574
41614 47013 0:0 41626
41623 47041 21:0 41626
41628 47043 21:0 41636
41633 47045 0:0 41636
41635 47044 0:0 41636
41635 33 0:0 41636
41636 47046 21:0 41702
41704 47076 21:0 41712
41711 47078 0:0 41712
41711 47077 0:0 41712
41712 47079 21:0 41778
41766 47095 0:0 41767
41780 47109 0:0 41783
41785 47111 21:0 41843
41787 47110 0:0 41788
41836 47121 0:0 41838
41842 47112 0:0 41854
41856 47142 0:0 41859
41861 47143 21:0 41919
41862 87 0:0 41864
41862 47141 0:0 41864
41863 47144 0:0 41864
41876 47134 0:0 41878
41877 47153 0:0 41878
41918 47145 0:0 41930
41919 47162 21:0 41930
41932 47175 21:0 41940
41937 47177 0:0 41940
41937 47176 0:0 41940
41940 47178 21:0 42006
41953 47186 0:0 41954
42006 119 21:0 42011
42008 47208 0:0 42011
42013 47210 21:0 42071
42015 47209 0:0 42016
42029 47219 0:0 42030
42070 47224 0:0 42071
42070 47211 0:0 42082
42070 47226 21:0 42082
42084 47241 21:0 42092
42091 47243 0:0 42092
42091 47242 21:0 42158
42104 139 0:0 42106
42146 47259 0:0 42147
42156 47244 0:0 42158
42157 47261 0:0 42158
42158 155 21:0 42163
42160 47274 0:0 42163
42165 47275 21:0 42223
42167 47276 0:0 42168
42180 157 0:0 42182
42222 47277 0:0 42234
42223 47294 21:0 42234
42236 47307 21:0 42244
42243 47308 0:0 42244
42243 47309 21:0 42310
42308 47310 0:0 42310
42309 47312 21:0 42315
42312 47340 0:0 42315
42317 47342 21:0 42375
42318 47339 0:0 42320
42319 47341 0:0 42320
42368 47352 0:0 42370
42374 47343 0:0 42386
42388 47373 21:0 42396
42395 213 0:0 42396
42395 47375 0:0 42396
42395 47374 21:0 42462
42450 47389 0:0 42451
42460 47376 0:0 42462
42461 47404 0:0 42462
42461 47393 0:0 42462
42464 47406 21:0 42472
42471 47407 0:0 42472
42471 47408 21:0 42538
42484 47398 0:0 42486
42536 47409 0:0 42538
42537 47426 0:0 42538
42540 47439 21:0 42548
42547 47441 0:0 42548
42547 47440 21:0 42614
42612 47442 0:0 42614
42616 47472 21:0 42624
42623 47474 0:0 42624
42623 47473 21:0 42690
42688 47475 0:0 42690
42692 47505 21:0 42700
42699 47507 0:0 42700
42699 47506 21:0 42766
42764 47508 0:0 42766
42768 47538 21:0 42776
42775 47539 0:0 42776
42775 47540 21:0 42842
42840 47541 0:0 42842
42872 47584 21:0 42882
42913 47541 1:0 43034
42914 47540 1:0 43042
42923 47539 1:0 43041
42923 47538 1:0 43052
42929 47508 1:0 43165
42949 47506 1:0 43172
43044 47507 1:0 43173
43045 47505 1:0 43183
43045 47475 1:0 43296
43054 47473 1:0 43303
43054 47474 1:0 43304
43062 47472 1:0 43314
43093 47442 1:0 43427
43175 47440 1:0 43434
43176 47441 1:0 43435
43176 47426 1:0 43475
43185 47439 1:0 43445
43185 47409 1:0 43558
43191 47408 1:0 43566
43193 47393 1:0 43606
43194 29568 21:0 43218
43212 47407 1:0 43565
43224 47404 1:0 43586
43306 47406 1:0 43576
43307 47398 1:0 43591
43307 47389 1:0 43615
43307 47376 1:0 43689
43316 47374 1:0 43696
43316 47375 1:0 43697
43322 213 1:0 43702
43327 47373 1:0 43707
43342 47352 1:0 43772
43343 47339 1:0 43831
43355 29850 1:0 43837
43437 47343 1:0 43820
43438 47342 1:0 43828
43438 47312 1:0 43935
43447 47341 1:0 43827
43447 47340 1:0 43838
43453 47310 1:0 43951
43474 47309 1:0 43959
43486 47294 1:0 43999
43568 47308 1:0 43958
43569 47307 1:0 43969
43569 157 1:0 44084
43578 47277 1:0 44082
43578 47275 1:0 44089
43584 47276 1:0 44090
43605 47274 1:0 44100
43617 155 1:0 44104
43699 29967 1:0 44109
43699 47261 1:0 44130
43699 47259 1:0 44139
43699 139 1:0 44215
43700 47244 1:0 44213
43700 47226 1:0 44270
43709 47242 1:0 44220
43709 47243 1:0 44221
43715 47241 1:0 44231
43717 47224 1:0 44270
43748 47211 1:0 44344
43830 47219 1:0 44323
43830 119 1:0 44366
43831 47209 1:0 44351
43831 47210 1:0 44352
43840 47208 1:0 44362
43840 47178 1:0 44475
43846 47186 1:0 44454
43851 47176 1:0 44482
43866 47162 1:0 44523
43961 47177 1:0 44483
43962 47175 1:0 44493
43962 47145 1:0 44606
43971 47153 1:0 44585
43971 47143 1:0 44613
43971 47141 1:0 44617
43971 87 1:0 44619
43977 47144 1:0 44614
43998 47142 1:0 44624
44010 47134 1:0 44639
44090 29960 21:0 44095
44092 30195 1:0 44633
44092 47121 1:0 44689
44092 47095 1:0 44790
44093 47112 1:0 44737
44093 47111 1:0 44745
44101 29964 21:0 44104
44102 47110 1:0 44744
44102 47109 1:0 44755
44108 47079 1:0 44868
44129 47077 1:0 44875
44141 30363 1:0 45010
44223 47078 1:0 44876
44224 47076 1:0 44886
44224 33 1:0 45012
44233 47046 1:0 44999
44233 47045 1:0 45007
44239 47044 1:0 45006
44260 47043 1:0 45017
44272 47041 1:0 45027
44354 47013 1:0 45130
44355 47021 1:0 45109
44355 47011 1:0 45137
44355 30420 1:0 45147
44364 47012 1:0 45138
44364 47010 1:0 45148
44370 11 1:0 45152
44370 30423 1:0 45157
44370 346 1:0 45259
45257 345 21:0 45307
45270 48639 0:0 45271
45312 48648 21:0 45323
45325 48661 0:0 45328
45330 48663 21:0 45388
45332 48662 0:0 45333
45387 48680 0:0 45388
45387 48664 0:0 45399
45387 48677 21:0 45399
45398 48681 0:0 45399
45401 48694 21:0 45409
45402 29 0:0 45404
45408 48693 0:0 45409
45408 48695 0:0 45409
45408 48696 0:0 45409
45409 48697 21:0 45475
45477 48727 0:0 45480
45482 48729 21:0 45540
45484 48728 0:0 45485
45539 48730 0:0 45551
45553 48760 0:0 45556
45558 48761 21:0 45616
45559 69 0:0 45561
45559 48759 0:0 45561
45560 48762 0:0 45561
45615 48778 21:0 45627
45615 48763 0:0 45627
45629 48793 21:0 45637
45634 48794 0:0 45637
45634 48795 0:0 45637
45636 87 0:0 45637
45637 48796 21:0 45703
45703 101 21:0 45708
45705 48826 0:0 45708
45710 48827 21:0 45768
45712 48828 0:0 45713
45767 48829 0:0 45779
45781 48859 21:0 45789
45788 48861 0:0 45789
45788 48860 0:0 45789
45789 48862 21:0 45855
45854 48879 0:0 45855
45857 48892 21:0 45865
45864 48893 0:0 45865
45864 48894 21:0 45931
45877 48884 0:0 45879
45877 139 0:0 45879
45913 48904 0:0 45915
45919 48910 0:0 45920
45929 48895 0:0 45931
45931 155 21:0 45936
45933 48925 0:0 45936
45938 48926 21:0 45996
45940 48927 0:0 45941
45953 48917 0:0 45955
45995 48928 0:0 46007
46009 48958 21:0 46017
46016 48960 0:0 46017
46016 48959 21:0 46083
46065 48970 0:0 46067
46071 48976 0:0 46072
46081 48961 0:0 46083
46085 48991 0:0 46088
46090 48993 21:0 46148
46092 48992 0:0 46093
46141 49003 0:0 46143
46147 48994 0:0 46159
46150 48996 21:0 46159
46158 49022 21:0 46159
46161 49024 21:0 46169
46168 49026 0:0 46169
46168 49025 21:0 46235
46233 49027 0:0 46235
46237 49057 21:0 46245
46244 49058 0:0 46245
46244 49059 21:0 46311
46257 229 0:0 46259
46299 49075 0:0 46300
46309 49060 0:0 46311
46310 49062 0:0 46311
46313 49090 21:0 46321
46320 49091 0:0 46321
46320 49092 21:0 46387
46333 49082 0:0 46335
46385 49093 0:0 46387
46389 49123 21:0 46397
46396 49124 0:0 46397
46396 49125 21:0 46463
46461 49126 0:0 46463
46465 49156 21:0 46473
46472 49158 0:0 46473
46472 285 0:0 46473
46472 49157 21:0 46539
46527 49172 0:0 46528
46537 49159 0:0 46539
46541 49189 21:0 46549
46548 49191 0:0 46549
46548 49190 21:0 46615
46613 49192 0:0 46615
46617 49222 21:0 46625
46624 49223 0:0 46625
46624 49224 0:0 46625
46626 49223 1:0 46683
46626 49224 1:0 46684
46645 49235 21:0 46655
46686 49222 1:0 46694
46687 49192 1:0 46807
46687 49172 1:0 46864
46696 49190 1:0 46814
46696 49191 1:0 46815
46702 49189 1:0 46825
46723 49159 1:0 46938
46735 285 1:0 46951
46817 49157 1:0 46945
46818 49158 1:0 46946
46818 29568 1:0 46965
46827 49156 1:0 46956
46827 49126 1:0 47069
46833 49125 1:0 47077
46854 49124 1:0 47076
46866 49082 1:0 47233
46948 49123 1:0 47087
46949 49093 1:0 47200
46949 49075 1:0 47257
46958 49091 1:0 47207
46958 49092 1:0 47208
46964 49090 1:0 47218
46985 49060 1:0 47331
46997 49062 1:0 47315
47079 229 1:0 47333
47080 49058 1:0 47338
47080 49059 1:0 47339
47089 49057 1:0 47349
47089 49027 1:0 47462
47095 49025 1:0 47469
47097 49022 1:0 47490
47098 29625 21:0 47122
47116 49026 1:0 47470
47128 49003 1:0 47545
47210 49024 1:0 47480
47211 48996 1:0 47577
47211 48994 1:0 47593
47220 48992 1:0 47600
47220 48993 1:0 47601
47226 48991 1:0 47611
47228 48976 1:0 47650
47231 48970 1:0 47676
47246 29960 1:0 47855
47339 29732 21:0 47344
47341 48961 1:0 47724
47342 48959 1:0 47731
47342 48960 1:0 47732
47350 29736 21:0 47353
47351 48958 1:0 47742
47351 48928 1:0 47855
47357 48926 1:0 47862
47377 48927 1:0 47863
47378 29964 1:0 47872
47390 155 1:0 47877
47470 29789 21:0 47475
47472 48925 1:0 47873
47473 48917 1:0 47888
47473 48910 1:0 47912
47473 48904 1:0 47938
47473 48895 1:0 47986
47482 139 1:0 47988
47482 48894 1:0 47994
47488 48893 1:0 47993
47493 48892 1:0 48004
47508 48879 1:0 48010
47509 48884 1:0 48011
47601 29846 21:0 47606
47603 48862 1:0 48117
47604 48860 1:0 48124
47604 48861 1:0 48125
47612 29850 21:0 47615
47613 48859 1:0 48135
47613 48829 1:0 48248
47619 48827 1:0 48255
47640 48828 1:0 48256
47652 101 1:0 48270
47734 48826 1:0 48266
47735 48796 1:0 48379
47735 87 1:0 48392
47744 48794 1:0 48386
47744 48795 1:0 48387
47750 48793 1:0 48397
47752 48778 1:0 48436
47783 48763 1:0 48510
47863 29960 21:0 47868
47865 48761 1:0 48517
47866 48762 1:0 48518
47866 48759 1:0 48521
47866 69 1:0 48523
47875 48760 1:0 48528
47875 48730 1:0 48641
47881 48729 1:0 48649
47902 48728 1:0 48648
47914 48693 1:0 48783
47996 48727 1:0 48659
47997 48697 1:0 48772
47997 29 1:0 48794
48006 48695 1:0 48779
48006 48696 1:0 48780
48012 48694 1:0 48790
48014 48681 1:0 48820
48017 48677 1:0 48829
48032 48680 1:0 48829
48127 48664 1:0 48903
48128 48662 1:0 48910
48128 48663 1:0 48911
48137 48661 1:0 48921
48137 48648 1:0 48951
48137 48639 1:0 49013
48137 347 1:0 49032
48660 30306 21:0 48663
49030 346 21:0 49080
49098 50312 0:0 49101
49103 50313 21:0 49161
49104 50311 0:0 49106
49105 50314 0:0 49106
49154 50324 0:0 49156
49160 50315 0:0 49172
49160 50328 21:0 49172
49174 50345 0:0 49177
49179 50347 21:0 49237
49181 50346 0:0 49182
49194 31 0:0 49196
49194 50337 0:0 49196
49236 50348 0:0 49248
49245 50376 21:0 49248
49250 50378 0:0 49253
49255 50379 21:0 49313
49257 50380 0:0 49258
49270 50370 0:0 49272
49270 49 0:0 49272
49312 50381 0:0 49324
49326 50411 0:0 49329
49331 50413 21:0 49389
49333 50412 0:0 49334
49388 50414 0:0 49400
49389 50431 21:0 49400
49399 50442 21:0 49400
49402 50444 21:0 49410
49409 50445 0:0 49410
49409 50446 0:0 49410
49410 50447 21:0 49476
49422 85 0:0 49424
49423 50455 0:0 49424
49478 50477 21:0 49486
49485 50478 0:0 49486
49485 50479 0:0 49486
49486 50480 21:0 49552
49540 50493 0:0 49541
49540 50495 0:0 49541
49551 50497 0:0 49552
49554 50510 21:0 49562
49561 50512 0:0 49562
49561 50511 21:0 49628
49610 50522 0:0 49612
49616 50528 0:0 49617
49626 50513 0:0 49628
49627 50530 0:0 49628
49630 50543 21:0 49638
49637 141 0:0 49638
49637 50544 0:0 49638
49637 50545 21:0 49704
49692 50561 0:0 49693
49702 50546 0:0 49704
49703 50574 0:0 49704
49706 50576 21:0 49714
49713 50577 0:0 49714
49713 50578 21:0 49780
49778 50579 0:0 49780
49782 50609 21:0 49790
49787 50611 0:0 49790
49789 50610 0:0 49790
49790 50612 21:0 49856
49844 50627 0:0 49845
49858 50642 21:0 49866
49865 50644 0:0 49866
49865 50643 21:0 49932
49930 50645 0:0 49932
49931 50662 0:0 49932
49934 50675 21:0 49942
49941 50676 0:0 49942
49941 213 0:0 49942
49941 50677 21:0 50008
49954 50667 0:0 49956
50006 50678 0:0 50008
50007 50706 0:0 50008
50010 50708 21:0 50018
50017 50710 0:0 50018
50017 231 0:0 50018
50017 50709 21:0 50084
50082 50711 0:0 50084
50086 50741 21:0 50094
50093 50743 0:0 50094
50093 50742 21:0 50160
50148 50760 0:0 50149
50148 50759 0:0 50149
50158 50744 0:0 50160
50162 50774 21:0 50170
50169 50775 0:0 50170
50169 50776 21:0 50236
50234 50777 0:0 50236
50238 50807 21:0 50246
50245 50809 0:0 50246
50245 50808 21:0 50312
50310 50810 0:0 50312
50314 50840 21:0 50322
50321 50841 0:0 50322
50321 50842 21:0 50388
50386 50843 0:0 50388
50418 50886 21:0 50428
50459 50843 1:0 50580
50460 50842 1:0 50588
50469 50841 1:0 50587
50469 50840 1:0 50598
50475 50810 1:0 50711
50495 50808 1:0 50718
50590 50809 1:0 50719
50591 50807 1:0 50729
50591 50777 1:0 50842
50600 50775 1:0 50849
50600 50776 1:0 50850
50608 50774 1:0 50860
50611 29625 1:0 50869
50626 50759 1:0 50899
50627 50760 1:0 50899
50639 29736 1:0 51075
50721 50744 1:0 50973
50722 50742 1:0 50980
50722 29732 1:0 51104
50731 50743 1:0 50981
50731 50741 1:0 50991
50737 50711 1:0 51104
50758 50709 1:0 51111
50770 231 1:0 51117
50852 50710 1:0 51112
50853 50708 1:0 51122
50853 50706 1:0 51132
50853 29789 1:0 51235
50862 50678 1:0 51235
50862 50677 1:0 51243
50870 50676 1:0 51242
50873 213 1:0 51248
50888 50667 1:0 51268
50889 50662 1:0 51283
50901 29846 1:0 51337
50981 29675 21:0 50986
50983 50675 1:0 51253
50984 29850 1:0 51366
50984 50645 1:0 51366
50993 50643 1:0 51373
50993 50644 1:0 51374
50999 50642 1:0 51384
51019 50612 1:0 51497
51020 50627 1:0 51419
51032 29960 1:0 51628
51114 50610 1:0 51504
51115 50611 1:0 51505
51124 50609 1:0 51515
51124 50579 1:0 51628
51130 50578 1:0 51636
51133 29739 21:0 51157
51150 50577 1:0 51635
51151 50574 1:0 51656
51151 50561 1:0 51685
51245 50576 1:0 51646
51246 50546 1:0 51759
51254 29793 21:0 51257
51255 50544 1:0 51766
51255 50545 1:0 51767
51258 50543 1:0 51777
51261 141 1:0 51772
51261 50530 1:0 51807
51261 50522 1:0 51842
51263 50528 1:0 51816
51294 50513 1:0 51890
51376 50511 1:0 51897
51377 50512 1:0 51898
51377 50497 1:0 51914
51377 50495 1:0 51943
51386 50510 1:0 51908
51386 50480 1:0 52021
51392 50493 1:0 51943
51395 29853 21:0 51419
51397 50478 1:0 52028
51425 50479 1:0 52029
51507 50477 1:0 52039
51508 50455 1:0 52131
51508 50447 1:0 52152
51508 85 1:0 52154
51517 50445 1:0 52159
51517 50446 1:0 52160
51525 50444 1:0 52170
51528 50431 1:0 52200
51543 50442 1:0 52180
51638 50414 1:0 52283
51639 50412 1:0 52290
51639 50413 1:0 52291
51648 50411 1:0 52301
51648 50381 1:0 52414
51656 50379 1:0 52421
51659 49 1:0 52416
51674 30306 1:0 52431
51675 50370 1:0 52447
51687 50376 1:0 52442
51767 30017 21:0 51772
51769 50380 1:0 52422
51770 50378 1:0 52432
51770 31 1:0 52547
51779 50348 1:0 52545
51779 50347 1:0 52553
51785 50346 1:0 52552
51805 50345 1:0 52563
51806 50337 1:0 52578
51818 50328 1:0 52602
51900 50324 1:0 52628
51900 50311 1:0 52687
51901 50315 1:0 52676
51901 50313 1:0 52683
51910 50314 1:0 52684
51910 50312 1:0 52694
51916 348 1:0 52805
52312 30252 21:0 52336
52684 30416 21:0 52689
52695 30420 21:0 52698
52803 347 21:0 52853
52851 51942 0:0 52853
52871 51963 21:0 52879
52876 51964 0:0 52879
52876 51965 0:0 52879
52879 51966 21:0 52945
52933 51981 0:0 52934
52947 51996 21:0 52955
52954 51998 0:0 52955
52954 51997 21:0 53021
53019 51999 0:0 53021
53020 52001 0:0 53021
53023 52029 21:0 53031
53030 52030 0:0 53031
53030 52031 21:0 53097
53043 49 0:0 53045
53043 52021 0:0 53045
53095 52032 0:0 53097
53096 52049 0:0 53097
53096 52034 21:0 53102
53099 52062 0:0 53102
53104 52064 21:0 53162
53106 52063 0:0 53107
53119 67 0:0 53121
53161 52065 0:0 53173
53170 52093 21:0 53173
53175 52095 0:0 53178
53180 52097 21:0 53238
53181 52094 0:0 53183
53182 52096 0:0 53183
53196 52106 0:0 53197
53231 52107 0:0 53233
53237 52098 0:0 53249
53240 52100 21:0 53249
53251 52128 0:0 53254
53256 52130 21:0 53314
53258 52129 0:0 53259
53271 52120 0:0 53273
53272 52139 0:0 53273
53313 52131 0:0 53325
53313 52146 21:0 53325
53327 52161 21:0 53335
53334 52162 0:0 53335
53334 52163 21:0 53401
53347 52153 0:0 53349
53383 52173 0:0 53385
53399 52164 0:0 53401
53403 52194 0:0 53406
53408 52196 21:0 53466
53410 52195 0:0 53411
53465 52197 0:0 53477
53474 52225 21:0 53477
53479 52227 21:0 53487
53486 52229 0:0 53487
53486 52226 0:0 53487
53486 52228 21:0 53553
53541 52245 0:0 53542
53551 52230 0:0 53553
53555 52260 21:0 53563
53560 52262 0:0 53563
53562 52261 0:0 53563
53563 52263 21:0 53629
53575 175 0:0 53577
53628 52265 0:0 53629
53631 52293 21:0 53639
53638 52295 0:0 53639
53638 52294 21:0 53705
53693 52312 0:0 53694
53703 52296 0:0 53705
53707 52326 21:0 53715
53714 52327 0:0 53715
53714 52328 21:0 53781
53727 52318 0:0 53729
53763 52338 0:0 53765
53779 52329 0:0 53781
53783 52359 21:0 53791
53790 52358 0:0 53791
53790 52361 0:0 53791
53790 52360 21:0 53857
53845 52377 0:0 53846
53855 52362 0:0 53857
53859 52392 21:0 53867
53866 52393 0:0 53867
53866 52394 21:0 53933
53931 52395 0:0 53933
53935 52425 21:0 53943
53942 52427 0:0 53943
53942 52426 21:0 54009
53997 52443 0:0 53998
54007 52428 0:0 54009
54011 52458 21:0 54019
54018 52459 0:0 54019
54018 52460 21:0 54085
54083 52461 0:0 54085
54087 52491 21:0 54095
54094 52492 0:0 54095
54094 52493 21:0 54161
54159 52494 0:0 54161
54191 52537 21:0 54201
54232 52494 1:0 54353
54233 52493 1:0 54361
54242 52492 1:0 54360
54242 52491 1:0 54371
54248 52461 1:0 54484
54268 52460 1:0 54492
54269 52443 1:0 54541
54363 52459 1:0 54491
54364 52458 1:0 54502
54373 52428 1:0 54615
54373 52426 1:0 54622
54379 52427 1:0 54623
54384 52425 1:0 54633
54399 29675 1:0 54746
54494 52395 1:0 54746
54495 52393 1:0 54753
54495 52394 1:0 54754
54504 52392 1:0 54764
54504 52377 1:0 54803
54510 52362 1:0 54877
54515 52360 1:0 54884
54530 52358 1:0 54888
54531 29739 1:0 54904
54543 52338 1:0 54960
54623 29618 21:0 54628
54625 52361 1:0 54885
54626 52359 1:0 54895
54626 29793 1:0 55008
54635 52329 1:0 55008
54635 52328 1:0 55016
54641 52327 1:0 55015
54644 29625 21:0 54668
54661 52326 1:0 55026
54662 52318 1:0 55041
54662 52312 1:0 55065
54674 29853 1:0 55162
54756 52296 1:0 55139
54757 52294 1:0 55146
54757 52265 1:0 55254
54766 52295 1:0 55147
54766 52293 1:0 55157
54772 52263 1:0 55270
54774 175 1:0 55272
54805 52261 1:0 55277
54885 29732 21:0 54890
54887 52262 1:0 55278
54888 52260 1:0 55288
54888 52245 1:0 55327
54888 52226 1:0 55412
54897 52230 1:0 55401
54897 52228 1:0 55408
54903 52229 1:0 55409
54924 52227 1:0 55419
54936 52225 1:0 55429
55018 52197 1:0 55532
55019 30017 1:0 55532
55019 52196 1:0 55540
55019 52173 1:0 55615
55028 52195 1:0 55539
55028 52194 1:0 55550
55036 52164 1:0 55663
55067 52163 1:0 55671
55147 29846 21:0 55152
55149 52162 1:0 55670
55150 52161 1:0 55681
55150 52153 1:0 55696
55150 52146 1:0 55720
55150 52139 1:0 55773
55159 52131 1:0 55794
55159 52130 1:0 55802
55167 52129 1:0 55801
55168 29853 21:0 55192
55186 52128 1:0 55812
55193 26144 1:0 58137
55198 52120 1:0 55827
55280 52107 1:0 55877
55280 52106 1:0 55904
55280 52100 1:0 55909
55280 52094 1:0 55936
55281 52098 1:0 55925
55281 52093 1:0 55953
55289 29907 21:0 55292
55290 52096 1:0 55932
55290 52097 1:0 55933
55296 52095 1:0 55943
55316 52065 1:0 56056
55317 67 1:0 56058
55329 30252 1:0 56083
55411 52064 1:0 56064
55412 52063 1:0 56063
55412 52049 1:0 56104
55412 52034 1:0 56171
55421 52062 1:0 56074
55421 52032 1:0 56187
55427 49 1:0 56189
55432 52031 1:0 56195
55447 52021 1:0 56220
55542 52030 1:0 56194
55543 52029 1:0 56205
55543 51999 1:0 56318
55552 52001 1:0 56302
55552 51997 1:0 56325
55558 51998 1:0 56326
55563 51996 1:0 56336
55578 51981 1:0 56371
55673 51966 1:0 56449
55674 51964 1:0 56456
55674 51965 1:0 56457
55683 30416 1:0 56455
55683 30420 1:0 56460
55683 51963 1:0 56467
55683 51942 1:0 56532
55683 349 1:0 56578
55689 26149 1:0 58166
55823 30138 21:0 55847
55933 30188 21:0 55938
56206 30306 21:0 56209
56326 30359 21:0 56331
56468 30420 21:0 56471
56576 348 21:0 56626
56644 53614 0:0 56647
56649 53615 21:0 56707
56650 53613 0:0 56652
56651 53616 0:0 56652
56664 53606 0:0 56666
56706 53617 0:0 56718
56706 53630 21:0 56718
56717 53645 21:0 56718
56718 29 21:0 56723
56720 53647 0:0 56723
56725 53649 21:0 56783
56727 53648 0:0 56728
56740 53639 0:0 56742
56782 53650 0:0 56794
56796 53680 21:0 56804
56803 53681 0:0 56804
56803 53682 21:0 56870
56868 53683 0:0 56870
56872 53713 0:0 56875
56877 53714 21:0 56935
56879 53715 0:0 56880
56934 53716 0:0 56946
56948 53746 21:0 56956
56955 53748 0:0 56956
56955 53747 21:0 57022
56968 85 0:0 56970
57020 53749 0:0 57022
57024 53779 21:0 57032
57029 53781 0:0 57032
57031 53780 0:0 57032
57032 53782 21:0 57098
57044 53771 0:0 57046
57086 53798 0:0 57087
57100 53812 0:0 57103
57105 53814 21:0 57163
57107 53813 0:0 57108
57120 53804 0:0 57122
57121 53823 0:0 57122
57162 53830 21:0 57174
57162 53815 0:0 57174
57176 53845 0:0 57179
57181 53847 21:0 57239
57182 53844 0:0 57184
57183 53846 0:0 57184
57238 53848 0:0 57250
57247 53876 21:0 57250
57252 53878 0:0 57255
57257 53879 21:0 57315
57259 53880 0:0 57260
57314 53894 0:0 57315
57314 53896 21:0 57326
57314 53881 0:0 57326
57325 53883 21:0 57326
57328 53911 21:0 57336
57335 53912 0:0 57336
57335 53913 0:0 57336
57336 53914 21:0 57402
57348 53903 0:0 57350
57404 53944 21:0 57412
57411 53945 0:0 57412
57411 53946 0:0 57412
57412 53947 21:0 57478
57477 53949 0:0 57478
57477 53964 0:0 57478
57480 53977 21:0 57488
57487 53978 0:0 57488
57487 53979 21:0 57554
57500 211 0:0 57502
57500 53969 0:0 57502
57552 53980 0:0 57554
57556 54010 0:0 57559
57561 54012 21:0 57619
57562 54009 0:0 57564
57563 54011 0:0 57564
57618 54013 0:0 57630
57619 54030 21:0 57630
57629 54041 21:0 57630
57632 54043 0:0 57635
57637 54045 21:0 57695
57639 54044 0:0 57640
57694 54046 0:0 57706
57694 54061 21:0 57706
57708 54076 21:0 57716
57715 54077 0:0 57716
57715 54078 21:0 57782
57728 265 0:0 57730
57780 54079 0:0 57782
57784 54109 21:0 57792
57791 54110 0:0 57792
57791 54111 21:0 57858
57856 54112 0:0 57858
57860 54142 21:0 57868
57867 54144 0:0 57868
57867 54143 21:0 57934
57932 54145 0:0 57934
58015 54145 1:0 58108
58016 26150 1:0 58167
58016 26151 1:0 58176
58016 26152 1:0 58177
58016 26153 1:0 58186
58016 26154 1:0 58187
58016 26156 1:0 58197
58025 54143 1:0 58233
58025 26155 1:0 58196
58031 54144 1:0 58234
58036 54142 1:0 58244
58064 54112 1:0 58329
58105 26298 1:0 58397
58105 26302 1:0 58417
58113 26299 1:0 58398
58118 26300 1:0 58407
58133 26301 1:0 58408
58134 26290 1:0 58357
58134 26291 1:0 58358
58134 26296 1:0 58387
58134 26297 1:0 58388
58134 26437 1:0 58578
58134 26438 1:0 58579
58135 26303 1:0 58418
58184 29618 1:0 58549
58203 26156 21:0 58228
58226 26151 0:0 58228
58226 26153 0:0 58228
58226 26154 0:0 58228
58226 26152 0:0 58228
58227 26150 0:0 58228
58227 26149 0:0 58228
58227 26144 0:0 58228
58227 26143 0:0 58228
58227 26155 0:0 58228
58236 54111 1:0 58455
58237 54110 1:0 58454
58237 54109 1:0 58465
58246 54079 1:0 58550
58246 26445 1:0 58618
58246 26446 1:0 58619
58246 26447 1:0 58628
58246 26449 1:0 58638
58252 26443 1:0 58608
58252 26444 1:0 58609
58252 26448 1:0 58629
58252 26450 1:0 58639
58252 26584 1:0 58799
58254 265 1:0 58670
58285 54078 1:0 58676
58339 54077 1:0 58675
58356 54076 1:0 58686
58405 29625 1:0 58695
58415 54061 1:0 58725
58425 26594 1:0 58849
58427 26302 21:0 58449
58448 26301 0:0 58449
58448 26303 0:0 58449
58448 26300 0:0 58449
58448 26299 0:0 58449
58448 26298 0:0 58449
58448 26297 0:0 58449
58448 26296 0:0 58449
58448 26291 0:0 58449
58448 26290 0:0 58449
58457 54046 1:0 58771
58458 26585 1:0 58800
58458 26590 1:0 58829
58458 26591 1:0 58830
58458 26592 1:0 58839
58458 26593 1:0 58840
58458 26595 1:0 58850
58458 26596 1:0 58859
58458 26597 1:0 58860
58467 54044 1:0 58896
58467 54045 1:0 58897
58475 54043 1:0 58907
58478 54030 1:0 58937
58493 54041 1:0 58917
58494 29732 1:0 58991
58547 54013 1:0 58992
58555 26731 1:0 59020
58560 26741 1:0 59070
58575 26740 1:0 59061
58576 26739 1:0 59060
58576 26742 1:0 59071
58577 26732 1:0 59021
58577 26738 1:0 59051
58626 26737 1:0 59050
58626 26878 1:0 59241
58626 26879 1:0 59242
58626 26884 1:0 59271
58636 26743 1:0 59080
58646 26744 1:0 59081
58648 26449 21:0 58670
58669 26438 0:0 58670
58669 26443 0:0 58670
58669 26444 0:0 58670
58669 26450 0:0 58670
58669 26445 0:0 58670
58669 26446 0:0 58670
58669 26437 0:0 58670
58669 26447 0:0 58670
58669 26448 0:0 58670
58678 54012 1:0 59118
58679 54011 1:0 59117
58679 54009 1:0 59121
58679 26890 1:0 59301
58688 54010 1:0 59128
58688 53980 1:0 59213
58694 26886 1:0 59281
58694 26887 1:0 59282
58694 26888 1:0 59291
58696 26889 1:0 59292
58699 26885 1:0 59272
58699 27025 1:0 59462
58699 27026 1:0 59463
58714 26891 1:0 59302
58715 211 1:0 59333
58768 53979 1:0 59339
58797 53978 1:0 59338
58859 26594 21:0 58891
58867 53977 1:0 59349
58889 26596 0:0 58891
58890 26595 0:0 58891
58890 26593 0:0 58891
58890 26592 0:0 58891
58890 26597 0:0 58891
58890 26584 0:0 58891
58890 26591 0:0 58891
58890 26585 0:0 58891
58890 26590 0:0 58891
58899 53947 1:0 59433
58900 53969 1:0 59364
58900 53964 1:0 59379
58900 53949 1:0 59446
58900 27033 1:0 59502
58900 27034 1:0 59503
58900 27035 1:0 59512
58909 29846 1:0 59558
58909 29853 1:0 59563
58909 27031 1:0 59492
58909 27032 1:0 59493
58909 27036 1:0 59513
58909 27037 1:0 59522
58909 27038 1:0 59523
58915 53945 1:0 59559
58935 53946 1:0 59560
58936 27184 1:0 59743
58989 53944 1:0 59570
59018 53914 1:0 59654
59019 27180 1:0 59723
59068 27181 1:0 59724
59078 27182 1:0 59733
59080 26741 21:0 59112
59088 27183 1:0 59734
59110 26742 0:0 59112
59111 26740 0:0 59112
59111 26737 0:0 59112
59111 26738 0:0 59112
59111 26744 0:0 59112
59111 26739 0:0 59112
59111 26743 0:0 59112
59111 26732 0:0 59112
59111 26731 0:0 59112
59120 29907 1:0 59784
59120 53883 1:0 59821
59120 27172 1:0 59683
59120 27173 1:0 59684
59120 27178 1:0 59713
59120 27179 1:0 59714
59120 27185 1:0 59744
59121 53913 1:0 59781
59121 53903 1:0 59806
59121 53896 1:0 59830
59130 53912 1:0 59780
59130 53911 1:0 59791
59136 53894 1:0 59830
59136 27327 1:0 59944
59136 27328 1:0 59945
59157 53881 1:0 59993
59169 27329 1:0 59954
59169 27330 1:0 59955
59210 27319 1:0 59904
59210 27320 1:0 59905
59210 27325 1:0 59934
59210 27326 1:0 59935
59218 27331 1:0 59964
59223 27332 1:0 59965
59238 27466 1:0 60125
59238 27467 1:0 60126
59238 27473 1:0 60156
59289 53879 1:0 60001
59299 53876 1:0 60022
59309 27474 1:0 60165
59311 26890 21:0 59333
59332 26889 0:0 59333
59332 26888 0:0 59333
59332 26891 0:0 59333
59332 26878 0:0 59333
59332 26879 0:0 59333
59332 26887 0:0 59333
59332 26886 0:0 59333
59332 26884 0:0 59333
59332 26885 0:0 59333
59341 53880 1:0 60002
59342 53878 1:0 60012
59342 27475 1:0 60166
59342 27476 1:0 60175
59351 53848 1:0 60097
59351 27472 1:0 60155
59351 27477 1:0 60176
59351 27478 1:0 60185
59351 27479 1:0 60186
59351 27613 1:0 60346
59359 53847 1:0 60223
59362 53844 1:0 60226
59390 53846 1:0 60222
59459 53845 1:0 60233
59460 53830 1:0 60272
59520 53815 1:0 60318
59522 27035 21:0 59554
59530 27622 1:0 60387
59552 27037 0:0 59554
59552 27036 0:0 59554
59553 27032 0:0 59554
59553 27033 0:0 59554
59553 27038 0:0 59554
59553 27034 0:0 59554
59553 27031 0:0 59554
59553 27025 0:0 59554
59553 27026 0:0 59554
59562 53823 1:0 60325
59562 27621 1:0 60386
59562 27623 1:0 60396
59562 27624 1:0 60397
59563 27614 1:0 60347
59563 27619 1:0 60376
59563 27620 1:0 60377
59563 27625 1:0 60406
59563 27626 1:0 60407
59572 53813 1:0 60443
59572 53814 1:0 60444
59578 53812 1:0 60454
59583 53782 1:0 60538
59598 53804 1:0 60469
59599 53798 1:0 60493
59611 27768 1:0 60607
59611 27771 1:0 60618
59652 27769 1:0 60608
59652 27770 1:0 60617
59660 27760 1:0 60567
59665 27761 1:0 60568
59665 27766 1:0 60597
59665 27767 1:0 60598
59680 27772 1:0 60627
59681 27773 1:0 60628
59741 53781 1:0 60665
59751 53771 1:0 60690
59753 27184 21:0 59775
59774 27173 0:0 59775
59774 27172 0:0 59775
59774 27180 0:0 59775
59774 27181 0:0 59775
59774 27182 0:0 59775
59774 27183 0:0 59775
59774 27185 0:0 59775
59774 27179 0:0 59775
59774 27178 0:0 59775
59783 53780 1:0 60664
59784 53779 1:0 60675
59784 30138 1:0 60684
59784 30188 1:0 60759
59793 53749 1:0 60877
59793 27915 1:0 60828
59793 27916 1:0 60829
59793 27917 1:0 60838
59793 27918 1:0 60839
59799 27907 1:0 60788
59799 27908 1:0 60789
59799 27913 1:0 60818
59799 27914 1:0 60819
59799 27919 1:0 60848
59799 27920 1:0 60849
59801 85 1:0 60880
59832 53747 1:0 60885
59886 53748 1:0 60886
59901 28054 1:0 61009
59901 28055 1:0 61010
59951 27328 21:0 59996
59952 53746 1:0 60896
59962 28066 1:0 61069
59972 28063 1:0 61050
59994 27331 0:0 59996
59995 27329 0:0 59996
59995 27319 0:0 59996
59995 27330 0:0 59996
59995 27332 0:0 59996
59995 27327 0:0 59996
59995 27320 0:0 59996
59995 27325 0:0 59996
59995 27326 0:0 59996
60004 53716 1:0 60981
60005 28060 1:0 61039
60005 28061 1:0 61040
60005 28062 1:0 61049
60005 28064 1:0 61059
60005 28065 1:0 61060
60005 28067 1:0 61070
60005 28201 1:0 61230
60014 53714 1:0 61106
60014 53715 1:0 61107
60020 53713 1:0 61117
60022 30306 1:0 61201
60025 28210 1:0 61271
60053 53683 1:0 61319
60094 28209 1:0 61270
60094 28211 1:0 61280
60102 28202 1:0 61231
60107 28212 1:0 61281
60122 28207 1:0 61260
60122 28208 1:0 61261
60122 28348 1:0 61451
60123 28213 1:0 61290
60123 28214 1:0 61291
60175 27474 21:0 60217
60193 53682 1:0 61328
60215 27476 0:0 60217
60216 27466 0:0 60217
60216 27475 0:0 60217
60216 27479 0:0 60217
60216 27478 0:0 60217
60216 27477 0:0 60217
60216 27472 0:0 60217
60216 27467 0:0 60217
60216 27473 0:0 60217
60225 53681 1:0 61327
60226 53680 1:0 61338
60226 30359 1:0 61422
60226 28360 1:0 61511
60235 53650 1:0 61423
60235 28356 1:0 61491
60235 28357 1:0 61492
60235 28358 1:0 61501
60235 28359 1:0 61502
60241 28349 1:0 61452
60241 28354 1:0 61481
60241 28355 1:0 61482
60241 28361 1:0 61512
60261 53649 1:0 61549
60262 29 1:0 61561
60315 53648 1:0 61548
60323 28495 1:0 61672
60344 53647 1:0 61559
60345 52537 1:0 61614
60393 27622 21:0 60438
60394 53645 1:0 61564
60404 53630 1:0 61592
60414 30420 1:0 61592
60436 27625 0:0 60438
60436 27621 0:0 60438
60437 27620 0:0 60438
60437 27614 0:0 60438
60437 27624 0:0 60438
60437 27623 0:0 60438
60437 27626 0:0 60438
60437 27619 0:0 60438
60437 27613 0:0 60438
60446 53639 1:0 61574
60446 50886 1:0 61643
60446 28496 1:0 61673
60446 28502 1:0 61703
60446 28503 1:0 61712
60446 28508 1:0 61733
60447 53617 1:0 61644
60447 28504 1:0 61713
60447 28505 1:0 61722
60456 53615 1:0 61769
60456 45933 1:0 61776
60456 28501 1:0 61702
60456 28506 1:0 61723
60456 28507 1:0 61732
60462 53616 1:0 61770
60464 53613 1:0 61773
60467 47584 1:0 61776
60467 49235 1:0 61776
60482 44282 1:0 61782
60482 37678 1:0 61782
60483 42631 1:0 61782
60536 53614 1:0 61780
60544 36027 1:0 61785
60549 39329 1:0 61785
60564 40980 1:0 61785
60564 31074 1:0 61803
60565 53606 1:0 61795
60565 32725 1:0 61803
60565 34376 1:0 61803
60566 29423 1:0 61813
60566 28642 1:0 61893
60615 334 1:0 61864
60624 27771 21:0 60659
60625 28655 1:0 61954
60635 28651 1:0 61934
60657 27768 0:0 60659
60658 27766 0:0 60659
60658 27760 0:0 60659
60658 27761 0:0 60659
60658 27772 0:0 60659
60658 27769 0:0 60659
60658 27770 0:0 60659
60658 27773 0:0 60659
60658 27767 0:0 60659
60667 28744 1:0 61994
60667 28643 1:0 61894
60667 28648 1:0 61923
60667 28649 1:0 61924
60667 28650 1:0 61933
60667 28652 1:0 61943
60667 28653 1:0 61944
60667 28745 1:0 61995
60668 28654 1:0 61953
60835 27916 21:0 60880
60878 27919 0:0 60880
60879 27913 0:0 60880
60879 27920 0:0 60880
60879 27918 0:0 60880
60879 27915 0:0 60880
60879 27917 0:0 60880
60879 27914 0:0 60880
60879 27908 0:0 60880
60879 27907 0:0 60880
61079 28066 21:0 61101
61100 28064 0:0 61101
61100 28062 0:0 61101
61100 28063 0:0 61101
61100 28055 0:0 61101
61100 28067 0:0 61101
61100 28065 0:0 61101
61100 28061 0:0 61101
61100 28054 0:0 61101
61100 28060 0:0 61101
61277 28210 21:0 61322
61320 28211 0:0 61322
61321 28214 0:0 61322
61321 28201 0:0 61322
61321 28207 0:0 61322
61321 28212 0:0 61322
61321 28213 0:0 61322
61321 28209 0:0 61322
61321 28208 0:0 61322
61321 28202 0:0 61322
61521 28360 21:0 61543
61542 28361 0:0 61543
61542 28357 0:0 61543
61542 28358 0:0 61543
61542 28356 0:0 61543
61542 28359 0:0 61543
61542 28354 0:0 61543
61542 28349 0:0 61543
61542 28355 0:0 61543
61542 28348 0:0 61543
61739 28508 21:0 61764
61762 28503 0:0 61764
61762 28504 0:0 61764
61762 28505 0:0 61764
61762 28506 0:0 61764
61763 28501 0:0 61764
61763 28495 0:0 61764
61763 28507 0:0 61764
61763 28502 0:0 61764
61763 28496 0:0 61764
61960 28655 21:0 167
