91 13480 21:0 129
128 13483 21:0 140
139 13482 21:0 145
144 13479 21:0 145
144 13481 21:0 150
149 13647 21:0 205
204 13646 21:0 216
299 13714 21:0 316
315 13713 21:0 368
367 13712 21:0 373
375 13747 21:0 392
391 13745 21:0 444
443 13748 21:0 449
448 13715 21:0 468
467 13779 21:0 520
527 13812 21:0 544
543 13813 21:0 596
598 13844 21:0 606
606 13847 21:0 672
674 13877 21:0 682
681 13878 21:0 732
731 13811 21:0 748
747 13879 21:0 758
758 13913 21:0 824
826 13943 21:0 834
833 13945 21:0 884
883 13946 21:0 900
899 13880 21:0 910
978 14009 21:0 986
985 14010 21:0 1036
1062 14045 21:0 1128
1138 14078 21:0 1204
1211 14110 21:0 1228
1359 14175 21:0 1367
1367 14178 21:0 1433
1432 14177 21:0 1438
1437 14176 21:0 1443
1443 14211 21:0 1509
1508 14209 21:0 1514
1513 14210 21:0 1519
1518 14242 21:0 1582
1581 14241 21:0 1590
1589 14244 21:0 1595
1594 14276 21:0 1650
1649 14243 21:0 1666
1665 14277 21:0 1671
1670 14275 21:0 1721
1720 14274 21:0 1737
1739 14340 21:0 1747
1746 14341 21:0 1797
1796 14343 21:0 1813
1812 14342 21:0 1823
1822 14373 21:0 1841
1840 14374 21:0 1889
1888 14376 21:0 1894
1893 14375 21:0 1913
1912 14406 21:0 1965
1964 14407 21:0 1970
1969 14408 21:0 1975
1974 14409 21:0 2041
2040 14439 21:0 2046
2045 14440 21:0 2051
2050 14441 21:0 2106
2105 14442 21:0 2122
2121 14472 21:0 2127
2126 14473 21:0 2182
2181 14474 21:0 2198
2197 14310 21:0 2203
2202 14308 21:0 2253
2252 14309 21:0 2269
2268 14307 21:0 2279
2278 14208 21:0 2297
2296 14505 21:0 2345
2344 14475 21:0 2350
2349 14508 21:0 2369
2368 14506 21:0 2421
2420 14538 21:0 2426
2425 14507 21:0 2431
2430 14540 21:0 2497
2496 14573 21:0 2502
2501 14574 21:0 2507
2506 14539 21:0 2516
2515 14571 21:0 2523
2520 14110 1:0 2640
2521 14078 1:0 2755
2521 14045 1:0 2877
2522 14572 21:0 2526
2524 14010 1:0 3005
2525 14541 21:0 2531
2527 14009 1:0 3015
2529 13946 1:0 3243
2532 13945 1:0 3250
2535 13943 1:0 3259
2546 304 21:0 2560
2559 14604 21:0 2632
2565 13913 1:0 3365
2616 13880 1:0 3412
2631 14605 21:0 2638
2637 14606 21:0 2645
2642 13879 1:0 3487
2643 13878 1:0 3493
2643 13877 1:0 3503
2644 14607 21:0 2648
2646 13847 1:0 3609
2649 13844 1:0 3625
2651 13813 1:0 3731
2657 13812 1:0 3737
2764 13811 1:0 3747
2765 13779 1:0 3859
2765 13748 1:0 3975
2773 13747 1:0 3982
2779 13745 1:0 3991
2886 13715 1:0 4022
2887 13713 1:0 4097
2887 13714 1:0 4104
2895 13712 1:0 4113
2901 13647 1:0 4347
2905 305 1:0 5679
3008 13646 1:0 4357
4529 15617 21:0 4537
4536 15618 21:0 4587
4586 15619 21:0 4603
4602 15620 21:0 4613
4612 15650 21:0 4631
4630 15652 21:0 4679
4678 15651 21:0 4684
4683 15653 21:0 4703
4702 15683 21:0 4755
4754 15686 21:0 4760
4759 15716 21:0 4765
4764 15718 21:0 4831
4830 15717 21:0 4836
4835 15719 21:0 4841
4840 15749 21:0 4896
4895 15751 21:0 4912
4911 15750 21:0 4917
4916 15752 21:0 4972
4971 15782 21:0 4987
4986 15785 21:0 4993
4992 15815 21:0 5043
5042 15817 21:0 5059
5058 15816 21:0 5069
5068 15818 21:0 5087
5086 15848 21:0 5135
5134 15850 21:0 5140
5139 15849 21:0 5159
5158 15685 21:0 5211
5210 15684 21:0 5216
5215 15784 21:0 5221
5220 15881 21:0 5287
5286 15851 21:0 5292
5291 15783 21:0 5297
5296 15882 21:0 5352
5351 15916 21:0 5368
5367 15884 21:0 5373
5372 15914 21:0 5428
5427 15917 21:0 5444
5443 15949 21:0 5449
5448 15883 21:0 5499
5498 15948 21:0 5515
5514 15947 21:0 5525
5524 15915 21:0 5543
5542 16015 21:0 5591
5590 16013 21:0 5596
5595 15980 21:0 5615
5614 16016 21:0 5667
5666 15950 21:0 5672
5671 15982 21:0 5677
5676 15981 21:0 5686
5685 16047 21:0 5694
5691 14607 1:0 5863
5692 14606 1:0 5943
5692 14605 1:0 5950
5693 16046 21:0 5697
5696 16049 21:0 5706
5698 14604 1:0 5961
5701 14572 1:0 5994
5701 14574 1:0 6074
5707 14573 1:0 6082
5707 14571 1:0 6092
5720 305 21:0 5734
5727 14541 1:0 6125
5733 16082 21:0 5811
5740 14539 1:0 6205
5794 14540 1:0 6213
5810 16081 21:0 5817
5810 14538 1:0 6223
5816 16014 21:0 5825
5822 14507 1:0 6256
5823 14508 1:0 6336
5824 16112 21:0 5828
5826 14506 1:0 6343
5827 16048 21:0 5837
5829 14505 1:0 6354
5832 14475 1:0 6387
5832 14474 1:0 6467
5836 16079 21:0 5865
5838 14473 1:0 6474
5838 14472 1:0 6485
5843 14442 1:0 6518
5864 16080 21:0 5945
5866 14441 1:0 6598
5871 14440 1:0 6605
5925 14439 1:0 6616
5953 14409 1:0 6649
5954 14408 1:0 6729
5963 14407 1:0 6736
5963 14406 1:0 6747
5969 14375 1:0 6780
5989 14376 1:0 6860
6002 14374 1:0 6867
6084 14373 1:0 6878
6085 14342 1:0 6911
6094 14343 1:0 6991
6094 14341 1:0 6998
6100 14340 1:0 7009
6120 14309 1:0 7042
6215 14310 1:0 7122
6216 14308 1:0 7129
6216 14307 1:0 7140
6225 14275 1:0 7173
6225 14277 1:0 7253
6233 14276 1:0 7261
6252 14274 1:0 7271
6346 14243 1:0 7304
6347 14244 1:0 7384
6347 14242 1:0 7391
6356 14241 1:0 7402
6356 14210 1:0 7435
6364 14211 1:0 7515
6383 14209 1:0 7522
6395 306 1:0 8994
6477 14208 1:0 7533
6478 14176 1:0 7566
6487 14178 1:0 7646
6487 14177 1:0 7654
6493 14175 1:0 7664
6498 16112 1:0 9014
6526 16080 1:0 9047
6608 16082 1:0 9127
7844 17059 21:0 7852
7851 17061 21:0 7902
7901 17060 21:0 7918
7917 17062 21:0 7928
7927 17092 21:0 7946
7945 17094 21:0 7994
7993 17093 21:0 7999
7998 17095 21:0 8018
8017 17125 21:0 8070
8069 17126 21:0 8075
8074 17127 21:0 8080
8079 17128 21:0 8146
8145 17158 21:0 8151
8150 17161 21:0 8156
8155 17191 21:0 8211
8210 17193 21:0 8227
8226 17192 21:0 8232
8231 17194 21:0 8287
8286 17224 21:0 8303
8302 17225 21:0 8308
8307 17226 21:0 8358
8357 17227 21:0 8374
8373 17257 21:0 8384
8383 17260 21:0 8402
8401 17290 21:0 8450
8449 17291 21:0 8455
8454 17292 21:0 8474
8473 17293 21:0 8526
8525 17160 21:0 8531
8530 17259 21:0 8536
8535 17325 21:0 8602
8601 17326 21:0 8607
8606 17159 21:0 8612
8611 17323 21:0 8673
8672 17258 21:0 8683
8682 17358 21:0 8688
8687 17389 21:0 8743
8742 17324 21:0 8759
8758 17359 21:0 8764
8763 17357 21:0 8814
8813 17392 21:0 8830
8829 17423 21:0 8840
8839 17356 21:0 8862
8861 17391 21:0 8906
8905 17390 21:0 8911
8910 17458 21:0 8930
8929 17425 21:0 8982
8981 17457 21:0 8987
8986 17456 21:0 8997
8995 16081 1:0 9135
8996 17422 21:0 9001
9000 17524 21:0 9009
9006 16079 1:0 9145
9007 16048 1:0 9178
9007 16049 1:0 9258
9008 17522 21:0 9012
9011 17491 21:0 9021
9013 16047 1:0 9265
9016 16046 1:0 9276
9016 16014 1:0 9309
9022 16016 1:0 9389
9022 16015 1:0 9397
9035 306 21:0 9049
9042 16013 1:0 9407
9048 17424 21:0 9128
9055 15981 1:0 9520
9109 15982 1:0 9528
9127 17455 21:0 9132
9129 15980 1:0 9538
9131 17523 21:0 9140
9137 15950 1:0 9571
9138 15948 1:0 9651
9139 17490 21:0 9143
9141 15949 1:0 9659
9142 17488 21:0 9152
9144 15947 1:0 9669
9147 15915 1:0 9702
9147 15917 1:0 9782
9153 15916 1:0 9790
9153 15914 1:0 9800
9158 15883 1:0 9833
9186 15884 1:0 9913
9268 15882 1:0 9920
9269 15881 1:0 9931
9278 15851 1:0 9964
9278 15849 1:0 10044
9284 15850 1:0 10052
9304 15848 1:0 10062
9317 15818 1:0 10095
9399 15816 1:0 10175
9400 15817 1:0 10183
9409 15815 1:0 10193
9409 15783 1:0 10226
9415 15785 1:0 10306
9435 15784 1:0 10314
9530 15782 1:0 10324
9531 15752 1:0 10357
9531 15750 1:0 10437
9540 15751 1:0 10445
9540 15749 1:0 10455
9548 15719 1:0 10488
9567 15717 1:0 10568
9661 15718 1:0 10576
9662 15716 1:0 10586
9662 15684 1:0 10619
9671 15686 1:0 10699
9671 15685 1:0 10707
9679 15683 1:0 10717
9698 15653 1:0 10750
9792 15651 1:0 10830
9793 15652 1:0 10838
9802 15650 1:0 10848
9802 15620 1:0 10881
9808 15619 1:0 10961
9812 15618 1:0 10968
9813 307 1:0 12309
9841 15617 1:0 10979
9923 17523 1:0 12362
11159 18501 21:0 11167
11166 18502 21:0 11217
11216 18503 21:0 11233
11232 18504 21:0 11243
11242 18534 21:0 11261
11260 18537 21:0 11309
11311 18567 21:0 11319
11318 18568 21:0 11369
11368 18569 21:0 11385
11384 18570 21:0 11395
11394 18600 21:0 11413
11412 18602 21:0 11461
11460 18601 21:0 11466
11465 18603 21:0 11485
11484 18633 21:0 11537
11536 18635 21:0 11542
11541 18634 21:0 11547
11546 18636 21:0 11613
11612 18666 21:0 11618
11617 18668 21:0 11623
11622 18667 21:0 11678
11677 18669 21:0 11694
11693 18699 21:0 11699
11698 18702 21:0 11754
11753 18734 21:0 11768
11767 18733 21:0 11775
11774 18536 21:0 11825
11824 18701 21:0 11841
11840 18732 21:0 11851
11850 18765 21:0 11869
11868 18700 21:0 11917
11916 18735 21:0 11922
11921 18535 21:0 11941
11940 18801 21:0 11993
11992 18800 21:0 11998
11997 18766 21:0 12003
12002 18768 21:0 12069
12068 18798 21:0 12074
12073 18799 21:0 12079
12078 18832 21:0 12134
12133 18833 21:0 12150
12149 18834 21:0 12155
12154 18831 21:0 12210
12209 18767 21:0 12226
12225 18865 21:0 12231
12230 18864 21:0 12281
12280 18866 21:0 12297
12296 18897 21:0 12307
12306 18898 21:0 12313
12310 17524 1:0 12442
12312 18933 21:0 12316
12315 18899 21:0 12324
12321 17522 1:0 12449
12322 17491 1:0 12573
12322 17490 1:0 12581
12323 18900 21:0 12333
12331 17488 1:0 12591
12331 17456 1:0 12624
12332 18931 21:0 12336
12334 17458 1:0 12704
12337 17457 1:0 12712
12337 17455 1:0 12722
12350 307 21:0 12364
12357 17424 1:0 12755
12363 18963 21:0 12444
12370 17425 1:0 12835
12424 17423 1:0 12842
12443 18964 21:0 12447
12445 17422 1:0 12853
12446 18966 21:0 12455
12452 17390 1:0 12886
12453 17392 1:0 12966
12454 18932 21:0 12458
12456 17391 1:0 12974
12457 18965 21:0 12467
12459 17389 1:0 12984
12462 17357 1:0 13017
12462 17359 1:0 13097
12468 17358 1:0 13105
12468 17356 1:0 13115
12473 17324 1:0 13148
12501 17326 1:0 13228
12583 17325 1:0 13236
12584 17323 1:0 13246
12593 17293 1:0 13279
12593 17292 1:0 13359
12599 17291 1:0 13366
12619 17290 1:0 13377
12632 17258 1:0 13410
12714 17260 1:0 13490
12715 17259 1:0 13498
12724 17257 1:0 13508
12724 17227 1:0 13541
12730 17226 1:0 13621
12750 17225 1:0 13628
12845 17224 1:0 13639
12846 17194 1:0 13672
12846 17192 1:0 13752
12855 17193 1:0 13760
12855 17191 1:0 13770
12863 17159 1:0 13803
12882 17161 1:0 13883
12976 17160 1:0 13891
12977 17158 1:0 13901
12977 17128 1:0 13934
12986 17127 1:0 14014
12986 17126 1:0 14021
12994 17125 1:0 14032
13013 17095 1:0 14065
13107 17093 1:0 14145
13108 17094 1:0 14153
13117 17092 1:0 14163
13117 17062 1:0 14196
13123 17060 1:0 14276
13127 17061 1:0 14284
13128 308 1:0 15624
13156 17059 1:0 14294
13238 18965 1:0 15677
14474 19943 21:0 14482
14481 19945 21:0 14532
14531 19946 21:0 14548
14547 19944 21:0 14558
14557 19976 21:0 14576
14575 19978 21:0 14624
14623 19977 21:0 14629
14628 19979 21:0 14648
14647 20011 21:0 14700
14699 20010 21:0 14705
14704 20012 21:0 14710
14709 20042 21:0 14776
14775 20045 21:0 14781
14780 20075 21:0 14786
14785 20077 21:0 14843
14842 20076 21:0 14857
14856 20078 21:0 14862
14861 20108 21:0 14917
14916 20111 21:0 14933
14932 20141 21:0 14938
14937 20143 21:0 14988
14987 20142 21:0 15004
15003 20144 21:0 15014
15013 20174 21:0 15032
15031 20175 21:0 15080
15079 20176 21:0 15085
15084 20177 21:0 15104
15103 20207 21:0 15156
15155 20209 21:0 15161
15160 20208 21:0 15166
15165 20241 21:0 15232
15231 20044 21:0 15237
15236 20109 21:0 15242
15241 20242 21:0 15305
15304 20043 21:0 15313
15312 20275 21:0 15318
15317 20009 21:0 15373
15372 20240 21:0 15389
15388 20210 21:0 15394
15393 20276 21:0 15444
15443 20307 21:0 15460
15459 20243 21:0 15470
15469 20308 21:0 15492
15491 20110 21:0 15536
15535 20341 21:0 15541
15540 20339 21:0 15560
15559 20340 21:0 15612
15611 20309 21:0 15617
15616 20375 21:0 15628
15625 18966 1:0 15757
15627 20374 21:0 15631
15630 20342 21:0 15639
15636 18964 1:0 15764
15637 18963 1:0 15775
15637 18932 1:0 15808
15638 20406 21:0 15642
15641 20273 21:0 15651
15643 18933 1:0 15888
15646 18931 1:0 15895
15646 18900 1:0 15939
15652 18899 1:0 16019
15652 18898 1:0 16026
15665 308 21:0 15679
15672 18897 1:0 16037
15678 20306 21:0 15756
15685 18866 1:0 16150
15739 18865 1:0 16157
15755 20405 21:0 15762
15755 18864 1:0 16168
15761 20274 21:0 15770
15767 18834 1:0 16201
15768 18833 1:0 16281
15769 20373 21:0 15773
15771 18832 1:0 16288
15772 20407 21:0 15782
15774 18831 1:0 16299
15777 18799 1:0 16332
15777 18801 1:0 16412
15783 18800 1:0 16420
15783 18798 1:0 16430
15788 18767 1:0 16463
15816 18768 1:0 16543
15898 18766 1:0 16550
15899 18765 1:0 16561
15908 18735 1:0 16594
15908 18733 1:0 16674
15914 18734 1:0 16682
15934 18732 1:0 16692
15947 18700 1:0 16725
16029 18702 1:0 16805
16030 18701 1:0 16813
16039 18699 1:0 16823
16039 18669 1:0 16856
16045 18667 1:0 16936
16065 18668 1:0 16944
16160 18666 1:0 16954
16161 18636 1:0 16987
16161 18634 1:0 17067
16170 18635 1:0 17075
16170 18633 1:0 17085
16178 18603 1:0 17118
16197 18601 1:0 17198
16291 18602 1:0 17206
16292 18600 1:0 17216
16292 18570 1:0 17249
16301 18569 1:0 17329
16301 18568 1:0 17336
16309 18567 1:0 17347
16328 18535 1:0 17380
16422 18537 1:0 17460
16423 18536 1:0 17468
16432 18534 1:0 17478
16432 18504 1:0 17511
16438 18503 1:0 17591
16442 18502 1:0 17598
16443 309 1:0 18939
16471 18501 1:0 17609
16553 20407 1:0 19072
17771 21371 21:0 17787
17789 21385 21:0 17797
17796 21386 21:0 17847
17846 21387 21:0 17863
17862 21388 21:0 17873
17872 21418 21:0 17891
17890 21420 21:0 17939
17938 21419 21:0 17944
17943 21421 21:0 17963
17962 21451 21:0 18015
18014 21452 21:0 18020
18019 21453 21:0 18025
18024 21454 21:0 18091
18090 21484 21:0 18096
18095 21486 21:0 18101
18100 21485 21:0 18158
18157 21487 21:0 18172
18171 21517 21:0 18177
18176 21518 21:0 18232
18231 21519 21:0 18248
18247 21520 21:0 18253
18252 21550 21:0 18303
18302 21552 21:0 18319
18318 21551 21:0 18329
18328 21553 21:0 18347
18346 21583 21:0 18395
18394 21585 21:0 18400
18399 21584 21:0 18419
18418 21652 21:0 18471
18470 21500 21:0 18471
18473 21682 21:0 18481
18480 21586 21:0 18531
18530 21616 21:0 18547
18546 21618 21:0 18557
18556 21617 21:0 18575
18574 21619 21:0 18623
18622 21649 21:0 18628
18627 21650 21:0 18647
18646 21651 21:0 18699
18698 21683 21:0 18704
18703 21684 21:0 18709
18708 21685 21:0 18775
18774 21715 21:0 18780
18779 21717 21:0 18785
18784 21716 21:0 18840
18839 21718 21:0 18856
18855 21748 21:0 18861
18860 21750 21:0 18916
18915 21749 21:0 18932
18931 21751 21:0 18937
18936 21781 21:0 18943
18938 20406 1:0 19079
18942 21783 21:0 18946
18944 20405 1:0 19090
18945 21782 21:0 18957
18951 20373 1:0 19123
18952 20375 1:0 19203
18956 21784 21:0 18963
18958 20374 1:0 19211
18961 20342 1:0 19254
18961 20340 1:0 19334
18962 21814 21:0 18966
18964 20341 1:0 19342
18967 20339 1:0 19352
18967 20309 1:0 19385
18980 309 21:0 18994
18988 20308 1:0 19465
18993 21815 21:0 19071
19041 20307 1:0 19472
19069 20306 1:0 19483
19070 21816 21:0 19077
19076 21817 21:0 19085
19082 20274 1:0 19516
19083 20276 1:0 19596
19083 20275 1:0 19604
19084 21847 21:0 19088
19086 20273 1:0 19614
19087 21849 21:0 19097
19089 20243 1:0 19647
19092 20242 1:0 19727
19092 20241 1:0 19734
19096 21848 21:0 19125
19098 20240 1:0 19745
19100 20210 1:0 19778
19119 20208 1:0 19858
19124 21701 21:0 19160
19126 20209 1:0 19866
19131 20207 1:0 19876
19159 21839 21:0 19176
19175 21760 21:0 19179
19178 21674 21:0 19205
19213 20177 1:0 19909
19214 20176 1:0 19989
19214 20175 1:0 19996
19223 20174 1:0 20007
19223 20144 1:0 20040
19231 20142 1:0 20120
19250 20143 1:0 20128
19344 20141 1:0 20138
19345 20110 1:0 20171
19345 20111 1:0 20251
19354 20109 1:0 20258
19354 20108 1:0 20269
19362 20078 1:0 20302
19381 20076 1:0 20382
19435 14883 21:0 19438
19475 20077 1:0 20390
19476 20075 1:0 20400
19485 20043 1:0 20433
19485 20045 1:0 20513
19491 20044 1:0 20521
19495 20042 1:0 20531
19512 20012 1:0 20564
19606 20010 1:0 20644
19607 20011 1:0 20652
19616 20009 1:0 20662
19616 19979 1:0 20695
19622 19977 1:0 20775
19626 19978 1:0 20783
19627 310 1:0 22254
19642 14883 1:0 22700
19655 19976 1:0 20793
19737 19944 1:0 20826
19738 19946 1:0 20906
19747 19945 1:0 20914
19747 19943 1:0 20924
19756 15025 21:0 19780
20128 15189 21:0 20133
20532 15364 21:0 20535
20935 15538 21:0 20959
21109 22828 21:0 21126
21125 22830 21:0 21178
21180 22860 21:0 21188
21187 22861 21:0 21238
21237 22829 21:0 21254
21261 22894 21:0 21278
21277 22893 21:0 21330
21329 22896 21:0 21335
21337 22928 21:0 21354
21353 22926 21:0 21406
21405 22898 21:0 21406
21408 22959 21:0 21416
21415 22895 21:0 21466
21465 22962 21:0 21482
21484 22992 21:0 21492
21491 71 21:0 21492
21492 22995 21:0 21558
21557 22929 21:0 21563
21565 23026 21:0 21582
21581 22994 21:0 21634
21633 23025 21:0 21639
21641 23059 21:0 21658
21657 23061 21:0 21710
21712 23091 21:0 21720
21719 53 21:0 21720
21720 23094 21:0 21786
21785 22863 21:0 21791
21790 23058 21:0 21796
21795 23093 21:0 21859
21858 22961 21:0 21867
21866 22960 21:0 21872
21871 23028 21:0 21927
21926 23127 21:0 21943
21942 22993 21:0 21948
21947 23027 21:0 21998
21997 23159 21:0 22014
22013 23191 21:0 22024
22023 23092 21:0 22046
22045 22862 21:0 22090
22089 23125 21:0 22095
22094 23124 21:0 22114
22113 22827 21:0 22166
22165 105 21:0 22171
22170 177 21:0 22171
22170 23224 21:0 22178
22177 23258 21:0 22242
22241 23193 21:0 22247
22243 23258 1:0 22270
22246 23241 21:0 22247
22246 23294 21:0 22252
22248 23193 1:0 22259
22266 304 1:0 2509
22267 23224 1:0 22279
22267 21848 1:0 22307
22276 21849 1:0 22387
22276 21847 1:0 22398
22284 21817 1:0 22407
22295 310 21:0 22309
22310 21816 1:0 22420
22315 21839 1:0 22420
22315 21674 1:0 22541
22397 21815 1:0 22492
22398 21814 1:0 22521
22407 21784 1:0 22532
22407 23124 1:0 22541
22413 23125 1:0 22569
22433 21782 1:0 22649
22434 21760 1:0 22660
22528 21783 1:0 22657
22529 21781 1:0 22667
22538 22862 1:0 22672
22538 21751 1:0 22700
22544 21749 1:0 22780
22548 21750 1:0 22788
22549 21701 1:0 22791
22577 21748 1:0 22798
22659 23092 1:0 22803
22660 21718 1:0 22831
22669 21716 1:0 22911
22669 21717 1:0 22919
22675 177 1:0 22922
22679 21715 1:0 22929
22696 23191 1:0 22934
22708 15025 1:0 23053
22790 21685 1:0 22962
22791 21684 1:0 23042
22800 21683 1:0 23049
22800 21682 1:0 23060
22806 23159 1:0 23065
22826 21651 1:0 23093
22921 21652 1:0 23173
22922 21650 1:0 23180
22922 21649 1:0 23191
22931 23027 1:0 23196
22931 21619 1:0 23224
22939 21617 1:0 23304
22958 21618 1:0 23312
22970 15189 1:0 23315
23052 21616 1:0 23322
23053 22993 1:0 23327
23062 21586 1:0 23355
23062 21584 1:0 23435
23068 21585 1:0 23443
23070 105 1:0 23446
23089 21583 1:0 23453
23101 15364 1:0 23577
23183 23127 1:0 23458
23184 21553 1:0 23486
23193 21551 1:0 23566
23193 21552 1:0 23574
23199 21550 1:0 23584
23219 23028 1:0 23589
23232 21520 1:0 23617
23314 21519 1:0 23697
23315 21518 1:0 23704
23324 21500 1:0 23708
23324 21517 1:0 23715
23330 22960 1:0 23720
23334 21487 1:0 23748
23351 21485 1:0 23828
23363 71 1:0 23839
23445 21486 1:0 23836
23446 21484 1:0 23846
23455 22961 1:0 23851
23455 21454 1:0 23879
23461 21453 1:0 23959
23481 21452 1:0 23966
23494 53 1:0 23970
23576 21451 1:0 23977
23577 23093 1:0 23982
23586 21421 1:0 24010
23586 21419 1:0 24090
23592 21420 1:0 24098
23597 21418 1:0 24108
23612 21371 1:0 24241
23625 23058 1:0 24113
23666 11270 1:0 24493
23707 21388 1:0 24141
23708 21387 1:0 24221
23717 21386 1:0 24228
23717 21385 1:0 24239
23725 22863 1:0 24254
23728 15538 1:0 24248
23743 311 1:0 24352
23756 23061 1:0 24326
23838 23025 1:0 24368
23839 23294 1:0 24374
23839 11278 1:0 24374
23839 11273 1:0 24377
23848 11279 1:0 24377
23848 11275 1:0 24405
23848 11274 1:0 24405
23848 11276 1:0 24456
23854 11277 1:0 24536
23858 22994 1:0 24578
23859 11413 1:0 24595
23859 11420 1:0 24598
23874 11560 1:0 24820
23887 23094 1:0 24589
23969 11422 1:0 24595
23969 11421 1:0 24598
23970 11425 1:0 24626
23970 11424 1:0 24626
23979 23091 1:0 24799
23979 11426 1:0 24677
23979 11423 1:0 24756
23985 22929 1:0 24810
23989 11573 1:0 24816
23990 23241 1:0 24820
24005 11562 1:0 24829
24005 12153 1:0 25741
24006 11569 1:0 24819
24018 11570 1:0 24829
24100 11568 1:0 24857
24100 11571 1:0 24901
24101 11572 1:0 24987
24101 11718 1:0 25037
24101 11707 1:0 25040
24110 22829 1:0 25031
24110 11719 1:0 25040
24110 11715 1:0 25068
24116 11716 1:0 25068
24118 11720 1:0 25119
24121 11717 1:0 25198
24149 22992 1:0 25249
24231 11864 1:0 25252
24231 11866 1:0 25258
24232 11862 1:0 25261
24232 11867 1:0 25271
24232 11863 1:0 25299
24241 23026 1:0 25470
24241 11865 1:0 25343
24241 11854 1:0 25345
24241 11860 1:0 25399
24247 12009 1:0 25473
24249 12014 1:0 25479
24252 12013 1:0 25482
24267 12010 1:0 25507
24268 12001 1:0 25507
24268 12008 1:0 25510
24280 12011 1:0 25561
24280 12152 1:0 25741
24364 12012 1:0 25641
24364 12161 1:0 25694
24365 22995 1:0 25691
24365 12159 1:0 25700
24374 12156 1:0 25703
24374 12158 1:0 25731
24374 12148 1:0 25731
24374 12154 1:0 25741
24374 12157 1:0 25785
24374 12301 1:0 25921
24380 12160 1:0 25871
24393 311 21:0 24407
24400 23059 1:0 25915
24401 12307 1:0 25921
24408 12295 1:0 25921
24413 12302 1:0 25924
24454 12308 1:0 25924
24462 12304 1:0 25952
24482 12306 1:0 25952
24483 12303 1:0 26003
24483 12449 1:0 26155
24484 12448 1:0 26155
24515 11270 21:0 24527
24533 12305 1:0 26082
24542 11277 21:0 24577
24553 22962 1:0 26125
24576 11276 21:0 24580
24579 11274 21:0 24580
24579 11275 21:0 24588
24585 22895 1:0 26136
24586 12455 1:0 26142
24586 12450 1:0 26145
24586 12452 1:0 26155
24587 11279 21:0 24591
24589 12596 1:0 26429
24590 11278 21:0 24591
24590 11273 21:0 24591
24592 12453 1:0 26183
24592 12451 1:0 26227
24595 22830 1:0 26354
24595 12454 1:0 26313
24595 12601 1:0 26357
24601 12599 1:0 26363
24601 12602 1:0 26366
24605 12598 1:0 26394
24621 12600 1:0 26394
24622 12590 1:0 26429
24622 12589 1:0 26445
24634 12597 1:0 26514
24688 22959 1:0 26567
24705 22896 1:0 26578
24716 11413 21:0 24760
24754 12745 1:0 26584
24756 12743 1:0 26587
24764 12744 1:0 26587
24766 11423 21:0 24798
24774 12749 1:0 26615
24797 11426 21:0 24801
24800 11425 21:0 24801
24800 11424 21:0 24809
24806 12747 1:0 26615
24806 12748 1:0 26666
24807 22926 1:0 26796
24807 12746 1:0 26745
24808 11421 21:0 24812
24810 12890 1:0 26833
24810 12887 1:0 26890
24811 11422 21:0 24812
24811 11420 21:0 24812
24813 12891 1:0 26799
24813 12894 1:0 26805
24813 12884 1:0 26836
24816 12893 1:0 26808
24816 12892 1:0 26833
24816 12895 1:0 26887
24816 12889 1:0 26890
24822 12896 1:0 26977
24826 22928 1:0 27014
24827 22898 1:0 27026
24842 13036 1:0 27039
24855 22893 1:0 27020
24896 13039 1:0 27026
24909 13038 1:0 27029
24924 13031 1:0 27039
24924 13327 1:0 27590
24925 13041 1:0 27039
24947 11562 21:0 24966
24965 11560 21:0 24990
24975 13042 1:0 27067
24985 13040 1:0 27111
24987 13043 1:0 27198
24995 13189 1:0 27241
24997 11572 21:0 25019
25018 11571 21:0 25022
25021 11568 21:0 25022
25021 11570 21:0 25030
25027 22894 1:0 27234
25028 13188 1:0 27247
25028 13190 1:0 27250
25028 13187 1:0 27278
25029 11569 21:0 25033
25031 13184 1:0 27275
25032 11573 21:0 25033
25034 13178 1:0 27278
25034 13186 1:0 27329
25034 13330 1:0 27468
25037 22861 1:0 27451
25037 13185 1:0 27398
25037 13336 1:0 27468
25043 22860 1:0 27462
25045 13324 1:0 27468
25045 13325 1:0 27471
25048 13335 1:0 27471
25064 13334 1:0 27499
25076 13337 1:0 27499
25117 13333 1:0 27550
25130 13332 1:0 27619
25147 22828 1:0 27676
25158 11707 21:0 25202
25196 13472 1:0 27730
25206 22827 1:0 27683
25208 11717 21:0 25240
25216 13481 1:0 27689
25239 11720 21:0 25243
25242 11716 21:0 25243
25242 11715 21:0 25251
25248 13479 1:0 27692
25248 13482 1:0 27720
25249 13483 1:0 27720
25249 13480 1:0 27774
25249 13484 1:0 27861
25250 11719 21:0 25254
25253 11718 21:0 25254
25409 11860 21:0 25433
25432 11854 21:0 25461
25460 11865 21:0 25461
25460 11863 21:0 25464
25463 11867 21:0 25472
25471 11862 21:0 25472
25471 11866 21:0 25475
25474 11864 21:0 25480
25600 12001 21:0 25644
25647 12012 21:0 25682
25681 12011 21:0 25685
25684 12008 21:0 25685
25684 12010 21:0 25690
25689 12013 21:0 25693
25692 12014 21:0 25696
25695 12009 21:0 25696
25851 12154 21:0 25875
25874 12152 21:0 25881
25881 12160 21:0 25903
25902 12157 21:0 25906
25905 12158 21:0 25906
25905 12148 21:0 25914
25913 12156 21:0 25914
25913 12159 21:0 25917
25916 12161 21:0 25923
25922 12153 21:0 25923
26042 12295 21:0 26086
26092 12305 21:0 26124
26123 12303 21:0 26127
26126 12304 21:0 26127
26126 12306 21:0 26135
26134 12302 21:0 26135
26134 12308 21:0 26138
26137 12307 21:0 26138
26137 12301 21:0 26144
26293 12448 21:0 26317
26323 12454 21:0 26345
26344 12451 21:0 26348
26347 12453 21:0 26348
26347 12452 21:0 26356
26355 12450 21:0 26359
26358 12455 21:0 26359
26358 12449 21:0 26365
26524 12597 21:0 26566
26565 12589 21:0 26566
26565 12590 21:0 26566
26565 12598 21:0 26569
26568 12600 21:0 26577
26576 12602 21:0 26577
26576 12599 21:0 26580
26579 12601 21:0 26586
26585 12596 21:0 26586
26755 12746 21:0 26787
26786 12748 21:0 26790
26789 12747 21:0 26790
26789 12749 21:0 26798
26797 12744 21:0 26801
26800 12745 21:0 26801
26800 12743 21:0 26801
26956 12889 21:0 26980
26983 12896 21:0 27008
27007 12895 21:0 27011
27010 12884 21:0 27011
27010 12892 21:0 27019
27018 12893 21:0 27019
27018 12894 21:0 27022
27021 12891 21:0 27028
27027 12887 21:0 27028
27027 12890 21:0 27028
27144 13031 21:0 27190
27204 13043 21:0 27229
27228 13040 21:0 27232
27231 13042 21:0 27232
27231 13041 21:0 27240
27239 13038 21:0 27243
27242 13036 21:0 27243
27242 13039 21:0 27249
27408 13185 21:0 27450
27449 13186 21:0 27453
27452 13187 21:0 27453
27452 13178 21:0 27453
27452 13190 21:0 27461
27460 13188 21:0 27464
27463 13189 21:0 27464
27463 13184 21:0 27470
27596 13327 21:0 27616
27629 13332 21:0 27671
27670 13333 21:0 27674
27673 13334 21:0 27674
27673 13337 21:0 27682
27681 13325 21:0 27682
27681 13335 21:0 27685
27684 13336 21:0 27685
27684 13324 21:0 27691
27690 13330 21:0 27691
27807 13472 21:0 27853
27867 13484 21:0 92
