292 48235 21:0 340
339 48234 21:0 356
355 48233 21:0 356
355 48232 21:0 361
360 48231 21:0 366
365 48323 21:0 366
365 48223 21:0 366
365 48224 21:0 366
365 48229 21:0 366
365 48324 21:0 366
439 48528 21:0 456
455 48530 21:0 508
507 48527 21:0 513
591 48594 21:0 608
607 48595 21:0 660
659 48593 21:0 665
667 48628 21:0 684
683 48629 21:0 736
738 48659 21:0 746
746 48662 21:0 812
811 48660 21:0 817
819 48694 21:0 836
835 48695 21:0 888
966 48758 21:0 974
974 48761 21:0 1040
1039 48760 21:0 1045
1050 48794 21:0 1116
1115 48792 21:0 1121
1126 48827 21:0 1192
1199 48858 21:0 1216
1215 48859 21:0 1268
1575 49023 21:0 1583
1583 49026 21:0 1649
1648 49025 21:0 1654
1656 49058 21:0 1673
1672 49059 21:0 1725
1724 49056 21:0 1730
1732 49090 21:0 1749
1748 49091 21:0 1801
1800 49024 21:0 1806
1805 49092 21:0 1825
1824 49124 21:0 1877
1879 49155 21:0 1887
1886 49123 21:0 1937
1936 49122 21:0 1953
1955 49188 21:0 1963
1962 49190 21:0 2013
2012 49158 21:0 2029
2036 49223 21:0 2053
2052 49222 21:0 2105
2104 49221 21:0 2110
2109 49224 21:0 2129
2128 49254 21:0 2181
2180 49256 21:0 2186
2185 49255 21:0 2191
2190 49257 21:0 2257
2256 49287 21:0 2262
2261 49288 21:0 2267
2266 49289 21:0 2322
2321 49290 21:0 2338
2337 49320 21:0 2343
2342 49322 21:0 2398
2397 49321 21:0 2409
2408 49089 21:0 2419
2418 49189 21:0 2464
2463 49156 21:0 2485
2484 49191 21:0 2495
2494 49125 21:0 2509
2508 49057 21:0 2561
2560 49157 21:0 2566
2565 49356 21:0 2585
2584 49355 21:0 2637
2636 49353 21:0 2642
2641 49354 21:0 2647
2646 49386 21:0 2713
2712 49388 21:0 2718
2717 49389 21:0 2723
2722 49387 21:0 2732
2724 48859 1:0 3215
2731 49323 21:0 2739
2736 48858 1:0 3221
2737 48827 1:0 3337
2738 49419 21:0 2742
2740 48794 1:0 3459
2741 49485 21:0 2747
2743 48792 1:0 3465
2745 48761 1:0 3581
2748 48760 1:0 3588
2751 48758 1:0 3597
2762 328 21:0 2776
2770 48695 1:0 3825
2775 49420 21:0 2851
2821 48694 1:0 3832
2858 48662 1:0 3947
2859 48660 1:0 3953
2867 48659 1:0 3963
2873 48629 1:0 4069
2891 48628 1:0 4076
2980 48595 1:0 4191
2981 48594 1:0 4197
2989 48593 1:0 4207
2995 48530 1:0 4435
3013 48528 1:0 4441
3102 48527 1:0 4451
3103 329 1:0 5895
4745 50465 21:0 4753
4753 50468 21:0 4819
4821 50498 21:0 4829
4829 50501 21:0 4895
4897 50531 21:0 4905
4904 50532 21:0 4955
4954 50533 21:0 4971
4970 50534 21:0 4981
4980 50564 21:0 4999
4998 50567 21:0 5047
5049 50597 21:0 5057
5056 50598 21:0 5107
5106 50599 21:0 5123
5122 50600 21:0 5133
5132 50630 21:0 5151
5150 50631 21:0 5199
5198 50632 21:0 5204
5203 50633 21:0 5223
5222 50663 21:0 5275
5274 50664 21:0 5280
5279 50665 21:0 5285
5284 50666 21:0 5351
5350 50698 21:0 5356
5355 50697 21:0 5361
5360 50466 21:0 5416
5415 50565 21:0 5432
5434 50763 21:0 5451
5450 50730 21:0 5503
5502 50732 21:0 5508
5507 50499 21:0 5527
5526 50699 21:0 5579
5578 50696 21:0 5584
5583 50729 21:0 5589
5588 50765 21:0 5655
5654 50830 21:0 5660
5659 50762 21:0 5665
5664 50829 21:0 5720
5719 50795 21:0 5736
5735 50797 21:0 5741
5740 50796 21:0 5793
5792 50798 21:0 5807
5806 50894 21:0 5817
5816 50764 21:0 5857
5856 50864 21:0 5883
5882 50731 21:0 5893
5892 50828 21:0 5899
5894 49485 1:0 6046
5898 50831 21:0 5902
5901 50862 21:0 5910
5907 49420 1:0 6297
5908 49419 1:0 6308
5908 49387 1:0 6341
5909 50861 21:0 5919
5917 49389 1:0 6421
5917 49388 1:0 6429
5918 50467 21:0 5922
5920 49386 1:0 6439
5923 49354 1:0 6472
5923 49356 1:0 6552
5927 49355 1:0 6560
5936 329 21:0 5950
5949 50863 21:0 6029
5951 49353 1:0 6570
5997 49323 1:0 6603
6026 49321 1:0 6683
6028 50566 21:0 6033
6032 50500 21:0 6041
6038 49322 1:0 6691
6039 49320 1:0 6701
6039 49290 1:0 6734
6048 49289 1:0 6814
6048 49288 1:0 6821
6054 49287 1:0 6832
6058 49257 1:0 6865
6087 49255 1:0 6945
6169 49256 1:0 6953
6170 49254 1:0 6963
6179 49224 1:0 6996
6179 49222 1:0 7076
6185 49223 1:0 7084
6190 49221 1:0 7094
6218 49191 1:0 7127
6300 49189 1:0 7207
6301 49190 1:0 7215
6310 49188 1:0 7225
6310 49157 1:0 7258
6316 49158 1:0 7338
6321 49156 1:0 7345
6349 49155 1:0 7356
6431 49125 1:0 7389
6432 49123 1:0 7469
6441 49124 1:0 7477
6441 49122 1:0 7487
6447 49092 1:0 7520
6467 49091 1:0 7600
6480 49090 1:0 7607
6562 49089 1:0 7618
6563 49057 1:0 7651
6572 49059 1:0 7731
6572 49058 1:0 7739
6580 49056 1:0 7749
6598 49024 1:0 7782
6693 49026 1:0 7862
6694 49025 1:0 7870
6694 49023 1:0 7880
6703 50894 1:0 9492
6703 330 1:0 9210
6709 50863 1:0 9525
6713 50864 1:0 9605
6742 50862 1:0 9612
8060 51907 21:0 8068
8068 51910 21:0 8134
8133 51908 21:0 8139
8141 51942 21:0 8158
8157 51941 21:0 8210
8209 51943 21:0 8215
8214 51973 21:0 8234
8233 51975 21:0 8286
8285 51974 21:0 8291
8290 51976 21:0 8296
8295 52006 21:0 8362
8361 52009 21:0 8367
8366 52039 21:0 8372
8371 52040 21:0 8427
8426 52041 21:0 8443
8442 52042 21:0 8448
8447 52072 21:0 8503
8502 52073 21:0 8514
8513 52074 21:0 8524
8523 52075 21:0 8566
8565 52105 21:0 8590
8589 52107 21:0 8600
8599 52106 21:0 8614
8613 51909 21:0 8666
8665 52108 21:0 8671
8670 52138 21:0 8690
8689 51940 21:0 8742
8741 52140 21:0 8747
8746 52139 21:0 8752
8751 52008 21:0 8818
8817 52007 21:0 8823
8822 52141 21:0 8828
8827 52172 21:0 8883
8882 52205 21:0 8899
8898 52206 21:0 8904
8903 52207 21:0 8959
8958 52174 21:0 8970
8969 52272 21:0 8980
8979 52237 21:0 9030
9029 52239 21:0 9046
9045 52270 21:0 9056
9055 52240 21:0 9074
9073 52204 21:0 9122
9121 52171 21:0 9127
9126 52273 21:0 9146
9145 52173 21:0 9198
9197 52271 21:0 9203
9202 52238 21:0 9208
9222 50861 1:0 9623
9223 50831 1:0 9656
9232 50829 1:0 9736
9232 50830 1:0 9744
9238 50828 1:0 9754
9242 50798 1:0 9787
9251 330 21:0 9265
9266 50796 1:0 9867
9353 50797 1:0 9875
9354 50795 1:0 9885
9363 50764 1:0 9918
9363 50765 1:0 9998
9369 50763 1:0 10005
9373 50762 1:0 10016
9402 50731 1:0 10049
9484 50732 1:0 10129
9485 50730 1:0 10136
9494 50729 1:0 10147
9494 50699 1:0 10180
9500 50697 1:0 10260
9505 50698 1:0 10268
9533 50696 1:0 10278
9615 50666 1:0 10311
9616 50665 1:0 10391
9625 50664 1:0 10398
9625 50663 1:0 10409
9631 50633 1:0 10442
9636 50632 1:0 10522
9664 50631 1:0 10529
9746 50630 1:0 10540
9747 50600 1:0 10573
9756 50599 1:0 10653
9756 50598 1:0 10660
9762 50597 1:0 10671
9782 50566 1:0 10704
9795 50567 1:0 10784
9877 50565 1:0 10791
9878 50564 1:0 10802
9887 50534 1:0 10835
9887 50533 1:0 10915
9895 50532 1:0 10922
9913 50531 1:0 10933
10008 50500 1:0 10966
10009 50501 1:0 11046
10009 50499 1:0 11053
10018 50498 1:0 11064
10018 50467 1:0 11097
10026 50468 1:0 11177
10045 50466 1:0 11184
10057 331 1:0 12525
10139 50465 1:0 11195
11375 53349 21:0 11383
11383 53352 21:0 11449
11448 53350 21:0 11454
11456 53384 21:0 11473
11472 53383 21:0 11525
11524 53385 21:0 11530
11529 53415 21:0 11549
11548 53416 21:0 11601
11600 53417 21:0 11606
11605 53418 21:0 11611
11610 53448 21:0 11677
11676 53451 21:0 11682
11681 53481 21:0 11687
11686 53482 21:0 11742
11741 53483 21:0 11758
11757 53484 21:0 11763
11762 53514 21:0 11818
11817 53517 21:0 11829
11831 53547 21:0 11839
11838 53548 21:0 11889
11888 53549 21:0 11905
11904 53550 21:0 11915
11914 53580 21:0 11933
11932 53582 21:0 11981
11980 53581 21:0 11986
11985 53351 21:0 12005
12004 53515 21:0 12057
12056 53616 21:0 12062
12061 53516 21:0 12067
12066 53646 21:0 12133
12132 53615 21:0 12138
12137 53614 21:0 12143
12142 53449 21:0 12200
12199 53648 21:0 12214
12213 53382 21:0 12219
12218 53613 21:0 12274
12273 53679 21:0 12290
12289 53583 21:0 12295
12294 53647 21:0 12345
12344 53649 21:0 12361
12360 53450 21:0 12371
12370 53681 21:0 12389
12388 53680 21:0 12437
12436 53715 21:0 12442
12441 53682 21:0 12461
12460 53780 21:0 12513
12512 53746 21:0 12518
12517 53812 21:0 12524
12523 53748 21:0 12532
12531 53714 21:0 12540
12537 52271 1:0 12971
12538 52273 1:0 13051
12538 52272 1:0 13059
12547 52270 1:0 13069
12547 52238 1:0 13102
12553 52240 1:0 13182
12557 52239 1:0 13190
12566 331 21:0 12580
12581 52237 1:0 13200
12668 52207 1:0 13233
12669 52206 1:0 13313
12678 52205 1:0 13320
12678 52204 1:0 13331
12684 52173 1:0 13364
12688 52174 1:0 13444
12717 52172 1:0 13451
12799 52171 1:0 13462
12800 52141 1:0 13495
12809 52139 1:0 13575
12809 52140 1:0 13583
12815 52138 1:0 13593
12820 52108 1:0 13626
12848 52106 1:0 13706
12930 52107 1:0 13714
12931 52105 1:0 13724
12940 52075 1:0 13757
12940 52074 1:0 13837
12946 52073 1:0 13844
12951 52072 1:0 13855
12979 52042 1:0 13888
13061 52041 1:0 13968
13062 52040 1:0 13975
13071 52039 1:0 13986
13071 52007 1:0 14019
13077 52009 1:0 14099
13097 52008 1:0 14107
13110 52006 1:0 14117
13192 51976 1:0 14150
13193 51974 1:0 14230
13202 51975 1:0 14238
13202 51973 1:0 14248
13210 51943 1:0 14281
13228 51941 1:0 14361
13323 51942 1:0 14369
13324 51940 1:0 14379
13324 51909 1:0 14412
13333 51910 1:0 14492
13333 51908 1:0 14499
13341 51907 1:0 14510
13343 332 1:0 15840
13372 53812 1:0 15980
14690 54791 21:0 14698
14697 54793 21:0 14748
14747 54794 21:0 14764
14766 54824 21:0 14774
14774 54827 21:0 14840
14842 54857 21:0 14850
14849 54859 21:0 14900
14899 54858 21:0 14916
14915 54860 21:0 14926
14925 54890 21:0 14944
14943 54892 21:0 14992
14991 54891 21:0 14997
14996 54893 21:0 15016
15015 54923 21:0 15068
15067 54926 21:0 15073
15072 54956 21:0 15078
15077 54957 21:0 15144
15143 54958 21:0 15149
15148 54959 21:0 15154
15153 54989 21:0 15210
15209 54991 21:0 15225
15224 54990 21:0 15230
15229 54992 21:0 15285
15284 55023 21:0 15301
15300 55024 21:0 15306
15305 54792 21:0 15356
15355 54826 21:0 15372
15371 54924 21:0 15382
15381 55022 21:0 15400
15399 54925 21:0 15448
15447 54825 21:0 15453
15452 55025 21:0 15472
15471 55055 21:0 15524
15523 55056 21:0 15529
15528 55057 21:0 15534
15533 55123 21:0 15600
15599 55089 21:0 15605
15604 55091 21:0 15610
15609 55058 21:0 15674
15673 55155 21:0 15681
15680 55088 21:0 15686
15685 55124 21:0 15741
15740 55122 21:0 15757
15756 55090 21:0 15762
15761 55157 21:0 15812
15811 55121 21:0 15828
15827 55154 21:0 15838
15837 55254 21:0 15844
15839 53780 1:0 16112
15843 55256 21:0 15847
15846 55188 21:0 15858
15852 53748 1:0 16235
15853 53746 1:0 16242
15859 53715 1:0 16366
15862 53714 1:0 16374
15862 53682 1:0 16417
15868 53680 1:0 16497
15872 53681 1:0 16505
15881 332 21:0 15895
15896 53679 1:0 16515
15983 53649 1:0 16548
15984 53647 1:0 16628
15993 53648 1:0 16636
15993 53646 1:0 16646
15999 53614 1:0 16679
16003 53616 1:0 16759
16032 53615 1:0 16767
16114 53613 1:0 16777
16115 53583 1:0 16810
16124 53581 1:0 16890
16124 53582 1:0 16898
16130 53580 1:0 16908
16135 53550 1:0 16941
16163 53549 1:0 17021
16245 53548 1:0 17028
16246 53547 1:0 17039
16255 53516 1:0 17072
16255 53517 1:0 17152
16261 53515 1:0 17159
16266 53514 1:0 17170
16294 53484 1:0 17203
16376 53483 1:0 17283
16377 53482 1:0 17290
16386 53481 1:0 17301
16386 53450 1:0 17334
16392 53451 1:0 17414
16412 53449 1:0 17421
16425 53448 1:0 17432
16507 53418 1:0 17465
16508 53417 1:0 17545
16517 53416 1:0 17552
16517 53415 1:0 17563
16525 53385 1:0 17596
16543 53383 1:0 17676
16638 53384 1:0 17684
16639 53382 1:0 17694
16639 53351 1:0 17727
16648 53352 1:0 17807
16648 53350 1:0 17814
16656 53349 1:0 17825
16658 333 1:0 19155
18005 56233 21:0 18013
18013 56236 21:0 18079
18081 56266 21:0 18089
18089 56269 21:0 18155
18157 56299 21:0 18165
18164 56300 21:0 18215
18214 56301 21:0 18231
18230 56302 21:0 18241
18240 56332 21:0 18259
18258 56333 21:0 18307
18306 56334 21:0 18312
18311 56335 21:0 18331
18330 56365 21:0 18383
18382 56368 21:0 18388
18387 56398 21:0 18393
18392 56399 21:0 18459
18458 56400 21:0 18464
18463 56401 21:0 18469
18468 56431 21:0 18524
18523 56433 21:0 18540
18539 56434 21:0 18545
18544 56432 21:0 18600
18599 56467 21:0 18611
18610 56235 21:0 18621
18620 56234 21:0 18667
18666 56268 21:0 18687
18686 56498 21:0 18697
18696 56497 21:0 18715
18714 56464 21:0 18763
18762 56465 21:0 18768
18767 56563 21:0 18787
18786 56267 21:0 18839
18838 56367 21:0 18844
18843 56366 21:0 18849
18848 56531 21:0 18915
18914 56566 21:0 18920
18919 56564 21:0 18925
18924 56629 21:0 18980
18979 56533 21:0 18996
18995 56499 21:0 19001
19000 56500 21:0 19056
19055 56596 21:0 19067
19066 56532 21:0 19077
19076 56598 21:0 19117
19116 56599 21:0 19143
19142 56565 21:0 19153
19152 56530 21:0 19159
19154 55256 1:0 19288
19158 56597 21:0 19162
19161 56466 21:0 19170
19167 55254 1:0 19295
19168 55188 1:0 19557
19168 55157 1:0 19681
19169 56630 21:0 19179
19177 55155 1:0 19688
19177 55154 1:0 19699
19178 56631 21:0 19182
19180 55122 1:0 19732
19183 55124 1:0 19812
19183 55123 1:0 19820
19187 55121 1:0 19830
19196 333 21:0 19210
19209 56632 21:0 19285
19211 55090 1:0 19863
19257 55091 1:0 19943
19298 55089 1:0 19950
19299 55088 1:0 19961
19308 55058 1:0 19994
19308 55057 1:0 20074
19314 55056 1:0 20081
19318 55055 1:0 20092
19347 55025 1:0 20125
19429 55024 1:0 20205
19430 55023 1:0 20212
19439 55022 1:0 20223
19439 54992 1:0 20256
19445 54990 1:0 20336
19450 54991 1:0 20344
19478 54989 1:0 20354
19560 54959 1:0 20387
19561 54958 1:0 20467
19570 54957 1:0 20474
19570 54956 1:0 20485
19576 54925 1:0 20518
19581 54926 1:0 20598
19609 54924 1:0 20605
19691 54923 1:0 20616
19692 54893 1:0 20649
19701 54891 1:0 20729
19701 54892 1:0 20737
19707 54890 1:0 20747
19727 54860 1:0 20780
19740 54858 1:0 20860
19822 54859 1:0 20868
19823 54857 1:0 20878
19832 54825 1:0 20911
19832 54827 1:0 20991
19840 54826 1:0 20999
19858 54824 1:0 21009
19953 54792 1:0 21042
19954 54794 1:0 21122
19954 54793 1:0 21130
19963 54791 1:0 21140
19963 334 1:0 22470
19969 56632 1:0 22785
19973 56631 1:0 22865
21320 57675 21:0 21328
21328 57678 21:0 21394
21396 57708 21:0 21404
21404 57711 21:0 21470
21472 57741 21:0 21480
21479 57743 21:0 21530
21529 57742 21:0 21546
21545 57744 21:0 21556
21555 57774 21:0 21574
21573 57776 21:0 21622
21621 57775 21:0 21627
21626 57777 21:0 21646
21645 57807 21:0 21698
21697 57808 21:0 21703
21702 57809 21:0 21708
21707 57810 21:0 21774
21773 57843 21:0 21779
21778 57873 21:0 21784
21783 57875 21:0 21839
21838 57874 21:0 21855
21854 57876 21:0 21860
21859 57908 21:0 21915
21914 57907 21:0 21928
21927 57909 21:0 21936
21935 57676 21:0 21986
21985 57677 21:0 22002
22001 57906 21:0 22012
22011 57841 21:0 22026
22025 57842 21:0 22078
22077 57939 21:0 22083
22082 57941 21:0 22102
22101 57942 21:0 22154
22153 57710 21:0 22159
22158 57840 21:0 22164
22163 57940 21:0 22230
22229 57709 21:0 22235
22234 57972 21:0 22240
22239 57974 21:0 22295
22294 58006 21:0 22311
22313 58106 21:0 22330
22329 58105 21:0 22382
22381 58071 21:0 22387
22386 58104 21:0 22406
22405 58038 21:0 22458
22457 58005 21:0 22463
22462 57975 21:0 22468
22467 58072 21:0 22477
22476 58008 21:0 22485
22482 56630 1:0 22872
22483 56629 1:0 22883
22483 56597 1:0 22916
22484 57973 21:0 22488
22487 58073 21:0 22497
22489 56599 1:0 22996
22492 56598 1:0 23004
22492 56596 1:0 23014
22498 56565 1:0 23047
22498 56566 1:0 23127
22502 56564 1:0 23134
22511 334 21:0 22525
22524 58040 21:0 22601
22526 56563 1:0 23145
22572 56532 1:0 23178
22613 56533 1:0 23258
22614 56531 1:0 23265
22623 56530 1:0 23276
22623 56500 1:0 23309
22629 56499 1:0 23389
22633 56498 1:0 23396
22662 56497 1:0 23407
22744 56466 1:0 23440
22745 56467 1:0 23520
22754 56465 1:0 23527
22754 56464 1:0 23538
22760 56432 1:0 23571
22765 56434 1:0 23651
22793 56433 1:0 23659
22875 56431 1:0 23669
22876 56401 1:0 23702
22885 56400 1:0 23782
22885 56399 1:0 23789
22891 56398 1:0 23800
22896 56366 1:0 23833
22924 56368 1:0 23913
23006 56367 1:0 23921
23007 56365 1:0 23931
23016 56335 1:0 23964
23016 56334 1:0 24044
23022 56333 1:0 24051
23042 56332 1:0 24062
23055 56302 1:0 24095
23137 56301 1:0 24175
23138 56300 1:0 24182
23147 56299 1:0 24193
23147 56267 1:0 24226
23155 56269 1:0 24306
23173 56268 1:0 24314
23268 56266 1:0 24324
23269 56234 1:0 24357
23269 56236 1:0 24437
23278 56235 1:0 24445
23278 56233 1:0 24455
23284 335 1:0 25785
24635 59117 21:0 24643
24643 59120 21:0 24709
24711 59150 21:0 24719
24719 59153 21:0 24785
24787 59183 21:0 24795
24794 59184 21:0 24845
24844 59185 21:0 24861
24860 59186 21:0 24871
24870 59216 21:0 24889
24888 59217 21:0 24937
24936 59218 21:0 24942
24941 59219 21:0 24961
24960 59249 21:0 25013
25012 59250 21:0 25018
25017 59251 21:0 25023
25022 59252 21:0 25089
25088 59282 21:0 25094
25093 59285 21:0 25099
25098 59315 21:0 25154
25153 59316 21:0 25170
25169 59317 21:0 25175
25174 59318 21:0 25230
25229 59349 21:0 25246
25245 59350 21:0 25251
25250 59119 21:0 25301
25300 59118 21:0 25317
25319 59414 21:0 25327
25326 59152 21:0 25377
25376 59382 21:0 25393
25400 59449 21:0 25417
25416 59416 21:0 25469
25468 59283 21:0 25474
25473 59351 21:0 25493
25492 59417 21:0 25545
25544 59348 21:0 25550
25549 59381 21:0 25555
25554 59151 21:0 25621
25620 59415 21:0 25626
25625 59480 21:0 25631
25630 59384 21:0 25686
25685 59284 21:0 25702
25701 59447 21:0 25707
25706 59383 21:0 25762
25761 59450 21:0 25773
25772 59448 21:0 25783
25782 59482 21:0 25789
25784 58105 1:0 26049
25788 59481 21:0 25792
25791 59548 21:0 25803
25797 58106 1:0 26057
25798 58104 1:0 26067
25802 59516 21:0 25809
25804 58073 1:0 26180
25807 58072 1:0 26187
25807 58071 1:0 26198
25808 59579 21:0 25812
25810 58040 1:0 26319
25813 58038 1:0 26329
25813 58008 1:0 26442
25817 58006 1:0 26449
25826 335 21:0 25840
25841 58005 1:0 26460
25928 57973 1:0 26493
25929 57975 1:0 26573
25938 57974 1:0 26581
25938 57972 1:0 26591
25944 57940 1:0 26624
25948 57942 1:0 26704
25977 57941 1:0 26712
26059 57939 1:0 26722
26060 57909 1:0 26755
26069 57907 1:0 26835
26069 57908 1:0 26843
26075 57906 1:0 26853
26080 57876 1:0 26886
26108 57874 1:0 26966
26190 57875 1:0 26974
26191 57873 1:0 26984
26200 57842 1:0 27017
26200 57843 1:0 27097
26206 57841 1:0 27104
26211 57840 1:0 27115
26239 57810 1:0 27148
26321 57809 1:0 27228
26322 57808 1:0 27235
26331 57807 1:0 27246
26331 57777 1:0 27279
26337 57775 1:0 27359
26357 57776 1:0 27367
26370 57774 1:0 27377
26452 57744 1:0 27410
26453 57742 1:0 27490
26462 57743 1:0 27498
26462 57741 1:0 27508
26470 57709 1:0 27541
26488 57711 1:0 27621
26583 57710 1:0 27629
26584 57708 1:0 27639
26584 57677 1:0 27672
26593 57678 1:0 27752
26593 57676 1:0 27759
26601 57675 1:0 27770
26603 336 1:0 29100
27950 60559 21:0 27958
27958 60562 21:0 28024
28026 60592 21:0 28034
28034 60595 21:0 28100
28102 60625 21:0 28110
28109 60626 21:0 28160
28159 60594 21:0 28176
28178 60658 21:0 28186
28185 60660 21:0 28236
28235 60659 21:0 28252
28251 60661 21:0 28262
28261 60691 21:0 28280
28279 60693 21:0 28328
28327 60692 21:0 28333
28332 60694 21:0 28352
28351 60724 21:0 28404
28403 60727 21:0 28409
28408 60757 21:0 28414
28413 60759 21:0 28480
28479 60758 21:0 28485
28484 60760 21:0 28490
28489 60792 21:0 28547
28546 60791 21:0 28561
28560 60793 21:0 28566
28565 60628 21:0 28621
28620 60627 21:0 28637
28636 60560 21:0 28642
28641 60593 21:0 28692
28691 60561 21:0 28708
28707 60823 21:0 28718
28717 60725 21:0 28736
28735 60726 21:0 28784
28783 60824 21:0 28789
28788 60825 21:0 28808
28807 60790 21:0 28860
28859 60826 21:0 28865
28864 60892 21:0 28870
28869 60955 21:0 28936
28935 60856 21:0 28941
28943 60990 21:0 28960
28959 60890 21:0 29012
29011 60923 21:0 29017
29016 60891 21:0 29036
29035 60922 21:0 29088
29087 60924 21:0 29093
29092 60857 21:0 29098
29097 60859 21:0 29107
29106 60989 21:0 29115
29112 59579 1:0 29251
29113 59548 1:0 29372
29113 59516 1:0 29495
29114 60957 21:0 29118
29117 60858 21:0 29127
29119 59481 1:0 29626
29122 59482 1:0 29634
29122 59480 1:0 29644
29128 59448 1:0 29677
29128 59450 1:0 29757
29132 59449 1:0 29765
29141 336 21:0 29155
29154 60958 21:0 29232
29156 59447 1:0 29775
29202 59415 1:0 29808
29231 60956 21:0 29238
29231 59417 1:0 29888
29237 60988 21:0 29246
29243 59416 1:0 29896
29244 59414 1:0 29906
29244 59383 1:0 29939
29245 60925 21:0 29249
29248 60889 21:0 29258
29250 59384 1:0 30019
29253 59382 1:0 30026
29253 59381 1:0 30037
29257 60991 21:0 29286
29259 59351 1:0 30070
29259 59350 1:0 30150
29263 59349 1:0 30157
29280 59348 1:0 30168
29292 59318 1:0 30201
29374 59317 1:0 30281
29375 59316 1:0 30288
29384 59315 1:0 30299
29384 59284 1:0 30332
29390 59285 1:0 30412
29395 59283 1:0 30419
29423 59282 1:0 30430
29505 59252 1:0 30463
29506 59251 1:0 30543
29515 59250 1:0 30550
29515 59249 1:0 30561
29521 59219 1:0 30594
29526 59218 1:0 30674
29554 59217 1:0 30681
29636 59216 1:0 30692
29637 59186 1:0 30725
29646 59185 1:0 30805
29646 59184 1:0 30812
29652 59183 1:0 30823
29672 59151 1:0 30856
29685 59153 1:0 30936
29767 59152 1:0 30944
29768 59150 1:0 30954
29777 59118 1:0 30987
29777 59120 1:0 31067
29785 59119 1:0 31075
29803 59117 1:0 31085
29804 337 1:0 32415
29898 60991 1:0 32599
29899 60989 1:0 32679
29908 60990 1:0 32687
29908 60988 1:0 32697
29914 60956 1:0 32730
29918 60958 1:0 32810
29947 60957 1:0 32818
31265 62001 21:0 31273
31273 62004 21:0 31339
31338 62002 21:0 31344
31346 62035 21:0 31363
31362 62036 21:0 31415
31414 62037 21:0 31420
31419 62067 21:0 31439
31438 62068 21:0 31491
31490 62069 21:0 31496
31495 62070 21:0 31501
31500 62100 21:0 31567
31566 62103 21:0 31572
31571 62133 21:0 31577
31576 62134 21:0 31632
31631 62135 21:0 31648
31647 62136 21:0 31653
31652 62166 21:0 31707
31706 62167 21:0 31719
31718 62169 21:0 31729
31728 62168 21:0 31769
31768 62199 21:0 31795
31794 62200 21:0 31805
31804 62201 21:0 31819
31818 62003 21:0 31871
31870 62034 21:0 31876
31875 62101 21:0 31895
31894 62102 21:0 31947
31946 62202 21:0 31952
31951 62233 21:0 31957
31956 62268 21:0 32023
32022 62235 21:0 32028
32027 62301 21:0 32033
32032 62232 21:0 32088
32087 62265 21:0 32104
32103 62299 21:0 32109
32108 62298 21:0 32164
32163 62333 21:0 32176
32175 62331 21:0 32185
32184 62267 21:0 32235
32234 62266 21:0 32251
32250 62364 21:0 32261
32260 62334 21:0 32279
32278 62365 21:0 32327
32326 62366 21:0 32332
32331 62332 21:0 32351
32350 62300 21:0 32403
32402 62234 21:0 32408
32407 62367 21:0 32413
32427 60955 1:0 32828
32428 60925 1:0 32861
32437 60924 1:0 32941
32437 60923 1:0 32948
32443 60922 1:0 32959
32447 60891 1:0 32992
32456 337 21:0 32470
32471 60892 1:0 33072
32558 60890 1:0 33079
32559 60889 1:0 33090
32568 60858 1:0 33123
32568 60859 1:0 33203
32574 60857 1:0 33210
32578 60856 1:0 33221
32607 60826 1:0 33254
32689 60825 1:0 33334
32690 60824 1:0 33341
32699 60823 1:0 33352
32699 60793 1:0 33385
32705 60791 1:0 33465
32710 60792 1:0 33473
32738 60790 1:0 33483
32820 60760 1:0 33516
32821 60758 1:0 33596
32830 60759 1:0 33604
32830 60757 1:0 33614
32836 60726 1:0 33647
32841 60727 1:0 33727
32869 60725 1:0 33734
32951 60724 1:0 33745
32952 60694 1:0 33778
32961 60692 1:0 33858
32961 60693 1:0 33866
32967 60691 1:0 33876
32987 60661 1:0 33909
33000 60659 1:0 33989
33082 60660 1:0 33997
33083 60658 1:0 34007
33092 60627 1:0 34040
33092 60628 1:0 34120
33100 60626 1:0 34127
33118 60625 1:0 34138
33213 60593 1:0 34171
33214 60595 1:0 34251
33214 60594 1:0 34259
33223 60592 1:0 34269
33223 60561 1:0 34302
33231 60562 1:0 34382
33250 60560 1:0 34389
33262 338 1:0 35730
33344 60559 1:0 34400
34580 63443 21:0 34588
34588 63446 21:0 34654
34656 63476 21:0 34664
34663 63477 21:0 34714
34713 63478 21:0 34730
34729 63479 21:0 34740
34739 63510 21:0 34758
34757 63511 21:0 34806
34805 63512 21:0 34811
34810 63542 21:0 34830
34829 63544 21:0 34882
34881 63543 21:0 34887
34886 63545 21:0 34892
34891 63576 21:0 34958
34957 63577 21:0 34963
34962 63578 21:0 34968
34967 63608 21:0 35023
35022 63611 21:0 35039
35038 63641 21:0 35044
35043 63642 21:0 35099
35098 63643 21:0 35115
35114 63644 21:0 35120
35119 63509 21:0 35170
35169 63674 21:0 35186
35185 63610 21:0 35196
35195 63708 21:0 35214
35213 63609 21:0 35262
35261 63710 21:0 35267
35266 63677 21:0 35286
35285 63707 21:0 35338
35337 63445 21:0 35343
35342 63676 21:0 35348
35347 63709 21:0 35414
35413 63675 21:0 35419
35418 63444 21:0 35424
35423 63575 21:0 35485
35484 63806 21:0 35495
35494 63741 21:0 35500
35499 63809 21:0 35555
35554 63774 21:0 35571
35570 63808 21:0 35576
35575 63773 21:0 35626
35625 63807 21:0 35642
35641 63740 21:0 35652
35651 63776 21:0 35674
35673 63775 21:0 35718
35717 63839 21:0 35723
35722 63743 21:0 35734
35733 63742 21:0 35737
35736 63840 21:0 35745
35742 62367 1:0 36176
35743 62366 1:0 36256
35743 62365 1:0 36263
35752 62364 1:0 36274
35752 62332 1:0 36307
35758 62334 1:0 36387
35762 62333 1:0 36395
35771 338 21:0 35785
35786 62331 1:0 36405
35873 62300 1:0 36438
35874 62301 1:0 36518
35883 62299 1:0 36525
35883 62298 1:0 36536
35889 62266 1:0 36569
35893 62268 1:0 36649
35922 62267 1:0 36657
36004 62265 1:0 36667
36005 62234 1:0 36700
36014 62235 1:0 36780
36014 62233 1:0 36787
36020 62232 1:0 36798
36025 62202 1:0 36831
36053 62201 1:0 36911
36135 62200 1:0 36918
36136 62199 1:0 36929
36145 62168 1:0 36962
36145 62169 1:0 37042
36151 62167 1:0 37049
36156 62166 1:0 37060
36184 62136 1:0 37093
36266 62135 1:0 37173
36267 62134 1:0 37180
36276 62133 1:0 37191
36276 62102 1:0 37224
36282 62103 1:0 37304
36302 62101 1:0 37311
36315 62100 1:0 37322
36397 62070 1:0 37355
36398 62069 1:0 37435
36407 62068 1:0 37442
36407 62067 1:0 37453
36415 62037 1:0 37486
36433 62036 1:0 37566
36528 62035 1:0 37573
36529 62034 1:0 37584
36529 62003 1:0 37617
36538 62004 1:0 37697
36538 62002 1:0 37704
36546 62001 1:0 37715
36548 339 1:0 39045
36577 63840 1:0 39447
37895 64885 21:0 37903
37903 64888 21:0 37969
37968 64886 21:0 37974
37976 64920 21:0 37993
37992 64919 21:0 38045
38044 64921 21:0 38050
38049 64951 21:0 38069
38068 64954 21:0 38121
38123 64984 21:0 38131
38130 64985 21:0 38181
38180 64986 21:0 38197
38196 64987 21:0 38207
38206 65017 21:0 38225
38224 65019 21:0 38273
38272 65018 21:0 38278
38277 65020 21:0 38297
38296 65050 21:0 38349
38348 65053 21:0 38354
38353 65083 21:0 38359
38358 65085 21:0 38425
38424 65084 21:0 38430
38429 65086 21:0 38435
38434 65118 21:0 38492
38491 65117 21:0 38506
38505 64887 21:0 38511
38510 64952 21:0 38566
38565 65116 21:0 38582
38581 65119 21:0 38587
38586 65149 21:0 38637
38636 65051 21:0 38653
38652 65150 21:0 38663
38662 64953 21:0 38681
38680 65152 21:0 38729
38728 65052 21:0 38734
38733 64918 21:0 38753
38752 65151 21:0 38805
38804 65182 21:0 38810
38809 65183 21:0 38816
38815 65184 21:0 38881
38880 65217 21:0 38886
38888 65315 21:0 38905
38904 65316 21:0 38957
38956 65283 21:0 38962
38961 65249 21:0 38981
38980 65250 21:0 39033
39032 65248 21:0 39038
39037 65251 21:0 39043
39042 65216 21:0 39052
39051 65218 21:0 39060
39057 63839 1:0 39458
39058 63807 1:0 39491
39058 63809 1:0 39571
39059 65314 21:0 39063
39062 65284 21:0 39072
39064 63808 1:0 39579
39067 63806 1:0 39589
39067 63775 1:0 39622
39073 63776 1:0 39702
39073 63774 1:0 39709
39077 63773 1:0 39720
39086 339 21:0 39100
39099 65185 21:0 39179
39101 63742 1:0 39753
39147 63743 1:0 39833
39176 63741 1:0 39840
39178 65281 21:0 39183
39188 63740 1:0 39851
39189 63709 1:0 39884
39198 63710 1:0 39964
39198 63708 1:0 39971
39204 63707 1:0 39982
39208 63675 1:0 40015
39237 63677 1:0 40095
39319 63676 1:0 40103
39320 63674 1:0 40113
39329 63644 1:0 40146
39329 63643 1:0 40226
39335 63642 1:0 40233
39340 63641 1:0 40244
39368 63609 1:0 40277
39450 63611 1:0 40357
39451 63610 1:0 40365
39460 63608 1:0 40375
39460 63578 1:0 40408
39466 63577 1:0 40488
39471 63576 1:0 40495
39499 63575 1:0 40506
39581 63545 1:0 40539
39582 63543 1:0 40619
39591 63544 1:0 40627
39591 63542 1:0 40637
39597 63512 1:0 40670
39617 63511 1:0 40750
39630 63510 1:0 40757
39712 63509 1:0 40768
39713 63479 1:0 40801
39722 63478 1:0 40881
39722 63477 1:0 40888
39730 63476 1:0 40899
39748 63444 1:0 40932
39843 63446 1:0 41012
39844 63445 1:0 41020
39844 63443 1:0 41030
39853 65316 1:0 42624
39853 340 1:0 42360
39859 65315 1:0 42631
39863 65314 1:0 42642
41210 66327 21:0 41218
41217 66328 21:0 41268
41267 66330 21:0 41284
41286 66360 21:0 41294
41294 66363 21:0 41360
41362 66393 21:0 41370
41369 66395 21:0 41420
41419 66394 21:0 41436
41435 66396 21:0 41446
41445 66426 21:0 41464
41463 66428 21:0 41512
41511 66427 21:0 41517
41516 66429 21:0 41536
41535 66459 21:0 41588
41587 66462 21:0 41593
41592 66492 21:0 41598
41597 66493 21:0 41664
41663 66494 21:0 41669
41668 66495 21:0 41674
41673 66525 21:0 41732
41731 66527 21:0 41745
41744 66526 21:0 41750
41749 66528 21:0 41805
41804 66559 21:0 41821
41820 66560 21:0 41826
41825 66329 21:0 41876
41875 66558 21:0 41892
41899 66625 21:0 41916
41915 66461 21:0 41968
41967 66592 21:0 41973
41972 66626 21:0 41992
41991 66362 21:0 42044
42043 66460 21:0 42049
42048 66658 21:0 42054
42053 66659 21:0 42120
42119 66593 21:0 42125
42124 66591 21:0 42130
42129 66594 21:0 42185
42184 66627 21:0 42201
42200 66657 21:0 42206
42205 66361 21:0 42261
42260 66561 21:0 42272
42271 66624 21:0 42282
42281 66660 21:0 42330
42329 66790 21:0 42348
42347 66724 21:0 42358
42357 66791 21:0 42364
42359 65284 1:0 42755
42363 66690 21:0 42367
42366 66693 21:0 42375
42372 65283 1:0 42763
42373 65281 1:0 42773
42373 65251 1:0 42806
42374 66759 21:0 42384
42382 65250 1:0 42886
42382 65249 1:0 42893
42385 65248 1:0 42904
42388 65218 1:0 42937
42392 65216 1:0 43017
42401 340 21:0 42415
42416 65217 1:0 43025
42503 65185 1:0 43068
42504 65184 1:0 43148
42513 65183 1:0 43155
42513 65182 1:0 43166
42519 65151 1:0 43199
42523 65152 1:0 43279
42552 65150 1:0 43286
42634 65149 1:0 43297
42635 65119 1:0 43330
42644 65117 1:0 43410
42644 65118 1:0 43418
42650 65116 1:0 43428
42655 65086 1:0 43461
42683 65084 1:0 43541
42765 65085 1:0 43549
42766 65083 1:0 43559
42775 65052 1:0 43592
42775 65053 1:0 43672
42781 65051 1:0 43679
42786 65050 1:0 43690
42814 65020 1:0 43723
42896 65018 1:0 43803
42897 65019 1:0 43811
42906 65017 1:0 43821
42906 64987 1:0 43854
42912 64986 1:0 43934
42932 64985 1:0 43941
42945 64984 1:0 43952
43027 64953 1:0 43985
43028 64954 1:0 44065
43037 64952 1:0 44072
43037 64951 1:0 44083
43045 64921 1:0 44116
43063 64919 1:0 44196
43158 64920 1:0 44204
43159 64918 1:0 44214
43159 64887 1:0 44247
43168 64888 1:0 44327
43168 64886 1:0 44334
43176 64885 1:0 44345
43178 341 1:0 45675
44525 67769 21:0 44533
44532 67770 21:0 44583
44582 67771 21:0 44599
44606 67803 21:0 44623
44622 67805 21:0 44675
44677 67835 21:0 44685
44684 67837 21:0 44735
44734 67836 21:0 44751
44753 67868 21:0 44761
44760 67870 21:0 44811
44810 67869 21:0 44827
44826 67871 21:0 44837
44836 67901 21:0 44855
44854 67903 21:0 44903
44902 67902 21:0 44908
44907 67904 21:0 44927
44926 67934 21:0 44979
44981 67967 21:0 44989
44988 67968 21:0 45039
45038 67969 21:0 45055
45054 67970 21:0 45065
45064 68000 21:0 45083
45082 67804 21:0 45131
45130 67772 21:0 45136
45135 67802 21:0 45155
45154 68036 21:0 45207
45206 67838 21:0 45212
45211 68035 21:0 45217
45216 68003 21:0 45283
45282 67935 21:0 45288
45287 68001 21:0 45293
45292 68033 21:0 45348
45347 67937 21:0 45364
45363 68002 21:0 45369
45368 68034 21:0 45424
45423 67936 21:0 45437
45436 68099 21:0 45445
45445 68168 21:0 45511
45510 68102 21:0 45516
45515 68135 21:0 45521
45520 68069 21:0 45583
45582 68166 21:0 45592
45591 68167 21:0 45597
45596 68101 21:0 45652
45651 68100 21:0 45668
45667 68132 21:0 45673
45672 68067 21:0 45679
45674 66791 1:0 45808
45678 68133 21:0 45682
45681 68068 21:0 45690
45687 66790 1:0 45815
45688 66759 1:0 45939
45688 66724 1:0 46077
45689 68066 21:0 45699
45697 66693 1:0 46201
45697 66690 1:0 46219
45698 68134 21:0 45702
45700 66660 1:0 46252
45703 66659 1:0 46332
45703 66658 1:0 46339
45707 66657 1:0 46350
45716 341 21:0 45730
45729 68165 21:0 45806
45731 66627 1:0 46383
45777 66626 1:0 46463
45818 66625 1:0 46470
45819 66624 1:0 46481
45828 66594 1:0 46514
45828 66593 1:0 46594
45834 66592 1:0 46601
45838 66591 1:0 46612
45867 66561 1:0 46645
45949 66560 1:0 46725
45950 66559 1:0 46732
45959 66558 1:0 46743
45959 66528 1:0 46776
45965 66526 1:0 46856
45970 66527 1:0 46864
45998 66525 1:0 46874
46080 66495 1:0 46907
46081 66494 1:0 46987
46090 66493 1:0 46994
46090 66492 1:0 47005
46096 66460 1:0 47038
46101 66462 1:0 47118
46129 66461 1:0 47126
46211 66459 1:0 47136
46212 66429 1:0 47169
46221 66427 1:0 47249
46221 66428 1:0 47257
46227 66426 1:0 47267
46247 66396 1:0 47300
46260 66394 1:0 47380
46342 66395 1:0 47388
46343 66393 1:0 47398
46352 66361 1:0 47431
46352 66363 1:0 47511
46360 66362 1:0 47519
46378 66360 1:0 47529
46473 66329 1:0 47562
46474 66330 1:0 47642
46474 66328 1:0 47649
46483 66327 1:0 47660
46483 342 1:0 48990
46489 68167 1:0 49305
46493 68168 1:0 49385
46522 68166 1:0 49392
46604 68165 1:0 49403
47840 69211 21:0 47848
47847 69213 21:0 47898
47897 69212 21:0 47914
47921 69245 21:0 47938
47937 69246 21:0 47990
47989 69247 21:0 47995
47994 69277 21:0 48014
48013 69278 21:0 48066
48065 69279 21:0 48071
48070 69280 21:0 48076
48075 69310 21:0 48142
48141 69313 21:0 48147
48146 69343 21:0 48152
48151 69345 21:0 48207
48206 69344 21:0 48223
48222 69346 21:0 48228
48227 69376 21:0 48283
48282 69378 21:0 48294
48293 69377 21:0 48304
48303 69379 21:0 48347
48346 69410 21:0 48370
48369 69411 21:0 48380
48379 69412 21:0 48394
48393 69442 21:0 48446
48445 69214 21:0 48451
48450 69443 21:0 48470
48469 69312 21:0 48522
48521 69444 21:0 48527
48526 69244 21:0 48532
48532 69511 21:0 48598
48597 69475 21:0 48603
48602 69409 21:0 48608
48607 69311 21:0 48671
48670 69477 21:0 48679
48678 69508 21:0 48684
48683 69445 21:0 48739
48738 69510 21:0 48755
48754 69476 21:0 48760
48759 69509 21:0 48810
48809 69478 21:0 48826
48825 69541 21:0 48836
48835 69640 21:0 48858
48857 69577 21:0 48902
48901 69607 21:0 48907
48906 69673 21:0 48926
48925 69576 21:0 48978
48977 69608 21:0 48983
48982 69610 21:0 48994
48993 69643 21:0 48997
48996 69544 21:0 49001
49000 69641 21:0 49001
49002 68134 1:0 49436
49002 68135 1:0 49516
49002 68133 1:0 49523
49003 68132 1:0 49534
49012 68100 1:0 49567
49012 68102 1:0 49647
49018 68101 1:0 49655
49022 68099 1:0 49665
49031 342 21:0 49045
49046 68068 1:0 49698
49133 68069 1:0 49778
49134 68067 1:0 49785
49143 68066 1:0 49796
49143 68034 1:0 49829
49149 68036 1:0 49909
49153 68035 1:0 49917
49182 68033 1:0 49927
49264 68002 1:0 49960
49265 68003 1:0 50040
49274 68001 1:0 50047
49274 68000 1:0 50058
49280 67970 1:0 50091
49285 67969 1:0 50171
49313 67968 1:0 50178
49395 67967 1:0 50189
49396 67936 1:0 50222
49405 67937 1:0 50302
49405 67935 1:0 50309
49411 67934 1:0 50320
49416 67904 1:0 50353
49444 67902 1:0 50433
49526 67903 1:0 50441
49527 67901 1:0 50451
49536 67871 1:0 50484
49536 67869 1:0 50564
49542 67870 1:0 50572
49562 67868 1:0 50582
49575 67838 1:0 50615
49657 67836 1:0 50695
49658 67837 1:0 50703
49667 67835 1:0 50713
49667 67804 1:0 50746
49675 67805 1:0 50826
49693 67803 1:0 50833
49788 67802 1:0 50844
49789 67772 1:0 50877
49789 67771 1:0 50957
49798 67770 1:0 50964
49798 67769 1:0 50975
49804 343 1:0 52305
51155 70653 21:0 51163
51163 70656 21:0 51229
51231 70686 21:0 51239
51239 70689 21:0 51305
51307 70719 21:0 51315
51315 70722 21:0 51381
51383 70752 21:0 51391
51390 70754 21:0 51441
51440 70753 21:0 51457
51456 70755 21:0 51467
51466 70785 21:0 51485
51484 70786 21:0 51533
51532 70787 21:0 51538
51537 70788 21:0 51557
51556 70818 21:0 51609
51608 70819 21:0 51614
51613 70820 21:0 51619
51618 70821 21:0 51685
51684 70851 21:0 51690
51689 70852 21:0 51695
51694 70853 21:0 51750
51749 70655 21:0 51766
51765 70654 21:0 51771
51770 70884 21:0 51826
51825 70720 21:0 51842
51841 70885 21:0 51847
51846 70887 21:0 51897
51896 70688 21:0 51913
51912 70687 21:0 51923
51922 70886 21:0 51941
51940 70721 21:0 51989
51988 70854 21:0 51994
51993 70985 21:0 52013
52012 70986 21:0 52065
52064 70951 21:0 52070
52069 70950 21:0 52075
52074 70917 21:0 52141
52140 70984 21:0 52146
52145 70920 21:0 52151
52150 70983 21:0 52206
52205 70953 21:0 52222
52221 71016 21:0 52227
52226 70919 21:0 52282
52281 70918 21:0 52298
52297 70952 21:0 52303
52302 71018 21:0 52309
52304 69673 1:0 52456
52308 71017 21:0 52312
52311 71019 21:0 52323
52317 69643 1:0 52569
52318 69641 1:0 52576
52322 71117 21:0 52329
52324 69640 1:0 52587
52327 69610 1:0 52700
52327 69608 1:0 52707
52330 69607 1:0 52718
52333 69577 1:0 52831
52337 69576 1:0 52839
52346 343 21:0 52360
52361 69544 1:0 52962
52448 69541 1:0 52980
52449 69509 1:0 53013
52458 69511 1:0 53093
52458 69510 1:0 53101
52464 69508 1:0 53111
52468 69478 1:0 53144
52497 69476 1:0 53224
52579 69477 1:0 53232
52580 69475 1:0 53242
52589 69445 1:0 53275
52589 69444 1:0 53355
52595 69443 1:0 53362
52600 69442 1:0 53373
52628 69412 1:0 53406
52710 69411 1:0 53486
52711 69410 1:0 53493
52720 69409 1:0 53504
52720 69379 1:0 53537
52726 69377 1:0 53617
52731 69378 1:0 53625
52759 69376 1:0 53635
52841 69346 1:0 53668
52842 69344 1:0 53748
52851 69345 1:0 53756
52851 69343 1:0 53766
52857 69311 1:0 53799
52877 69313 1:0 53879
52890 69312 1:0 53887
52972 69310 1:0 53897
52973 69280 1:0 53930
52982 69279 1:0 54010
52982 69278 1:0 54017
52990 69277 1:0 54028
53008 69247 1:0 54061
53103 69246 1:0 54141
53104 69245 1:0 54148
53104 69244 1:0 54159
53113 69214 1:0 54192
53113 69212 1:0 54272
53121 69213 1:0 54280
53140 69211 1:0 54290
53152 344 1:0 55620
54470 72095 21:0 54478
54478 72098 21:0 54544
54546 72128 21:0 54554
54553 72130 21:0 54604
54603 72129 21:0 54620
54619 72131 21:0 54630
54629 72162 21:0 54648
54647 72163 21:0 54696
54695 72164 21:0 54701
54700 72194 21:0 54720
54719 72195 21:0 54772
54771 72196 21:0 54777
54776 72197 21:0 54782
54781 72227 21:0 54848
54847 72228 21:0 54853
54852 72229 21:0 54858
54857 72230 21:0 54915
54914 72261 21:0 54929
54928 72262 21:0 54934
54933 72263 21:0 54989
54988 72293 21:0 55005
55004 72296 21:0 55010
55010 72329 21:0 55076
55075 72096 21:0 55081
55083 72360 21:0 55100
55099 72328 21:0 55152
55151 72295 21:0 55157
55156 72097 21:0 55176
55175 72361 21:0 55228
55227 72362 21:0 55233
55232 72326 21:0 55238
55237 72161 21:0 55304
55303 72327 21:0 55309
55308 72260 21:0 55314
55313 72294 21:0 55369
55368 72359 21:0 55385
55384 72394 21:0 55390
55389 72460 21:0 55445
55444 72458 21:0 55456
55455 72428 21:0 55466
55465 72392 21:0 55509
55508 72524 21:0 55532
55531 72461 21:0 55542
55541 72494 21:0 55557
55556 72493 21:0 55608
55607 72492 21:0 55613
55612 72393 21:0 55624
55623 72425 21:0 55627
55625 328 1:0 2725
55626 72426 21:0 55635
55632 71117 1:0 55761
55633 71019 1:0 56066
55634 72427 21:0 55638
55636 71017 1:0 56146
55637 72459 21:0 55647
55639 71018 1:0 56154
55642 71016 1:0 56164
55642 70984 1:0 56197
55648 70986 1:0 56277
55648 70985 1:0 56285
55661 344 21:0 55675
55668 70983 1:0 56295
55674 72395 21:0 55754
55681 70952 1:0 56328
55735 70953 1:0 56408
55753 72491 21:0 55758
55755 70951 1:0 56415
55757 72526 21:0 55766
55763 70950 1:0 56426
55764 70918 1:0 56459
55765 72525 21:0 55769
55767 70920 1:0 56539
55768 72527 21:0 55778
55770 70919 1:0 56547
55773 70917 1:0 56557
55773 70886 1:0 56590
55779 70887 1:0 56670
55779 70885 1:0 56677
55784 70884 1:0 56688
55812 70854 1:0 56721
55894 70853 1:0 56801
55895 70852 1:0 56808
55904 70851 1:0 56819
55904 70821 1:0 56852
55910 70820 1:0 56932
55930 70819 1:0 56939
55943 70818 1:0 56950
56025 70788 1:0 56983
56026 70787 1:0 57063
56035 70786 1:0 57070
56035 70785 1:0 57081
56043 70755 1:0 57114
56061 70753 1:0 57194
56156 70754 1:0 57202
56157 70752 1:0 57212
56157 70721 1:0 57245
56166 70722 1:0 57325
56166 70720 1:0 57332
56174 70719 1:0 57343
56193 70687 1:0 57376
56287 70689 1:0 57456
56288 70688 1:0 57464
56297 70686 1:0 57474
56297 70654 1:0 57507
56303 70656 1:0 57587
56307 70655 1:0 57595
56324 70653 1:0 57605
56336 345 1:0 58935
56418 72527 1:0 59119
56419 72525 1:0 59199
56428 72526 1:0 59207
56428 72524 1:0 59217
56434 72492 1:0 59250
56439 72494 1:0 59330
56467 72493 1:0 59338
57785 73537 21:0 57793
57793 73540 21:0 57859
57861 73570 21:0 57869
57868 73571 21:0 57919
57918 73572 21:0 57935
57937 73603 21:0 57945
57944 73605 21:0 57995
57994 73604 21:0 58011
58013 73636 21:0 58021
58020 73637 21:0 58071
58070 73638 21:0 58087
58086 73639 21:0 58097
58096 73669 21:0 58115
58114 73670 21:0 58163
58162 73671 21:0 58168
58167 73672 21:0 58187
58186 73702 21:0 58239
58238 73703 21:0 58244
58243 73704 21:0 58249
58248 73705 21:0 58315
58314 73735 21:0 58320
58319 73738 21:0 58325
58324 73769 21:0 58382
58381 73770 21:0 58396
58395 73606 21:0 58401
58400 73538 21:0 58456
58455 73573 21:0 58472
58471 73539 21:0 58477
58476 73835 21:0 58527
58526 73836 21:0 58543
58542 73771 21:0 58553
58552 73804 21:0 58571
58570 73768 21:0 58619
58618 73837 21:0 58624
58623 73801 21:0 58643
58642 73870 21:0 58695
58694 73867 21:0 58700
58699 73737 21:0 58705
58704 73802 21:0 58771
58770 73736 21:0 58776
58775 73869 21:0 58781
58780 73868 21:0 58844
58843 73803 21:0 58852
58851 73834 21:0 58857
58856 73966 21:0 58912
58911 73934 21:0 58928
58927 73969 21:0 58933
58932 73968 21:0 58939
58938 74002 21:0 58942
58940 72491 1:0 59348
58941 73967 21:0 58953
58947 72459 1:0 59381
58948 72461 1:0 59461
58954 72460 1:0 59469
58957 72458 1:0 59479
58957 72427 1:0 59512
58963 72428 1:0 59592
58976 345 21:0 58990
58983 72426 1:0 59599
58996 72425 1:0 59610
59078 72395 1:0 59643
59079 72393 1:0 59723
59088 72394 1:0 59731
59088 72392 1:0 59741
59094 72362 1:0 59774
59099 72361 1:0 59854
59127 72360 1:0 59861
59209 72359 1:0 59872
59210 72327 1:0 59905
59219 72329 1:0 59985
59219 72328 1:0 59993
59225 72326 1:0 60003
59245 72294 1:0 60036
59258 72296 1:0 60116
59340 72295 1:0 60124
59341 72293 1:0 60134
59350 72263 1:0 60167
59350 72262 1:0 60247
59358 72261 1:0 60254
59376 72260 1:0 60265
59471 72230 1:0 60298
59472 72229 1:0 60378
59472 72228 1:0 60385
59481 72227 1:0 60396
59481 72197 1:0 60429
59489 72196 1:0 60509
59508 72195 1:0 60516
59602 72194 1:0 60527
59603 72164 1:0 60560
59612 72163 1:0 60640
59612 72162 1:0 60647
59618 72161 1:0 60658
59622 72131 1:0 60691
59639 72129 1:0 60771
59733 72130 1:0 60779
59734 72128 1:0 60789
59743 72097 1:0 60822
59743 72098 1:0 60902
59749 72096 1:0 60909
59753 72095 1:0 60920
59754 346 1:0 62250
61100 74979 21:0 61108
61108 74982 21:0 61174
61176 75012 21:0 61184
61183 75013 21:0 61234
61233 75014 21:0 61250
61249 75015 21:0 61260
61259 75045 21:0 61278
61277 75047 21:0 61326
61325 75046 21:0 61331
61330 75048 21:0 61350
61349 75078 21:0 61402
61401 75079 21:0 61407
61406 75080 21:0 61412
61411 75081 21:0 61478
61477 75111 21:0 61483
61482 75114 21:0 61488
61487 75144 21:0 61543
61542 75146 21:0 61559
61558 75145 21:0 61564
61563 75147 21:0 61619
61618 75177 21:0 61635
61634 75178 21:0 61640
61639 75179 21:0 61690
61689 75180 21:0 61706
61713 75245 21:0 61730
61729 75212 21:0 61782
61781 75246 21:0 61787
61786 75213 21:0 61806
61805 74980 21:0 61858
61857 75112 21:0 61863
61862 75211 21:0 61868
61867 75244 21:0 61934
61933 75243 21:0 61939
61938 75210 21:0 61944
61943 75113 21:0 61999
61998 74981 21:0 62015
62017 75377 21:0 62034
62033 75309 21:0 62086
62085 75277 21:0 62091
62090 75344 21:0 62110
62109 75310 21:0 62162
62161 75279 21:0 62167
62166 75311 21:0 62172
62171 75376 21:0 62238
62237 75378 21:0 62243
62242 75276 21:0 62248
62247 75342 21:0 62257
62256 75312 21:0 62265
62262 74002 1:0 62383
62263 73967 1:0 62434
62264 75343 21:0 62268
62266 73969 1:0 62514
62267 75375 21:0 62274
62269 73968 1:0 62522
62272 73966 1:0 62532
62272 73934 1:0 62652
62275 73868 1:0 62827
62278 73870 1:0 62907
62291 346 21:0 62305
62298 73869 1:0 62915
62304 75345 21:0 62382
62311 73867 1:0 62925
62365 73837 1:0 62958
62381 75278 21:0 62388
62381 73836 1:0 63038
62387 75408 21:0 62396
62393 73835 1:0 63045
62394 73834 1:0 63056
62397 73803 1:0 63089
62403 73804 1:0 63169
62403 73802 1:0 63176
62409 73801 1:0 63187
62414 73771 1:0 63220
62442 73770 1:0 63300
62524 73769 1:0 63307
62525 73768 1:0 63318
62534 73736 1:0 63351
62534 73738 1:0 63431
62540 73737 1:0 63439
62560 73735 1:0 63449
62573 73705 1:0 63482
62655 73704 1:0 63562
62656 73703 1:0 63569
62665 73702 1:0 63580
62665 73672 1:0 63613
62673 73671 1:0 63693
62691 73670 1:0 63700
62786 73669 1:0 63711
62787 73639 1:0 63744
62787 73638 1:0 63824
62796 73637 1:0 63831
62796 73636 1:0 63842
62804 73606 1:0 63875
62823 73604 1:0 63955
62917 73605 1:0 63963
62918 73603 1:0 63973
62927 73573 1:0 64006
62927 73572 1:0 64086
62933 73571 1:0 64093
62937 73570 1:0 64104
62954 73539 1:0 64137
62966 347 1:0 65565
63048 73540 1:0 64217
63049 73538 1:0 64224
63058 73537 1:0 64235
63058 75408 1:0 65847
63064 75378 1:0 65880
63069 75376 1:0 65960
63097 75377 1:0 65968
64415 76421 21:0 64423
64422 76423 21:0 64473
64472 76422 21:0 64489
64491 76454 21:0 64499
64499 76457 21:0 64565
64567 76487 21:0 64575
64574 76488 21:0 64625
64624 76489 21:0 64641
64640 76490 21:0 64651
64650 76520 21:0 64669
64668 76521 21:0 64717
64716 76522 21:0 64722
64721 76523 21:0 64741
64740 76555 21:0 64793
64792 76554 21:0 64798
64797 76556 21:0 64803
64802 76586 21:0 64869
64868 76587 21:0 64874
64873 76588 21:0 64879
64878 76589 21:0 64935
64934 76619 21:0 64950
64949 76621 21:0 64955
64954 76620 21:0 65010
65009 76622 21:0 65026
65025 76685 21:0 65031
65030 76456 21:0 65081
65080 76424 21:0 65097
65096 76455 21:0 65107
65106 76688 21:0 65125
65124 76687 21:0 65173
65175 76751 21:0 65183
65182 76655 21:0 65233
65232 76753 21:0 65249
65248 76654 21:0 65259
65258 76686 21:0 65277
65276 76652 21:0 65325
65324 76553 21:0 65330
65329 76720 21:0 65349
65348 76718 21:0 65401
65400 76653 21:0 65406
65405 76754 21:0 65411
65410 76752 21:0 65477
65476 76719 21:0 65482
65481 76721 21:0 65487
65486 76851 21:0 65544
65543 76820 21:0 65558
65557 76787 21:0 65563
65562 76850 21:0 65569
65568 76853 21:0 65580
65577 75375 1:0 65978
65578 75345 1:0 66011
65579 76786 21:0 65583
65581 75343 1:0 66091
65584 75344 1:0 66099
65587 75342 1:0 66109
65587 75312 1:0 66142
65593 75311 1:0 66222
65606 347 21:0 65620
65613 75310 1:0 66229
65626 75309 1:0 66240
65708 75278 1:0 66273
65709 75279 1:0 66353
65718 75277 1:0 66360
65718 75276 1:0 66371
65724 75244 1:0 66404
65729 75246 1:0 66484
65757 75245 1:0 66492
65839 75243 1:0 66502
65840 75211 1:0 66535
65849 75213 1:0 66615
65849 75212 1:0 66623
65855 75210 1:0 66633
65875 75180 1:0 66666
65888 75179 1:0 66746
65970 75178 1:0 66753
65971 75177 1:0 66764
65980 75147 1:0 66797
65980 75145 1:0 66877
65988 75146 1:0 66885
66006 75144 1:0 66895
66101 75113 1:0 66928
66102 75114 1:0 67008
66102 75112 1:0 67015
66111 75111 1:0 67026
66111 75081 1:0 67059
66119 75080 1:0 67139
66138 75079 1:0 67146
66232 75078 1:0 67157
66233 75048 1:0 67190
66242 75046 1:0 67270
66242 75047 1:0 67278
66248 75045 1:0 67288
66252 75015 1:0 67321
66269 75014 1:0 67401
66363 75013 1:0 67408
66364 75012 1:0 67419
66373 74981 1:0 67452
66373 74982 1:0 67532
66379 74980 1:0 67539
66383 74979 1:0 67550
66384 348 1:0 68880
67730 77863 21:0 67738
67737 77865 21:0 67788
67787 77864 21:0 67804
67803 77866 21:0 67814
67814 77899 21:0 67880
67879 77898 21:0 67885
67887 77930 21:0 67904
67903 77931 21:0 67956
67955 77932 21:0 67961
67963 77964 21:0 67980
67979 77963 21:0 68032
68034 77995 21:0 68042
68041 77997 21:0 68092
68091 77998 21:0 68108
68107 77996 21:0 68118
68118 78031 21:0 68184
68186 78061 21:0 68194
68193 78063 21:0 68244
68243 78062 21:0 68260
68259 78064 21:0 68270
68269 78094 21:0 68288
68287 78095 21:0 68336
68335 78096 21:0 68341
68340 77897 21:0 68360
68359 77896 21:0 68412
68411 78128 21:0 68417
68416 78030 21:0 68422
68421 78161 21:0 68488
68487 77929 21:0 68493
68492 78162 21:0 68498
68497 77962 21:0 68556
68555 78129 21:0 68569
68568 78160 21:0 68574
68573 78097 21:0 68629
68628 77965 21:0 68645
68644 78130 21:0 68650
68649 78028 21:0 68700
68699 78029 21:0 68716
68715 78127 21:0 68726
68725 78163 21:0 68744
68743 78193 21:0 68792
68791 78194 21:0 68797
68796 78195 21:0 68816
68815 78196 21:0 68868
68867 78226 21:0 68873
68872 78259 21:0 68878
68877 78229 21:0 68887
68886 78294 21:0 68895
68892 76853 1:0 69144
68893 76851 1:0 69151
68894 78260 21:0 68898
68896 76850 1:0 69162
68897 78261 21:0 68907
68899 76820 1:0 69275
68902 76787 1:0 69406
68902 76786 1:0 69414
68908 76752 1:0 69457
68908 76754 1:0 69537
68921 348 21:0 68935
68928 76753 1:0 69545
68934 78328 21:0 69011
68941 76751 1:0 69555
68995 76721 1:0 69588
69010 78325 21:0 69018
69011 76719 1:0 69668
69017 78295 21:0 69026
69023 76720 1:0 69676
69024 76718 1:0 69686
69025 78262 21:0 69029
69027 76686 1:0 69719
69028 78292 21:0 69038
69030 76688 1:0 69799
69033 76687 1:0 69807
69033 76685 1:0 69817
69037 78293 21:0 69066
69039 76653 1:0 69850
69039 76655 1:0 69930
69044 76654 1:0 69938
69065 78326 21:0 69146
69067 76652 1:0 69948
69072 76622 1:0 69981
69126 76620 1:0 70061
69145 78327 21:0 69149
69147 76621 1:0 70069
69148 78227 21:0 69157
69154 76619 1:0 70079
69155 76589 1:0 70112
69156 78228 21:0 69160
69158 76588 1:0 70192
69159 78358 21:0 69169
69161 76587 1:0 70199
69164 76586 1:0 70210
69164 76556 1:0 70243
69170 76554 1:0 70323
69170 76555 1:0 70331
69190 76553 1:0 70341
69203 76523 1:0 70374
69285 76522 1:0 70454
69286 76521 1:0 70461
69295 76520 1:0 70472
69295 76490 1:0 70505
69303 76489 1:0 70585
69321 76488 1:0 70592
69416 76487 1:0 70603
69417 76455 1:0 70636
69417 76457 1:0 70716
69426 76456 1:0 70724
69426 76454 1:0 70734
69434 76424 1:0 70767
69453 76422 1:0 70847
69465 349 1:0 72195
69547 76423 1:0 70855
69548 76421 1:0 70865
69557 78358 1:0 72215
69557 78327 1:0 72248
69563 78328 1:0 72328
69568 78326 1:0 72335
69596 78325 1:0 72346
69678 78293 1:0 72379
69679 78295 1:0 72459
69688 78294 1:0 72467
69688 78292 1:0 72477
69694 78262 1:0 72510
69699 78261 1:0 72590
69727 78260 1:0 72597
71045 79305 21:0 71053
71052 79306 21:0 71103
71102 79307 21:0 71119
71118 79308 21:0 71129
71129 79341 21:0 71195
71197 79371 21:0 71205
71204 79373 21:0 71255
71254 79372 21:0 71271
71270 79374 21:0 71281
71280 79404 21:0 71299
71298 79405 21:0 71347
71346 79406 21:0 71352
71351 79407 21:0 71371
71370 79437 21:0 71423
71422 79438 21:0 71428
71427 79439 21:0 71433
71432 79440 21:0 71499
71498 79470 21:0 71504
71503 79473 21:0 71509
71508 79503 21:0 71566
71565 79505 21:0 71580
71579 79504 21:0 71585
71584 79506 21:0 71640
71639 79471 21:0 71656
71655 79338 21:0 71661
71660 79538 21:0 71711
71710 79536 21:0 71727
71726 79539 21:0 71737
71736 79340 21:0 71755
71754 79339 21:0 71803
71802 79472 21:0 71808
71807 79537 21:0 71827
71826 79569 21:0 71879
71878 79571 21:0 71884
71883 79570 21:0 71889
71888 79603 21:0 71955
71957 79701 21:0 71965
71964 79637 21:0 72015
72014 79605 21:0 72031
72030 79671 21:0 72041
72040 79602 21:0 72059
72058 79636 21:0 72107
72106 79638 21:0 72112
72111 79572 21:0 72131
72130 79635 21:0 72183
72182 79668 21:0 72188
72187 79702 21:0 72193
72192 79604 21:0 72202
72201 79670 21:0 72206
72205 79703 21:0 72206
72205 79704 21:0 72206
72205 79669 21:0 72206
72207 78259 1:0 72608
72207 78228 1:0 72641
72207 78229 1:0 72721
72207 78227 1:0 72728
72207 78226 1:0 72739
72208 78196 1:0 72772
72217 78195 1:0 72852
72217 78194 1:0 72859
72223 78193 1:0 72870
72236 349 21:0 72250
72243 78163 1:0 72903
72256 78162 1:0 72983
72338 78161 1:0 72990
72339 78160 1:0 73001
72348 78130 1:0 73034
72348 78129 1:0 73114
72354 78128 1:0 73121
72359 78127 1:0 73132
72387 78097 1:0 73165
72469 78096 1:0 73245
72470 78095 1:0 73252
72479 78094 1:0 73263
72479 78064 1:0 73296
72485 78062 1:0 73376
72505 78063 1:0 73384
72518 78061 1:0 73394
72600 78029 1:0 73427
72601 78031 1:0 73507
72610 78030 1:0 73515
72610 78028 1:0 73525
72618 77996 1:0 73558
72636 77998 1:0 73638
72731 77997 1:0 73646
72732 77995 1:0 73656
72732 77965 1:0 73689
72741 77963 1:0 73769
72741 77964 1:0 73777
72749 77962 1:0 73787
72768 77932 1:0 73820
72862 77931 1:0 73900
72863 77930 1:0 73907
72872 77929 1:0 73918
72872 77897 1:0 73951
72878 77899 1:0 74031
72882 77898 1:0 74039
72899 77896 1:0 74049
72911 350 1:0 75510
72993 77866 1:0 74082
72994 77864 1:0 74162
73003 77865 1:0 74170
73003 77863 1:0 74180
73009 79704 1:0 75825
73014 79703 1:0 75905
74360 80747 21:0 74368
74367 80749 21:0 74418
74417 80750 21:0 74434
74436 80780 21:0 74444
74444 80783 21:0 74510
74512 80813 21:0 74520
74520 80816 21:0 74586
74588 80846 21:0 74596
74595 80848 21:0 74646
74645 80847 21:0 74662
74661 80849 21:0 74672
74671 80879 21:0 74690
74689 80881 21:0 74738
74737 80880 21:0 74743
74742 80882 21:0 74762
74761 80912 21:0 74814
74813 80913 21:0 74819
74818 80914 21:0 74824
74823 80915 21:0 74890
74889 80945 21:0 74895
74894 80946 21:0 74900
74899 80947 21:0 74957
74956 80748 21:0 74971
74970 80981 21:0 74976
74975 80781 21:0 75031
75030 80782 21:0 75047
75046 80980 21:0 75052
75051 80815 21:0 75102
75101 80948 21:0 75118
75117 80814 21:0 75128
75127 80979 21:0 75146
75145 80978 21:0 75194
75193 81011 21:0 75199
75198 81044 21:0 75218
75217 81045 21:0 75270
75269 81012 21:0 75275
75274 81013 21:0 75280
75279 81080 21:0 75346
75345 81046 21:0 75351
75350 81111 21:0 75356
75355 81014 21:0 75418
75417 81077 21:0 75427
75426 81112 21:0 75432
75431 81110 21:0 75487
75486 81079 21:0 75503
75502 81047 21:0 75508
75507 81078 21:0 75514
75513 81211 21:0 75517
75515 79702 1:0 75912
75516 81179 21:0 75528
75522 79701 1:0 75923
75523 79669 1:0 75956
75527 81176 21:0 75534
75529 79671 1:0 76036
75532 79670 1:0 76044
75532 79668 1:0 76054
75533 81209 21:0 75537
75535 79638 1:0 76087
75538 79636 1:0 76167
75538 79637 1:0 76175
75551 350 21:0 75565
75558 79635 1:0 76185
75571 79604 1:0 76218
75653 79605 1:0 76298
75654 79603 1:0 76305
75663 79602 1:0 76316
75663 79572 1:0 76349
75669 79570 1:0 76429
75674 79571 1:0 76437
75702 79569 1:0 76447
75784 79537 1:0 76480
75785 79539 1:0 76560
75794 79538 1:0 76568
75794 79536 1:0 76578
75800 79506 1:0 76611
75820 79504 1:0 76691
75833 79505 1:0 76699
75915 79503 1:0 76709
75916 79472 1:0 76742
75925 79473 1:0 76822
75925 79471 1:0 76829
75933 79470 1:0 76840
75951 79440 1:0 76873
76046 79439 1:0 76953
76047 79438 1:0 76960
76047 79437 1:0 76971
76056 79407 1:0 77004
76056 79406 1:0 77084
76064 79405 1:0 77091
76083 79404 1:0 77102
76177 79374 1:0 77135
76178 79372 1:0 77215
76187 79373 1:0 77223
76187 79371 1:0 77233
76193 79339 1:0 77266
76197 79341 1:0 77346
76214 79340 1:0 77354
76226 351 1:0 78825
76308 79338 1:0 77364
76309 79308 1:0 77397
76318 79307 1:0 77477
76318 79306 1:0 77484
76324 79305 1:0 77495
77675 82189 21:0 77683
77683 82192 21:0 77749
77751 82222 21:0 77759
77759 82225 21:0 77825
77827 82255 21:0 77835
77835 82258 21:0 77901
77903 82288 21:0 77911
77910 82290 21:0 77961
77960 82289 21:0 77977
77976 82291 21:0 77987
77986 82321 21:0 78005
78004 82323 21:0 78053
78052 82322 21:0 78058
78057 82324 21:0 78077
78076 82354 21:0 78129
78128 82357 21:0 78134
78133 82387 21:0 78139
78138 82388 21:0 78205
78204 82389 21:0 78210
78209 82390 21:0 78215
78214 82422 21:0 78270
78269 82421 21:0 78286
78285 82423 21:0 78291
78290 82256 21:0 78346
78345 82453 21:0 78362
78361 82191 21:0 78367
78366 82420 21:0 78417
78416 82456 21:0 78433
78432 82454 21:0 78443
78442 82223 21:0 78461
78460 82486 21:0 78509
78508 82355 21:0 78514
78513 82190 21:0 78533
78532 82356 21:0 78585
78584 82257 21:0 78590
78589 82455 21:0 78595
78594 82224 21:0 78661
78660 82487 21:0 78666
78665 82488 21:0 78671
78670 82520 21:0 78729
78728 82552 21:0 78742
78741 82620 21:0 78747
78746 82619 21:0 78802
78801 82554 21:0 78818
78817 82522 21:0 78823
78822 82553 21:0 78829
78828 82618 21:0 78832
78830 81211 1:0 78966
78831 82587 21:0 78843
78837 81209 1:0 78976
78838 81179 1:0 79089
78842 82519 21:0 78849
78844 81176 1:0 79107
78847 81112 1:0 79351
78847 81111 1:0 79358
78848 82586 21:0 78852
78850 81110 1:0 79369
78853 81078 1:0 79402
78853 81080 1:0 79482
78866 351 21:0 78880
78873 81079 1:0 79490
78879 82521 21:0 78956
78886 81077 1:0 79500
78940 81047 1:0 79533
78955 82555 21:0 78963
78956 81046 1:0 79613
78962 82588 21:0 78971
78968 81045 1:0 79620
78969 81044 1:0 79631
78970 82585 21:0 78974
78972 81014 1:0 79664
78973 82489 21:0 78983
78975 81013 1:0 79744
78978 81012 1:0 79751
78978 81011 1:0 79762
78982 82621 21:0 79011
78984 80979 1:0 79795
78984 80981 1:0 79875
78989 80980 1:0 79883
79012 80978 1:0 79893
79017 80948 1:0 79926
79099 80947 1:0 80006
79100 80946 1:0 80013
79109 80945 1:0 80024
79109 80915 1:0 80057
79115 80914 1:0 80137
79135 80913 1:0 80144
79148 80912 1:0 80155
79230 80882 1:0 80188
79231 80880 1:0 80268
79240 80881 1:0 80276
79240 80879 1:0 80286
79248 80849 1:0 80319
79266 80847 1:0 80399
79361 80848 1:0 80407
79362 80846 1:0 80417
79362 80814 1:0 80450
79371 80816 1:0 80530
79371 80815 1:0 80538
79379 80813 1:0 80548
79398 80782 1:0 80581
79492 80783 1:0 80661
79493 80781 1:0 80668
79502 80780 1:0 80679
79502 80748 1:0 80712
79508 80750 1:0 80792
79512 80749 1:0 80800
79529 80747 1:0 80810
79541 352 1:0 82140
79623 82621 1:0 82324
79624 82619 1:0 82404
79633 82620 1:0 82412
79633 82618 1:0 82422
79639 82588 1:0 82455
79644 82586 1:0 82535
79672 82587 1:0 82543
79754 82585 1:0 82553
80990 83631 21:0 80998
80998 83634 21:0 81064
81063 83632 21:0 81069
81071 83665 21:0 81088
81087 83666 21:0 81140
81139 83667 21:0 81145
81144 83697 21:0 81164
81163 83698 21:0 81216
81215 83699 21:0 81221
81220 83700 21:0 81226
81225 83731 21:0 81292
81291 83732 21:0 81297
81296 83733 21:0 81302
81301 83763 21:0 81357
81356 83764 21:0 81373
81372 83765 21:0 81378
81377 83766 21:0 81433
81432 83796 21:0 81444
81443 83799 21:0 81454
81453 83829 21:0 81495
81494 83831 21:0 81520
81519 83830 21:0 81530
81529 83832 21:0 81544
81543 83633 21:0 81596
81595 83797 21:0 81601
81600 83798 21:0 81620
81619 83862 21:0 81672
81671 83863 21:0 81677
81676 83864 21:0 81682
81681 83730 21:0 81748
81747 83865 21:0 81753
81752 83664 21:0 81758
81757 83963 21:0 81813
81812 83895 21:0 81829
81828 83994 21:0 81834
81833 83896 21:0 81889
81888 83964 21:0 81901
81900 83929 21:0 81910
81909 83897 21:0 81960
81959 83928 21:0 81976
81975 83931 21:0 81986
81985 83961 21:0 82004
82003 83930 21:0 82052
82051 84063 21:0 82057
82056 84028 21:0 82076
82075 84030 21:0 82128
82127 83898 21:0 82133
82132 84062 21:0 82138
82137 83995 21:0 82147
82152 82555 1:0 82586
82153 82553 1:0 82666
82162 82554 1:0 82674
82162 82552 1:0 82684
82168 82521 1:0 82717
82181 352 21:0 82195
82188 82522 1:0 82797
82201 82520 1:0 82804
82283 82519 1:0 82815
82284 82489 1:0 82848
82293 82488 1:0 82928
82293 82487 1:0 82935
82299 82486 1:0 82946
82304 82455 1:0 82979
82332 82456 1:0 83059
82414 82454 1:0 83066
82415 82453 1:0 83077
82424 82423 1:0 83110
82424 82421 1:0 83190
82430 82422 1:0 83198
82450 82420 1:0 83208
82463 82390 1:0 83241
82545 82389 1:0 83321
82546 82388 1:0 83328
82555 82387 1:0 83339
82555 82356 1:0 83372
82563 82357 1:0 83452
82581 82355 1:0 83459
82676 82354 1:0 83470
82677 82324 1:0 83503
82677 82322 1:0 83583
82686 82323 1:0 83591
82686 82321 1:0 83601
82694 82291 1:0 83634
82713 82289 1:0 83714
82807 82290 1:0 83722
82808 82288 1:0 83732
82817 82257 1:0 83765
82817 82258 1:0 83845
82823 82256 1:0 83852
82827 82255 1:0 83863
82844 82224 1:0 83896
82938 82225 1:0 83976
82939 82223 1:0 83983
82948 82222 1:0 83994
82948 82190 1:0 84027
82954 82192 1:0 84107
82958 82191 1:0 84115
82959 353 1:0 85455
82987 82189 1:0 84125
84305 85073 21:0 84313
84313 85076 21:0 84379
84378 85075 21:0 84384
84386 85107 21:0 84403
84402 85108 21:0 84455
84454 85109 21:0 84460
84459 85139 21:0 84479
84478 85140 21:0 84531
84530 85141 21:0 84536
84535 85142 21:0 84541
84540 85172 21:0 84607
84606 85175 21:0 84612
84611 85205 21:0 84617
84616 85206 21:0 84683
84682 85207 21:0 84688
84687 85208 21:0 84693
84692 85238 21:0 84748
84747 85241 21:0 84764
84763 85271 21:0 84769
84768 85272 21:0 84824
84823 85273 21:0 84840
84839 85274 21:0 84845
84844 85304 21:0 84895
84894 85306 21:0 84911
84910 85305 21:0 84921
84920 85307 21:0 84939
84938 85074 21:0 84987
84986 85240 21:0 84992
84991 85340 21:0 85011
85010 85106 21:0 85063
85062 85239 21:0 85068
85067 85339 21:0 85073
85072 85337 21:0 85139
85138 85173 21:0 85144
85143 85338 21:0 85149
85148 85174 21:0 85210
85209 85403 21:0 85220
85219 85438 21:0 85225
85224 85406 21:0 85280
85279 85436 21:0 85296
85295 85471 21:0 85301
85300 85470 21:0 85351
85350 85404 21:0 85367
85366 85371 21:0 85377
85376 85504 21:0 85399
85398 85469 21:0 85443
85442 85503 21:0 85448
85447 85373 21:0 85459
85458 85372 21:0 85462
85460 84063 1:0 85719
85461 85405 21:0 85470
85467 84062 1:0 85727
85468 84030 1:0 85850
85469 85505 21:0 85479
85471 84028 1:0 85857
85477 83995 1:0 85988
85477 83994 1:0 85999
85478 85472 21:0 85482
85480 83964 1:0 86112
85483 83963 1:0 86120
85483 83961 1:0 86130
85496 353 21:0 85510
85503 83930 1:0 86163
85509 85439 21:0 85587
85516 83931 1:0 86243
85570 83929 1:0 86250
85586 85502 21:0 85593
85586 83928 1:0 86261
85598 83898 1:0 86294
85599 83897 1:0 86374
85608 83896 1:0 86381
85608 83895 1:0 86392
85614 83865 1:0 86425
85619 83864 1:0 86505
85647 83863 1:0 86512
85729 83862 1:0 86523
85730 83832 1:0 86556
85739 83830 1:0 86636
85739 83831 1:0 86644
85745 83829 1:0 86654
85765 83798 1:0 86687
85778 83799 1:0 86767
85860 83797 1:0 86774
85861 83796 1:0 86785
85870 83766 1:0 86818
85870 83765 1:0 86898
85878 83764 1:0 86905
85896 83763 1:0 86916
85991 83733 1:0 86949
85992 83732 1:0 87029
85992 83731 1:0 87036
86001 83730 1:0 87047
86001 83700 1:0 87080
86009 83699 1:0 87160
86028 83698 1:0 87167
86122 83697 1:0 87178
86123 83667 1:0 87211
86132 83666 1:0 87291
86132 83665 1:0 87298
86138 83664 1:0 87309
86142 83633 1:0 87342
86159 83634 1:0 87422
86171 354 1:0 88770
86253 83632 1:0 87429
86254 83631 1:0 87440
86263 85505 1:0 88954
86263 85503 1:0 89034
86269 85504 1:0 89042
86274 85502 1:0 89052
87620 86515 21:0 87628
87627 86516 21:0 87678
87677 86517 21:0 87694
87696 86548 21:0 87704
87704 86551 21:0 87770
87772 86581 21:0 87780
87779 86582 21:0 87830
87829 86583 21:0 87846
87845 86584 21:0 87856
87855 86614 21:0 87874
87873 86616 21:0 87922
87921 86615 21:0 87927
87926 86617 21:0 87946
87945 86647 21:0 87998
87997 86650 21:0 88003
88002 86680 21:0 88008
88007 86681 21:0 88074
88073 86682 21:0 88079
88078 86683 21:0 88084
88083 86713 21:0 88139
88138 86714 21:0 88155
88154 86715 21:0 88160
88159 86716 21:0 88215
88214 86747 21:0 88231
88230 86748 21:0 88236
88235 86518 21:0 88286
88285 86649 21:0 88302
88309 86814 21:0 88326
88325 86815 21:0 88378
88377 86779 21:0 88383
88385 86846 21:0 88402
88401 86845 21:0 88454
88453 86812 21:0 88459
88458 86782 21:0 88478
88477 86550 21:0 88530
88529 86780 21:0 88535
88534 86781 21:0 88540
88539 86549 21:0 88606
88605 86648 21:0 88611
88610 86746 21:0 88616
88615 86749 21:0 88671
88670 86813 21:0 88687
88686 86847 21:0 88692
88691 86979 21:0 88747
88746 86912 21:0 88758
88757 86848 21:0 88768
88767 86946 21:0 88774
88773 86945 21:0 88777
88775 85472 1:0 89085
88776 86878 21:0 88788
88782 85470 1:0 89165
88783 85471 1:0 89173
88789 85469 1:0 89183
88792 85439 1:0 89296
88792 85438 1:0 89304
88798 85436 1:0 89314
88811 354 21:0 88825
88818 85405 1:0 89347
88831 85406 1:0 89427
88913 85404 1:0 89434
88914 85403 1:0 89445
88923 85372 1:0 89478
88923 85373 1:0 89558
88929 85371 1:0 89565
88934 85338 1:0 89609
88962 85340 1:0 89689
89044 85339 1:0 89697
89045 85337 1:0 89707
89054 85307 1:0 89740
89054 85305 1:0 89820
89060 85306 1:0 89828
89080 85304 1:0 89838
89093 85274 1:0 89871
89175 85273 1:0 89951
89176 85272 1:0 89958
89185 85271 1:0 89969
89185 85239 1:0 90002
89193 85241 1:0 90082
89211 85240 1:0 90090
89306 85238 1:0 90100
89307 85208 1:0 90133
89307 85207 1:0 90213
89316 85206 1:0 90220
89316 85205 1:0 90231
89324 85174 1:0 90264
89343 85175 1:0 90344
89437 85173 1:0 90351
89438 85172 1:0 90362
89447 85142 1:0 90395
89447 85141 1:0 90475
89453 85140 1:0 90482
89457 85139 1:0 90493
89474 85109 1:0 90526
89568 85108 1:0 90606
89569 85107 1:0 90613
89578 85106 1:0 90624
89578 85074 1:0 90657
89584 85076 1:0 90737
89588 85075 1:0 90745
89589 355 1:0 92085
89617 85073 1:0 90755
90935 87957 21:0 90943
90942 87958 21:0 90993
90992 87959 21:0 91009
91011 87990 21:0 91019
91019 87993 21:0 91085
91087 88023 21:0 91095
91094 88024 21:0 91145
91144 88025 21:0 91161
91160 88026 21:0 91171
91170 88056 21:0 91189
91188 88058 21:0 91237
91236 88057 21:0 91242
91241 88059 21:0 91261
91260 88089 21:0 91313
91312 88091 21:0 91318
91317 88090 21:0 91323
91322 88092 21:0 91389
91388 88122 21:0 91394
91393 88123 21:0 91399
91398 88124 21:0 91454
91453 88125 21:0 91470
91469 88156 21:0 91475
91474 88157 21:0 91530
91529 88158 21:0 91546
91545 87960 21:0 91551
91550 87991 21:0 91601
91600 88190 21:0 91617
91616 87992 21:0 91627
91626 88221 21:0 91645
91644 88191 21:0 91693
91692 88189 21:0 91698
91697 88188 21:0 91717
91716 88155 21:0 91769
91768 88223 21:0 91774
91773 88222 21:0 91779
91778 88224 21:0 91845
91844 88322 21:0 91850
91852 88354 21:0 91869
91868 88287 21:0 91921
91920 88355 21:0 91926
91925 88257 21:0 91945
91944 88321 21:0 91997
91996 88288 21:0 92002
92001 88289 21:0 92007
92006 88320 21:0 92073
92072 88356 21:0 92078
92077 88254 21:0 92083
92082 88256 21:0 92092
92091 88323 21:0 92100
92097 86979 1:0 92226
92098 86945 1:0 92349
92099 88353 21:0 92103
92101 86946 1:0 92357
92102 88255 21:0 92109
92104 86912 1:0 92487
92107 86878 1:0 92629
92107 86848 1:0 92662
92110 86847 1:0 92742
92113 86846 1:0 92749
92126 355 21:0 92140
92133 86845 1:0 92760
92139 88290 21:0 92218
92146 86813 1:0 92793
92200 86815 1:0 92873
92216 86814 1:0 92881
92217 88386 21:0 92223
92222 88387 21:0 92231
92228 86812 1:0 92891
92229 86781 1:0 92924
92230 88388 21:0 92234
92232 86782 1:0 93004
92235 86780 1:0 93011
92238 86779 1:0 93022
92238 86749 1:0 93055
92244 86748 1:0 93135
92249 86747 1:0 93142
92277 86746 1:0 93153
92359 86716 1:0 93186
92360 86715 1:0 93266
92369 86714 1:0 93273
92369 86713 1:0 93284
92375 86683 1:0 93317
92395 86682 1:0 93397
92408 86681 1:0 93404
92490 86680 1:0 93415
92491 86648 1:0 93448
92500 86650 1:0 93528
92500 86649 1:0 93536
92508 86647 1:0 93546
92526 86617 1:0 93579
92621 86615 1:0 93659
92622 86616 1:0 93667
92622 86614 1:0 93677
92631 86584 1:0 93710
92631 86583 1:0 93790
92639 86582 1:0 93797
92658 86581 1:0 93808
92752 86549 1:0 93841
92753 86551 1:0 93921
92762 86550 1:0 93929
92762 86548 1:0 93939
92768 86518 1:0 93972
92772 86517 1:0 94052
92789 86516 1:0 94059
92801 356 1:0 95400
92883 86515 1:0 94070
92884 88388 1:0 95664
92893 88387 1:0 95671
92893 88386 1:0 95682
92899 88356 1:0 95715
92904 88355 1:0 95795
94250 89399 21:0 94258
94257 89400 21:0 94308
94307 89401 21:0 94324
94331 89433 21:0 94348
94347 89435 21:0 94400
94402 89465 21:0 94410
94409 89467 21:0 94460
94459 89466 21:0 94476
94478 89498 21:0 94486
94485 89500 21:0 94536
94535 89499 21:0 94552
94554 89531 21:0 94562
94561 89533 21:0 94612
94611 89434 21:0 94628
94630 89564 21:0 94638
94637 89565 21:0 94688
94687 89566 21:0 94704
94703 89567 21:0 94714
94713 89597 21:0 94732
94731 89598 21:0 94780
94779 89599 21:0 94785
94784 89600 21:0 94804
94803 89630 21:0 94856
94855 89402 21:0 94861
94860 89501 21:0 94866
94865 89468 21:0 94932
94931 89534 21:0 94937
94936 89532 21:0 94942
94941 89432 21:0 94997
94996 89697 21:0 95013
95012 89632 21:0 95018
95018 89732 21:0 95084
95083 89730 21:0 95089
95088 89699 21:0 95094
95093 89666 21:0 95157
95156 89633 21:0 95165
95164 89729 21:0 95170
95169 89664 21:0 95225
95224 89665 21:0 95241
95240 89631 21:0 95246
95245 89731 21:0 95296
95295 89696 21:0 95312
95311 89663 21:0 95322
95321 89698 21:0 95344
95343 89762 21:0 95388
95387 89764 21:0 95393
95392 89763 21:0 95404
95403 89765 21:0 95407
95405 88354 1:0 95802
95412 88353 1:0 95813
95413 88323 1:0 95846
95422 88321 1:0 95926
95422 88322 1:0 95934
95428 88320 1:0 95944
95441 356 21:0 95455
95448 88290 1:0 95977
95461 88289 1:0 96057
95543 88288 1:0 96064
95544 88287 1:0 96075
95553 88255 1:0 96108
95553 88257 1:0 96188
95559 88256 1:0 96196
95564 88254 1:0 96206
95592 88224 1:0 96239
95674 88222 1:0 96319
95675 88223 1:0 96327
95684 88221 1:0 96337
95684 88189 1:0 96370
95690 88191 1:0 96450
95710 88190 1:0 96458
95723 88188 1:0 96468
95805 88158 1:0 96501
95806 88157 1:0 96581
95815 88156 1:0 96588
95815 88155 1:0 96599
95823 88125 1:0 96632
95841 88124 1:0 96712
95936 88123 1:0 96719
95937 88122 1:0 96730
95937 88092 1:0 96763
95946 88090 1:0 96843
95946 88091 1:0 96851
95954 88089 1:0 96861
95973 88059 1:0 96894
96067 88057 1:0 96974
96068 88058 1:0 96982
96077 88056 1:0 96992
96077 88026 1:0 97025
96083 88025 1:0 97105
96087 88024 1:0 97112
96104 88023 1:0 97123
96198 87992 1:0 97156
96199 87993 1:0 97236
96208 87991 1:0 97243
96208 87990 1:0 97254
96214 87960 1:0 97287
96218 87959 1:0 97367
96219 357 1:0 98715
96247 87958 1:0 97374
96329 87957 1:0 97385
97565 90841 21:0 97573
97572 90843 21:0 97623
97622 90842 21:0 97639
97646 90875 21:0 97663
97662 90876 21:0 97715
97714 90877 21:0 97720
97719 90907 21:0 97739
97738 90909 21:0 97791
97790 90908 21:0 97796
97795 90910 21:0 97801
97800 90940 21:0 97867
97866 90941 21:0 97872
97871 90942 21:0 97877
97876 90943 21:0 97932
97931 90973 21:0 97948
97947 90975 21:0 97953
97952 90974 21:0 98007
98006 90976 21:0 98019
98018 91006 21:0 98029
98028 91008 21:0 98068
98067 91007 21:0 98095
98094 91009 21:0 98105
98104 91039 21:0 98119
98118 91041 21:0 98171
98170 91040 21:0 98176
98175 90874 21:0 98195
98194 90844 21:0 98247
98246 91042 21:0 98252
98251 91072 21:0 98257
98256 91074 21:0 98323
98322 91073 21:0 98328
98327 91075 21:0 98333
98332 91105 21:0 98388
98387 91106 21:0 98404
98403 91107 21:0 98409
98408 91108 21:0 98464
98463 91138 21:0 98475
98474 91139 21:0 98485
98484 91140 21:0 98526
98525 91141 21:0 98551
98550 91205 21:0 98561
98560 91174 21:0 98575
98574 91173 21:0 98627
98626 91172 21:0 98632
98631 91171 21:0 98651
98650 91207 21:0 98703
98702 91204 21:0 98708
98707 91206 21:0 98713
98712 91237 21:0 98722
98721 91240 21:0 98726
98725 91239 21:0 98726
98725 91238 21:0 98726
98727 89765 1:0 99161
98727 89763 1:0 99241
98727 89764 1:0 99249
98727 89762 1:0 99259
98728 89731 1:0 99292
98737 89732 1:0 99372
98737 89730 1:0 99379
98743 89729 1:0 99390
98756 357 21:0 98770
98763 89698 1:0 99423
98776 89699 1:0 99503
98858 89697 1:0 99510
98859 89696 1:0 99521
98868 89665 1:0 99554
98868 89666 1:0 99634
98874 89664 1:0 99641
98879 89663 1:0 99652
98907 89631 1:0 99685
98989 89633 1:0 99765
98990 89632 1:0 99773
98999 89630 1:0 99783
98999 89600 1:0 99816
99005 89599 1:0 99896
99025 89598 1:0 99903
99038 89597 1:0 99914
99120 89567 1:0 99947
99121 89566 1:0 100027
99130 89565 1:0 100034
99130 89564 1:0 100045
99138 89532 1:0 100078
99156 89534 1:0 100158
99251 89533 1:0 100166
99252 89531 1:0 100176
99252 89501 1:0 100209
99261 89499 1:0 100289
99261 89500 1:0 100297
99269 89498 1:0 100307
99288 89468 1:0 100340
99382 89466 1:0 100420
99383 89467 1:0 100428
99392 89465 1:0 100438
99392 89434 1:0 100471
99398 89435 1:0 100551
99402 89433 1:0 100558
99419 89432 1:0 100569
99431 358 1:0 102030
99513 89402 1:0 100602
99514 89401 1:0 100682
99523 89400 1:0 100689
99523 89399 1:0 100700
100880 92283 21:0 100888
100888 92286 21:0 100954
100956 92316 21:0 100964
100963 92284 21:0 101014
101013 92318 21:0 101030
101029 92285 21:0 101040
101040 92352 21:0 101106
101105 92319 21:0 101111
101113 92384 21:0 101130
101129 92382 21:0 101182
101181 92383 21:0 101187
101189 92417 21:0 101206
101205 92415 21:0 101258
101257 92418 21:0 101263
101265 92450 21:0 101282
101281 92416 21:0 101334
101333 92449 21:0 101339
101341 92483 21:0 101358
101357 92482 21:0 101410
101412 92514 21:0 101420
101419 92484 21:0 101470
101469 92351 21:0 101486
101485 92451 21:0 101496
101495 92481 21:0 101514
101513 92350 21:0 101562
101561 92349 21:0 101567
101566 92385 21:0 101586
101585 92317 21:0 101638
101637 92448 21:0 101643
101642 92515 21:0 101648
101647 92516 21:0 101714
101713 92615 21:0 101719
101718 92550 21:0 101724
101724 92649 21:0 101790
101789 92647 21:0 101795
101794 92547 21:0 101800
101800 92682 21:0 101866
101865 92679 21:0 101871
101870 92580 21:0 101876
101875 92583 21:0 101939
101938 92616 21:0 101947
101946 92582 21:0 101952
101951 92613 21:0 102007
102006 92614 21:0 102023
102022 92680 21:0 102028
102042 92680 1:0 102083
102043 92614 1:0 102163
102052 92613 1:0 102174
102052 92582 1:0 102183
102058 92616 1:0 102196
102071 358 21:0 102085
102078 92583 1:0 102268
102091 92580 1:0 102297
102173 92679 1:0 102308
102174 92547 1:0 102317
102183 91239 1:0 102345
102183 91240 1:0 102425
102189 91238 1:0 102432
102194 91237 1:0 102443
102222 92550 1:0 102448
102304 91206 1:0 102476
102305 91207 1:0 102556
102314 91205 1:0 102563
102314 91204 1:0 102574
102320 92647 1:0 102579
102340 91172 1:0 102607
102353 91174 1:0 102687
102435 91173 1:0 102695
102436 91171 1:0 102705
102445 92682 1:0 102710
102445 91141 1:0 102738
102453 91140 1:0 102818
102471 91139 1:0 102825
102566 91138 1:0 102836
102567 92615 1:0 102841
102567 91108 1:0 102869
102576 91107 1:0 102949
102576 91106 1:0 102956
102584 91105 1:0 102967
102603 92649 1:0 102972
102697 91075 1:0 103000
102698 91073 1:0 103080
102707 91074 1:0 103088
102707 91072 1:0 103098
102713 92516 1:0 103103
102717 91042 1:0 103131
102734 91040 1:0 103211
102828 91041 1:0 103219
102829 91039 1:0 103229
102838 92515 1:0 103234
102838 91009 1:0 103262
102844 91007 1:0 103342
102848 91008 1:0 103350
102877 91006 1:0 103360
102959 92448 1:0 103365
102960 90976 1:0 103393
102969 90974 1:0 103473
102969 90975 1:0 103481
102975 90973 1:0 103491
102980 92317 1:0 103496
103008 90943 1:0 103524
103090 90942 1:0 103604
103091 90941 1:0 103611
103100 90940 1:0 103622
103100 92385 1:0 103627
103106 90910 1:0 103655
103111 90908 1:0 103735
103139 90909 1:0 103743
103221 90907 1:0 103753
103222 92349 1:0 103758
103231 90877 1:0 103786
103231 90876 1:0 103866
103237 90875 1:0 103873
103257 90874 1:0 103884
103270 92350 1:0 103889
103352 90844 1:0 103917
103353 90842 1:0 103997
103362 90843 1:0 104005
103362 90841 1:0 104015
103370 92481 1:0 104031
103388 92451 1:0 104102
103389 359 1:0 104128
103401 46025 1:0 104144
103401 46019 1:0 104150
103401 46024 1:0 104150
103401 46018 1:0 104153
103483 92351 1:0 104141
103484 46030 1:0 104150
103484 46027 1:0 104153
103484 46165 1:0 104365
103493 46026 1:0 104181
103493 46028 1:0 104181
103493 46031 1:0 104232
103493 46029 1:0 104312
103501 92449 1:0 104362
103503 46171 1:0 104371
103503 46172 1:0 104371
103519 46176 1:0 104371
103520 46166 1:0 104374
103520 46313 1:0 104586
103532 46173 1:0 104374
103532 46319 1:0 104592
103614 46175 1:0 104402
103614 46177 1:0 104402
103615 46178 1:0 104453
103615 46174 1:0 104523
103615 46318 1:0 104592
103624 92319 1:0 104583
103624 46324 1:0 104592
103624 46312 1:0 104595
103630 46321 1:0 104595
103630 46325 1:0 104623
103634 46323 1:0 104623
103650 46320 1:0 104674
103651 46322 1:0 104753
103663 46467 1:0 104813
103745 92285 1:0 104796
103746 92383 1:0 104807
103746 46459 1:0 104813
103746 46460 1:0 104816
103755 46469 1:0 104816
103755 46468 1:0 104826
103755 46465 1:0 104826
103755 46466 1:0 104826
103755 46470 1:0 104854
103761 46471 1:0 104898
103763 46472 1:0 104985
103781 92484 1:0 105028
103782 46607 1:0 105034
103782 46612 1:0 105037
103794 46615 1:0 105034
103876 46614 1:0 105037
103876 46617 1:0 105047
103877 46606 1:0 105047
103877 46613 1:0 105047
103877 46616 1:0 105075
103877 46619 1:0 105119
103886 92416 1:0 105246
103886 46618 1:0 105205
103886 46753 1:0 105249
103886 46754 1:0 105255
103886 46759 1:0 105255
103892 46765 1:0 105255
103892 46760 1:0 105258
103896 46766 1:0 105258
103912 46763 1:0 105286
103913 46764 1:0 105286
103925 46762 1:0 105337
103966 46900 1:0 105470
104007 46761 1:0 105406
104007 46906 1:0 105476
104007 46907 1:0 105476
104007 46901 1:0 105479
104008 92382 1:0 105467
104017 46913 1:0 105476
104017 46912 1:0 105479
104017 46910 1:0 105507
104017 46911 1:0 105507
104023 46909 1:0 105558
104023 46908 1:0 105627
104043 92482 1:0 105680
104044 47054 1:0 105697
104097 92483 1:0 105691
104140 47060 1:0 105697
104140 47058 1:0 105700
104141 47053 1:0 105700
104141 47047 1:0 105710
104141 47048 1:0 105710
104141 47057 1:0 105710
104141 47201 1:0 105912
104141 47200 1:0 105918
104150 47056 1:0 105738
104150 47055 1:0 105782
104150 47059 1:0 105868
104150 47195 1:0 105918
104150 47194 1:0 105921
104156 92514 1:0 105909
104160 47204 1:0 105918
104169 359 21:0 104183
104177 47205 1:0 105921
104189 47207 1:0 105949
104230 47206 1:0 105949
104238 47202 1:0 106000
104258 47203 1:0 106070
104259 47342 1:0 106139
104259 47348 1:0 106142
104271 46018 21:0 104315
104309 92352 1:0 106122
104311 47347 1:0 106152
104318 46029 21:0 104353
104329 92418 1:0 106133
104352 46031 21:0 104356
104355 46028 21:0 104356
104355 46026 21:0 104364
104361 47352 1:0 106139
104361 47351 1:0 106142
104362 47350 1:0 106152
104362 47341 1:0 106152
104362 47349 1:0 106180
104363 46027 21:0 104367
104365 47353 1:0 106224
104366 46019 21:0 104367
104366 46030 21:0 104367
104366 46024 21:0 104373
104368 47354 1:0 106311
104368 47501 1:0 106360
104368 47495 1:0 106360
104371 92450 1:0 106348
104371 92415 1:0 106354
104372 46025 21:0 104373
104374 47494 1:0 106363
104374 47489 1:0 106373
104377 47498 1:0 106363
104379 47497 1:0 106373
104381 47488 1:0 106373
104397 47496 1:0 106401
104398 47499 1:0 106445
104410 47500 1:0 106531
104451 47635 1:0 106575
104479 92417 1:0 106569
104480 47636 1:0 106581
104480 47646 1:0 106581
104481 47641 1:0 106581
104529 46174 21:0 104574
104530 47647 1:0 106584
104540 47642 1:0 106584
104540 47782 1:0 106796
104540 47788 1:0 106802
104550 47648 1:0 106612
104573 46178 21:0 104577
104576 46177 21:0 104577
104576 46175 21:0 104585
104582 47645 1:0 106612
104582 47644 1:0 106663
104583 92384 1:0 106790
104583 47643 1:0 106732
104584 46173 21:0 104588
104586 47783 1:0 106802
104586 47789 1:0 106805
104587 46176 21:0 104588
104587 46166 21:0 104588
104587 46172 21:0 104594
104589 47790 1:0 106802
104589 47791 1:0 106805
104592 47794 1:0 106833
104592 47792 1:0 106833
104592 47795 1:0 106884
104592 47793 1:0 106964
104593 46171 21:0 104594
104593 46165 21:0 104594
104598 92318 1:0 107006
104603 92286 1:0 107017
104618 47929 1:0 107023
104619 47942 1:0 107023
104631 47936 1:0 107026
104672 47937 1:0 107026
104680 47938 1:0 107036
104685 47935 1:0 107036
104685 47930 1:0 107036
104701 47939 1:0 107064
104702 47940 1:0 107108
104713 46312 21:0 104757
104751 47941 1:0 107194
104753 48077 1:0 107244
104763 46322 21:0 104795
104771 92316 1:0 107238
104794 46320 21:0 104798
104797 46323 21:0 104798
104797 46325 21:0 104806
104803 48084 1:0 107244
104803 48082 1:0 107247
104803 48083 1:0 107257
104803 48076 1:0 107257
104803 48324 1:0 107468
104804 48085 1:0 107247
104804 48086 1:0 107257
104804 48087 1:0 107285
104805 46321 21:0 104809
104807 48229 1:0 107465
104808 46319 21:0 104809
104808 46324 21:0 104809
104808 46318 21:0 104815
104810 48089 1:0 107329
104810 48088 1:0 107415
104813 92284 1:0 107452
104813 92283 1:0 107459
104814 46313 21:0 104815
104816 48231 1:0 107465
104819 48232 1:0 107468
104819 48224 1:0 107468
104821 48230 1:0 107478
104821 48223 1:0 107478
104824 48233 1:0 107478
104839 48323 1:0 107676
104840 48234 1:0 107506
104852 48235 1:0 107550
104893 48236 1:0 107637
104961 46466 21:0 104986
104991 46472 21:0 105016
105015 46471 21:0 105019
105018 46470 21:0 105019
105018 46468 21:0 105027
105026 46469 21:0 105030
105029 46467 21:0 105030
105029 46465 21:0 105036
105035 46459 21:0 105036
105035 46460 21:0 105036
105155 46606 21:0 105199
105215 46618 21:0 105237
105236 46619 21:0 105240
105239 46616 21:0 105240
105239 46617 21:0 105248
105247 46614 21:0 105251
105250 46615 21:0 105251
105250 46613 21:0 105257
105256 46612 21:0 105257
105256 46607 21:0 105257
105416 46761 21:0 105458
105457 46762 21:0 105461
105460 46763 21:0 105461
105460 46764 21:0 105469
105468 46766 21:0 105472
105471 46760 21:0 105472
105471 46765 21:0 105472
105471 46754 21:0 105478
105477 46753 21:0 105478
105477 46759 21:0 105478
105637 46908 21:0 105679
105678 46909 21:0 105682
105681 46910 21:0 105682
105681 46911 21:0 105690
105689 46912 21:0 105693
105692 46913 21:0 105693
105692 46901 21:0 105693
105692 46907 21:0 105699
105698 46906 21:0 105699
105698 46900 21:0 105699
105815 47048 21:0 105861
105878 47059 21:0 105900
105899 47055 21:0 105903
105902 47056 21:0 105903
105902 47057 21:0 105911
105910 47058 21:0 105914
105913 47060 21:0 105914
105913 47047 21:0 105920
105919 47053 21:0 105920
105919 47054 21:0 105920
106076 47203 21:0 106121
106120 47202 21:0 106124
106123 47207 21:0 106124
106123 47206 21:0 106132
106131 47205 21:0 106135
106134 47194 21:0 106135
106134 47204 21:0 106135
106134 47195 21:0 106141
106140 47200 21:0 106141
106140 47201 21:0 106141
106260 47341 21:0 106304
106317 47354 21:0 106342
106341 47353 21:0 106345
106344 47349 21:0 106345
106344 47350 21:0 106353
106352 47351 21:0 106356
106355 47352 21:0 106356
106355 47347 21:0 106362
106361 47348 21:0 106362
106361 47342 21:0 106362
106478 47489 21:0 106524
106541 47500 21:0 106563
106562 47499 21:0 106566
106565 47496 21:0 106566
106565 47497 21:0 106574
106573 47498 21:0 106577
106576 47501 21:0 106577
106576 47488 21:0 106583
106582 47494 21:0 106583
106582 47495 21:0 106583
106742 47643 21:0 106784
106783 47644 21:0 106787
106786 47645 21:0 106787
106786 47648 21:0 106795
106794 47647 21:0 106798
106797 47646 21:0 106798
106797 47642 21:0 106798
106797 47641 21:0 106804
106803 47636 21:0 106804
106803 47635 21:0 106804
106920 47783 21:0 106966
106970 47793 21:0 107005
107004 47795 21:0 107008
107007 47794 21:0 107008
107007 47792 21:0 107016
107015 47791 21:0 107019
107018 47789 21:0 107019
107018 47790 21:0 107019
107018 47788 21:0 107025
107024 47782 21:0 107025
107174 47935 21:0 107198
107204 47941 21:0 107226
107225 47940 21:0 107229
107228 47939 21:0 107229
107228 47938 21:0 107237
107236 47937 21:0 107240
107239 47942 21:0 107240
107239 47930 21:0 107246
107245 47929 21:0 107246
107245 47936 21:0 107246
107392 48083 21:0 107417
107425 48088 21:0 107447
107446 48089 21:0 107450
107449 48087 21:0 107450
107449 48086 21:0 107458
107457 48085 21:0 107461
107460 48084 21:0 107461
107460 48076 21:0 107467
107466 48082 21:0 107467
107466 48077 21:0 107467
107613 48230 21:0 107638
107643 48236 21:0 293
