150 15199 0:0 152
150 15197 0:0 152
151 15187 0:0 152
151 15193 0:0 152
151 15200 0:0 152
151 15198 0:0 152
151 15196 0:0 152
206 15394 21:0 214
213 15395 0:0 214
213 15396 21:0 269
268 15397 0:0 280
282 15427 21:0 290
289 15428 0:0 290
289 15429 21:0 345
344 15430 0:0 356
358 15460 21:0 366
365 15461 0:0 366
365 15462 21:0 421
420 15463 0:0 432
434 15493 21:0 442
441 15494 0:0 442
441 15495 21:0 497
496 15496 0:0 508
510 15526 21:0 518
517 15528 0:0 518
517 15527 21:0 573
572 15529 0:0 584
586 15559 21:0 594
593 15561 0:0 594
593 15560 21:0 649
606 15551 0:0 608
648 15562 0:0 660
662 15592 21:0 670
669 15593 0:0 670
669 15594 21:0 725
682 15584 0:0 684
724 15608 21:0 736
724 15595 0:0 736
738 15625 21:0 746
745 15627 0:0 746
745 15626 21:0 801
800 15628 0:0 812
814 15658 21:0 822
821 15657 0:0 822
821 15659 0:0 822
821 15660 21:0 877
876 15661 0:0 888
890 15691 21:0 898
897 15692 0:0 898
897 15693 21:0 953
952 15694 0:0 964
966 15724 21:0 974
973 15726 0:0 974
973 15725 21:0 1029
1028 15727 0:0 1040
1042 15757 21:0 1050
1049 15759 0:0 1050
1049 15758 21:0 1105
1104 15760 0:0 1116
1118 15790 21:0 1126
1125 15792 0:0 1126
1125 15791 21:0 1181
1180 15793 0:0 1192
1189 15821 21:0 1192
1194 15823 21:0 1202
1201 15825 0:0 1202
1201 15824 21:0 1257
1214 15815 0:0 1216
1256 15839 0:0 1257
1256 15826 0:0 1268
1256 15842 21:0 1268
1270 15856 21:0 1278
1277 15857 0:0 1278
1277 15858 21:0 1333
1332 15875 0:0 1333
1332 15859 0:0 1344
1332 15874 21:0 1344
1343 15876 0:0 1344
1346 15889 21:0 1354
1353 15891 0:0 1354
1353 15890 21:0 1409
1408 15892 0:0 1420
1422 15922 21:0 1430
1429 15923 0:0 1430
1429 15924 21:0 1485
1484 15925 0:0 1496
1498 15955 21:0 1506
1505 15956 0:0 1506
1505 15957 0:0 1506
1518 15967 21:0 1529
1529 15968 21:0 1562
1561 15972 0:0 1562
1561 15974 0:0 1562
1561 15975 0:0 1562
1564 15961 21:0 1573
1571 15958 0:0 1573
1571 15976 0:0 1573
1572 15987 21:0 1573
1574 15958 1:0 2879
1575 15989 21:0 1583
1582 15990 0:0 1583
1582 15988 0:0 1583
1582 15991 21:0 1638
1595 15981 0:0 1597
1596 16000 0:0 1597
1631 16001 0:0 1633
1637 16005 0:0 1638
1637 16007 0:0 1638
1637 16008 0:0 1638
1637 15992 0:0 1649
1640 15994 21:0 1649
1647 16009 0:0 1649
1648 16020 21:0 1649
1651 16022 21:0 1659
1652 31 0:0 1654
1658 16024 0:0 1659
1658 16021 0:0 1659
1658 16023 21:0 1714
1671 16014 0:0 1673
1672 16033 0:0 1673
1707 16034 0:0 1709
1713 16041 0:0 1714
1713 16040 0:0 1714
1713 16038 0:0 1714
1713 16025 0:0 1725
1716 16027 21:0 1725
1723 16042 0:0 1725
1724 16053 21:0 1725
1727 16055 21:0 1735
1734 16056 0:0 1735
1734 16054 0:0 1735
1734 16057 21:0 1790
1747 16047 0:0 1749
1748 16066 0:0 1749
1783 16067 0:0 1785
1789 16073 0:0 1790
1789 16074 0:0 1790
1789 16071 0:0 1790
1789 16058 0:0 1801
1792 16060 21:0 1801
1799 16075 0:0 1801
1800 16086 21:0 1801
1803 16088 21:0 1811
1810 16087 0:0 1811
1810 16090 0:0 1811
1810 16089 21:0 1866
1823 16080 0:0 1825
1824 16099 0:0 1825
1859 16100 0:0 1861
1865 16106 0:0 1866
1865 16104 0:0 1866
1865 16107 0:0 1866
1865 16091 0:0 1877
1874 16119 21:0 1877
1875 16108 0:0 1877
1876 16093 21:0 1877
1879 16121 21:0 1887
1886 16123 0:0 1887
1886 16120 0:0 1887
1886 16122 21:0 1942
1899 16113 0:0 1901
1900 16132 0:0 1901
1935 16133 0:0 1937
1941 16140 0:0 1942
1941 16137 0:0 1942
1941 16139 0:0 1942
1941 16124 0:0 1953
1944 16126 21:0 1953
1951 16141 0:0 1953
1952 16152 21:0 1953
1955 16154 21:0 1963
1962 16155 0:0 1963
1962 16153 0:0 1963
1962 16156 21:0 2018
1975 16146 0:0 1977
1976 16165 0:0 1977
2011 16166 0:0 2013
2017 16172 0:0 2018
2017 16173 0:0 2018
2017 16170 0:0 2018
2017 16157 0:0 2029
2018 16174 21:0 2029
2028 16185 21:0 2029
2028 16159 21:0 2029
2031 16187 21:0 2039
2038 16189 0:0 2039
2038 16186 0:0 2039
2038 16188 21:0 2094
2051 16179 0:0 2053
2052 16198 0:0 2053
2087 16199 0:0 2089
2093 16205 0:0 2094
2093 16206 0:0 2094
2093 16203 21:0 2105
2093 16190 0:0 2105
2104 16192 21:0 2105
2104 16218 21:0 2105
2104 16207 0:0 2105
2107 16220 21:0 2115
2114 16219 0:0 2115
2114 16221 0:0 2115
2114 16222 21:0 2170
2127 16212 0:0 2129
2128 16231 0:0 2129
2169 16239 0:0 2170
2169 16236 0:0 2170
2169 16238 0:0 2170
2169 16232 0:0 2170
2169 16223 0:0 2181
2170 16240 21:0 2181
2180 16225 21:0 2181
2180 16251 21:0 2181
2183 16253 21:0 2191
2190 16255 0:0 2191
2190 16252 0:0 2191
2190 16254 21:0 2246
2203 16245 0:0 2205
2204 16264 0:0 2205
2239 16265 0:0 2241
2245 16271 0:0 2246
2245 16272 0:0 2246
2245 16269 0:0 2246
2245 16256 0:0 2257
2246 16273 21:0 2257
2256 16258 21:0 2257
2256 16284 21:0 2257
2259 16286 21:0 2267
2260 175 0:0 2262
2266 16287 0:0 2267
2266 16285 0:0 2267
2266 16288 21:0 2322
2279 16278 0:0 2281
2280 16297 0:0 2281
2315 16298 0:0 2317
2321 16302 0:0 2322
2321 16305 0:0 2322
2321 16304 0:0 2322
2321 16289 0:0 2333
2324 16291 21:0 2333
2331 16306 0:0 2333
2332 16317 21:0 2333
2335 16319 21:0 2343
2342 16318 0:0 2343
2342 16321 0:0 2343
2342 16320 21:0 2398
2355 16311 0:0 2357
2356 16330 0:0 2357
2391 16331 0:0 2393
2397 16335 0:0 2398
2397 16338 0:0 2398
2397 16337 0:0 2398
2397 16322 0:0 2409
2400 16324 21:0 2409
2407 16339 0:0 2409
2408 16350 21:0 2409
2411 16352 21:0 2419
2418 16351 0:0 2419
2418 16353 0:0 2419
2418 16354 21:0 2474
2431 16344 0:0 2433
2432 16363 0:0 2433
2467 16364 0:0 2469
2473 16370 0:0 2474
2473 16371 0:0 2474
2473 16368 0:0 2474
2473 16355 0:0 2485
2476 16357 21:0 2485
2483 16372 0:0 2485
2484 16383 21:0 2485
2487 16385 21:0 2495
2494 16384 0:0 2495
2494 16386 0:0 2495
2494 16387 21:0 2550
2507 16377 0:0 2509
2508 16396 0:0 2509
2543 16397 0:0 2545
2549 16404 0:0 2550
2549 16388 0:0 2561
2558 16416 21:0 2561
2563 16418 21:0 2571
2570 16420 0:0 2571
2570 16419 21:0 2626
2625 16421 0:0 2637
2639 16451 21:0 2647
2646 269 0:0 2647
2646 16453 0:0 2647
2646 16452 21:0 2702
2701 16454 0:0 2713
2715 16484 21:0 2723
2722 16486 0:0 2723
2722 16485 21:0 2778
2777 16487 0:0 2789
2791 16517 21:0 2799
2798 16519 0:0 2799
2798 16518 21:0 2854
2853 16520 0:0 2865
2867 16550 21:0 2875
2874 16551 21:0 2881
2876 15956 1:0 2885
2879 15957 1:0 2886
2880 16552 21:0 2884
2883 16553 21:0 2894
2888 15955 1:0 2895
2889 15925 1:0 3001
2895 15924 1:0 3008
2897 15923 1:0 3007
2897 15922 1:0 3017
2903 15892 1:0 3123
2914 340 21:0 2928
2921 15876 1:0 3167
3010 15890 1:0 3129
3011 15891 1:0 3130
3011 15889 1:0 3139
3019 15875 1:0 3175
3019 15874 1:0 3175
3019 15859 1:0 3245
3025 15858 1:0 3252
3029 269 1:0 3257
3043 15842 1:0 3297
3132 15857 1:0 3251
3133 15856 1:0 3261
3133 15839 1:0 3297
3141 15826 1:0 3367
3141 15824 1:0 3373
3151 15825 1:0 3374
3165 15815 1:0 3396
3254 15823 1:0 3383
3255 15821 1:0 3392
3255 15793 1:0 3489
3263 15791 1:0 3495
3263 15792 1:0 3496
3273 15790 1:0 3505
3376 15760 1:0 3611
3377 15758 1:0 3617
3377 15759 1:0 3618
3385 15757 1:0 3627
3391 15727 1:0 3733
3409 15725 1:0 3739
3498 15726 1:0 3740
3499 15724 1:0 3749
3507 15694 1:0 3855
3507 15693 1:0 3862
3513 15692 1:0 3861
3517 175 1:0 3875
3620 15691 1:0 3871
3621 15661 1:0 3977
3621 15660 1:0 3984
3629 15659 1:0 3983
3629 15657 1:0 3987
3629 15608 1:0 4151
3635 15658 1:0 3993
3742 15628 1:0 4099
3743 15626 1:0 4105
3743 15627 1:0 4106
3751 15625 1:0 4115
3757 15595 1:0 4221
3775 15594 1:0 4228
3864 15593 1:0 4227
3865 15592 1:0 4237
3865 15584 1:0 4250
3873 15562 1:0 4343
3873 15560 1:0 4349
3883 15561 1:0 4350
3897 15551 1:0 4372
3986 15559 1:0 4359
3987 15529 1:0 4465
3995 15527 1:0 4471
3995 15528 1:0 4472
4001 15526 1:0 4481
4108 15496 1:0 4587
4109 15494 1:0 4593
4109 15495 1:0 4594
4117 15493 1:0 4603
4117 15463 1:0 4709
4127 15462 1:0 4716
4230 15461 1:0 4715
4231 15460 1:0 4725
4239 15430 1:0 4831
4239 15429 1:0 4838
4245 15428 1:0 4837
4264 15427 1:0 4847
4352 31 1:0 4851
4353 15397 1:0 4953
4353 15396 1:0 4960
4361 15395 1:0 4959
4361 15394 1:0 4969
4371 16553 1:0 6418
4385 341 1:0 6443
4474 16552 1:0 6445
4475 16551 1:0 6452
4483 16550 1:0 6463
4483 16520 1:0 6576
4489 16518 1:0 6583
4596 16519 1:0 6584
4597 16517 1:0 6594
5084 17589 21:0 5095
5095 17590 21:0 5128
5127 17597 0:0 5128
5127 17596 0:0 5128
5127 17594 0:0 5128
5130 17583 21:0 5139
5137 17598 0:0 5139
5138 17609 21:0 5139
5141 17611 21:0 5149
5148 17610 0:0 5149
5148 17613 0:0 5149
5148 17612 21:0 5204
5161 17603 0:0 5163
5162 17622 0:0 5163
5197 17623 0:0 5199
5203 17630 0:0 5204
5203 17629 0:0 5204
5203 17627 0:0 5204
5203 17614 0:0 5215
5206 17616 21:0 5215
5213 17631 0:0 5215
5214 17642 21:0 5215
5217 17644 21:0 5225
5224 17643 0:0 5225
5224 17646 0:0 5225
5224 17645 21:0 5280
5237 17636 0:0 5239
5238 17655 0:0 5239
5273 17656 0:0 5275
5279 17662 0:0 5280
5279 17663 0:0 5280
5279 17660 0:0 5280
5279 17647 0:0 5291
5282 17649 21:0 5291
5289 17664 0:0 5291
5290 17675 21:0 5291
5293 17677 21:0 5301
5300 17679 0:0 5301
5300 17676 0:0 5301
5300 17678 21:0 5356
5313 17669 0:0 5315
5314 17688 0:0 5315
5349 17689 0:0 5351
5355 17695 0:0 5356
5355 17696 0:0 5356
5355 17693 0:0 5356
5355 17680 0:0 5367
5358 17682 21:0 5367
5365 17697 0:0 5367
5366 17708 21:0 5367
5369 17710 21:0 5377
5376 17711 0:0 5377
5376 17709 0:0 5377
5376 17712 21:0 5432
5389 17702 0:0 5391
5390 17721 0:0 5391
5425 17722 0:0 5427
5431 17726 0:0 5432
5431 17713 0:0 5443
5432 17730 21:0 5443
5442 17741 21:0 5443
5445 17743 21:0 5453
5452 17744 0:0 5453
5452 17745 21:0 5503
5465 17735 0:0 5467
5466 17754 0:0 5467
5501 17755 0:0 5503
5503 17759 0:0 5508
5503 17761 0:0 5508
5503 17746 0:0 5519
5516 17774 21:0 5519
5521 17776 21:0 5529
5528 17775 0:0 5529
5528 17777 0:0 5529
5528 17778 21:0 5579
5541 17768 0:0 5543
5542 17787 0:0 5543
5577 17788 0:0 5579
5579 17792 0:0 5584
5579 17794 0:0 5584
5579 17779 0:0 5595
5586 17781 21:0 5595
5597 17809 21:0 5605
5604 17810 0:0 5605
5604 17811 21:0 5660
5617 17801 0:0 5619
5618 17820 0:0 5619
5653 17821 0:0 5655
5659 17825 0:0 5660
5659 17828 0:0 5660
5659 17827 21:0 5671
5659 17812 0:0 5671
5670 17840 21:0 5671
5670 17829 0:0 5671
5670 17814 21:0 5671
5673 17842 21:0 5681
5680 17843 0:0 5681
5680 17841 0:0 5681
5680 17844 21:0 5736
5693 17834 0:0 5695
5694 17853 0:0 5695
5735 17861 0:0 5736
5735 17858 0:0 5736
5735 17845 0:0 5747
5736 17862 21:0 5747
5746 17873 21:0 5747
5749 17875 21:0 5757
5756 17874 0:0 5757
5756 17877 0:0 5757
5756 17876 21:0 5812
5769 17867 0:0 5771
5770 17886 0:0 5771
5811 17893 0:0 5812
5811 17894 0:0 5812
5811 17878 0:0 5823
5820 17906 21:0 5823
5825 17908 21:0 5833
5832 17909 0:0 5833
5832 17910 21:0 5888
5845 17900 0:0 5847
5846 17919 0:0 5847
5881 17920 0:0 5883
5887 17926 0:0 5888
5887 17911 0:0 5899
5887 17927 21:0 5899
5898 17939 21:0 5899
5901 17941 21:0 5909
5908 17940 0:0 5909
5908 17943 0:0 5909
5908 17942 21:0 5959
5921 17933 0:0 5923
5957 17953 0:0 5959
5959 17944 0:0 5975
5959 17960 21:0 5975
5974 17972 21:0 5975
5974 17961 0:0 5975
5977 17974 21:0 5985
5984 17975 0:0 5985
5984 17976 21:0 6040
5997 17966 0:0 5999
5998 17985 0:0 5999
6033 17986 0:0 6035
6039 17977 0:0 6051
6042 17979 21:0 6051
6053 18007 21:0 6061
6060 18009 0:0 6061
6060 18006 0:0 6061
6060 18008 21:0 6116
6109 18019 0:0 6111
6115 18026 0:0 6116
6115 18010 0:0 6127
6115 18025 21:0 6127
6126 18038 21:0 6127
6126 18012 21:0 6127
6129 18040 21:0 6137
6136 18042 0:0 6137
6136 18041 21:0 6192
6191 18043 0:0 6203
6205 18073 21:0 6213
6212 18075 0:0 6213
6212 18074 21:0 6268
6267 18076 0:0 6279
6281 18106 21:0 6289
6288 18107 0:0 6289
6288 18108 21:0 6344
6343 18124 21:0 6355
6343 18109 0:0 6355
6354 18126 0:0 6355
6357 18139 21:0 6365
6364 18140 0:0 6365
6364 18141 21:0 6420
6419 18142 0:0 6431
6433 18172 21:0 6441
6440 18174 21:0 6447
6442 16487 1:0 6707
6446 18173 21:0 6450
6449 18175 21:0 6461
6455 16485 1:0 6714
6456 16486 1:0 6715
6456 16484 1:0 6725
6462 16454 1:0 6838
6465 16452 1:0 6845
6465 16453 1:0 6846
6473 16451 1:0 6856
6484 341 21:0 6498
6504 16421 1:0 6969
6586 16419 1:0 6976
6587 16420 1:0 6977
6587 16416 1:0 6997
6587 16404 1:0 7026
6596 16418 1:0 6987
6596 16397 1:0 7052
6596 16396 1:0 7079
6602 16388 1:0 7100
6622 16387 1:0 7108
6623 16384 1:0 7111
6635 16377 1:0 7133
6717 16386 1:0 7107
6718 16385 1:0 7118
6718 16383 1:0 7128
6718 16372 1:0 7148
6727 16368 1:0 7157
6727 16371 1:0 7157
6727 16370 1:0 7157
6727 16364 1:0 7183
6727 16363 1:0 7210
6727 16357 1:0 7215
6733 16355 1:0 7231
6753 16354 1:0 7239
6754 16351 1:0 7242
6766 16339 1:0 7279
6846 16727 21:0 6851
6848 16353 1:0 7238
6849 16352 1:0 7249
6849 16350 1:0 7259
6849 16344 1:0 7264
6849 16337 1:0 7288
6858 16335 1:0 7288
6858 16338 1:0 7288
6858 16331 1:0 7314
6858 16324 1:0 7346
6858 16322 1:0 7362
6864 16330 1:0 7341
6869 16320 1:0 7369
6884 16318 1:0 7373
6885 16306 1:0 7410
6897 16317 1:0 7390
6979 16321 1:0 7370
6980 16319 1:0 7380
6980 16311 1:0 7395
6980 16305 1:0 7419
6989 16304 1:0 7419
6989 16302 1:0 7419
6989 16298 1:0 7445
6989 16291 1:0 7477
6989 16289 1:0 7493
6995 16297 1:0 7472
7000 16288 1:0 7501
7015 16285 1:0 7504
7016 16273 1:0 7541
7028 16278 1:0 7526
7110 16287 1:0 7500
7111 16286 1:0 7511
7111 16284 1:0 7521
7111 16265 1:0 7576
7120 16271 1:0 7550
7120 16269 1:0 7550
7120 16272 1:0 7550
7120 16258 1:0 7608
7120 16256 1:0 7624
7126 16264 1:0 7603
7131 16254 1:0 7631
7146 16252 1:0 7635
7147 16245 1:0 7657
7159 16251 1:0 7652
7241 16255 1:0 7632
7242 16253 1:0 7642
7242 16240 1:0 7672
7242 16236 1:0 7681
7251 16239 1:0 7681
7251 16238 1:0 7681
7251 16232 1:0 7707
7251 16225 1:0 7739
7251 16223 1:0 7755
7257 16231 1:0 7734
7262 16222 1:0 7763
7277 16219 1:0 7766
7278 16218 1:0 7783
7290 16207 1:0 7803
7372 16221 1:0 7762
7373 16220 1:0 7773
7373 16212 1:0 7788
7373 16203 1:0 7812
7382 16206 1:0 7812
7382 16205 1:0 7812
7382 16199 1:0 7838
7382 16192 1:0 7870
7382 16190 1:0 7886
7388 16198 1:0 7865
7393 16188 1:0 7893
7408 16186 1:0 7897
7409 16185 1:0 7914
7421 16179 1:0 7919
7503 16189 1:0 7894
7504 16187 1:0 7904
7504 16174 1:0 7934
7504 16173 1:0 7943
7513 16170 1:0 7943
7513 16172 1:0 7943
7513 16166 1:0 7969
7513 16159 1:0 8001
7513 16157 1:0 8017
7519 16165 1:0 7996
7524 16156 1:0 8025
7539 16153 1:0 8028
7540 16152 1:0 8045
7552 16141 1:0 8065
7632 17069 21:0 7637
7634 16155 1:0 8024
7635 16154 1:0 8035
7635 16146 1:0 8050
7635 16139 1:0 8074
7635 16133 1:0 8100
7644 16137 1:0 8074
7644 16140 1:0 8074
7644 16132 1:0 8127
7644 16126 1:0 8132
7644 16124 1:0 8148
7652 16122 1:0 8155
7655 16120 1:0 8159
7670 16113 1:0 8181
7671 16119 1:0 8176
7683 16108 1:0 8196
7765 16123 1:0 8156
7766 16121 1:0 8166
7766 16107 1:0 8205
7766 16100 1:0 8231
7775 16104 1:0 8205
7775 16106 1:0 8205
7775 16099 1:0 8258
7775 16093 1:0 8263
7775 16091 1:0 8279
7783 16089 1:0 8286
7814 16090 1:0 8287
7896 16087 1:0 8290
7896 16086 1:0 8307
7896 16080 1:0 8312
7896 16075 1:0 8327
7897 16088 1:0 8297
7897 16073 1:0 8336
7897 16067 1:0 8362
7906 16074 1:0 8336
7906 16071 1:0 8336
7906 16066 1:0 8389
7906 16060 1:0 8394
7906 16058 1:0 8410
7914 16057 1:0 8418
7945 16056 1:0 8417
8027 16054 1:0 8421
8027 16053 1:0 8438
8027 16047 1:0 8443
8027 16042 1:0 8458
8028 16055 1:0 8428
8028 16040 1:0 8467
8028 16034 1:0 8493
8037 16041 1:0 8467
8037 16038 1:0 8467
8037 16033 1:0 8520
8037 16027 1:0 8525
8037 16025 1:0 8541
8045 16023 1:0 8548
8046 17247 0:0 8067
8064 16024 1:0 8549
8076 16021 1:0 8552
8158 16022 1:0 8559
8159 16020 1:0 8569
8159 16014 1:0 8574
8159 16009 1:0 8589
8159 16008 1:0 8598
8159 16007 1:0 8598
8159 16005 1:0 8598
8168 16001 1:0 8624
8168 16000 1:0 8651
8168 15994 1:0 8656
8168 15992 1:0 8672
8174 15991 1:0 8680
8195 15990 1:0 8679
8207 15988 1:0 8683
8289 15989 1:0 8690
8290 15987 1:0 8700
8290 15981 1:0 8705
8290 15976 1:0 8720
8290 15975 1:0 8725
8290 15968 1:0 8755
8290 15961 1:0 8774
8299 15972 1:0 8725
8299 15974 1:0 8725
8299 15967 1:0 8782
8299 18175 1:0 10147
8305 18173 1:0 10168
8307 342 1:0 10172
8680 17525 21:0 8685
8813 19211 21:0 8824
8824 19212 21:0 8857
8856 19216 0:0 8857
8856 19218 0:0 8857
8856 19219 0:0 8857
8859 19205 21:0 8868
8866 19220 0:0 8868
8867 19231 21:0 8868
8870 19233 21:0 8878
8871 13 0:0 8873
8877 19232 0:0 8878
8877 19235 0:0 8878
8877 19234 21:0 8933
8890 19225 0:0 8892
8891 19244 0:0 8892
8932 19251 0:0 8933
8932 19245 0:0 8933
8932 19252 0:0 8933
8932 19249 0:0 8933
8932 19236 0:0 8944
8935 19238 21:0 8944
8942 19253 0:0 8944
8943 19264 21:0 8944
8946 19266 21:0 8954
8953 19268 0:0 8954
8953 19265 0:0 8954
8953 19267 21:0 9009
8966 19258 0:0 8968
8967 19277 0:0 8968
9002 19278 0:0 9004
9008 19282 0:0 9009
9008 19284 0:0 9009
9008 19285 0:0 9009
9008 19269 0:0 9020
9011 19271 21:0 9020
9018 19286 0:0 9020
9019 19297 21:0 9020
9022 19299 21:0 9030
9029 19300 0:0 9030
9029 19298 0:0 9030
9029 19301 21:0 9085
9042 19291 0:0 9044
9043 19310 0:0 9044
9078 19311 0:0 9080
9084 19318 0:0 9085
9084 19315 0:0 9085
9084 19317 0:0 9085
9084 19302 0:0 9096
9087 19304 21:0 9096
9094 19319 0:0 9096
9095 19330 21:0 9096
9098 19332 21:0 9106
9105 19334 0:0 9106
9105 19331 0:0 9106
9105 19333 21:0 9161
9118 19324 0:0 9120
9119 19343 0:0 9120
9160 19344 0:0 9161
9160 19351 0:0 9161
9160 19350 0:0 9161
9160 19335 0:0 9172
9169 19363 21:0 9172
9170 19352 0:0 9172
9171 19337 21:0 9172
9174 19365 21:0 9182
9181 19364 0:0 9182
9181 19367 0:0 9182
9181 19366 21:0 9237
9194 19357 0:0 9196
9195 19376 0:0 9196
9236 19383 0:0 9237
9236 19384 0:0 9237
9236 19381 0:0 9237
9236 19377 0:0 9237
9236 19368 0:0 9248
9237 19385 21:0 9248
9247 19396 21:0 9248
9247 19370 21:0 9248
9250 19398 21:0 9258
9251 103 0:0 9253
9257 19399 0:0 9258
9257 19397 0:0 9258
9257 19400 21:0 9313
9270 19390 0:0 9272
9271 19409 0:0 9272
9312 19414 0:0 9313
9312 19416 0:0 9313
9312 19417 0:0 9313
9312 19410 0:0 9313
9312 19401 0:0 9324
9315 19403 21:0 9324
9322 19418 0:0 9324
9323 19429 21:0 9324
9326 19431 21:0 9334
9333 19430 0:0 9334
9333 19432 0:0 9334
9333 19433 21:0 9389
9346 19423 0:0 9348
9347 19442 0:0 9348
9388 19447 0:0 9389
9388 19450 0:0 9389
9388 19443 0:0 9389
9388 19449 0:0 9389
9388 19434 0:0 9400
9391 19436 21:0 9400
9398 19451 0:0 9400
9399 19462 21:0 9400
9402 19464 21:0 9410
9409 19466 0:0 9410
9409 19463 0:0 9410
9409 19465 21:0 9465
9422 19456 0:0 9424
9423 19475 0:0 9424
9464 19480 0:0 9465
9464 19483 0:0 9465
9464 19476 0:0 9465
9464 19482 0:0 9465
9464 19467 0:0 9476
9465 19484 21:0 9476
9475 19495 21:0 9476
9478 19497 21:0 9486
9485 19498 0:0 9486
9485 19496 0:0 9486
9485 19499 21:0 9541
9498 19489 0:0 9500
9499 19508 0:0 9500
9540 19509 0:0 9541
9540 19513 0:0 9541
9540 19515 0:0 9541
9540 19516 21:0 9552
9540 19500 0:0 9552
9551 19517 0:0 9552
9551 19528 21:0 9552
9551 19502 21:0 9552
9554 19530 21:0 9562
9561 19532 0:0 9562
9561 19531 21:0 9617
9616 19533 0:0 9628
9630 19563 21:0 9638
9637 19564 0:0 9638
9637 19565 21:0 9693
9692 19566 0:0 9704
9706 19596 21:0 9714
9713 19598 0:0 9714
9713 19597 21:0 9769
9768 19599 0:0 9780
9769 19616 21:0 9780
9782 19629 21:0 9790
9783 229 0:0 9785
9789 19630 0:0 9790
9789 19631 21:0 9845
9844 19648 21:0 9856
9844 19632 0:0 9856
9858 19662 21:0 9866
9865 19664 0:0 9866
9865 19663 21:0 9921
9920 19665 0:0 9932
9934 19695 21:0 9942
9941 19697 0:0 9942
9941 19696 21:0 9997
9996 19714 21:0 10008
9996 19698 0:0 10008
10007 19726 21:0 10008
10007 19700 21:0 10008
10010 19728 21:0 10018
10011 283 0:0 10013
10017 19729 0:0 10018
10017 19730 21:0 10073
10072 19731 0:0 10084
10086 19761 21:0 10094
10093 19763 0:0 10094
10093 19762 21:0 10149
10148 19764 0:0 10160
10162 19794 21:0 10170
10169 19796 21:0 10176
10173 18174 1:0 10182
10175 19795 21:0 10179
10177 18126 1:0 10353
10178 19797 21:0 10190
10184 18172 1:0 10192
10185 18142 1:0 10305
10185 18124 1:0 10362
10191 18141 1:0 10313
10194 18140 1:0 10312
10194 18139 1:0 10323
10200 18109 1:0 10436
10213 342 21:0 10227
10221 18108 1:0 10444
10233 283 1:0 10458
10315 18107 1:0 10443
10316 18106 1:0 10454
10316 16727 1:0 10573
10325 18076 1:0 10567
10325 18074 1:0 10574
10331 18075 1:0 10575
10352 18073 1:0 10585
10364 18038 1:0 10726
10446 18043 1:0 10698
10447 18041 1:0 10705
10447 18025 1:0 10755
10447 18019 1:0 10781
10456 18042 1:0 10706
10456 18040 1:0 10716
10462 18026 1:0 10755
10462 18012 1:0 10813
10482 18010 1:0 10829
10483 18006 1:0 10840
10495 229 1:0 10851
10577 18008 1:0 10836
10578 18009 1:0 10837
10578 17986 1:0 10912
10578 17979 1:0 10944
10587 18007 1:0 10847
10587 17977 1:0 10960
10593 17985 1:0 10939
10598 17976 1:0 10968
10613 17972 1:0 10988
10614 17961 1:0 11008
10626 17966 1:0 10993
10708 17975 1:0 10967
10709 17974 1:0 10978
10709 17960 1:0 11017
10709 17953 1:0 11043
10718 17944 1:0 11091
10718 17942 1:0 11098
10726 17943 1:0 11099
10729 17940 1:0 11102
10744 17939 1:0 11119
10745 17933 1:0 11124
10757 17927 1:0 11148
10839 17941 1:0 11109
10840 17926 1:0 11148
10840 17920 1:0 11174
10840 17911 1:0 11222
10849 17919 1:0 11201
10849 17910 1:0 11230
10855 17909 1:0 11229
10860 17908 1:0 11240
10875 17906 1:0 11250
10876 17900 1:0 11255
10888 17894 1:0 11279
10970 17893 1:0 11279
10970 17886 1:0 11332
10971 17878 1:0 11353
10971 17876 1:0 11360
10980 17069 1:0 11359
10980 17877 1:0 11361
10980 17874 1:0 11364
10980 17867 1:0 11386
10986 17875 1:0 11371
10988 17873 1:0 11381
10991 17862 1:0 11401
11006 17858 1:0 11410
11007 17861 1:0 11410
11019 17853 1:0 11463
11101 17845 1:0 11484
11102 17844 1:0 11492
11102 17841 1:0 11495
11102 17834 1:0 11517
11111 17843 1:0 11491
11111 17842 1:0 11502
11117 17840 1:0 11512
11117 17829 1:0 11532
11117 17827 1:0 11541
11119 17828 1:0 11541
11122 17825 1:0 11541
11137 17821 1:0 11567
11138 17814 1:0 11599
11150 17820 1:0 11594
11232 17812 1:0 11615
11233 17811 1:0 11623
11233 17801 1:0 11648
11233 17792 1:0 11672
11242 17810 1:0 11622
11242 17809 1:0 11633
11248 17794 1:0 11672
11248 17788 1:0 11698
11268 17779 1:0 11746
11269 17781 1:0 11730
11281 17787 1:0 11725
11363 17778 1:0 11754
11364 17777 1:0 11753
11364 17775 1:0 11757
11364 103 1:0 11768
11373 17776 1:0 11764
11373 17247 1:0 11773
11373 17774 1:0 11774
11373 17768 1:0 11779
11373 17759 1:0 11803
11379 17761 1:0 11803
11379 17755 1:0 11829
11399 17746 1:0 11877
11400 17754 1:0 11856
11412 17730 1:0 11925
11494 17745 1:0 11885
11495 17744 1:0 11884
11495 17741 1:0 11905
11495 17735 1:0 11910
11504 17743 1:0 11895
11504 17726 1:0 11934
11504 17722 1:0 11960
11504 17721 1:0 11987
11510 17713 1:0 12008
11531 17712 1:0 12016
11543 17709 1:0 12019
11625 17711 1:0 12015
11626 17710 1:0 12026
11626 17708 1:0 12036
11626 17697 1:0 12056
11635 17702 1:0 12041
11635 17696 1:0 12065
11635 17695 1:0 12065
11635 17693 1:0 12065
11635 17689 1:0 12091
11635 17688 1:0 12118
11635 17682 1:0 12123
11641 17680 1:0 12139
11662 17678 1:0 12146
11674 17676 1:0 12150
11756 17679 1:0 12147
11757 17677 1:0 12157
11757 17675 1:0 12167
11757 17664 1:0 12187
11766 17669 1:0 12172
11766 17663 1:0 12196
11766 17660 1:0 12196
11766 17662 1:0 12196
11766 17656 1:0 12222
11766 17655 1:0 12249
11766 17649 1:0 12254
11772 17647 1:0 12270
11793 17645 1:0 12277
11805 17643 1:0 12281
11887 17646 1:0 12278
11888 17644 1:0 12288
11888 17642 1:0 12298
11888 17636 1:0 12303
11897 17631 1:0 12318
11897 17629 1:0 12327
11897 17627 1:0 12327
11897 17630 1:0 12327
11897 17623 1:0 12353
11897 17622 1:0 12380
11897 17616 1:0 12385
11903 17614 1:0 12401
11924 17612 1:0 12408
11936 17610 1:0 12412
12018 17613 1:0 12409
12019 17525 1:0 12407
12019 17611 1:0 12419
12019 13 1:0 12423
12028 17609 1:0 12429
12028 17603 1:0 12434
12028 17598 1:0 12449
12028 17596 1:0 12454
12028 17594 1:0 12454
12028 17597 1:0 12454
12028 17590 1:0 12484
12028 17583 1:0 12503
12034 17589 1:0 12511
12039 19797 1:0 13876
12054 343 1:0 13901
12149 19795 1:0 13903
12150 19796 1:0 13911
12150 19794 1:0 13921
12159 19764 1:0 14034
12159 19762 1:0 14041
12165 19726 1:0 14193
12542 20833 21:0 12553
12553 20834 21:0 12586
12585 20841 0:0 12586
12585 20840 0:0 12586
12585 20838 0:0 12586
12588 20827 21:0 12597
12595 20842 0:0 12597
12596 20853 21:0 12597
12599 20855 21:0 12607
12606 20854 0:0 12607
12606 20857 0:0 12607
12606 20856 21:0 12662
12619 20847 0:0 12621
12620 20866 0:0 12621
12661 20867 0:0 12662
12661 20874 0:0 12662
12661 20871 0:0 12662
12661 20873 0:0 12662
12661 20858 0:0 12673
12664 20860 21:0 12673
12671 20875 0:0 12673
12672 20886 21:0 12673
12675 20888 21:0 12683
12682 20889 0:0 12683
12682 20887 0:0 12683
12682 20890 21:0 12738
12695 20880 0:0 12697
12696 20899 0:0 12697
12737 20900 0:0 12738
12737 20904 0:0 12738
12737 20906 0:0 12738
12737 20907 0:0 12738
12737 20891 0:0 12749
12740 20893 21:0 12749
12747 20908 0:0 12749
12748 20919 21:0 12749
12751 20921 21:0 12759
12758 20923 0:0 12759
12758 20920 0:0 12759
12758 20922 21:0 12814
12771 20913 0:0 12773
12772 20932 0:0 12773
12813 20933 0:0 12814
12813 20939 0:0 12814
12813 20940 0:0 12814
12813 20937 0:0 12814
12813 20924 0:0 12825
12816 20926 21:0 12825
12823 20941 0:0 12825
12824 20952 21:0 12825
12827 20954 21:0 12835
12834 20953 0:0 12835
12834 20955 0:0 12835
12834 20956 21:0 12890
12847 20946 0:0 12849
12848 20965 0:0 12849
12889 20972 0:0 12890
12889 20973 0:0 12890
12889 20966 0:0 12890
12889 20970 0:0 12890
12889 20957 0:0 12901
12898 20985 21:0 12901
12899 20974 0:0 12901
12900 20959 21:0 12901
12903 20987 21:0 12911
12910 20988 0:0 12911
12910 20986 0:0 12911
12910 20989 21:0 12966
12923 20979 0:0 12925
12924 20998 0:0 12925
12965 20999 0:0 12966
12965 21006 0:0 12966
12965 21003 0:0 12966
12965 21005 0:0 12966
12965 20990 0:0 12977
12966 21007 21:0 12977
12976 20992 21:0 12977
12976 21018 21:0 12977
12979 21020 21:0 12987
12986 21021 0:0 12987
12986 21019 0:0 12987
12986 21022 21:0 13042
12999 21012 0:0 13001
13000 21031 0:0 13001
13041 21039 0:0 13042
13041 21036 0:0 13042
13041 21032 0:0 13042
13041 21038 0:0 13042
13041 21023 0:0 13053
13044 21025 21:0 13053
13051 21040 0:0 13053
13052 21051 21:0 13053
13055 21053 21:0 13063
13062 21055 0:0 13063
13062 21052 0:0 13063
13062 21054 21:0 13118
13075 21045 0:0 13077
13076 21064 0:0 13077
13117 21065 0:0 13118
13117 21072 0:0 13118
13117 21071 0:0 13118
13117 21069 0:0 13118
13117 21056 0:0 13129
13120 21058 21:0 13129
13127 21073 0:0 13129
13128 21084 21:0 13129
13131 21086 21:0 13139
13138 21088 0:0 13139
13138 21085 0:0 13139
13138 21087 21:0 13194
13151 21078 0:0 13153
13152 21097 0:0 13153
13193 21104 0:0 13194
13193 21105 0:0 13194
13193 21102 0:0 13194
13193 21098 0:0 13194
13193 21089 0:0 13205
13196 21091 21:0 13205
13203 21106 0:0 13205
13204 21117 21:0 13205
13207 21119 21:0 13215
13214 21118 0:0 13215
13214 21120 0:0 13215
13214 21121 21:0 13270
13227 21111 0:0 13229
13228 21130 0:0 13229
13269 21135 0:0 13270
13269 21137 0:0 13270
13269 21131 0:0 13270
13269 21122 0:0 13281
13269 21138 21:0 13281
13280 21150 21:0 13281
13280 21124 21:0 13281
13280 21139 0:0 13281
13283 21152 21:0 13291
13290 21151 0:0 13291
13290 21153 0:0 13291
13290 21154 21:0 13346
13303 21144 0:0 13305
13304 21163 0:0 13305
13345 21164 0:0 13346
13345 21170 0:0 13346
13345 21171 0:0 13346
13345 21155 0:0 13357
13345 21168 21:0 13357
13356 21172 0:0 13357
13356 21183 21:0 13357
13356 21157 21:0 13357
13359 21185 21:0 13367
13366 21187 0:0 13367
13366 21184 0:0 13367
13366 21186 21:0 13422
13379 21177 0:0 13381
13380 21196 0:0 13381
13421 21197 0:0 13422
13421 21203 0:0 13422
13421 21204 0:0 13422
13421 21188 0:0 13433
13421 21201 21:0 13433
13432 21190 21:0 13433
13432 21205 0:0 13433
13432 21216 21:0 13433
13435 21218 21:0 13443
13442 21220 0:0 13443
13442 21219 21:0 13498
13455 21210 0:0 13457
13497 21236 0:0 13498
13497 21221 0:0 13509
13500 21223 21:0 13509
13511 21251 21:0 13519
13518 21250 0:0 13519
13518 21252 0:0 13519
13518 21253 21:0 13574
13532 21262 0:0 13533
13573 21269 0:0 13574
13573 21254 0:0 13585
13574 21271 21:0 13585
13584 21256 21:0 13585
13587 21284 21:0 13595
13594 21286 0:0 13595
13594 21285 21:0 13650
13649 21287 0:0 13661
13649 21300 21:0 13661
13660 21315 21:0 13661
13663 21317 21:0 13671
13670 21316 0:0 13671
13670 21318 0:0 13671
13670 21319 21:0 13726
13684 21328 0:0 13685
13725 21320 0:0 13737
13739 21350 21:0 13747
13746 21351 0:0 13747
13746 21352 21:0 13802
13801 21353 0:0 13813
13815 21383 21:0 13823
13822 21385 0:0 13823
13822 21384 21:0 13878
13877 21386 0:0 13889
13891 21416 21:0 13899
13898 21418 21:0 13905
13900 19763 1:0 14042
13904 21417 21:0 13908
13907 21419 21:0 13919
13913 19761 1:0 14052
13914 19731 1:0 14165
13914 19730 1:0 14173
13920 19729 1:0 14172
13923 19728 1:0 14183
13923 19714 1:0 14222
13923 19700 1:0 14280
13929 19698 1:0 14296
13942 343 21:0 13956
13950 19696 1:0 14303
14044 19697 1:0 14304
14045 19695 1:0 14314
14045 19665 1:0 14427
14054 19663 1:0 14434
14054 19664 1:0 14435
14062 19662 1:0 14445
14065 19648 1:0 14484
14080 19616 1:0 14606
14175 19632 1:0 14558
14176 19630 1:0 14565
14176 19631 1:0 14566
14185 19629 1:0 14576
14185 19599 1:0 14689
14193 19597 1:0 14696
14224 19598 1:0 14697
14306 19596 1:0 14707
14307 19566 1:0 14820
14315 16731 21:0 14318
14316 19564 1:0 14827
14316 19565 1:0 14828
14322 19563 1:0 14838
14327 19533 1:0 14951
14342 19528 1:0 14979
14343 19517 1:0 14999
14435 16784 21:0 14440
14437 19531 1:0 14958
14438 19532 1:0 14959
14438 19530 1:0 14969
14446 16788 21:0 14449
14447 19516 1:0 15008
14447 19513 1:0 15008
14447 19515 1:0 15008
14447 19509 1:0 15034
14447 19502 1:0 15066
14450 19500 1:0 15082
14453 19508 1:0 15061
14456 16791 21:0 14480
14458 19499 1:0 15090
14473 19496 1:0 15093
14474 19495 1:0 15110
14474 19489 1:0 15115
14486 19484 1:0 15130
14568 19498 1:0 15089
14569 19497 1:0 15100
14569 19482 1:0 15139
14569 19483 1:0 15139
14578 19480 1:0 15139
14578 19476 1:0 15165
14578 19475 1:0 15192
14578 19467 1:0 15213
14584 19465 1:0 15220
14586 19463 1:0 15224
14617 19466 1:0 15221
14699 19464 1:0 15231
14700 19462 1:0 15241
14700 19456 1:0 15246
14700 19451 1:0 15261
14700 19449 1:0 15270
14700 19447 1:0 15270
14700 19450 1:0 15270
14709 19443 1:0 15296
14709 19442 1:0 15323
14709 19436 1:0 15328
14709 19434 1:0 15344
14715 19433 1:0 15352
14736 19432 1:0 15351
14748 19430 1:0 15355
14830 19431 1:0 15362
14831 19429 1:0 15372
14831 19423 1:0 15377
14831 19418 1:0 15392
14831 19417 1:0 15401
14831 19414 1:0 15401
14831 19410 1:0 15427
14840 19416 1:0 15401
14840 19409 1:0 15454
14840 19403 1:0 15459
14840 19401 1:0 15475
14846 19400 1:0 15483
14867 19399 1:0 15482
14879 19397 1:0 15486
14961 19398 1:0 15493
14962 19396 1:0 15503
14962 19390 1:0 15508
14962 19385 1:0 15523
14962 19381 1:0 15532
14962 19383 1:0 15532
14962 19384 1:0 15532
14971 19377 1:0 15558
14971 19376 1:0 15585
14971 19370 1:0 15590
14971 19368 1:0 15606
14977 19366 1:0 15613
14979 19364 1:0 15617
15010 19367 1:0 15614
15092 19365 1:0 15624
15093 19363 1:0 15634
15093 19357 1:0 15639
15093 19352 1:0 15654
15093 19351 1:0 15663
15093 19350 1:0 15663
15093 19344 1:0 15689
15102 19343 1:0 15716
15102 19337 1:0 15721
15102 19335 1:0 15737
15108 19333 1:0 15744
15128 19334 1:0 15745
15129 19331 1:0 15748
15141 19324 1:0 15770
15223 19332 1:0 15755
15224 19330 1:0 15765
15224 19319 1:0 15785
15224 19317 1:0 15794
15224 19315 1:0 15794
15224 19318 1:0 15794
15224 19311 1:0 15820
15233 19310 1:0 15847
15233 19304 1:0 15852
15233 19302 1:0 15868
15239 19301 1:0 15876
15259 19300 1:0 15875
15260 19298 1:0 15879
15272 19291 1:0 15901
15354 19299 1:0 15886
15355 19297 1:0 15896
15355 19286 1:0 15916
15355 19282 1:0 15925
15355 19284 1:0 15925
15355 19285 1:0 15925
15355 19278 1:0 15951
15364 19277 1:0 15978
15364 19271 1:0 15983
15364 19269 1:0 15999
15370 19267 1:0 16006
15390 19268 1:0 16007
15391 19265 1:0 16010
15403 19258 1:0 16032
15485 19266 1:0 16017
15486 19264 1:0 16027
15486 19253 1:0 16047
15486 19251 1:0 16056
15486 19252 1:0 16056
15486 19249 1:0 16056
15486 19245 1:0 16082
15495 19244 1:0 16109
15495 19238 1:0 16114
15495 19236 1:0 16130
15501 19234 1:0 16137
15521 19235 1:0 16138
15522 19232 1:0 16141
15534 19231 1:0 16158
15616 19233 1:0 16148
15617 19225 1:0 16163
15617 19220 1:0 16178
15617 19218 1:0 16183
15617 19216 1:0 16183
15617 19212 1:0 16213
15617 19205 1:0 16232
15626 19219 1:0 16183
15626 19211 1:0 16240
15626 21419 1:0 17605
15626 344 1:0 17630
15632 21417 1:0 17632
16271 22455 21:0 16282
16282 22456 21:0 16315
16314 22460 0:0 16315
16314 22463 0:0 16315
16314 22462 0:0 16315
16317 22449 21:0 16326
16324 22464 0:0 16326
16325 22475 21:0 16326
16328 22477 21:0 16336
16335 22479 0:0 16336
16335 22476 0:0 16336
16335 22478 21:0 16391
16348 22469 0:0 16350
16349 22488 0:0 16350
16390 22493 0:0 16391
16390 22489 0:0 16391
16390 22495 0:0 16391
16390 22496 0:0 16391
16390 22480 0:0 16402
16393 22482 21:0 16402
16400 22497 0:0 16402
16401 22508 21:0 16402
16404 22510 21:0 16412
16411 22509 0:0 16412
16411 22511 0:0 16412
16411 22512 21:0 16467
16424 22502 0:0 16426
16425 22521 0:0 16426
16466 22522 0:0 16467
16466 22526 0:0 16467
16466 22529 0:0 16467
16466 22528 0:0 16467
16466 22513 0:0 16478
16469 22515 21:0 16478
16476 22530 0:0 16478
16477 22541 21:0 16478
16480 22543 21:0 16488
16487 22545 0:0 16488
16487 22542 0:0 16488
16487 22544 21:0 16543
16500 22535 0:0 16502
16501 22554 0:0 16502
16542 22561 0:0 16543
16542 22555 0:0 16543
16542 22562 0:0 16543
16542 22559 0:0 16543
16542 22546 0:0 16554
16545 22548 21:0 16554
16552 22563 0:0 16554
16553 22574 21:0 16554
16556 22576 21:0 16564
16563 22578 0:0 16564
16563 22577 21:0 16619
16576 22568 0:0 16578
16577 22587 0:0 16578
16618 22594 0:0 16619
16618 22595 0:0 16619
16618 22588 0:0 16619
16618 22592 0:0 16619
16618 22579 0:0 16630
16619 22596 21:0 16630
16629 22581 21:0 16630
16629 22607 21:0 16630
16632 22609 21:0 16640
16639 22608 0:0 16640
16639 22611 0:0 16640
16639 22610 21:0 16695
16653 22620 0:0 16654
16688 22621 0:0 16690
16694 22625 0:0 16695
16694 22612 0:0 16706
16697 22614 21:0 16706
16704 22629 0:0 16706
16708 22642 21:0 16716
16715 22643 0:0 16716
16715 22644 21:0 16771
16729 22653 0:0 16730
16770 22654 0:0 16771
16770 22661 0:0 16771
16770 22658 21:0 16782
16770 22645 0:0 16782
16781 22673 21:0 16782
16784 22675 21:0 16792
16791 22677 0:0 16792
16791 22676 21:0 16847
16846 22687 0:0 16847
16846 22691 0:0 16847
16846 22678 0:0 16858
16846 22694 21:0 16858
16857 22706 21:0 16858
16857 22680 21:0 16858
16860 22708 21:0 16868
16867 22709 0:0 16868
16867 22710 21:0 16923
16881 22719 0:0 16882
16922 22711 0:0 16934
16923 22728 21:0 16934
16933 22739 21:0 16934
16936 22741 21:0 16944
16943 22743 0:0 16944
16943 22740 0:0 16944
16943 22742 21:0 16999
16956 22733 0:0 16958
16998 22744 0:0 17010
16999 22761 21:0 17010
17012 22774 21:0 17020
17019 22776 0:0 17020
17019 22775 21:0 17075
17074 22777 0:0 17086
17088 22807 21:0 17096
17095 22809 0:0 17096
17095 22808 21:0 17151
17150 22819 0:0 17151
17150 22810 0:0 17162
17164 22840 21:0 17172
17171 22842 0:0 17172
17171 22841 21:0 17227
17226 22843 0:0 17238
17240 22873 21:0 17248
17247 22874 0:0 17248
17247 22875 21:0 17303
17302 22885 0:0 17303
17302 22876 0:0 17314
17303 22893 21:0 17314
17313 22878 21:0 17314
17313 22904 21:0 17314
17316 22906 21:0 17324
17323 22907 0:0 17324
17323 251 0:0 17324
17323 22908 21:0 17379
17336 249 0:0 17338
17378 22909 0:0 17390
17378 22925 21:0 17390
17392 22939 21:0 17400
17399 22940 0:0 17400
17399 269 0:0 17400
17399 22941 21:0 17455
17454 22942 0:0 17466
17468 22972 21:0 17476
17469 283 0:0 17471
17475 22974 0:0 17476
17475 22973 21:0 17531
17530 22975 0:0 17542
17544 23005 21:0 17552
17551 23007 0:0 17552
17551 23006 21:0 17607
17606 23008 0:0 17618
17620 23038 21:0 17628
17627 23040 21:0 17634
17631 21418 1:0 17640
17633 23039 21:0 17637
17636 23041 21:0 17648
17642 21416 1:0 17650
17643 21386 1:0 17763
17649 21384 1:0 17770
17652 21385 1:0 17771
17652 21383 1:0 17781
17658 21353 1:0 17894
17671 344 21:0 17685
17678 21352 1:0 17902
17679 283 1:0 17916
17773 21351 1:0 17901
17774 21350 1:0 17912
17774 21320 1:0 18025
17783 21328 1:0 18004
17783 21319 1:0 18033
17783 21316 1:0 18036
17789 21318 1:0 18032
17809 21317 1:0 18043
17810 269 1:0 18038
17822 16731 1:0 18042
17904 21315 1:0 18053
17904 21300 1:0 18082
17904 249 1:0 18158
17904 16784 1:0 18162
17905 21287 1:0 18156
17905 251 1:0 18169
17914 21285 1:0 18163
17914 21286 1:0 18164
17920 21284 1:0 18174
17922 16788 1:0 18173
17925 16791 1:0 18183
17940 21271 1:0 18204
17941 21269 1:0 18213
17953 21256 1:0 18271
18035 21254 1:0 18287
18036 21262 1:0 18266
18036 21253 1:0 18295
18036 21250 1:0 18298
18045 21252 1:0 18294
18045 21251 1:0 18305
18051 21236 1:0 18344
18056 21221 1:0 18418
18071 21223 1:0 18402
18166 21219 1:0 18425
18167 21220 1:0 18426
18167 21218 1:0 18436
18176 21216 1:0 18446
18176 21210 1:0 18451
18176 21205 1:0 18466
18176 21203 1:0 18475
18176 21201 1:0 18475
18176 21204 1:0 18475
18176 21197 1:0 18501
18182 21188 1:0 18549
18184 21190 1:0 18533
18187 21196 1:0 18528
18202 21184 1:0 18560
18297 21186 1:0 18556
18298 21187 1:0 18557
18298 21185 1:0 18567
18307 21183 1:0 18577
18307 21177 1:0 18582
18307 21172 1:0 18597
18307 21168 1:0 18606
18307 21170 1:0 18606
18307 21171 1:0 18606
18307 21164 1:0 18632
18313 21155 1:0 18680
18315 21157 1:0 18664
18318 21163 1:0 18659
18333 21151 1:0 18691
18428 21154 1:0 18688
18429 21153 1:0 18687
18429 21152 1:0 18698
18438 21150 1:0 18708
18438 21144 1:0 18713
18438 21139 1:0 18728
18438 21138 1:0 18737
18438 21135 1:0 18737
18438 21137 1:0 18737
18438 21131 1:0 18763
18444 21122 1:0 18811
18446 21124 1:0 18795
18449 21130 1:0 18790
18464 21118 1:0 18822
18559 21121 1:0 18819
18560 21120 1:0 18818
18560 21119 1:0 18829
18569 21117 1:0 18839
18569 21111 1:0 18844
18569 21106 1:0 18859
18569 21102 1:0 18868
18569 21105 1:0 18868
18569 21104 1:0 18868
18569 21098 1:0 18894
18575 21089 1:0 18942
18577 21091 1:0 18926
18580 21097 1:0 18921
18595 21085 1:0 18953
18690 21087 1:0 18949
18691 21088 1:0 18950
18691 21086 1:0 18960
18700 21084 1:0 18970
18700 21078 1:0 18975
18700 21073 1:0 18990
18700 21072 1:0 18999
18700 21071 1:0 18999
18700 21069 1:0 18999
18700 21065 1:0 19025
18700 21058 1:0 19057
18708 21056 1:0 19073
18711 21064 1:0 19052
18726 21052 1:0 19084
18821 21054 1:0 19080
18822 21055 1:0 19081
18822 21053 1:0 19091
18831 21051 1:0 19101
18831 21045 1:0 19106
18831 21040 1:0 19121
18831 21036 1:0 19130
18831 21039 1:0 19130
18831 21038 1:0 19130
18831 21032 1:0 19156
18837 21023 1:0 19204
18839 21025 1:0 19188
18842 21031 1:0 19183
18857 21019 1:0 19215
18952 21022 1:0 19212
18953 21021 1:0 19211
18953 21020 1:0 19222
18962 21018 1:0 19232
18962 21012 1:0 19237
18962 21007 1:0 19252
18962 21005 1:0 19261
18962 21006 1:0 19261
18962 21003 1:0 19261
18962 20999 1:0 19287
18962 20992 1:0 19319
18970 20990 1:0 19335
18973 20998 1:0 19314
18988 20986 1:0 19346
19083 20989 1:0 19343
19084 20988 1:0 19342
19084 20987 1:0 19353
19093 20985 1:0 19363
19093 20979 1:0 19368
19093 20974 1:0 19383
19093 20970 1:0 19392
19093 20973 1:0 19392
19093 20972 1:0 19392
19093 20966 1:0 19418
19099 20957 1:0 19466
19101 20959 1:0 19450
19104 20965 1:0 19445
19119 20953 1:0 19477
19214 20956 1:0 19474
19215 20955 1:0 19473
19215 20954 1:0 19484
19224 20952 1:0 19494
19224 20946 1:0 19499
19224 20941 1:0 19514
19224 20937 1:0 19523
19224 20940 1:0 19523
19224 20939 1:0 19523
19224 20933 1:0 19549
19224 20926 1:0 19581
19232 20924 1:0 19597
19235 20932 1:0 19576
19250 20920 1:0 19608
19345 20922 1:0 19604
19346 20923 1:0 19605
19346 20921 1:0 19615
19355 20919 1:0 19625
19355 20913 1:0 19630
19355 20908 1:0 19645
19355 20904 1:0 19654
19355 20907 1:0 19654
19355 20906 1:0 19654
19355 20900 1:0 19680
19361 20891 1:0 19728
19363 20893 1:0 19712
19366 20899 1:0 19707
19381 20887 1:0 19739
19476 20890 1:0 19736
19477 20889 1:0 19735
19477 20888 1:0 19746
19486 20886 1:0 19756
19486 20880 1:0 19761
19486 20875 1:0 19776
19486 20873 1:0 19785
19486 20871 1:0 19785
19486 20874 1:0 19785
19486 20867 1:0 19811
19492 20858 1:0 19859
19494 20860 1:0 19843
19497 20866 1:0 19838
19512 20854 1:0 19870
19607 20856 1:0 19866
19608 20857 1:0 19867
19608 20855 1:0 19877
19617 20853 1:0 19887
19617 20847 1:0 19892
19617 20842 1:0 19907
19617 20841 1:0 19912
19617 20840 1:0 19912
19617 20838 1:0 19912
19617 20834 1:0 19942
19617 20827 1:0 19961
19623 20833 1:0 19969
19628 23041 1:0 21334
19643 345 1:0 21359
19738 23039 1:0 21355
19739 23040 1:0 21369
19739 23038 1:0 21379
19748 23008 1:0 21492
19748 23006 1:0 21499
19756 23007 1:0 21500
19787 23005 1:0 21510
20000 24077 21:0 20011
20011 24078 21:0 20044
20043 24082 0:0 20044
20043 24085 0:0 20044
20043 24084 0:0 20044
20044 24086 21:0 20055
20054 24071 21:0 20055
20054 24097 21:0 20055
20057 24099 21:0 20065
20064 24101 0:0 20065
20064 24098 0:0 20065
20064 24100 21:0 20120
20077 24091 0:0 20079
20078 24110 0:0 20079
20113 24111 0:0 20115
20119 24117 0:0 20120
20119 24115 0:0 20120
20119 24118 0:0 20120
20119 24102 0:0 20131
20122 24104 21:0 20131
20129 24119 0:0 20131
20130 24130 21:0 20131
20133 24132 21:0 20141
20140 24131 0:0 20141
20140 24133 0:0 20141
20140 24134 21:0 20196
20153 24124 0:0 20155
20154 24143 0:0 20155
20195 24151 0:0 20196
20195 24144 0:0 20196
20195 24148 0:0 20196
20195 24150 0:0 20196
20195 24135 0:0 20207
20198 24137 21:0 20207
20205 24152 0:0 20207
20206 24163 21:0 20207
20209 24165 21:0 20217
20216 24167 0:0 20217
20216 24164 0:0 20217
20216 24166 21:0 20272
20229 24157 0:0 20231
20230 24176 0:0 20231
20271 24183 0:0 20272
20271 24184 0:0 20272
20271 24181 0:0 20272
20271 24177 0:0 20272
20271 24168 0:0 20283
20274 24170 21:0 20283
20281 24185 0:0 20283
20282 24196 21:0 20283
20285 24198 21:0 20293
20292 24197 0:0 20293
20292 24200 0:0 20293
20292 24199 21:0 20348
20305 24190 0:0 20307
20306 24209 0:0 20307
20347 24210 0:0 20348
20347 24217 0:0 20348
20347 24216 0:0 20348
20347 24214 0:0 20348
20347 24201 0:0 20359
20350 24203 21:0 20359
20357 24218 0:0 20359
20358 24229 21:0 20359
20361 24231 21:0 20369
20368 24230 0:0 20369
20368 24233 0:0 20369
20368 24232 21:0 20424
20381 24223 0:0 20383
20382 24242 0:0 20383
20423 24243 0:0 20424
20423 24247 0:0 20424
20423 24249 0:0 20424
20423 24250 0:0 20424
20423 24234 0:0 20435
20426 24236 21:0 20435
20433 24251 0:0 20435
20434 24262 21:0 20435
20437 24264 21:0 20445
20444 24263 0:0 20445
20444 24265 0:0 20445
20444 24266 21:0 20500
20457 24256 0:0 20459
20458 24275 0:0 20459
20499 24280 0:0 20500
20499 24276 0:0 20500
20499 24282 0:0 20500
20499 24283 0:0 20500
20499 24267 0:0 20511
20502 24269 21:0 20511
20509 24284 0:0 20511
20510 24295 21:0 20511
20513 24297 21:0 20521
20520 24296 0:0 20521
20520 24299 0:0 20521
20520 24298 21:0 20576
20533 24289 0:0 20535
20534 24308 0:0 20535
20575 24309 0:0 20576
20575 24316 0:0 20576
20575 24315 0:0 20576
20575 24313 0:0 20576
20575 24300 0:0 20587
20578 24302 21:0 20587
20585 24317 0:0 20587
20586 24328 21:0 20587
20589 24330 21:0 20597
20596 24329 0:0 20597
20596 24331 0:0 20597
20596 24332 21:0 20652
20609 24322 0:0 20611
20610 24341 0:0 20611
20651 24346 0:0 20652
20651 24348 0:0 20652
20651 24349 0:0 20652
20651 24342 0:0 20652
20651 24333 0:0 20663
20654 24335 21:0 20663
20661 24350 0:0 20663
20662 24361 21:0 20663
20665 24363 21:0 20673
20672 24365 0:0 20673
20672 24362 0:0 20673
20672 24364 21:0 20728
20685 24355 0:0 20687
20686 24374 0:0 20687
20727 24375 0:0 20728
20727 24379 0:0 20728
20727 24382 0:0 20728
20727 24381 21:0 20739
20727 24366 0:0 20739
20738 24394 21:0 20739
20738 24368 21:0 20739
20738 24383 0:0 20739
20741 24396 21:0 20749
20748 24397 0:0 20749
20748 24395 0:0 20749
20748 24398 21:0 20804
20761 24388 0:0 20763
20762 24407 0:0 20763
20803 24412 0:0 20804
20803 24414 0:0 20804
20803 24408 0:0 20804
20803 24415 21:0 20815
20803 24399 0:0 20815
20814 24401 21:0 20815
20814 24416 0:0 20815
20814 24427 21:0 20815
20817 24429 21:0 20825
20824 24428 0:0 20825
20824 24430 0:0 20825
20824 24431 21:0 20880
20837 24421 0:0 20839
20838 24440 0:0 20839
20879 24448 0:0 20880
20879 24445 0:0 20880
20879 24447 0:0 20880
20879 24441 0:0 20880
20879 24432 0:0 20891
20882 24434 21:0 20891
20889 24449 0:0 20891
20890 24460 21:0 20891
20893 24462 21:0 20901
20900 24464 0:0 20901
20900 24461 0:0 20901
20900 24463 21:0 20956
20913 24454 0:0 20915
20914 24473 0:0 20915
20949 24474 0:0 20951
20955 24480 0:0 20956
20955 24478 0:0 20956
20955 24481 0:0 20956
20955 24465 0:0 20967
20958 24467 21:0 20967
20965 24482 0:0 20967
20966 24493 21:0 20967
20969 24495 21:0 20977
20976 24494 0:0 20977
20976 24496 0:0 20977
20976 24497 21:0 21032
20989 24487 0:0 20991
20990 24506 0:0 20991
21025 24507 0:0 21027
21031 24513 0:0 21032
21031 24514 0:0 21032
21031 24511 21:0 21043
21031 24498 0:0 21043
21042 24500 21:0 21043
21042 24515 0:0 21043
21042 24526 21:0 21043
21045 24528 21:0 21053
21052 24527 0:0 21053
21052 24529 0:0 21053
21052 24530 21:0 21108
21065 24520 0:0 21067
21066 24539 0:0 21067
21107 24547 0:0 21108
21107 24544 0:0 21108
21107 24540 0:0 21108
21107 24531 0:0 21119
21107 24546 21:0 21119
21118 24533 21:0 21119
21118 24559 21:0 21119
21118 24548 0:0 21119
21121 24561 21:0 21129
21128 24560 0:0 21129
21128 24563 0:0 21129
21128 24562 21:0 21184
21141 24553 0:0 21143
21142 24572 0:0 21143
21183 24573 0:0 21184
21183 24577 0:0 21184
21183 24579 0:0 21184
21183 24580 0:0 21184
21183 24564 0:0 21195
21186 24566 21:0 21195
21193 24581 0:0 21195
21194 24592 21:0 21195
21197 24594 21:0 21205
21204 24593 0:0 21205
21204 24596 0:0 21205
21204 24595 21:0 21260
21217 24586 0:0 21219
21218 24605 0:0 21219
21259 24597 0:0 21271
21273 24627 21:0 21281
21280 24628 0:0 21281
21280 24629 21:0 21336
21335 24639 0:0 21336
21335 24630 0:0 21347
21349 24660 21:0 21357
21356 24662 21:0 21363
21360 22975 1:0 21623
21362 24661 21:0 21366
21365 24663 21:0 21377
21371 22973 1:0 21630
21372 22974 1:0 21631
21378 22972 1:0 21641
21381 22942 1:0 21754
21381 22941 1:0 21762
21387 22940 1:0 21761
21400 345 21:0 21414
21407 22939 1:0 21772
21408 22925 1:0 21811
21502 22909 1:0 21885
21503 22907 1:0 21892
21503 22908 1:0 21893
21512 22906 1:0 21903
21512 22904 1:0 21913
21512 22893 1:0 21933
21512 22885 1:0 21968
21518 22876 1:0 22016
21520 22878 1:0 22000
21551 22875 1:0 22024
21633 22874 1:0 22023
21634 22873 1:0 22034
21643 22843 1:0 22147
21643 22841 1:0 22154
21649 22842 1:0 22155
21669 22840 1:0 22165
21670 22819 1:0 22230
21764 22810 1:0 22278
21765 22808 1:0 22285
21774 22809 1:0 22286
21774 22807 1:0 22296
21780 22777 1:0 22409
21785 22775 1:0 22416
21800 22761 1:0 22457
21895 22776 1:0 22417
21896 22774 1:0 22427
21896 22744 1:0 22540
21905 22742 1:0 22547
21905 22740 1:0 22551
21911 22743 1:0 22548
21916 22741 1:0 22558
21931 22733 1:0 22573
21932 22739 1:0 22568
21944 22728 1:0 22588
22026 22711 1:0 22671
22027 22719 1:0 22650
22027 22710 1:0 22679
22027 22706 1:0 22699
22036 22709 1:0 22678
22036 22708 1:0 22689
22042 22694 1:0 22728
22042 22691 1:0 22728
22042 22687 1:0 22754
22063 22678 1:0 22802
22075 22680 1:0 22786
22157 22676 1:0 22809
22158 22677 1:0 22810
22158 22673 1:0 22830
22158 22658 1:0 22859
22167 22675 1:0 22820
22167 22661 1:0 22859
22167 22654 1:0 22885
22167 22653 1:0 22912
22173 22645 1:0 22933
22194 22644 1:0 22941
22206 22629 1:0 22981
22288 22643 1:0 22940
22289 22642 1:0 22951
22289 22625 1:0 22990
22289 22621 1:0 23016
22298 22620 1:0 23043
22298 22614 1:0 23048
22298 22612 1:0 23064
22304 22610 1:0 23071
22324 22611 1:0 23072
22325 22608 1:0 23075
22337 22607 1:0 23092
22419 22609 1:0 23082
22420 22596 1:0 23112
22420 22595 1:0 23121
22420 22594 1:0 23121
22420 22592 1:0 23121
22420 22588 1:0 23147
22420 22581 1:0 23179
22429 22587 1:0 23174
22429 22579 1:0 23195
22435 22577 1:0 23202
22440 22578 1:0 23203
22455 22563 1:0 23243
22456 22574 1:0 23223
22468 22568 1:0 23228
22548 17069 21:0 22553
22550 22576 1:0 23213
22551 22561 1:0 23252
22551 22559 1:0 23252
22551 22562 1:0 23252
22551 22555 1:0 23278
22551 22554 1:0 23305
22551 22548 1:0 23310
22560 22546 1:0 23326
22560 22544 1:0 23333
22566 22545 1:0 23334
22568 22542 1:0 23337
22599 22543 1:0 23344
22681 22541 1:0 23354
22681 22535 1:0 23359
22681 22530 1:0 23374
22681 22528 1:0 23383
22682 22529 1:0 23383
22682 22526 1:0 23383
22682 22522 1:0 23409
22682 22521 1:0 23436
22682 22515 1:0 23441
22691 22513 1:0 23457
22691 22512 1:0 23465
22697 22511 1:0 23464
22699 22509 1:0 23468
22730 22510 1:0 23475
22812 22508 1:0 23485
22812 22502 1:0 23490
22812 22497 1:0 23505
22812 22496 1:0 23514
22813 22495 1:0 23514
22813 22493 1:0 23514
22813 22489 1:0 23540
22813 22488 1:0 23567
22813 22482 1:0 23572
22813 22476 1:0 23599
22822 22480 1:0 23588
22822 22478 1:0 23595
22830 22479 1:0 23596
22861 22477 1:0 23606
22943 22475 1:0 23616
22943 22469 1:0 23621
22943 22464 1:0 23636
22943 22456 1:0 23671
22944 22463 1:0 23641
22944 22462 1:0 23641
22944 22460 1:0 23641
22944 22449 1:0 23690
22944 22455 1:0 23698
22944 346 1:0 25088
22952 17244 21:0 22955
22953 24663 1:0 25079
22953 24661 1:0 25090
23729 25699 21:0 23740
23768 25706 0:0 23773
23775 25693 21:0 23784
23782 25708 0:0 23784
23786 25721 21:0 23794
23793 25720 0:0 23794
23793 25723 0:0 23794
23793 25722 21:0 23849
23806 25713 0:0 23808
23848 25740 0:0 23849
23848 25737 0:0 23849
23848 25739 0:0 23849
23848 25724 0:0 23860
23849 25741 21:0 23860
23859 25752 21:0 23860
23859 25726 21:0 23860
23862 25754 21:0 23870
23869 25756 0:0 23870
23869 25755 21:0 23925
23924 25766 0:0 23925
23924 25772 0:0 23925
23924 25773 21:0 23936
23924 25757 0:0 23936
23938 25787 21:0 23946
23945 25788 0:0 23946
23945 25789 21:0 24001
23958 25779 0:0 23960
24000 25799 0:0 24001
24000 25805 0:0 24001
24000 25803 21:0 24012
24000 25790 0:0 24012
24011 25807 0:0 24012
24011 25792 21:0 24012
24011 25818 21:0 24012
24014 25820 21:0 24022
24021 25821 0:0 24022
24021 25819 0:0 24022
24021 25822 21:0 24077
24035 25831 0:0 24036
24070 25832 0:0 24072
24076 25838 0:0 24077
24076 25823 0:0 24088
24077 25840 21:0 24088
24087 25851 21:0 24088
24090 25853 21:0 24098
24097 25852 0:0 24098
24097 25854 0:0 24098
24097 25855 21:0 24153
24111 25864 0:0 24112
24152 25871 0:0 24153
24152 25872 0:0 24153
24152 25869 21:0 24164
24152 25856 0:0 24164
24163 25858 21:0 24164
24166 25886 21:0 24174
24167 103 0:0 24169
24173 25888 0:0 24174
24173 25887 21:0 24229
24228 25889 0:0 24240
24242 25919 21:0 24250
24249 25921 0:0 24250
24249 25920 21:0 24305
24262 25911 0:0 24264
24304 25922 0:0 24316
24307 25924 21:0 24316
24314 25939 0:0 24316
24318 25952 21:0 24326
24325 25953 0:0 24326
24325 25954 21:0 24381
24380 25955 0:0 24392
24381 25972 21:0 24392
24394 25985 21:0 24402
24401 25987 0:0 24402
24401 25986 21:0 24457
24415 25996 0:0 24416
24456 25988 0:0 24468
24465 26016 21:0 24468
24470 26018 21:0 24478
24477 26020 0:0 24478
24477 26019 21:0 24533
24532 26021 0:0 24544
24546 26051 21:0 24554
24553 26052 0:0 24554
24553 26053 21:0 24609
24608 26054 0:0 24620
24622 26084 21:0 24630
24629 26086 0:0 24630
24629 26085 21:0 24685
24684 26087 0:0 24696
24698 26117 21:0 24706
24705 26118 0:0 24706
24705 26119 21:0 24761
24718 26109 0:0 24720
24760 26120 0:0 24772
24760 26135 21:0 24772
24774 26150 21:0 24782
24781 26151 0:0 24782
24781 26152 21:0 24837
24836 26162 0:0 24837
24836 26169 0:0 24837
24836 26153 0:0 24848
24836 26168 21:0 24848
24847 26155 21:0 24848
24850 26183 21:0 24858
24857 26185 0:0 24858
24857 26184 21:0 24913
24912 26186 0:0 24924
24926 26216 21:0 24934
24933 26217 0:0 24934
24933 26218 21:0 24989
24988 26219 0:0 25000
25002 26249 21:0 25010
25009 26250 0:0 25010
25009 26251 21:0 25065
25064 26265 21:0 25076
25064 26252 0:0 25076
25075 26269 0:0 25076
25078 26282 21:0 25086
25085 26283 21:0 25092
25089 24662 1:0 25098
25091 26284 21:0 25095
25093 340 1:0 2877
25094 26285 21:0 25106
25100 24660 1:0 25108
25101 24639 1:0 25173
25101 24630 1:0 25221
25107 24629 1:0 25229
25110 24628 1:0 25228
25110 24627 1:0 25239
25116 24597 1:0 25352
25118 24605 1:0 25331
25129 346 21:0 25143
25149 24595 1:0 25359
25231 24593 1:0 25363
25231 24581 1:0 25400
25232 24596 1:0 25360
25232 24594 1:0 25370
25241 24592 1:0 25380
25241 24586 1:0 25385
25241 24577 1:0 25409
25241 24579 1:0 25409
25241 24580 1:0 25409
25241 24573 1:0 25435
25241 24566 1:0 25467
25247 24564 1:0 25483
25249 24572 1:0 25462
25280 24562 1:0 25490
25362 24560 1:0 25494
25362 24559 1:0 25511
25363 24563 1:0 25491
25363 24561 1:0 25501
25372 24553 1:0 25516
25372 24548 1:0 25531
25372 24546 1:0 25540
25372 24547 1:0 25540
25372 24544 1:0 25540
25372 24540 1:0 25566
25372 24533 1:0 25598
25378 24531 1:0 25614
25380 24539 1:0 25593
25411 24530 1:0 25622
25493 24527 1:0 25625
25493 24515 1:0 25662
25494 24529 1:0 25621
25494 24528 1:0 25632
25503 24526 1:0 25642
25503 24520 1:0 25647
25503 24514 1:0 25671
25503 24511 1:0 25671
25503 24513 1:0 25671
25503 24507 1:0 25697
25503 24500 1:0 25729
25509 24498 1:0 25745
25511 24506 1:0 25724
25542 24497 1:0 25753
25624 24496 1:0 25752
25625 24494 1:0 25756
25625 24495 1:0 25763
25625 24482 1:0 25793
25634 24493 1:0 25773
25634 24487 1:0 25778
25634 24480 1:0 25802
25634 24478 1:0 25802
25634 24481 1:0 25802
25634 24474 1:0 25828
25634 24467 1:0 25860
25640 24465 1:0 25876
25642 24473 1:0 25855
25673 24463 1:0 25883
25755 24464 1:0 25884
25756 24461 1:0 25887
25756 24462 1:0 25894
25756 24454 1:0 25909
25765 24460 1:0 25904
25765 24449 1:0 25924
25765 24447 1:0 25933
25765 24448 1:0 25933
25765 24445 1:0 25933
25765 24441 1:0 25959
25765 24434 1:0 25991
25771 24432 1:0 26007
25773 24440 1:0 25986
25804 24431 1:0 26015
25886 24428 1:0 26018
25886 24421 1:0 26040
25887 24430 1:0 26014
25887 24429 1:0 26025
25896 24427 1:0 26035
25896 24416 1:0 26055
25896 24415 1:0 26064
25896 24412 1:0 26064
25896 24414 1:0 26064
25896 24408 1:0 26090
25896 24401 1:0 26122
25902 24399 1:0 26138
25904 24407 1:0 26117
25935 24398 1:0 26146
26017 24397 1:0 26145
26018 24395 1:0 26149
26018 24396 1:0 26156
26018 24394 1:0 26166
26027 24388 1:0 26171
26027 24383 1:0 26186
26027 24381 1:0 26195
26027 24382 1:0 26195
26027 24379 1:0 26195
26027 24375 1:0 26221
26027 24368 1:0 26253
26033 24366 1:0 26269
26035 24374 1:0 26248
26066 24364 1:0 26276
26148 17069 1:0 26275
26148 24362 1:0 26280
26149 24365 1:0 26277
26149 24363 1:0 26287
26158 24361 1:0 26297
26158 24355 1:0 26302
26158 24350 1:0 26317
26158 24346 1:0 26326
26158 24349 1:0 26326
26158 24348 1:0 26326
26158 24342 1:0 26352
26158 24335 1:0 26384
26166 24333 1:0 26400
26169 24341 1:0 26379
26184 24329 1:0 26411
26279 24332 1:0 26408
26280 24331 1:0 26407
26280 24330 1:0 26418
26289 24328 1:0 26428
26289 24322 1:0 26433
26289 24317 1:0 26448
26289 24316 1:0 26457
26289 24315 1:0 26457
26289 24313 1:0 26457
26289 24309 1:0 26483
26289 24302 1:0 26515
26297 24300 1:0 26531
26300 24308 1:0 26510
26315 24296 1:0 26542
26410 24298 1:0 26538
26411 24299 1:0 26539
26411 24297 1:0 26549
26420 24295 1:0 26559
26420 24289 1:0 26564
26420 24284 1:0 26579
26420 24283 1:0 26588
26420 24282 1:0 26588
26420 24280 1:0 26588
26420 24276 1:0 26614
26420 24269 1:0 26646
26428 24267 1:0 26662
26431 24275 1:0 26641
26446 24263 1:0 26673
26541 24266 1:0 26670
26542 24265 1:0 26669
26542 24264 1:0 26680
26551 17244 1:0 26679
26551 103 1:0 26684
26551 24262 1:0 26690
26551 24256 1:0 26695
26551 24251 1:0 26710
26551 24249 1:0 26719
26551 24250 1:0 26719
26551 24243 1:0 26745
26557 24247 1:0 26719
26557 24236 1:0 26777
26577 24234 1:0 26793
26578 24242 1:0 26772
26590 24230 1:0 26804
26672 24232 1:0 26800
26673 24233 1:0 26801
26673 24223 1:0 26826
26673 24218 1:0 26841
26682 24231 1:0 26811
26682 24229 1:0 26821
26682 24214 1:0 26850
26682 24217 1:0 26850
26682 24210 1:0 26876
26688 24216 1:0 26850
26688 24203 1:0 26908
26708 24201 1:0 26924
26709 24209 1:0 26903
26721 24197 1:0 26935
26803 24199 1:0 26931
26804 24200 1:0 26932
26804 24190 1:0 26957
26804 24185 1:0 26972
26813 24198 1:0 26942
26813 24196 1:0 26952
26813 24183 1:0 26981
26813 24184 1:0 26981
26813 24177 1:0 27007
26819 24181 1:0 26981
26819 24170 1:0 27039
26839 24168 1:0 27055
26840 24176 1:0 27034
26852 24164 1:0 27066
26934 24166 1:0 27062
26935 24167 1:0 27063
26935 24157 1:0 27088
26935 24152 1:0 27103
26944 24165 1:0 27073
26944 24163 1:0 27083
26944 24151 1:0 27112
26944 24148 1:0 27112
26944 24144 1:0 27138
26950 24150 1:0 27112
26950 24137 1:0 27170
26970 24135 1:0 27186
26971 24143 1:0 27165
26983 24131 1:0 27197
27065 24134 1:0 27194
27066 24133 1:0 27193
27066 24130 1:0 27214
27066 24119 1:0 27234
27075 24132 1:0 27204
27075 24124 1:0 27219
27075 24117 1:0 27243
27075 24111 1:0 27269
27075 347 1:0 27288
27081 24118 1:0 27243
27081 24115 1:0 27243
27081 24104 1:0 27301
27102 24102 1:0 27317
27114 24110 1:0 27296
27196 24100 1:0 27324
27197 24098 1:0 27321
27197 24101 1:0 27325
27197 24071 1:0 27328
27206 24097 1:0 27328
27206 24099 1:0 27335
27206 24086 1:0 27337
27206 24091 1:0 27342
27212 26285 1:0 27365
27214 24077 1:0 27365
27217 24078 1:0 27365
27232 24084 1:0 27370
27233 24082 1:0 27370
27245 24085 1:0 27370
27327 26284 1:0 27450
27328 26283 1:0 27457
27328 26269 1:0 27498
27328 26265 1:0 27507
27337 26282 1:0 27468
27337 26252 1:0 27671
27343 12696 1:0 27621
27343 12697 1:0 27622
27343 12698 1:0 27631
27345 12699 1:0 27632
27348 12701 1:0 27640
27363 12700 1:0 27640
27364 12843 1:0 27842
27460 26251 1:0 27679
27461 26250 1:0 27678
27461 26249 1:0 27689
27470 26219 1:0 27892
27470 12844 1:0 27843
27470 12845 1:0 27852
27470 12846 1:0 27853
27470 12848 1:0 27861
27476 12847 1:0 27861
27489 347 21:0 27503
27496 26218 1:0 27900
27509 26217 1:0 27899
27578 26216 1:0 27910
27579 12990 1:0 27999
27579 12993 1:0 28074
27580 12992 1:0 27999
27629 12991 1:0 27999
27639 12994 1:0 27999
27641 12696 0:0 27673
27672 12699 0:0 27673
27672 12701 0:0 27673
27672 12700 0:0 27673
27672 12697 0:0 27673
27672 12698 0:0 27673
27681 26186 1:0 28113
27682 26184 1:0 28120
27682 26168 1:0 28170
27682 12995 1:0 27999
27691 26185 1:0 28121
27691 26183 1:0 28131
27697 26169 1:0 28170
27697 26162 1:0 28196
27697 26155 1:0 28218
27699 13141 1:0 28220
27702 13137 1:0 28220
27717 13139 1:0 28220
27718 13142 1:0 28305
27779 26153 1:0 28334
27784 13140 1:0 28220
27799 13138 1:0 28220
27800 13283 1:0 28440
27860 26152 1:0 28342
27862 12844 0:0 27894
27893 12845 0:0 27894
27893 12848 0:0 27894
27893 12846 0:0 27894
27893 12847 0:0 27894
27893 12843 0:0 27894
27902 26151 1:0 28341
27903 26150 1:0 28352
27903 26135 1:0 28391
27903 13284 1:0 28440
27912 13288 1:0 28440
27912 13285 1:0 28440
27912 13289 1:0 28440
27912 13286 1:0 28440
27912 13287 1:0 28516
27918 26120 1:0 28555
27923 26119 1:0 28563
27951 26118 1:0 28562
28020 26117 1:0 28573
28021 26109 1:0 28588
28081 26087 1:0 28660
28083 12993 21:0 28115
28114 12990 0:0 28115
28114 12992 0:0 28115
28114 12995 0:0 28115
28114 12994 0:0 28115
28114 12991 0:0 28115
28123 13429 1:0 28662
28123 13423 1:0 28662
28123 13434 1:0 28662
28123 13433 1:0 28662
28123 13436 1:0 28662
28123 13577 1:0 28882
28124 13431 1:0 28662
28124 13435 1:0 28662
28124 13432 1:0 28727
28133 26085 1:0 28783
28133 26086 1:0 28784
28139 26084 1:0 28794
28144 26054 1:0 28881
28159 13582 1:0 28883
28160 13580 1:0 28883
28172 13583 1:0 28883
28172 13578 1:0 28883
28213 13579 1:0 28883
28213 13581 1:0 28958
28221 13570 1:0 28883
28242 26053 1:0 29005
28243 13718 1:0 29103
28243 13724 1:0 29103
28243 13717 1:0 29104
28311 13142 21:0 28336
28334 13137 0:0 28336
28335 13141 0:0 28336
28335 13138 0:0 28336
28335 13139 0:0 28336
28335 13140 0:0 28336
28344 26052 1:0 29004
28345 26051 1:0 29015
28345 26021 1:0 29102
28354 13726 1:0 29104
28354 13728 1:0 29104
28354 13729 1:0 29104
28354 13727 1:0 29104
28354 13730 1:0 29104
28354 13725 1:0 29168
28360 26019 1:0 29225
28380 26020 1:0 29226
28434 26018 1:0 29236
28442 26016 1:0 29246
28463 25988 1:0 29323
28464 13864 1:0 29325
28464 14012 1:0 29545
28513 13872 1:0 29325
28523 13877 1:0 29325
28526 13287 21:0 28557
28533 14018 1:0 29545
28556 13286 0:0 28557
28556 13289 0:0 28557
28556 13285 0:0 28557
28556 13288 0:0 28557
28556 13284 0:0 28557
28556 13283 0:0 28557
28565 25996 1:0 29324
28565 13876 1:0 29325
28565 13873 1:0 29325
28565 13875 1:0 29325
28566 25986 1:0 29446
28566 25972 1:0 29487
28566 13874 1:0 29399
28575 25987 1:0 29447
28575 25985 1:0 29457
28583 25955 1:0 29545
28586 14023 1:0 29545
28601 14019 1:0 29545
28602 14024 1:0 29631
28614 14022 1:0 29545
28614 14021 1:0 29545
28655 14020 1:0 29545
28655 14011 1:0 29546
28684 25954 1:0 29668
28733 13432 21:0 28778
28754 25953 1:0 29667
28776 13435 0:0 28778
28776 13433 0:0 28778
28776 13431 0:0 28778
28777 13423 0:0 28778
28777 13434 0:0 28778
28777 13436 0:0 28778
28777 13429 0:0 28778
28786 25952 1:0 29678
28787 25939 1:0 29708
28787 25922 1:0 29765
28787 25924 1:0 29765
28796 14170 1:0 29767
28796 14171 1:0 29767
28796 14167 1:0 29767
28796 14168 1:0 29767
28796 14169 1:0 29767
28796 14158 1:0 29767
28796 14164 1:0 29767
28796 14166 1:0 29831
28802 25920 1:0 29888
28823 25921 1:0 29889
28876 25919 1:0 29899
28889 25911 1:0 29914
28906 25889 1:0 29986
28955 14305 1:0 29988
28955 14311 1:0 29988
28964 13581 21:0 28999
28965 14313 1:0 29988
28975 14318 1:0 29988
28997 13582 0:0 28999
28997 13580 0:0 28999
28997 13578 0:0 28999
28997 13579 0:0 28999
28998 13577 0:0 28999
28998 13570 0:0 28999
28998 13583 0:0 28999
29007 14317 1:0 29988
29007 14314 1:0 29988
29007 14315 1:0 29988
29007 14316 1:0 30063
29008 25887 1:0 30109
29008 25869 1:0 30159
29008 14306 1:0 29987
29008 14312 1:0 29987
29008 14459 1:0 30208
29017 25888 1:0 30110
29017 25886 1:0 30120
29023 25872 1:0 30159
29023 25871 1:0 30159
29043 25856 1:0 30207
29044 25858 1:0 30207
29056 14461 1:0 30209
29056 14463 1:0 30209
29097 25864 1:0 30208
29097 14464 1:0 30209
29110 14462 1:0 30209
29125 14460 1:0 30209
29126 14465 1:0 30294
29178 13725 21:0 29220
29186 25855 1:0 30331
29196 14600 1:0 30429
29196 14599 1:0 30430
29196 14605 1:0 30430
29218 13729 0:0 29220
29219 13726 0:0 29220
29219 13728 0:0 29220
29219 13730 0:0 29220
29219 13727 0:0 29220
29219 13717 0:0 29220
29219 13718 0:0 29220
29219 13724 0:0 29220
29228 25854 1:0 30330
29229 25852 1:0 30334
29229 25853 1:0 30341
29229 25851 1:0 30351
29238 25840 1:0 30371
29238 25838 1:0 30380
29238 25832 1:0 30406
29238 25823 1:0 30429
29238 14611 1:0 30429
29244 14608 1:0 30429
29244 14610 1:0 30429
29244 14609 1:0 30429
29246 14607 1:0 30429
29249 25831 1:0 30429
29264 14612 1:0 30515
29318 25822 1:0 30552
29326 25819 1:0 30555
29347 25821 1:0 30551
29348 14747 1:0 30650
29348 14752 1:0 30651
29397 25807 1:0 30592
29407 25818 1:0 30572
29409 13874 21:0 29441
29439 13876 0:0 29441
29440 13873 0:0 29441
29440 13875 0:0 29441
29440 13872 0:0 29441
29440 13877 0:0 29441
29440 13864 0:0 29441
29449 25820 1:0 30562
29450 25803 1:0 30601
29450 25805 1:0 30601
29450 25799 1:0 30627
29450 25792 1:0 30649
29450 14755 1:0 30650
29450 14754 1:0 30715
29459 25790 1:0 30650
29459 14756 1:0 30650
29459 14757 1:0 30650
29459 14758 1:0 30650
29459 14759 1:0 30650
29467 25789 1:0 30773
29498 25788 1:0 30772
29552 25787 1:0 30783
29567 25779 1:0 30798
29568 25773 1:0 30822
29568 25766 1:0 30848
29569 25772 1:0 30822
29618 14900 1:0 30871
29618 14893 1:0 30872
29628 14901 1:0 30871
29637 14024 21:0 29662
29638 14902 1:0 30871
29660 14019 0:0 29662
29660 14023 0:0 29662
29660 14022 0:0 29662
29660 14021 0:0 29662
29660 14020 0:0 29662
29661 14011 0:0 29662
29661 14012 0:0 29662
29661 14018 0:0 29662
29670 25757 1:0 30871
29671 25741 1:0 31034
29671 14906 1:0 30871
29671 14905 1:0 30871
29671 14904 1:0 30871
29671 14903 1:0 30946
29680 25755 1:0 30993
29680 25756 1:0 30994
29686 25754 1:0 31004
29688 25752 1:0 31014
29691 25740 1:0 31043
29706 25739 1:0 31043
29707 25737 1:0 31043
29760 25724 1:0 31091
29768 15041 1:0 31092
29773 25726 1:0 31091
29788 15050 1:0 31093
29789 15051 1:0 31093
29789 15048 1:0 31093
29839 15052 1:0 31093
29841 14166 21:0 29883
29849 15049 1:0 31158
29859 15053 1:0 31093
29881 14168 0:0 29883
29881 14170 0:0 29883
29882 14158 0:0 29883
29882 14169 0:0 29883
29882 14167 0:0 29883
29882 14171 0:0 29883
29882 14164 0:0 29883
29891 25722 1:0 31214
29892 25723 1:0 31215
29892 25720 1:0 31218
29892 25713 1:0 31240
29901 25721 1:0 31225
29901 25708 1:0 31255
29901 25706 1:0 31260
29901 25699 1:0 31299
29901 25693 1:0 31312
29907 15197 1:0 31314
29907 15198 1:0 31314
29907 15199 1:0 31314
29909 15200 1:0 31314
29912 15187 1:0 31314
29912 15193 1:0 31314
29927 15196 1:0 31314
29928 15195 1:0 31378
30069 14316 21:0 30104
30102 14315 0:0 30104
30102 14314 0:0 30104
30102 14317 0:0 30104
30102 14313 0:0 30104
30103 14318 0:0 30104
30103 14306 0:0 30104
30103 14311 0:0 30104
30103 14305 0:0 30104
30103 14312 0:0 30104
30300 14465 21:0 30325
30323 14462 0:0 30325
30323 14464 0:0 30325
30323 14463 0:0 30325
30323 14461 0:0 30325
30323 14460 0:0 30325
30324 14459 0:0 30325
30521 14612 21:0 30546
30544 14607 0:0 30546
30544 14610 0:0 30546
30544 14611 0:0 30546
30544 14608 0:0 30546
30544 14609 0:0 30546
30545 14600 0:0 30546
30545 14605 0:0 30546
30545 14599 0:0 30546
30725 14754 21:0 30767
30765 14758 0:0 30767
30765 14756 0:0 30767
30766 14759 0:0 30767
30766 14757 0:0 30767
30766 14752 0:0 30767
30766 14747 0:0 30767
30766 14755 0:0 30767
30956 14903 21:0 30988
30986 14905 0:0 30988
30987 14901 0:0 30988
30987 14902 0:0 30988
30987 14906 0:0 30988
30987 14900 0:0 30988
30987 14893 0:0 30988
30987 14904 0:0 30988
31164 15049 21:0 31209
31207 15052 0:0 31209
31207 15048 0:0 31209
31207 15050 0:0 31209
31208 15041 0:0 31209
31208 15053 0:0 31209
31208 15051 0:0 31209
31388 15195 21:0 152
