118 25531 21:0 181
180 25529 21:0 211
210 25620 21:0 211
210 25530 21:0 211
210 25621 21:0 211
210 25528 21:0 216
215 25526 21:0 221
220 25527 21:0 221
1381 26233 21:0 1391
3358 298 21:0 3376
4594 27704 21:0 4604
10076 300 21:0 10094
13435 301 21:0 13453
16794 302 21:0 16812
20153 303 21:0 20171
23512 304 21:0 23530
44943 300 1:0 6719
44943 301 1:0 10078
44943 302 1:0 13437
44944 303 1:0 16796
44944 23325 1:0 51672
47706 46584 21:0 47723
47785 46619 21:0 47851
48302 46619 1:0 49078
48303 46584 1:0 49216
50536 47826 21:0 50602
50756 47922 21:0 50764
51671 304 1:0 20155
51671 23321 1:0 51675
51672 23322 1:0 51681
51672 23323 1:0 51684
51672 23324 1:0 51709
51681 23326 1:0 51747
51681 23320 1:0 51763
51681 23313 1:0 51766
51681 23314 1:0 51793
51681 23319 1:0 51822
51681 23471 1:0 51896
51681 23461 1:0 51905
51681 23460 1:0 51905
51681 23467 1:0 51905
51687 23468 1:0 51902
51687 23466 1:0 51905
51691 23472 1:0 51933
51692 23613 1:0 52123
51707 23469 1:0 51933
51720 23473 1:0 51984
51761 23470 1:0 52063
51774 23616 1:0 52123
51789 23617 1:0 52126
51790 23607 1:0 52126
51790 23608 1:0 52136
51790 23614 1:0 52136
51790 23761 1:0 52338
51791 23754 1:0 52344
51799 23314 21:0 51845
51840 23615 1:0 52136
51844 23319 21:0 51884
51850 23620 1:0 52163
51860 23618 1:0 52208
51883 23320 21:0 51884
51883 23313 21:0 51884
51883 23326 21:0 51887
51886 23324 21:0 51887
51886 23323 21:0 51895
51892 23619 1:0 52294
51892 23767 1:0 52344
51893 23760 1:0 52344
51893 23755 1:0 52347
51893 23766 1:0 52347
51893 23763 1:0 52375
51894 23322 21:0 51898
51896 23762 1:0 52375
51897 23321 21:0 51898
51897 23325 21:0 51904
51899 23764 1:0 52426
51899 23765 1:0 52506
51902 47922 1:0 52548
51902 23910 1:0 52556
51902 23913 1:0 52559
51905 23911 1:0 52565
51908 23914 1:0 52568
51910 23909 1:0 52593
51913 23912 1:0 52631
51928 23908 1:0 52647
51928 23907 1:0 52650
51929 23901 1:0 52676
51929 23902 1:0 52677
51982 47826 1:0 52769
52010 24058 1:0 52777
52011 24060 1:0 52780
52020 23461 21:0 52066
52061 24059 1:0 52786
52063 24061 1:0 52789
52071 24057 1:0 52814
52073 23470 21:0 52105
52081 24056 1:0 52852
52104 23473 21:0 52108
52107 23472 21:0 52108
52107 23469 21:0 52116
52113 24048 1:0 52868
52113 24049 1:0 52871
52113 24054 1:0 52874
52113 24055 1:0 52928
52113 24207 1:0 52998
52114 24208 1:0 53001
52114 24203 1:0 53007
52114 24206 1:0 53010
52115 23467 21:0 52116
52115 23466 21:0 52116
52115 23460 21:0 52119
52117 24204 1:0 53035
52118 23468 21:0 52119
52118 23471 21:0 52125
52120 24205 1:0 53073
52120 24201 1:0 53089
52123 24195 1:0 53092
52123 24196 1:0 53094
52123 24202 1:0 53149
52123 24351 1:0 53219
52123 24355 1:0 53222
52123 24350 1:0 53228
52126 24354 1:0 53231
52129 24352 1:0 53256
52131 24353 1:0 53294
52133 24343 1:0 53310
52133 24349 1:0 53313
52134 24342 1:0 53315
52134 24348 1:0 53369
52150 24501 1:0 53440
52162 24497 1:0 53443
52203 24500 1:0 53449
52216 24502 1:0 53452
52232 24499 1:0 53477
52233 24498 1:0 53515
52241 23608 21:0 52287
52282 24496 1:0 53531
52282 24489 1:0 53534
52282 24490 1:0 53536
52284 24495 1:0 53590
52292 24647 1:0 53661
52302 24644 1:0 53664
52304 23619 21:0 52326
52325 23618 21:0 52329
52328 23620 21:0 52329
52328 23615 21:0 52337
52334 24645 1:0 53670
52334 24648 1:0 53673
52335 24649 1:0 53698
52335 24646 1:0 53736
52335 24637 1:0 53752
52335 24642 1:0 53755
52335 24636 1:0 53781
52335 24643 1:0 53812
52336 23617 21:0 52340
52338 24783 1:0 53973
52338 24785 1:0 53976
52338 24786 1:0 53976
52339 23616 21:0 52340
52339 23614 21:0 52346
52341 24791 1:0 53882
52341 24792 1:0 53885
52344 24796 1:0 53891
52344 24795 1:0 53894
52344 24793 1:0 53919
52344 24794 1:0 53957
52345 23613 21:0 52346
52345 23607 21:0 52346
52347 24784 1:0 53976
52347 24789 1:0 53978
52347 24787 1:0 53978
52347 24788 1:0 53978
52350 24790 1:0 54033
52350 24938 1:0 54103
52354 24942 1:0 54106
52370 24939 1:0 54112
52371 24940 1:0 54115
52383 24943 1:0 54140
52424 24941 1:0 54178
52432 24937 1:0 54194
52437 24930 1:0 54197
52437 24931 1:0 54224
52452 24936 1:0 54253
52453 25088 1:0 54324
52462 23755 21:0 52508
52503 25089 1:0 54327
52505 25087 1:0 54333
52512 23765 21:0 52547
52513 25090 1:0 54336
52523 25086 1:0 54361
52546 23764 21:0 52550
52549 23763 21:0 52550
52549 23762 21:0 52558
52555 25085 1:0 54399
52555 25077 1:0 54415
52555 25083 1:0 54418
52555 25078 1:0 54420
52556 25084 1:0 54475
52556 25236 1:0 54545
52556 25233 1:0 54548
52556 25225 1:0 54636
52557 23766 21:0 52561
52559 25235 1:0 54554
52560 23767 21:0 52561
52560 23754 21:0 52561
52560 23760 21:0 52567
52562 25232 1:0 54557
52562 25234 1:0 54582
52562 25231 1:0 54639
52565 25237 1:0 54620
52565 25224 1:0 54665
52565 25230 1:0 54695
52565 25383 1:0 54766
52565 25384 1:0 54769
52566 23761 21:0 52567
52568 25381 1:0 54775
52571 25379 1:0 54778
52573 25380 1:0 54803
52576 25382 1:0 54841
52591 25377 1:0 54857
52591 25371 1:0 54860
52592 25372 1:0 54887
52592 25378 1:0 54917
52604 25527 1:0 54987
52645 25526 1:0 54990
52653 27704 1:0 55024
52673 25528 1:0 54996
52674 25530 1:0 54999
52674 25518 1:0 55078
52675 25519 1:0 55081
52683 23902 21:0 52729
52724 25529 1:0 55024
52726 25525 1:0 55083
52728 23901 21:0 52768
52734 25531 1:0 55062
52744 26233 1:0 55195
52744 25524 1:0 55137
52744 25621 1:0 55209
52767 23908 21:0 52768
52767 23907 21:0 52768
52767 23912 21:0 52771
52770 23909 21:0 52771
52770 23914 21:0 52779
52776 25620 1:0 55208
52776 298 1:0 147
52778 23911 21:0 52782
52781 23913 21:0 52782
52781 23910 21:0 52788
52934 24055 21:0 52959
52958 24054 21:0 52989
52988 24048 21:0 52989
52988 24049 21:0 52989
52988 24056 21:0 52992
52991 24057 21:0 52992
52991 24061 21:0 53000
52999 24059 21:0 53003
53002 24060 21:0 53003
53002 24058 21:0 53009
53155 24202 21:0 53180
53179 24196 21:0 53210
53209 24195 21:0 53210
53209 24201 21:0 53210
53209 24205 21:0 53213
53212 24204 21:0 53213
53212 24206 21:0 53221
53220 24203 21:0 53224
53223 24208 21:0 53224
53223 24207 21:0 53230
53379 24348 21:0 53403
53402 24342 21:0 53431
53430 24349 21:0 53431
53430 24343 21:0 53431
53430 24353 21:0 53434
53433 24352 21:0 53434
53433 24354 21:0 53442
53441 24350 21:0 53445
53444 24355 21:0 53445
53444 24351 21:0 53451
53600 24495 21:0 53624
53623 24490 21:0 53652
53651 24496 21:0 53652
53651 24489 21:0 53652
53651 24498 21:0 53655
53654 24499 21:0 53655
53654 24502 21:0 53663
53662 24500 21:0 53666
53665 24497 21:0 53666
53665 24501 21:0 53672
53791 24636 21:0 53835
53834 24643 21:0 53873
53872 24637 21:0 53873
53872 24642 21:0 53873
53872 24646 21:0 53876
53875 24649 21:0 53876
53875 24648 21:0 53884
53883 24645 21:0 53887
53886 24644 21:0 53887
53886 24647 21:0 53893
54019 24786 21:0 54039
54039 24790 21:0 54064
54063 24789 21:0 54094
54093 24783 21:0 54094
54093 24784 21:0 54094
54093 24785 21:0 54094
54093 24788 21:0 54094
54093 24787 21:0 54094
54093 24794 21:0 54097
54096 24793 21:0 54097
54096 24795 21:0 54105
54104 24796 21:0 54108
54107 24792 21:0 54108
54107 24791 21:0 54114
54230 24931 21:0 54276
54275 24936 21:0 54315
54314 24930 21:0 54315
54314 24937 21:0 54315
54314 24941 21:0 54318
54317 24943 21:0 54318
54317 24940 21:0 54326
54325 24939 21:0 54329
54328 24942 21:0 54329
54328 24938 21:0 54335
54481 25084 21:0 54506
54505 25078 21:0 54536
54535 25083 21:0 54536
54535 25077 21:0 54536
54535 25085 21:0 54539
54538 25086 21:0 54539
54538 25090 21:0 54547
54546 25087 21:0 54550
54549 25089 21:0 54550
54549 25088 21:0 54556
54675 25224 21:0 54719
54718 25230 21:0 54757
54756 25225 21:0 54757
54756 25231 21:0 54757
54756 25237 21:0 54760
54759 25234 21:0 54760
54759 25232 21:0 54768
54767 25235 21:0 54771
54770 25233 21:0 54771
54770 25236 21:0 54777
54893 25372 21:0 54939
54938 25378 21:0 54978
54977 25371 21:0 54978
54977 25377 21:0 54978
54977 25382 21:0 54981
54980 25380 21:0 54981
54980 25379 21:0 54989
54988 25381 21:0 54992
54991 25384 21:0 54992
54991 25383 21:0 54998
55147 25524 21:0 55171
55170 25525 21:0 55197
55196 25519 21:0 55201
55200 25518 21:0 119
