85 13721 0:0 87
85 13723 0:0 87
85 13719 0:0 87
85 13720 0:0 87
86 13812 0:0 87
86 13718 0:0 87
1309 14393 21:0 1319
3286 298 21:0 3325
3590 15458 21:0 3656
3663 15489 21:0 3721
3810 15554 21:0 3818
3891 15589 0:0 3894
3894 15590 21:0 3960
3961 15590 1:0 5601
4563 15589 1:0 5609
4564 15554 1:0 5750
4573 15489 1:0 6001
4573 15458 1:0 6125
6713 16827 21:0 6721
6873 16896 21:0 6939
6949 16929 21:0 7015
7025 16962 21:0 7091
7245 17058 21:0 7253
7254 17058 1:0 8978
7922 16962 1:0 9353
7923 16929 1:0 9484
7932 16896 1:0 9615
7932 16827 1:0 9895
10232 18367 21:0 10298
10460 18466 21:0 10526
10533 18497 21:0 10591
10680 18562 21:0 10688
11281 18562 1:0 12206
11282 18497 1:0 12457
11291 18466 1:0 12581
11291 18367 1:0 12974
13512 19804 21:0 13570
13892 19969 21:0 13950
14039 20033 21:0 14047
14123 20069 21:0 14189
14348 20166 21:0 14406
14407 20166 1:0 15030
14640 20069 1:0 15416
14641 20033 1:0 15565
14650 19969 1:0 15817
14650 19804 1:0 16472
16798 21243 21:0 16864
17026 21342 21:0 17092
17170 21405 21:0 17178
17403 21505 21:0 17461
17999 21505 1:0 18913
18000 21405 1:0 19317
18009 21342 1:0 19561
18009 21243 1:0 19954
20301 22777 21:0 20309
20382 22811 0:0 20385
20382 22812 0:0 20385
20385 22813 21:0 20451
20453 22843 21:0 20461
21358 22843 1:0 22807
21359 22813 1:0 22920
21359 22811 1:0 22927
21368 22812 1:0 22928
21368 22777 1:0 23069
21374 11513 1:0 24888
23513 24184 21:0 23571
23584 24215 21:0 23592
23812 24314 21:0 23820
24045 24415 21:0 24103
24121 24448 21:0 24179
24727 11663 1:0 25044
24727 11662 1:0 25119
24728 11661 1:0 25044
24728 11665 1:0 25044
24737 11811 1:0 25266
24737 11808 1:0 25331
24737 11958 1:0 25485
24737 11946 1:0 25511
24737 11954 1:0 25551
24743 11955 1:0 25552
24743 11957 1:0 25562
24747 11959 1:0 25572
24763 12102 1:0 25773
24776 12105 1:0 25707
24817 12101 1:0 25707
24825 12106 1:0 25707
24845 12103 1:0 25707
24846 12104 1:0 25707
24846 12240 1:0 25924
24896 12252 1:0 26013
24898 11513 21:0 24940
24948 12251 1:0 25929
24948 12250 1:0 25929
24949 12247 1:0 25928
24949 12253 1:0 25929
24949 12248 1:0 25929
24958 12249 1:0 25929
24958 24448 1:0 26094
24958 12398 1:0 26148
24958 12387 1:0 26174
24964 12395 1:0 26214
24966 12396 1:0 26215
24969 12397 1:0 26224
24984 12393 1:0 26204
24984 12394 1:0 26205
24997 12399 1:0 26234
25038 12400 1:0 26235
25066 24415 1:0 26359
25067 12544 1:0 26445
25117 12542 1:0 26371
25127 12547 1:0 26370
25129 11662 21:0 25161
25137 12545 1:0 26370
25160 11663 0:0 25161
25160 11665 0:0 25161
25160 11661 0:0 25161
25162 12543 1:0 26370
25169 12546 1:0 26370
25169 12688 1:0 26591
25169 12692 1:0 26667
25170 12694 1:0 26591
25170 12689 1:0 26592
25179 12682 1:0 26591
25179 12691 1:0 26591
25179 12690 1:0 26592
25179 12687 1:0 26592
25179 12693 1:0 26592
25179 12837 1:0 26878
25185 12838 1:0 26813
25187 12839 1:0 26813
25189 12834 1:0 26813
25205 12835 1:0 26812
25205 12841 1:0 26813
25218 12836 1:0 26813
25259 12840 1:0 26813
25267 12987 1:0 27118
25287 12984 1:0 27033
25288 12988 1:0 27033
25337 11808 21:0 25382
25338 12986 1:0 27033
25348 12983 1:0 27033
25380 11811 0:0 25382
25390 12985 1:0 27033
25390 12981 1:0 27034
25390 13132 1:0 27253
25390 13122 1:0 27279
25391 24314 1:0 27166
25400 13129 1:0 27310
25400 13130 1:0 27319
25400 13131 1:0 27320
25400 13135 1:0 27340
25400 13279 1:0 27550
25406 13276 1:0 27475
25406 13277 1:0 27476
25410 13278 1:0 27476
25426 13280 1:0 27476
25426 13275 1:0 27476
25427 13422 1:0 27751
25439 13424 1:0 27761
25480 13417 1:0 27722
25480 13425 1:0 27762
25493 13426 1:0 27771
25509 13427 1:0 27772
25510 13428 1:0 27781
25521 11946 21:0 25577
25569 24215 1:0 27829
25579 13573 1:0 27992
25581 11958 21:0 25603
25602 11957 0:0 25603
25602 11959 0:0 25603
25602 11954 0:0 25603
25602 11955 0:0 25603
25604 24184 1:0 27906
25611 13574 1:0 27917
25611 13571 1:0 27918
25611 13569 1:0 27918
25612 13570 1:0 27917
25612 13572 1:0 27917
25612 13575 1:0 27917
25621 13564 1:0 27917
25621 298 1:0 28115
25621 14393 1:0 28134
25621 13719 1:0 28138
25621 13718 1:0 28138
25621 13722 1:0 28223
25627 13721 1:0 28138
25629 13723 1:0 28138
25632 13720 1:0 28138
25647 13711 1:0 28138
25647 13716 1:0 28139
25648 13812 1:0 28264
25779 12102 21:0 25824
25822 12103 0:0 25824
25822 12105 0:0 25824
25822 12101 0:0 25824
25823 12104 0:0 25824
25823 12106 0:0 25824
25963 12240 21:0 26019
25990 12247 0:0 25999
26023 12252 21:0 26045
26044 12250 0:0 26045
26044 12249 0:0 26045
26044 12248 0:0 26045
26044 12251 0:0 26045
26044 12253 0:0 26045
26184 12387 21:0 26240
26239 12398 21:0 26266
26264 12397 0:0 26266
26264 12399 0:0 26266
26265 12393 0:0 26266
26265 12400 0:0 26266
26265 12396 0:0 26266
26265 12395 0:0 26266
26265 12394 0:0 26266
26455 12544 21:0 26487
26486 12542 0:0 26487
26486 12546 0:0 26487
26486 12547 0:0 26487
26486 12545 0:0 26487
26486 12543 0:0 26487
26653 12688 0:0 26662
26673 12692 21:0 26708
26706 12690 0:0 26708
26706 12691 0:0 26708
26706 12693 0:0 26708
26707 12682 0:0 26708
26707 12687 0:0 26708
26707 12694 0:0 26708
26707 12689 0:0 26708
26874 12835 0:0 26883
26884 12837 21:0 26929
26927 12838 0:0 26929
26927 12836 0:0 26929
26928 12841 0:0 26929
26928 12834 0:0 26929
26928 12839 0:0 26929
26928 12840 0:0 26929
27098 12981 0:0 27106
27128 12987 21:0 27150
27149 12984 0:0 27150
27149 12988 0:0 27150
27149 12985 0:0 27150
27149 12986 0:0 27150
27149 12983 0:0 27150
27289 13122 21:0 27345
27344 13129 0:0 27359
27344 13132 21:0 27371
27370 13131 0:0 27371
27370 13130 0:0 27371
27370 13135 0:0 27371
27537 13276 0:0 27546
27540 13275 0:0 27548
27560 13279 21:0 27592
27591 13280 0:0 27592
27591 13277 0:0 27592
27591 13278 0:0 27592
27761 13422 21:0 27812
27811 13426 0:0 27813
27811 13428 0:0 27813
27811 13425 0:0 27813
27812 13427 0:0 27813
27812 13424 0:0 27813
27812 13417 0:0 27813
28002 13573 21:0 28034
28032 13575 0:0 28034
28033 13564 0:0 28034
28033 13569 0:0 28034
28033 13570 0:0 28034
28033 13572 0:0 28034
28033 13574 0:0 28034
28033 13571 0:0 28034
28203 13716 0:0 28211
28219 13711 0:0 28226
28233 13722 21:0 123
