118 49172 0:0 129
118 329 0:0 130
118 49079 0:0 170
1397 49785 21:0 1407
3374 298 21:0 3413
4610 51256 21:0 4620
6733 299 21:0 6772
7969 52727 21:0 7979
10092 300 21:0 10131
11328 54198 21:0 11338
13451 301 21:0 13491
14687 55669 21:0 14697
16810 302 21:0 16850
20169 303 21:0 20208
30246 306 21:0 30285
33605 307 21:0 33644
36964 308 21:0 37004
40323 309 21:0 40363
43682 310 21:0 43721
47041 311 21:0 47078
50400 312 21:0 50440
102062 299 1:0 3376
102062 300 1:0 6735
102062 301 1:0 10094
102063 302 1:0 13453
102063 303 1:0 16812
102063 306 1:0 26889
102063 307 1:0 30248
102063 308 1:0 33607
102072 309 1:0 36966
102072 329 1:0 104146
104293 94913 21:0 104348
105053 95242 21:0 105110
105205 95309 21:0 105262
105431 310 1:0 40325
105431 311 1:0 43684
105431 312 1:0 47043
105431 46866 1:0 105553
105432 46865 1:0 105552
105432 46871 1:0 105582
105432 46873 1:0 105592
105432 46874 1:0 105593
105441 46872 1:0 105583
105441 46875 1:0 105602
105441 46876 1:0 105603
105441 46877 1:0 105612
105447 46878 1:0 105613
105451 95309 1:0 105747
105452 47018 1:0 105803
105467 47022 1:0 105782
105480 47024 1:0 105782
105521 47025 1:0 105782
105534 47020 1:0 105782
105549 47023 1:0 105782
105550 47021 1:0 105782
105551 47012 1:0 105773
105559 46866 21:0 105616
105600 47013 1:0 105774
105600 47019 1:0 105782
105600 47159 1:0 105994
105610 47169 1:0 105968
105615 46872 0:0 105625
105615 46874 0:0 105644
105616 46865 0:0 105631
105616 46873 0:0 105644
105620 47167 1:0 106034
105622 47168 1:0 106035
105643 46871 0:0 105644
105643 46876 0:0 105644
105643 46875 0:0 105644
105643 46878 0:0 105644
105643 46877 0:0 105644
105645 47160 1:0 105995
105645 47165 1:0 106024
105645 47166 1:0 106025
105645 47170 1:0 106045
105645 47171 1:0 106054
105645 47306 1:0 106186
105645 47312 1:0 106191
105652 47172 1:0 106055
105652 47318 1:0 106275
105653 95242 1:0 106167
105653 47313 1:0 106190
105662 47317 1:0 106190
105662 47316 1:0 106190
105662 47315 1:0 106190
105662 47319 1:0 106190
105668 47307 1:0 106190
105668 47314 1:0 106190
105668 47454 1:0 106411
105672 47464 1:0 106487
105688 47462 1:0 106411
105689 47453 1:0 106412
105689 47459 1:0 106412
105701 47461 1:0 106412
105742 47465 1:0 106411
105755 47466 1:0 106411
105770 47460 1:0 106411
105771 47463 1:0 106411
105781 47612 1:0 106717
105783 47012 0:0 105809
105792 47013 0:0 105813
105810 47606 1:0 106633
105813 47018 21:0 105864
105821 47610 1:0 106633
105831 47608 1:0 106633
105841 47607 1:0 106632
105841 47601 1:0 106632
105841 47600 1:0 106633
105863 47020 0:0 105865
105864 47025 0:0 105865
105864 47021 0:0 105865
105864 47022 0:0 105865
105864 47023 0:0 105865
105864 47019 0:0 105865
105864 47024 0:0 105865
105865 47754 1:0 106853
105866 47613 1:0 106632
105866 47609 1:0 106632
105866 47611 1:0 106632
105866 47747 1:0 106854
105873 47756 1:0 106853
105873 47758 1:0 106929
105874 47760 1:0 106853
105874 47748 1:0 106853
105874 47755 1:0 106854
105874 47753 1:0 106854
105883 47759 1:0 106853
105883 47757 1:0 106853
105883 47895 1:0 107074
105883 47901 1:0 107074
105883 47896 1:0 107075
105883 47900 1:0 107075
105883 47902 1:0 107139
105889 47903 1:0 107074
105891 47907 1:0 107074
105894 47906 1:0 107074
105910 47904 1:0 107074
105922 47905 1:0 107074
105922 47894 1:0 107075
105963 48191 1:0 107516
105971 48049 1:0 107360
105976 48048 1:0 107295
105976 48047 1:0 107296
105992 48052 1:0 107295
105993 48053 1:0 107295
106004 47159 21:0 106060
106042 48051 1:0 107295
106052 48054 1:0 107295
106059 47166 0:0 106074
106059 47169 21:0 106086
106060 47165 0:0 106077
106060 47160 0:0 106077
106061 48041 1:0 107296
106062 48042 1:0 107295
106062 48195 1:0 107516
106062 48194 1:0 107517
106064 48050 1:0 107295
106085 47172 0:0 106086
106085 47171 0:0 106086
106085 47170 0:0 106086
106085 47168 0:0 106086
106085 47167 0:0 106086
106087 48189 1:0 107516
106087 48200 1:0 107516
106087 48188 1:0 107517
106087 48197 1:0 107582
106094 48201 1:0 107516
106094 48196 1:0 107516
106095 48198 1:0 107516
106095 48199 1:0 107516
106095 48347 1:0 107822
106104 48342 1:0 107737
106104 48346 1:0 107737
106104 48345 1:0 107738
106104 48343 1:0 107738
106104 48341 1:0 107738
106104 48335 1:0 107738
106110 48344 1:0 107737
106112 48348 1:0 107737
106114 48336 1:0 107737
106130 48492 1:0 108033
106131 48495 1:0 107958
106143 48490 1:0 107959
106184 48483 1:0 107958
106184 48489 1:0 107958
106197 48491 1:0 107958
106213 48494 1:0 107958
106213 48493 1:0 107958
106214 48488 1:0 107959
106225 47306 21:0 106281
106255 47312 0:0 106263
106263 48486 1:0 107959
106263 48482 1:0 107959
106273 48637 1:0 108244
106282 48642 1:0 108179
106283 48636 1:0 108179
106283 48630 1:0 108179
106283 48635 1:0 108180
106283 48629 1:0 108180
106285 47318 21:0 106307
106306 47317 0:0 106307
106306 47314 0:0 106307
106306 47315 0:0 106307
106306 47319 0:0 106307
106306 47316 0:0 106307
106306 47307 0:0 106307
106306 47313 0:0 106307
106308 48638 1:0 108179
106308 48639 1:0 108179
106308 48641 1:0 108179
106315 48640 1:0 108179
106315 48788 1:0 108485
106316 94913 1:0 108396
106316 48789 1:0 108400
106325 48783 1:0 108400
106325 48785 1:0 108400
106325 48787 1:0 108400
106325 48782 1:0 108401
106325 48776 1:0 108401
106325 48784 1:0 108401
106331 48777 1:0 108400
106331 48786 1:0 108401
106331 48924 1:0 108621
106335 48932 1:0 108687
106351 48934 1:0 108621
106352 48929 1:0 108622
106352 48923 1:0 108622
106364 48930 1:0 108621
106364 48936 1:0 108621
106413 48931 1:0 108621
106418 55669 1:0 108780
106433 48933 1:0 108621
106434 48935 1:0 108621
106435 51256 1:0 108787
106484 52727 1:0 108819
106484 54198 1:0 108838
106484 49070 1:0 108867
106493 47464 21:0 106528
106494 298 1:0 108872
106494 49071 1:0 108868
106494 49077 1:0 108872
106504 49079 1:0 108872
106526 47462 0:0 106528
106526 47461 0:0 106528
106526 47465 0:0 106528
106527 47453 0:0 106528
106527 47457 0:0 106528
106527 47454 0:0 106528
106527 47460 0:0 106528
106527 47466 0:0 106528
106527 47459 0:0 106528
106527 47463 0:0 106528
106529 49785 1:0 108933
106529 49172 1:0 108968
106529 47457 1:0 106412
106529 49076 1:0 108873
106529 49078 1:0 108873
106529 49080 1:0 108917
106529 49081 1:0 108918
106529 49173 1:0 108969
106536 49082 1:0 108927
106536 49083 1:0 108928
106727 47612 21:0 106749
106748 47609 0:0 106749
106748 47600 0:0 106749
106748 47608 0:0 106749
106748 47601 0:0 106749
106748 47611 0:0 106749
106748 47613 0:0 106749
106748 47610 0:0 106749
106748 47607 0:0 106749
106748 47606 0:0 106749
106935 47758 21:0 106970
106968 47756 0:0 106970
106968 47759 0:0 106970
106968 47755 0:0 106970
106969 47760 0:0 106970
106969 47753 0:0 106970
106969 47747 0:0 106970
106969 47748 0:0 106970
106969 47757 0:0 106970
106969 47754 0:0 106970
107149 47902 21:0 107191
107189 47906 0:0 107191
107189 47904 0:0 107191
107190 47900 0:0 107191
107190 47894 0:0 107191
107190 47903 0:0 107191
107190 47895 0:0 107191
107190 47905 0:0 107191
107190 47907 0:0 107191
107190 47896 0:0 107191
107190 47901 0:0 107191
107370 48049 21:0 107412
107410 48053 0:0 107412
107411 48052 0:0 107412
107411 48050 0:0 107412
107411 48048 0:0 107412
107411 48051 0:0 107412
107411 48041 0:0 107412
107411 48054 0:0 107412
107411 48047 0:0 107412
107411 48042 0:0 107412
107588 48197 21:0 107633
107631 48200 0:0 107633
107631 48198 0:0 107633
107632 48195 0:0 107633
107632 48189 0:0 107633
107632 48196 0:0 107633
107632 48201 0:0 107633
107632 48194 0:0 107633
107632 48191 0:0 107633
107632 48199 0:0 107633
107632 48188 0:0 107633
107832 48347 21:0 107854
107852 48341 0:0 107854
107853 48346 0:0 107854
107853 48336 0:0 107854
107853 48348 0:0 107854
107853 48342 0:0 107854
107853 48344 0:0 107854
107853 48343 0:0 107854
107853 48335 0:0 107854
107853 48345 0:0 107854
108043 48492 21:0 108075
108073 48494 0:0 108075
108074 48489 0:0 108075
108074 48490 0:0 108075
108074 48486 0:0 108075
108074 48491 0:0 108075
108074 48495 0:0 108075
108074 48483 0:0 108075
108074 48488 0:0 108075
108074 48493 0:0 108075
108074 48482 0:0 108075
108254 48637 21:0 108296
108294 48641 0:0 108296
108295 48635 0:0 108296
108295 48630 0:0 108296
108295 48642 0:0 108296
108295 48638 0:0 108296
108295 48639 0:0 108296
108295 48629 0:0 108296
108295 48636 0:0 108296
108295 48640 0:0 108296
108495 48788 21:0 108517
108516 48785 0:0 108517
108516 48784 0:0 108517
108516 48777 0:0 108517
108516 48787 0:0 108517
108516 48783 0:0 108517
108516 48789 0:0 108517
108516 48776 0:0 108517
108516 48782 0:0 108517
108516 48786 0:0 108517
108693 48932 21:0 108738
108736 48935 0:0 108738
108736 48933 0:0 108738
108736 48931 0:0 108738
108737 48924 0:0 108738
108737 48929 0:0 108738
108737 48923 0:0 108738
108737 48930 0:0 108738
108737 48936 0:0 108738
108737 48934 0:0 108738
108934 49083 0:0 108957
108937 49082 0:0 108957
108956 49071 0:0 108957
108956 49080 0:0 108957
108956 49070 0:0 108957
108956 49081 0:0 108957
108956 49076 0:0 108957
108956 49077 0:0 108957
108956 49078 0:0 108958
108975 49173 21:0 119
