0 13812 21:0 66
65 13719 21:0 123
122 13723 21:0 139
138 13722 21:0 139
138 13720 21:0 144
143 13721 21:0 149
148 13718 21:0 149
1309 14393 21:0 1319
3286 298 21:0 3304
3506 15422 21:0 3514
3514 15425 21:0 3580
3663 15490 21:0 3680
3815 15556 21:0 3832
4563 15556 1:0 5740
4564 15490 1:0 6002
4564 15425 1:0 6256
4573 15422 1:0 6274
6789 16860 21:0 6797
7177 17028 21:0 7243
7250 17059 21:0 7267
7782 17291 21:0 7799
7922 17291 1:0 8051
7923 17059 1:0 8967
7932 17028 1:0 9091
7932 16860 1:0 9764
10072 18298 21:0 10080
10079 18299 21:0 10121
10761 18597 21:0 10778
11136 18760 21:0 11144
11281 18760 1:0 11420
11282 18597 1:0 12065
11291 18299 1:0 13243
11291 18298 1:0 13254
13436 19770 21:0 13453
13512 19803 21:0 13529
13740 19903 21:0 13757
14348 20166 21:0 14365
14640 20166 1:0 15030
14641 19903 1:0 16079
14650 19803 1:0 16471
14650 19770 1:0 16602
16795 21241 21:0 16812
16811 21240 21:0 16864
17094 21372 21:0 17102
17474 21537 21:0 17482
17999 21537 1:0 18793
18000 21372 1:0 19448
18009 21241 1:0 19961
18009 21240 1:0 19972
20233 22747 21:0 20299
20377 22810 21:0 20385
20385 22813 21:0 20451
20450 22812 21:0 20456
20455 22811 21:0 20461
20462 22811 1:0 22840
21358 22813 1:0 22920
21359 22812 1:0 22928
21368 22810 1:0 22938
21368 22747 1:0 23182
21374 11516 1:0 24819
23516 24185 21:0 23582
23665 24249 21:0 23682
23969 24382 21:0 23986
24192 24479 21:0 24200
24199 24480 21:0 24250
24727 11515 1:0 24898
24727 11665 1:0 24958
24728 11664 1:0 24961
24728 11663 1:0 24989
24728 11660 1:0 24989
24737 11662 1:0 25040
24737 11661 1:0 25110
24737 11809 1:0 25182
24737 11812 1:0 25210
24743 11807 1:0 25210
24745 11808 1:0 25261
24748 11810 1:0 25341
24764 11955 1:0 25400
24776 11959 1:0 25403
24817 11957 1:0 25431
24830 11956 1:0 25431
24846 11954 1:0 25482
24846 11953 1:0 25485
24847 11958 1:0 25571
24896 12104 1:0 25621
24906 12103 1:0 25624
24908 11515 21:0 24940
24939 11516 21:0 24943
24948 12105 1:0 25652
24948 12101 1:0 25652
24949 12106 1:0 25703
24949 12102 1:0 25773
24958 24480 1:0 25833
24958 12252 1:0 25836
24958 12253 1:0 25842
24964 12248 1:0 25845
24966 12249 1:0 25870
24966 12246 1:0 25870
24969 12250 1:0 25908
24984 12241 1:0 25924
24985 12251 1:0 26004
25038 24479 1:0 26054
25066 12399 1:0 26057
25067 12395 1:0 26063
25116 11661 21:0 25161
25117 12398 1:0 26066
25127 12397 1:0 26091
25137 12400 1:0 26129
25137 12387 1:0 26145
25160 11662 21:0 25164
25163 11660 21:0 25164
25163 11663 21:0 25172
25169 12396 1:0 26215
25169 12546 1:0 26284
25170 12543 1:0 26287
25170 12547 1:0 26315
25170 12544 1:0 26315
25170 12535 1:0 26350
25170 12540 1:0 26350
25171 11664 21:0 25175
25173 12541 1:0 26366
25174 11665 21:0 25175
25176 12545 1:0 26446
25176 12689 1:0 26505
25179 12692 1:0 26508
25179 12693 1:0 26536
25179 12681 1:0 26536
25179 12691 1:0 26587
25179 12688 1:0 26590
25185 12694 1:0 26677
25189 24382 1:0 26714
25205 12841 1:0 26720
25218 12837 1:0 26726
25259 12840 1:0 26729
25267 12836 1:0 26757
25272 12835 1:0 26754
25272 12829 1:0 26757
25288 12838 1:0 26808
25289 12839 1:0 26888
25338 12986 1:0 26941
25347 11810 21:0 25382
25348 12988 1:0 26947
25358 12984 1:0 26950
25381 11808 21:0 25385
25384 11812 21:0 25385
25384 11807 21:0 25393
25390 12975 1:0 26975
25390 12987 1:0 26975
25390 12981 1:0 26975
25390 12982 1:0 26978
25391 12985 1:0 27029
25391 12983 1:0 27098
25391 13135 1:0 27168
25392 11809 21:0 25396
25397 13131 1:0 27171
25400 13130 1:0 27181
25400 13132 1:0 27209
25400 13133 1:0 27253
25400 13123 1:0 27280
25400 13128 1:0 27309
25400 13278 1:0 27392
25406 13279 1:0 27402
25406 13269 1:0 27402
25408 13270 1:0 27402
25411 13281 1:0 27430
25426 13280 1:0 27474
25439 13282 1:0 27561
25493 24249 1:0 27597
25508 13429 1:0 27604
25509 13425 1:0 27610
25548 11953 21:0 25574
25559 13427 1:0 27613
25559 13423 1:0 27638
25569 13422 1:0 27638
25571 13426 1:0 27638
25579 13417 1:0 27641
25581 11958 21:0 25603
25602 11954 21:0 25606
25605 11957 21:0 25606
25605 11956 21:0 25614
25611 13428 1:0 27692
25611 13424 1:0 27761
25612 24185 1:0 27822
25612 13576 1:0 27825
25613 11959 21:0 25617
25615 13573 1:0 27831
25616 11955 21:0 25617
25618 13571 1:0 27834
25618 13569 1:0 27859
25618 13575 1:0 27862
25621 13563 1:0 27862
25621 13572 1:0 27913
25621 13574 1:0 27993
25621 13718 1:0 28046
25621 13710 1:0 28055
25621 13717 1:0 28083
25627 13721 1:0 28052
25629 13720 1:0 28055
25631 298 1:0 28080
25647 13722 1:0 28080
25660 13723 1:0 28134
25701 13719 1:0 28204
25701 14393 1:0 28236
25701 13812 1:0 28264
25779 12102 21:0 25824
25823 12106 21:0 25827
25826 12101 21:0 25827
25826 12105 21:0 25835
25834 12103 21:0 25838
25837 12104 21:0 25838
25960 12241 21:0 26006
26010 12251 21:0 26045
26044 12250 21:0 26048
26047 12246 21:0 26048
26047 12249 21:0 26053
26052 12248 21:0 26056
26055 12253 21:0 26059
26058 12252 21:0 26059
26221 12396 21:0 26266
26265 12387 21:0 26266
26265 12400 21:0 26269
26268 12397 21:0 26269
26268 12398 21:0 26277
26276 12395 21:0 26280
26279 12399 21:0 26280
26402 12535 21:0 26448
26452 12545 21:0 26487
26486 12540 21:0 26487
26486 12541 21:0 26487
26486 12544 21:0 26490
26489 12547 21:0 26498
26497 12543 21:0 26498
26497 12546 21:0 26501
26653 12688 21:0 26678
26683 12694 21:0 26708
26707 12691 21:0 26711
26710 12693 21:0 26711
26710 12681 21:0 26719
26718 12692 21:0 26719
26718 12689 21:0 26722
26844 12829 21:0 26890
26894 12839 21:0 26929
26928 12838 21:0 26932
26931 12836 21:0 26932
26931 12835 21:0 26937
26936 12840 21:0 26940
26939 12837 21:0 26943
26942 12841 21:0 26943
27108 12983 21:0 27150
27149 12985 21:0 27153
27152 12975 21:0 27153
27152 12982 21:0 27153
27152 12987 21:0 27161
27160 12984 21:0 27161
27160 12981 21:0 27164
27163 12988 21:0 27164
27163 12986 21:0 27170
27286 13123 21:0 27332
27336 13133 21:0 27371
27370 13132 21:0 27374
27373 13128 21:0 27374
27373 13130 21:0 27379
27378 13131 21:0 27382
27381 13135 21:0 27385
27507 13270 21:0 27553
27567 13282 21:0 27592
27591 13280 21:0 27595
27594 13281 21:0 27595
27594 13269 21:0 27603
27602 13279 21:0 27603
27602 13278 21:0 27606
27771 13424 21:0 27813
27812 13428 21:0 27816
27815 13417 21:0 27816
27815 13426 21:0 27816
27815 13427 21:0 27824
27823 13423 21:0 27824
27823 13422 21:0 27827
27826 13425 21:0 27827
27826 13429 21:0 27833
27952 13563 21:0 27996
27999 13574 21:0 28034
28033 13572 21:0 28037
28036 13575 21:0 28037
28036 13571 21:0 28045
28044 13573 21:0 28048
28047 13569 21:0 28048
28047 13576 21:0 28048
28200 13717 21:0 28225
28224 13710 21:0 28272
