50 8778 21:0 87
86 8781 21:0 92
91 8780 21:0 103
102 8782 21:0 103
102 8783 21:0 103
102 8776 21:0 103
102 8873 21:0 105
104 8784 21:0 105
104 8786 21:0 105
104 8785 21:0 105
104 8787 21:0 105
105 8929 21:0 113
112 8872 21:0 113
112 8772 21:0 113
112 8773 21:0 113
112 337 21:0 113
112 8775 21:0 113
112 8770 21:0 113
112 8777 21:0 113
112 8771 21:0 113
113 8932 21:0 179
178 8940 21:0 179
181 8962 21:0 189
189 8965 21:0 255
254 8980 21:0 255
254 8982 21:0 257
257 8995 21:0 265
264 8964 21:0 315
314 8963 21:0 331
330 8930 21:0 341
340 9029 21:0 391
390 9031 21:0 407
406 8997 21:0 417
416 8996 21:0 453
452 9061 21:0 483
482 9062 21:0 488
487 9028 21:0 507
506 9064 21:0 559
558 8998 21:0 564
563 9094 21:0 583
582 9096 21:0 635
634 9130 21:0 640
639 9160 21:0 659
658 9030 21:0 711
710 9163 21:0 716
715 137 21:0 718
718 9194 21:0 739
738 9196 21:0 787
786 8931 21:0 792
791 9204 21:0 797
796 9099 21:0 797
796 9039 21:0 797
797 9229 21:0 863
862 9209 21:0 863
865 9259 21:0 873
872 9127 21:0 923
922 9097 21:0 939
938 9129 21:0 949
948 9260 21:0 971
970 9128 21:0 1015
1014 9227 21:0 1025
1024 9162 21:0 1043
1042 9063 21:0 1091
1090 9262 21:0 1096
1095 9095 21:0 1115
1114 9161 21:0 1167
1166 9226 21:0 1172
1171 9295 21:0 1191
1190 9228 21:0 1243
1242 9261 21:0 1248
1247 9328 21:0 1267
1266 9326 21:0 1319
1318 9293 21:0 1324
1323 9359 21:0 1329
1328 9358 21:0 1395
1394 9361 21:0 1400
1399 9195 21:0 1405
1404 9360 21:0 1456
1455 9193 21:0 1459
1457 9360 1:0 1864
1458 9327 21:0 1469
1463 9361 1:0 1942
1464 9359 1:0 1948
1464 9358 1:0 1958
1468 9292 21:0 1474
1470 9327 1:0 1986
1472 9328 1:0 2064
1472 9326 1:0 2070
1473 9325 21:0 1477
1475 9295 1:0 2186
1476 9294 21:0 1554
1478 9325 1:0 2080
1482 9293 1:0 2192
1508 9292 1:0 2202
1553 9503 21:0 1578
1555 9294 1:0 2108
1577 9531 21:0 1578
1577 9534 21:0 1578
1577 9505 21:0 1578
1584 9584 21:0 1588
1585 9261 1:0 2230
1586 9262 1:0 2308
1594 9588 21:0 1596
1594 9260 1:0 2314
1594 9259 1:0 2324
1600 9228 1:0 2352
1603 9591 21:0 1625
1618 9229 1:0 2430
1619 9209 1:0 2474
1706 9641 21:0 1710
1707 9227 1:0 2436
1708 9226 1:0 2446
1708 9195 1:0 2474
1716 9645 21:0 1718
1716 9204 1:0 2474
1716 9196 1:0 2552
1722 9194 1:0 2558
1725 9648 21:0 1747
1740 9193 1:0 2568
1828 9698 21:0 1832
1829 9161 1:0 2596
1830 9163 1:0 2674
1830 9162 1:0 2681
1838 9702 21:0 1840
1838 9160 1:0 2690
1838 137 1:0 2692
1844 9128 1:0 2718
1847 9705 21:0 1869
1862 9130 1:0 2796
1950 9755 21:0 1954
1951 9129 1:0 2803
1952 9127 1:0 2812
1952 9095 1:0 2840
1960 9759 21:0 1962
1960 9099 1:0 2840
1960 9097 1:0 2918
1966 9096 1:0 2925
1969 9762 21:0 1991
1984 9094 1:0 2934
2072 9812 21:0 2076
2073 9063 1:0 2962
2074 9064 1:0 3040
2074 9062 1:0 3046
2082 9816 21:0 2084
2082 9061 1:0 3056
2082 9030 1:0 3084
2085 9039 1:0 3084
2091 9819 21:0 2113
2092 9031 1:0 3162
2194 9869 21:0 2198
2195 9029 1:0 3168
2196 9028 1:0 3178
2196 8998 1:0 3206
2204 9873 21:0 2206
2204 8996 1:0 3284
2204 8997 1:0 3291
2210 8995 1:0 3300
2213 9876 21:0 2235
2214 8980 1:0 3328
2228 8982 1:0 3328
2316 9926 21:0 2320
2317 8963 1:0 3328
2318 8965 1:0 3406
2318 8964 1:0 3413
2326 9930 21:0 2328
2326 8962 1:0 3422
2329 8931 1:0 3450
2332 8940 1:0 3450
2335 9933 21:0 2357
2350 8932 1:0 3528
2351 9531 1:0 5082
2351 335 1:0 3648
2438 9983 21:0 2442
2439 8930 1:0 3534
2440 8929 1:0 3544
2440 9534 1:0 5092
2440 9584 1:0 5202
2440 9588 1:0 5213
2448 9987 21:0 2450
2457 9990 21:0 2479
2560 10040 21:0 2564
2570 10044 21:0 2572
2579 10047 21:0 2601
2682 10097 21:0 2686
2692 10101 21:0 2694
2701 10104 21:0 2723
2804 10154 21:0 2808
2814 10158 21:0 2816
2823 10161 21:0 2845
2926 10211 21:0 2930
2936 10215 21:0 2938
2945 10218 21:0 2967
3048 10268 21:0 3052
3058 10272 21:0 3060
3067 10275 21:0 3089
3170 10325 21:0 3174
3180 10329 21:0 3182
3189 10332 21:0 3211
3292 10382 21:0 3296
3302 10386 21:0 3304
3311 10389 21:0 3333
3414 10439 21:0 3418
3424 10443 21:0 3426
3433 10446 21:0 3455
3536 10496 21:0 3540
3546 10500 21:0 3548
3555 10503 21:0 3577
3646 334 21:0 3664
3663 10558 21:0 3696
3701 10567 21:0 3712
3711 10578 21:0 3712
3711 10563 21:0 3712
3714 10580 21:0 3722
3721 10581 21:0 3772
3771 10582 21:0 3788
3787 10583 21:0 3798
3797 10613 21:0 3848
3847 10614 21:0 3864
3863 10615 21:0 3874
3873 10616 21:0 3924
3923 10646 21:0 3940
3939 10647 21:0 3950
3949 10648 21:0 4000
3999 10649 21:0 4016
4015 10679 21:0 4021
4020 10680 21:0 4040
4039 10681 21:0 4092
4091 10682 21:0 4097
4096 10714 21:0 4116
4115 10713 21:0 4168
4167 10712 21:0 4173
4172 10715 21:0 4178
4177 10745 21:0 4244
4243 10746 21:0 4249
4248 10747 21:0 4254
4253 10781 21:0 4320
4319 10811 21:0 4325
4324 10780 21:0 4330
4329 10779 21:0 4396
4395 10748 21:0 4401
4400 10778 21:0 4406
4405 10813 21:0 4461
4460 10812 21:0 4477
4476 10814 21:0 4482
4481 10844 21:0 4537
4536 10847 21:0 4553
4552 10911 21:0 4558
4557 10878 21:0 4608
4607 10846 21:0 4624
4623 10879 21:0 4634
4633 10845 21:0 4684
4683 10880 21:0 4700
4699 10946 21:0 4710
4709 10910 21:0 4760
4759 10913 21:0 4776
4775 10877 21:0 4786
4785 10912 21:0 4804
4803 10976 21:0 4852
4851 10943 21:0 4857
4856 10945 21:0 4876
4875 10944 21:0 4928
4927 10978 21:0 4933
4932 10977 21:0 4952
4951 10979 21:0 5004
5003 11010 21:0 5009
5008 11012 21:0 5014
5013 11009 21:0 5067
5066 11011 21:0 5078
5075 9591 1:0 5223
5075 9641 1:0 5333
5075 9645 1:0 5344
5075 9648 1:0 5354
5076 9698 1:0 5464
5076 9702 1:0 5475
5076 9705 1:0 5485
5076 9755 1:0 5595
5076 9759 1:0 5606
5077 11042 21:0 5081
5079 11011 1:0 5506
5080 11044 21:0 5087
5082 11042 1:0 5476
5085 11012 1:0 5589
5085 11010 1:0 5596
5086 11043 21:0 5112
5088 11044 1:0 5466
5091 11009 1:0 5607
5111 11045 21:0 5193
5112 10979 1:0 5637
5113 11043 1:0 5458
5124 9762 1:0 5616
5192 11075 21:0 5201
5194 11045 1:0 5375
5200 11077 21:0 5209
5202 11075 1:0 5345
5206 10977 1:0 5720
5207 9812 1:0 5726
5207 10978 1:0 5728
5207 9816 1:0 5737
5208 10559 21:0 5212
5210 11077 1:0 5335
5211 9534 21:0 5212
5211 11154 21:0 5212
5211 9584 21:0 5212
5211 11156 21:0 5212
5213 10976 1:0 5738
5215 9588 21:0 5218
5216 9819 1:0 5747
5216 10944 1:0 5768
5216 9869 1:0 5857
5217 9527 21:0 5218
5217 9531 21:0 5221
5219 10946 1:0 5851
5222 10945 1:0 5859
5225 9591 21:0 5249
5243 10943 1:0 5869
5250 9873 1:0 5868
5255 9876 1:0 5878
5335 9641 21:0 5340
5337 10912 1:0 5899
5338 10913 1:0 5982
5338 9926 1:0 5988
5338 9930 1:0 5999
5338 9933 1:0 6009
5346 9645 21:0 5349
5347 10911 1:0 5989
5347 10910 1:0 6000
5353 10880 1:0 6030
5356 9648 21:0 5380
5374 10879 1:0 6113
5381 9983 1:0 6119
5386 9987 1:0 6130
5466 9698 21:0 5471
5468 10878 1:0 6120
5469 10877 1:0 6131
5469 9990 1:0 6140
5469 10040 1:0 6250
5477 9702 21:0 5480
5478 10845 1:0 6161
5478 10847 1:0 6244
5484 10846 1:0 6252
5487 9705 21:0 5511
5504 10844 1:0 6262
5505 10044 1:0 6261
5512 10047 1:0 6271
5597 9755 21:0 5602
5599 10814 1:0 6292
5600 10812 1:0 6375
5600 10813 1:0 6383
5608 9759 21:0 5611
5609 10097 1:0 6381
5609 10101 1:0 6392
5609 10811 1:0 6393
5609 10104 1:0 6402
5615 10779 1:0 6423
5618 9762 21:0 5642
5635 10781 1:0 6506
5636 10154 1:0 6512
5643 10158 1:0 6523
5728 9812 21:0 5733
5730 10780 1:0 6514
5731 10778 1:0 6524
5731 10748 1:0 6554
5739 9816 21:0 5742
5740 10161 1:0 6533
5740 10747 1:0 6637
5743 10746 1:0 6644
5746 10211 1:0 6643
5749 9819 21:0 5773
5751 10745 1:0 6655
5766 10215 1:0 6654
5767 10218 1:0 6664
5774 10268 1:0 6774
5859 9869 21:0 5864
5861 10715 1:0 6685
5862 10713 1:0 6768
5862 10714 1:0 6776
5870 9873 21:0 5873
5871 10272 1:0 6785
5871 10712 1:0 6786
5874 10682 1:0 6816
5877 10275 1:0 6795
5880 9876 21:0 5904
5882 10681 1:0 6899
5910 10680 1:0 6906
5990 9926 21:0 5995
5992 10325 1:0 6905
5992 10329 1:0 6916
5992 10332 1:0 6926
5993 10679 1:0 6917
5993 10649 1:0 6947
6001 9930 21:0 6004
6002 10648 1:0 7030
6002 10647 1:0 7037
6005 10382 1:0 7036
6010 10646 1:0 7048
6011 9933 21:0 6035
6013 10386 1:0 7047
6041 10616 1:0 7078
6121 9983 21:0 6126
6123 10389 1:0 7057
6123 10439 1:0 7167
6123 10443 1:0 7178
6124 10615 1:0 7161
6124 10614 1:0 7168
6132 9987 21:0 6135
6133 10613 1:0 7179
6133 10583 1:0 7209
6136 10446 1:0 7188
6141 10582 1:0 7292
6142 9990 21:0 6166
6167 10581 1:0 7299
6172 10496 1:0 7298
6252 10040 21:0 6257
6254 10580 1:0 7310
6255 10500 1:0 7309
6255 10503 1:0 7315
6255 10578 1:0 7320
6255 10567 1:0 7340
6255 10559 1:0 7340
6255 10563 1:0 7349
6255 10558 1:0 7394
6263 10044 21:0 6266
6264 9527 1:0 8844
6264 9531 1:0 8855
6264 9534 1:0 8865
6264 9584 1:0 8975
6264 336 1:0 7421
6273 10047 21:0 6297
6383 10097 21:0 6388
6394 10101 21:0 6397
6404 10104 21:0 6428
6514 10154 21:0 6519
6525 10158 21:0 6528
6535 10161 21:0 6559
6645 10211 21:0 6650
6656 10215 21:0 6659
6666 10218 21:0 6690
6776 10268 21:0 6781
6787 10272 21:0 6790
6797 10275 21:0 6821
6907 10325 21:0 6912
6918 10329 21:0 6921
6928 10332 21:0 6952
7038 10382 21:0 7043
7049 10386 21:0 7052
7059 10389 21:0 7083
7169 10439 21:0 7174
7180 10443 21:0 7183
7190 10446 21:0 7214
7300 10496 21:0 7305
7311 10500 21:0 7314
7321 10503 21:0 7345
7419 335 21:0 7437
7436 12209 21:0 7469
7469 12216 21:0 7485
7484 336 21:0 7485
7484 12210 21:0 7485
7484 12214 21:0 7490
7489 12217 21:0 7490
7489 12229 21:0 7490
7492 12232 21:0 7513
7512 12233 21:0 7561
7560 12231 21:0 7566
7568 12265 21:0 7589
7588 12266 21:0 7637
7636 12264 21:0 7642
7641 12234 21:0 7661
7660 12267 21:0 7713
7712 12297 21:0 7718
7717 12298 21:0 7737
7736 12299 21:0 7789
7788 12300 21:0 7794
7793 12330 21:0 7799
7798 12331 21:0 7865
7864 12332 21:0 7870
7869 12333 21:0 7875
7874 12396 21:0 7930
7929 12363 21:0 7946
7945 12366 21:0 7951
7950 12365 21:0 8006
8005 12364 21:0 8022
8021 12398 21:0 8027
8026 12397 21:0 8082
8081 12462 21:0 8098
8097 12430 21:0 8103
8102 12429 21:0 8153
8152 12399 21:0 8169
8168 12432 21:0 8179
8178 12431 21:0 8229
8228 12463 21:0 8245
8244 12464 21:0 8255
8254 12528 21:0 8270
8269 12530 21:0 8321
8320 12529 21:0 8326
8325 12561 21:0 8345
8344 12495 21:0 8397
8396 12531 21:0 8402
8401 12465 21:0 8421
8420 12496 21:0 8473
8472 12497 21:0 8478
8477 12498 21:0 8483
8482 12562 21:0 8549
8548 12563 21:0 8554
8553 12596 21:0 8559
8558 12630 21:0 8625
8624 12594 21:0 8630
8629 12595 21:0 8635
8634 12629 21:0 8690
8689 12627 21:0 8706
8705 12628 21:0 8711
8710 12597 21:0 8766
8765 12564 21:0 8782
8781 12660 21:0 8787
8786 12663 21:0 8840
8836 9588 1:0 8986
8837 9591 1:0 8996
8837 9641 1:0 9106
8839 12662 21:0 8843
8841 9645 1:0 9117
8842 12661 21:0 8851
8848 9648 1:0 9127
8848 9698 1:0 9237
8848 9702 1:0 9248
8848 9705 1:0 9258
8849 12663 1:0 9362
8849 9755 1:0 9368
8849 9759 1:0 9379
8850 12693 21:0 8860
8852 12661 1:0 9279
8858 12662 1:0 9370
8858 12660 1:0 9380
8859 12694 21:0 8863
8861 12693 1:0 9249
8862 12695 21:0 8935
8864 12694 1:0 9238
8866 12628 1:0 9410
8869 9762 1:0 9389
8884 9812 1:0 9499
8885 9816 1:0 9510
8934 12696 21:0 8971
8936 12695 1:0 9231
8970 12726 21:0 8982
8972 12696 1:0 9148
8979 12630 1:0 9493
8980 12629 1:0 9501
8980 12627 1:0 9511
8981 11 21:0 8982
8981 9511 21:0 8982
8981 12805 21:0 8982
8981 327 21:0 8982
8981 9515 21:0 8982
8981 12807 21:0 8982
8981 9539 21:0 8982
8981 9563 21:0 8982
8981 9561 21:0 8982
8981 9570 21:0 8982
8981 9566 21:0 8982
8981 9552 21:0 8982
8981 8901 21:0 8982
8981 329 21:0 8982
8981 9527 21:0 8985
8983 12726 1:0 9118
8984 9531 21:0 8985
8984 9534 21:0 8985
8984 319 21:0 8991
8986 12597 1:0 9541
8989 9819 1:0 9520
8989 12595 1:0 9624
8989 9869 1:0 9630
8990 9584 21:0 8991
8992 12596 1:0 9632
8997 12594 1:0 9642
9000 9873 1:0 9641
9003 9596 21:0 9004
9004 9591 21:0 9022
9015 9876 1:0 9651
9025 9609 21:0 9057
9028 12564 1:0 9672
9060 9618 21:0 9063
9070 9620 21:0 9073
9080 9623 21:0 9102
9101 9627 21:0 9102
9108 9641 21:0 9113
9110 12563 1:0 9755
9111 9926 1:0 9761
9111 12562 1:0 9762
9111 9930 1:0 9772
9111 9933 1:0 9782
9119 9645 21:0 9122
9120 12561 1:0 9773
9120 12531 1:0 9803
9126 12529 1:0 9886
9128 9983 1:0 9892
9129 9648 21:0 9153
9147 12530 1:0 9894
9152 9653 21:0 9153
9156 9666 21:0 9188
9159 9987 1:0 9903
9159 9990 1:0 9913
9191 9675 21:0 9194
9201 9677 21:0 9204
9211 9680 21:0 9233
9232 9684 21:0 9233
9239 9698 21:0 9244
9241 12528 1:0 9904
9242 12498 1:0 9934
9242 10040 1:0 10023
9242 10044 1:0 10034
9250 9702 21:0 9253
9251 12497 1:0 10017
9251 12496 1:0 10024
9257 12495 1:0 10035
9260 9705 21:0 9284
9277 12465 1:0 10065
9278 10047 1:0 10044
9283 9710 21:0 9284
9285 10097 1:0 10154
9287 9723 21:0 9319
9322 9732 21:0 9325
9332 9734 21:0 9335
9342 9737 21:0 9364
9363 9741 21:0 9364
9370 9755 21:0 9375
9372 12464 1:0 10148
9373 12463 1:0 10155
9373 12462 1:0 10166
9381 9759 21:0 9384
9382 10101 1:0 10165
9382 10104 1:0 10175
9382 12431 1:0 10196
9388 12432 1:0 10279
9391 9762 21:0 9391
9393 12430 1:0 10286
9396 9767 21:0 9397
9408 10154 1:0 10285
9409 10158 1:0 10296
9418 9780 21:0 9450
9421 10161 1:0 10306
9453 9789 21:0 9456
9463 9791 21:0 9466
9473 9794 21:0 9495
9494 9798 21:0 9495
9501 9812 21:0 9506
9503 12429 1:0 10297
9504 12399 1:0 10327
9504 12397 1:0 10410
9512 9816 21:0 9515
9513 10211 1:0 10416
9513 12398 1:0 10418
9516 12396 1:0 10428
9519 10215 1:0 10427
9524 12364 1:0 10458
9527 9824 21:0 9528
9528 9819 21:0 9546
9539 10218 1:0 10437
9549 9837 21:0 9581
9552 12366 1:0 10541
9584 9846 21:0 9587
9594 9848 21:0 9597
9604 9851 21:0 9626
9625 9855 21:0 9626
9632 9869 21:0 9637
9634 12365 1:0 10549
9635 10268 1:0 10547
9635 10272 1:0 10558
9635 12363 1:0 10559
9635 10275 1:0 10568
9643 9873 21:0 9646
9644 12333 1:0 10589
9644 12332 1:0 10672
9650 12331 1:0 10679
9652 10325 1:0 10678
9653 9876 21:0 9677
9676 9881 21:0 9677
9678 12330 1:0 10690
9680 9894 21:0 9712
9683 10329 1:0 10689
9715 9903 21:0 9718
9725 9905 21:0 9728
9735 9908 21:0 9757
9756 9912 21:0 9757
9763 9926 21:0 9768
9765 12300 1:0 10720
9766 10332 1:0 10699
9766 12299 1:0 10803
9766 10382 1:0 10809
9766 10386 1:0 10820
9774 9930 21:0 9777
9775 12298 1:0 10810
9775 12297 1:0 10821
9781 12267 1:0 10851
9783 10389 1:0 10830
9789 9938 21:0 9790
9790 9933 21:0 9808
9802 12266 1:0 10934
9811 9951 21:0 9843
9814 10439 1:0 10940
9814 10446 1:0 10945
9846 9960 21:0 9849
9856 9962 21:0 9859
9866 9965 21:0 9888
9887 9969 21:0 9888
9894 9983 21:0 9899
9896 12265 1:0 10941
9897 10443 1:0 10951
9897 12264 1:0 10952
9897 11 1:0 10982
9897 12229 1:0 10982
9905 9987 21:0 9908
9906 12234 1:0 10982
9906 12233 1:0 11065
9912 12232 1:0 11072
9914 10496 1:0 11071
9920 9995 21:0 9921
9921 9990 21:0 9939
9933 12231 1:0 11083
9942 10008 21:0 9974
9945 10500 1:0 11082
9945 12209 1:0 11088
9977 10017 21:0 9980
9987 10019 21:0 9990
9997 10022 21:0 10019
10018 10026 21:0 10019
10025 10040 21:0 10025
10027 10503 1:0 11088
10027 12210 1:0 11113
10027 12217 1:0 11113
10027 12214 1:0 11113
10028 12216 1:0 11122
10028 336 1:0 11167
10028 9930 1:0 12406
10028 9584 1:0 12406
10028 9698 1:0 12406
10028 337 1:0 11194
10036 10044 21:0 10039
10037 319 1:0 12420
10037 9819 1:0 12420
10037 9531 1:0 12420
10037 9534 1:0 12472
10037 9987 1:0 12477
10037 9527 1:0 12482
10037 9933 1:0 12482
10037 9990 1:0 12496
10040 10044 1:0 12477
10043 9869 1:0 12496
10043 9591 1:0 12532
10043 6277 1:0 12548
10051 10052 21:0 10052
10052 10047 21:0 10070
10071 10047 1:0 12482
10073 10065 21:0 10105
10108 10074 21:0 10111
10118 10076 21:0 10121
10128 10079 21:0 10150
10149 10083 21:0 10150
10156 10097 21:0 10161
10167 10101 21:0 10170
10177 10104 21:0 10201
10200 10109 21:0 10201
10204 10122 21:0 10236
10239 10131 21:0 10242
10249 10133 21:0 10252
10259 10136 21:0 10281
10280 10140 21:0 10281
10287 10154 21:0 10292
10298 10158 21:0 10301
10302 10158 1:0 12477
10308 10161 21:0 10332
10331 10166 21:0 10332
10335 10179 21:0 10367
10370 10188 21:0 10373
10380 10190 21:0 10383
10390 10193 21:0 10412
10411 10197 21:0 10412
10418 10211 21:0 10423
10429 10215 21:0 10432
10433 10215 1:0 12548
10439 10218 21:0 10463
10462 10223 21:0 10463
10466 10236 21:0 10498
10501 10245 21:0 10504
10511 10247 21:0 10514
10521 10250 21:0 10543
10542 10254 21:0 10543
10549 10268 21:0 10554
10560 10272 21:0 10563
10564 10272 1:0 12496
10570 10275 21:0 10594
10593 10280 21:0 10594
10597 10293 21:0 10629
10632 10302 21:0 10635
10642 10304 21:0 10645
10652 10307 21:0 10674
10673 10311 21:0 10674
10680 10325 21:0 10685
10691 10329 21:0 10694
10701 10332 21:0 10725
10724 10337 21:0 10725
10728 10350 21:0 10760
10763 10359 21:0 10766
10773 10361 21:0 10776
10783 10364 21:0 10805
10804 10368 21:0 10805
10811 10382 21:0 10816
10817 10382 1:0 12553
10822 10386 21:0 10825
10837 10394 21:0 10838
10838 10389 21:0 10856
10857 10389 1:0 12456
10859 10407 21:0 10891
10894 10416 21:0 10897
10904 10418 21:0 10907
10914 10421 21:0 10936
10935 10425 21:0 10936
10942 10439 21:0 10947
10948 10439 1:0 12553
10953 10443 21:0 10956
10968 10451 21:0 10969
10990 10464 21:0 11022
11025 10473 21:0 11028
11035 10475 21:0 11038
11045 10478 21:0 11067
11066 10482 21:0 11067
11073 10496 21:0 11078
11084 10500 21:0 11087
11088 10500 1:0 12553
11094 10503 21:0 11118
11117 10508 21:0 11118
11121 10521 21:0 11153
11156 10530 21:0 11159
11166 10532 21:0 11169
11181 10539 21:0 11182
11192 336 21:0 11210
11209 13860 21:0 11242
11214 13861 21:0 11214
11241 5 21:0 11242
11241 13859 21:0 11242
11241 17 21:0 11242
11241 7 21:0 11242
11242 13868 21:0 11258
11255 13880 21:0 11255
11257 3 21:0 11258
11257 9 21:0 11258
11257 13870 21:0 11258
11257 10535 21:0 11258
11257 19 21:0 11258
11257 13865 21:0 11258
11257 13879 21:0 11258
11257 13869 21:0 11258
11258 11 21:0 11258
11260 13882 21:0 11268
11263 13881 21:0 11263
11267 13867 21:0 11268
11267 15 21:0 11268
11268 13885 21:0 11334
11279 13893 21:0 11279
11290 13894 21:0 11290
11325 13887 21:0 11325
11333 13901 21:0 11334
11333 13913 21:0 11336
11335 13892 21:0 11336
11335 13912 21:0 11336
11335 35 21:0 11336
11335 37 21:0 11336
11335 13903 21:0 11336
11336 13915 21:0 11344
11339 33 21:0 11339
11343 13916 21:0 11394
11344 31 21:0 11344
11393 13884 21:0 11410
11399 13935 21:0 11399
11401 13920 21:0 11401
11409 13883 21:0 11420
11410 47 21:0 11410
11419 13917 21:0 11470
11469 13918 21:0 11486
11485 13948 21:0 11496
11495 13949 21:0 11546
11496 67 21:0 11496
11498 13973 21:0 11498
11507 13992 21:0 11507
11545 13950 21:0 11562
11551 14001 21:0 11551
11561 13951 21:0 11567
11566 13968 21:0 11572
11571 61 21:0 11572
11571 59 21:0 11572
11571 13945 21:0 11572
11571 13925 21:0 11572
11571 13978 21:0 11572
11571 13936 21:0 11572
11571 13991 21:0 11572
11571 89 21:0 11572
11571 14002 21:0 11572
11571 13958 21:0 11572
11571 55 21:0 11572
11571 21 21:0 11572
11571 73 21:0 11572
11571 53 21:0 11572
11571 87 21:0 11572
11571 13969 21:0 11572
11571 71 21:0 11572
11571 14012 21:0 11572
11571 14011 21:0 11572
11571 91 21:0 11572
11572 14017 21:0 11638
11622 14030 21:0 11622
11635 14045 21:0 11635
11637 14015 21:0 11643
11642 13984 21:0 11648
11643 105 21:0 11643
11643 14046 21:0 11643
11647 13981 21:0 11714
11698 14065 21:0 11698
11698 14066 21:0 11698
11703 14067 21:0 11703
11711 14078 21:0 11711
11713 13983 21:0 11719
11718 14016 21:0 11724
11719 14079 21:0 11719
11723 14014 21:0 11779
11778 13982 21:0 11795
11779 14100 21:0 11779
11794 14047 21:0 11800
11799 14049 21:0 11855
11802 14105 21:0 11802
11811 14124 21:0 11811
11822 14125 21:0 11822
11850 14129 21:0 11850
11850 14131 21:0 11850
11854 14048 21:0 11871
11857 14118 21:0 11857
11870 14058 21:0 11871
11870 129 21:0 11871
11870 14096 21:0 11871
11870 147 21:0 11873
11872 125 21:0 11873
11872 109 21:0 11873
11872 143 21:0 11873
11872 14101 21:0 11873
11872 127 21:0 11873
11872 14068 21:0 11873
11872 161 21:0 11873
11872 14134 21:0 11873
11872 14057 21:0 11873
11872 14110 21:0 11873
11872 14077 21:0 11873
11872 14143 21:0 11873
11872 145 21:0 11873
11872 14090 21:0 11873
11872 14024 21:0 11873
11872 14123 21:0 11873
11872 14044 21:0 11873
11872 14035 21:0 11873
11872 163 21:0 11873
11872 107 21:0 11873
11873 14147 21:0 11890
11876 157 21:0 11876
11889 14114 21:0 11942
11926 14165 21:0 11926
11931 14166 21:0 11931
11933 14151 21:0 11933
11939 14177 21:0 11939
11941 14082 21:0 11947
11946 14146 21:0 11966
11952 175 21:0 11952
11965 14081 21:0 12018
12002 14195 21:0 12002
12017 14148 21:0 12023
12022 14080 21:0 12028
12023 14211 21:0 12023
12023 195 21:0 12023
12027 14115 21:0 12094
12028 193 21:0 12028
12030 14204 21:0 12030
12083 14232 21:0 12083
12085 14217 21:0 12085
12091 14243 21:0 12091
12093 14050 21:0 12099
12098 14116 21:0 12104
12103 14083 21:0 12170
12106 14237 21:0 12106
12115 14256 21:0 12115
12154 14261 21:0 12154
12161 14250 21:0 12161
12169 14113 21:0 12175
12170 227 21:0 12170
12174 14149 21:0 12180
12177 14280 21:0 12177
12177 14279 21:0 12177
12179 14215 21:0 12235
12180 14281 21:0 12180
12191 14289 21:0 12191
12230 14297 21:0 12230
12230 14294 21:0 12230
12230 14296 21:0 12230
12234 14247 21:0 12251
12246 245 21:0 12246
12248 14311 21:0 12248
12250 14248 21:0 12256
12253 14313 21:0 12253
12253 14312 21:0 12253
12255 14213 21:0 12311
12256 14314 21:0 12256
12278 14323 21:0 12278
12306 14327 21:0 12306
12306 14330 21:0 12306
12310 14245 21:0 12327
12311 14331 21:0 12311
12313 14316 21:0 12313
12324 14344 21:0 12324
12326 14181 21:0 12332
12327 14343 21:0 12327
12329 14345 21:0 12329
12329 14346 21:0 12329
12331 14179 21:0 12382
12332 265 21:0 12332
12332 14347 21:0 12332
12334 14336 21:0 12334
12354 14356 21:0 12354
12381 14278 21:0 12398
12382 14362 21:0 12382
12382 14363 21:0 12382
12382 14360 21:0 12382
12389 14349 21:0 12389
12397 14246 21:0 12408
12398 281 21:0 12398
12400 14377 21:0 12400
12403 285 21:0 12403
12405 14379 21:0 12405
12405 14378 21:0 12405
12407 14180 21:0 12430
12408 14380 21:0 12408
12410 14369 21:0 12410
12419 14388 21:0 12419
12429 14214 21:0 12474
12458 14393 21:0 12458
12458 14396 21:0 12458
12473 14182 21:0 12479
12476 14410 21:0 12476
12478 14212 21:0 12498
12479 14409 21:0 12479
12481 14411 21:0 12481
12481 14412 21:0 12481
12484 14413 21:0 12484
12497 14072 21:0 12534
12533 101 21:0 12539
12538 155 21:0 12550
12549 85 21:0 12550
12549 14019 21:0 12550
12549 14085 21:0 12555
12552 14443 21:0 12552
12554 13997 21:0 12555
12554 13953 21:0 12555
12554 10275 1:0 12558
12554 10161 1:0 12558
12554 9702 1:0 12558
12554 13907 21:0 12560
12557 14444 21:0 12557
12557 14445 21:0 12557
12559 14013 21:0 12560
12559 65 21:0 12560
12559 329 1:0 12571
12559 13940 21:0 12575
12559 9648 1:0 12579
12559 9876 1:0 12579
12559 9641 1:0 12579
12568 327 1:0 12568
12574 8901 1:0 12577
12574 9511 1:0 12579
12574 51 21:0 12590
12574 6278 1:0 12579
12579 9515 1:0 12579
12579 6204 1:0 12579
12579 6205 1:0 12579
12580 14212 1:0 12624
12589 14456 21:0 12623
12622 99 21:0 12623
12622 187 21:0 12623
12622 329 21:0 12623
12622 113 21:0 12623
12622 75 21:0 12623
12622 295 21:0 12623
12622 169 21:0 12623
12622 279 21:0 12623
12622 117 21:0 12623
12622 225 21:0 12623
12622 203 21:0 12623
12622 149 21:0 12623
12622 135 21:0 12623
12622 255 21:0 12623
12622 9511 21:0 12623
12622 183 21:0 12626
12625 14275 21:0 12626
12625 14288 21:0 12626
12625 14341 21:0 12626
12625 14176 21:0 12626
12625 14209 21:0 12626
12625 14420 21:0 12626
12625 14440 21:0 12626
12625 179 21:0 12626
12625 277 21:0 12626
12625 77 21:0 12626
12625 289 21:0 12626
12625 185 21:0 12626
12625 25 21:0 12626
12625 14332 21:0 12626
12625 43 21:0 12626
12625 95 21:0 12626
12625 223 21:0 12626
12625 111 21:0 12626
12625 205 21:0 12626
12625 151 21:0 12626
12625 201 21:0 12626
12625 6204 21:0 12626
12625 6205 21:0 12626
12625 63 21:0 12626
12625 165 21:0 12626
12625 221 21:0 12626
12625 259 21:0 12626
12625 14431 21:0 12626
12625 311 21:0 12626
12625 14233 21:0 12626
12625 287 21:0 12626
12625 215 21:0 12626
12625 241 21:0 12626
12625 217 21:0 12626
12625 14266 21:0 12626
12625 167 21:0 12626
12625 253 21:0 12626
12625 305 21:0 12626
12625 323 21:0 12626
12625 14200 21:0 12626
12625 133 21:0 12626
12625 325 21:0 12626
12625 275 21:0 12626
12625 131 21:0 12626
12625 14167 21:0 12626
12625 14299 21:0 12626
12625 97 21:0 12626
12625 14365 21:0 12626
12625 14458 21:0 12626
12625 257 21:0 12626
12625 239 21:0 12626
12625 293 21:0 12626
12625 23 21:0 12626
12625 79 21:0 12626
12625 233 21:0 12626
12625 235 21:0 12626
12625 327 21:0 12626
12625 307 21:0 12626
12625 181 21:0 12626
12625 251 21:0 12626
12625 197 21:0 12626
12625 269 21:0 12626
12625 271 21:0 12626
12625 199 21:0 12626
12625 14407 21:0 12626
12625 313 21:0 12626
12625 14242 21:0 12626
12625 14321 21:0 12626
12625 349 21:0 12626
12625 41 21:0 12626
12625 14398 21:0 12626
12625 115 21:0 12626
12625 14354 21:0 12626
12625 14387 21:0 12626
12625 14156 21:0 12626
12625 14222 21:0 12626
12625 14255 21:0 12626
12625 14374 21:0 12626
12625 14308 21:0 12626
12625 14189 21:0 12626
12625 14182 1:0 12635
12629 14444 1:0 12629
12630 14445 1:0 12630
12633 10211 1:0 12635
12633 10386 1:0 12635
12636 14214 1:0 12644
12640 14443 1:0 12640
12642 111 1:0 12644
12642 9566 1:0 12644
12642 10329 1:0 12644
12642 9552 1:0 12644
12645 6281 1:0 12672
12645 6279 1:0 12672
12645 6283 1:0 12672
12650 325 1:0 12650
12652 325 21:0 12653
12653 9539 1:0 12653
12655 14440 1:0 12655
12655 9539 21:0 12656
12670 9561 1:0 12672
12670 311 1:0 12672
12670 14431 1:0 12672
12670 313 1:0 12672
12670 349 1:0 12672
12670 6272 1:0 12672
12670 6271 1:0 12672
12673 6282 1:0 12713
12696 349 21:0 12706
12708 9563 1:0 12713
12708 6275 1:0 12713
12708 6276 1:0 12713
12714 6284 1:0 12726
12724 6274 1:0 12726
12724 6273 1:0 12726
12725 325 1:0 12726
12725 14420 1:0 12726
12726 323 1:0 12726
12726 9570 1:0 12726
12727 6280 1:0 12793
12737 9570 21:0 12738
12750 9570 1:0 12796
12750 9539 1:0 12832
12750 201 1:0 12842
12750 165 1:0 12845
12750 6285 1:0 12796
12750 6286 1:0 12823
12750 6287 1:0 12832
12750 6288 1:0 12833
12751 13869 1:0 12845
12769 6274 21:0 12794
12799 6280 21:0 12844
12800 63 1:0 12845
12800 9609 1:0 12845
12810 13867 1:0 12845
12843 14413 1:0 12843
12843 6282 21:0 12844
12843 6284 21:0 12844
12843 6279 21:0 12847
12845 14180 1:0 12856
12846 6283 21:0 12847
12846 6281 21:0 12847
12846 319 21:0 12855
12850 14411 1:0 12850
12851 14412 1:0 12851
12852 307 1:0 12871
12852 9596 1:0 12874
12852 14407 1:0 12876
12852 293 1:0 12893
12852 349 1:0 12893
12852 14398 1:0 12893
12852 14387 1:0 12947
12852 9627 1:0 12947
12852 305 1:0 12947
12852 289 1:0 13092
12852 9653 1:0 13095
12852 14374 1:0 13097
12852 14365 1:0 13114
12852 287 1:0 13168
12852 9684 1:0 13168
12852 14354 1:0 13168
12852 271 1:0 13313
12852 9710 1:0 13316
12852 14341 1:0 13318
12852 14332 1:0 13335
12852 14321 1:0 13389
12852 269 1:0 13389
12852 9741 1:0 13389
12852 253 1:0 13534
12852 9767 1:0 13537
12852 14308 1:0 13539
12852 14299 1:0 13556
12852 251 1:0 13610
12852 9798 1:0 13610
12852 14288 1:0 13610
12852 235 1:0 13755
12852 9824 1:0 13758
12852 14275 1:0 13760
12852 14266 1:0 13777
12852 14255 1:0 13831
12852 9855 1:0 13831
12852 233 1:0 13831
12852 217 1:0 13970
12852 11156 1:0 16569
12852 9505 1:0 16569
12852 327 1:0 1413
12852 6432 1:0 13043
12852 6433 1:0 13044
12852 6434 1:0 13053
12852 6435 1:0 13054
12852 6579 1:0 13264
12852 6580 1:0 13265
12852 6581 1:0 13274
12852 6582 1:0 13275
12852 6726 1:0 13485
12852 6727 1:0 13486
12852 6728 1:0 13495
12852 6729 1:0 13496
12852 6873 1:0 13706
12852 6874 1:0 13707
12852 6875 1:0 13716
12852 6876 1:0 13717
12852 7022 1:0 13831
12852 7021 1:0 13831
12852 7023 1:0 13831
12852 7020 1:0 13831
12853 9926 1:0 12856
12853 9873 1:0 12856
12853 9755 1:0 12865
12853 14246 1:0 12865
12854 14409 1:0 12854
12854 317 21:0 12855
12854 6271 21:0 12855
12854 6272 21:0 12855
12854 321 21:0 12858
12856 317 1:0 1391
12856 319 1:0 1401
12857 315 21:0 12858
12857 309 21:0 12858
12857 313 21:0 12858
12857 325 21:0 12858
12857 311 21:0 12858
12857 323 21:0 12858
12857 6273 21:0 12858
12857 6276 21:0 12858
12857 6275 21:0 12858
12857 6277 21:0 12858
12857 6278 21:0 12858
12857 6288 21:0 12858
12857 6286 21:0 12858
12857 6287 21:0 12858
12857 6285 21:0 12858
12859 9623 1:0 12865
12859 309 1:0 1337
12859 323 1:0 1338
12859 311 1:0 1343
12859 313 1:0 1347
12859 315 1:0 1377
12859 325 1:0 1390
12859 321 1:0 1396
12859 6419 1:0 12865
12859 6418 1:0 12865
12861 14410 1:0 12861
12862 295 1:0 12893
12862 9620 1:0 12893
12862 9618 1:0 12931
12862 183 1:0 13063
12862 279 1:0 13066
12862 255 1:0 13066
12862 9666 1:0 13066
12862 9881 1:0 13970
12862 14233 1:0 13970
12862 14242 1:0 13970
12862 9912 1:0 14052
12862 6427 1:0 12893
12862 6425 1:0 12893
12862 6424 1:0 12893
12862 6426 1:0 12893
12862 6428 1:0 12893
12862 6423 1:0 12934
12862 6421 1:0 12934
12862 6431 1:0 12934
12862 6422 1:0 12947
12862 6430 1:0 12947
12862 6420 1:0 12947
12862 6429 1:0 13024
12862 7168 1:0 14052
12862 7170 1:0 14052
12868 9645 1:0 13066
12868 9705 1:0 13066
12888 14278 1:0 13077
12889 10496 1:0 13077
12900 14393 1:0 12900
12900 14396 1:0 12900
12901 9759 1:0 13077
12953 14388 1:0 12953
12955 14179 1:0 13086
12970 9680 1:0 13086
12970 6566 1:0 13086
12970 6571 1:0 13086
12971 51 1:0 13086
12971 6577 1:0 13114
12972 6578 1:0 13114
13003 6422 21:0 13016
13015 6420 21:0 13022
13021 6423 21:0 13029
13021 6575 1:0 13114
13023 275 1:0 13114
13030 6429 21:0 13065
13030 277 1:0 13114
13031 9675 1:0 13114
13031 9677 1:0 13155
13031 257 1:0 13335
13031 259 1:0 13335
13031 6572 1:0 13114
13031 6565 1:0 13114
13031 6570 1:0 13155
13031 6567 1:0 13155
13031 6569 1:0 13168
13031 6568 1:0 13168
13041 215 1:0 14052
13041 7167 1:0 14052
13064 14380 1:0 13064
13064 6430 21:0 13065
13064 6431 21:0 13065
13064 6426 21:0 13068
13067 6428 21:0 13068
13067 6427 21:0 13068
13067 6424 21:0 13076
13071 14378 1:0 13071
13072 14379 1:0 13072
13073 99 1:0 13284
13073 225 1:0 13287
13073 117 1:0 13287
13073 9723 1:0 13287
13073 6574 1:0 13155
13073 6573 1:0 13168
13073 6576 1:0 13245
13074 13940 1:0 13287
13074 13865 1:0 13287
13074 14181 1:0 13298
13074 9983 1:0 13298
13075 6421 21:0 13076
13075 6425 21:0 13076
13075 6419 21:0 13076
13075 6418 21:0 13076
13075 6432 21:0 13076
13075 6434 21:0 13076
13075 6433 21:0 13076
13075 6435 21:0 13076
13077 285 1:0 13077
13077 9734 1:0 13335
13077 14222 1:0 14052
13082 14377 1:0 13082
13083 65 1:0 13298
13083 9737 1:0 13307
13083 14245 1:0 13307
13083 14013 1:0 13307
13083 6712 1:0 13307
13083 6719 1:0 13307
13083 6720 1:0 13335
13083 6718 1:0 13335
13086 281 1:0 13086
13089 9732 1:0 13373
13089 135 1:0 13505
13089 239 1:0 13556
13089 241 1:0 13556
13089 199 1:0 14197
13089 9938 1:0 14200
13089 14209 1:0 14202
13089 197 1:0 14273
13089 6713 1:0 13335
13089 6725 1:0 13335
13089 6721 1:0 13335
13089 6714 1:0 13376
13089 6717 1:0 13376
13089 6716 1:0 13389
13089 6715 1:0 13389
13089 7169 1:0 14052
13091 6722 1:0 13376
13094 6723 1:0 13389
13097 14369 1:0 13097
13109 6724 1:0 13475
13110 10268 1:0 13508
13121 14362 1:0 13121
13121 14363 1:0 13121
13121 14360 1:0 13121
13122 10521 1:0 13508
13122 13907 1:0 13508
13122 9951 1:0 13508
13122 9780 1:0 13508
13122 6866 1:0 13528
13147 14356 1:0 13147
13163 14200 1:0 14219
13179 14349 1:0 13179
13191 14213 1:0 13519
13192 10154 1:0 13519
13192 9816 1:0 13519
13193 9794 1:0 13528
13193 6859 1:0 13528
13193 6860 1:0 13556
13224 6569 21:0 13237
13236 6568 21:0 13243
13242 6567 21:0 13250
13242 9812 1:0 13528
13244 6861 1:0 13556
13251 6576 21:0 13286
13251 9789 1:0 13594
13252 6869 1:0 13556
13262 9969 1:0 14273
13262 7314 1:0 14343
13285 14347 1:0 13285
13285 6573 21:0 13286
13285 6574 21:0 13286
13285 6578 21:0 13289
13287 265 1:0 13287
13288 6575 21:0 13289
13288 6577 21:0 13289
13288 6565 21:0 13297
13292 14345 1:0 13292
13293 14346 1:0 13293
13294 14248 1:0 13528
13295 9791 1:0 13597
13295 9851 1:0 13726
13295 13953 1:0 13737
13295 9908 1:0 13746
13295 6865 1:0 13556
13295 6871 1:0 13556
13295 6867 1:0 13556
13295 6864 1:0 13597
13295 6868 1:0 13597
13295 6863 1:0 13610
13295 6862 1:0 13610
13295 6870 1:0 13610
13295 6872 1:0 13697
13296 14343 1:0 13296
13296 6581 21:0 13297
13296 6572 21:0 13297
13296 6566 21:0 13297
13296 6571 21:0 13297
13296 6570 21:0 13297
13296 6580 21:0 13297
13296 6582 21:0 13297
13296 6579 21:0 13297
13298 14189 1:0 14273
13298 7008 1:0 13777
13303 14344 1:0 13303
13304 13997 1:0 13737
13304 14247 1:0 13737
13304 9837 1:0 13746
13304 10325 1:0 13746
13304 9894 1:0 13746
13304 7013 1:0 13749
13304 7007 1:0 13749
13310 14215 1:0 13746
13312 221 1:0 13777
13312 223 1:0 13777
13312 9846 1:0 13815
13312 181 1:0 14418
13312 9995 1:0 14421
13312 14176 1:0 14423
13312 179 1:0 14494
13312 7154 1:0 13749
13312 7012 1:0 13777
13312 7006 1:0 13777
13312 7315 1:0 14343
13312 7316 1:0 14379
13312 7317 1:0 14380
13315 7014 1:0 13749
13318 14336 1:0 13318
13330 7018 1:0 13749
13331 7015 1:0 13777
13333 14331 1:0 13333
13342 14327 1:0 13342
13342 14330 1:0 13342
13343 7017 1:0 13777
13343 7016 1:0 13777
13368 14323 1:0 13368
13384 9848 1:0 13818
13384 9903 1:0 13950
13384 205 1:0 13950
13384 203 1:0 13950
13384 9905 1:0 14039
13384 7009 1:0 13818
13384 7019 1:0 13818
13384 7010 1:0 13831
13384 7011 1:0 13831
13384 7156 1:0 13970
13384 7157 1:0 13970
13384 7155 1:0 14052
13397 7163 1:0 13831
13400 14316 1:0 13400
13414 14149 1:0 13950
13455 6718 21:0 13481
13463 7162 1:0 13961
13473 14167 1:0 14440
13473 7153 1:0 13970
13485 6724 21:0 13507
13506 14314 1:0 13506
13506 6723 21:0 13507
13506 6722 21:0 13510
13509 6720 21:0 13510
13509 6725 21:0 13510
13509 6721 21:0 13514
13513 14312 1:0 13513
13513 6713 21:0 13518
13514 14313 1:0 13514
13515 14113 1:0 13961
13515 7165 1:0 13961
13516 14083 1:0 13970
13516 9960 1:0 14219
13516 14156 1:0 14494
13516 10026 1:0 14494
13516 163 1:0 14639
13516 10052 1:0 14642
13516 14143 1:0 14644
13516 10083 1:0 14715
13516 161 1:0 14715
13516 7160 1:0 13970
13516 7166 1:0 13970
13516 7159 1:0 13970
13516 7164 1:0 14039
13516 7158 1:0 14052
13516 7461 1:0 14564
13516 7462 1:0 14591
13516 7463 1:0 14600
13516 7464 1:0 14601
13516 7608 1:0 14811
13517 6717 21:0 13518
13517 6712 21:0 13518
13517 6719 21:0 13518
13517 6715 21:0 13518
13517 6729 21:0 13518
13517 6714 21:0 13518
13517 6726 21:0 13518
13517 6727 21:0 13518
13517 6716 21:0 13518
13517 6728 21:0 13518
13524 14311 1:0 13524
13525 14116 1:0 14052
13525 7161 1:0 14052
13528 245 1:0 13528
13531 14050 1:0 14171
13533 9762 1:0 13533
13536 14115 1:0 14182
13551 14012 1:0 14182
13552 13913 1:0 14182
13563 14297 1:0 13563
13563 14294 1:0 13563
13563 14296 1:0 13563
13605 14080 1:0 14191
13613 7307 1:0 14191
13616 14289 1:0 13616
13618 10104 1:0 14191
13633 9965 1:0 14191
13633 7306 1:0 14191
13633 7300 1:0 14219
13634 7308 1:0 14219
13634 7310 1:0 14219
13635 7313 1:0 14219
13676 6865 21:0 13702
13684 187 1:0 14219
13684 185 1:0 14219
13684 9962 1:0 14260
13684 10407 1:0 14389
13684 10017 1:0 14440
13684 7301 1:0 14219
13684 7304 1:0 14260
13684 7305 1:0 14260
13684 7303 1:0 14273
13684 7302 1:0 14273
13694 10307 1:0 14392
13703 6872 21:0 13728
13727 14281 1:0 13727
13727 6870 21:0 13728
13727 6868 21:0 13731
13730 6871 21:0 13731
13730 6869 21:0 13731
13730 6867 21:0 13735
13734 14279 1:0 13734
13734 6860 21:0 13739
13735 14280 1:0 13735
13736 14085 1:0 14392
13736 10079 1:0 14392
13736 10022 1:0 14392
13736 10008 1:0 14412
13736 7311 1:0 14260
13736 7309 1:0 14273
13736 7312 1:0 14359
13736 7448 1:0 14412
13737 85 1:0 14392
13737 14148 1:0 14403
13737 14019 1:0 14403
13737 87 1:0 14403
13738 6862 21:0 13739
13738 6863 21:0 13739
13738 6873 21:0 13739
13738 6875 21:0 13739
13738 6876 21:0 13739
13738 6861 21:0 13739
13738 6859 21:0 13739
13738 6864 21:0 13739
13738 6866 21:0 13739
13738 6874 21:0 13739
13740 14134 1:0 14661
13746 10097 1:0 14412
13746 14081 1:0 14412
13746 169 1:0 14440
13746 167 1:0 14440
13746 10019 1:0 14481
13746 7447 1:0 14412
13746 7460 1:0 14440
13746 7457 1:0 14440
13746 7454 1:0 14440
13746 7453 1:0 14440
13746 7449 1:0 14481
13749 227 1:0 13749
13752 10065 1:0 14610
13752 10250 1:0 14624
13752 10535 1:0 14624
13752 14123 1:0 14715
13752 10109 1:0 14851
13752 145 1:0 14851
13752 143 1:0 14879
13752 7459 1:0 14440
13752 7458 1:0 14481
13752 7452 1:0 14481
13752 7451 1:0 14494
13752 7450 1:0 14494
13752 7609 1:0 14812
13752 7610 1:0 14821
13752 7611 1:0 14822
13754 7455 1:0 14494
13757 7456 1:0 14561
13784 14261 1:0 13784
13785 14147 1:0 14617
13826 14101 1:0 14851
13837 14256 1:0 13837
13842 14250 1:0 13842
13854 14146 1:0 14624
13855 10421 1:0 14624
13855 155 1:0 14632
13855 147 1:0 14633
13855 7600 1:0 14633
13855 7595 1:0 14633
13867 7006 21:0 13918
13905 7602 1:0 14661
13915 7607 1:0 14661
13917 7010 21:0 13924
13924 7019 21:0 13949
13948 7017 21:0 13949
13948 7016 21:0 13952
13951 7015 21:0 13952
13951 7018 21:0 13952
13951 7014 21:0 13956
13955 7012 21:0 13960
13957 14082 1:0 14633
13957 7606 1:0 14661
13958 149 1:0 14661
13958 10076 1:0 14661
13958 151 1:0 14661
13958 10074 1:0 14699
13958 133 1:0 14785
13958 10122 1:0 14831
13958 14096 1:0 14842
13958 10101 1:0 14842
13958 131 1:0 14845
13958 129 1:0 14845
13958 10131 1:0 14845
13958 10136 1:0 14845
13958 14110 1:0 14851
13958 7594 1:0 14661
13958 7601 1:0 14661
13958 7603 1:0 14702
13958 7597 1:0 14702
13958 7598 1:0 14702
13958 7599 1:0 14715
13958 7596 1:0 14715
13958 7605 1:0 14715
13958 7604 1:0 14791
13959 7011 21:0 13960
13959 7008 21:0 13960
13959 7009 21:0 13960
13959 7013 21:0 13960
13959 7007 21:0 13960
13959 7020 21:0 13960
13959 7023 21:0 13960
13959 7021 21:0 13960
13959 7022 21:0 13960
13967 14114 1:0 14838
13967 10133 1:0 14851
13967 7752 1:0 14845
13967 7747 1:0 14845
13967 7750 1:0 14845
13967 7746 1:0 14851
13967 7748 1:0 14851
13967 7741 1:0 14851
13967 7744 1:0 14851
13967 7749 1:0 14851
13967 7743 1:0 14879
13973 14090 1:0 14879
13973 10140 1:0 14879
13973 10179 1:0 15052
13973 14077 1:0 15072
13973 10166 1:0 15072
13973 127 1:0 15072
13973 115 1:0 15103
13973 10190 1:0 15103
13973 125 1:0 15157
13973 14057 1:0 15157
13973 10197 1:0 15157
13973 109 1:0 15302
13973 10223 1:0 15303
13973 14044 1:0 15303
13973 14024 1:0 15378
13973 107 1:0 15378
13973 10254 1:0 15378
13973 91 1:0 15523
13973 14011 1:0 15524
13973 10280 1:0 15524
13973 89 1:0 15599
13973 10311 1:0 15599
13973 13991 1:0 15599
13973 73 1:0 15735
13973 10337 1:0 15735
13973 13978 1:0 15735
13973 10368 1:0 15763
13973 13958 1:0 15763
13973 71 1:0 15763
13973 10394 1:0 15956
13973 55 1:0 15956
13973 53 1:0 15984
13973 7742 1:0 14851
13973 7751 1:0 14851
13973 7745 1:0 14982
13973 7755 1:0 15032
13973 7756 1:0 15033
13973 7757 1:0 15042
13973 7758 1:0 15043
13973 7905 1:0 15228
13973 7903 1:0 15228
13973 7902 1:0 15228
13973 7904 1:0 15228
13973 8049 1:0 15474
13973 8050 1:0 15475
13973 8051 1:0 15484
13973 8052 1:0 15485
13973 8196 1:0 15695
13973 8197 1:0 15696
13973 8198 1:0 15705
13973 8199 1:0 15706
13973 8343 1:0 15890
13973 8344 1:0 15917
13973 8345 1:0 15926
13973 8346 1:0 15927
13976 14243 1:0 13976
13981 14237 1:0 13981
13993 14048 1:0 14879
13994 7754 1:0 14879
13996 14232 1:0 13996
14006 7753 1:0 14879
14060 14049 1:0 15052
14063 14217 1:0 14063
14077 14047 1:0 15063
14105 7158 21:0 14121
14120 7155 21:0 14127
14126 14072 1:0 15063
14128 7161 21:0 14170
14128 10188 1:0 15103
14136 14058 1:0 15063
14169 7164 21:0 14170
14169 7166 21:0 14170
14169 7165 21:0 14173
14171 193 1:0 14171
14172 7163 21:0 14173
14172 7162 21:0 14173
14172 7159 21:0 14178
14177 7160 21:0 14181
14178 13982 1:0 15072
14179 10193 1:0 15072
14179 14014 1:0 15103
14179 14068 1:0 15103
14179 113 1:0 15144
14179 7889 1:0 15072
14179 7894 1:0 15072
14179 7896 1:0 15072
14179 7901 1:0 15103
14179 7888 1:0 15103
14180 14211 1:0 14180
14180 7156 21:0 14181
14180 7157 21:0 14181
14180 7154 21:0 14181
14180 7153 21:0 14181
14180 7169 21:0 14181
14180 7170 21:0 14181
14180 7167 21:0 14181
14180 7168 21:0 14181
14182 195 1:0 14182
14188 10464 1:0 15273
14188 10293 1:0 15276
14188 101 1:0 15276
14188 10332 1:0 15276
14188 9 1:0 15276
14188 10236 1:0 15276
14188 97 1:0 15314
14188 7895 1:0 15103
14188 7897 1:0 15103
14188 7899 1:0 15144
14188 7892 1:0 15144
14188 7893 1:0 15144
14188 7898 1:0 15157
14188 7890 1:0 15157
14188 7891 1:0 15157
14188 7900 1:0 15243
14188 8035 1:0 15296
14196 14016 1:0 15287
14199 10443 1:0 15287
14202 14204 1:0 14202
14214 13901 1:0 15287
14215 10218 1:0 15296
14226 14195 1:0 14226
14268 14017 1:0 15296
14276 8041 1:0 15296
14281 10350 1:0 15296
14281 23 1:0 15321
14281 79 1:0 15324
14281 10247 1:0 15324
14281 95 1:0 15324
14281 14035 1:0 15324
14281 10245 1:0 15362
14281 14002 1:0 15545
14281 13969 1:0 15735
14281 8042 1:0 15324
14281 8037 1:0 15365
14281 8038 1:0 15365
14296 8044 1:0 15324
14297 8046 1:0 15324
14297 8043 1:0 15324
14298 41 1:0 15448
14298 77 1:0 15508
14298 25 1:0 15508
14298 8036 1:0 15324
14298 8040 1:0 15378
14298 8039 1:0 15378
14309 7300 21:0 14360
14347 8047 1:0 15365
14357 10364 1:0 15494
14357 9511 1:0 15517
14359 7302 21:0 14367
14369 7312 21:0 14391
14390 7309 21:0 14391
14390 7311 21:0 14394
14392 175 1:0 14392
14393 7310 21:0 14394
14393 7313 21:0 14394
14393 7308 21:0 14399
14398 7301 21:0 14402
14399 75 1:0 15508
14399 11154 1:0 15508
14399 10478 1:0 15517
14399 43 1:0 15535
14399 10304 1:0 15542
14399 10302 1:0 15545
14399 10361 1:0 15586
14399 8045 1:0 15378
14399 8048 1:0 15465
14399 8183 1:0 15517
14399 8189 1:0 15517
14399 8331 1:0 15545
14399 8625 1:0 15545
14400 14015 1:0 15501
14400 13983 1:0 15508
14401 7305 21:0 14402
14401 7314 21:0 14402
14401 7307 21:0 14402
14401 7306 21:0 14402
14401 7316 21:0 14402
14401 7304 21:0 14402
14401 7317 21:0 14402
14401 7315 21:0 14402
14401 7303 21:0 14402
14409 13984 1:0 15517
14409 13968 1:0 15517
14409 8191 1:0 15545
14409 8195 1:0 15545
14409 8190 1:0 15545
14415 10416 1:0 15669
14415 10359 1:0 15729
14415 8182 1:0 15545
14415 8188 1:0 15545
14415 8184 1:0 15586
14415 8185 1:0 15586
14415 8192 1:0 15586
14415 8186 1:0 15599
14415 8187 1:0 15599
14415 8193 1:0 15599
14415 8333 1:0 15735
14415 8334 1:0 15735
14417 8194 1:0 15685
14418 14177 1:0 14418
14420 21 1:0 15715
14420 8330 1:0 15729
14438 14166 1:0 14438
14447 14165 1:0 14447
14448 13981 1:0 15726
14489 8487 1:0 15726
14489 8486 1:0 15726
14497 12805 1:0 15729
14502 8339 1:0 15729
14505 14151 1:0 14505
14508 13945 1:0 15956
14509 13925 1:0 15984
14517 8340 1:0 15729
14518 59 1:0 15735
14518 61 1:0 15763
14518 10425 1:0 15984
14518 37 1:0 16177
14518 8341 1:0 15735
14518 8329 1:0 15735
14518 8336 1:0 15735
14518 8335 1:0 15735
14518 8332 1:0 15857
14518 8490 1:0 16137
14518 8491 1:0 16138
14518 8492 1:0 16147
14518 8493 1:0 16148
14519 10418 1:0 15890
14519 8477 1:0 15936
14519 8478 1:0 15956
14519 8480 1:0 15956
14519 8476 1:0 15956
14537 7450 21:0 14562
14567 7456 21:0 14612
14568 8342 1:0 15735
14578 8337 1:0 15763
14611 7458 21:0 14612
14611 7455 21:0 14612
14611 7459 21:0 14615
14613 157 1:0 14613
14614 7457 21:0 14615
14614 7460 21:0 14615
14614 7453 21:0 14620
14617 10040 1:0 14617
14619 7454 21:0 14623
14620 13951 1:0 15763
14621 13950 1:0 15936
14621 8338 1:0 15763
14621 8489 1:0 15947
14621 8485 1:0 15947
14621 8483 1:0 15956
14622 7449 21:0 14623
14622 7463 21:0 14623
14622 7461 21:0 14623
14622 7448 21:0 14623
14622 7447 21:0 14623
14622 7451 21:0 14623
14622 7452 21:0 14623
14622 7464 21:0 14623
14622 7462 21:0 14623
14630 13949 1:0 15943
14630 13948 1:0 15954
14636 13936 1:0 15956
14636 10475 1:0 16109
14636 10473 1:0 16174
14636 13903 1:0 16177
14636 13912 1:0 16177
14636 10451 1:0 16177
14636 35 1:0 16205
14636 13892 1:0 16205
14636 10482 1:0 16205
14636 19 1:0 16407
14636 10508 1:0 16410
14636 13879 1:0 16412
14636 13870 1:0 16429
14636 13859 1:0 16483
14636 17 1:0 16483
14636 10539 1:0 16483
14636 12807 1:0 16569
14636 14458 1:0 16569
14636 8482 1:0 15956
14636 8484 1:0 15956
14636 8479 1:0 15984
14636 8481 1:0 16088
14636 8630 1:0 16157
14636 8627 1:0 16177
14636 8637 1:0 16358
14636 8638 1:0 16359
14636 8639 1:0 16368
14636 8640 1:0 16369
14636 8784 1:0 16569
14636 8786 1:0 16569
14636 8785 1:0 16569
14636 8787 1:0 16569
14656 13918 1:0 15984
14657 8636 1:0 15984
14668 14129 1:0 14668
14668 14131 1:0 14668
14669 8488 1:0 15984
14694 14125 1:0 14694
14721 14124 1:0 14721
14723 13917 1:0 16157
14726 14118 1:0 14726
14748 7595 21:0 14800
14789 13916 1:0 16164
14799 8634 1:0 16168
14801 7604 21:0 14833
14801 8635 1:0 16168
14832 7603 21:0 14833
14832 7605 21:0 14833
14832 7606 21:0 14836
14835 7602 21:0 14836
14835 7607 21:0 14836
14835 7594 21:0 14844
14841 13915 1:0 16175
14842 13883 1:0 16205
14842 10530 1:0 16426
14842 8624 1:0 16177
14842 8633 1:0 16177
14842 8629 1:0 16177
14842 8623 1:0 16177
14842 8628 1:0 16205
14842 8632 1:0 16205
14842 8626 1:0 16299
14843 7596 21:0 14844
14843 7597 21:0 14844
14843 7610 21:0 14844
14843 7611 21:0 14844
14843 7600 21:0 14844
14843 7609 21:0 14844
14843 7598 21:0 14844
14843 7599 21:0 14844
14843 7608 21:0 14844
14843 7601 21:0 14844
14851 13885 1:0 16378
14851 3 1:0 16378
14851 10503 1:0 16389
14851 14456 1:0 16398
14851 8631 1:0 16205
14851 8777 1:0 16398
14857 13884 1:0 16386
14859 15 1:0 16389
14862 13860 1:0 16398
14865 14105 1:0 14865
14880 14100 1:0 14880
14890 13882 1:0 16396
14931 13868 1:0 16401
14931 8775 1:0 16429
14939 334 1:0 16401
14944 329 1:0 16401
14944 7 1:0 16429
14944 8771 1:0 16401
14944 8770 1:0 16401
14944 8776 1:0 16401
14959 8780 1:0 16429
14960 8783 1:0 16429
14960 8782 1:0 16429
14961 9503 1:0 16429
14961 10532 1:0 16470
14961 8772 1:0 16470
14999 7748 21:0 15026
15010 8781 1:0 16470
15020 5 1:0 16470
15020 8774 1:0 16483
15020 8773 1:0 16483
15029 7754 21:0 15054
15053 7753 21:0 15054
15053 7749 21:0 15057
15056 7750 21:0 15057
15056 7751 21:0 15057
15056 7752 21:0 15061
15060 7742 21:0 15065
15062 8872 1:0 16569
15062 8778 1:0 16483
15062 8779 1:0 16550
15062 8873 1:0 16611
15064 14079 1:0 15064
15064 7744 21:0 15065
15064 7755 21:0 15065
15064 7745 21:0 15065
15064 7756 21:0 15065
15064 7746 21:0 15065
15064 7747 21:0 15065
15064 7743 21:0 15065
15064 7758 21:0 15065
15064 7757 21:0 15065
15064 7741 21:0 15065
15081 14078 1:0 15081
15101 14067 1:0 15101
15110 14065 1:0 15110
15110 14066 1:0 15110
15193 7888 21:0 15244
15243 7890 21:0 15250
15253 7900 21:0 15275
15274 7898 21:0 15275
15274 7899 21:0 15278
15277 7897 21:0 15278
15277 7901 21:0 15278
15277 7896 21:0 15282
15281 7895 21:0 15286
15285 14046 1:0 15285
15285 7902 21:0 15286
15285 7892 21:0 15286
15285 7903 21:0 15286
15285 7891 21:0 15286
15285 7894 21:0 15286
15285 7893 21:0 15286
15285 7889 21:0 15286
15285 7905 21:0 15286
15285 7904 21:0 15286
15287 105 1:0 15287
15302 14045 1:0 15302
15331 14030 1:0 15331
15411 8036 21:0 15463
15462 8040 21:0 15470
15471 8048 21:0 15496
15495 8045 21:0 15496
15495 8047 21:0 15499
15498 8044 21:0 15499
15498 8043 21:0 15499
15498 8046 21:0 15503
15502 8042 21:0 15507
15506 8041 21:0 15507
15506 8038 21:0 15507
15506 8037 21:0 15507
15506 8052 21:0 15507
15506 8035 21:0 15507
15506 8051 21:0 15507
15506 8049 21:0 15507
15506 8039 21:0 15507
15506 8050 21:0 15507
15543 14001 1:0 15543
15605 13992 1:0 15605
15635 8182 21:0 15686
15685 8186 21:0 15692
15695 8194 21:0 15717
15716 8193 21:0 15717
15716 8192 21:0 15720
15718 67 1:0 15718
15719 8195 21:0 15720
15719 8190 21:0 15720
15719 8191 21:0 15725
15724 8188 21:0 15728
15727 8196 21:0 15728
15727 8199 21:0 15728
15727 8185 21:0 15728
15727 8187 21:0 15728
15727 8183 21:0 15728
15727 8197 21:0 15728
15727 8198 21:0 15728
15727 8189 21:0 15728
15727 8184 21:0 15728
15749 13973 1:0 15749
15863 8332 21:0 15888
15887 8333 21:0 15895
15896 8337 21:0 15938
15937 8338 21:0 15938
15937 8342 21:0 15938
15937 8341 21:0 15941
15940 8339 21:0 15941
15940 8340 21:0 15941
15940 8336 21:0 15946
15945 8329 21:0 15949
15948 8331 21:0 15949
15948 8335 21:0 15949
15948 8334 21:0 15949
15948 8330 21:0 15949
15948 8343 21:0 15949
15948 8344 21:0 15949
15948 8345 21:0 15949
15948 8346 21:0 15949
15959 47 1:0 15959
15985 13935 1:0 15985
16052 13920 1:0 16052
16077 8476 21:0 16129
16128 8481 21:0 16135
16137 8488 21:0 16159
16158 8484 21:0 16159
16158 8489 21:0 16162
16160 31 1:0 16160
16161 8485 21:0 16162
16161 8487 21:0 16162
16161 8486 21:0 16167
16166 8482 21:0 16170
16169 8490 21:0 16170
16169 8480 21:0 16170
16169 8479 21:0 16170
16169 8478 21:0 16170
16169 8483 21:0 16170
16169 8477 21:0 16170
16169 8492 21:0 16170
16169 8491 21:0 16170
16169 8493 21:0 16170
16171 33 1:0 16171
16241 13894 1:0 16241
16268 13893 1:0 16268
16273 13887 1:0 16273
16305 8626 21:0 16330
16329 8628 21:0 16337
16338 8631 21:0 16380
16379 8633 21:0 16380
16379 8632 21:0 16380
16379 8634 21:0 16383
16382 8636 21:0 16383
16382 8635 21:0 16383
16382 8624 21:0 16388
16387 8623 21:0 16391
16390 13881 1:0 16390
16390 8637 21:0 16391
16390 8627 21:0 16391
16390 8638 21:0 16391
16390 8640 21:0 16391
16390 8630 21:0 16391
16390 8625 21:0 16391
16390 8629 21:0 16391
16390 8639 21:0 16391
16401 11 1:0 16401
16407 13880 1:0 16407
16462 13861 1:0 16462
16539 8774 21:0 16552
16556 8779 21:0 51
