159 25065 0:0 160
159 25067 0:0 160
159 25061 0:0 160
159 25066 0:0 160
159 25068 0:0 160
159 25064 0:0 160
159 25055 0:0 164
159 25056 0:0 164
159 25062 0:0 164
295 25296 21:0 312
442 25361 21:0 450
523 25396 21:0 540
599 25429 21:0 616
675 25462 21:0 692
1055 25626 21:0 1072
1131 25659 21:0 1148
1431 25791 0:0 1434
1436 25793 21:0 1453
1438 25792 0:0 1439
1453 25794 0:0 1489
1507 25824 0:0 1510
1512 25825 21:0 1529
1514 25826 0:0 1515
1529 25827 0:0 1565
1583 25857 0:0 1586
1588 25859 21:0 1605
1590 25858 0:0 1591
1605 25860 0:0 1641
1659 25890 0:0 1662
1664 25891 21:0 1681
1666 25892 0:0 1667
1681 25893 0:0 1717
1735 25923 0:0 1738
1740 25925 21:0 1757
1742 25924 0:0 1743
1757 25926 0:0 1793
1811 25956 0:0 1814
1816 25957 21:0 1833
1818 25958 0:0 1819
1833 25959 0:0 1869
1887 25989 21:0 1895
1894 25991 0:0 1895
1894 25990 0:0 1895
1895 25992 21:0 1961
1963 26022 21:0 1971
1970 26023 0:0 1971
1970 26024 21:0 2021
2021 26025 0:0 2037
2039 26055 21:0 2047
2046 26057 0:0 2047
2046 26056 21:0 2097
2097 26058 0:0 2113
2115 26088 21:0 2123
2122 26090 0:0 2123
2122 26089 21:0 2173
2173 26091 0:0 2189
2191 26121 21:0 2199
2198 26122 0:0 2199
2198 26123 21:0 2249
2249 26124 0:0 2265
2267 26154 21:0 2275
2274 26156 0:0 2275
2274 26155 21:0 2325
2325 26157 0:0 2341
2343 26187 21:0 2351
2350 26189 0:0 2351
2350 26188 21:0 2401
2401 26190 0:0 2417
2419 26220 0:0 2422
2424 26222 21:0 2441
2426 26221 0:0 2427
2441 26223 0:0 2477
2592 25659 1:0 2955
2593 25626 1:0 3077
2601 25462 1:0 3688
2601 25429 1:0 3810
2618 312 21:0 2632
2625 25396 1:0 3932
2626 313 1:0 5751
2714 25361 1:0 4063
2715 25296 1:0 4297
2723 26223 1:0 6015
2729 26222 1:0 6023
2747 26221 1:0 6022
2836 26220 1:0 6033
2837 26190 1:0 6146
2845 26188 1:0 6153
2851 26189 1:0 6154
4601 27233 21:0 4609
4608 27234 0:0 4609
4608 27235 0:0 4609
4609 27236 21:0 4675
4682 27268 21:0 4699
4684 27267 0:0 4685
4699 27269 0:0 4735
4753 27299 21:0 4761
4760 27301 0:0 4761
4760 27300 0:0 4761
4761 27302 21:0 4827
4829 27332 21:0 4837
4836 27334 0:0 4837
4836 27333 21:0 4887
4887 27335 0:0 4903
4905 27365 21:0 4913
4912 27367 0:0 4913
4912 27366 21:0 4963
4963 27368 0:0 4979
4981 27398 21:0 4989
4988 27400 0:0 4989
4988 27399 21:0 5039
5039 27401 0:0 5055
5057 27431 21:0 5065
5064 27433 0:0 5065
5064 27432 21:0 5115
5115 27434 0:0 5131
5133 27464 21:0 5141
5140 27466 0:0 5141
5140 27465 21:0 5191
5191 27467 0:0 5207
5214 27498 21:0 5231
5285 27530 21:0 5293
5293 27533 21:0 5359
5361 27563 21:0 5369
5369 27566 21:0 5435
5437 27596 0:0 5440
5442 27597 21:0 5459
5444 27598 0:0 5445
5518 27630 21:0 5535
5535 27632 0:0 5571
5589 27662 21:0 5597
5597 27665 21:0 5663
5763 26187 1:0 6164
5764 26157 1:0 6277
5773 26155 1:0 6284
5773 26156 1:0 6285
5779 26154 1:0 6295
5792 313 21:0 5806
5800 26124 1:0 6408
5853 26123 1:0 6416
5894 26122 1:0 6415
5895 26121 1:0 6426
5904 26091 1:0 6539
5904 26089 1:0 6546
5912 26090 1:0 6547
5930 26088 1:0 6557
6025 26058 1:0 6670
6026 26056 1:0 6677
6026 26057 1:0 6678
6035 26055 1:0 6688
6035 26025 1:0 6801
6043 26024 1:0 6809
6062 26023 1:0 6808
6156 26022 1:0 6819
6157 25992 1:0 6932
6166 25990 1:0 6939
6166 25991 1:0 6940
6172 25989 1:0 6950
6176 25959 1:0 7063
6193 25957 1:0 7070
6287 25958 1:0 7071
6288 25956 1:0 7081
6297 25926 1:0 7194
6297 25925 1:0 7202
6303 25924 1:0 7201
6307 25923 1:0 7212
6336 25893 1:0 7325
6418 25891 1:0 7332
6419 25892 1:0 7333
6428 25890 1:0 7343
6428 25860 1:0 7456
6434 25859 1:0 7464
6439 25858 1:0 7463
6467 25857 1:0 7474
6549 25827 1:0 7587
6550 25825 1:0 7594
6559 25826 1:0 7595
6559 25824 1:0 7605
6565 25794 1:0 7718
6570 25793 1:0 7726
6598 25792 1:0 7725
6680 25791 1:0 7736
6681 314 1:0 9066
7916 28675 21:0 7924
7921 28676 0:0 7924
7923 28677 0:0 7924
7924 28678 21:0 7990
7992 28708 0:0 7995
7997 28709 21:0 8014
7999 28710 0:0 8000
8014 28711 0:0 8050
8068 28741 21:0 8076
8075 28742 0:0 8076
8075 28743 0:0 8076
8076 28744 21:0 8142
8144 28774 21:0 8152
8151 28776 0:0 8152
8151 28775 21:0 8202
8202 28777 0:0 8218
8220 28807 21:0 8228
8227 28809 0:0 8228
8227 28808 21:0 8278
8296 28840 21:0 8304
8303 28841 0:0 8304
8303 28842 21:0 8354
8354 28843 0:0 8370
8372 28873 21:0 8380
8379 28874 0:0 8380
8379 28875 21:0 8430
8430 28876 0:0 8446
8448 28906 21:0 8456
8455 28907 0:0 8456
8455 28908 21:0 8506
8506 28909 0:0 8522
8524 28939 0:0 8527
8529 28940 21:0 8546
8531 28941 0:0 8532
8546 28942 0:0 8582
8600 28972 0:0 8603
8605 28973 21:0 8622
8607 28974 0:0 8608
8622 28975 0:0 8658
8676 29005 0:0 8679
8681 29007 21:0 8698
8683 29006 0:0 8684
8698 29008 0:0 8734
8752 29038 0:0 8755
8757 29039 21:0 8774
8759 29040 0:0 8760
8774 29041 0:0 8810
8833 29072 21:0 8850
8909 29105 21:0 8926
9078 27665 1:0 9330
9079 27662 1:0 9348
9088 27632 1:0 9461
9088 27630 1:0 9468
9094 27597 1:0 9599
9107 314 21:0 9121
9115 27598 1:0 9600
9168 27596 1:0 9610
9209 27566 1:0 9723
9210 27563 1:0 9741
9219 27533 1:0 9854
9219 27530 1:0 9872
9227 27498 1:0 9992
9245 27467 1:0 10116
9340 27465 1:0 10123
9341 27466 1:0 10124
9341 27464 1:0 10134
9350 27434 1:0 10247
9350 27432 1:0 10254
9358 27433 1:0 10255
9377 27431 1:0 10265
9471 27401 1:0 10378
9472 27399 1:0 10385
9481 27400 1:0 10386
9481 27398 1:0 10396
9487 27368 1:0 10509
9491 27366 1:0 10516
9508 27367 1:0 10517
9602 27365 1:0 10527
9603 27335 1:0 10640
9612 27333 1:0 10647
9612 27334 1:0 10648
9618 27332 1:0 10658
9622 27302 1:0 10771
9651 27300 1:0 10778
9733 27301 1:0 10779
9734 27299 1:0 10789
9743 27269 1:0 10902
9743 27268 1:0 10910
9749 27267 1:0 10909
9754 27236 1:0 11033
9769 315 1:0 12381
9782 27235 1:0 11041
9864 27234 1:0 11040
9865 27233 1:0 11051
9874 29105 1:0 12652
11231 30117 21:0 11239
11238 30119 0:0 11239
11238 30118 0:0 11239
11239 30120 21:0 11305
11307 30150 21:0 11315
11312 30152 0:0 11315
11312 30151 0:0 11315
11315 30153 21:0 11381
11383 30183 0:0 11386
11388 30184 21:0 11405
11390 30185 0:0 11391
11405 30186 0:0 11441
11459 30216 21:0 11467
11466 30218 0:0 11467
11466 30217 21:0 11517
11517 30219 0:0 11533
11535 30249 21:0 11543
11542 30251 0:0 11543
11542 30250 21:0 11593
11593 30252 0:0 11609
11611 30282 21:0 11619
11618 30283 0:0 11619
11618 30284 21:0 11669
11669 30285 0:0 11685
11687 30315 21:0 11695
11694 30316 0:0 11695
11694 30317 21:0 11745
11745 30318 0:0 11761
11763 30348 21:0 11771
11770 30350 0:0 11771
11770 30349 21:0 11821
11821 30351 0:0 11837
11839 30381 21:0 11847
11846 30382 0:0 11847
11846 30383 21:0 11897
11897 30384 0:0 11913
11915 30414 21:0 11923
11922 30415 0:0 11923
11923 30417 21:0 11989
11991 30447 21:0 11999
12067 30480 21:0 12075
12148 30515 21:0 12165
12165 30516 0:0 12201
12300 30581 21:0 12317
12393 29072 1:0 12783
12394 29041 1:0 12907
12403 29039 1:0 12914
12403 29040 1:0 12915
12409 29038 1:0 12925
12422 315 21:0 12436
12430 29008 1:0 13038
12483 29007 1:0 13046
12524 29006 1:0 13045
12525 29005 1:0 13056
12534 28975 1:0 13169
12534 28973 1:0 13176
12542 28974 1:0 13177
12560 28972 1:0 13187
12655 28942 1:0 13300
12656 28940 1:0 13307
12656 28941 1:0 13308
12665 28939 1:0 13318
12665 28909 1:0 13431
12673 28908 1:0 13439
12692 28907 1:0 13438
12786 28906 1:0 13449
12787 28876 1:0 13562
12796 28874 1:0 13569
12796 28875 1:0 13570
12802 28873 1:0 13580
12806 28843 1:0 13693
12823 28842 1:0 13701
12917 28841 1:0 13700
12918 28840 1:0 13711
12927 28808 1:0 13831
12927 28809 1:0 13832
12933 28807 1:0 13842
12937 28777 1:0 13955
12966 28775 1:0 13962
13048 28776 1:0 13963
13049 28774 1:0 13973
13058 28744 1:0 14086
13058 28743 1:0 14094
13064 28742 1:0 14093
13069 28741 1:0 14104
13097 28711 1:0 14217
13179 28709 1:0 14224
13180 28710 1:0 14225
13189 28708 1:0 14235
13189 28678 1:0 14348
13195 28677 1:0 14356
13200 28676 1:0 14355
13228 28675 1:0 14366
13310 316 1:0 15696
13311 30581 1:0 15837
13311 30516 1:0 16091
14546 31559 0:0 14549
14551 31561 21:0 14568
14553 31560 0:0 14554
14568 31562 0:0 14604
14622 31592 21:0 14630
14627 31593 0:0 14630
14630 31595 21:0 14696
14698 31625 21:0 14706
14703 31627 0:0 14706
14703 31626 0:0 14706
14706 31628 21:0 14772
14774 31658 21:0 14782
14781 31659 0:0 14782
14781 31660 0:0 14782
14782 31661 21:0 14848
14850 31691 21:0 14858
14857 31692 0:0 14858
14857 31693 21:0 14908
14908 31694 0:0 14924
14926 31724 21:0 14934
14933 31725 0:0 14934
14933 31726 21:0 14984
14984 31727 0:0 15000
15002 31757 21:0 15010
15009 31758 0:0 15010
15009 31759 21:0 15060
15060 31760 0:0 15076
15078 31790 21:0 15086
15085 31791 0:0 15086
15085 31792 21:0 15136
15136 31793 0:0 15152
15159 31824 0:0 15162
15159 31825 0:0 15162
15162 31826 21:0 15228
15230 31856 21:0 15238
15237 31857 0:0 15238
15237 31858 0:0 15238
15238 31859 21:0 15304
15306 31889 0:0 15309
15311 31891 21:0 15328
15313 31890 0:0 15314
15328 31892 0:0 15365
15382 31922 21:0 15390
15389 31924 0:0 15390
15389 31923 21:0 15440
15440 31925 0:0 15456
15458 31955 0:0 15461
15463 31956 21:0 15480
15465 31957 0:0 15466
15480 31958 0:0 15517
15708 30515 1:0 16099
15709 30480 1:0 16240
15718 30447 1:0 16371
15718 30417 1:0 16484
15724 30415 1:0 16491
15737 316 21:0 15751
15745 30414 1:0 16502
15798 30384 1:0 16615
15839 30383 1:0 16623
15840 30382 1:0 16622
15849 30381 1:0 16633
15849 30351 1:0 16746
15857 30349 1:0 16753
15875 30350 1:0 16754
15970 30348 1:0 16764
15971 30318 1:0 16877
15971 30317 1:0 16885
15980 30316 1:0 16884
15980 30315 1:0 16895
15988 30285 1:0 17008
16007 30284 1:0 17016
16101 30283 1:0 17015
16102 30282 1:0 17026
16111 30252 1:0 17139
16111 30250 1:0 17146
16117 30251 1:0 17147
16121 30249 1:0 17157
16138 30219 1:0 17270
16232 30217 1:0 17277
16233 30218 1:0 17278
16242 30216 1:0 17288
16242 30186 1:0 17401
16248 30184 1:0 17408
16252 30185 1:0 17409
16281 30183 1:0 17419
16363 30153 1:0 17532
16364 30151 1:0 17539
16373 30152 1:0 17540
16373 30150 1:0 17550
16379 30120 1:0 17663
16384 30119 1:0 17671
16399 317 1:0 19011
16412 30118 1:0 17670
16494 30117 1:0 17681
17861 33001 21:0 17869
17866 33002 0:0 17869
17866 33003 0:0 17869
17869 33004 21:0 17935
17937 33034 21:0 17945
17942 33036 0:0 17945
17942 33035 0:0 17945
17945 33037 21:0 18011
18013 33067 21:0 18021
18018 33068 0:0 18021
18018 33069 0:0 18021
18021 33070 21:0 18087
18089 33100 21:0 18097
18096 33102 0:0 18097
18096 33101 21:0 18147
18147 33103 0:0 18163
18165 33133 21:0 18173
18172 33134 0:0 18173
18172 33135 21:0 18223
18223 33136 0:0 18239
18241 33166 21:0 18249
18248 33168 0:0 18249
18248 33167 21:0 18299
18299 33169 0:0 18315
18317 33199 21:0 18325
18324 33201 0:0 18325
18324 33200 21:0 18375
18375 33202 0:0 18391
18393 33232 21:0 18401
18400 33233 0:0 18401
18400 33234 21:0 18451
18451 33235 0:0 18467
18469 33265 0:0 18472
18474 33266 21:0 18491
18476 33267 0:0 18477
18491 33268 0:0 18528
18545 33298 0:0 18548
18550 33299 21:0 18567
18552 33300 0:0 18553
18567 33301 0:0 18605
18697 33364 0:0 18700
18702 33366 21:0 18719
19023 31958 1:0 19406
19024 31956 1:0 19413
19033 31957 1:0 19414
19033 31955 1:0 19424
19039 31925 1:0 19537
19052 317 21:0 19066
19060 31923 1:0 19544
19113 31924 1:0 19545
19154 31922 1:0 19555
19155 31892 1:0 19668
19164 31890 1:0 19675
19164 31891 1:0 19676
19172 31889 1:0 19686
19190 31859 1:0 19799
19285 31858 1:0 19807
19286 31857 1:0 19806
19286 31856 1:0 19817
19295 31826 1:0 19930
19295 31825 1:0 19938
19303 31824 1:0 19937
19322 31793 1:0 20061
19416 31792 1:0 20069
19417 31791 1:0 20068
19426 31790 1:0 20079
19426 31760 1:0 20192
19432 31759 1:0 20200
19436 31758 1:0 20199
19453 31757 1:0 20210
19547 31727 1:0 20323
19548 31726 1:0 20331
19557 31725 1:0 20330
19557 31724 1:0 20341
19563 31694 1:0 20454
19567 31693 1:0 20462
19596 31692 1:0 20461
19678 31691 1:0 20472
19679 31661 1:0 20585
19688 31659 1:0 20592
19688 31660 1:0 20593
19694 31658 1:0 20603
19699 31628 1:0 20716
19727 31627 1:0 20724
19809 31626 1:0 20723
19810 31625 1:0 20734
19819 31595 1:0 20847
19819 31593 1:0 20854
19825 31592 1:0 20865
19830 31562 1:0 20978
19858 31561 1:0 20986
19940 31560 1:0 20985
19941 31559 1:0 20996
19941 318 1:0 22326
19950 33366 1:0 22860
19950 33364 1:0 22870
21176 34443 21:0 21184
21181 34444 0:0 21184
21181 34445 0:0 21184
21184 34446 21:0 21250
21252 34476 21:0 21260
21259 34478 0:0 21260
21259 34477 0:0 21260
21260 34479 21:0 21326
21328 34509 21:0 21336
21335 34511 0:0 21336
21335 34510 0:0 21336
21336 34512 21:0 21402
21404 34542 21:0 21412
21411 34543 0:0 21412
21411 34544 21:0 21462
21462 34545 0:0 21478
21480 34575 21:0 21488
21487 34577 0:0 21488
21487 34576 21:0 21538
21538 34578 0:0 21554
21556 34608 21:0 21564
21563 34610 0:0 21564
21563 34609 21:0 21614
21614 34611 0:0 21630
21632 34641 21:0 21640
21639 34642 0:0 21640
21639 34643 21:0 21690
21690 34644 0:0 21706
21708 34674 21:0 21716
21715 34676 0:0 21716
21715 34675 21:0 21766
21766 34677 0:0 21782
21784 34707 0:0 21787
21789 34708 21:0 21806
21791 34709 0:0 21792
21806 34710 0:0 21844
21860 34740 21:0 21868
21865 34742 0:0 21868
21867 34741 0:0 21868
21868 34743 21:0 21934
21936 34773 0:0 21939
21941 34775 21:0 21958
21943 34774 0:0 21944
21958 34776 0:0 21994
22012 34806 21:0 22020
22019 34807 0:0 22020
22019 34808 0:0 22020
22020 34809 21:0 22086
22096 34842 21:0 22162
22164 34872 21:0 22172
22240 34905 21:0 22248
22247 34907 21:0 22298
22338 33301 1:0 23114
22339 33299 1:0 23121
22348 33300 1:0 23122
22348 33298 1:0 23132
22354 33268 1:0 23245
22367 318 21:0 22381
22375 33266 1:0 23252
22428 33267 1:0 23253
22469 33265 1:0 23263
22470 33235 1:0 23376
22479 33233 1:0 23383
22479 33234 1:0 23384
22487 33232 1:0 23394
22505 33202 1:0 23507
22600 33200 1:0 23514
22601 33201 1:0 23515
22601 33199 1:0 23525
22610 33169 1:0 23638
22610 33167 1:0 23645
22618 33168 1:0 23646
22637 33166 1:0 23656
22731 33136 1:0 23769
22732 33135 1:0 23777
22741 33134 1:0 23776
22741 33133 1:0 23787
22747 33103 1:0 23900
22751 33101 1:0 23907
22768 33102 1:0 23908
22862 33100 1:0 23918
22863 33070 1:0 24031
22872 33068 1:0 24038
22872 33069 1:0 24039
22878 33067 1:0 24049
22882 33037 1:0 24162
22911 33036 1:0 24170
22993 33035 1:0 24169
22994 33034 1:0 24180
23003 33004 1:0 24293
23003 33003 1:0 24301
23009 33002 1:0 24300
23014 33001 1:0 24311
23029 319 1:0 25641
23042 34907 1:0 25782
23124 34905 1:0 25792
23125 34872 1:0 25923
24491 35885 21:0 24499
24496 35887 0:0 24499
24496 35886 0:0 24499
24499 35888 21:0 24565
24567 35918 21:0 24575
24572 35919 0:0 24575
24574 35920 0:0 24575
24575 35921 21:0 24641
24643 35951 0:0 24646
24648 35952 21:0 24665
24650 35953 0:0 24651
24665 35954 0:0 24702
24719 35984 21:0 24727
24726 35985 0:0 24727
24726 35986 21:0 24777
24777 35987 0:0 24793
24795 36017 21:0 24803
24802 36019 0:0 24803
24802 36018 21:0 24853
24853 36020 0:0 24869
24871 36050 21:0 24879
24878 36051 0:0 24879
24878 36052 21:0 24929
24929 36053 0:0 24945
24947 36083 21:0 24955
24954 36084 0:0 24955
24954 36085 21:0 25005
25005 36086 0:0 25021
25023 36116 21:0 25031
25030 36118 0:0 25031
25030 36117 21:0 25081
25081 36119 0:0 25097
25099 36149 0:0 25102
25104 36150 21:0 25121
25106 36151 0:0 25107
25121 36152 0:0 25158
25175 36182 0:0 25178
25180 36184 21:0 25197
25182 36183 0:0 25183
25197 36185 0:0 25234
25251 36215 21:0 25259
25258 36217 0:0 25259
25258 36216 21:0 25309
25653 34842 1:0 26036
25654 34809 1:0 26167
25663 34807 1:0 26174
25663 34808 1:0 26175
25669 34806 1:0 26185
25682 319 21:0 25696
25690 34776 1:0 26298
25743 34775 1:0 26306
25784 34774 1:0 26305
25785 34773 1:0 26316
25794 34743 1:0 26429
25794 34741 1:0 26436
25802 34742 1:0 26437
25820 34740 1:0 26447
25915 34710 1:0 26560
25916 34708 1:0 26567
25916 34709 1:0 26568
25925 34707 1:0 26578
25925 34677 1:0 26691
25933 34675 1:0 26698
25952 34676 1:0 26699
26046 34674 1:0 26709
26047 34644 1:0 26822
26056 34642 1:0 26829
26056 34643 1:0 26830
26062 34641 1:0 26840
26066 34611 1:0 26953
26083 34609 1:0 26960
26177 34610 1:0 26961
26178 34608 1:0 26971
26187 34578 1:0 27084
26187 34576 1:0 27091
26193 34577 1:0 27092
26197 34575 1:0 27102
26226 34545 1:0 27215
26308 34544 1:0 27223
26309 34543 1:0 27222
26318 34542 1:0 27233
26318 34512 1:0 27346
26324 34510 1:0 27353
26329 34511 1:0 27354
26357 34509 1:0 27364
26439 34479 1:0 27477
26440 34477 1:0 27484
26449 34478 1:0 27485
26449 34476 1:0 27495
26455 34446 1:0 27608
26460 34444 1:0 27615
26488 34445 1:0 27616
26570 34443 1:0 27626
26571 320 1:0 28956
27806 37327 0:0 27809
27811 37328 21:0 27828
27813 37329 0:0 27814
27828 37330 0:0 27865
27887 37361 21:0 27904
27889 37362 0:0 27890
27958 37393 21:0 27966
27965 37394 0:0 27966
27965 37395 21:0 28016
28016 37396 0:0 28032
28034 37426 21:0 28042
28041 37427 0:0 28042
28041 37428 21:0 28092
28092 37429 0:0 28108
28110 37459 21:0 28118
28117 37461 0:0 28118
28117 37460 0:0 28118
28118 37462 21:0 28184
28186 37492 21:0 28194
28193 37493 0:0 28194
28193 37494 21:0 28244
28244 37495 0:0 28260
28262 37525 21:0 28270
28269 37526 0:0 28270
28269 37527 21:0 28320
28320 37528 0:0 28336
28338 37558 21:0 28346
28345 37560 0:0 28346
28345 37559 21:0 28396
28396 37561 0:0 28412
28414 37591 0:0 28417
28419 37593 21:0 28436
28421 37592 0:0 28422
28436 37594 0:0 28473
28490 37624 0:0 28493
28495 37626 21:0 28512
28497 37625 0:0 28498
28566 37657 0:0 28569
28571 37658 21:0 28588
28588 37660 0:0 28624
28642 37690 21:0 28650
28649 37692 0:0 28650
28650 37693 21:0 28716
28723 37725 0:0 28726
28726 37726 21:0 28792
28794 37756 21:0 28802
28801 37757 0:0 28802
28801 37758 21:0 28852
28870 37789 21:0 28878
28968 36216 1:0 29620
28969 36217 1:0 29621
28978 36215 1:0 29631
28978 36185 1:0 29744
28984 36184 1:0 29752
28997 320 21:0 29011
29005 36183 1:0 29751
29058 36182 1:0 29762
29099 36152 1:0 29875
29100 36150 1:0 29882
29109 36151 1:0 29883
29109 36149 1:0 29893
29117 36119 1:0 30006
29135 36117 1:0 30013
29230 36118 1:0 30014
29231 36116 1:0 30024
29231 36086 1:0 30137
29240 36084 1:0 30144
29240 36085 1:0 30145
29248 36083 1:0 30155
29267 36053 1:0 30268
29361 36052 1:0 30276
29362 36051 1:0 30275
29371 36050 1:0 30286
29371 36020 1:0 30399
29377 36018 1:0 30406
29381 36019 1:0 30407
29398 36017 1:0 30417
29492 35987 1:0 30530
29493 35986 1:0 30538
29502 35985 1:0 30537
29502 35984 1:0 30548
29508 35954 1:0 30661
29512 35952 1:0 30668
29541 35953 1:0 30669
29623 35951 1:0 30679
29624 35921 1:0 30792
29633 35919 1:0 30799
29633 35920 1:0 30800
29639 35918 1:0 30810
29644 35888 1:0 30923
29659 321 1:0 32271
29672 35887 1:0 30931
29754 35886 1:0 30930
29755 35885 1:0 30941
29764 37789 1:0 32422
29764 37758 1:0 32543
29772 37757 1:0 32542
29790 37756 1:0 32553
29885 37726 1:0 32666
31121 38769 0:0 31124
31126 38770 21:0 31143
31128 38771 0:0 31129
31143 38772 0:0 31179
31197 38802 21:0 31205
31202 38804 0:0 31205
31202 38803 0:0 31205
31205 38805 21:0 31271
31273 38835 21:0 31281
31278 38836 0:0 31281
31278 38837 0:0 31281
31281 38838 21:0 31347
31349 38868 21:0 31357
31356 38870 0:0 31357
31356 38869 21:0 31407
31407 38871 0:0 31423
31425 38901 21:0 31433
31432 38903 0:0 31433
31432 38902 21:0 31483
31483 38904 0:0 31499
31501 38934 21:0 31509
31508 38936 0:0 31509
31508 38935 21:0 31559
31559 38937 0:0 31575
31577 38967 21:0 31585
31584 38969 0:0 31585
31584 38968 21:0 31635
31635 38970 0:0 31651
31653 39000 21:0 31661
31660 39002 0:0 31661
31660 39001 21:0 31711
31711 39003 0:0 31727
31729 39033 0:0 31732
31734 39034 21:0 31751
31736 39035 0:0 31737
31751 39036 0:0 31788
31805 39066 21:0 31813
31812 39067 0:0 31813
31812 39068 21:0 31863
31863 39069 0:0 31879
31881 39099 0:0 31884
31886 39101 21:0 31903
31888 39100 0:0 31889
31903 39102 0:0 31940
31957 39132 21:0 31965
31964 39133 0:0 31965
31964 39134 21:0 32015
32015 39135 0:0 32031
32283 37725 1:0 32674
32284 37693 1:0 32797
32293 37692 1:0 32805
32293 37690 1:0 32815
32299 37660 1:0 32928
32312 321 21:0 32326
32320 37658 1:0 32935
32373 37657 1:0 32946
32414 37626 1:0 33067
32415 37625 1:0 33066
32424 37624 1:0 33077
32424 37594 1:0 33190
32432 37593 1:0 33198
32450 37592 1:0 33197
32545 37591 1:0 33208
32546 37561 1:0 33321
32546 37559 1:0 33328
32555 37560 1:0 33329
32555 37558 1:0 33339
32563 37528 1:0 33452
32582 37527 1:0 33460
32676 37526 1:0 33459
32677 37525 1:0 33470
32686 37495 1:0 33583
32686 37494 1:0 33591
32692 37493 1:0 33590
32696 37492 1:0 33601
32713 37462 1:0 33714
32807 37460 1:0 33721
32808 37461 1:0 33722
32817 37459 1:0 33732
32817 37429 1:0 33845
32823 37428 1:0 33853
32827 37427 1:0 33852
32856 37426 1:0 33863
32938 37396 1:0 33976
32939 37395 1:0 33984
32948 37394 1:0 33983
32948 37393 1:0 33994
32954 37361 1:0 34114
32959 37362 1:0 34115
32974 322 1:0 35586
32987 37330 1:0 34238
33069 37328 1:0 34245
33070 37329 1:0 34246
33079 37327 1:0 34256
34436 40211 0:0 34439
34441 40212 21:0 34458
34443 40213 0:0 34444
34458 40214 0:0 34494
34512 40244 21:0 34520
34517 40246 0:0 34520
34517 40245 0:0 34520
34520 40247 21:0 34586
34593 40279 21:0 34610
34664 40310 21:0 34672
34671 40311 0:0 34672
34671 40312 0:0 34672
34672 40313 21:0 34738
34740 40343 21:0 34748
34747 40345 0:0 34748
34747 40344 21:0 34798
34798 40346 0:0 34814
34816 40376 21:0 34824
34823 40378 0:0 34824
34823 40377 21:0 34874
34874 40379 0:0 34890
34892 40409 21:0 34900
34899 40411 0:0 34900
34899 40410 21:0 34950
34950 40412 0:0 34966
34968 40442 21:0 34976
34975 40444 0:0 34976
34975 40443 21:0 35026
35044 40475 0:0 35047
35049 40477 21:0 35066
35066 40478 0:0 35104
35125 40509 21:0 35142
35142 40511 0:0 35179
35196 40541 21:0 35204
35203 40543 0:0 35204
35203 40542 21:0 35254
35272 40574 21:0 35280
35277 40575 0:0 35280
35279 40576 0:0 35280
35280 40577 21:0 35346
35353 40609 0:0 35356
35356 40610 21:0 35422
35429 40641 0:0 35432
35432 40643 21:0 35498
35598 39135 1:0 36112
35599 39134 1:0 36120
35608 39133 1:0 36119
35608 39132 1:0 36130
35614 39102 1:0 36243
35627 322 21:0 35641
35635 39101 1:0 36251
35688 39100 1:0 36250
35729 39099 1:0 36261
35730 39069 1:0 36374
35739 39067 1:0 36381
35739 39068 1:0 36382
35747 39066 1:0 36392
35765 39036 1:0 36505
35860 39034 1:0 36512
35861 39035 1:0 36513
35861 39033 1:0 36523
35870 39003 1:0 36636
35870 39001 1:0 36643
35878 39002 1:0 36644
35897 39000 1:0 36654
35991 38970 1:0 36767
35992 38968 1:0 36774
36001 38969 1:0 36775
36001 38967 1:0 36785
36007 38937 1:0 36898
36011 38935 1:0 36905
36028 38936 1:0 36906
36122 38934 1:0 36916
36123 38904 1:0 37029
36132 38902 1:0 37036
36132 38903 1:0 37037
36138 38901 1:0 37047
36142 38871 1:0 37160
36171 38869 1:0 37167
36253 38870 1:0 37168
36254 38868 1:0 37178
36263 38838 1:0 37291
36263 38836 1:0 37298
36269 38837 1:0 37299
36274 38835 1:0 37309
36302 38805 1:0 37422
36384 38804 1:0 37430
36385 38803 1:0 37429
36394 38802 1:0 37440
36394 38772 1:0 37553
36400 38770 1:0 37560
36405 38771 1:0 37561
36433 38769 1:0 37571
36515 323 1:0 38901
36516 40643 1:0 39165
36516 40641 1:0 39172
36525 40610 1:0 39296
36525 40609 1:0 39304
37751 41653 21:0 37759
37758 41655 0:0 37759
37758 41654 21:0 37809
37809 41656 0:0 37825
37827 41686 21:0 37835
37834 41687 0:0 37835
37834 41688 0:0 37835
37835 41689 21:0 37901
37903 41719 21:0 37911
37910 41720 0:0 37911
37910 41721 21:0 37961
37961 41722 0:0 37977
37979 41752 21:0 37987
37986 41754 0:0 37987
37986 41753 21:0 38037
38037 41755 0:0 38053
38055 41785 21:0 38063
38062 41786 0:0 38063
38062 41787 21:0 38113
38113 41788 0:0 38129
38131 41818 21:0 38139
38138 41819 0:0 38139
38138 41820 21:0 38189
38189 41821 0:0 38205
38207 41851 21:0 38215
38214 41852 0:0 38215
38214 41853 21:0 38265
38265 41854 0:0 38281
38283 41884 21:0 38291
38290 41885 0:0 38291
38290 41886 21:0 38341
38341 41887 0:0 38357
38359 41917 0:0 38362
38364 41918 21:0 38381
38366 41919 0:0 38367
38381 41920 0:0 38417
38435 41950 0:0 38438
38440 41952 21:0 38457
38442 41951 0:0 38443
38457 41953 0:0 38493
38511 41983 21:0 38519
38518 41985 0:0 38519
38518 41984 0:0 38519
38519 41986 21:0 38585
38587 42016 21:0 38595
38594 42017 0:0 38595
38594 42018 21:0 38645
38645 42019 0:0 38661
38663 42049 21:0 38671
38670 42051 0:0 38671
38670 42050 21:0 38721
38721 42052 0:0 38737
38913 40577 1:0 39427
38914 40575 1:0 39434
38923 40576 1:0 39435
38923 40574 1:0 39445
38929 40542 1:0 39565
38942 323 21:0 38956
38950 40543 1:0 39566
39003 40541 1:0 39576
39044 40511 1:0 39689
39045 40509 1:0 39696
39054 40478 1:0 39820
39054 40477 1:0 39828
39062 40475 1:0 39838
39080 40443 1:0 39958
39175 40444 1:0 39959
39176 40442 1:0 39969
39176 40412 1:0 40082
39185 40410 1:0 40089
39185 40411 1:0 40090
39193 40409 1:0 40100
39212 40379 1:0 40213
39306 40377 1:0 40220
39307 40378 1:0 40221
39316 40376 1:0 40231
39316 40346 1:0 40344
39322 40344 1:0 40351
39326 40345 1:0 40352
39343 40343 1:0 40362
39437 40313 1:0 40475
39438 40312 1:0 40483
39447 40311 1:0 40482
39447 40310 1:0 40493
39453 40279 1:0 40614
39457 40247 1:0 40737
39486 40246 1:0 40745
39568 40245 1:0 40744
39569 40244 1:0 40755
39578 40214 1:0 40868
39578 40212 1:0 40875
39584 40213 1:0 40876
39589 40211 1:0 40886
39604 324 1:0 42216
41066 43095 21:0 41074
41142 43128 21:0 41150
41149 43130 21:0 41200
41218 43161 21:0 41226
41225 43162 0:0 41226
41225 43163 21:0 41276
41276 43164 0:0 41292
41294 43194 21:0 41302
41301 43196 0:0 41302
41301 43195 21:0 41352
41352 43197 0:0 41368
41370 43227 21:0 41378
41377 43229 0:0 41378
41377 43228 0:0 41378
41378 43230 21:0 41444
41446 43260 21:0 41454
41453 43262 0:0 41454
41453 43261 21:0 41504
41504 43263 0:0 41520
41522 43293 21:0 41530
41529 43294 0:0 41530
41529 43295 21:0 41580
41580 43296 0:0 41596
41598 43326 21:0 41606
41605 43327 0:0 41606
41605 43328 21:0 41656
41674 43359 0:0 41677
41679 43361 21:0 41696
41681 43360 0:0 41682
41750 43392 0:0 41753
41755 43394 21:0 41772
41772 43395 0:0 41809
41826 43425 0:0 41829
41831 43426 21:0 41848
41848 43428 0:0 41884
41902 43458 21:0 41910
41909 43459 0:0 41910
41909 43460 21:0 41960
41983 43493 21:0 42000
42135 43558 21:0 42152
42228 42052 1:0 42611
42229 42050 1:0 42618
42238 42051 1:0 42619
42238 42049 1:0 42629
42244 42019 1:0 42742
42257 324 21:0 42271
42265 42018 1:0 42750
42318 42017 1:0 42749
42359 42016 1:0 42760
42360 41986 1:0 42873
42369 41984 1:0 42880
42369 41985 1:0 42881
42377 41983 1:0 42891
42395 41953 1:0 43004
42490 41952 1:0 43012
42491 41951 1:0 43011
42491 41950 1:0 43022
42500 41920 1:0 43135
42500 41918 1:0 43142
42508 41919 1:0 43143
42527 41917 1:0 43153
42621 41887 1:0 43266
42622 41886 1:0 43274
42631 41885 1:0 43273
42631 41884 1:0 43284
42637 41854 1:0 43397
42641 41853 1:0 43405
42658 41852 1:0 43404
42752 41851 1:0 43415
42753 41821 1:0 43528
42762 41819 1:0 43535
42762 41820 1:0 43536
42768 41818 1:0 43546
42772 41788 1:0 43659
42801 41787 1:0 43667
42883 41786 1:0 43666
42884 41785 1:0 43677
42893 41755 1:0 43790
42893 41753 1:0 43797
42899 41754 1:0 43798
42904 41752 1:0 43808
42932 41722 1:0 43921
43014 41721 1:0 43929
43015 41720 1:0 43928
43024 41719 1:0 43939
43024 41689 1:0 44052
43030 41687 1:0 44059
43035 41688 1:0 44060
43063 41686 1:0 44070
43145 41656 1:0 44183
43146 41654 1:0 44190
43146 325 1:0 45531
43155 41655 1:0 44191
43155 41653 1:0 44201
43163 43558 1:0 45671
43182 43493 1:0 45934
43276 43460 1:0 46065
43277 43459 1:0 46064
43286 43458 1:0 46075
44381 44537 21:0 44389
44388 44538 0:0 44389
44388 44539 0:0 44389
44389 44540 21:0 44455
44457 44570 21:0 44465
44462 44571 0:0 44465
44464 44572 0:0 44465
44465 44573 21:0 44531
44533 44603 21:0 44541
44540 44605 0:0 44541
44540 44604 21:0 44591
44591 44606 0:0 44607
44609 44636 21:0 44617
44616 44637 0:0 44617
44616 44638 21:0 44667
44667 44639 0:0 44683
44685 44669 21:0 44693
44692 44670 0:0 44693
44692 44671 21:0 44743
44743 44672 0:0 44759
44761 44702 21:0 44769
44768 44704 0:0 44769
44768 44703 21:0 44819
44819 44705 0:0 44835
44837 44735 21:0 44845
44844 44736 0:0 44845
44844 44737 21:0 44895
44895 44738 0:0 44911
44913 44768 21:0 44921
44920 44769 0:0 44921
44920 44770 0:0 44921
44921 44771 21:0 44987
44989 44801 21:0 44997
44996 44802 0:0 44997
44996 44803 21:0 45047
45047 44804 0:0 45063
45065 44834 21:0 45073
45072 44836 0:0 45073
45072 44835 21:0 45123
45123 44837 0:0 45139
45141 44867 21:0 45149
45148 44869 0:0 45149
45148 44868 21:0 45199
45199 44870 0:0 45215
45217 44900 21:0 45225
45224 44902 0:0 45225
45224 44901 21:0 45275
45275 44903 0:0 45291
45293 44933 21:0 45301
45300 44934 0:0 45301
45300 44935 21:0 45351
45351 44936 0:0 45367
45369 44966 21:0 45377
45376 44968 0:0 45377
45376 44967 21:0 45427
45427 44969 0:0 45443
45445 44999 21:0 45453
45543 43428 1:0 46188
45544 43426 1:0 46195
45553 43425 1:0 46206
45553 43395 1:0 46319
45559 43394 1:0 46327
45572 325 21:0 45586
45580 43392 1:0 46337
45633 43361 1:0 46458
45674 43360 1:0 46457
45675 43359 1:0 46468
45684 43327 1:0 46588
45684 43328 1:0 46589
45692 43326 1:0 46599
45710 43296 1:0 46712
45805 43295 1:0 46720
45806 43294 1:0 46719
45806 43293 1:0 46730
45815 43263 1:0 46843
45815 43261 1:0 46850
45823 43262 1:0 46851
45842 43260 1:0 46861
45936 43230 1:0 46974
45937 43229 1:0 46982
45946 43228 1:0 46981
45946 43227 1:0 46992
45952 43197 1:0 47105
45956 43195 1:0 47112
45973 43196 1:0 47113
46067 43194 1:0 47123
46068 43164 1:0 47236
46077 43162 1:0 47243
46077 43163 1:0 47244
46083 43161 1:0 47254
46087 43130 1:0 47375
46088 326 1:0 48846
46116 43128 1:0 47385
46198 43095 1:0 47516
47701 45981 0:0 47704
47704 45982 21:0 47770
47772 46012 21:0 47780
47779 46014 0:0 47780
47779 46013 0:0 47780
47780 46015 21:0 47846
47848 46045 21:0 47856
47856 46048 21:0 47922
47929 46079 0:0 47932
47932 46081 21:0 47998
48000 46111 0:0 48003
48005 46112 21:0 48022
48007 46113 0:0 48008
48022 46114 0:0 48059
48076 46144 0:0 48079
48081 46146 21:0 48098
48083 46145 0:0 48084
48098 46147 0:0 48134
48152 46177 21:0 48160
48159 46179 21:0 48210
48228 46210 21:0 48236
48235 46211 21:0 48286
48286 46213 0:0 48302
48304 46243 0:0 48307
48309 46245 21:0 48326
48311 46244 0:0 48312
48326 46246 0:0 48362
48380 46276 0:0 48383
48385 46278 21:0 48402
48387 46277 0:0 48388
48456 46309 21:0 48464
48463 46311 0:0 48464
48463 46310 21:0 48514
48540 46345 21:0 48606
48608 46375 21:0 48616
48858 312 1:0 2581
48859 44999 1:0 48997
48859 44969 1:0 49110
48868 44967 1:0 49117
48868 44968 1:0 49118
48876 44966 1:0 49128
48887 326 21:0 48901
48895 44936 1:0 49241
48989 44935 1:0 49249
48990 44934 1:0 49248
48999 44933 1:0 49259
48999 44903 1:0 49372
49005 44901 1:0 49379
49009 44902 1:0 49380
49026 44900 1:0 49390
49120 44870 1:0 49503
49121 44868 1:0 49510
49130 44869 1:0 49511
49130 44867 1:0 49521
49136 44837 1:0 49634
49140 44835 1:0 49641
49169 44836 1:0 49642
49251 44834 1:0 49652
49252 44804 1:0 49765
49261 44802 1:0 49772
49261 44803 1:0 49773
49267 44801 1:0 49783
49272 44771 1:0 49896
49300 44770 1:0 49904
49382 44769 1:0 49903
49383 44768 1:0 49914
49392 44738 1:0 50027
49392 44737 1:0 50035
49398 44736 1:0 50034
49403 44735 1:0 50045
49431 44705 1:0 50158
49513 44703 1:0 50165
49514 44704 1:0 50166
49523 44702 1:0 50176
49523 44672 1:0 50289
49529 44671 1:0 50297
49549 44670 1:0 50296
49562 44669 1:0 50307
49644 44639 1:0 50420
49645 44638 1:0 50428
49654 44637 1:0 50427
49654 44636 1:0 50438
49662 44606 1:0 50551
49680 44604 1:0 50558
49775 44605 1:0 50559
49776 44603 1:0 50569
49776 44573 1:0 50682
49785 44571 1:0 50689
49785 44572 1:0 50690
49793 44570 1:0 50700
49795 22856 1:0 51053
49812 44540 1:0 50813
49824 327 1:0 50944
49906 44538 1:0 50820
49907 44539 1:0 50821
49907 22858 1:0 51051
49916 44537 1:0 50831
49916 22860 1:0 51051
49916 22862 1:0 51052
49922 22861 1:0 51052
49924 22859 1:0 51052
49927 22863 1:0 51138
49942 22857 1:0 51052
49942 22850 1:0 51053
49943 22851 1:0 51052
49943 22998 1:0 51273
49955 23006 1:0 51269
50037 22997 1:0 51273
50037 23003 1:0 51328
50037 23004 1:0 51329
50037 23005 1:0 51338
50038 23007 1:0 51348
50038 23008 1:0 51349
50047 23009 1:0 51358
50047 23010 1:0 51359
50047 23152 1:0 51493
50047 23154 1:0 51493
50053 23153 1:0 51494
50053 23155 1:0 51494
50057 23156 1:0 51494
50058 23145 1:0 51494
50073 23157 1:0 51580
50074 23150 1:0 51495
50074 23144 1:0 51495
50086 23151 1:0 51494
50086 23297 1:0 51716
50168 46375 1:0 51627
50169 46345 1:0 51714
50169 23301 1:0 51714
50178 23299 1:0 51714
50178 23302 1:0 51715
50178 23300 1:0 51715
50178 23303 1:0 51715
50184 23298 1:0 51715
50184 23292 1:0 51715
50184 23291 1:0 51716
50186 23304 1:0 51801
50188 23438 1:0 51937
50205 46310 1:0 51935
50217 23446 1:0 51935
50299 23448 1:0 51935
50299 23447 1:0 51936
50300 23439 1:0 51936
50300 23450 1:0 51936
50300 23449 1:0 51936
50300 23444 1:0 51937
50309 46311 1:0 52059
50309 23445 1:0 51936
50309 23451 1:0 52022
50315 46309 1:0 52069
50335 46278 1:0 52153
50348 23593 1:0 52153
50348 23594 1:0 52223
50430 23586 1:0 52157
50430 23585 1:0 52157
50430 23591 1:0 52212
50430 23595 1:0 52232
50431 23592 1:0 52213
50431 23596 1:0 52233
50431 23597 1:0 52242
50431 23732 1:0 52379
50440 46277 1:0 52279
50440 23598 1:0 52243
50446 46276 1:0 52290
50451 46245 1:0 52374
50467 23740 1:0 52375
50479 23741 1:0 52375
50479 23733 1:0 52379
50561 23742 1:0 52453
50561 23743 1:0 52454
50562 46246 1:0 52492
50562 23738 1:0 52433
50571 23739 1:0 52434
50571 23744 1:0 52463
50571 23745 1:0 52464
50577 46244 1:0 52500
50581 46243 1:0 52511
50598 46211 1:0 52595
50610 23888 1:0 52595
50692 23879 1:0 52599
50692 23880 1:0 52599
50692 23887 1:0 52664
50693 46213 1:0 52713
50693 23889 1:0 52674
50702 23885 1:0 52654
50702 23886 1:0 52655
50702 23890 1:0 52675
50702 23891 1:0 52684
50702 23892 1:0 52685
50710 46210 1:0 52732
50728 46179 1:0 52816
50729 24026 1:0 52820
50729 24027 1:0 52820
50741 24034 1:0 52816
50823 24035 1:0 52886
50823 24036 1:0 52895
50824 24032 1:0 52875
50824 24033 1:0 52876
50824 24037 1:0 52896
50824 24038 1:0 52905
50833 46177 1:0 52953
50833 24039 1:0 52906
50839 46147 1:0 52968
50844 46146 1:0 53040
50860 24181 1:0 53040
50872 24183 1:0 53040
50872 24173 1:0 53042
50913 24174 1:0 53041
50913 24179 1:0 53042
50956 24182 1:0 53041
50956 24185 1:0 53041
50957 24184 1:0 53041
50957 24180 1:0 53041
50957 24186 1:0 53127
50966 46145 1:0 53163
50966 46144 1:0 53174
50974 46114 1:0 53190
50985 327 21:0 50999
50993 46112 1:0 53261
51005 24330 1:0 53261
51046 24328 1:0 53261
51059 24331 1:0 53262
51075 24332 1:0 53262
51076 24329 1:0 53262
51125 24327 1:0 53262
51125 24321 1:0 53262
51125 24326 1:0 53263
51125 24320 1:0 53263
51135 24333 1:0 53348
51144 22863 21:0 51169
51145 24476 1:0 53479
51167 22861 0:0 51169
51167 22860 0:0 51169
51167 22862 0:0 51169
51167 22859 0:0 51169
51167 22858 0:0 51169
51168 22851 0:0 51169
51168 22857 0:0 51169
51168 22850 0:0 51169
51168 22856 0:0 51169
51170 46113 1:0 53385
51170 46111 1:0 53395
51177 46081 1:0 53479
51178 24475 1:0 53479
51178 24468 1:0 53483
51178 24467 1:0 53483
51178 24478 1:0 53559
51187 24473 1:0 53538
51187 24474 1:0 53539
51187 24477 1:0 53558
51187 24479 1:0 53568
51187 24480 1:0 53569
51195 46079 1:0 53605
51213 46048 1:0 53700
51214 24615 1:0 53705
51226 24622 1:0 53701
51267 24623 1:0 53701
51280 24625 1:0 53780
51295 24614 1:0 53705
51295 24620 1:0 53759
51296 24621 1:0 53760
51296 24624 1:0 53779
51297 24768 1:0 53925
51346 24626 1:0 53789
51348 23005 21:0 51390
51356 24627 1:0 53790
51366 24769 1:0 53924
51389 23007 0:0 51390
51389 23010 0:0 51390
51389 23008 0:0 51390
51389 23009 0:0 51390
51389 22998 0:0 51390
51389 23003 0:0 51390
51389 23004 0:0 51390
51389 22997 0:0 51390
51389 23006 0:0 51390
51391 46045 1:0 53837
51391 46015 1:0 53924
51398 24771 1:0 53924
51398 24772 1:0 53925
51399 24762 1:0 53925
51399 24770 1:0 53925
51399 24774 1:0 53925
51399 24767 1:0 53926
51408 46014 1:0 54048
51408 24761 1:0 53926
51408 24773 1:0 54010
51414 46013 1:0 54047
51434 46012 1:0 54058
51447 45982 1:0 54142
51496 24917 1:0 54142
51501 24909 1:0 54146
51516 24916 1:0 54142
51517 24918 1:0 54221
51518 24908 1:0 54146
51567 24919 1:0 54222
51577 24914 1:0 54201
51577 24915 1:0 54202
51577 25056 1:0 54368
51577 25055 1:0 54368
51586 23157 21:0 51611
51587 24920 1:0 54231
51609 23155 0:0 51611
51609 23154 0:0 51611
51609 23153 0:0 51611
51609 23152 0:0 51611
51609 23151 0:0 51611
51609 23156 0:0 51611
51610 23145 0:0 51611
51610 23150 0:0 51611
51610 23144 0:0 51611
51612 45981 1:0 54269
51612 24921 1:0 54232
51612 25064 1:0 54364
51619 25063 1:0 54432
51619 25065 1:0 54442
51620 25061 1:0 54422
51620 25062 1:0 54423
51620 25066 1:0 54443
51620 25067 1:0 54452
51629 25068 1:0 54453
51807 23304 21:0 51832
51830 23291 0:0 51832
51830 23299 0:0 51832
51830 23300 0:0 51832
51830 23302 0:0 51832
51830 23303 0:0 51832
51830 23301 0:0 51832
51831 23292 0:0 51832
51831 23297 0:0 51832
51831 23298 0:0 51832
52028 23451 21:0 52053
52051 23447 0:0 52053
52051 23446 0:0 52053
52051 23450 0:0 52053
52051 23438 0:0 52053
52051 23448 0:0 52053
52051 23449 0:0 52053
52052 23444 0:0 52053
52052 23445 0:0 52053
52052 23439 0:0 52053
52229 23594 21:0 52274
52272 23595 0:0 52274
52273 23592 0:0 52274
52273 23586 0:0 52274
52273 23585 0:0 52274
52273 23593 0:0 52274
52273 23591 0:0 52274
52273 23598 0:0 52274
52273 23596 0:0 52274
52273 23597 0:0 52274
52460 23743 21:0 52495
52493 23744 0:0 52495
52493 23741 0:0 52495
52493 23742 0:0 52495
52494 23740 0:0 52495
52494 23745 0:0 52495
52494 23733 0:0 52495
52494 23732 0:0 52495
52494 23738 0:0 52495
52494 23739 0:0 52495
52674 23887 21:0 52716
52714 23890 0:0 52716
52714 23891 0:0 52716
52715 23886 0:0 52716
52715 23879 0:0 52716
52715 23880 0:0 52716
52715 23889 0:0 52716
52715 23892 0:0 52716
52715 23885 0:0 52716
52715 23888 0:0 52716
52892 24035 21:0 52937
52935 24034 0:0 52937
52936 24039 0:0 52937
52936 24036 0:0 52937
52936 24026 0:0 52937
52936 24037 0:0 52937
52936 24027 0:0 52937
52936 24033 0:0 52937
52936 24038 0:0 52937
52936 24032 0:0 52937
53133 24186 21:0 53158
53156 24180 0:0 53158
53156 24182 0:0 53158
53156 24183 0:0 53158
53156 24184 0:0 53158
53156 24185 0:0 53158
53156 24181 0:0 53158
53157 24173 0:0 53158
53157 24179 0:0 53158
53157 24174 0:0 53158
53354 24333 21:0 53379
53377 24331 0:0 53379
53377 24332 0:0 53379
53377 24326 0:0 53379
53377 24329 0:0 53379
53377 24330 0:0 53379
53377 24328 0:0 53379
53378 24321 0:0 53379
53378 24320 0:0 53379
53378 24327 0:0 53379
53565 24478 21:0 53600
53599 24475 0:0 53600
53599 24476 0:0 53600
53599 24474 0:0 53600
53599 24473 0:0 53600
53599 24468 0:0 53600
53599 24467 0:0 53600
53599 24479 0:0 53600
53599 24477 0:0 53600
53599 24480 0:0 53600
53786 24625 21:0 53821
53819 24626 0:0 53821
53819 24623 0:0 53821
53819 24622 0:0 53821
53819 24624 0:0 53821
53820 24621 0:0 53821
53820 24620 0:0 53821
53820 24614 0:0 53821
53820 24627 0:0 53821
53820 24615 0:0 53821
54020 24773 21:0 54042
54041 24769 0:0 54042
54041 24772 0:0 54042
54041 24774 0:0 54042
54041 24768 0:0 54042
54041 24770 0:0 54042
54041 24771 0:0 54042
54041 24767 0:0 54042
54041 24762 0:0 54042
54041 24761 0:0 54042
54231 24918 21:0 54263
54261 24920 0:0 54263
54262 24916 0:0 54263
54262 24914 0:0 54263
54262 24919 0:0 54263
54262 24908 0:0 54263
54262 24921 0:0 54263
54262 24917 0:0 54263
54262 24915 0:0 54263
54262 24909 0:0 54263
54442 25063 21:0 160
