86 13812 21:0 91
86 13813 21:0 87
90 13717 21:0 123
122 13710 21:0 128
127 13723 21:0 139
138 13718 21:0 139
138 13720 21:0 144
143 13721 21:0 149
148 13722 21:0 149
148 305 21:0 163
1309 14393 21:0 1319
3286 298 21:0 3304
3359 15358 21:0 3376
3734 15521 21:0 3742
4122 15689 21:0 4188
4563 15689 1:0 5208
4564 15521 1:0 5881
4564 301 1:0 10006
4573 15358 1:0 6526
6645 299 21:0 6663
6865 16893 21:0 6873
7022 16961 21:0 7039
7785 17292 21:0 7851
7922 17292 1:0 8043
7923 16961 1:0 9361
7932 16893 1:0 9633
10004 300 21:0 10022
10457 18465 21:0 10474
10528 18496 21:0 10536
10761 18597 21:0 10778
11281 18597 1:0 12065
11282 18496 1:0 12468
11282 302 1:0 13365
11291 18465 1:0 12589
13363 301 21:0 13381
13515 19805 21:0 13581
13664 19869 21:0 13681
14348 20167 21:0 14365
14640 299 1:0 3288
14640 303 1:0 16724
14640 304 1:0 20083
14641 20167 1:0 15031
14641 305 1:0 23442
14650 19869 1:0 16209
14650 19805 1:0 16464
16722 302 21:0 16740
17403 21506 21:0 17420
17419 21504 21:0 17472
17707 21637 21:0 17724
17783 21670 21:0 17800
17999 21670 1:0 18258
18000 21637 1:0 18389
18009 21506 1:0 18914
18009 21504 1:0 18924
20081 303 21:0 20099
20154 22713 21:0 20171
20170 22714 21:0 20223
20225 22744 21:0 20233
20232 22745 21:0 20283
20453 22843 21:0 20461
20462 22843 1:0 22807
21358 22745 1:0 23189
21359 22744 1:0 23200
21359 11799 1:0 25182
21368 22714 1:0 23313
21368 22713 1:0 23321
23440 304 21:0 23458
23516 24185 21:0 23582
23964 24380 21:0 23972
24121 24447 21:0 24138
24577 24646 21:0 24594
24727 300 1:0 6647
24727 11514 1:0 24737
24728 11518 1:0 24740
24728 11517 1:0 24768
24728 11515 1:0 24768
24737 24646 1:0 24946
24737 11513 1:0 24819
24737 11516 1:0 24899
24743 11665 1:0 24958
24745 11660 1:0 24961
24748 11662 1:0 24989
24764 11661 1:0 24989
24776 11664 1:0 25040
24817 11663 1:0 25120
24830 11812 1:0 25179
24846 11809 1:0 25182
24847 11807 1:0 25210
24896 11808 1:0 25210
24905 11516 21:0 24940
24906 11811 1:0 25261
24916 11810 1:0 25341
24939 11513 21:0 24943
24942 11515 21:0 24943
24942 11517 21:0 24951
24948 11958 1:0 25394
24948 11954 1:0 25400
24949 11959 1:0 25403
24949 11955 1:0 25413
24949 11957 1:0 25441
24950 11518 21:0 24954
24952 11947 1:0 25512
24953 11514 21:0 24954
24955 11956 1:0 25485
24955 12102 1:0 25621
24958 12104 1:0 25624
24958 12103 1:0 25634
24958 12101 1:0 25662
24958 12106 1:0 25706
24964 12105 1:0 25792
24966 12252 1:0 25842
24969 12251 1:0 25845
24985 12249 1:0 25873
24997 12253 1:0 25873
25038 12248 1:0 25924
25051 12250 1:0 26003
25067 12399 1:0 26057
25068 12397 1:0 26063
25117 12396 1:0 26066
25126 11663 21:0 25161
25127 12398 1:0 26091
25137 12388 1:0 26091
25137 12393 1:0 26091
25137 12394 1:0 26094
25160 11664 21:0 25164
25163 11662 21:0 25164
25163 11661 21:0 25172
25169 12400 1:0 26145
25169 12395 1:0 26214
25170 24447 1:0 26271
25170 12542 1:0 26284
25171 11660 21:0 25175
25174 11665 21:0 25175
25176 12544 1:0 26287
25176 12547 1:0 26315
25179 12546 1:0 26315
25179 12543 1:0 26366
25179 12545 1:0 26446
25179 12690 1:0 26505
25185 12692 1:0 26508
25185 12691 1:0 26518
25187 12688 1:0 26518
25190 12689 1:0 26546
25205 12693 1:0 26590
25218 12694 1:0 26677
25272 24380 1:0 26720
25287 12841 1:0 26726
25288 12839 1:0 26729
25289 12975 1:0 26950
25300 11799 21:0 25344
25338 12840 1:0 26757
25340 12982 1:0 26950
25347 11810 21:0 25382
25348 12837 1:0 26757
25358 12838 1:0 26808
25381 11811 21:0 25385
25384 11808 21:0 25385
25384 11807 21:0 25393
25390 12836 1:0 26877
25390 12988 1:0 26941
25391 12985 1:0 26947
25391 12986 1:0 26978
25391 12983 1:0 26978
25392 11809 21:0 25396
25394 13123 1:0 27171
25394 13129 1:0 27181
25395 11812 21:0 25396
25397 12987 1:0 27029
25397 12984 1:0 27099
25400 13131 1:0 27168
25400 13132 1:0 27171
25400 13128 1:0 27181
25400 13130 1:0 27181
25406 13134 1:0 27209
25406 13133 1:0 27253
25410 13135 1:0 27340
25426 13282 1:0 27383
25439 13281 1:0 27389
25439 13277 1:0 27392
25480 13276 1:0 27417
25480 13275 1:0 27417
25493 13280 1:0 27420
25508 13270 1:0 27420
25509 13279 1:0 27471
25518 11947 21:0 25564
25559 13278 1:0 27541
25561 13428 1:0 27604
25569 13424 1:0 27610
25571 11956 21:0 25603
25579 13427 1:0 27613
25602 11957 21:0 25606
25605 11955 21:0 25606
25605 11959 21:0 25614
25611 13429 1:0 27638
25611 13422 1:0 27641
25612 13426 1:0 27692
25612 13425 1:0 27762
25613 11954 21:0 25617
25615 24185 1:0 27825
25616 11958 21:0 25617
25618 13576 1:0 27831
25618 13575 1:0 27834
25621 13573 1:0 27862
25621 13574 1:0 27862
25621 13572 1:0 27913
25621 13571 1:0 27982
25627 298 1:0 28052
25627 13722 1:0 28046
25631 13721 1:0 28052
25647 13720 1:0 28055
25660 13723 1:0 28083
25660 13718 1:0 28083
25701 13812 1:0 28238
25701 13710 1:0 28118
25701 13717 1:0 28134
25714 13719 1:0 28204
25729 14393 1:0 28220
25729 13813 1:0 28265
25802 12105 21:0 25824
25823 12106 21:0 25827
25826 12101 21:0 25827
25826 12103 21:0 25835
25834 12104 21:0 25838
25837 12102 21:0 25838
26013 12250 21:0 26045
26044 12248 21:0 26048
26047 12253 21:0 26048
26047 12249 21:0 26056
26055 12251 21:0 26059
26058 12252 21:0 26059
26224 12395 21:0 26266
26265 12400 21:0 26269
26268 12388 21:0 26269
26268 12393 21:0 26269
26268 12394 21:0 26269
26268 12398 21:0 26277
26276 12396 21:0 26280
26279 12397 21:0 26280
26279 12399 21:0 26286
26452 12545 21:0 26487
26486 12543 21:0 26490
26489 12546 21:0 26490
26489 12547 21:0 26498
26497 12544 21:0 26501
26500 12542 21:0 26501
26653 12688 21:0 26678
26683 12694 21:0 26708
26707 12693 21:0 26711
26710 12689 21:0 26711
26710 12691 21:0 26719
26718 12692 21:0 26722
26721 12690 21:0 26722
26887 12836 21:0 26929
26928 12838 21:0 26932
26931 12837 21:0 26932
26931 12840 21:0 26940
26939 12839 21:0 26943
26942 12841 21:0 26943
27105 12984 21:0 27150
27149 12987 21:0 27153
27152 12983 21:0 27153
27152 12986 21:0 27161
27160 12975 21:0 27161
27160 12982 21:0 27161
27160 12985 21:0 27164
27163 12988 21:0 27170
27319 13128 21:0 27343
27346 13135 21:0 27371
27370 13133 21:0 27374
27373 13134 21:0 27374
27373 13130 21:0 27382
27381 13129 21:0 27382
27381 13123 21:0 27382
27381 13132 21:0 27385
27384 13131 21:0 27391
27547 13278 21:0 27592
27591 13279 21:0 27595
27594 13270 21:0 27595
27594 13280 21:0 27595
27594 13277 21:0 27603
27602 13275 21:0 27603
27602 13281 21:0 27606
27605 13282 21:0 27612
27611 13276 21:0 27612
27768 13425 21:0 27813
27812 13426 21:0 27816
27815 13429 21:0 27816
27815 13422 21:0 27816
27815 13427 21:0 27824
27823 13424 21:0 27827
27826 13428 21:0 27827
27992 13571 21:0 28034
28033 13572 21:0 28037
28036 13573 21:0 28037
28036 13574 21:0 28045
28044 13575 21:0 28048
28047 13576 21:0 28048
28210 13719 21:0 87
