100 48166 21:0 165
164 48172 21:0 212
211 48168 21:0 228
227 48170 21:0 228
227 48169 21:0 233
232 48167 21:0 233
232 48171 21:0 238
237 48259 21:0 238
237 48367 21:0 293
237 48260 21:0 238
292 48369 21:0 309
292 48161 21:0 293
308 48366 21:0 314
458 48465 21:0 466
539 48500 21:0 556
555 48498 21:0 608
615 48533 21:0 632
691 48565 21:0 708
707 48564 21:0 760
767 48598 21:0 784
783 48597 21:0 836
838 48630 21:0 846
846 48633 21:0 912
914 48663 21:0 922
921 48664 21:0 972
971 48632 21:0 988
998 48699 21:0 1064
1071 48730 21:0 1088
1147 48764 21:0 1164
1294 48828 21:0 1302
1370 48861 21:0 1378
1447 48895 21:0 1455
1454 48897 21:0 1504
1503 48898 21:0 1521
1523 48928 21:0 1531
1530 48929 21:0 1581
1580 48931 21:0 1597
1596 48930 21:0 1602
1601 48896 21:0 1621
1620 48962 21:0 1673
1672 48964 21:0 1678
1680 48996 21:0 1697
1696 48995 21:0 1749
1748 48961 21:0 1754
1756 49029 21:0 1773
1772 49027 21:0 1825
1824 49030 21:0 1830
1829 49060 21:0 1835
1835 49063 21:0 1901
1900 49062 21:0 1906
1905 49061 21:0 1911
1910 49093 21:0 1966
1965 49095 21:0 1979
1978 49094 21:0 1987
1986 49096 21:0 2037
2036 49126 21:0 2053
2052 49127 21:0 2058
2057 49128 21:0 2077
2076 49129 21:0 2129
2128 49159 21:0 2134
2133 49160 21:0 2139
2138 49161 21:0 2194
2193 49162 21:0 2210
2209 49192 21:0 2215
2214 49194 21:0 2265
2264 49193 21:0 2281
2280 48994 21:0 2291
2290 48963 21:0 2313
2312 48997 21:0 2357
2356 49226 21:0 2362
2361 49227 21:0 2381
2380 49028 21:0 2433
2432 49228 21:0 2438
2437 49225 21:0 2443
2442 49258 21:0 2498
2497 49195 21:0 2514
2513 49260 21:0 2519
2518 49259 21:0 2569
2568 49291 21:0 2585
2584 49292 21:0 2592
2591 49324 21:0 2601
2600 49261 21:0 2604
2603 49325 21:0 2611
2608 48861 1:0 2615
2609 48828 1:0 2737
2609 48764 1:0 2972
2610 49327 21:0 2619
2612 48730 1:0 3093
2617 48699 1:0 3209
2618 49293 21:0 2622
2620 48664 1:0 3337
2623 48663 1:0 3347
2623 48633 1:0 3453
2634 328 21:0 2648
2647 49326 21:0 2723
2653 48632 1:0 3460
2704 48630 1:0 3469
2722 49357 21:0 2726
2725 49294 21:0 2733
2730 48598 1:0 3581
2731 48597 1:0 3591
2731 48565 1:0 3703
2734 48564 1:0 3713
2739 48533 1:0 3826
2745 48500 1:0 3948
2852 48498 1:0 3957
2853 48465 1:0 4079
2853 48369 1:0 4429
2861 48367 1:0 4435
2867 48366 1:0 4445
2871 329 1:0 5767
2974 49357 1:0 5918
2975 49326 1:0 5951
2983 49327 1:0 6031
2983 49325 1:0 6038
2993 49324 1:0 6049
3096 49294 1:0 6082
4617 50337 21:0 4625
4625 50340 21:0 4691
4693 50370 21:0 4701
4700 50372 21:0 4751
4750 50371 21:0 4767
4766 50373 21:0 4772
4771 50403 21:0 4791
4790 50404 21:0 4843
4842 50405 21:0 4848
4847 50406 21:0 4853
4852 50436 21:0 4908
4907 50439 21:0 4924
4923 50469 21:0 4929
4928 50470 21:0 4979
4978 50471 21:0 4995
4994 50472 21:0 5005
5004 50502 21:0 5027
5026 50503 21:0 5071
5070 50504 21:0 5076
5075 50505 21:0 5095
5094 50537 21:0 5147
5146 50536 21:0 5152
5151 50538 21:0 5157
5156 50568 21:0 5212
5211 50570 21:0 5228
5227 50569 21:0 5233
5232 50602 21:0 5283
5282 50338 21:0 5299
5298 50339 21:0 5304
5303 50603 21:0 5323
5322 50604 21:0 5375
5374 50571 21:0 5380
5379 50601 21:0 5385
5384 50438 21:0 5443
5442 50535 21:0 5456
5455 50437 21:0 5461
5460 50701 21:0 5511
5510 50667 21:0 5527
5526 50635 21:0 5537
5536 50668 21:0 5559
5558 50670 21:0 5603
5602 50703 21:0 5608
5607 50637 21:0 5627
5626 50669 21:0 5679
5678 50634 21:0 5684
5683 50700 21:0 5689
5688 50801 21:0 5744
5743 50736 21:0 5760
5759 50702 21:0 5765
5764 50802 21:0 5771
5770 50799 21:0 5778
5777 50735 21:0 5785
5779 49293 1:0 6162
5779 49292 1:0 6169
5780 49291 1:0 6180
5786 49261 1:0 6213
5789 49259 1:0 6293
5789 49260 1:0 6301
5795 49258 1:0 6311
5808 329 21:0 5822
5815 49228 1:0 6344
5828 49227 1:0 6424
5910 49226 1:0 6431
5911 49225 1:0 6442
5920 49195 1:0 6475
5920 49193 1:0 6555
5926 49194 1:0 6563
5931 49192 1:0 6573
5959 49162 1:0 6606
6041 49161 1:0 6686
6042 49160 1:0 6693
6051 49159 1:0 6704
6051 49129 1:0 6737
6057 49128 1:0 6817
6077 49127 1:0 6824
6090 49126 1:0 6835
6172 49096 1:0 6868
6173 49094 1:0 6948
6182 49095 1:0 6956
6182 49093 1:0 6966
6188 49061 1:0 6999
6208 49063 1:0 7079
6303 49062 1:0 7087
6304 49060 1:0 7097
6304 49028 1:0 7130
6313 49030 1:0 7210
6313 49029 1:0 7218
6321 49027 1:0 7228
6340 48997 1:0 7261
6434 48995 1:0 7341
6435 48996 1:0 7349
6435 48994 1:0 7359
6444 48963 1:0 7392
6444 48964 1:0 7472
6452 48962 1:0 7479
6471 48961 1:0 7490
6565 48930 1:0 7523
6566 48931 1:0 7603
6575 48929 1:0 7610
6575 48928 1:0 7621
6581 48896 1:0 7654
6585 48898 1:0 7734
6586 330 1:0 9082
6614 48897 1:0 7742
6696 48895 1:0 7752
7937 51780 21:0 7954
7953 51781 21:0 8006
8005 51782 21:0 8011
8010 51812 21:0 8016
8016 51815 21:0 8082
8084 51845 21:0 8092
8091 51847 21:0 8142
8141 51846 21:0 8158
8157 51848 21:0 8163
8162 51878 21:0 8182
8181 51880 21:0 8234
8233 51879 21:0 8239
8238 51881 21:0 8244
8243 51911 21:0 8299
8298 51914 21:0 8315
8314 51944 21:0 8320
8319 51946 21:0 8370
8369 51945 21:0 8386
8385 51947 21:0 8396
8395 51977 21:0 8418
8417 51980 21:0 8462
8464 52010 21:0 8472
8471 51779 21:0 8522
8521 51979 21:0 8538
8537 51912 21:0 8543
8542 51814 21:0 8562
8561 51978 21:0 8614
8613 51913 21:0 8619
8618 51813 21:0 8624
8623 52044 21:0 8679
8678 52079 21:0 8695
8694 52076 21:0 8700
8699 52045 21:0 8750
8749 52077 21:0 8766
8765 52078 21:0 8776
8775 52043 21:0 8798
8797 52046 21:0 8842
8841 52012 21:0 8847
8846 52011 21:0 8866
8865 52175 21:0 8918
8917 52110 21:0 8923
8922 52142 21:0 8928
8927 52109 21:0 8983
8982 52143 21:0 8999
8998 52112 21:0 9004
9003 52177 21:0 9054
9053 52111 21:0 9070
9069 52145 21:0 9077
9076 52176 21:0 9086
9085 52243 21:0 9089
9087 50802 1:0 9215
9088 52210 21:0 9097
9094 50801 1:0 9223
9095 50799 1:0 9233
9096 52211 21:0 9106
9098 50736 1:0 9477
9104 50735 1:0 9485
9104 50702 1:0 9528
9105 52208 21:0 9109
9107 50703 1:0 9608
9110 50701 1:0 9615
9110 50700 1:0 9626
9123 330 21:0 9137
9130 50669 1:0 9659
9143 50670 1:0 9739
9225 50668 1:0 9746
9226 50667 1:0 9757
9235 50637 1:0 9870
9235 50635 1:0 9877
9241 50634 1:0 9888
9246 50604 1:0 9921
9274 50603 1:0 10001
9356 50602 1:0 10008
9357 50601 1:0 10019
9366 50571 1:0 10052
9366 50569 1:0 10132
9372 50570 1:0 10140
9392 50568 1:0 10150
9405 50538 1:0 10183
9487 50536 1:0 10263
9488 50537 1:0 10271
9497 50535 1:0 10281
9497 50505 1:0 10314
9503 50504 1:0 10394
9523 50503 1:0 10401
9618 50502 1:0 10412
9619 50472 1:0 10445
9619 50471 1:0 10525
9628 50470 1:0 10532
9628 50469 1:0 10543
9636 50437 1:0 10576
9655 50439 1:0 10656
9749 50438 1:0 10664
9750 50436 1:0 10674
9750 50406 1:0 10707
9759 50405 1:0 10787
9759 50404 1:0 10794
9767 50403 1:0 10805
9786 50373 1:0 10838
9880 50371 1:0 10918
9881 50372 1:0 10926
9890 50370 1:0 10936
9890 50339 1:0 10969
9896 50340 1:0 11049
9900 50338 1:0 11056
9901 331 1:0 12397
9929 50337 1:0 11067
11247 53221 21:0 11255
11255 53224 21:0 11321
11323 53254 21:0 11331
11330 53256 21:0 11381
11380 53255 21:0 11397
11396 53257 21:0 11402
11401 53287 21:0 11421
11420 53288 21:0 11473
11472 53289 21:0 11478
11477 53290 21:0 11483
11482 53320 21:0 11538
11537 53323 21:0 11554
11553 53353 21:0 11559
11558 53354 21:0 11609
11608 53355 21:0 11625
11624 53356 21:0 11635
11634 53386 21:0 11657
11656 53388 21:0 11701
11700 53387 21:0 11706
11705 53389 21:0 11725
11724 53419 21:0 11777
11776 53422 21:0 11782
11781 53452 21:0 11787
11786 53322 21:0 11842
11841 53321 21:0 11858
11860 53487 21:0 11877
11876 53420 21:0 11929
11928 53223 21:0 11934
11933 53421 21:0 11939
11938 53222 21:0 12005
12004 53454 21:0 12010
12009 53453 21:0 12015
12014 53455 21:0 12065
12064 53520 21:0 12081
12080 53519 21:0 12091
12090 53554 21:0 12130
12129 53551 21:0 12157
12156 53584 21:0 12162
12161 53486 21:0 12181
12180 53553 21:0 12233
12232 53518 21:0 12238
12237 53552 21:0 12243
12242 53485 21:0 12298
12311 53683 21:0 12319
12318 53618 21:0 12369
12368 53653 21:0 12385
12384 53521 21:0 12390
12389 53488 21:0 12401
12400 53652 21:0 12404
12402 52243 1:0 12538
12403 53620 21:0 12412
12409 52211 1:0 12661
12410 52210 1:0 12669
12411 53586 21:0 12421
12413 52208 1:0 12679
12419 52176 1:0 12792
12419 52177 1:0 12800
12420 53650 21:0 12424
12422 52175 1:0 12810
12425 52145 1:0 12923
12425 52143 1:0 12930
12438 331 21:0 12452
12445 52142 1:0 12941
12451 53651 21:0 12532
12458 52111 1:0 12974
12512 52112 1:0 13054
12540 52110 1:0 13061
12541 52109 1:0 13072
12550 52078 1:0 13105
12550 52079 1:0 13185
12556 52077 1:0 13192
12561 52076 1:0 13203
12589 52046 1:0 13236
12671 52045 1:0 13316
12672 52044 1:0 13323
12681 52043 1:0 13334
12681 52011 1:0 13447
12687 52012 1:0 13455
12707 52010 1:0 13465
12720 51978 1:0 13498
12802 51980 1:0 13578
12803 51979 1:0 13586
12812 51977 1:0 13596
12812 51947 1:0 13629
12818 51945 1:0 13709
12838 51946 1:0 13717
12933 51944 1:0 13727
12934 51913 1:0 13760
12934 51914 1:0 13840
12943 51912 1:0 13847
12943 51911 1:0 13858
12951 51881 1:0 13891
12970 51879 1:0 13971
13064 51880 1:0 13979
13065 51878 1:0 13989
13065 51848 1:0 14022
13074 51846 1:0 14102
13074 51847 1:0 14110
13082 51845 1:0 14120
13101 51813 1:0 14153
13195 51815 1:0 14233
13196 51814 1:0 14241
13205 51812 1:0 14251
13205 51782 1:0 14284
13211 51781 1:0 14364
13215 51780 1:0 14371
13216 332 1:0 15712
13244 51779 1:0 14382
13326 53683 1:0 15863
13327 53651 1:0 15896
14562 54663 21:0 14570
14570 54666 21:0 14636
14638 54696 21:0 14646
14645 54697 21:0 14696
14695 54698 21:0 14712
14711 54699 21:0 14717
14716 54729 21:0 14736
14735 54731 21:0 14788
14787 54730 21:0 14793
14792 54732 21:0 14798
14797 54762 21:0 14853
14852 54765 21:0 14869
14868 54795 21:0 14874
14873 54796 21:0 14924
14923 54797 21:0 14940
14939 54798 21:0 14950
14949 54828 21:0 14972
14971 54829 21:0 15016
15018 54861 21:0 15026
15025 54862 21:0 15076
15075 54863 21:0 15092
15091 54864 21:0 15097
15096 54894 21:0 15116
15115 54896 21:0 15168
15167 54895 21:0 15173
15172 54830 21:0 15178
15177 54664 21:0 15233
15232 54665 21:0 15249
15248 54764 21:0 15254
15253 54831 21:0 15304
15303 54763 21:0 15320
15319 54929 21:0 15330
15329 54927 21:0 15352
15351 54963 21:0 15396
15395 54928 21:0 15401
15400 54961 21:0 15420
15419 54930 21:0 15472
15471 54962 21:0 15477
15476 54897 21:0 15482
15481 54960 21:0 15537
15536 54993 21:0 15553
15552 55059 21:0 15558
15557 54995 21:0 15608
15607 55060 21:0 15624
15623 55027 21:0 15629
15628 55028 21:0 15648
15647 55062 21:0 15700
15699 55061 21:0 15705
15704 55026 21:0 15710
15709 55029 21:0 15719
15718 54994 21:0 15727
15724 53653 1:0 15976
15725 53652 1:0 15984
15726 54996 21:0 15730
15728 53650 1:0 15994
15731 53620 1:0 16107
15734 53618 1:0 16114
15734 53586 1:0 16246
15740 53584 1:0 16256
15753 332 21:0 15767
15760 53552 1:0 16289
15773 53554 1:0 16369
15855 53553 1:0 16377
15856 53551 1:0 16387
15865 53521 1:0 16420
15865 53519 1:0 16500
15871 53520 1:0 16508
15876 53518 1:0 16518
15904 53488 1:0 16551
15986 53486 1:0 16631
15987 53487 1:0 16639
15996 53485 1:0 16649
15996 53455 1:0 16682
16002 53453 1:0 16762
16022 53454 1:0 16770
16035 53452 1:0 16780
16117 53421 1:0 16813
16118 53422 1:0 16893
16127 53420 1:0 16900
16127 53419 1:0 16911
16133 53389 1:0 16944
16153 53387 1:0 17024
16248 53388 1:0 17032
16249 53386 1:0 17042
16249 53356 1:0 17075
16258 53355 1:0 17155
16258 53354 1:0 17162
16266 53353 1:0 17173
16285 53321 1:0 17206
16379 53323 1:0 17286
16380 53322 1:0 17294
16380 53320 1:0 17304
16389 53290 1:0 17337
16389 53289 1:0 17417
16397 53288 1:0 17424
16416 53287 1:0 17435
16510 53257 1:0 17468
16511 53255 1:0 17548
16520 53256 1:0 17556
16520 53254 1:0 17566
16526 53222 1:0 17599
16530 53224 1:0 17679
16531 333 1:0 19027
16559 53223 1:0 17687
16641 53221 1:0 17697
17877 56105 21:0 17885
17885 56108 21:0 17951
17953 56138 21:0 17961
17960 56139 21:0 18011
18010 56140 21:0 18027
18026 56141 21:0 18032
18031 56171 21:0 18051
18050 56172 21:0 18103
18102 56173 21:0 18108
18107 56174 21:0 18113
18112 56204 21:0 18168
18167 56207 21:0 18184
18183 56237 21:0 18189
18188 56239 21:0 18239
18238 56238 21:0 18255
18254 56240 21:0 18265
18264 56270 21:0 18287
18286 56271 21:0 18331
18330 56272 21:0 18336
18335 56273 21:0 18355
18354 56303 21:0 18407
18409 56336 21:0 18417
18416 56338 21:0 18467
18466 56337 21:0 18483
18482 56106 21:0 18488
18487 56205 21:0 18507
18506 56339 21:0 18559
18558 56304 21:0 18564
18563 56206 21:0 18569
18568 56306 21:0 18624
18623 56107 21:0 18640
18639 56305 21:0 18645
18644 56435 21:0 18695
18694 56371 21:0 18711
18710 56437 21:0 18721
18720 56369 21:0 18743
18742 56436 21:0 18787
18786 56404 21:0 18792
18791 56403 21:0 18811
18810 56468 21:0 18863
18862 56372 21:0 18868
18867 56370 21:0 18873
18872 56405 21:0 18928
18927 56504 21:0 18944
18943 56470 21:0 18949
18948 56535 21:0 18999
18998 56501 21:0 19015
19014 56537 21:0 19022
19021 56536 21:0 19031
19030 56534 21:0 19034
19032 55061 1:0 19342
19033 56471 21:0 19042
19039 55062 1:0 19422
19040 55060 1:0 19429
19041 56438 21:0 19051
19043 55059 1:0 19440
19049 55029 1:0 19473
19049 55028 1:0 19553
19052 55027 1:0 19560
19055 55026 1:0 19571
19068 333 21:0 19082
19075 54996 1:0 19604
19088 54994 1:0 19684
19170 54995 1:0 19692
19171 54993 1:0 19702
19180 54962 1:0 19735
19180 54963 1:0 19815
19186 54961 1:0 19822
19191 54960 1:0 19833
19219 54930 1:0 19866
19301 54928 1:0 19946
19302 54929 1:0 19954
19311 54927 1:0 19964
19311 54897 1:0 19997
19317 54895 1:0 20077
19337 54896 1:0 20085
19350 54894 1:0 20095
19432 54864 1:0 20128
19433 54863 1:0 20208
19442 54862 1:0 20215
19442 54861 1:0 20226
19448 54831 1:0 20259
19468 54830 1:0 20339
19563 54829 1:0 20346
19564 54828 1:0 20357
19564 54798 1:0 20390
19573 54797 1:0 20470
19573 54796 1:0 20477
19581 54795 1:0 20488
19600 54763 1:0 20521
19694 54765 1:0 20601
19695 54764 1:0 20609
19695 54762 1:0 20619
19704 54732 1:0 20652
19704 54730 1:0 20732
19712 54731 1:0 20740
19731 54729 1:0 20750
19825 54699 1:0 20783
19826 54698 1:0 20863
19835 54697 1:0 20870
19835 54696 1:0 20881
19841 54665 1:0 20914
19845 54666 1:0 20994
19846 334 1:0 22342
19874 54664 1:0 21001
19956 54663 1:0 21012
21192 57547 21:0 21200
21200 57550 21:0 21266
21268 57580 21:0 21276
21275 57581 21:0 21326
21325 57582 21:0 21342
21341 57583 21:0 21347
21346 57613 21:0 21366
21365 57614 21:0 21418
21420 57646 21:0 21428
21427 57648 21:0 21478
21477 57647 21:0 21494
21493 57649 21:0 21499
21498 57679 21:0 21518
21517 57680 21:0 21570
21569 57681 21:0 21575
21574 57682 21:0 21580
21579 57712 21:0 21635
21634 57715 21:0 21651
21650 57745 21:0 21656
21655 57746 21:0 21706
21705 57748 21:0 21722
21721 57747 21:0 21732
21731 57778 21:0 21754
21753 57548 21:0 21798
21797 57549 21:0 21803
21802 57615 21:0 21822
21821 57814 21:0 21874
21873 57713 21:0 21879
21878 57714 21:0 21884
21883 57813 21:0 21939
21938 57811 21:0 21955
21954 57812 21:0 21960
21959 57779 21:0 22010
22009 57616 21:0 22026
22025 57780 21:0 22033
22032 57781 21:0 22050
22049 57846 21:0 22102
22101 57847 21:0 22107
22106 57844 21:0 22112
22111 57879 21:0 22177
22176 57880 21:0 22183
22182 57913 21:0 22188
22187 57877 21:0 22238
22237 57911 21:0 22254
22253 57910 21:0 22264
22263 57912 21:0 22297
22296 57943 21:0 22330
22329 58010 21:0 22335
22334 57979 21:0 22346
22345 57944 21:0 22349
22347 56536 1:0 22526
22348 57946 21:0 22357
22354 56537 1:0 22606
22355 56535 1:0 22613
22356 57977 21:0 22366
22358 56534 1:0 22624
22364 56504 1:0 22737
22364 56501 1:0 22755
22367 56471 1:0 22868
22370 56470 1:0 22876
22383 334 21:0 22397
22390 56468 1:0 22886
22403 56438 1:0 22919
22485 56436 1:0 22999
22486 56437 1:0 23007
22495 56435 1:0 23017
22495 56405 1:0 23050
22501 56403 1:0 23130
22506 56404 1:0 23138
22534 56370 1:0 23181
22616 56372 1:0 23261
22617 56371 1:0 23269
22626 56369 1:0 23279
22626 56339 1:0 23312
22632 56337 1:0 23392
22652 56338 1:0 23400
22665 56336 1:0 23410
22747 56305 1:0 23443
22748 56306 1:0 23523
22757 56304 1:0 23530
22757 56303 1:0 23541
22763 56273 1:0 23574
22783 56272 1:0 23654
22878 56271 1:0 23661
22879 56270 1:0 23672
22879 56240 1:0 23705
22888 56238 1:0 23785
22888 56239 1:0 23793
22896 56237 1:0 23803
22915 56206 1:0 23836
23009 56207 1:0 23916
23010 56205 1:0 23923
23010 56204 1:0 23934
23019 56174 1:0 23967
23019 56173 1:0 24047
23027 56172 1:0 24054
23046 56171 1:0 24065
23140 56141 1:0 24098
23141 56140 1:0 24178
23150 56139 1:0 24185
23150 56138 1:0 24196
23156 56107 1:0 24229
23160 56108 1:0 24309
23161 335 1:0 25657
23189 56106 1:0 24316
23271 56105 1:0 24327
23272 58010 1:0 25797
24507 58989 21:0 24515
24515 58992 21:0 24581
24583 59022 21:0 24591
24590 59023 21:0 24641
24640 59024 21:0 24657
24656 59025 21:0 24662
24661 59055 21:0 24681
24680 59057 21:0 24733
24732 59056 21:0 24738
24737 59058 21:0 24743
24742 59088 21:0 24798
24797 59091 21:0 24814
24813 59121 21:0 24819
24818 59123 21:0 24869
24868 59122 21:0 24885
24884 59124 21:0 24895
24894 59154 21:0 24917
24916 59156 21:0 24961
24960 59155 21:0 24966
24965 59157 21:0 24985
24984 59189 21:0 25037
25036 59188 21:0 25042
25041 59190 21:0 25047
25046 59220 21:0 25102
25101 59089 21:0 25118
25117 58990 21:0 25123
25122 58991 21:0 25173
25172 59090 21:0 25189
25188 59187 21:0 25196
25195 59223 21:0 25213
25212 59289 21:0 25265
25264 59256 21:0 25270
25269 59255 21:0 25275
25274 59287 21:0 25341
25340 59286 21:0 25346
25345 59254 21:0 25351
25350 59253 21:0 25401
25400 59319 21:0 25417
25416 59288 21:0 25427
25426 59321 21:0 25466
25465 59354 21:0 25493
25492 59320 21:0 25498
25497 59322 21:0 25517
25516 59387 21:0 25569
25568 59352 21:0 25574
25573 59222 21:0 25579
25578 59353 21:0 25634
25633 59221 21:0 25650
25649 59385 21:0 25655
25654 59484 21:0 25661
25660 59453 21:0 25672
25669 57979 1:0 25921
25670 57977 1:0 25928
25673 57946 1:0 26052
25679 57944 1:0 26059
25679 57943 1:0 26070
25685 57912 1:0 26103
25698 335 21:0 25712
25705 57913 1:0 26183
25718 57911 1:0 26190
25800 57910 1:0 26201
25801 57880 1:0 26314
25810 57879 1:0 26322
25810 57877 1:0 26332
25816 57847 1:0 26445
25821 57846 1:0 26453
25849 57844 1:0 26463
25931 57812 1:0 26496
25932 57814 1:0 26576
25941 57813 1:0 26584
25941 57811 1:0 26594
25947 57781 1:0 26627
25967 57780 1:0 26707
25980 57779 1:0 26714
26062 57778 1:0 26725
26063 57747 1:0 26758
26072 57748 1:0 26838
26072 57746 1:0 26845
26078 57745 1:0 26856
26098 57714 1:0 26889
26193 57715 1:0 26969
26194 57713 1:0 26976
26194 57712 1:0 26987
26203 57682 1:0 27020
26203 57681 1:0 27100
26211 57680 1:0 27107
26230 57679 1:0 27118
26324 57649 1:0 27151
26325 57647 1:0 27231
26325 57648 1:0 27239
26334 57646 1:0 27249
26334 57616 1:0 27282
26342 57615 1:0 27362
26361 57614 1:0 27369
26455 57613 1:0 27380
26456 57583 1:0 27413
26465 57582 1:0 27493
26465 57581 1:0 27500
26471 57580 1:0 27511
26475 57549 1:0 27544
26476 336 1:0 28972
26504 57550 1:0 27624
26586 57548 1:0 27631
26587 57547 1:0 27642
27822 60431 21:0 27830
27830 60434 21:0 27896
27898 60464 21:0 27906
27905 60466 21:0 27956
27955 60465 21:0 27972
27971 60467 21:0 27977
27976 60497 21:0 27996
27995 60499 21:0 28048
28047 60498 21:0 28053
28052 60500 21:0 28058
28057 60530 21:0 28113
28112 60533 21:0 28129
28128 60563 21:0 28134
28133 60564 21:0 28184
28183 60565 21:0 28200
28199 60566 21:0 28210
28209 60596 21:0 28232
28231 60598 21:0 28276
28275 60597 21:0 28281
28280 60599 21:0 28300
28299 60630 21:0 28352
28351 60631 21:0 28357
28356 60632 21:0 28362
28361 60629 21:0 28417
28416 60532 21:0 28433
28432 60433 21:0 28438
28437 60432 21:0 28488
28487 60696 21:0 28504
28503 60663 21:0 28512
28511 60664 21:0 28528
28527 60662 21:0 28580
28579 60695 21:0 28585
28584 60531 21:0 28590
28589 60698 21:0 28656
28655 60697 21:0 28661
28660 60665 21:0 28666
28665 60728 21:0 28720
28719 60730 21:0 28732
28731 60796 21:0 28742
28741 60763 21:0 28783
28782 60797 21:0 28808
28807 60729 21:0 28813
28812 60762 21:0 28832
28831 60764 21:0 28884
28883 60731 21:0 28889
28888 60794 21:0 28894
28893 60795 21:0 28949
28948 60860 21:0 28965
28964 60828 21:0 28970
28969 60830 21:0 28976
28975 60896 21:0 28987
28984 59484 1:0 28992
28985 59453 1:0 29113
28986 60893 21:0 28990
28988 59387 1:0 29375
28989 60862 21:0 28996
28991 59385 1:0 29385
28994 59353 1:0 29498
28994 59354 1:0 29506
28995 60894 21:0 28999
28997 59352 1:0 29516
29000 59322 1:0 29549
29000 59320 1:0 29629
29013 336 21:0 29027
29020 59321 1:0 29637
29026 60827 21:0 29107
29033 59319 1:0 29647
29087 59288 1:0 29680
29106 60863 21:0 29110
29108 59289 1:0 29760
29109 60895 21:0 29118
29115 59287 1:0 29767
29116 59286 1:0 29778
29119 59254 1:0 29811
29125 59256 1:0 29891
29125 59255 1:0 29899
29131 59253 1:0 29909
29136 59221 1:0 29942
29164 59223 1:0 30022
29246 59222 1:0 30030
29247 59220 1:0 30040
29256 59190 1:0 30073
29256 59188 1:0 30153
29262 59189 1:0 30161
29282 59187 1:0 30171
29295 59157 1:0 30204
29377 59155 1:0 30284
29378 59156 1:0 30292
29387 59154 1:0 30302
29387 59124 1:0 30335
29393 59122 1:0 30415
29413 59123 1:0 30423
29508 59121 1:0 30433
29509 59090 1:0 30466
29509 59091 1:0 30546
29518 59089 1:0 30553
29518 59088 1:0 30564
29526 59058 1:0 30597
29545 59056 1:0 30677
29639 59057 1:0 30685
29640 59055 1:0 30695
29640 59025 1:0 30728
29649 59024 1:0 30808
29649 59023 1:0 30815
29657 59022 1:0 30826
29676 58991 1:0 30859
29688 337 1:0 32287
29770 58992 1:0 30939
29771 58990 1:0 30946
29780 58989 1:0 30957
29780 60895 1:0 32340
29786 60896 1:0 32420
29791 60894 1:0 32427
29819 60893 1:0 32438
29901 60863 1:0 32551
31137 61873 21:0 31145
31145 61876 21:0 31211
31213 61906 21:0 31221
31220 61908 21:0 31271
31270 61907 21:0 31287
31286 61909 21:0 31292
31291 61939 21:0 31311
31310 61942 21:0 31363
31365 61972 21:0 31373
31372 61974 21:0 31423
31422 61973 21:0 31439
31438 61975 21:0 31444
31443 62005 21:0 31463
31462 62007 21:0 31515
31514 62006 21:0 31520
31519 62008 21:0 31525
31524 62038 21:0 31580
31579 62040 21:0 31596
31595 62039 21:0 31601
31600 62041 21:0 31651
31650 62074 21:0 31667
31669 62104 21:0 31677
31676 61875 21:0 31727
31726 62071 21:0 31743
31742 61940 21:0 31748
31747 61941 21:0 31767
31766 61874 21:0 31819
31818 62073 21:0 31824
31823 62072 21:0 31829
31828 62172 21:0 31884
31883 62171 21:0 31900
31899 62139 21:0 31905
31904 62173 21:0 31955
31954 62107 21:0 31971
31970 62106 21:0 31981
31980 62137 21:0 32003
32002 62138 21:0 32047
32046 62105 21:0 32052
32051 62170 21:0 32071
32070 62204 21:0 32123
32122 62237 21:0 32128
32127 62269 21:0 32133
32132 62206 21:0 32188
32187 62238 21:0 32204
32203 62239 21:0 32209
32208 62140 21:0 32259
32258 62203 21:0 32275
32274 62270 21:0 32285
32284 62205 21:0 32291
32290 62304 21:0 32294
32292 60862 1:0 32559
32293 62303 21:0 32302
32299 60860 1:0 32569
32300 60830 1:0 32682
32303 60828 1:0 32689
32309 60827 1:0 32700
32309 60795 1:0 32733
32315 60797 1:0 32813
32328 337 21:0 32342
32335 60796 1:0 32821
32348 60794 1:0 32831
32430 60764 1:0 32864
32431 60762 1:0 32944
32440 60763 1:0 32952
32440 60731 1:0 32995
32446 60729 1:0 33075
32451 60730 1:0 33083
32479 60728 1:0 33093
32561 60697 1:0 33126
32562 60698 1:0 33206
32571 60696 1:0 33213
32571 60695 1:0 33224
32577 60665 1:0 33257
32597 60664 1:0 33337
32610 60663 1:0 33344
32692 60662 1:0 33355
32693 60632 1:0 33388
32702 60631 1:0 33468
32702 60630 1:0 33475
32708 60629 1:0 33486
32728 60599 1:0 33519
32823 60597 1:0 33599
32824 60598 1:0 33607
32824 60596 1:0 33617
32833 60566 1:0 33650
32833 60565 1:0 33730
32841 60564 1:0 33737
32860 60563 1:0 33748
32954 60531 1:0 33781
32955 60533 1:0 33861
32955 60532 1:0 33869
32964 60530 1:0 33879
32964 60500 1:0 33912
32972 60498 1:0 33992
32991 60499 1:0 34000
33085 60497 1:0 34010
33086 60467 1:0 34043
33095 60465 1:0 34123
33095 60466 1:0 34131
33101 60464 1:0 34141
33105 60432 1:0 34174
33106 338 1:0 35602
33134 60434 1:0 34254
33216 60433 1:0 34262
33217 60431 1:0 34272
34457 63316 21:0 34474
34473 63317 21:0 34526
34525 63318 21:0 34531
34530 63348 21:0 34536
34536 63351 21:0 34602
34604 63381 21:0 34612
34611 63383 21:0 34662
34661 63382 21:0 34678
34677 63384 21:0 34683
34682 63414 21:0 34702
34701 63416 21:0 34754
34753 63415 21:0 34759
34758 63417 21:0 34764
34763 63447 21:0 34819
34818 63450 21:0 34835
34834 63480 21:0 34840
34839 63481 21:0 34890
34889 63482 21:0 34906
34905 63483 21:0 34916
34915 63513 21:0 34938
34937 63515 21:0 34982
34981 63514 21:0 34987
34986 63516 21:0 35006
35005 63546 21:0 35058
35057 63548 21:0 35063
35062 63349 21:0 35068
35067 63579 21:0 35123
35122 63580 21:0 35139
35138 63449 21:0 35144
35143 63547 21:0 35194
35193 63549 21:0 35210
35209 63350 21:0 35220
35219 63448 21:0 35236
35235 63648 21:0 35286
35285 63612 21:0 35291
35290 63614 21:0 35296
35295 63647 21:0 35362
35361 63315 21:0 35367
35366 63613 21:0 35372
35371 63646 21:0 35427
35426 63645 21:0 35438
35437 63678 21:0 35448
35447 63581 21:0 35498
35497 63582 21:0 35514
35513 63615 21:0 35519
35518 63744 21:0 35538
35537 63745 21:0 35590
35589 63747 21:0 35595
35594 63681 21:0 35600
35599 63680 21:0 35609
35608 63714 21:0 35617
35614 62303 1:0 35866
35615 62304 1:0 35874
35616 63712 21:0 35620
35618 62270 1:0 36004
35619 63711 21:0 35629
35621 62269 1:0 36015
35624 62239 1:0 36048
35624 62238 1:0 36128
35630 62237 1:0 36135
35630 62205 1:0 36179
35643 338 21:0 35657
35650 62206 1:0 36259
35663 62204 1:0 36266
35745 62203 1:0 36277
35746 62173 1:0 36310
35755 62171 1:0 36390
35755 62172 1:0 36398
35761 62170 1:0 36408
35766 62140 1:0 36441
35794 62138 1:0 36521
35876 62139 1:0 36529
35877 62137 1:0 36539
35886 62105 1:0 36572
35886 62107 1:0 36652
35892 62106 1:0 36660
35912 62104 1:0 36670
35925 62072 1:0 36703
36007 62074 1:0 36783
36008 62073 1:0 36791
36017 62071 1:0 36801
36017 62041 1:0 36834
36023 62039 1:0 36914
36043 62040 1:0 36922
36138 62038 1:0 36932
36139 62008 1:0 36965
36139 62006 1:0 37045
36148 62007 1:0 37053
36148 62005 1:0 37063
36156 61975 1:0 37096
36175 61973 1:0 37176
36269 61974 1:0 37184
36270 61972 1:0 37194
36270 61941 1:0 37227
36279 61942 1:0 37307
36279 61940 1:0 37314
36287 61939 1:0 37325
36306 61909 1:0 37358
36400 61907 1:0 37438
36401 61908 1:0 37446
36410 61906 1:0 37456
36410 61874 1:0 37489
36416 61876 1:0 37569
36420 61875 1:0 37577
36421 339 1:0 38917
36449 61873 1:0 37587
37767 64757 21:0 37775
37775 64760 21:0 37841
37843 64790 21:0 37851
37850 64792 21:0 37901
37900 64791 21:0 37917
37916 64793 21:0 37922
37921 64823 21:0 37941
37940 64824 21:0 37993
37992 64825 21:0 37998
37997 64826 21:0 38003
38002 64856 21:0 38058
38057 64859 21:0 38074
38073 64889 21:0 38079
38078 64890 21:0 38129
38128 64891 21:0 38145
38144 64892 21:0 38155
38154 64922 21:0 38177
38176 64924 21:0 38221
38220 64923 21:0 38226
38225 64925 21:0 38245
38244 64958 21:0 38297
38299 64988 21:0 38307
38307 64991 21:0 38373
38375 65021 21:0 38383
38382 64989 21:0 38433
38432 64957 21:0 38449
38448 64759 21:0 38454
38453 64858 21:0 38473
38472 64955 21:0 38525
38524 64758 21:0 38530
38529 64990 21:0 38535
38534 64857 21:0 38590
38589 64956 21:0 38606
38605 65057 21:0 38611
38610 65024 21:0 38661
38660 65056 21:0 38677
38676 65087 21:0 38687
38686 65022 21:0 38705
38704 65055 21:0 38753
38752 65088 21:0 38758
38757 65090 21:0 38774
38773 65089 21:0 38829
38828 65054 21:0 38834
38833 65187 21:0 38839
38838 65121 21:0 38894
38893 65122 21:0 38910
38909 65123 21:0 38915
38914 65120 21:0 38921
38920 65154 21:0 38924
38922 63747 1:0 39181
38923 65186 21:0 38935
38929 63745 1:0 39188
38930 63744 1:0 39199
38934 65189 21:0 38941
38936 63714 1:0 39312
38939 63712 1:0 39319
38939 63711 1:0 39330
38940 65153 21:0 38944
38942 63681 1:0 39443
38945 63680 1:0 39451
38945 63678 1:0 39461
38958 339 21:0 38972
38965 63646 1:0 39494
38971 65155 21:0 39048
38978 63648 1:0 39574
39032 63647 1:0 39582
39060 63645 1:0 39592
39061 63615 1:0 39625
39070 63613 1:0 39705
39070 63614 1:0 39713
39076 63612 1:0 39723
39081 63582 1:0 39756
39109 63581 1:0 39836
39191 63580 1:0 39843
39192 63579 1:0 39854
39201 63549 1:0 39887
39201 63547 1:0 39967
39207 63548 1:0 39975
39227 63546 1:0 39985
39240 63516 1:0 40018
39322 63514 1:0 40098
39323 63515 1:0 40106
39332 63513 1:0 40116
39332 63483 1:0 40149
39338 63482 1:0 40229
39358 63481 1:0 40236
39453 63480 1:0 40247
39454 63448 1:0 40280
39454 63450 1:0 40360
39463 63449 1:0 40368
39463 63447 1:0 40378
39471 63417 1:0 40411
39490 63415 1:0 40491
39584 63416 1:0 40499
39585 63414 1:0 40509
39585 63384 1:0 40542
39594 63382 1:0 40622
39594 63383 1:0 40630
39602 63381 1:0 40640
39621 63350 1:0 40673
39715 63351 1:0 40753
39716 63349 1:0 40760
39725 63348 1:0 40771
39725 63318 1:0 40804
39731 63317 1:0 40884
39735 63316 1:0 40891
39736 340 1:0 42232
39764 63315 1:0 40902
39846 65189 1:0 42496
41082 66199 21:0 41090
41090 66202 21:0 41156
41158 66232 21:0 41166
41165 66233 21:0 41216
41215 66234 21:0 41232
41231 66235 21:0 41237
41236 66265 21:0 41256
41255 66268 21:0 41308
41310 66298 21:0 41318
41317 66300 21:0 41368
41367 66299 21:0 41384
41383 66301 21:0 41389
41388 66331 21:0 41408
41407 66333 21:0 41460
41459 66332 21:0 41465
41464 66334 21:0 41470
41469 66364 21:0 41525
41524 66365 21:0 41541
41540 66366 21:0 41546
41545 66367 21:0 41596
41595 66397 21:0 41612
41611 66400 21:0 41622
41621 66430 21:0 41644
41643 66399 21:0 41688
41687 66267 21:0 41693
41692 66200 21:0 41712
41711 66432 21:0 41764
41763 66464 21:0 41769
41771 66497 21:0 41788
41787 66465 21:0 41840
41839 66463 21:0 41845
41844 66398 21:0 41850
41849 66466 21:0 41916
41915 66498 21:0 41921
41920 66496 21:0 41926
41925 66431 21:0 41976
41975 66565 21:0 41992
41991 66563 21:0 42002
42001 66201 21:0 42041
42040 66532 21:0 42068
42067 66531 21:0 42073
42072 66266 21:0 42092
42091 66433 21:0 42144
42143 66562 21:0 42149
42148 66529 21:0 42154
42153 66530 21:0 42209
42208 66631 21:0 42225
42224 66661 21:0 42230
42229 66597 21:0 42236
42235 66499 21:0 42247
42244 65187 1:0 42503
42245 65186 1:0 42514
42246 66596 21:0 42250
42248 65155 1:0 42627
42251 65154 1:0 42634
42254 65153 1:0 42645
42254 65123 1:0 42678
42260 65122 1:0 42758
42273 340 21:0 42287
42280 65121 1:0 42765
42293 65120 1:0 42776
42375 65089 1:0 42809
42376 65090 1:0 42889
42385 65088 1:0 42896
42385 65087 1:0 42907
42391 65055 1:0 42940
42396 65057 1:0 43020
42424 65056 1:0 43028
42506 65054 1:0 43038
42507 65024 1:0 43151
42516 65022 1:0 43158
42516 65021 1:0 43169
42522 64990 1:0 43202
42542 64991 1:0 43282
42555 64989 1:0 43289
42637 64988 1:0 43300
42638 64956 1:0 43333
42647 64958 1:0 43413
42647 64957 1:0 43421
42653 64955 1:0 43431
42673 64925 1:0 43464
42768 64923 1:0 43544
42769 64924 1:0 43552
42769 64922 1:0 43562
42778 64892 1:0 43595
42778 64891 1:0 43675
42786 64890 1:0 43682
42805 64889 1:0 43693
42899 64857 1:0 43726
42900 64859 1:0 43806
42900 64858 1:0 43814
42909 64856 1:0 43824
42909 64826 1:0 43857
42917 64825 1:0 43937
42936 64824 1:0 43944
43030 64823 1:0 43955
43031 64793 1:0 43988
43040 64791 1:0 44068
43040 64792 1:0 44076
43046 64790 1:0 44086
43050 64758 1:0 44119
43051 341 1:0 45547
43079 64760 1:0 44199
43161 64759 1:0 44207
43162 64757 1:0 44217
44397 67641 21:0 44405
44405 67644 21:0 44471
44473 67674 21:0 44481
44480 67676 21:0 44531
44530 67675 21:0 44547
44546 67677 21:0 44552
44551 67707 21:0 44571
44570 67708 21:0 44623
44622 67709 21:0 44628
44627 67710 21:0 44633
44632 67740 21:0 44688
44687 67743 21:0 44704
44703 67773 21:0 44709
44708 67775 21:0 44759
44758 67774 21:0 44775
44774 67776 21:0 44785
44784 67806 21:0 44807
44806 67809 21:0 44851
44853 67839 21:0 44861
44860 67841 21:0 44911
44910 67840 21:0 44927
44926 67842 21:0 44932
44931 67872 21:0 44951
44950 67742 21:0 45003
45002 67642 21:0 45008
45007 67874 21:0 45013
45012 67643 21:0 45068
45067 67907 21:0 45084
45083 67741 21:0 45089
45088 67905 21:0 45139
45138 67807 21:0 45155
45154 67873 21:0 45165
45164 67906 21:0 45187
45186 67808 21:0 45231
45230 67875 21:0 45236
45235 67939 21:0 45255
45254 67938 21:0 45307
45306 67971 21:0 45312
45311 67974 21:0 45317
45316 67940 21:0 45372
45371 68004 21:0 45388
45387 67973 21:0 45393
45392 67908 21:0 45443
45442 67972 21:0 45459
45458 67941 21:0 45469
45468 68005 21:0 45483
45482 68073 21:0 45535
45534 68071 21:0 45540
45539 68072 21:0 45545
45544 68007 21:0 45554
45553 68040 21:0 45562
45559 66661 1:0 45698
45560 66631 1:0 45811
45561 68038 21:0 45565
45563 66596 1:0 45942
45564 68070 21:0 45574
45566 66597 1:0 45950
45569 66565 1:0 46073
45569 66563 1:0 46080
45575 66562 1:0 46091
45575 66530 1:0 46124
45588 341 21:0 45602
45595 66532 1:0 46204
45601 68006 21:0 45682
45608 66531 1:0 46212
45662 66529 1:0 46222
45681 68103 21:0 45685
45683 66499 1:0 46255
45690 66498 1:0 46335
45691 66497 1:0 46342
45700 66496 1:0 46353
45700 66466 1:0 46386
45706 66465 1:0 46466
45711 66464 1:0 46473
45739 66463 1:0 46484
45821 66433 1:0 46517
45822 66431 1:0 46597
45831 66432 1:0 46605
45831 66430 1:0 46615
45837 66398 1:0 46648
45857 66400 1:0 46728
45870 66399 1:0 46736
45952 66397 1:0 46746
45953 66367 1:0 46779
45962 66366 1:0 46859
45962 66365 1:0 46866
45968 66364 1:0 46877
45988 66334 1:0 46910
46083 66332 1:0 46990
46084 66333 1:0 46998
46084 66331 1:0 47008
46093 66301 1:0 47041
46093 66299 1:0 47121
46101 66300 1:0 47129
46120 66298 1:0 47139
46214 66266 1:0 47169
46215 66268 1:0 47252
46215 66267 1:0 47260
46224 66265 1:0 47270
46224 66235 1:0 47303
46232 66234 1:0 47383
46251 66233 1:0 47390
46263 342 1:0 48862
46345 66232 1:0 47401
46346 66201 1:0 47434
46355 66202 1:0 47514
46355 66200 1:0 47521
46361 66199 1:0 47532
46366 68103 1:0 49013
46394 68072 1:0 49046
46476 68073 1:0 49126
46477 68071 1:0 49133
47712 69083 21:0 47720
47720 69086 21:0 47786
47788 69116 21:0 47796
47795 69117 21:0 47846
47845 69118 21:0 47862
47861 69119 21:0 47867
47866 69149 21:0 47886
47885 69151 21:0 47938
47937 69150 21:0 47943
47942 69152 21:0 47948
47947 69182 21:0 48003
48002 69185 21:0 48019
48018 69215 21:0 48024
48023 69217 21:0 48074
48073 69216 21:0 48090
48089 69218 21:0 48100
48099 69248 21:0 48122
48121 69249 21:0 48166
48165 69250 21:0 48171
48170 69251 21:0 48190
48189 69283 21:0 48242
48241 69282 21:0 48247
48246 69284 21:0 48252
48251 69085 21:0 48307
48306 69084 21:0 48323
48322 69183 21:0 48328
48327 69281 21:0 48378
48377 69184 21:0 48394
48393 69347 21:0 48404
48403 69317 21:0 48418
48417 69349 21:0 48470
48469 69381 21:0 48475
48474 69382 21:0 48480
48479 69380 21:0 48546
48545 69316 21:0 48551
48550 69315 21:0 48556
48555 69383 21:0 48611
48610 69314 21:0 48622
48621 69449 21:0 48632
48631 69413 21:0 48682
48681 69416 21:0 48698
48697 69480 21:0 48703
48702 69447 21:0 48722
48721 69414 21:0 48774
48773 69446 21:0 48779
48778 69350 21:0 48784
48783 69482 21:0 48839
48838 69348 21:0 48855
48854 69514 21:0 48860
48859 69548 21:0 48866
48865 69515 21:0 48877
48874 68070 1:0 49144
48875 68040 1:0 49257
48876 69512 21:0 48880
48878 68038 1:0 49264
48881 68006 1:0 49308
48884 68007 1:0 49388
48884 68005 1:0 49395
48890 68004 1:0 49406
48903 342 21:0 48917
48910 67972 1:0 49439
48923 67974 1:0 49519
49005 67973 1:0 49527
49006 67971 1:0 49537
49015 67941 1:0 49570
49015 67940 1:0 49650
49021 67939 1:0 49657
49026 67938 1:0 49668
49054 67908 1:0 49701
49136 67906 1:0 49781
49137 67907 1:0 49789
49146 67905 1:0 49799
49146 67875 1:0 49832
49152 67873 1:0 49912
49172 67874 1:0 49920
49185 67872 1:0 49930
49267 67842 1:0 49963
49268 67840 1:0 50043
49277 67841 1:0 50051
49277 67839 1:0 50061
49283 67808 1:0 50094
49303 67809 1:0 50174
49398 67807 1:0 50181
49399 67806 1:0 50192
49399 67776 1:0 50225
49408 67774 1:0 50305
49408 67775 1:0 50313
49416 67773 1:0 50323
49435 67741 1:0 50356
49529 67743 1:0 50436
49530 67742 1:0 50444
49530 67740 1:0 50454
49539 67710 1:0 50487
49539 67709 1:0 50567
49547 67708 1:0 50574
49566 67707 1:0 50585
49660 67677 1:0 50618
49661 67675 1:0 50698
49670 67676 1:0 50706
49670 67674 1:0 50716
49676 67643 1:0 50749
49680 67644 1:0 50829
49681 343 1:0 52177
49709 67642 1:0 50836
49791 67641 1:0 50847
51027 70525 21:0 51035
51035 70528 21:0 51101
51103 70558 21:0 51111
51110 70559 21:0 51161
51160 70560 21:0 51177
51176 70561 21:0 51182
51181 70591 21:0 51201
51200 70592 21:0 51253
51252 70593 21:0 51258
51257 70594 21:0 51263
51262 70624 21:0 51318
51317 70627 21:0 51334
51333 70657 21:0 51339
51338 70659 21:0 51389
51388 70658 21:0 51405
51404 70660 21:0 51415
51414 70690 21:0 51437
51436 70692 21:0 51481
51480 70691 21:0 51486
51485 70693 21:0 51505
51504 70726 21:0 51557
51559 70756 21:0 51567
51567 70759 21:0 51633
51632 70723 21:0 51638
51637 70725 21:0 51643
51642 70625 21:0 51698
51697 70527 21:0 51710
51709 70758 21:0 51719
51718 70757 21:0 51769
51768 70526 21:0 51785
51784 70626 21:0 51790
51789 70724 21:0 51809
51808 70789 21:0 51861
51860 70856 21:0 51866
51865 70858 21:0 51871
51870 70823 21:0 51926
51925 70790 21:0 51942
51941 70822 21:0 51947
51946 70855 21:0 51997
51996 70857 21:0 52013
52012 70792 21:0 52023
52022 70824 21:0 52045
52044 70791 21:0 52089
52088 70924 21:0 52094
52093 70889 21:0 52113
52112 70888 21:0 52165
52164 70922 21:0 52170
52169 70891 21:0 52175
52174 70921 21:0 52184
52183 70923 21:0 52192
52189 69548 1:0 52310
52190 69515 1:0 52441
52191 70990 21:0 52195
52193 69514 1:0 52449
52194 70955 21:0 52201
52196 69512 1:0 52459
52199 69482 1:0 52572
52199 69480 1:0 52579
52202 69449 1:0 52703
52205 69447 1:0 52710
52218 343 21:0 52232
52225 69446 1:0 52721
52231 70988 21:0 52312
52238 69416 1:0 52834
52292 69414 1:0 52841
52311 70954 21:0 52315
52313 69413 1:0 52852
52314 70825 21:0 52323
52320 69383 1:0 52885
52321 69382 1:0 52965
52322 70987 21:0 52326
52324 69381 1:0 52972
52325 70989 21:0 52335
52327 69380 1:0 52983
52330 69348 1:0 53016
52330 69350 1:0 53096
52334 70957 21:0 52363
52336 69349 1:0 53104
52336 69347 1:0 53114
52341 69315 1:0 53147
52362 70890 21:0 52443
52364 69317 1:0 53227
52369 69316 1:0 53235
52423 69314 1:0 53245
52442 71020 21:0 52446
52444 69284 1:0 53278
52451 69282 1:0 53358
52452 69283 1:0 53366
52461 69281 1:0 53376
52461 69251 1:0 53409
52467 69250 1:0 53489
52487 69249 1:0 53496
52500 69248 1:0 53507
52582 69218 1:0 53540
52583 69216 1:0 53620
52592 69217 1:0 53628
52592 69215 1:0 53638
52598 69184 1:0 53671
52618 69185 1:0 53751
52713 69183 1:0 53758
52714 69182 1:0 53769
52714 69152 1:0 53802
52723 69150 1:0 53882
52723 69151 1:0 53890
52731 69149 1:0 53900
52750 69119 1:0 53933
52844 69118 1:0 54013
52845 69117 1:0 54020
52845 69116 1:0 54031
52854 69084 1:0 54064
52854 69086 1:0 54144
52862 69085 1:0 54152
52881 69083 1:0 54162
52893 344 1:0 55492
52975 71020 1:0 55512
52976 70989 1:0 55545
52985 70990 1:0 55625
52985 70988 1:0 55632
52991 70987 1:0 55643
52996 70957 1:0 55756
53024 70955 1:0 55763
53106 70954 1:0 55774
54342 71967 21:0 54350
54350 71970 21:0 54416
54418 72000 21:0 54426
54425 72002 21:0 54476
54475 72001 21:0 54492
54491 72003 21:0 54497
54496 72033 21:0 54516
54515 72036 21:0 54568
54570 72066 21:0 54578
54577 72067 21:0 54628
54627 72068 21:0 54644
54643 72069 21:0 54649
54648 72099 21:0 54668
54667 72101 21:0 54720
54719 72100 21:0 54725
54724 72102 21:0 54730
54729 72132 21:0 54785
54784 72133 21:0 54801
54800 72134 21:0 54806
54805 72135 21:0 54856
54855 72165 21:0 54872
54871 72167 21:0 54882
54881 72166 21:0 54904
54903 71968 21:0 54948
54947 71969 21:0 54953
54952 72168 21:0 54972
54971 72035 21:0 55024
55023 72034 21:0 55029
55028 72234 21:0 55034
55033 72201 21:0 55089
55088 72266 21:0 55105
55104 72232 21:0 55110
55109 72265 21:0 55160
55159 72231 21:0 55176
55175 72264 21:0 55186
55185 72199 21:0 55201
55200 72198 21:0 55252
55251 72200 21:0 55257
55256 72299 21:0 55262
55261 72297 21:0 55328
55327 72233 21:0 55333
55332 72300 21:0 55338
55337 72330 21:0 55393
55392 72331 21:0 55404
55403 72332 21:0 55414
55413 72333 21:0 55464
55463 72364 21:0 55480
55479 72432 21:0 55485
55484 72431 21:0 55496
55495 72398 21:0 55499
55497 70923 1:0 55807
55498 72397 21:0 55507
55504 70924 1:0 55887
55505 70922 1:0 55894
55506 72430 21:0 55516
55508 70921 1:0 55905
55514 70890 1:0 55938
55514 70891 1:0 56018
55515 72399 21:0 55519
55517 70889 1:0 56025
55520 70888 1:0 56036
55520 70857 1:0 56069
55533 344 21:0 55547
55540 70858 1:0 56149
55546 72396 21:0 55627
55553 70856 1:0 56156
55607 70855 1:0 56167
55626 72363 21:0 55630
55628 70825 1:0 56200
55629 72298 21:0 55638
55635 70824 1:0 56280
55636 70823 1:0 56287
55637 72365 21:0 55641
55639 70822 1:0 56298
55642 70791 1:0 56331
55645 70792 1:0 56411
55645 70790 1:0 56418
55651 70789 1:0 56429
55656 70757 1:0 56462
55684 70759 1:0 56542
55766 70758 1:0 56550
55767 70756 1:0 56560
55776 70724 1:0 56593
55776 70726 1:0 56673
55782 70725 1:0 56681
55802 70723 1:0 56691
55815 70693 1:0 56724
55897 70691 1:0 56804
55898 70692 1:0 56812
55907 70690 1:0 56822
55907 70660 1:0 56855
55913 70658 1:0 56935
55933 70659 1:0 56943
56028 70657 1:0 56953
56029 70626 1:0 56986
56029 70627 1:0 57066
56038 70625 1:0 57073
56038 70624 1:0 57084
56046 70594 1:0 57117
56065 70593 1:0 57197
56159 70592 1:0 57204
56160 70591 1:0 57215
56160 70561 1:0 57248
56169 70560 1:0 57328
56169 70559 1:0 57335
56177 70558 1:0 57346
56196 70526 1:0 57379
56208 345 1:0 58807
56290 70528 1:0 57459
56291 70527 1:0 57467
56300 70525 1:0 57477
56300 72430 1:0 58860
56306 72432 1:0 58940
56311 72431 1:0 58948
56339 72399 1:0 58991
57657 73409 21:0 57665
57665 73412 21:0 57731
57733 73442 21:0 57741
57740 73443 21:0 57791
57790 73444 21:0 57807
57806 73445 21:0 57812
57811 73475 21:0 57831
57830 73476 21:0 57883
57882 73477 21:0 57888
57887 73478 21:0 57893
57892 73508 21:0 57948
57947 73511 21:0 57964
57963 73541 21:0 57969
57969 73544 21:0 58035
58037 73574 21:0 58045
58044 73576 21:0 58095
58094 73575 21:0 58111
58110 73577 21:0 58116
58115 73607 21:0 58135
58134 73610 21:0 58187
58189 73640 21:0 58197
58197 73643 21:0 58263
58262 73411 21:0 58268
58267 73543 21:0 58273
58272 73641 21:0 58328
58327 73509 21:0 58341
58340 73510 21:0 58349
58348 73673 21:0 58399
58398 73642 21:0 58415
58414 73675 21:0 58420
58419 73674 21:0 58439
58438 73542 21:0 58491
58490 73609 21:0 58496
58495 73608 21:0 58501
58500 73708 21:0 58556
58555 73739 21:0 58572
58571 73709 21:0 58577
58576 73774 21:0 58627
58626 73410 21:0 58643
58642 73773 21:0 58653
58652 73772 21:0 58675
58674 73742 21:0 58719
58718 73707 21:0 58724
58723 73741 21:0 58743
58742 73841 21:0 58795
58794 73676 21:0 58800
58799 73839 21:0 58805
58804 73840 21:0 58814
58813 73807 21:0 58822
58819 72397 1:0 59071
58820 72398 1:0 59079
58821 73805 21:0 58825
58823 72396 1:0 59089
58824 73872 21:0 58831
58826 72365 1:0 59202
58829 72364 1:0 59209
58829 72363 1:0 59220
58832 72333 1:0 59253
58835 72332 1:0 59333
58848 345 21:0 58862
58855 72331 1:0 59340
58861 73871 21:0 58940
58868 72330 1:0 59351
58922 72298 1:0 59384
58938 72300 1:0 59464
58939 73775 21:0 58945
58944 73874 21:0 58953
58950 72299 1:0 59472
58951 72297 1:0 59482
58954 72265 1:0 59595
58960 72266 1:0 59603
58960 72264 1:0 59613
58966 72233 1:0 59646
58971 72234 1:0 59726
58999 72232 1:0 59733
59081 72231 1:0 59744
59082 72200 1:0 59777
59091 72201 1:0 59857
59091 72199 1:0 59864
59097 72198 1:0 59875
59117 72168 1:0 59908
59130 72166 1:0 59988
59212 72167 1:0 59996
59213 72165 1:0 60006
59222 72135 1:0 60039
59222 72134 1:0 60119
59228 72133 1:0 60126
59248 72132 1:0 60137
59343 72102 1:0 60170
59344 72100 1:0 60250
59344 72101 1:0 60258
59353 72099 1:0 60268
59353 72069 1:0 60301
59361 72068 1:0 60381
59380 72067 1:0 60388
59474 72066 1:0 60399
59475 72034 1:0 60432
59475 72036 1:0 60512
59484 72035 1:0 60520
59484 72033 1:0 60530
59492 72003 1:0 60563
59511 72001 1:0 60643
59605 72002 1:0 60651
59606 72000 1:0 60661
59615 71969 1:0 60694
59615 71970 1:0 60774
59621 71968 1:0 60781
59625 71967 1:0 60792
59626 346 1:0 62122
59654 73874 1:0 62255
59736 73872 1:0 62262
59737 73871 1:0 62273
60977 74852 21:0 60994
60993 74853 21:0 61046
61045 74854 21:0 61051
61050 74884 21:0 61056
61055 74886 21:0 61122
61121 74885 21:0 61127
61126 74887 21:0 61132
61131 74917 21:0 61186
61185 74920 21:0 61198
61200 74950 21:0 61208
61207 74952 21:0 61258
61257 74951 21:0 61274
61273 74953 21:0 61279
61278 74983 21:0 61298
61297 74985 21:0 61350
61349 74984 21:0 61355
61354 74986 21:0 61360
61359 75016 21:0 61415
61414 75019 21:0 61431
61430 75049 21:0 61436
61435 75051 21:0 61486
61485 75050 21:0 61502
61501 75052 21:0 61512
61511 75082 21:0 61534
61533 75018 21:0 61578
61577 75017 21:0 61583
61582 75083 21:0 61602
61601 74919 21:0 61654
61653 74851 21:0 61659
61658 75084 21:0 61664
61663 74918 21:0 61719
61718 75085 21:0 61735
61734 75115 21:0 61740
61739 75118 21:0 61790
61789 75181 21:0 61806
61805 75183 21:0 61816
61815 75151 21:0 61830
61829 75116 21:0 61882
61881 75117 21:0 61887
61886 75150 21:0 61892
61891 75149 21:0 61958
61957 75182 21:0 61963
61965 75281 21:0 61982
61981 75214 21:0 62034
62033 75282 21:0 62039
62038 75280 21:0 62044
62043 75216 21:0 62110
62109 75184 21:0 62115
62114 75217 21:0 62120
62119 75248 21:0 62126
62125 75215 21:0 62137
62134 73840 1:0 62306
62135 73841 1:0 62386
62136 75247 21:0 62140
62138 73839 1:0 62393
62141 73807 1:0 62525
62144 73805 1:0 62535
62144 73775 1:0 62568
62150 73773 1:0 62648
62163 346 21:0 62177
62170 73774 1:0 62656
62183 73772 1:0 62666
62265 73742 1:0 62779
62266 73741 1:0 62787
62275 73739 1:0 62797
62275 73707 1:0 62830
62281 73709 1:0 62910
62286 73708 1:0 62918
62314 73676 1:0 62961
62396 73674 1:0 63041
62397 73675 1:0 63049
62406 73673 1:0 63059
62406 73642 1:0 63092
62412 73643 1:0 63172
62432 73641 1:0 63179
62445 73640 1:0 63190
62527 73608 1:0 63223
62528 73610 1:0 63303
62537 73609 1:0 63311
62537 73607 1:0 63321
62543 73577 1:0 63354
62563 73575 1:0 63434
62658 73576 1:0 63442
62659 73574 1:0 63452
62659 73542 1:0 63485
62668 73544 1:0 63565
62668 73543 1:0 63573
62676 73541 1:0 63583
62695 73510 1:0 63616
62789 73511 1:0 63696
62790 73509 1:0 63703
62790 73508 1:0 63714
62799 73478 1:0 63747
62799 73477 1:0 63827
62807 73476 1:0 63834
62826 73475 1:0 63845
62920 73445 1:0 63878
62921 73444 1:0 63958
62930 73443 1:0 63965
62930 73442 1:0 63976
62936 73410 1:0 64009
62940 73412 1:0 64089
62941 347 1:0 65437
62969 73411 1:0 64097
63051 73409 1:0 64107
63052 75282 1:0 65701
63061 75281 1:0 65708
64287 76293 21:0 64295
64294 76294 21:0 64345
64344 76295 21:0 64361
64363 76326 21:0 64371
64370 76328 21:0 64421
64420 76327 21:0 64437
64436 76329 21:0 64442
64441 76359 21:0 64461
64460 76360 21:0 64513
64512 76361 21:0 64518
64517 76362 21:0 64523
64522 76392 21:0 64578
64577 76395 21:0 64594
64593 76425 21:0 64599
64598 76427 21:0 64649
64648 76426 21:0 64665
64664 76428 21:0 64675
64674 76458 21:0 64697
64696 76460 21:0 64741
64740 76459 21:0 64746
64745 76461 21:0 64765
64764 76491 21:0 64817
64816 76494 21:0 64822
64821 76524 21:0 64827
64826 76296 21:0 64882
64881 76394 21:0 64898
64897 76527 21:0 64903
64902 76492 21:0 64953
64952 76493 21:0 64969
64968 76558 21:0 64979
64978 76559 21:0 64997
64996 76526 21:0 65045
65044 76393 21:0 65050
65049 76623 21:0 65055
65054 76557 21:0 65121
65120 76592 21:0 65126
65125 76591 21:0 65131
65130 76593 21:0 65186
65185 76590 21:0 65197
65196 76525 21:0 65207
65206 76560 21:0 65257
65256 76692 21:0 65273
65272 76691 21:0 65278
65277 76690 21:0 65297
65296 76659 21:0 65349
65348 76625 21:0 65354
65353 76658 21:0 65359
65358 76624 21:0 65414
65413 76626 21:0 65430
65429 76656 21:0 65435
65434 76657 21:0 65441
65449 75280 1:0 65719
65450 75248 1:0 65839
65459 75247 1:0 65850
65459 75215 1:0 65883
65465 75217 1:0 65963
65478 347 21:0 65492
65485 75216 1:0 65971
65498 75214 1:0 65981
65580 75184 1:0 66014
65581 75182 1:0 66094
65590 75183 1:0 66102
65590 75181 1:0 66112
65596 75149 1:0 66145
65601 75151 1:0 66225
65629 75150 1:0 66233
65711 75117 1:0 66276
65712 75118 1:0 66356
65721 75116 1:0 66363
65721 75115 1:0 66374
65727 75085 1:0 66407
65747 75084 1:0 66487
65760 75083 1:0 66494
65842 75082 1:0 66505
65843 75052 1:0 66538
65852 75050 1:0 66618
65852 75051 1:0 66626
65858 75049 1:0 66636
65878 75017 1:0 66669
65973 75019 1:0 66749
65974 75018 1:0 66757
65974 75016 1:0 66767
65983 74986 1:0 66800
65983 74984 1:0 66880
65991 74985 1:0 66888
66010 74983 1:0 66898
66104 74953 1:0 66931
66105 74951 1:0 67011
66105 74952 1:0 67019
66114 74950 1:0 67029
66114 74918 1:0 67062
66122 74920 1:0 67142
66141 74919 1:0 67150
66235 74917 1:0 67160
66236 74887 1:0 67193
66245 74885 1:0 67273
66245 74886 1:0 67281
66251 74884 1:0 67291
66255 74854 1:0 67324
66256 348 1:0 68752
66284 74853 1:0 67404
66366 74852 1:0 67411
66367 74851 1:0 67422
67602 77735 21:0 67610
67609 77737 21:0 67660
67659 77736 21:0 67676
67675 77738 21:0 67681
67683 77770 21:0 67700
67699 77769 21:0 67752
67751 77771 21:0 67757
67756 77801 21:0 67762
67762 77804 21:0 67828
67830 77834 21:0 67838
67837 77835 21:0 67888
67887 77836 21:0 67904
67903 77837 21:0 67909
67908 77867 21:0 67928
67927 77868 21:0 67980
67979 77869 21:0 67985
67984 77870 21:0 67990
67989 77900 21:0 68045
68044 77903 21:0 68061
68060 77933 21:0 68066
68065 77935 21:0 68116
68115 77934 21:0 68132
68131 77936 21:0 68142
68141 77966 21:0 68164
68163 77803 21:0 68208
68207 77901 21:0 68213
68212 77802 21:0 68232
68231 77902 21:0 68284
68283 77768 21:0 68289
68288 77968 21:0 68294
68293 77967 21:0 68349
68348 77969 21:0 68365
68364 78032 21:0 68370
68369 78035 21:0 68420
68419 78065 21:0 68436
68438 78098 21:0 68446
68445 78100 21:0 68496
68495 77999 21:0 68512
68511 78000 21:0 68517
68516 78067 21:0 68536
68535 78002 21:0 68588
68587 78033 21:0 68593
68592 78034 21:0 68598
68597 78068 21:0 68653
68652 78066 21:0 68669
68671 78198 21:0 68688
68687 78134 21:0 68740
68739 78101 21:0 68745
68744 78167 21:0 68750
68749 78001 21:0 68759
68758 78131 21:0 68767
68764 76690 1:0 69067
68765 76692 1:0 69147
68768 76691 1:0 69155
68774 76657 1:0 69198
68774 76659 1:0 69278
68780 76658 1:0 69286
68793 348 21:0 68807
68800 76656 1:0 69296
68813 76626 1:0 69329
68895 76624 1:0 69409
68896 76625 1:0 69417
68905 76623 1:0 69427
68905 76593 1:0 69460
68911 76591 1:0 69540
68916 76592 1:0 69548
68944 76590 1:0 69558
69026 76560 1:0 69591
69027 76559 1:0 69671
69036 76558 1:0 69678
69036 76557 1:0 69689
69042 76525 1:0 69722
69062 76527 1:0 69802
69075 76526 1:0 69810
69157 76524 1:0 69820
69158 76493 1:0 69853
69167 76494 1:0 69933
69167 76492 1:0 69940
69173 76491 1:0 69951
69193 76461 1:0 69984
69288 76459 1:0 70064
69289 76460 1:0 70072
69289 76458 1:0 70082
69298 76428 1:0 70115
69298 76426 1:0 70195
69306 76427 1:0 70203
69325 76425 1:0 70213
69419 76393 1:0 70246
69420 76395 1:0 70326
69420 76394 1:0 70334
69429 76392 1:0 70344
69429 76362 1:0 70377
69437 76361 1:0 70457
69456 76360 1:0 70464
69550 76359 1:0 70475
69551 76329 1:0 70508
69560 76327 1:0 70588
69560 76328 1:0 70596
69566 76326 1:0 70606
69570 76296 1:0 70639
69571 349 1:0 72067
69599 76295 1:0 70719
69681 76294 1:0 70726
69682 76293 1:0 70737
70922 79179 21:0 70939
70938 79178 21:0 70991
70990 79180 21:0 70996
70995 79210 21:0 71001
71001 79213 21:0 71067
71069 79243 21:0 71077
71076 79244 21:0 71127
71126 79245 21:0 71143
71142 79246 21:0 71148
71147 79276 21:0 71167
71166 79277 21:0 71219
71218 79278 21:0 71224
71223 79279 21:0 71229
71228 79309 21:0 71284
71283 79312 21:0 71300
71299 79342 21:0 71305
71304 79344 21:0 71355
71354 79343 21:0 71371
71370 79345 21:0 71381
71380 79375 21:0 71403
71402 79377 21:0 71447
71446 79376 21:0 71452
71451 79408 21:0 71471
71470 79212 21:0 71523
71522 79311 21:0 71528
71527 79411 21:0 71533
71532 79177 21:0 71588
71587 79378 21:0 71604
71603 79410 21:0 71609
71608 79211 21:0 71659
71658 79409 21:0 71675
71674 79441 21:0 71685
71684 79310 21:0 71699
71698 79442 21:0 71751
71750 79443 21:0 71756
71755 79474 21:0 71761
71760 79477 21:0 71827
71826 79509 21:0 71832
71831 79510 21:0 71837
71836 79475 21:0 71892
71891 79444 21:0 71903
71902 79476 21:0 71913
71912 79507 21:0 71957
71956 79508 21:0 71979
71978 79608 21:0 71984
71983 79606 21:0 72003
72002 79540 21:0 72055
72054 79575 21:0 72060
72059 79541 21:0 72065
72064 79542 21:0 72074
72073 79607 21:0 72082
72079 78198 1:0 72207
72080 78167 1:0 72331
72081 79576 21:0 72085
72083 78134 1:0 72462
72084 79573 21:0 72094
72086 78131 1:0 72480
72089 78101 1:0 72593
72089 78100 1:0 72601
72095 78098 1:0 72611
72095 78066 1:0 72644
72108 349 21:0 72122
72115 78068 1:0 72724
72121 79574 21:0 72202
72128 78067 1:0 72732
72182 78065 1:0 72742
72210 78034 1:0 72775
72211 78035 1:0 72855
72220 78033 1:0 72862
72220 78032 1:0 72873
72226 78001 1:0 72906
72231 78002 1:0 72986
72259 78000 1:0 72993
72341 77999 1:0 73004
72342 77969 1:0 73037
72351 77967 1:0 73117
72351 77968 1:0 73125
72357 77966 1:0 73135
72377 77936 1:0 73168
72390 77934 1:0 73248
72472 77935 1:0 73256
72473 77933 1:0 73266
72482 77902 1:0 73299
72482 77903 1:0 73379
72488 77901 1:0 73386
72508 77900 1:0 73397
72603 77870 1:0 73430
72604 77869 1:0 73510
72604 77868 1:0 73517
72613 77867 1:0 73528
72613 77837 1:0 73561
72621 77836 1:0 73641
72640 77835 1:0 73648
72734 77834 1:0 73659
72735 77802 1:0 73692
72735 77804 1:0 73772
72744 77803 1:0 73780
72744 77801 1:0 73790
72752 77771 1:0 73823
72771 77769 1:0 73903
72865 77770 1:0 73911
72866 77768 1:0 73921
72875 77738 1:0 73954
72875 77736 1:0 74034
72881 77737 1:0 74042
72885 77735 1:0 74052
72886 350 1:0 75382
72914 79607 1:0 75646
72996 79608 1:0 75654
72997 79606 1:0 75664
74232 80619 21:0 74240
74240 80622 21:0 74306
74308 80652 21:0 74316
74315 80654 21:0 74366
74365 80653 21:0 74382
74381 80655 21:0 74387
74386 80685 21:0 74406
74405 80687 21:0 74458
74457 80686 21:0 74463
74462 80688 21:0 74468
74467 80718 21:0 74523
74522 80721 21:0 74539
74538 80751 21:0 74544
74543 80752 21:0 74594
74593 80753 21:0 74610
74609 80754 21:0 74620
74619 80784 21:0 74642
74641 80785 21:0 74686
74685 80786 21:0 74691
74690 80787 21:0 74710
74709 80819 21:0 74762
74761 80818 21:0 74767
74766 80820 21:0 74772
74771 80621 21:0 74827
74826 80620 21:0 74843
74842 80817 21:0 74848
74847 80720 21:0 74898
74897 80719 21:0 74914
74913 80885 21:0 74924
74923 80852 21:0 74938
74937 80916 21:0 74990
74989 80886 21:0 74995
74994 80850 21:0 75000
74999 80917 21:0 75066
75065 80851 21:0 75071
75070 80883 21:0 75076
75075 80884 21:0 75129
75128 80853 21:0 75142
75141 80952 21:0 75152
75151 80950 21:0 75193
75192 80984 21:0 75218
75217 80982 21:0 75223
75222 80983 21:0 75242
75241 80949 21:0 75294
75293 80918 21:0 75299
75298 80985 21:0 75304
75303 80951 21:0 75359
75358 81015 21:0 75375
75374 81049 21:0 75380
75379 81018 21:0 75386
75385 80919 21:0 75397
75394 79574 1:0 75697
75395 79576 1:0 75777
75398 79575 1:0 75785
75404 79573 1:0 75795
75404 79542 1:0 75908
75410 79541 1:0 75915
75423 350 21:0 75437
75430 79540 1:0 75926
75443 79508 1:0 75959
75525 79510 1:0 76039
75526 79509 1:0 76047
75535 79507 1:0 76057
75535 79476 1:0 76090
75541 79477 1:0 76170
75546 79475 1:0 76177
75574 79474 1:0 76188
75656 79444 1:0 76221
75657 79443 1:0 76301
75666 79442 1:0 76308
75666 79441 1:0 76319
75672 79409 1:0 76352
75692 79411 1:0 76432
75705 79410 1:0 76440
75787 79408 1:0 76450
75788 79378 1:0 76483
75797 79376 1:0 76563
75797 79377 1:0 76571
75803 79375 1:0 76581
75823 79345 1:0 76614
75918 79343 1:0 76694
75919 79344 1:0 76702
75919 79342 1:0 76712
75928 79310 1:0 76745
75928 79312 1:0 76825
75936 79311 1:0 76833
75955 79309 1:0 76843
76049 79279 1:0 76876
76050 79278 1:0 76956
76050 79277 1:0 76963
76059 79276 1:0 76974
76059 79246 1:0 77007
76067 79245 1:0 77087
76086 79244 1:0 77094
76180 79243 1:0 77105
76181 79211 1:0 77138
76190 79213 1:0 77218
76190 79212 1:0 77226
76196 79210 1:0 77236
76200 79180 1:0 77269
76201 351 1:0 78697
76229 79178 1:0 77349
76311 79179 1:0 77357
76312 79177 1:0 77367
77547 82061 21:0 77555
77555 82064 21:0 77621
77623 82094 21:0 77631
77630 82095 21:0 77681
77680 82096 21:0 77697
77696 82097 21:0 77702
77701 82127 21:0 77721
77720 82129 21:0 77773
77772 82128 21:0 77778
77777 82130 21:0 77783
77782 82160 21:0 77838
77837 82163 21:0 77854
77853 82193 21:0 77859
77858 82194 21:0 77909
77908 82195 21:0 77925
77924 82196 21:0 77935
77934 82226 21:0 77957
77956 82228 21:0 78001
78000 82227 21:0 78006
78005 82229 21:0 78025
78024 82261 21:0 78077
78076 82260 21:0 78082
78081 82262 21:0 78087
78086 82294 21:0 78142
78141 82161 21:0 78158
78157 82062 21:0 78163
78162 82293 21:0 78213
78212 82259 21:0 78229
78228 82295 21:0 78236
78235 82162 21:0 78253
78252 82292 21:0 78305
78304 82063 21:0 78310
78309 82327 21:0 78315
78314 82325 21:0 78381
78380 82360 21:0 78386
78385 82359 21:0 78391
78390 82393 21:0 78441
78440 82394 21:0 78457
78456 82328 21:0 78467
78466 82326 21:0 78506
78505 82392 21:0 78533
78532 82459 21:0 78538
78537 82361 21:0 78557
78556 82490 21:0 78609
78608 82391 21:0 78614
78613 82427 21:0 78619
78618 82460 21:0 78674
78673 82457 21:0 78690
78689 82426 21:0 78695
78694 82458 21:0 78701
78700 82492 21:0 78709
78708 82424 21:0 78715
78709 81049 1:0 78968
78710 81018 1:0 79092
78710 81015 1:0 79110
78716 80985 1:0 79143
78719 80983 1:0 79223
78719 80984 1:0 79231
78725 80982 1:0 79241
78738 351 21:0 78752
78745 80951 1:0 79274
78758 80952 1:0 79354
78840 80950 1:0 79361
78841 80949 1:0 79372
78850 80919 1:0 79405
78850 80918 1:0 79485
78856 80917 1:0 79492
78861 80916 1:0 79503
78889 80884 1:0 79536
78971 80886 1:0 79616
78972 80885 1:0 79624
78981 80883 1:0 79634
78981 80853 1:0 79667
78987 80851 1:0 79747
79007 80852 1:0 79755
79020 80850 1:0 79765
79102 80820 1:0 79798
79103 80818 1:0 79878
79112 80819 1:0 79886
79112 80817 1:0 79896
79118 80787 1:0 79929
79138 80786 1:0 80009
79233 80785 1:0 80016
79234 80784 1:0 80027
79234 80754 1:0 80060
79243 80753 1:0 80140
79243 80752 1:0 80147
79251 80751 1:0 80158
79270 80719 1:0 80191
79364 80721 1:0 80271
79365 80720 1:0 80279
79365 80718 1:0 80289
79374 80688 1:0 80322
79374 80686 1:0 80402
79382 80687 1:0 80410
79401 80685 1:0 80420
79495 80655 1:0 80453
79496 80653 1:0 80533
79505 80654 1:0 80541
79505 80652 1:0 80551
79511 80620 1:0 80584
79515 80622 1:0 80664
79516 352 1:0 82012
79544 80621 1:0 80672
79626 80619 1:0 80682
80862 83503 21:0 80870
80870 83506 21:0 80936
80938 83536 21:0 80946
80945 83538 21:0 80996
80995 83537 21:0 81012
81011 83539 21:0 81017
81016 83569 21:0 81036
81035 83572 21:0 81088
81090 83602 21:0 81098
81097 83603 21:0 81148
81147 83604 21:0 81164
81163 83605 21:0 81169
81168 83635 21:0 81188
81187 83636 21:0 81240
81239 83637 21:0 81245
81244 83638 21:0 81250
81249 83668 21:0 81305
81304 83669 21:0 81321
81320 83670 21:0 81326
81325 83671 21:0 81376
81375 83702 21:0 81392
81391 83703 21:0 81402
81401 83704 21:0 81424
81423 83570 21:0 81468
81467 83701 21:0 81473
81472 83505 21:0 81492
81491 83504 21:0 81544
81543 83737 21:0 81549
81548 83736 21:0 81554
81553 83770 21:0 81609
81608 83571 21:0 81625
81624 83734 21:0 81630
81629 83768 21:0 81680
81679 83769 21:0 81696
81695 83800 21:0 81705
81704 83735 21:0 81720
81719 83801 21:0 81772
81771 83767 21:0 81777
81776 83836 21:0 81782
81781 83867 21:0 81848
81847 83866 21:0 81853
81852 83868 21:0 81858
81857 83834 21:0 81909
81908 83833 21:0 81924
81923 83835 21:0 81934
81933 83899 21:0 81974
81973 83869 21:0 82000
81999 83803 21:0 82005
82004 83900 21:0 82016
82015 83932 21:0 82019
82017 82492 1:0 82284
82018 83966 21:0 82027
82024 82490 1:0 82294
82025 82458 1:0 82327
82026 83901 21:0 82036
82028 82460 1:0 82407
82034 82459 1:0 82415
82034 82457 1:0 82425
82035 83802 21:0 82039
82037 82427 1:0 82538
82040 82426 1:0 82546
82040 82424 1:0 82556
82053 352 21:0 82067
82060 82392 1:0 82589
82066 83967 21:0 82144
82073 82394 1:0 82669
82127 82393 1:0 82677
82143 83902 21:0 82150
82143 82391 1:0 82687
82149 83935 21:0 82158
82155 82361 1:0 82720
82156 82359 1:0 82800
82157 83934 21:0 82161
82159 82360 1:0 82808
82160 83933 21:0 82170
82162 82326 1:0 82851
82165 82328 1:0 82931
82165 82327 1:0 82939
82171 82325 1:0 82949
82171 82295 1:0 82982
82176 82293 1:0 83062
82204 82294 1:0 83070
82286 82292 1:0 83080
82287 82262 1:0 83113
82296 82260 1:0 83193
82296 82261 1:0 83201
82302 82259 1:0 83211
82322 82229 1:0 83244
82335 82227 1:0 83324
82417 82228 1:0 83332
82418 82226 1:0 83342
82427 82196 1:0 83375
82427 82195 1:0 83455
82433 82194 1:0 83462
82453 82193 1:0 83473
82548 82162 1:0 83506
82549 82163 1:0 83586
82549 82161 1:0 83593
82558 82160 1:0 83604
82558 82130 1:0 83637
82566 82128 1:0 83717
82585 82129 1:0 83725
82679 82127 1:0 83735
82680 82097 1:0 83768
82680 82096 1:0 83848
82689 82095 1:0 83855
82689 82094 1:0 83866
82697 82063 1:0 83899
82716 82064 1:0 83979
82728 353 1:0 85327
82810 82062 1:0 83986
82811 82061 1:0 83997
82820 83967 1:0 85460
82820 83966 1:0 85467
82826 83933 1:0 85511
82831 83935 1:0 85591
82859 83934 1:0 85599
82941 83932 1:0 85609
84182 84947 21:0 84199
84198 84946 21:0 84251
84250 84948 21:0 84256
84255 84978 21:0 84261
84261 84981 21:0 84327
84329 85011 21:0 84337
84336 85012 21:0 84387
84386 85013 21:0 84403
84402 85014 21:0 84408
84407 85044 21:0 84427
84426 85045 21:0 84479
84478 85046 21:0 84484
84483 85047 21:0 84489
84488 85077 21:0 84544
84543 85078 21:0 84560
84559 85079 21:0 84565
84564 85080 21:0 84615
84614 85110 21:0 84631
84630 85113 21:0 84641
84640 85143 21:0 84663
84662 85145 21:0 84707
84706 85144 21:0 84712
84711 85146 21:0 84731
84730 84980 21:0 84783
84782 85111 21:0 84788
84787 84945 21:0 84793
84792 85112 21:0 84859
84858 84979 21:0 84864
84863 85177 21:0 84869
84868 85212 21:0 84924
84923 85210 21:0 84940
84939 85176 21:0 84945
84944 85211 21:0 84995
84994 85242 21:0 85011
85010 85178 21:0 85016
85015 85209 21:0 85035
85034 85179 21:0 85087
85086 85277 21:0 85092
85091 85245 21:0 85097
85096 85243 21:0 85159
85158 85244 21:0 85168
85167 85275 21:0 85173
85172 85311 21:0 85223
85222 85309 21:0 85239
85238 85276 21:0 85249
85248 85310 21:0 85277
85276 85278 21:0 85315
85314 85410 21:0 85320
85319 85407 21:0 85331
85330 85377 21:0 85334
85332 83902 1:0 85642
85333 85408 21:0 85342
85339 83901 1:0 85722
85340 83900 1:0 85729
85341 85376 21:0 85348
85343 83899 1:0 85740
85349 83869 1:0 85773
85349 83868 1:0 85853
85349 83867 1:0 85860
85355 83866 1:0 85871
85368 353 21:0 85382
85375 83835 1:0 85904
85388 83836 1:0 85984
85470 83834 1:0 85991
85471 83833 1:0 86002
85480 83802 1:0 86035
85480 83803 1:0 86115
85486 83801 1:0 86122
85491 83800 1:0 86133
85519 83769 1:0 86166
85601 83770 1:0 86246
85602 83768 1:0 86253
85611 83767 1:0 86264
85611 83735 1:0 86297
85617 83737 1:0 86377
85637 83736 1:0 86385
85650 83734 1:0 86395
85732 83704 1:0 86428
85733 83703 1:0 86508
85742 83702 1:0 86515
85742 83701 1:0 86526
85748 83671 1:0 86559
85768 83670 1:0 86639
85863 83669 1:0 86646
85864 83668 1:0 86657
85864 83638 1:0 86690
85873 83637 1:0 86770
85873 83636 1:0 86777
85881 83635 1:0 86788
85900 83605 1:0 86821
85994 83604 1:0 86901
85995 83603 1:0 86908
85995 83602 1:0 86919
86004 83571 1:0 86952
86004 83572 1:0 87032
86012 83570 1:0 87039
86031 83569 1:0 87050
86125 83539 1:0 87083
86126 83537 1:0 87163
86135 83538 1:0 87171
86135 83536 1:0 87181
86141 83504 1:0 87214
86145 83506 1:0 87294
86146 354 1:0 88642
86174 83505 1:0 87302
86256 83503 1:0 87312
87492 86387 21:0 87500
87500 86390 21:0 87566
87568 86420 21:0 87576
87575 86421 21:0 87626
87625 86422 21:0 87642
87641 86423 21:0 87647
87646 86453 21:0 87666
87665 86455 21:0 87718
87717 86454 21:0 87723
87722 86456 21:0 87728
87727 86486 21:0 87783
87796 86519 21:0 87804
87803 86520 21:0 87854
87853 86521 21:0 87870
87869 86522 21:0 87875
87874 86552 21:0 87894
87893 86553 21:0 87946
87945 86554 21:0 87951
87950 86555 21:0 87956
87955 86585 21:0 88011
88010 86588 21:0 88027
88026 86618 21:0 88032
88032 86621 21:0 88098
88097 86389 21:0 88103
88102 86487 21:0 88108
88107 86489 21:0 88163
88162 86587 21:0 88176
88175 86620 21:0 88184
88183 86488 21:0 88234
88233 86388 21:0 88250
88249 86619 21:0 88255
88254 86586 21:0 88274
88273 86684 21:0 88326
88325 86653 21:0 88331
88330 86717 21:0 88336
88335 86687 21:0 88391
88390 86719 21:0 88407
88406 86718 21:0 88412
88411 86652 21:0 88462
88461 86654 21:0 88478
88477 86720 21:0 88488
88487 86685 21:0 88510
88509 86751 21:0 88554
88553 86651 21:0 88559
88558 86686 21:0 88578
88577 86818 21:0 88630
88629 86753 21:0 88635
88634 86752 21:0 88640
88639 86783 21:0 88649
88648 86816 21:0 88657
88654 85410 1:0 88775
88655 85408 1:0 88782
88656 86784 21:0 88660
88658 85407 1:0 88793
88659 86817 21:0 88666
88661 85377 1:0 88906
88664 85376 1:0 88914
88664 85310 1:0 89088
88667 85311 1:0 89168
88670 85309 1:0 89175
88683 354 21:0 88697
88690 85278 1:0 89219
88703 85276 1:0 89299
88785 85277 1:0 89307
88786 85275 1:0 89317
88795 85244 1:0 89350
88795 85245 1:0 89430
88801 85243 1:0 89437
88806 85242 1:0 89448
88834 85211 1:0 89481
88916 85212 1:0 89561
88917 85210 1:0 89568
88926 85209 1:0 89579
88926 85179 1:0 89612
88932 85178 1:0 89692
88952 85177 1:0 89699
88965 85176 1:0 89710
89047 85146 1:0 89743
89048 85144 1:0 89823
89057 85145 1:0 89831
89057 85143 1:0 89841
89063 85112 1:0 89874
89083 85113 1:0 89954
89178 85111 1:0 89961
89179 85110 1:0 89972
89179 85080 1:0 90005
89188 85079 1:0 90085
89188 85078 1:0 90092
89196 85077 1:0 90103
89215 85047 1:0 90136
89309 85046 1:0 90216
89310 85045 1:0 90223
89310 85044 1:0 90234
89319 85014 1:0 90267
89319 85013 1:0 90347
89327 85012 1:0 90354
89346 85011 1:0 90365
89440 84979 1:0 90398
89441 84981 1:0 90478
89450 84980 1:0 90486
89450 84978 1:0 90496
89456 84948 1:0 90529
89460 84946 1:0 90609
89461 355 1:0 91957
89489 84947 1:0 90617
89571 84945 1:0 90627
89572 86817 1:0 92221
90807 87829 21:0 90815
90815 87832 21:0 90881
90883 87862 21:0 90891
90890 87863 21:0 90941
90940 87864 21:0 90957
90956 87865 21:0 90962
90961 87895 21:0 90981
90980 87897 21:0 91033
91032 87896 21:0 91038
91037 87898 21:0 91043
91042 87928 21:0 91098
91097 87929 21:0 91114
91113 87930 21:0 91119
91118 87931 21:0 91169
91168 87961 21:0 91185
91184 87962 21:0 91195
91194 87963 21:0 91217
91216 87964 21:0 91261
91260 87994 21:0 91266
91265 87997 21:0 91285
91284 88027 21:0 91337
91336 88029 21:0 91342
91341 88028 21:0 91347
91346 88030 21:0 91402
91401 88063 21:0 91418
91417 88093 21:0 91423
91422 88061 21:0 91473
91472 87830 21:0 91489
91488 87996 21:0 91496
91495 87831 21:0 91513
91512 87995 21:0 91565
91564 88062 21:0 91570
91569 88060 21:0 91575
91574 88095 21:0 91638
91637 88094 21:0 91646
91645 88096 21:0 91651
91650 88160 21:0 91701
91700 88192 21:0 91717
91716 88128 21:0 91727
91726 88193 21:0 91757
91756 88129 21:0 91793
91792 88126 21:0 91798
91797 88127 21:0 91817
91816 88161 21:0 91869
91868 88159 21:0 91874
91873 88194 21:0 91879
91878 88227 21:0 91934
91933 88225 21:0 91950
91949 88260 21:0 91955
91954 88226 21:0 91961
91960 88293 21:0 91968
91967 88162 21:0 91975
91969 86818 1:0 92229
91969 86816 1:0 92239
91970 86784 1:0 92359
91976 86783 1:0 92370
91979 86752 1:0 92403
91979 86753 1:0 92483
91985 86751 1:0 92490
91998 355 21:0 92012
92005 86720 1:0 92534
92018 86718 1:0 92614
92100 86719 1:0 92622
92101 86717 1:0 92632
92110 86686 1:0 92665
92110 86687 1:0 92745
92116 86685 1:0 92752
92121 86684 1:0 92763
92149 86654 1:0 92796
92231 86652 1:0 92876
92232 86653 1:0 92884
92241 86651 1:0 92894
92241 86619 1:0 92927
92247 86621 1:0 93007
92267 86620 1:0 93015
92280 86618 1:0 93025
92362 86586 1:0 93058
92363 86588 1:0 93138
92372 86587 1:0 93146
92372 86585 1:0 93156
92378 86555 1:0 93189
92398 86554 1:0 93269
92493 86553 1:0 93276
92494 86552 1:0 93287
92494 86522 1:0 93320
92503 86521 1:0 93400
92503 86520 1:0 93407
92511 86519 1:0 93418
92530 86488 1:0 93451
92624 86489 1:0 93531
92625 86487 1:0 93538
92625 86486 1:0 93549
92634 86456 1:0 93582
92634 86454 1:0 93662
92642 86455 1:0 93670
92661 86453 1:0 93680
92755 86423 1:0 93713
92756 86422 1:0 93793
92765 86421 1:0 93800
92765 86420 1:0 93811
92771 86388 1:0 93844
92775 86390 1:0 93924
92776 356 1:0 95272
92804 86389 1:0 93932
92886 86387 1:0 93942
94122 89271 21:0 94130
94129 89273 21:0 94180
94179 89272 21:0 94196
94198 89304 21:0 94206
94205 89306 21:0 94256
94255 89305 21:0 94272
94271 89307 21:0 94277
94276 89337 21:0 94296
94295 89338 21:0 94348
94350 89370 21:0 94358
94357 89371 21:0 94408
94407 89372 21:0 94424
94423 89373 21:0 94429
94428 89403 21:0 94448
94447 89404 21:0 94500
94499 89405 21:0 94505
94504 89436 21:0 94510
94509 89437 21:0 94565
94564 89438 21:0 94581
94580 89439 21:0 94586
94586 89472 21:0 94652
94654 89502 21:0 94662
94661 89503 21:0 94712
94711 89504 21:0 94728
94727 89339 21:0 94733
94732 89340 21:0 94752
94751 89274 21:0 94804
94803 89470 21:0 94809
94808 89505 21:0 94814
94813 89535 21:0 94869
94868 89469 21:0 94885
94884 89570 21:0 94890
94889 89537 21:0 94940
94939 89406 21:0 94956
94955 89571 21:0 94966
94965 89603 21:0 94988
94987 89568 21:0 95032
95031 89634 21:0 95037
95036 89538 21:0 95056
95055 89601 21:0 95108
95107 89604 21:0 95113
95112 89602 21:0 95118
95117 89471 21:0 95173
95172 89536 21:0 95189
95188 89702 21:0 95194
95193 89703 21:0 95244
95243 89667 21:0 95260
95259 89637 21:0 95267
95266 89670 21:0 95276
95275 89636 21:0 95279
95277 88293 1:0 95413
95284 88260 1:0 95544
95285 88226 1:0 95667
95294 88227 1:0 95675
95294 88225 1:0 95685
95300 88194 1:0 95798
95313 356 21:0 95327
95320 88193 1:0 95805
95333 88192 1:0 95816
95415 88162 1:0 95849
95416 88161 1:0 95929
95425 88160 1:0 95936
95425 88159 1:0 95947
95431 88127 1:0 95980
95436 88129 1:0 96060
95464 88128 1:0 96068
95546 88126 1:0 96078
95547 88096 1:0 96111
95556 88094 1:0 96191
95556 88095 1:0 96199
95562 88093 1:0 96209
95582 88062 1:0 96242
95595 88063 1:0 96322
95677 88061 1:0 96329
95678 88060 1:0 96340
95687 88030 1:0 96373
95687 88028 1:0 96453
95693 88029 1:0 96461
95713 88027 1:0 96471
95808 87995 1:0 96504
95809 87997 1:0 96584
95809 87996 1:0 96592
95818 87994 1:0 96602
95818 87964 1:0 96635
95826 87963 1:0 96715
95845 87962 1:0 96722
95939 87961 1:0 96733
95940 87931 1:0 96766
95940 87930 1:0 96846
95949 87929 1:0 96853
95949 87928 1:0 96864
95957 87898 1:0 96897
95976 87896 1:0 96977
96070 87897 1:0 96985
96071 87895 1:0 96995
96080 87865 1:0 97028
96080 87864 1:0 97108
96086 87863 1:0 97115
96090 87862 1:0 97126
96091 357 1:0 98587
96119 87831 1:0 97159
96201 87832 1:0 97239
96202 87830 1:0 97246
96211 87829 1:0 97257
97437 90713 21:0 97445
97444 90714 21:0 97495
97494 90715 21:0 97511
97510 90716 21:0 97516
97515 90746 21:0 97535
97534 90748 21:0 97587
97586 90747 21:0 97592
97591 90749 21:0 97597
97596 90779 21:0 97652
97651 90781 21:0 97668
97667 90780 21:0 97673
97672 90782 21:0 97723
97722 90812 21:0 97739
97738 90813 21:0 97749
97748 90814 21:0 97771
97770 90815 21:0 97815
97814 90845 21:0 97820
97819 90846 21:0 97839
97838 90847 21:0 97891
97890 90848 21:0 97896
97895 90878 21:0 97901
97900 90880 21:0 97956
97955 90879 21:0 97972
97971 90881 21:0 97977
97976 90911 21:0 98027
98026 90944 21:0 98043
98042 90947 21:0 98050
98049 90977 21:0 98067
98066 90913 21:0 98119
98118 90870 21:0 98119
98121 91010 21:0 98129
98128 90912 21:0 98179
98178 90914 21:0 98195
98194 90945 21:0 98200
98199 90946 21:0 98219
98218 90979 21:0 98271
98270 90978 21:0 98276
98275 90980 21:0 98281
98280 91011 21:0 98336
98335 91012 21:0 98352
98351 91013 21:0 98357
98356 91043 21:0 98407
98406 91045 21:0 98423
98422 91044 21:0 98433
98432 91046 21:0 98455
98454 91076 21:0 98499
98498 91109 21:0 98504
98503 91079 21:0 98523
98522 91078 21:0 98575
98574 91077 21:0 98580
98579 91111 21:0 98585
98584 91110 21:0 98594
98593 91144 21:0 98602
98599 89703 1:0 98851
98600 89702 1:0 98859
98600 89670 1:0 98982
98601 91143 21:0 98605
98604 91145 21:0 98611
98606 89667 1:0 99000
98609 89637 1:0 99113
98609 89636 1:0 99121
98612 89634 1:0 99131
98615 89602 1:0 99164
98619 89604 1:0 99244
98628 357 21:0 98642
98641 91142 21:0 98720
98643 89603 1:0 99252
98689 89601 1:0 99262
98718 89571 1:0 99375
98719 91112 21:0 98725
98730 89570 1:0 99383
98731 89568 1:0 99393
98740 89536 1:0 99426
98740 89538 1:0 99506
98746 89537 1:0 99514
98750 89535 1:0 99524
98779 89505 1:0 99557
98861 89504 1:0 99637
98862 89503 1:0 99644
98871 89502 1:0 99655
98871 89471 1:0 99688
98877 89472 1:0 99768
98882 89470 1:0 99775
98910 89469 1:0 99786
98992 89439 1:0 99819
98993 89438 1:0 99899
99002 89437 1:0 99906
99002 89436 1:0 99917
99008 89406 1:0 99950
99011 49574 21:0 99035
99013 89405 1:0 100030
99036 89404 1:0 100037
99123 89403 1:0 100048
99124 89373 1:0 100081
99133 89372 1:0 100161
99133 89371 1:0 100168
99139 89370 1:0 100179
99142 49631 21:0 99166
99143 89340 1:0 100212
99160 89339 1:0 100292
99172 89338 1:0 100299
99252 49681 21:0 99257
99254 89337 1:0 100310
99255 89307 1:0 100343
99264 89305 1:0 100423
99264 89306 1:0 100431
99270 89304 1:0 100441
99274 89274 1:0 100474
99275 358 1:0 101902
99303 89272 1:0 100554
99385 89273 1:0 100562
99386 89271 1:0 100572
99395 49681 1:0 101907
99404 49745 21:0 99428
99514 49795 21:0 99519
99562 49820 21:0 99594
99666 49859 21:0 99690
100049 50027 21:0 100052
100059 50030 21:0 100083
100180 50084 21:0 100183
100442 50198 21:0 100445
100446 50198 1:0 101898
100452 50201 21:0 100476
100562 50251 21:0 100567
100573 50255 21:0 100576
100583 50258 21:0 100607
100698 5 21:0 100720
100739 11 21:0 100750
100750 13 21:0 100755
100757 92156 21:0 100774
100773 92155 21:0 100826
100825 92147 21:0 100826
100828 92188 21:0 100836
100835 92190 21:0 100886
100885 92191 21:0 100902
100902 49 21:0 100907
100906 92186 21:0 100909
100909 92223 21:0 100926
100925 92224 21:0 100978
100977 92221 21:0 100983
100982 92254 21:0 100988
100988 92257 21:0 101054
101053 92256 21:0 101059
101058 17 21:0 101059
101058 67 21:0 101064
101064 92290 21:0 101130
101129 92289 21:0 101135
101134 51 21:0 101135
101137 92322 21:0 101154
101153 92288 21:0 101206
101205 35 21:0 101211
101210 92331 21:0 101211
101210 101 21:0 101211
101210 92332 21:0 101211
101211 92352 21:0 101216
101215 92193 21:0 101216
101215 92325 21:0 101230
101229 92318 21:0 101238
101238 92365 21:0 101266
101266 92369 21:0 101282
101281 92287 21:0 101287
101286 92299 21:0 101287
101286 92233 21:0 101292
101291 92239 21:0 101292
101291 95 21:0 101292
101291 92232 21:0 101292
101292 92389 21:0 101358
101357 92387 21:0 101363
101362 143 21:0 101363
101365 92420 21:0 101382
101381 92419 21:0 101434
101433 92388 21:0 101439
101438 92435 21:0 101444
101443 85 21:0 101444
101444 177 21:0 101494
101493 92398 21:0 101499
101499 92472 21:0 101510
101509 92457 21:0 101510
101509 157 21:0 101515
101514 92279 21:0 101515
101514 92166 21:0 101520
101519 92226 21:0 101520
101519 92298 21:0 101520
101522 92477 21:0 101538
101537 92496 21:0 101570
101569 92206 21:0 101575
101577 92490 21:0 101586
101585 92516 21:0 101586
101585 92174 21:0 101591
101590 92167 21:0 101591
101590 92285 21:0 101591
101591 215 21:0 101596
101595 92520 21:0 101651
101650 213 21:0 101662
101652 92520 1:0 101918
101661 92510 21:0 101662
101661 92303 21:0 101667
101663 213 1:0 101893
101669 92552 21:0 101686
101694 92563 21:0 101722
101743 92583 21:0 101748
101803 92604 21:0 101814
101887 92648 21:0 101890
101912 49396 21:0 101917
101914 157 1:0 101918
101914 328 1:0 2597
101915 49859 1:0 101927
101915 92287 1:0 101927
101924 92552 1:0 101955
101924 91112 1:0 102035
101930 91142 1:0 102046
101932 85 1:0 102046
101943 358 21:0 101957
101951 91145 1:0 102055
101963 49795 1:0 102055
102040 267 21:0 102048
102045 91143 1:0 102068
102046 50084 1:0 102068
102046 91144 1:0 102140
102049 143 1:0 102180
102055 91110 1:0 102169
102055 91111 1:0 102180
102063 91077 1:0 102189
102066 49574 1:0 102189
102094 91078 1:0 102217
102176 91079 1:0 102297
102177 91109 1:0 102308
102186 215 1:0 102308
102186 91076 1:0 102317
102186 49745 1:0 102317
102192 92388 1:0 102330
102196 49631 1:0 102330
102213 92387 1:0 102402
102225 177 1:0 102442
102307 92254 1:0 102431
102308 92288 1:0 102442
102317 267 1:0 102451
102317 92419 1:0 102451
102323 91046 1:0 102479
102327 91044 1:0 102559
102356 91045 1:0 102567
102438 13 1:0 102570
102439 91043 1:0 102577
102439 92289 1:0 102582
102448 91013 1:0 102610
102448 91012 1:0 102690
102456 91011 1:0 102697
102459 50251 1:0 102701
102487 91010 1:0 102708
102569 92389 1:0 102713
102570 90980 1:0 102741
102570 35 1:0 102832
102579 90978 1:0 102821
102579 90979 1:0 102829
102587 90977 1:0 102839
102606 92420 1:0 102844
102618 49820 1:0 102844
102659 51 1:0 102963
102700 90946 1:0 102872
102701 90947 1:0 102952
102710 90945 1:0 102959
102710 90944 1:0 102970
102718 92290 1:0 102975
102736 90914 1:0 103003
102749 50027 1:0 103094
102831 90912 1:0 103083
102832 90913 1:0 103091
102841 90911 1:0 103101
102841 92221 1:0 103106
102847 90881 1:0 103134
102852 90879 1:0 103214
102867 95 1:0 103225
102880 90880 1:0 103222
102962 90870 1:0 103225
102963 90878 1:0 103232
102963 92155 1:0 103237
102972 101 1:0 103237
102972 90848 1:0 103265
102978 90847 1:0 103345
102982 90846 1:0 103352
102998 50030 1:0 103356
103052 90845 1:0 103363
103093 92224 1:0 103368
103094 90815 1:0 103396
103103 90814 1:0 103476
103103 90813 1:0 103483
103109 67 1:0 103487
103114 90812 1:0 103494
103142 92322 1:0 103499
103224 90782 1:0 103527
103225 90780 1:0 103607
103225 49 1:0 103618
103234 90781 1:0 103615
103234 90779 1:0 103625
103242 92191 1:0 103630
103244 5 1:0 103630
103261 90749 1:0 103658
103273 50201 1:0 103749
103355 90747 1:0 103738
103356 90748 1:0 103746
103356 11 1:0 103761
103365 90746 1:0 103756
103365 92256 1:0 103761
103373 90716 1:0 103789
103392 90715 1:0 103869
103404 17 1:0 103880
103486 90714 1:0 103876
103487 50255 1:0 103886
103487 90713 1:0 103887
103496 50258 1:0 103896
103496 92190 1:0 103902
103502 92188 1:0 103974
103504 359 1:0 104000
103507 49396 1:0 104005
103522 45962 1:0 104013
103523 92648 1:0 104030
103535 45965 1:0 104016
103617 45963 1:0 104022
103617 45966 1:0 104025
103618 45964 1:0 104050
103618 45967 1:0 104088
103618 45960 1:0 104104
103618 45961 1:0 104107
103627 92257 1:0 104226
103627 45954 1:0 104133
103627 45955 1:0 104134
103627 46113 1:0 104234
103633 46114 1:0 104237
103635 46110 1:0 104243
103638 46111 1:0 104246
103653 46112 1:0 104271
103654 92604 1:0 104271
103666 46109 1:0 104309
103666 46104 1:0 104330
103748 92583 1:0 104455
103748 46101 1:0 104325
103748 46107 1:0 104328
103748 46102 1:0 104330
103748 46108 1:0 104385
103749 92563 1:0 104492
103749 46257 1:0 104455
103749 46256 1:0 104458
103758 46258 1:0 104464
103758 46260 1:0 104467
103758 46259 1:0 104492
103758 46261 1:0 104530
103764 46254 1:0 104546
103764 46248 1:0 104549
103764 46249 1:0 104551
103764 46255 1:0 104606
103766 46403 1:0 104676
103769 46407 1:0 104679
103785 46405 1:0 104685
103797 46408 1:0 104688
103797 46402 1:0 104767
103879 92516 1:0 104713
103879 46404 1:0 104713
103879 46401 1:0 104770
103880 46406 1:0 104751
103880 46395 1:0 104796
103880 46396 1:0 104797
103880 46554 1:0 104897
103889 92156 1:0 104889
103889 92510 1:0 104897
103889 46550 1:0 104900
103889 46542 1:0 104988
103895 92496 1:0 104906
103895 46555 1:0 104906
103899 46551 1:0 104909
103900 92490 1:0 104934
103916 46552 1:0 104934
103928 46553 1:0 104972
103928 46543 1:0 104991
103969 46548 1:0 104993
103969 46544 1:0 104993
103969 46547 1:0 104993
103969 46691 1:0 105214
104012 92477 1:0 105118
104012 46549 1:0 105048
104012 46702 1:0 105118
104013 92457 1:0 105127
104013 46698 1:0 105121
104013 46697 1:0 105127
104022 92472 1:0 105155
104022 46699 1:0 105130
104022 46700 1:0 105155
104022 46701 1:0 105193
104022 46690 1:0 105209
104022 46695 1:0 105212
104028 46689 1:0 105238
104028 46696 1:0 105269
104030 46845 1:0 105339
104041 359 21:0 104055
104048 46844 1:0 105342
104049 46849 1:0 105348
104056 92435 1:0 105376
104061 46846 1:0 105351
104061 46838 1:0 105435
104102 46848 1:0 105376
104110 46836 1:0 105430
104130 46847 1:0 105414
104131 46843 1:0 105433
104131 46837 1:0 105460
104131 46842 1:0 105489
104140 45955 21:0 104186
104181 46993 1:0 105560
104183 46994 1:0 105563
104185 45954 21:0 104225
104191 46995 1:0 105569
104201 92398 1:0 105597
104201 46990 1:0 105651
104224 45960 21:0 104225
104224 45961 21:0 104225
104224 45967 21:0 104228
104227 45964 21:0 104228
104227 45966 21:0 104236
104233 46992 1:0 105572
104233 46996 1:0 105597
104234 46991 1:0 105635
104234 46989 1:0 105654
104234 46983 1:0 105680
104234 46984 1:0 105681
104234 47142 1:0 105781
104235 45963 21:0 104239
104237 92365 1:0 105790
104238 45965 21:0 104239
104238 45962 21:0 104245
104240 92223 1:0 105773
104243 92369 1:0 105818
104243 47139 1:0 105784
104243 47143 1:0 105790
104243 47140 1:0 105793
104243 47130 1:0 105872
104243 47133 1:0 105877
104246 47141 1:0 105818
104249 47138 1:0 105856
104249 47137 1:0 105875
104251 47131 1:0 105902
104251 47136 1:0 105931
104253 92325 1:0 105994
104269 47285 1:0 106002
104270 92352 1:0 106002
104282 47288 1:0 106005
104323 47287 1:0 106011
104336 92331 1:0 106011
104351 47290 1:0 106014
104352 47289 1:0 106039
104362 92332 1:0 106039
104371 46104 21:0 104391
104391 46108 21:0 104416
104402 47286 1:0 106077
104412 47284 1:0 106093
104412 47277 1:0 106096
104412 47278 1:0 106098
104412 47427 1:0 106319
104412 47575 1:0 106540
104414 47283 1:0 106152
104415 46102 21:0 104446
104422 92303 1:0 106215
104445 46107 21:0 104446
104445 46101 21:0 104446
104445 46109 21:0 104449
104448 46112 21:0 104449
104448 46111 21:0 104457
104454 92298 1:0 106223
104454 92299 1:0 106232
104454 47433 1:0 106223
104455 47434 1:0 106226
104455 47437 1:0 106232
104455 47435 1:0 106235
104456 46110 21:0 104460
104458 92318 1:0 106240
104459 46114 21:0 104460
104459 46113 21:0 104466
104461 47432 1:0 106260
104461 47436 1:0 106298
104464 92285 1:0 106453
104464 47430 1:0 106314
104464 47425 1:0 106317
104464 47424 1:0 106343
104464 47431 1:0 106374
104464 47582 1:0 106444
104464 47580 1:0 106447
104467 47581 1:0 106453
104470 92279 1:0 106466
104470 47579 1:0 106456
104474 47583 1:0 106481
104475 47572 1:0 106535
104490 47584 1:0 106519
104491 47571 1:0 106538
104491 47578 1:0 106540
104503 92226 1:0 106657
104503 47577 1:0 106594
104544 92232 1:0 106665
104557 47728 1:0 106665
104572 47727 1:0 106668
104573 47726 1:0 106674
104612 46255 21:0 104637
104623 92239 1:0 106674
104633 47729 1:0 106677
104635 47731 1:0 106702
104636 46249 21:0 104667
104643 92233 1:0 106702
104643 47719 1:0 106756
104666 46248 21:0 104667
104666 46254 21:0 104667
104666 46261 21:0 104670
104669 46259 21:0 104670
104669 46260 21:0 104678
104675 47730 1:0 106740
104675 47724 1:0 106759
104675 47718 1:0 106785
104675 47725 1:0 106816
104676 47873 1:0 106886
104676 47878 1:0 106889
104676 47877 1:0 106895
104677 46258 21:0 104681
104679 92206 1:0 106895
104680 46256 21:0 104681
104680 46257 21:0 104687
104682 92193 1:0 106923
104682 47874 1:0 106898
104682 47865 1:0 106977
104682 47866 1:0 106980
104685 92167 1:0 107099
104685 92174 1:0 107107
104685 47875 1:0 106923
104685 47876 1:0 106961
104685 47871 1:0 106982
104685 47872 1:0 107037
104688 48020 1:0 107107
104691 48022 1:0 107110
104693 48021 1:0 107116
104695 92166 1:0 107116
104696 48019 1:0 107198
104711 48025 1:0 107119
104712 92186 1:0 107124
104724 48024 1:0 107144
104765 48023 1:0 107182
104773 48013 1:0 107201
104778 48012 1:0 107227
104778 48018 1:0 107257
104794 48171 1:0 107328
104795 48167 1:0 107331
104803 46396 21:0 104849
104844 48169 1:0 107337
104848 46395 21:0 104888
104854 48170 1:0 107340
104864 48168 1:0 107365
104887 46401 21:0 104888
104887 46402 21:0 104888
104887 46406 21:0 104891
104890 46404 21:0 104891
104890 46408 21:0 104899
104896 92147 1:0 107350
104896 48172 1:0 107403
104896 48166 1:0 107419
104896 48165 1:0 107422
104897 48259 1:0 107517
104897 48159 1:0 107448
104897 48160 1:0 107449
104897 48161 1:0 107458
104897 48260 1:0 107549
104898 46405 21:0 104902
104901 46407 21:0 104902
104901 46403 21:0 104908
105054 46549 21:0 105079
105078 46548 21:0 105109
105108 46543 21:0 105109
105108 46542 21:0 105109
105108 46553 21:0 105112
105111 46552 21:0 105112
105111 46551 21:0 105120
105119 46555 21:0 105123
105122 46550 21:0 105123
105122 46554 21:0 105129
105128 46547 21:0 105129
105128 46544 21:0 105129
105248 46689 21:0 105292
105291 46696 21:0 105330
105329 46695 21:0 105330
105329 46690 21:0 105330
105329 46701 21:0 105333
105332 46700 21:0 105333
105332 46699 21:0 105341
105340 46697 21:0 105344
105343 46698 21:0 105344
105343 46702 21:0 105350
105349 46691 21:0 105350
105466 46837 21:0 105512
105511 46842 21:0 105551
105550 46843 21:0 105551
105550 46836 21:0 105551
105550 46847 21:0 105554
105553 46848 21:0 105554
105553 46846 21:0 105562
105561 46849 21:0 105565
105564 46844 21:0 105565
105564 46845 21:0 105571
105570 46838 21:0 105571
105690 46983 21:0 105734
105733 46984 21:0 105772
105771 46990 21:0 105772
105771 46989 21:0 105772
105771 46991 21:0 105775
105774 46996 21:0 105775
105774 46992 21:0 105783
105782 46995 21:0 105786
105785 46994 21:0 105786
105785 46993 21:0 105792
105908 47131 21:0 105954
105953 47136 21:0 105993
105992 47137 21:0 105993
105992 47130 21:0 105993
105992 47138 21:0 105996
105995 47141 21:0 105996
105995 47140 21:0 106004
106003 47143 21:0 106007
106006 47139 21:0 106007
106006 47142 21:0 106013
106012 47133 21:0 106013
106162 47283 21:0 106186
106185 47278 21:0 106214
106213 47284 21:0 106214
106213 47277 21:0 106214
106213 47286 21:0 106217
106216 47289 21:0 106217
106216 47290 21:0 106225
106224 47287 21:0 106228
106227 47288 21:0 106228
106227 47285 21:0 106234
106353 47424 21:0 106397
106396 47431 21:0 106435
106434 47430 21:0 106435
106434 47425 21:0 106435
106434 47436 21:0 106438
106437 47432 21:0 106438
106437 47435 21:0 106446
106445 47437 21:0 106449
106448 47434 21:0 106449
106448 47433 21:0 106455
106454 47427 21:0 106455
106604 47577 21:0 106628
106627 47578 21:0 106656
106655 47572 21:0 106656
106655 47571 21:0 106656
106655 47584 21:0 106659
106658 47583 21:0 106659
106658 47579 21:0 106667
106666 47581 21:0 106670
106669 47580 21:0 106670
106669 47582 21:0 106676
106675 47575 21:0 106676
106795 47718 21:0 106839
106838 47725 21:0 106877
106876 47719 21:0 106877
106876 47724 21:0 106877
106876 47730 21:0 106880
106879 47731 21:0 106880
106879 47729 21:0 106888
106887 47726 21:0 106891
106890 47727 21:0 106891
106890 47728 21:0 106897
107043 47872 21:0 107069
107068 47871 21:0 107098
107097 47866 21:0 107098
107097 47865 21:0 107098
107097 47876 21:0 107101
107100 47875 21:0 107101
107100 47874 21:0 107109
107108 47877 21:0 107112
107111 47878 21:0 107112
107111 47873 21:0 107118
107237 48012 21:0 107281
107280 48018 21:0 107319
107318 48013 21:0 107319
107318 48019 21:0 107319
107318 48023 21:0 107322
107321 48024 21:0 107322
107321 48025 21:0 107330
107329 48021 21:0 107333
107332 48022 21:0 107333
107332 48020 21:0 107339
107455 48160 21:0 107501
107500 48159 21:0 107538
107537 48165 21:0 101
