90 13719 21:0 128
127 13723 21:0 139
138 13721 21:0 144
143 13716 21:0 144
143 13711 21:0 144
143 13720 21:0 149
148 13718 21:0 149
148 13813 21:0 149
1309 14393 21:0 1319
3286 298 21:0 3304
20301 22777 21:0 20309
20310 22777 1:0 23069
20385 22813 21:0 20451
20450 22812 21:0 20456
20452 22813 1:0 22920
20457 22812 1:0 22928
20458 22844 21:0 20475
20474 22843 21:0 20527
20476 22844 1:0 22796
20528 22843 1:0 22807
24727 11515 1:0 24778
24727 11514 1:0 24822
24728 11518 1:0 24909
24728 11663 1:0 24961
24737 11665 1:0 24989
24737 11661 1:0 24989
24737 11662 1:0 25040
24737 11660 1:0 25109
24743 11807 1:0 25179
24745 11808 1:0 25182
24748 11810 1:0 25192
24763 11811 1:0 25220
24776 11809 1:0 25264
24817 11812 1:0 25351
24830 11956 1:0 25400
24845 11954 1:0 25403
24846 11957 1:0 25431
24847 11947 1:0 25441
24896 11959 1:0 25431
24906 11955 1:0 25485
24915 11518 21:0 24940
24916 11958 1:0 25571
24939 11514 21:0 24943
24942 11515 21:0 24943
24948 12105 1:0 25621
24948 12103 1:0 25624
24949 12094 1:0 25634
24949 12104 1:0 25634
24949 12101 1:0 25662
24949 12247 1:0 25873
24958 12102 1:0 25706
24958 12106 1:0 25793
24958 12251 1:0 25842
24958 12249 1:0 25845
24964 12253 1:0 25870
24964 12246 1:0 25883
24968 12250 1:0 25927
24984 12252 1:0 26013
24997 12399 1:0 26063
24997 12397 1:0 26066
25046 12398 1:0 26091
25051 12388 1:0 26145
25066 12395 1:0 26129
25067 12394 1:0 26148
25068 12400 1:0 26235
25117 12545 1:0 26278
25119 11660 21:0 25161
25127 12542 1:0 26284
25137 12544 1:0 26287
25160 11662 21:0 25164
25163 11661 21:0 25164
25163 11665 21:0 25172
25169 12546 1:0 26297
25169 12543 1:0 26325
25170 12547 1:0 26369
25170 12534 1:0 26395
25170 12535 1:0 26396
25170 12689 1:0 26499
25171 11663 21:0 25175
25173 12690 1:0 26505
25176 12692 1:0 26508
25179 12693 1:0 26536
25179 12691 1:0 26536
25179 12687 1:0 26571
25179 12682 1:0 26587
25179 12688 1:0 26590
25179 12694 1:0 26677
25185 12837 1:0 26720
25187 12839 1:0 26726
25190 12838 1:0 26729
25205 12828 1:0 26757
25206 12840 1:0 26757
25218 12836 1:0 26808
25259 12835 1:0 26811
25267 12841 1:0 26898
25287 12987 1:0 26941
25288 12983 1:0 26947
25288 12976 1:0 26975
25289 12982 1:0 27029
25338 12986 1:0 26950
25348 12988 1:0 26975
25357 11812 21:0 25382
25358 12984 1:0 27013
25381 11809 21:0 25385
25384 11811 21:0 25385
25384 11810 21:0 25393
25390 12985 1:0 27108
25390 13131 1:0 27168
25391 13135 1:0 27171
25391 13123 1:0 27196
25391 13134 1:0 27199
25391 13129 1:0 27199
25391 13275 1:0 27392
25392 11808 21:0 25396
25394 13276 1:0 27392
25394 13416 1:0 27721
25395 11807 21:0 25396
25397 13132 1:0 27250
25397 13130 1:0 27319
25400 13279 1:0 27383
25400 13282 1:0 27389
25400 13281 1:0 27420
25400 13278 1:0 27420
25406 13277 1:0 27471
25408 13280 1:0 27551
25411 13424 1:0 27613
25427 13429 1:0 27623
25439 13428 1:0 27651
25480 13425 1:0 27695
25493 13576 1:0 27831
25509 13575 1:0 27834
25510 13572 1:0 27854
25518 11947 21:0 25564
25559 13571 1:0 27894
25561 13563 1:0 27906
25569 13573 1:0 27920
25579 14393 1:0 28055
25579 13570 1:0 27973
25579 13716 1:0 28055
25581 11958 21:0 25603
25602 11955 21:0 25606
25605 11957 21:0 25606
25605 11959 21:0 25614
25611 13718 1:0 28046
25611 13720 1:0 28052
25612 298 1:0 28055
25612 13711 1:0 28055
25612 13723 1:0 28083
25612 13721 1:0 28083
25612 13710 1:0 28137
25613 11954 21:0 25617
25615 13813 1:0 28265
25616 11956 21:0 25617
25618 13719 1:0 28134
25618 13722 1:0 28223
25739 12094 21:0 25785
25799 12106 21:0 25824
25823 12102 21:0 25827
25826 12101 21:0 25827
25826 12104 21:0 25835
25834 12103 21:0 25838
25837 12105 21:0 25838
25993 12246 21:0 26017
26023 12252 21:0 26045
26044 12250 21:0 26048
26047 12247 21:0 26048
26047 12253 21:0 26056
26055 12249 21:0 26056
26055 12251 21:0 26059
26211 12394 21:0 26236
26241 12400 21:0 26266
26265 12388 21:0 26266
26265 12395 21:0 26269
26268 12398 21:0 26277
26276 12397 21:0 26277
26276 12399 21:0 26280
26405 12534 21:0 26449
26462 12547 21:0 26487
26486 12543 21:0 26490
26489 12546 21:0 26490
26489 12535 21:0 26498
26497 12544 21:0 26498
26497 12542 21:0 26501
26500 12545 21:0 26507
26653 12688 21:0 26678
26683 12694 21:0 26708
26707 12682 21:0 26708
26707 12687 21:0 26711
26710 12691 21:0 26711
26710 12693 21:0 26719
26718 12692 21:0 26719
26718 12690 21:0 26722
26721 12689 21:0 26728
26874 12835 21:0 26899
26904 12841 21:0 26929
26928 12836 21:0 26932
26931 12840 21:0 26932
26931 12828 21:0 26940
26939 12838 21:0 26940
26939 12839 21:0 26943
26942 12837 21:0 26949
27065 12976 21:0 27111
27118 12985 21:0 27150
27149 12982 21:0 27150
27149 12984 21:0 27153
27152 12988 21:0 27161
27160 12986 21:0 27161
27160 12983 21:0 27164
27163 12987 21:0 27164
27329 13130 21:0 27371
27370 13132 21:0 27374
27373 13134 21:0 27374
27373 13129 21:0 27374
27373 13135 21:0 27382
27381 13123 21:0 27382
27381 13131 21:0 27385
27557 13280 21:0 27592
27591 13277 21:0 27595
27594 13278 21:0 27595
27594 13281 21:0 27603
27602 13276 21:0 27603
27602 13275 21:0 27603
27602 13282 21:0 27606
27605 13279 21:0 27612
27731 13416 21:0 27775
27774 13425 21:0 27813
27812 13428 21:0 27816
27815 13429 21:0 27816
27815 13424 21:0 27824
27979 13570 21:0 28004
28003 13573 21:0 28034
28033 13563 21:0 28034
28033 13571 21:0 28037
28036 13572 21:0 28045
28044 13575 21:0 28045
28044 13576 21:0 28048
28173 13710 21:0 28217
28233 13722 21:0 91
