159 25067 21:0 198
197 25065 21:0 212
211 25063 21:0 212
211 25068 21:0 217
216 25066 21:0 222
221 25155 21:0 222
221 25156 21:0 222
221 25061 21:0 222
221 25056 21:0 222
221 25055 21:0 224
223 25062 21:0 236
235 25265 21:0 288
287 25264 21:0 293
295 25296 21:0 312
311 25262 21:0 364
366 25328 21:0 374
373 25297 21:0 424
423 25263 21:0 440
442 25361 21:0 450
450 25364 21:0 516
515 25362 21:0 521
523 25396 21:0 540
539 25395 21:0 592
591 25331 21:0 597
596 25329 21:0 616
675 25462 21:0 692
751 25495 21:0 768
767 25493 21:0 820
819 25496 21:0 825
827 25528 21:0 844
843 25527 21:0 896
895 25494 21:0 901
974 25592 21:0 982
981 25593 21:0 1032
1031 25595 21:0 1048
1055 25626 21:0 1072
1134 25661 21:0 1200
1202 25691 21:0 1210
1436 25793 21:0 1453
1452 25791 21:0 1505
1504 25794 21:0 1510
1515 25827 21:0 1581
1583 25857 21:0 1591
1591 25860 21:0 1657
1656 25826 21:0 1662
1661 25824 21:0 1667
1666 25890 21:0 1733
1732 25858 21:0 1738
1740 25924 21:0 1757
1756 25925 21:0 1809
1811 25956 21:0 1819
1818 25923 21:0 1869
1868 25926 21:0 1885
1892 25991 21:0 1909
1908 25990 21:0 1961
1960 25989 21:0 1966
1965 25992 21:0 1985
1984 26022 21:0 2037
2036 26024 21:0 2042
2041 26023 21:0 2047
2046 26025 21:0 2113
2112 26055 21:0 2118
2117 26057 21:0 2123
2122 26056 21:0 2178
2177 26058 21:0 2194
2193 26088 21:0 2199
2198 26089 21:0 2254
2253 26090 21:0 2270
2269 26091 21:0 2275
2274 26121 21:0 2325
2324 25892 21:0 2341
2340 25891 21:0 2351
2350 25893 21:0 2369
2368 25792 21:0 2417
2416 25958 21:0 2422
2421 25957 21:0 2441
2440 25959 21:0 2493
2492 25825 21:0 2498
2497 25859 21:0 2503
2502 26123 21:0 2569
2568 26122 21:0 2574
2573 26156 21:0 2579
2578 26188 21:0 2588
2587 26190 21:0 2595
2592 25691 1:0 2843
2593 25661 1:0 2949
2593 25626 1:0 3077
2594 26124 21:0 2598
2596 25595 1:0 3193
2597 26157 21:0 2606
2599 25593 1:0 3199
2601 25592 1:0 3209
2607 25527 1:0 3437
2607 25528 1:0 3444
2618 312 21:0 2632
2631 26189 21:0 2707
2637 25494 1:0 3484
2688 25496 1:0 3559
2706 26220 21:0 2710
2709 26187 21:0 2717
2714 25495 1:0 3566
2715 25493 1:0 3575
2715 25462 1:0 3688
2716 26155 21:0 2720
2718 25395 1:0 3925
2719 26154 21:0 2728
2721 25396 1:0 3932
2723 25364 1:0 4047
2729 25362 1:0 4053
2729 25361 1:0 4063
2836 25331 1:0 4169
2837 25329 1:0 4175
2837 25328 1:0 4185
2845 25297 1:0 4291
2851 25296 1:0 4297
2958 25263 1:0 4338
2959 25265 1:0 4413
2959 25264 1:0 4420
2967 25262 1:0 4429
2967 313 1:0 5751
4601 27233 21:0 4609
4608 27234 21:0 4659
4658 27236 21:0 4675
4677 27266 21:0 4685
4684 27268 21:0 4735
4734 27267 21:0 4751
4750 27269 21:0 4761
4760 27299 21:0 4779
4778 27302 21:0 4827
4829 27332 21:0 4837
4837 27335 21:0 4903
4905 27365 21:0 4913
4912 27367 21:0 4963
4962 27366 21:0 4979
4978 27368 21:0 4989
4988 27398 21:0 5007
5006 27400 21:0 5055
5054 27399 21:0 5060
5059 27401 21:0 5079
5078 27431 21:0 5131
5130 27432 21:0 5136
5135 27433 21:0 5141
5140 27434 21:0 5207
5206 27464 21:0 5212
5211 27466 21:0 5217
5216 27465 21:0 5278
5277 27300 21:0 5288
5287 27301 21:0 5293
5292 27235 21:0 5348
5347 27333 21:0 5364
5363 27334 21:0 5369
5368 27467 21:0 5419
5418 27531 21:0 5435
5434 27566 21:0 5445
5444 27498 21:0 5467
5466 27563 21:0 5511
5510 27530 21:0 5516
5515 27564 21:0 5535
5534 27565 21:0 5587
5586 27532 21:0 5592
5591 27497 21:0 5606
5605 27499 21:0 5663
5662 27629 21:0 5668
5667 27597 21:0 5673
5672 27599 21:0 5739
5738 27598 21:0 5744
5743 27596 21:0 5749
5748 27632 21:0 5755
5754 27662 21:0 5766
5763 26220 1:0 6033
5764 26189 1:0 6066
5764 26190 1:0 6146
5765 27630 21:0 5769
5768 27500 21:0 5775
5770 26188 1:0 6153
5773 26187 1:0 6164
5773 26155 1:0 6197
5776 26157 1:0 6277
5779 26156 1:0 6285
5792 313 21:0 5806
5799 26154 1:0 6295
5805 27663 21:0 5886
5812 26124 1:0 6328
5866 26122 1:0 6408
5894 26123 1:0 6416
5895 26121 1:0 6426
5904 26091 1:0 6459
5904 26090 1:0 6539
5910 26089 1:0 6546
5915 26088 1:0 6557
5943 26058 1:0 6590
6025 26056 1:0 6670
6026 26057 1:0 6678
6035 26055 1:0 6688
6035 26025 1:0 6721
6041 26023 1:0 6801
6061 26024 1:0 6809
6074 26022 1:0 6819
6156 25992 1:0 6852
6157 25990 1:0 6932
6166 25991 1:0 6940
6166 25989 1:0 6950
6172 25959 1:0 6983
6192 25957 1:0 7063
6287 25958 1:0 7071
6288 25956 1:0 7081
6288 25926 1:0 7114
6297 25925 1:0 7194
6297 25924 1:0 7201
6305 25923 1:0 7212
6324 25893 1:0 7245
6418 25891 1:0 7325
6419 25892 1:0 7333
6419 25890 1:0 7343
6428 25859 1:0 7376
6428 25860 1:0 7456
6436 25858 1:0 7463
6455 25857 1:0 7474
6549 25825 1:0 7507
6550 25827 1:0 7587
6559 25826 1:0 7595
6559 25824 1:0 7605
6565 25792 1:0 7638
6569 25794 1:0 7718
6570 314 1:0 9066
6598 25793 1:0 7726
6680 25791 1:0 7736
7916 28675 21:0 7924
7923 28677 21:0 7974
7973 28678 21:0 7990
7992 28708 21:0 8000
7999 28710 21:0 8050
8049 28709 21:0 8066
8065 28711 21:0 8076
8075 28741 21:0 8094
8093 28742 21:0 8142
8141 28743 21:0 8147
8146 28744 21:0 8166
8165 28774 21:0 8218
8220 28807 21:0 8228
8227 28809 21:0 8278
8277 28808 21:0 8294
8293 28810 21:0 8304
8303 28840 21:0 8322
8321 28841 21:0 8370
8369 28843 21:0 8375
8374 28842 21:0 8394
8393 28873 21:0 8446
8445 28876 21:0 8451
8450 28906 21:0 8456
8456 28909 21:0 8522
8521 28676 21:0 8527
8526 28874 21:0 8532
8531 28776 21:0 8598
8597 28775 21:0 8603
8602 28875 21:0 8608
8607 28940 21:0 8663
8662 28908 21:0 8679
8678 28777 21:0 8684
8683 28941 21:0 8734
8733 28939 21:0 8750
8749 28942 21:0 8760
8759 28974 21:0 8782
8781 29007 21:0 8826
8825 28972 21:0 8831
8830 28907 21:0 8850
8849 29039 21:0 8902
8901 28973 21:0 8907
8906 29040 21:0 8926
8925 29038 21:0 8978
8977 29005 21:0 8983
8982 29008 21:0 8988
8987 28975 21:0 9054
9053 29006 21:0 9059
9058 29041 21:0 9064
9063 29104 21:0 9070
9069 29138 21:0 9081
9078 27663 1:0 9337
9079 27662 1:0 9348
9079 27632 1:0 9461
9080 29107 21:0 9084
9083 29139 21:0 9090
9085 27630 1:0 9468
9088 27629 1:0 9479
9088 27598 1:0 9512
9091 27599 1:0 9592
9094 27597 1:0 9599
9107 314 21:0 9121
9114 27596 1:0 9610
9120 29137 21:0 9201
9127 27565 1:0 9643
9181 27566 1:0 9723
9209 27564 1:0 9730
9210 27563 1:0 9741
9219 27532 1:0 9854
9219 27531 1:0 9861
9225 27530 1:0 9872
9230 27500 1:0 9905
9258 27499 1:0 9985
9340 27498 1:0 9992
9341 27497 1:0 10003
9350 27467 1:0 10036
9350 27465 1:0 10116
9356 27466 1:0 10124
9376 27464 1:0 10134
9389 27434 1:0 10167
9471 27433 1:0 10247
9472 27432 1:0 10254
9481 27431 1:0 10265
9481 27401 1:0 10298
9487 27399 1:0 10378
9507 27400 1:0 10386
9602 27398 1:0 10396
9603 27368 1:0 10429
9603 27366 1:0 10509
9612 27367 1:0 10517
9612 27365 1:0 10527
9620 27334 1:0 10560
9639 27335 1:0 10640
9733 27333 1:0 10647
9734 27332 1:0 10658
9734 27301 1:0 10691
9743 27302 1:0 10771
9743 27300 1:0 10778
9751 27299 1:0 10789
9770 27269 1:0 10822
9864 27267 1:0 10902
9865 27268 1:0 10910
9874 27266 1:0 10920
9874 27235 1:0 10953
9880 27236 1:0 11033
9884 27234 1:0 11040
9885 315 1:0 12381
9913 27233 1:0 11051
11231 30117 21:0 11239
11238 30119 21:0 11289
11288 30118 21:0 11305
11307 30150 21:0 11315
11314 30152 21:0 11365
11364 30151 21:0 11381
11380 30153 21:0 11391
11391 30186 21:0 11457
11459 30216 21:0 11467
11466 30217 21:0 11517
11516 30218 21:0 11533
11535 30249 21:0 11543
11542 30250 21:0 11593
11592 30251 21:0 11609
11608 30252 21:0 11619
11618 30282 21:0 11637
11636 30284 21:0 11685
11684 30283 21:0 11690
11689 30285 21:0 11709
11708 30316 21:0 11761
11760 30317 21:0 11766
11765 30318 21:0 11771
11771 30351 21:0 11837
11836 30120 21:0 11842
11841 30183 21:0 11847
11846 30315 21:0 11913
11912 30348 21:0 11918
11917 30185 21:0 11923
11922 30184 21:0 11978
11977 30219 21:0 11994
11993 30349 21:0 11999
11998 30384 21:0 12049
12048 30382 21:0 12065
12064 30417 21:0 12075
12074 30350 21:0 12097
12096 30447 21:0 12141
12140 30383 21:0 12146
12145 30381 21:0 12165
12164 30515 21:0 12217
12216 30513 21:0 12222
12221 30481 21:0 12241
12240 30414 21:0 12293
12292 30483 21:0 12298
12297 30448 21:0 12303
12302 30415 21:0 12369
12368 30514 21:0 12374
12373 30482 21:0 12379
12378 30449 21:0 12385
12384 30516 21:0 12396
12393 29139 1:0 12514
12394 29138 1:0 12521
12394 29137 1:0 12532
12395 30450 21:0 12399
12398 30579 21:0 12405
12400 29107 1:0 12645
12403 29104 1:0 12663
12403 29041 1:0 12827
12406 29040 1:0 12907
12409 29039 1:0 12914
12422 315 21:0 12436
12429 29038 1:0 12925
12435 30547 21:0 12516
12442 29006 1:0 12958
12496 29008 1:0 13038
12524 29007 1:0 13046
12525 29005 1:0 13056
12534 28975 1:0 13089
12534 28973 1:0 13169
12540 28974 1:0 13177
12545 28972 1:0 13187
12573 28942 1:0 13220
12655 28941 1:0 13300
12656 28940 1:0 13307
12665 28939 1:0 13318
12665 28907 1:0 13351
12671 28909 1:0 13431
12691 28908 1:0 13439
12704 28906 1:0 13449
12786 28875 1:0 13482
12787 28876 1:0 13562
12796 28874 1:0 13569
12796 28873 1:0 13580
12802 28842 1:0 13613
12822 28843 1:0 13693
12917 28841 1:0 13700
12918 28840 1:0 13711
12918 28810 1:0 13744
12927 28808 1:0 13824
12927 28809 1:0 13832
12935 28807 1:0 13842
12954 28777 1:0 13875
13048 28775 1:0 13955
13049 28776 1:0 13963
13049 28774 1:0 13973
13058 28744 1:0 14006
13058 28743 1:0 14086
13066 28742 1:0 14093
13085 28741 1:0 14104
13179 28711 1:0 14137
13180 28709 1:0 14217
13189 28710 1:0 14225
13189 28708 1:0 14235
13195 28676 1:0 14268
13199 28678 1:0 14348
13200 316 1:0 15696
13228 28677 1:0 14356
13310 28675 1:0 14366
14546 31559 21:0 14554
14553 31560 21:0 14604
14603 31562 21:0 14620
14622 31592 21:0 14630
14629 31593 21:0 14680
14679 31594 21:0 14696
14695 31595 21:0 14706
14705 31625 21:0 14724
14723 31627 21:0 14772
14771 31626 21:0 14777
14776 31628 21:0 14796
14795 31658 21:0 14848
14847 31659 21:0 14853
14852 31660 21:0 14858
14857 31661 21:0 14924
14923 31694 21:0 14929
14928 31724 21:0 14934
14933 31726 21:0 15000
14999 31725 21:0 15005
15004 31727 21:0 15010
15009 31757 21:0 15065
15064 31758 21:0 15081
15080 31759 21:0 15086
15086 31793 21:0 15152
15151 31561 21:0 15157
15156 31692 21:0 15162
15161 31693 21:0 15228
15227 31791 21:0 15233
15232 31790 21:0 15238
15237 31691 21:0 15293
15292 31823 21:0 15309
15308 31760 21:0 15314
15313 31792 21:0 15364
15363 31825 21:0 15380
15379 31824 21:0 15390
15389 31892 21:0 15412
15411 31891 21:0 15456
15455 31858 21:0 15461
15460 31857 21:0 15480
15479 31826 21:0 15532
15531 31890 21:0 15537
15536 31922 21:0 15556
15555 31856 21:0 15608
15607 31889 21:0 15613
15612 31859 21:0 15618
15617 31957 21:0 15684
15683 31988 21:0 15689
15688 31924 21:0 15694
15693 31955 21:0 15703
15702 31989 21:0 15711
15708 30579 1:0 15847
15709 30547 1:0 15967
15709 30516 1:0 16011
15710 31958 21:0 15714
15713 31923 21:0 15720
15715 30514 1:0 16091
15718 30515 1:0 16099
15718 30513 1:0 16109
15721 30482 1:0 16142
15724 30483 1:0 16222
15737 316 21:0 15751
15744 30481 1:0 16229
15750 31956 21:0 15831
15757 30450 1:0 16273
15811 30449 1:0 16353
15830 31990 21:0 15834
15832 30448 1:0 16360
15833 31925 21:0 15842
15839 30447 1:0 16371
15840 30417 1:0 16484
15843 30415 1:0 16491
15849 30414 1:0 16502
15849 30383 1:0 16535
15855 30384 1:0 16615
15860 30382 1:0 16622
15888 30381 1:0 16633
15970 30350 1:0 16666
15971 30351 1:0 16746
15980 30349 1:0 16753
15980 30348 1:0 16764
15986 30318 1:0 16797
16006 30317 1:0 16877
16019 30316 1:0 16884
16101 30315 1:0 16895
16102 30285 1:0 16928
16111 30283 1:0 17008
16111 30284 1:0 17016
16117 30282 1:0 17026
16137 30252 1:0 17059
16232 30251 1:0 17139
16233 30250 1:0 17146
16233 30249 1:0 17157
16242 30219 1:0 17190
16242 30218 1:0 17270
16250 30217 1:0 17277
16269 30216 1:0 17288
16363 30184 1:0 17321
16364 30186 1:0 17401
16364 30185 1:0 17409
16373 30183 1:0 17419
16373 30153 1:0 17452
16381 30151 1:0 17532
16400 30152 1:0 17540
16412 317 1:0 19011
16494 30150 1:0 17550
16495 30120 1:0 17583
16504 30118 1:0 17663
16504 30119 1:0 17671
16510 30117 1:0 17681
16515 31990 1:0 19275
17866 33002 21:0 17883
17882 33003 21:0 17935
17937 33034 21:0 17945
17944 33001 21:0 17995
17994 33035 21:0 18011
18013 33067 21:0 18021
18021 33070 21:0 18087
18089 33100 21:0 18097
18096 33102 21:0 18147
18146 33101 21:0 18163
18162 33103 21:0 18173
18172 33133 21:0 18191
18190 33135 21:0 18239
18238 33136 21:0 18244
18243 33134 21:0 18263
18262 33166 21:0 18315
18314 33169 21:0 18320
18319 33199 21:0 18325
18324 33201 21:0 18391
18390 33202 21:0 18396
18395 33200 21:0 18401
18401 33235 21:0 18467
18466 33004 21:0 18472
18471 33037 21:0 18477
18476 33036 21:0 18543
18542 33069 21:0 18548
18547 33233 21:0 18553
18552 33232 21:0 18608
18607 33068 21:0 18624
18623 33167 21:0 18629
18628 33168 21:0 18679
18678 33266 21:0 18695
18694 33234 21:0 18705
18704 33265 21:0 18730
18729 33267 21:0 18771
18770 33268 21:0 18778
18777 33333 21:0 18795
18794 33332 21:0 18847
18846 33364 21:0 18852
18851 33334 21:0 18871
18870 33299 21:0 18923
18922 33366 21:0 18928
18927 33367 21:0 18933
18932 33397 21:0 18999
18998 33298 21:0 19004
19003 33365 21:0 19009
19008 33398 21:0 19018
19017 33399 21:0 19026
19023 31989 1:0 19282
19024 31988 1:0 19293
19024 31956 1:0 19326
19025 33432 21:0 19029
19028 33463 21:0 19035
19030 31958 1:0 19406
19033 31957 1:0 19414
19033 31955 1:0 19424
19036 31925 1:0 19457
19039 31923 1:0 19537
19052 317 21:0 19066
19059 31924 1:0 19545
19065 33466 21:0 19146
19072 31922 1:0 19555
19126 31890 1:0 19588
19145 33433 21:0 19149
19147 31892 1:0 19668
19148 33300 21:0 19157
19154 31891 1:0 19676
19155 31889 1:0 19686
19158 31859 1:0 19719
19164 31857 1:0 19799
19164 31858 1:0 19807
19170 31856 1:0 19817
19175 31826 1:0 19850
19203 31824 1:0 19930
19285 31825 1:0 19938
19286 31823 1:0 19948
19295 31792 1:0 19981
19295 31793 1:0 20061
19301 31791 1:0 20068
19321 31790 1:0 20079
19334 31760 1:0 20112
19416 31759 1:0 20192
19417 31758 1:0 20199
19426 31757 1:0 20210
19426 31727 1:0 20243
19432 31725 1:0 20323
19452 31726 1:0 20331
19547 31724 1:0 20341
19548 31693 1:0 20374
19548 31694 1:0 20454
19557 31692 1:0 20461
19557 31691 1:0 20472
19565 31661 1:0 20505
19584 31660 1:0 20585
19678 31659 1:0 20592
19679 31658 1:0 20603
19679 31628 1:0 20636
19688 31626 1:0 20716
19688 31627 1:0 20724
19696 31625 1:0 20734
19715 31595 1:0 20767
19809 31594 1:0 20847
19810 31593 1:0 20854
19819 31592 1:0 20865
19819 31561 1:0 20898
19825 31562 1:0 20978
19829 31560 1:0 20985
19830 318 1:0 22326
19858 31559 1:0 20996
21181 34444 21:0 21198
21197 34445 21:0 21250
21249 34446 21:0 21255
21254 34476 21:0 21274
21273 34478 21:0 21326
21325 34477 21:0 21331
21330 34509 21:0 21336
21335 34511 21:0 21402
21404 34542 21:0 21412
21411 34543 21:0 21462
21461 34545 21:0 21478
21477 34544 21:0 21488
21487 34575 21:0 21506
21505 34576 21:0 21554
21553 34577 21:0 21559
21558 34578 21:0 21578
21577 34608 21:0 21630
21629 34611 21:0 21635
21634 34641 21:0 21640
21639 34643 21:0 21706
21705 34642 21:0 21711
21710 34644 21:0 21716
21715 34674 21:0 21782
21781 34677 21:0 21787
21786 34512 21:0 21792
21791 34510 21:0 21847
21846 34479 21:0 21863
21862 34443 21:0 21868
21867 34707 21:0 21918
21917 34610 21:0 21934
21933 34676 21:0 21944
21943 34609 21:0 21966
21965 34675 21:0 22010
22009 34740 21:0 22015
22014 34743 21:0 22034
22033 34773 21:0 22086
22085 34710 21:0 22091
22090 34709 21:0 22110
22109 34774 21:0 22162
22161 34741 21:0 22167
22166 34776 21:0 22172
22171 34775 21:0 22238
22237 34742 21:0 22243
22242 34875 21:0 22248
22247 34840 21:0 22303
22302 34874 21:0 22319
22318 34806 21:0 22324
22323 34808 21:0 22330
22329 34807 21:0 22341
22338 33466 1:0 22459
22339 33463 1:0 22477
22339 33433 1:0 22590
22340 34873 21:0 22344
22343 34841 21:0 22350
22345 33432 1:0 22598
22348 33399 1:0 22721
22348 33398 1:0 22728
22349 34809 21:0 22353
22351 33397 1:0 22739
22354 33365 1:0 22772
22354 33367 1:0 22852
22367 318 21:0 22381
22374 33366 1:0 22860
22380 34872 21:0 22461
22387 33364 1:0 22870
22441 33334 1:0 22903
22460 34905 21:0 22464
22462 33332 1:0 22983
22469 33333 1:0 22991
22470 33300 1:0 23114
22479 33299 1:0 23121
22479 33298 1:0 23132
22485 33268 1:0 23165
22490 33267 1:0 23245
22518 33266 1:0 23252
22600 33265 1:0 23263
22601 33234 1:0 23296
22610 33235 1:0 23376
22610 33233 1:0 23383
22616 33232 1:0 23394
22636 33200 1:0 23427
22649 33202 1:0 23507
22731 33201 1:0 23515
22732 33199 1:0 23525
22741 33168 1:0 23558
22741 33169 1:0 23638
22747 33167 1:0 23645
22767 33166 1:0 23656
22862 33134 1:0 23689
22863 33136 1:0 23769
22863 33135 1:0 23777
22872 33133 1:0 23787
22872 33103 1:0 23820
22880 33101 1:0 23900
22899 33102 1:0 23908
22993 33100 1:0 23918
22994 33068 1:0 23951
22994 33070 1:0 24031
23003 33069 1:0 24039
23003 33067 1:0 24049
23011 33036 1:0 24082
23030 33037 1:0 24162
23124 33035 1:0 24169
23125 33034 1:0 24180
23134 33004 1:0 24213
23134 33003 1:0 24293
23140 33002 1:0 24300
23144 33001 1:0 24311
23145 319 1:0 25641
24491 35885 21:0 24499
24499 35888 21:0 24565
24567 35918 21:0 24575
24574 35920 21:0 24625
24624 35919 21:0 24641
24640 35921 21:0 24651
24650 35951 21:0 24669
24668 35953 21:0 24717
24719 35984 21:0 24727
24727 35987 21:0 24793
24795 36017 21:0 24803
24802 36019 21:0 24853
24852 36018 21:0 24869
24868 36020 21:0 24879
24878 36050 21:0 24897
24896 36052 21:0 24945
24944 36051 21:0 24950
24949 36053 21:0 24969
24968 36083 21:0 25021
25020 36085 21:0 25026
25025 36084 21:0 25031
25030 36086 21:0 25097
25096 36119 21:0 25102
25101 36149 21:0 25107
25106 35954 21:0 25173
25172 35887 21:0 25178
25177 35886 21:0 25183
25182 35952 21:0 25238
25237 36151 21:0 25254
25253 36150 21:0 25259
25258 36183 21:0 25309
25308 36184 21:0 25325
25324 35985 21:0 25335
25334 36185 21:0 25357
25356 35986 21:0 25401
25400 36118 21:0 25407
25406 36116 21:0 25425
25424 36117 21:0 25477
25476 36216 21:0 25482
25481 36217 21:0 25501
25500 36251 21:0 25553
25552 36281 21:0 25558
25557 36250 21:0 25563
25562 36283 21:0 25629
25628 36215 21:0 25634
25633 36248 21:0 25639
25638 36249 21:0 25648
25647 36182 21:0 25656
25653 34905 1:0 25792
25654 34873 1:0 25825
25654 34875 1:0 25905
25655 36282 21:0 25659
25658 36348 21:0 25665
25660 34874 1:0 25913
25663 34872 1:0 25923
25663 34841 1:0 26036
25666 34840 1:0 26043
25669 34809 1:0 26087
25682 319 21:0 25696
25689 34807 1:0 26167
25695 36316 21:0 25776
25702 34808 1:0 26175
25756 34806 1:0 26185
25775 36218 21:0 25779
25777 34775 1:0 26218
25778 36284 21:0 25787
25784 34776 1:0 26298
25785 34774 1:0 26305
25786 36152 21:0 25790
25788 34773 1:0 26316
25789 36317 21:0 25799
25791 34742 1:0 26349
25794 34743 1:0 26429
25794 34741 1:0 26436
25798 36314 21:0 25827
25800 34740 1:0 26447
25800 34710 1:0 26560
25805 34709 1:0 26568
25826 36350 21:0 25907
25828 34707 1:0 26578
25833 34675 1:0 26611
25887 34677 1:0 26691
25906 36349 21:0 25910
25908 34676 1:0 26699
25915 34674 1:0 26709
25916 34644 1:0 26742
25925 34642 1:0 26822
25925 34643 1:0 26830
25931 34641 1:0 26840
25951 34609 1:0 26873
25964 34611 1:0 26953
26046 34610 1:0 26961
26047 34608 1:0 26971
26056 34578 1:0 27004
26056 34577 1:0 27084
26062 34576 1:0 27091
26082 34575 1:0 27102
26177 34544 1:0 27135
26178 34545 1:0 27215
26178 34543 1:0 27222
26187 34542 1:0 27233
26187 34510 1:0 27266
26195 34512 1:0 27346
26214 34511 1:0 27354
26308 34509 1:0 27364
26309 34479 1:0 27397
26309 34477 1:0 27477
26318 34478 1:0 27485
26318 34476 1:0 27495
26326 34446 1:0 27528
26345 34445 1:0 27608
26357 320 1:0 28956
26439 34444 1:0 27615
26440 34443 1:0 27626
26449 36349 1:0 29009
26449 36350 1:0 29089
26455 36348 1:0 29096
26460 36317 1:0 29220
26488 36316 1:0 29228
27806 37327 21:0 27814
27814 37330 21:0 27880
27882 37360 21:0 27890
27889 37362 21:0 27940
27939 37361 21:0 27956
27955 37363 21:0 27966
27965 37393 21:0 27984
27983 37396 21:0 28032
28034 37426 21:0 28042
28041 37427 21:0 28092
28091 37428 21:0 28108
28107 37429 21:0 28118
28117 37459 21:0 28136
28135 37394 21:0 28184
28186 37492 21:0 28194
28193 37494 21:0 28244
28243 37493 21:0 28260
28259 37495 21:0 28270
28269 37525 21:0 28288
28287 37526 21:0 28336
28335 37527 21:0 28341
28340 37528 21:0 28360
28359 37558 21:0 28412
28411 37329 21:0 28417
28416 37561 21:0 28422
28421 37328 21:0 28488
28487 37560 21:0 28493
28492 37395 21:0 28498
28497 37461 21:0 28564
28563 37460 21:0 28569
28568 37462 21:0 28574
28573 37559 21:0 28629
28628 37593 21:0 28645
28644 37594 21:0 28650
28649 37627 21:0 28700
28699 37660 21:0 28716
28715 37626 21:0 28726
28725 37624 21:0 28748
28747 37658 21:0 28792
28791 37625 21:0 28799
28798 37592 21:0 28816
28815 37659 21:0 28868
28867 37690 21:0 28873
28872 37657 21:0 28892
28891 37693 21:0 28944
28943 37691 21:0 28949
28948 37726 21:0 28954
28953 37759 21:0 28963
28962 37591 21:0 28971
28968 36314 1:0 29238
28969 36284 1:0 29271
28969 36282 1:0 29351
28970 37692 21:0 28974
28973 37724 21:0 28983
28975 36283 1:0 29359
28978 36281 1:0 29369
28978 36249 1:0 29402
28984 36251 1:0 29482
28984 36250 1:0 29490
28997 320 21:0 29011
29004 36248 1:0 29500
29010 37757 21:0 29091
29017 36218 1:0 29533
29071 36217 1:0 29613
29099 36216 1:0 29620
29100 36215 1:0 29631
29109 36185 1:0 29664
29109 36184 1:0 29744
29115 36183 1:0 29751
29120 36182 1:0 29762
29148 36152 1:0 29795
29230 36150 1:0 29875
29231 36151 1:0 29883
29240 36149 1:0 29893
29240 36117 1:0 29926
29246 36119 1:0 30006
29266 36118 1:0 30014
29279 36116 1:0 30024
29361 36086 1:0 30057
29362 36084 1:0 30137
29371 36085 1:0 30145
29371 36083 1:0 30155
29377 36053 1:0 30188
29397 36051 1:0 30268
29492 36052 1:0 30276
29493 36050 1:0 30286
29493 36020 1:0 30319
29502 36018 1:0 30399
29502 36019 1:0 30407
29510 36017 1:0 30417
29529 35986 1:0 30450
29623 35987 1:0 30530
29624 35985 1:0 30537
29624 35984 1:0 30548
29633 35952 1:0 30581
29633 35954 1:0 30661
29641 35953 1:0 30669
29660 35951 1:0 30679
29754 35921 1:0 30712
29755 35919 1:0 30792
29764 35920 1:0 30800
29764 35918 1:0 30810
29770 35886 1:0 30843
29774 35888 1:0 30923
29775 321 1:0 32271
29803 35887 1:0 30931
29885 35885 1:0 30941
31121 38769 21:0 31129
31128 38771 21:0 31179
31178 38772 21:0 31195
31197 38802 21:0 31205
31204 38803 21:0 31255
31254 38804 21:0 31271
31270 38805 21:0 31281
31280 38835 21:0 31299
31298 38838 21:0 31347
31349 38868 21:0 31357
31356 38869 21:0 31407
31406 38870 21:0 31423
31422 38871 21:0 31433
31432 38901 21:0 31451
31450 38902 21:0 31499
31498 38903 21:0 31504
31503 38904 21:0 31523
31522 38934 21:0 31575
31574 38937 21:0 31580
31579 38967 21:0 31585
31584 38968 21:0 31651
31650 38969 21:0 31656
31655 38970 21:0 31661
31661 39003 21:0 31727
31726 38770 21:0 31732
31731 39002 21:0 31737
31736 39034 21:0 31803
31802 39033 21:0 31808
31807 39035 21:0 31813
31812 38836 21:0 31868
31867 38837 21:0 31884
31883 38936 21:0 31889
31888 39001 21:0 31939
31938 38935 21:0 31955
31954 39000 21:0 31965
31964 39036 21:0 31987
31986 39067 21:0 32031
32030 39068 21:0 32036
32035 39101 21:0 32055
32054 39099 21:0 32107
32106 39100 21:0 32112
32111 39069 21:0 32131
32130 39132 21:0 32183
32182 39102 21:0 32188
32187 39066 21:0 32193
32192 39134 21:0 32259
32258 39231 21:0 32264
32263 39199 21:0 32269
32268 39135 21:0 32278
32277 39165 21:0 32286
32283 37759 1:0 32535
32284 37757 1:0 32542
32284 37726 1:0 32666
32285 39168 21:0 32289
32288 39198 21:0 32295
32290 37724 1:0 32673
32293 37692 1:0 32717
32293 37693 1:0 32797
32296 37691 1:0 32804
32299 37690 1:0 32815
32312 321 21:0 32326
32319 37659 1:0 32848
32325 39166 21:0 32406
32332 37660 1:0 32928
32386 37658 1:0 32935
32405 39201 21:0 32409
32407 37657 1:0 32946
32414 37625 1:0 32979
32415 37627 1:0 33059
32424 37626 1:0 33067
32424 37624 1:0 33077
32430 37592 1:0 33110
32435 37594 1:0 33190
32463 37593 1:0 33198
32545 37591 1:0 33208
32546 37559 1:0 33241
32555 37561 1:0 33321
32555 37560 1:0 33329
32561 37558 1:0 33339
32581 37528 1:0 33372
32594 37527 1:0 33452
32676 37526 1:0 33459
32677 37525 1:0 33470
32686 37495 1:0 33503
32686 37493 1:0 33583
32692 37494 1:0 33591
32712 37492 1:0 33601
32807 37462 1:0 33634
32808 37460 1:0 33714
32808 37461 1:0 33722
32817 37459 1:0 33732
32817 37429 1:0 33765
32825 37428 1:0 33845
32844 37427 1:0 33852
32938 37426 1:0 33863
32939 37395 1:0 33896
32939 37396 1:0 33976
32948 37394 1:0 33983
32948 37393 1:0 33994
32956 37363 1:0 34027
32975 37361 1:0 34107
33069 37362 1:0 34115
33070 37360 1:0 34125
33079 37328 1:0 34158
33079 37330 1:0 34238
33085 37329 1:0 34246
33089 37327 1:0 34256
33090 322 1:0 35586
33118 39231 1:0 35737
34436 40211 21:0 34444
34443 40212 21:0 34494
34493 40213 21:0 34510
34512 40244 21:0 34520
34519 40246 21:0 34570
34569 40245 21:0 34586
34585 40247 21:0 34596
34595 40277 21:0 34614
34613 40278 21:0 34662
34664 40310 21:0 34672
34672 40313 21:0 34738
34740 40343 21:0 34748
34747 40344 21:0 34798
34797 40345 21:0 34814
34813 40346 21:0 34824
34823 40376 21:0 34842
34841 40378 21:0 34890
34889 40377 21:0 34895
34894 40379 21:0 34914
34913 40409 21:0 34966
34965 40410 21:0 34971
34970 40411 21:0 34976
34975 40442 21:0 35042
35041 40412 21:0 35047
35046 40280 21:0 35052
35051 40279 21:0 35118
35117 40214 21:0 35123
35122 40508 21:0 35128
35127 40311 21:0 35183
35182 40477 21:0 35199
35198 40444 21:0 35204
35203 40476 21:0 35254
35253 40443 21:0 35270
35269 40445 21:0 35280
35279 40312 21:0 35302
35301 40478 21:0 35346
35345 40475 21:0 35352
35351 40511 21:0 35370
35369 40607 21:0 35422
35421 40510 21:0 35427
35426 40544 21:0 35446
35445 40509 21:0 35498
35497 40543 21:0 35503
35502 40576 21:0 35508
35507 40577 21:0 35574
35573 40541 21:0 35579
35578 40574 21:0 35584
35583 40675 21:0 35593
35592 40674 21:0 35601
35598 39201 1:0 35850
35599 39199 1:0 35857
35599 39198 1:0 35868
35600 40608 21:0 35604
35603 40609 21:0 35610
35605 39168 1:0 35981
35608 39166 1:0 35988
35608 39165 1:0 35999
35611 39135 1:0 36112
35614 39134 1:0 36120
35627 322 21:0 35641
35634 39132 1:0 36130
35640 40575 21:0 35721
35647 39102 1:0 36163
35701 39100 1:0 36243
35720 40542 21:0 35724
35722 39101 1:0 36251
35729 39099 1:0 36261
35730 39069 1:0 36294
35739 39068 1:0 36374
35739 39067 1:0 36381
35745 39066 1:0 36392
35750 39036 1:0 36425
35778 39035 1:0 36505
35860 39034 1:0 36512
35861 39033 1:0 36523
35870 39001 1:0 36556
35870 39003 1:0 36636
35876 39002 1:0 36644
35896 39000 1:0 36654
35909 38970 1:0 36687
35991 38969 1:0 36767
35992 38968 1:0 36774
36001 38967 1:0 36785
36001 38935 1:0 36818
36007 38937 1:0 36898
36027 38936 1:0 36906
36122 38934 1:0 36916
36123 38904 1:0 36949
36123 38903 1:0 37029
36132 38902 1:0 37036
36132 38901 1:0 37047
36140 38871 1:0 37080
36159 38870 1:0 37160
36253 38869 1:0 37167
36254 38868 1:0 37178
36254 38837 1:0 37211
36263 38838 1:0 37291
36263 38836 1:0 37298
36271 38835 1:0 37309
36290 38805 1:0 37342
36384 38804 1:0 37422
36385 38803 1:0 37429
36394 38802 1:0 37440
36394 38770 1:0 37473
36400 38772 1:0 37553
36404 38771 1:0 37561
36405 323 1:0 38901
36433 38769 1:0 37571
37751 41653 21:0 37759
37758 41655 21:0 37809
37808 41656 21:0 37825
37827 41686 21:0 37835
37834 41687 21:0 37885
37884 41688 21:0 37901
37900 41689 21:0 37911
37910 41719 21:0 37929
37928 41720 21:0 37977
37976 41721 21:0 37982
37981 41722 21:0 38001
38000 41752 21:0 38053
38052 41755 21:0 38058
38057 41785 21:0 38063
38062 41787 21:0 38129
38128 41786 21:0 38134
38133 41788 21:0 38139
38138 41818 21:0 38205
38204 41819 21:0 38210
38209 41820 21:0 38215
38214 41821 21:0 38270
38269 41852 21:0 38286
38285 41853 21:0 38291
38291 41887 21:0 38357
38359 41917 21:0 38367
38366 41919 21:0 38417
38416 41654 21:0 38433
38432 41754 21:0 38443
38442 41854 21:0 38461
38460 41851 21:0 38509
38508 41885 21:0 38514
38513 41884 21:0 38533
38532 41918 21:0 38585
38584 41920 21:0 38590
38589 41986 21:0 38595
38594 41984 21:0 38661
38660 41952 21:0 38666
38665 41983 21:0 38671
38670 41753 21:0 38734
38733 41886 21:0 38742
38741 41953 21:0 38747
38746 41950 21:0 38802
38801 42084 21:0 38818
38817 42051 21:0 38823
38822 42019 21:0 38873
38872 42018 21:0 38889
38888 42049 21:0 38899
38898 42085 21:0 38905
38902 40674 1:0 39034
38904 42050 21:0 38908
38907 41951 21:0 38919
38913 40675 1:0 39042
38914 40609 1:0 39296
38918 42082 21:0 38925
38920 40608 1:0 39303
38923 40607 1:0 39314
38923 40575 1:0 39347
38924 42052 21:0 38928
38926 40577 1:0 39427
38929 40576 1:0 39435
38929 40574 1:0 39445
38942 323 21:0 38956
38949 40542 1:0 39478
38955 42016 21:0 39036
38962 40544 1:0 39558
39016 40543 1:0 39566
39035 42083 21:0 39039
39037 40541 1:0 39576
39044 40509 1:0 39609
39045 40511 1:0 39689
39054 40510 1:0 39697
39054 40508 1:0 39707
39060 40478 1:0 39740
39065 40476 1:0 39820
39093 40477 1:0 39828
39175 40475 1:0 39838
39176 40445 1:0 39871
39185 40443 1:0 39951
39185 40444 1:0 39959
39191 40442 1:0 39969
39211 40412 1:0 40002
39224 40411 1:0 40082
39306 40410 1:0 40089
39307 40409 1:0 40100
39316 40379 1:0 40133
39316 40377 1:0 40213
39322 40378 1:0 40221
39342 40376 1:0 40231
39437 40346 1:0 40264
39438 40345 1:0 40344
39438 40344 1:0 40351
39447 40343 1:0 40362
39447 40312 1:0 40395
39455 40313 1:0 40475
39474 40311 1:0 40482
39568 40310 1:0 40493
39569 40279 1:0 40526
39569 40280 1:0 40606
39578 40278 1:0 40613
39578 40277 1:0 40624
39586 40247 1:0 40657
39605 40245 1:0 40737
39699 40246 1:0 40745
39700 40244 1:0 40755
39709 40214 1:0 40788
39709 40213 1:0 40868
39715 40212 1:0 40875
39719 40211 1:0 40886
39720 324 1:0 42216
41066 43095 21:0 41074
41073 43097 21:0 41124
41123 43096 21:0 41140
41142 43128 21:0 41150
41150 43131 21:0 41216
41218 43161 21:0 41226
41226 43164 21:0 41292
41294 43194 21:0 41302
41301 43195 21:0 41352
41351 43196 21:0 41368
41367 43197 21:0 41378
41377 43227 21:0 41396
41395 43228 21:0 41444
41443 43229 21:0 41449
41451 43261 21:0 41468
41467 43262 21:0 41520
41519 43263 21:0 41525
41524 43293 21:0 41544
41543 43295 21:0 41596
41595 43294 21:0 41601
41600 43296 21:0 41606
41605 43326 21:0 41672
41671 43329 21:0 41677
41676 43162 21:0 41682
41681 43163 21:0 41737
41736 43098 21:0 41753
41752 43130 21:0 41758
41757 43129 21:0 41813
41812 43359 21:0 41829
41828 43260 21:0 41834
41833 43328 21:0 41884
41883 43230 21:0 41900
41899 43394 21:0 41910
41909 43360 21:0 41928
41927 43393 21:0 41976
41975 43392 21:0 41981
41980 43327 21:0 42000
41999 43362 21:0 42052
42051 43428 21:0 42057
42056 43461 21:0 42062
42061 43491 21:0 42128
42127 43426 21:0 42133
42132 43493 21:0 42138
42137 43425 21:0 42204
42203 43427 21:0 42209
42208 43460 21:0 42214
42213 43492 21:0 42220
42219 43361 21:0 42231
42228 42083 1:0 42400
42229 42085 1:0 42480
42229 42084 1:0 42488
42230 43527 21:0 42234
42233 43559 21:0 42240
42235 42082 1:0 42498
42238 42052 1:0 42531
42238 42050 1:0 42611
42239 43560 21:0 42254
42241 42051 1:0 42619
42244 42049 1:0 42629
42249 42019 1:0 42742
42257 324 21:0 42271
42264 42018 1:0 42750
42270 43525 21:0 42351
42277 42016 1:0 42760
42331 41986 1:0 42873
42350 43459 21:0 42354
42352 41984 1:0 42880
42353 43458 21:0 42362
42359 41983 1:0 42891
42360 41951 1:0 42924
42361 43494 21:0 42365
42363 41953 1:0 43004
42364 43526 21:0 42374
42366 41952 1:0 43012
42369 41950 1:0 43022
42369 41920 1:0 43055
42373 43524 21:0 42402
42375 41918 1:0 43135
42375 41919 1:0 43143
42380 41917 1:0 43153
42401 43557 21:0 42482
42403 41886 1:0 43186
42408 41887 1:0 43266
42462 41885 1:0 43273
42490 41884 1:0 43284
42491 41854 1:0 43317
42500 41853 1:0 43397
42500 41852 1:0 43404
42506 41851 1:0 43415
42526 41821 1:0 43448
42539 41820 1:0 43528
42621 41819 1:0 43535
42622 41818 1:0 43546
42631 41788 1:0 43579
42631 41786 1:0 43659
42637 41787 1:0 43667
42657 41785 1:0 43677
42752 41753 1:0 43710
42753 41755 1:0 43790
42753 41754 1:0 43798
42762 41752 1:0 43808
42762 41722 1:0 43841
42770 41721 1:0 43921
42789 41720 1:0 43928
42883 41719 1:0 43939
42884 41689 1:0 43972
42884 41688 1:0 44052
42893 41687 1:0 44059
42893 41686 1:0 44070
42901 41654 1:0 44103
42920 41656 1:0 44183
42932 325 1:0 45531
43014 41655 1:0 44191
43015 41653 1:0 44201
43024 43560 1:0 45664
43024 43559 1:0 45672
43030 43557 1:0 45682
43035 43526 1:0 45715
43063 43527 1:0 45795
44381 44537 21:0 44389
44389 44540 21:0 44455
44457 44570 21:0 44465
44464 44572 21:0 44515
44514 44571 21:0 44531
44530 44573 21:0 44541
44540 44603 21:0 44559
44558 44605 21:0 44607
44606 44604 21:0 44612
44611 44606 21:0 44631
44630 44636 21:0 44683
44682 44638 21:0 44688
44687 44637 21:0 44693
44692 44639 21:0 44759
44758 44669 21:0 44764
44763 44671 21:0 44769
44768 44670 21:0 44835
44834 44672 21:0 44840
44839 44702 21:0 44845
44844 44704 21:0 44900
44899 44703 21:0 44916
44915 44705 21:0 44921
44920 44735 21:0 44971
44970 44771 21:0 44987
44989 44801 21:0 44997
44996 44539 21:0 45047
45046 44538 21:0 45063
45065 44834 21:0 45073
45072 44736 21:0 45123
45122 44737 21:0 45139
45138 44738 21:0 45149
45148 44768 21:0 45167
45166 44769 21:0 45215
45214 44770 21:0 45220
45219 44803 21:0 45239
45238 44802 21:0 45291
45290 44804 21:0 45296
45295 44836 21:0 45301
45300 44835 21:0 45367
45366 44837 21:0 45372
45371 44867 21:0 45377
45376 44869 21:0 45441
45440 44868 21:0 45448
45447 44870 21:0 45453
45452 44900 21:0 45508
45507 44902 21:0 45524
45523 44901 21:0 45529
45528 44903 21:0 45535
45532 43525 1:0 45802
45534 44933 21:0 45541
45540 44935 21:0 45549
45543 43524 1:0 45813
45544 43494 1:0 45846
45548 44934 21:0 45555
45550 43492 1:0 45926
45553 43493 1:0 45934
45553 43491 1:0 45944
45554 44936 21:0 45558
45556 43459 1:0 45977
45559 43461 1:0 46057
45559 43460 1:0 46065
45572 325 21:0 45586
45579 43458 1:0 46075
45585 44986 21:0 45618
45592 43427 1:0 46108
45617 44945 21:0 45637
45674 43428 1:0 46188
45675 43426 1:0 46195
45675 43425 1:0 46206
45684 43393 1:0 46319
45684 43394 1:0 46327
45692 43392 1:0 46337
45711 43361 1:0 46370
45805 43362 1:0 46450
45806 43360 1:0 46457
45806 43359 1:0 46468
45815 43327 1:0 46501
45815 43329 1:0 46581
45823 43328 1:0 46589
45842 43326 1:0 46599
45936 43296 1:0 46632
45937 43294 1:0 46712
45946 43295 1:0 46720
45946 43293 1:0 46730
45952 43263 1:0 46763
45955 26470 21:0 45979
45956 43262 1:0 46843
45973 43261 1:0 46850
45985 43260 1:0 46861
46067 43230 1:0 46894
46068 43229 1:0 46974
46077 43228 1:0 46981
46077 43227 1:0 46992
46085 43197 1:0 47025
46103 43196 1:0 47105
46198 43195 1:0 47112
46199 43194 1:0 47123
46199 43163 1:0 47153
46208 43164 1:0 47236
46208 43162 1:0 47243
46216 43161 1:0 47254
46235 43129 1:0 47287
46327 26634 21:0 46332
46329 43131 1:0 47367
46330 43130 1:0 47375
46330 43128 1:0 47385
46339 43098 1:0 47418
46339 43096 1:0 47498
46345 43097 1:0 47506
46365 43095 1:0 47516
46366 326 1:0 48846
46469 26695 21:0 46472
46589 26748 21:0 46594
46993 26923 21:0 46996
47124 26980 21:0 47127
47255 27037 21:0 47258
47696 45979 21:0 47704
47704 45982 21:0 47770
47769 45981 21:0 47775
47777 46014 21:0 47794
47793 46015 21:0 47846
47845 46012 21:0 47851
47856 46048 21:0 47922
47921 46045 21:0 47927
47929 46079 21:0 47946
47945 46081 21:0 47998
47997 46046 21:0 48003
48005 46112 21:0 48022
48021 46080 21:0 48074
48073 46013 21:0 48079
48081 46145 21:0 48098
48097 46147 21:0 48150
48149 46144 21:0 48155
48157 46179 21:0 48174
48173 46180 21:0 48226
48225 46146 21:0 48231
48233 46211 21:0 48250
48249 46178 21:0 48302
48301 46213 21:0 48307
48306 143 21:0 48312
48311 46189 21:0 48312
48312 46246 21:0 48378
48377 46243 21:0 48383
48385 46278 21:0 48402
48401 46276 21:0 48454
48453 46047 21:0 48459
48458 177 21:0 48464
48464 46312 21:0 48530
48529 46177 21:0 48535
48537 46343 21:0 48554
48553 46309 21:0 48606
48605 46245 21:0 48611
48610 46311 21:0 48630
48629 46279 21:0 48682
48681 46378 21:0 48687
48686 46342 21:0 48692
48691 46376 21:0 48758
48757 46277 21:0 48763
48762 46375 21:0 48768
48767 45980 21:0 48823
48822 46210 21:0 48839
48838 51 21:0 48839
48838 46362 21:0 48844
48843 46353 21:0 48844
48843 46461 21:0 48844
48858 312 1:0 2581
48859 46210 1:0 48871
48859 45980 1:0 48899
48868 46375 1:0 48979
48868 46277 1:0 48990
48876 46376 1:0 48999
48887 326 21:0 48901
48895 46342 1:0 49012
48907 44986 1:0 49012
48907 44945 1:0 49133
48989 46378 1:0 49084
48990 44936 1:0 49113
48999 44934 1:0 49124
48999 44935 1:0 49133
49005 46279 1:0 49161
49025 46311 1:0 49241
49038 46245 1:0 49252
49120 26470 1:0 49252
49121 44933 1:0 49259
49130 46309 1:0 49264
49130 44903 1:0 49292
49136 44901 1:0 49372
49140 44902 1:0 49380
49156 26634 1:0 49383
49251 44900 1:0 49390
49252 46177 1:0 49395
49252 44870 1:0 49423
49261 44868 1:0 49503
49261 44869 1:0 49511
49267 177 1:0 49514
49272 44867 1:0 49521
49300 46047 1:0 49526
49382 44837 1:0 49554
49383 44835 1:0 49634
49383 26748 1:0 49645
49392 44836 1:0 49642
49392 44834 1:0 49652
49400 46312 1:0 49657
49419 44804 1:0 49685
49431 26695 1:0 49776
49513 44802 1:0 49765
49514 44803 1:0 49773
49523 44801 1:0 49783
49523 46343 1:0 49788
49529 44770 1:0 49816
49549 44771 1:0 49896
49562 44769 1:0 49903
49603 22855 1:0 51098
49644 143 1:0 49907
49645 44768 1:0 49914
49654 46013 1:0 49919
49654 44738 1:0 49947
49660 44737 1:0 50027
49665 44736 1:0 50034
49693 44735 1:0 50045
49775 46080 1:0 50050
49776 44705 1:0 50078
49776 26923 1:0 50169
49785 44703 1:0 50158
49785 44704 1:0 50166
49793 44702 1:0 50176
49812 46243 1:0 50181
49824 51 1:0 50300
49906 44672 1:0 50209
49907 44670 1:0 50289
49916 44671 1:0 50297
49916 44669 1:0 50307
49922 46276 1:0 50312
49942 44639 1:0 50340
49955 44637 1:0 50420
50037 44638 1:0 50428
50038 26980 1:0 50431
50047 44636 1:0 50438
50047 46046 1:0 50443
50053 44606 1:0 50471
50057 44604 1:0 50551
50086 44605 1:0 50559
50168 27037 1:0 50562
50169 44603 1:0 50569
50169 46213 1:0 50574
50178 44573 1:0 50602
50178 44571 1:0 50682
50186 44572 1:0 50690
50205 44570 1:0 50700
50299 46246 1:0 50705
50300 44538 1:0 50733
50300 44540 1:0 50813
50309 44539 1:0 50821
50309 44537 1:0 50831
50317 46178 1:0 50846
50336 46278 1:0 50918
50348 327 1:0 50944
50348 22856 1:0 50960
50348 22857 1:0 50966
50430 46146 1:0 50957
50431 46461 1:0 50960
50431 22851 1:0 50966
50431 22859 1:0 50966
50431 22850 1:0 50969
50431 23004 1:0 51181
50440 22862 1:0 50969
50440 22860 1:0 50997
50440 22863 1:0 50997
50440 22861 1:0 51048
50446 22858 1:0 51117
50451 46045 1:0 51178
50466 23003 1:0 51187
50467 23005 1:0 51187
50479 22997 1:0 51187
50479 22998 1:0 51190
50561 23008 1:0 51190
50561 23007 1:0 51218
50562 23010 1:0 51218
50562 23009 1:0 51269
50562 23006 1:0 51339
50571 46144 1:0 51399
50571 46353 1:0 51402
50571 23002 1:0 51319
50571 23144 1:0 51402
50571 23151 1:0 51408
50571 23150 1:0 51408
50571 23145 1:0 51411
50577 23157 1:0 51408
50579 23156 1:0 51411
50582 23154 1:0 51439
50598 23153 1:0 51439
50610 23155 1:0 51490
50692 23152 1:0 51559
50693 46211 1:0 51612
50693 46180 1:0 51623
50702 46362 1:0 51623
50702 23299 1:0 51629
50702 23298 1:0 51629
50702 23300 1:0 51632
50702 23294 1:0 51632
50702 23291 1:0 51632
50702 23297 1:0 51642
50702 23292 1:0 51642
50702 23296 1:0 51642
50708 23301 1:0 51642
50710 23304 1:0 51670
50713 23302 1:0 51714
50728 23438 1:0 51844
50729 23303 1:0 51800
50741 23445 1:0 51850
50741 23439 1:0 51850
50741 23444 1:0 51853
50823 46012 1:0 51841
50824 23447 1:0 51850
50824 23450 1:0 51853
50833 23451 1:0 51881
50833 23448 1:0 51881
50833 23449 1:0 51932
50833 23446 1:0 52001
50839 45979 1:0 52062
50841 23592 1:0 52065
50841 23586 1:0 52071
50844 23593 1:0 52071
50859 23591 1:0 52071
50860 23594 1:0 52074
50872 23585 1:0 52074
50872 23590 1:0 52203
50872 23733 1:0 52292
50872 23883 1:0 52644
50913 23596 1:0 52102
50956 23598 1:0 52102
50956 23597 1:0 52153
50957 23595 1:0 52232
50957 23743 1:0 52292
50957 23739 1:0 52295
50966 46048 1:0 52286
50966 23742 1:0 52295
50966 23738 1:0 52304
50966 23732 1:0 52304
50972 23745 1:0 52304
50972 23740 1:0 52331
50976 23741 1:0 52377
50985 327 21:0 50999
50992 23880 1:0 52507
50993 23744 1:0 52463
51000 23886 1:0 52513
51046 46179 1:0 52504
51059 23887 1:0 52513
51074 23885 1:0 52513
51074 23879 1:0 52516
51075 23891 1:0 52516
51075 24176 1:0 53077
51076 24033 1:0 52734
51104 22855 21:0 51118
51125 23892 1:0 52544
51127 22858 21:0 51169
51135 23890 1:0 52544
51145 23888 1:0 52595
51168 22861 21:0 51172
51171 22860 21:0 51172
51171 22863 21:0 51180
51177 46189 1:0 52728
51177 23889 1:0 52674
51177 24032 1:0 52737
51177 24026 1:0 52747
51178 46147 1:0 52728
51178 24036 1:0 52734
51179 22862 21:0 51183
51181 24027 1:0 52747
51182 22850 21:0 51183
51182 22859 21:0 51183
51182 22857 21:0 51189
51184 24037 1:0 52737
51184 24034 1:0 52747
51184 24179 1:0 52949
51187 24039 1:0 52775
51187 24035 1:0 52819
51187 24038 1:0 52905
51188 22856 21:0 51189
51188 22851 21:0 51189
51190 46145 1:0 52946
51193 24180 1:0 52955
51193 24186 1:0 52955
51193 24325 1:0 53207
51195 24173 1:0 52955
51195 24174 1:0 52958
51198 24184 1:0 52958
51214 24183 1:0 52986
51226 24181 1:0 52986
51267 24185 1:0 53037
51280 24182 1:0 53107
51297 46112 1:0 53167
51325 23002 21:0 51339
51345 23006 21:0 51390
51346 24320 1:0 53170
51346 24326 1:0 53176
51346 24321 1:0 53176
51346 24327 1:0 53179
51356 24330 1:0 53176
51366 24331 1:0 53179
51389 23009 21:0 51393
51392 23010 21:0 51393
51392 23007 21:0 51401
51398 24333 1:0 53207
51398 24328 1:0 53207
51399 24332 1:0 53258
51399 24324 1:0 53307
51399 24329 1:0 53328
51399 24468 1:0 53391
51399 25058 1:0 54403
51400 23008 21:0 51404
51402 24476 1:0 53397
51403 22998 21:0 51404
51403 23005 21:0 51404
51403 23003 21:0 51410
51405 46081 1:0 53388
51405 24474 1:0 53397
51408 24467 1:0 53397
51408 24473 1:0 53400
51408 24475 1:0 53400
51408 24478 1:0 53428
51408 24480 1:0 53428
51408 24615 1:0 53618
51409 22997 21:0 51410
51409 23004 21:0 51410
51411 24479 1:0 53479
51414 24477 1:0 53558
51419 46079 1:0 53605
51447 46015 1:0 53612
51488 24622 1:0 53618
51501 24623 1:0 53621
51516 24620 1:0 53621
51516 24621 1:0 53631
51517 24625 1:0 53631
51518 24614 1:0 53631
51567 24626 1:0 53659
51569 23152 21:0 51611
51577 24624 1:0 53703
51587 24627 1:0 53790
51610 23155 21:0 51614
51613 23153 21:0 51614
51613 23154 21:0 51622
51619 45982 1:0 53830
51620 24762 1:0 53833
51620 24761 1:0 53839
51620 24769 1:0 53839
51620 24768 1:0 53839
51620 24767 1:0 53842
51620 24773 1:0 53842
51621 23156 21:0 51625
51623 24915 1:0 54054
51624 23157 21:0 51625
51624 23145 21:0 51625
51624 23150 21:0 51631
51626 24774 1:0 53870
51626 24772 1:0 53870
51626 24914 1:0 54060
51629 46014 1:0 54048
51629 24771 1:0 53921
51629 24770 1:0 53991
51630 23144 21:0 51631
51630 23151 21:0 51631
51632 24918 1:0 54060
51635 24909 1:0 54060
51635 24917 1:0 54063
51637 24908 1:0 54063
51640 24920 1:0 54091
51655 24921 1:0 54091
51668 24916 1:0 54142
51709 24919 1:0 54222
51737 45981 1:0 54269
51738 25062 1:0 54275
51738 25055 1:0 54281
51738 25061 1:0 54281
51738 25056 1:0 54284
51739 25155 1:0 54492
51739 25156 1:0 54459
51747 23292 21:0 51793
51788 25066 1:0 54281
51792 23296 21:0 51799
51798 23294 21:0 51806
51798 25068 1:0 54284
51808 25065 1:0 54312
51810 23303 21:0 51832
51831 23302 21:0 51835
51834 23304 21:0 51835
51834 23301 21:0 51843
51840 25063 1:0 54312
51840 25067 1:0 54363
51841 25064 1:0 54433
51842 23300 21:0 51846
51845 23299 21:0 51846
51845 23297 21:0 51852
51851 23291 21:0 51852
51851 23298 21:0 51852
52011 23446 21:0 52053
52052 23449 21:0 52056
52055 23451 21:0 52056
52055 23448 21:0 52064
52063 23450 21:0 52067
52066 23444 21:0 52067
52066 23447 21:0 52067
52066 23439 21:0 52073
52072 23445 21:0 52073
52072 23438 21:0 52073
52192 23585 21:0 52236
52242 23595 21:0 52274
52273 23597 21:0 52277
52276 23596 21:0 52277
52276 23598 21:0 52285
52284 23594 21:0 52288
52287 23591 21:0 52288
52287 23593 21:0 52288
52287 23586 21:0 52294
52293 23592 21:0 52294
52293 23590 21:0 52294
52443 23738 21:0 52467
52473 23744 21:0 52495
52494 23741 21:0 52498
52497 23740 21:0 52498
52497 23745 21:0 52506
52505 23742 21:0 52509
52508 23743 21:0 52509
52508 23732 21:0 52515
52514 23733 21:0 52515
52514 23739 21:0 52515
52634 23879 21:0 52678
52684 23889 21:0 52716
52715 23888 21:0 52719
52718 23890 21:0 52719
52718 23892 21:0 52727
52726 23891 21:0 52730
52729 23886 21:0 52730
52729 23887 21:0 52730
52729 23885 21:0 52736
52735 23883 21:0 52736
52735 23880 21:0 52736
52855 24026 21:0 52899
52915 24038 21:0 52937
52936 24035 21:0 52940
52939 24039 21:0 52940
52939 24034 21:0 52948
52947 24037 21:0 52951
52950 24036 21:0 52951
52950 24027 21:0 52957
52956 24032 21:0 52957
52956 24033 21:0 52957
53083 24176 21:0 53103
53113 24182 21:0 53158
53157 24185 21:0 53161
53160 24181 21:0 53161
53160 24183 21:0 53169
53168 24184 21:0 53172
53171 24174 21:0 53172
53171 24186 21:0 53172
53171 24180 21:0 53178
53177 24173 21:0 53178
53177 24179 21:0 53178
53317 24324 21:0 53329
53334 24329 21:0 53379
53378 24332 21:0 53382
53381 24328 21:0 53382
53381 24333 21:0 53390
53389 24331 21:0 53393
53392 24330 21:0 53393
53392 24327 21:0 53393
53392 24321 21:0 53399
53398 24320 21:0 53399
53398 24326 21:0 53399
53398 24325 21:0 53399
53518 24467 21:0 53562
53568 24477 21:0 53600
53599 24479 21:0 53603
53602 24478 21:0 53603
53602 24480 21:0 53611
53610 24475 21:0 53614
53613 24473 21:0 53614
53613 24476 21:0 53614
53613 24474 21:0 53620
53619 24468 21:0 53620
53739 24614 21:0 53783
53796 24627 21:0 53821
53820 24624 21:0 53824
53823 24626 21:0 53824
53823 24625 21:0 53832
53831 24623 21:0 53835
53834 24622 21:0 53835
53834 24621 21:0 53841
53840 24620 21:0 53841
53840 24615 21:0 53841
53997 24770 21:0 54042
54041 24771 21:0 54045
54044 24772 21:0 54045
54044 24774 21:0 54053
54052 24773 21:0 54056
54055 24767 21:0 54056
54055 24769 21:0 54056
54055 24761 21:0 54062
54061 24762 21:0 54062
54061 24768 21:0 54062
54181 24908 21:0 54225
54228 24919 21:0 54263
54262 24916 21:0 54266
54265 24920 21:0 54266
54265 24921 21:0 54274
54273 24917 21:0 54277
54276 24914 21:0 54277
54276 24918 21:0 54277
54276 24909 21:0 54283
54282 24915 21:0 54283
54409 25058 21:0 54429
54439 25064 21:0 160
