86 13479 0:0 88
86 13483 0:0 88
87 13481 0:0 88
87 13482 0:0 88
87 13484 0:0 88
142 13646 21:0 150
149 13648 0:0 150
150 13649 21:0 216
375 13747 21:0 433
377 13746 0:0 378
451 13779 0:0 454
454 13781 21:0 520
527 13813 21:0 585
679 13878 21:0 737
902 13976 0:0 905
907 13978 21:0 965
909 13977 0:0 910
983 14011 21:0 1041
985 14010 0:0 986
1059 14043 21:0 1117
1359 14175 21:0 1367
1366 14177 0:0 1367
1366 14176 21:0 1433
1431 14178 0:0 1433
1435 14208 0:0 1438
1440 14209 21:0 1498
1442 14210 0:0 1443
1497 14211 0:0 1509
1511 14241 0:0 1514
1516 14242 21:0 1574
1518 14243 0:0 1519
1573 14244 0:0 1585
1587 14274 0:0 1590
1592 14275 21:0 1650
1594 14276 0:0 1595
1649 14277 0:0 1661
1663 14307 0:0 1666
1668 14308 21:0 1726
1670 14309 0:0 1671
1725 14310 0:0 1737
1739 14340 21:0 1747
1746 14341 0:0 1747
1746 14342 21:0 1813
1811 14343 0:0 1813
1815 14373 21:0 1823
1822 14374 0:0 1823
1822 14375 21:0 1889
1887 14376 0:0 1889
1891 14406 21:0 1899
1898 14408 0:0 1899
1898 14407 21:0 1965
1963 14409 0:0 1965
1967 14439 21:0 1975
1974 14440 0:0 1975
1974 14441 21:0 2041
2039 14442 0:0 2041
2043 14472 21:0 2051
2050 14474 0:0 2051
2050 14473 21:0 2117
2115 14475 0:0 2117
2119 14505 0:0 2122
2124 14507 21:0 2182
2126 14506 0:0 2127
2181 14508 0:0 2193
2195 14538 21:0 2203
2202 14539 0:0 2203
2202 14540 21:0 2269
2267 14541 0:0 2269
2271 14571 21:0 2279
2278 14572 0:0 2279
2278 14573 21:0 2345
2343 14574 0:0 2345
2347 14604 21:0 2355
2354 14606 0:0 2355
2354 14605 21:0 2421
2419 14607 0:0 2421
2520 14043 1:0 2883
2521 14011 1:0 3006
2529 14010 1:0 3005
2535 13978 1:0 3128
2546 304 21:0 2560
2561 304 1:0 2509
2642 13977 1:0 3127
2643 13976 1:0 3137
2651 13878 1:0 3493
2651 13813 1:0 3738
2657 13781 1:0 3853
2764 13779 1:0 3859
2765 13747 1:0 3982
2773 13746 1:0 3981
2773 13649 1:0 4341
2779 13648 1:0 4348
2783 305 1:0 5679
2886 13646 1:0 4357
2887 14607 1:0 5943
2895 14605 1:0 5950
2895 14606 1:0 5951
2905 14604 1:0 5961
3008 14574 1:0 6074
4529 15617 21:0 4537
4534 15619 0:0 4537
4536 15618 0:0 4537
4537 15620 21:0 4603
4605 15650 21:0 4613
4612 15651 0:0 4613
4612 15652 0:0 4613
4613 15653 21:0 4679
4681 15683 21:0 4689
4688 15685 0:0 4689
4688 15684 21:0 4755
4753 15686 0:0 4755
4757 15716 21:0 4765
4764 15717 0:0 4765
4764 15718 21:0 4831
4829 15719 0:0 4831
4833 15749 21:0 4841
4840 15751 0:0 4841
4840 15750 21:0 4907
4905 15752 0:0 4907
4909 15782 21:0 4917
4916 15784 0:0 4917
4916 15783 0:0 4917
4917 15785 21:0 4983
4985 15815 21:0 4993
4992 15817 0:0 4993
4992 15816 21:0 5059
5057 15818 0:0 5059
5061 15848 21:0 5069
5068 15850 0:0 5069
5068 15849 21:0 5135
5133 15851 0:0 5135
5137 15881 0:0 5140
5142 15882 21:0 5200
5144 15883 0:0 5145
5199 15884 0:0 5211
5213 15914 0:0 5216
5218 15915 21:0 5276
5275 15917 0:0 5287
5289 15947 21:0 5297
5296 15949 0:0 5297
5296 15948 21:0 5363
5365 15980 0:0 5368
5370 15981 21:0 5428
5427 15983 0:0 5439
5441 16013 21:0 5449
5448 16015 0:0 5449
5449 16016 21:0 5515
5522 16048 21:0 5580
5669 16112 21:0 5677
5691 14573 1:0 6082
5692 14572 1:0 6081
5701 14571 1:0 6092
5701 14541 1:0 6205
5707 14540 1:0 6213
5720 305 21:0 5734
5727 14539 1:0 6212
5740 14538 1:0 6223
5822 14508 1:0 6336
5823 14507 1:0 6344
5832 14506 1:0 6343
5832 14505 1:0 6354
5838 14475 1:0 6467
5843 14473 1:0 6474
5871 14474 1:0 6475
5953 14472 1:0 6485
5954 14442 1:0 6598
5963 14440 1:0 6605
5963 14441 1:0 6606
5969 14439 1:0 6616
5989 14409 1:0 6729
6043 14407 1:0 6736
6084 14408 1:0 6737
6085 14406 1:0 6747
6094 14376 1:0 6860
6094 14375 1:0 6868
6102 14374 1:0 6867
6120 14373 1:0 6878
6215 14343 1:0 6991
6216 14341 1:0 6998
6216 14342 1:0 6999
6225 14340 1:0 7009
6225 14310 1:0 7122
6233 14308 1:0 7129
6252 14309 1:0 7130
6346 14307 1:0 7140
6347 14277 1:0 7253
6356 14275 1:0 7260
6356 14276 1:0 7261
6362 14274 1:0 7271
6366 14244 1:0 7384
6383 14242 1:0 7391
6477 14243 1:0 7392
6478 14241 1:0 7402
6487 14211 1:0 7515
6487 14209 1:0 7522
6493 14210 1:0 7523
6497 14208 1:0 7533
6498 306 1:0 8994
6526 14178 1:0 7646
6608 14176 1:0 7653
6609 14177 1:0 7654
6618 14175 1:0 7664
7844 17059 21:0 7852
7849 17061 0:0 7852
7852 17062 21:0 7918
7920 17092 21:0 7928
7927 17093 0:0 7928
7927 17094 21:0 7994
7992 17095 0:0 7994
7996 17125 21:0 8004
8003 17127 0:0 8004
8003 17126 21:0 8070
8068 17128 0:0 8070
8072 17158 21:0 8080
8079 17160 0:0 8080
8079 17159 21:0 8146
8144 17161 0:0 8146
8148 17191 21:0 8156
8155 17192 0:0 8156
8155 17193 21:0 8222
8220 17194 0:0 8222
8224 17224 21:0 8232
8231 17225 0:0 8232
8231 17226 21:0 8298
8296 17227 0:0 8298
8300 17257 21:0 8308
8307 17259 0:0 8308
8307 17258 21:0 8374
8372 17260 0:0 8374
8376 17290 21:0 8384
8383 17292 0:0 8384
8383 17291 21:0 8450
8448 17293 0:0 8450
8452 17323 21:0 8460
8459 17324 0:0 8460
8459 17325 0:0 8460
8460 17326 21:0 8526
8528 17356 0:0 8531
8533 17357 21:0 8591
8535 17358 0:0 8536
8590 17359 0:0 8602
8604 17389 0:0 8607
8609 17390 21:0 8667
8611 17391 0:0 8612
8666 17392 0:0 8678
8680 17422 21:0 8688
8687 17424 21:0 8754
8752 17425 0:0 8754
8756 17455 21:0 8764
8763 17456 0:0 8764
8763 17457 0:0 8764
8764 17458 21:0 8830
8913 17523 21:0 8971
9006 16112 1:0 9014
9007 16048 1:0 9266
9016 16016 1:0 9389
9016 16015 1:0 9397
9022 16013 1:0 9407
9035 306 21:0 9049
9042 15983 1:0 9520
9055 15981 1:0 9527
9137 15980 1:0 9538
9138 15948 1:0 9658
9147 15949 1:0 9659
9147 15947 1:0 9669
9153 15917 1:0 9782
9158 15915 1:0 9789
9186 15914 1:0 9800
9268 15884 1:0 9913
9269 15882 1:0 9920
9278 15883 1:0 9921
9278 15881 1:0 9931
9284 15851 1:0 10044
9304 15849 1:0 10051
9358 15850 1:0 10052
9399 15848 1:0 10062
9400 15818 1:0 10175
9409 15816 1:0 10182
9409 15817 1:0 10183
9417 15815 1:0 10193
9435 15785 1:0 10306
9530 15784 1:0 10314
9531 15783 1:0 10313
9531 15782 1:0 10324
9540 15752 1:0 10437
9540 15750 1:0 10444
9548 15751 1:0 10445
9567 15749 1:0 10455
9661 15719 1:0 10568
9662 15718 1:0 10576
9671 15717 1:0 10575
9671 15716 1:0 10586
9677 15686 1:0 10699
9681 15684 1:0 10706
9698 15685 1:0 10707
9792 15683 1:0 10717
9793 15653 1:0 10830
9802 15651 1:0 10837
9802 15652 1:0 10838
9808 15650 1:0 10848
9812 15620 1:0 10961
9813 307 1:0 12309
9841 15618 1:0 10968
9923 15619 1:0 10969
9924 15617 1:0 10979
9933 17523 1:0 12450
9933 17458 1:0 12704
9939 17457 1:0 12712
9959 17456 1:0 12711
11159 18501 0:0 11162
11164 18502 21:0 11222
11166 18503 0:0 11167
11221 18504 0:0 11233
11235 18534 21:0 11243
11242 18536 0:0 11243
11242 18535 0:0 11243
11243 18537 21:0 11309
11311 18567 21:0 11319
11318 18568 0:0 11319
11318 18569 21:0 11385
11383 18570 0:0 11385
11387 18600 21:0 11395
11394 18601 0:0 11395
11394 18602 21:0 11461
11459 18603 0:0 11461
11463 18633 21:0 11471
11470 18635 0:0 11471
11470 18634 21:0 11537
11535 18636 0:0 11537
11539 18666 21:0 11547
11546 18668 0:0 11547
11546 18667 21:0 11613
11611 18669 0:0 11613
11615 18699 21:0 11623
11622 18700 0:0 11623
11622 18701 21:0 11689
11687 18702 0:0 11689
11691 18732 21:0 11699
11698 18733 0:0 11699
11698 18734 0:0 11699
11699 18735 21:0 11765
11767 18765 21:0 11775
11774 18766 0:0 11775
11774 18767 21:0 11841
11839 18768 0:0 11841
11843 18798 21:0 11851
11848 18799 0:0 11851
11851 18801 21:0 11917
11919 18831 0:0 11922
11924 18833 21:0 11982
11926 18832 0:0 11927
11981 18834 0:0 11993
11995 18864 21:0 12003
12000 18865 0:0 12003
12003 18867 21:0 12069
12071 18897 0:0 12074
12076 18899 21:0 12134
12133 18900 0:0 12145
12147 18930 0:0 12150
12152 18932 21:0 12210
12154 18931 0:0 12155
12228 18965 21:0 12286
12230 18964 0:0 12231
12321 17455 1:0 12722
12322 17425 1:0 12835
12331 17424 1:0 12843
12331 17422 1:0 12853
12337 17392 1:0 12966
12350 307 21:0 12364
12357 17390 1:0 12973
12370 17391 1:0 12974
12452 17389 1:0 12984
12453 17359 1:0 13097
12462 17357 1:0 13104
12462 17358 1:0 13105
12468 17356 1:0 13115
12473 17326 1:0 13228
12501 17325 1:0 13236
12583 17324 1:0 13235
12584 17323 1:0 13246
12593 17293 1:0 13359
12593 17291 1:0 13366
12599 17292 1:0 13367
12619 17290 1:0 13377
12673 17260 1:0 13490
12714 17258 1:0 13497
12715 17259 1:0 13498
12724 17257 1:0 13508
12724 17227 1:0 13621
12732 17226 1:0 13629
12750 17225 1:0 13628
12845 17224 1:0 13639
12846 17194 1:0 13752
12846 17193 1:0 13760
12855 17192 1:0 13759
12855 17191 1:0 13770
12863 17161 1:0 13883
12882 17159 1:0 13890
12976 17160 1:0 13891
12977 17158 1:0 13901
12986 17128 1:0 14014
12986 17126 1:0 14021
12992 17127 1:0 14022
12996 17125 1:0 14032
13013 17095 1:0 14145
13107 17094 1:0 14153
13108 17093 1:0 14152
13117 17092 1:0 14163
13117 17062 1:0 14276
13123 17061 1:0 14284
13127 17059 1:0 14294
13128 308 1:0 15624
14474 19943 21:0 14482
14479 19944 0:0 14482
14481 19945 0:0 14482
14482 19946 21:0 14548
14550 19976 21:0 14558
14557 19978 0:0 14558
14557 19977 21:0 14624
14622 19979 0:0 14624
14626 20009 21:0 14634
14633 20011 0:0 14634
14633 20010 0:0 14634
14634 20012 21:0 14700
14702 20042 21:0 14710
14709 20043 0:0 14710
14709 20044 21:0 14776
14774 20045 0:0 14776
14778 20075 21:0 14786
14785 20076 0:0 14786
14785 20077 0:0 14786
14786 20078 21:0 14852
14854 20108 21:0 14862
14861 20109 0:0 14862
14861 20110 21:0 14928
14926 20111 0:0 14928
14930 20141 21:0 14938
14937 20143 0:0 14938
14937 20142 21:0 15004
15002 20144 0:0 15004
15006 20174 21:0 15014
15013 20175 0:0 15014
15013 20176 21:0 15080
15078 20177 0:0 15080
15082 20207 0:0 15085
15087 20208 21:0 15145
15144 20210 0:0 15156
15158 20240 21:0 15166
15165 20241 21:0 15232
15230 20243 0:0 15232
15239 20275 0:0 15242
15239 20274 0:0 15242
15242 20276 21:0 15308
15315 20307 21:0 15373
15317 20308 0:0 15318
15391 20340 21:0 15449
15462 20372 21:0 15470
15543 20407 0:0 15546
15546 20408 21:0 15612
15636 18965 1:0 15765
15637 18964 1:0 15764
15646 18931 1:0 15895
15646 18932 1:0 15896
15652 18930 1:0 15906
15665 308 21:0 15679
15672 18900 1:0 16019
15685 18899 1:0 16027
15767 18897 1:0 16037
15768 18867 1:0 16150
15777 18865 1:0 16157
15777 18864 1:0 16168
15783 18834 1:0 16281
15788 18833 1:0 16289
15816 18832 1:0 16288
15898 18831 1:0 16299
15899 18801 1:0 16412
15908 18799 1:0 16419
15908 18798 1:0 16430
15914 18768 1:0 16543
15934 18767 1:0 16551
15988 18766 1:0 16550
16029 18765 1:0 16561
16030 18735 1:0 16674
16039 18733 1:0 16681
16039 18734 1:0 16682
16047 18732 1:0 16692
16065 18702 1:0 16805
16160 18701 1:0 16813
16161 18700 1:0 16812
16161 18699 1:0 16823
16170 18669 1:0 16936
16170 18667 1:0 16943
16178 18668 1:0 16944
16197 18666 1:0 16954
16291 18636 1:0 17067
16292 18634 1:0 17074
16301 18635 1:0 17075
16301 18633 1:0 17085
16307 18603 1:0 17198
16311 18602 1:0 17206
16328 18601 1:0 17205
16422 18600 1:0 17216
16423 18570 1:0 17329
16432 18568 1:0 17336
16432 18569 1:0 17337
16438 18567 1:0 17347
16442 18537 1:0 17460
16471 18535 1:0 17467
16553 18536 1:0 17468
16554 18534 1:0 17478
16563 18504 1:0 17591
16563 18502 1:0 17598
16569 18503 1:0 17599
16574 18501 1:0 17609
16589 309 1:0 18939
16602 20408 1:0 19072
16684 20407 1:0 19080
16685 20372 1:0 19221
17789 21385 21:0 17797
17794 21386 0:0 17797
17796 21387 0:0 17797
17797 21388 21:0 17863
17865 21418 21:0 17873
17872 21420 0:0 17873
17872 21419 21:0 17939
17937 21421 0:0 17939
17941 21451 21:0 17949
17948 21452 0:0 17949
17948 21453 21:0 18015
18013 21454 0:0 18015
18017 21484 21:0 18025
18024 21485 0:0 18025
18024 21486 21:0 18091
18089 21487 0:0 18091
18093 21517 21:0 18101
18100 21519 0:0 18101
18100 21518 21:0 18167
18165 21520 0:0 18167
18169 21550 21:0 18177
18176 21551 0:0 18177
18176 21552 21:0 18243
18241 21553 0:0 18243
18245 21583 21:0 18253
18252 21584 0:0 18253
18252 21585 21:0 18319
18317 21586 0:0 18319
18321 21616 21:0 18329
18328 21617 0:0 18329
18328 21618 0:0 18329
18329 21619 21:0 18395
18397 21649 21:0 18405
18404 21650 0:0 18405
18404 21651 0:0 18405
18405 21652 21:0 18471
18473 21682 21:0 18481
18480 21684 0:0 18481
18480 21683 21:0 18547
18545 21685 0:0 18547
18549 21715 21:0 18557
18556 21716 0:0 18557
18556 21717 21:0 18623
18621 21718 0:0 18623
18625 21748 21:0 18633
18632 21749 0:0 18633
18632 21750 21:0 18699
18697 21751 0:0 18699
18701 21781 21:0 18709
18708 21783 0:0 18709
18708 21782 21:0 18775
18773 21784 0:0 18775
18777 21814 21:0 18785
18784 21815 0:0 18785
18784 21816 21:0 18851
18849 21817 0:0 18851
18853 21847 21:0 18861
18951 20340 1:0 19341
18952 20307 1:0 19472
18961 20308 1:0 19473
18961 20276 1:0 19596
18967 20275 1:0 19604
18980 309 21:0 18994
18987 20274 1:0 19603
19000 20243 1:0 19727
19082 20241 1:0 19734
19083 20240 1:0 19745
19092 20210 1:0 19858
19092 20208 1:0 19865
19098 20207 1:0 19876
19103 20177 1:0 19989
19131 20176 1:0 19997
19213 20175 1:0 19996
19214 20174 1:0 20007
19223 20144 1:0 20120
19223 20142 1:0 20127
19229 20143 1:0 20128
19249 20141 1:0 20138
19303 20111 1:0 20251
19344 20110 1:0 20259
19345 20109 1:0 20258
19354 20108 1:0 20269
19354 20078 1:0 20382
19362 20077 1:0 20390
19380 20076 1:0 20389
19475 20075 1:0 20400
19476 20045 1:0 20513
19476 20044 1:0 20521
19485 20043 1:0 20520
19485 20042 1:0 20531
19493 20012 1:0 20644
19512 20011 1:0 20652
19606 20010 1:0 20651
19607 20009 1:0 20662
19616 19979 1:0 20775
19616 19977 1:0 20782
19622 19978 1:0 20783
19626 19976 1:0 20793
19643 19946 1:0 20906
19655 310 1:0 22254
19737 19944 1:0 20913
19738 19945 1:0 20914
19747 19943 1:0 20924
21104 22827 21:0 21112
21111 22828 0:0 21112
21112 22830 21:0 21178
21180 22860 21:0 21188
21187 22862 0:0 21188
21188 22863 21:0 21254
21256 22893 0:0 21259
21261 22895 21:0 21319
21318 22896 0:0 21330
21332 22926 21:0 21340
21337 22927 0:0 21340
21340 22929 21:0 21406
21408 22959 0:0 21411
21413 22961 21:0 21471
21415 22960 0:0 21416
21484 22992 0:0 21487
21489 22993 21:0 21547
21491 22994 0:0 21492
21546 22995 0:0 21558
21560 23025 21:0 21568
21567 23027 0:0 21568
21568 23028 21:0 21634
21636 23058 0:0 21639
21641 23060 21:0 21699
21643 23059 0:0 21644
21698 23061 0:0 21710
21712 23091 21:0 21720
21719 23093 0:0 21720
21719 23092 0:0 21720
21720 23094 21:0 21786
21788 23124 0:0 21791
21793 23126 21:0 21851
21850 23127 0:0 21862
21864 23157 21:0 21872
21871 23158 0:0 21872
21872 23160 21:0 21938
21940 23190 0:0 21943
21945 23192 21:0 22003
21947 23191 0:0 21948
22021 23225 21:0 22079
22078 23226 0:0 22090
22097 23258 21:0 22155
22099 23257 0:0 22100
22173 23290 21:0 22231
22266 21847 1:0 22405
22267 21817 1:0 22518
22276 21815 1:0 22525
22276 21816 1:0 22526
22282 21814 1:0 22536
22295 310 21:0 22309
22302 21784 1:0 22649
22315 21782 1:0 22656
22397 21783 1:0 22657
22398 21781 1:0 22667
22407 21751 1:0 22780
22407 21750 1:0 22788
22413 21749 1:0 22787
22418 21748 1:0 22798
22446 21718 1:0 22911
22528 21717 1:0 22919
22529 21716 1:0 22918
22538 21715 1:0 22929
22538 21685 1:0 23042
22544 21683 1:0 23049
22564 21684 1:0 23050
22618 21682 1:0 23060
22659 21652 1:0 23173
22660 21651 1:0 23181
22669 21650 1:0 23180
22669 21649 1:0 23191
22677 21619 1:0 23304
22695 21617 1:0 23311
22790 21618 1:0 23312
22791 21616 1:0 23322
22791 21586 1:0 23435
22800 21584 1:0 23442
22800 21585 1:0 23443
22808 21583 1:0 23453
22827 21553 1:0 23566
22921 21552 1:0 23574
22922 21551 1:0 23573
22931 21550 1:0 23584
22931 21520 1:0 23697
22937 21518 1:0 23704
22941 21519 1:0 23705
22958 21517 1:0 23715
23052 21487 1:0 23828
23053 21486 1:0 23836
23062 21485 1:0 23835
23062 21484 1:0 23846
23068 21454 1:0 23959
23072 21453 1:0 23967
23101 21452 1:0 23966
23183 21451 1:0 23977
23184 21421 1:0 24090
23193 21419 1:0 24097
23193 21420 1:0 24098
23199 21418 1:0 24108
23204 21388 1:0 24221
23219 311 1:0 24352
23232 21387 1:0 24229
23314 21386 1:0 24228
23315 21385 1:0 24239
23324 23290 1:0 24456
23324 11277 1:0 24460
23324 11278 1:0 24545
23330 11274 1:0 24461
23332 11275 1:0 24460
23335 11276 1:0 24461
23350 11279 1:0 24460
23363 11421 1:0 24746
23445 23258 1:0 24667
23446 11424 1:0 24681
23446 11426 1:0 24681
23446 11425 1:0 24681
23455 23257 1:0 24803
23455 11422 1:0 24681
23455 11423 1:0 24681
23463 23225 1:0 24847
23466 11570 1:0 24901
23481 11561 1:0 24928
23482 11568 1:0 24967
23494 11569 1:0 24968
23576 11560 1:0 24927
23576 11571 1:0 24978
23576 11713 1:0 25124
23577 23226 1:0 25016
23577 11572 1:0 24987
23586 23192 1:0 25109
23586 11573 1:0 24988
23586 11715 1:0 25188
23592 11717 1:0 25123
23594 11719 1:0 25124
23597 11718 1:0 25124
23612 11708 1:0 25123
23625 11716 1:0 25124
23625 11720 1:0 25124
23707 23191 1:0 25245
23708 23190 1:0 25256
23708 11860 1:0 25345
23717 23160 1:0 25333
23717 11865 1:0 25344
23717 11864 1:0 25419
23723 11863 1:0 25344
23723 11861 1:0 25344
23727 11862 1:0 25345
23743 11867 1:0 25344
23744 11866 1:0 25344
23756 12002 1:0 25561
23838 23158 1:0 25466
23839 23157 1:0 25477
23839 12014 1:0 25651
23848 23126 1:0 25542
23848 23127 1:0 25542
23854 12013 1:0 25566
23856 12012 1:0 25565
23859 12009 1:0 25566
23875 12011 1:0 25566
23887 12010 1:0 25565
23969 23124 1:0 25698
23970 23094 1:0 25772
23970 12156 1:0 25851
23979 12155 1:0 25786
23979 12160 1:0 25787
23979 12154 1:0 25787
23979 12158 1:0 25787
23979 12157 1:0 25787
23985 12161 1:0 25787
23987 12159 1:0 25787
24005 23092 1:0 25908
24100 23093 1:0 25909
24101 23091 1:0 25919
24101 23061 1:0 25925
24110 23060 1:0 25993
24110 12306 1:0 26008
24110 12304 1:0 26073
24116 12296 1:0 26007
24116 12295 1:0 26008
24116 12303 1:0 26008
24120 12308 1:0 26008
24136 12307 1:0 26008
24137 12302 1:0 26008
24137 12301 1:0 26008
24149 12305 1:0 26008
24149 12443 1:0 26254
24231 23059 1:0 26129
24232 23058 1:0 26140
24232 12442 1:0 26253
24241 23028 1:0 26173
24241 12453 1:0 26227
24241 12450 1:0 26293
24247 12451 1:0 26294
24249 12452 1:0 26303
24251 12448 1:0 26283
24251 12449 1:0 26284
24267 12454 1:0 26313
24268 12589 1:0 26474
24280 12455 1:0 26314
24321 12600 1:0 26448
24364 23027 1:0 26351
24365 23025 1:0 26361
24365 12595 1:0 26504
24365 12596 1:0 26505
24374 22995 1:0 26539
24374 12597 1:0 26514
24374 12598 1:0 26515
24380 12599 1:0 26524
24382 12601 1:0 26534
24393 311 21:0 24407
24400 12602 1:0 26535
24413 22993 1:0 26571
24467 22994 1:0 26572
24484 22992 1:0 26582
24543 22961 1:0 26659
24553 12747 1:0 26746
24555 11278 21:0 24577
24575 11274 0:0 24577
24576 11277 0:0 24577
24576 11275 0:0 24577
24576 11276 0:0 24577
24576 11279 0:0 24577
24578 12743 1:0 26670
24578 12746 1:0 26670
24578 12749 1:0 26671
24578 12742 1:0 26671
24578 12884 1:0 26887
24585 12744 1:0 26671
24585 12748 1:0 26671
24586 12745 1:0 26671
24586 12896 1:0 26977
24595 22960 1:0 26792
24595 22959 1:0 26803
24601 22929 1:0 26868
24605 12893 1:0 26892
24621 12894 1:0 26891
24622 12883 1:0 26892
24622 12889 1:0 26892
24634 12891 1:0 26892
24675 12895 1:0 26892
24688 12892 1:0 26891
24705 22927 1:0 27013
24756 11421 21:0 24798
24764 22926 1:0 27024
24796 11423 0:0 24798
24796 11425 0:0 24798
24797 11424 0:0 24798
24797 11426 0:0 24798
24797 11422 0:0 24798
24799 22896 1:0 27030
24799 22895 1:0 27098
24806 13039 1:0 27112
24806 13038 1:0 27177
24807 13042 1:0 27112
24807 13041 1:0 27112
24807 13030 1:0 27113
24816 13043 1:0 27112
24816 13040 1:0 27112
24816 13036 1:0 27112
24816 13183 1:0 27388
24822 22893 1:0 27245
24826 22863 1:0 27332
24842 13185 1:0 27398
24843 13178 1:0 27359
24843 13184 1:0 27389
24855 13186 1:0 27399
24896 13187 1:0 27408
24909 13188 1:0 27409
24925 13189 1:0 27418
24926 13190 1:0 27419
24934 11561 21:0 24991
24985 22862 1:0 27456
24987 13325 1:0 27580
24990 11570 21:0 25019
24995 13324 1:0 27579
25017 11572 0:0 25019
25017 11568 0:0 25019
25018 11573 0:0 25019
25018 11571 0:0 25019
25018 11560 0:0 25019
25018 11569 0:0 25019
25020 22860 1:0 27466
25020 22830 1:0 27553
25027 13332 1:0 27619
25027 13333 1:0 27620
25028 13330 1:0 27609
25028 13331 1:0 27610
25028 13334 1:0 27629
25028 13335 1:0 27630
25037 22828 1:0 27676
25037 13336 1:0 27639
25037 13337 1:0 27640
25045 22827 1:0 27687
25048 13480 1:0 27841
25064 13479 1:0 27776
25076 13483 1:0 27776
25117 13472 1:0 27775
25117 13478 1:0 27776
25117 13471 1:0 27776
25130 13481 1:0 27776
25146 13482 1:0 27776
25147 13484 1:0 27776
25155 11708 0:0 25179
25188 11713 0:0 25196
25198 11715 21:0 25240
25238 11719 0:0 25240
25238 11717 0:0 25240
25239 11720 0:0 25240
25239 11718 0:0 25240
25239 11716 0:0 25240
25429 11864 21:0 25461
25460 11862 0:0 25461
25460 11867 0:0 25461
25460 11866 0:0 25461
25460 11861 0:0 25461
25460 11865 0:0 25461
25460 11863 0:0 25461
25460 11860 0:0 25461
25597 12002 21:0 25654
25657 12014 21:0 25682
25680 12010 0:0 25682
25680 12011 0:0 25682
25680 12012 0:0 25682
25680 12009 0:0 25682
25681 12013 0:0 25682
25848 12155 0:0 25857
25851 12154 0:0 25859
25861 12156 21:0 25903
25901 12158 0:0 25903
25901 12159 0:0 25903
25902 12161 0:0 25903
25902 12157 0:0 25903
25902 12160 0:0 25903
26039 12296 0:0 26063
26044 12295 0:0 26069
26072 12301 0:0 26080
26079 12304 21:0 26124
26122 12302 0:0 26124
26122 12305 0:0 26124
26122 12307 0:0 26124
26122 12303 0:0 26124
26123 12306 0:0 26124
26123 12308 0:0 26124
26260 12443 21:0 26317
26316 12449 0:0 26326
26316 12453 21:0 26345
26343 12451 0:0 26345
26343 12454 0:0 26345
26344 12452 0:0 26345
26344 12455 0:0 26345
26344 12450 0:0 26345
26344 12448 0:0 26345
26344 12442 0:0 26345
26484 12589 21:0 26540
26539 12600 21:0 26566
26540 12595 0:0 26557
26564 12599 0:0 26566
26565 12596 0:0 26566
26565 12602 0:0 26566
26565 12601 0:0 26566
26565 12597 0:0 26566
26565 12598 0:0 26566
26732 12743 0:0 26741
26752 12747 21:0 26787
26785 12744 0:0 26787
26785 12746 0:0 26787
26785 12745 0:0 26787
26786 12749 0:0 26787
26786 12748 0:0 26787
26786 12742 0:0 26787
26923 12884 21:0 26980
26983 12896 21:0 27008
27006 12893 0:0 27008
27006 12883 0:0 27008
27006 12889 0:0 27008
27006 12891 0:0 27008
27006 12894 0:0 27008
27007 12892 0:0 27008
27007 12895 0:0 27008
27147 13030 0:0 27173
27187 13038 21:0 27229
27227 13040 0:0 27229
27227 13042 0:0 27229
27228 13036 0:0 27229
27228 13041 0:0 27229
27228 13043 0:0 27229
27228 13039 0:0 27229
27398 13183 21:0 27449
27448 13188 0:0 27450
27448 13185 0:0 27450
27448 13189 0:0 27450
27449 13190 0:0 27450
27449 13184 0:0 27450
27449 13186 0:0 27450
27449 13187 0:0 27450
27449 13178 0:0 27450
27586 13325 21:0 27643
27642 13333 0:0 27671
27643 13332 0:0 27671
27659 13330 0:0 27671
27670 13336 0:0 27671
27670 13324 0:0 27671
27670 13334 0:0 27671
27670 13331 0:0 27671
27670 13337 0:0 27671
27670 13335 0:0 27671
27807 13472 0:0 27831
27810 13471 0:0 27836
27837 13478 0:0 27846
27847 13480 21:0 96
