292 49145 21:0 339
338 49146 21:0 355
354 49143 21:0 355
354 49142 21:0 360
359 49236 21:0 360
359 49237 21:0 360
359 49141 21:0 360
359 49135 21:0 365
364 49138 21:0 365
364 49137 21:0 365
364 49139 21:0 365
364 49136 21:0 365
364 329 21:0 365
364 49140 21:0 365
1525 49913 21:0 1535
3502 298 21:0 3520
3575 50878 21:0 3592
3654 50912 21:0 3720
3727 50943 21:0 3744
3806 50978 21:0 3872
4183 51142 21:0 4200
4199 51141 21:0 4252
4262 51176 21:0 4328
4338 51209 21:0 4404
4406 51239 21:0 4414
4413 51241 21:0 4464
4463 51208 21:0 4480
4563 51307 21:0 4580
4738 51384 21:0 4748
4779 51307 1:0 5039
4780 51241 1:0 5301
4789 51239 1:0 5311
4789 51209 1:0 5424
4795 51208 1:0 5432
4800 51176 1:0 5555
4828 51141 1:0 5686
4910 51142 1:0 5694
4911 50978 1:0 6341
4920 50943 1:0 6479
4920 50912 1:0 6603
4926 50878 1:0 6742
4928 300 1:0 6863
6861 299 21:0 6879
7010 52382 21:0 7027
7081 52413 21:0 7089
7089 52416 21:0 7155
7233 52479 21:0 7241
7240 52480 21:0 7291
7314 52513 21:0 7331
7330 52514 21:0 7383
7390 52547 21:0 7407
7461 52578 21:0 7469
7694 52679 21:0 7711
7846 52745 21:0 7863
7922 52778 21:0 7939
8097 52855 21:0 8107
8138 52778 1:0 8398
8139 52745 1:0 8529
8148 52679 1:0 8791
8148 52578 1:0 9194
8154 52547 1:0 9315
8159 52514 1:0 9438
8187 52513 1:0 9445
8269 52480 1:0 9576
8270 52479 1:0 9587
8279 52416 1:0 9831
8279 52413 1:0 9849
8285 52382 1:0 9970
8287 301 1:0 10222
10220 300 21:0 10238
10293 53820 21:0 10310
10309 53819 21:0 10362
10369 53853 21:0 10386
10516 53917 21:0 10524
10749 54017 21:0 10766
10828 54052 21:0 10894
10893 54050 21:0 10899
10972 54115 21:0 10980
10980 54118 21:0 11046
11048 54148 21:0 11056
11056 54151 21:0 11122
11121 54150 21:0 11127
11456 54326 21:0 11466
11497 54151 1:0 12142
11498 54150 1:0 12150
11507 54148 1:0 12160
11507 54118 1:0 12273
11513 54115 1:0 12291
11518 54052 1:0 12535
11546 54050 1:0 12542
11628 54017 1:0 12673
11629 53917 1:0 13077
11638 53853 1:0 13329
11638 53819 1:0 13452
11644 53820 1:0 13460
11646 302 1:0 13581
13579 301 21:0 13597
13807 55358 21:0 13873
13875 55388 21:0 13883
14027 55454 21:0 14035
14184 55521 21:0 14201
14200 55520 21:0 14253
14331 55586 21:0 14339
14407 55619 21:0 14415
14414 55621 21:0 14465
14488 55653 21:0 14505
14559 55685 21:0 14567
14566 55686 21:0 14617
14640 55719 21:0 14657
14815 55797 21:0 14825
14856 55719 1:0 15115
14857 55686 1:0 15246
14866 55685 1:0 15257
14866 55653 1:0 15377
14872 55621 1:0 15509
14877 55619 1:0 15519
14905 55586 1:0 15650
14987 55521 1:0 15901
14988 55520 1:0 15912
14997 55454 1:0 16174
14997 55388 1:0 16436
15003 55358 1:0 16549
15005 303 1:0 16940
16938 302 21:0 16956
17011 56761 21:0 17028
17082 56793 21:0 17090
17158 56826 21:0 17166
17165 56827 21:0 17216
17239 56860 21:0 17256
17386 56925 21:0 17394
17393 56926 21:0 17444
17543 56992 21:0 17560
17622 57027 21:0 17688
17847 57124 21:0 17864
17926 57159 21:0 17992
17999 57191 21:0 18016
18174 57268 21:0 18184
18215 57191 1:0 18475
18216 57159 1:0 18598
18225 57124 1:0 18736
18225 57027 1:0 19122
18231 56992 1:0 19260
18236 56926 1:0 19522
18264 56925 1:0 19533
18346 56860 1:0 19784
18347 56827 1:0 19915
18356 56826 1:0 19926
18356 56793 1:0 20057
18362 56761 1:0 20177
18364 304 1:0 20299
20297 303 21:0 20315
20365 58231 21:0 20373
20446 58265 21:0 20463
20522 58299 21:0 20539
20538 58300 21:0 20591
20590 58298 21:0 20596
20601 58333 21:0 20667
20750 58397 21:0 20767
20897 58462 21:0 20905
20905 58465 21:0 20971
20970 58463 21:0 20976
21206 58595 21:0 21223
21358 58662 21:0 21375
21533 58739 21:0 21543
21574 58662 1:0 21834
21575 58595 1:0 22095
21584 58465 1:0 22612
21584 58463 1:0 22619
21590 58462 1:0 22630
21595 58397 1:0 22881
21623 58333 1:0 23136
21705 58298 1:0 23187
21706 58300 1:0 23267
21715 58299 1:0 23275
21715 58265 1:0 23405
21721 58231 1:0 23547
21723 305 1:0 23658
23656 304 21:0 23674
23732 59705 21:0 23798
23881 59770 21:0 23898
24109 59869 21:0 24126
24125 59870 21:0 24178
24416 60002 21:0 24482
24481 60000 21:0 24487
24489 60033 21:0 24506
24505 60035 21:0 24558
24557 60032 21:0 24563
24565 60066 21:0 24582
24581 60065 21:0 24634
24717 60132 21:0 24734
24892 60210 21:0 24902
24933 60132 1:0 25192
24934 60066 1:0 25454
24943 60065 1:0 25465
24943 60035 1:0 25578
24949 60033 1:0 25585
24954 60032 1:0 25596
24982 60002 1:0 25709
25064 60000 1:0 25716
25065 59870 1:0 26233
25074 59869 1:0 26241
25074 59770 1:0 26634
25080 59705 1:0 26888
25082 306 1:0 27017
27015 305 21:0 27033
27088 61174 21:0 27105
27159 61206 21:0 27167
27166 61208 21:0 27217
27240 61241 21:0 27257
27311 61272 21:0 27319
27387 61305 21:0 27395
27468 61339 21:0 27485
27539 61371 21:0 27547
27848 61504 21:0 27865
27924 61538 21:0 27941
27995 61569 21:0 28003
28071 61602 21:0 28079
28251 61681 21:0 28261
28292 61602 1:0 28562
28293 61569 1:0 28693
28302 61538 1:0 28814
28302 61504 1:0 28944
28308 61371 1:0 29479
28313 61339 1:0 29599
28341 61305 1:0 29741
28423 61272 1:0 29872
28424 61241 1:0 29993
28433 61208 1:0 30124
28433 61206 1:0 30134
28439 61174 1:0 30254
28441 307 1:0 30376
30374 306 21:0 30392
30678 62746 21:0 30744
30743 62745 21:0 30749
30827 62811 21:0 30844
30843 62809 21:0 30896
30895 62810 21:0 30901
30900 62812 21:0 30920
31058 62911 21:0 31124
31126 62941 21:0 31134
31207 62975 21:0 31224
31283 63009 21:0 31300
31435 63074 21:0 31452
31451 63076 21:0 31504
31610 63152 21:0 31620
31651 63076 1:0 31903
31652 63074 1:0 31910
31661 63009 1:0 32173
31661 62975 1:0 32303
31667 62941 1:0 32445
31672 62911 1:0 32558
31700 62812 1:0 32871
31782 62810 1:0 32951
31783 62811 1:0 32959
31792 62809 1:0 32969
31792 62746 1:0 33213
31798 62745 1:0 33221
31800 308 1:0 33735
33733 307 21:0 33751
33806 64116 21:0 33823
33822 64115 21:0 33875
33874 64117 21:0 33880
33958 64183 21:0 33975
34029 64214 21:0 34037
34113 64250 21:0 34179
34265 64316 21:0 34331
34493 64415 21:0 34559
34561 64445 21:0 34569
34568 64413 21:0 34619
34618 64448 21:0 34635
34797 64547 21:0 34863
34969 64623 21:0 34979
35010 64547 1:0 35262
35011 64448 1:0 35655
35020 64445 1:0 35673
35020 64415 1:0 35786
35026 64413 1:0 35793
35031 64316 1:0 36179
35059 64250 1:0 36441
35141 64214 1:0 36590
35142 64183 1:0 36711
35151 64117 1:0 36965
35151 64116 1:0 36972
35157 64115 1:0 36983
35159 309 1:0 37094
37092 308 21:0 37110
37317 65654 21:0 37334
37333 65652 21:0 37386
37388 65685 21:0 37396
37472 65721 21:0 37538
37537 65720 21:0 37543
37545 65753 21:0 37562
37561 65751 21:0 37614
37621 65786 21:0 37638
37697 65819 21:0 37714
37928 65919 21:0 37994
38001 65951 21:0 38018
38017 65952 21:0 38070
38328 66094 21:0 38338
38369 65952 1:0 38883
38370 65951 1:0 38891
38379 65919 1:0 39014
38379 65819 1:0 39415
38385 65786 1:0 39546
38390 65753 1:0 39677
38418 65751 1:0 39687
38500 65721 1:0 39800
38501 65720 1:0 39808
38510 65685 1:0 39949
38510 65654 1:0 40070
38516 65652 1:0 40080
38518 310 1:0 40453
40451 309 21:0 40469
40527 67060 21:0 40593
40600 67091 21:0 40617
40616 67093 21:0 40669
40755 67159 21:0 40821
40820 67158 21:0 40826
40899 67222 21:0 40907
40907 67225 21:0 40973
41059 67291 21:0 41125
41127 67321 21:0 41135
41211 67357 21:0 41277
41360 67421 21:0 41377
41436 67455 21:0 41453
41687 67565 21:0 41697
41728 67455 1:0 42119
41729 67421 1:0 42249
41738 67357 1:0 42504
41738 67321 1:0 42653
41744 67291 1:0 42766
41749 67225 1:0 43028
41777 67222 1:0 43046
41859 67159 1:0 43290
41860 67158 1:0 43298
41869 67093 1:0 43552
41869 67091 1:0 43559
41875 67060 1:0 43683
41877 311 1:0 43812
43810 310 21:0 43828
44114 68630 21:0 44180
44179 68629 21:0 44185
44258 68693 21:0 44266
44265 68695 21:0 44316
44415 68761 21:0 44432
44486 68792 21:0 44494
44638 68858 21:0 44646
44722 68894 21:0 44788
44795 68925 21:0 44812
44811 68924 21:0 44864
44871 68958 21:0 44888
44887 68959 21:0 44940
45046 69036 21:0 45056
45087 68959 1:0 45339
45088 68958 1:0 45346
45097 68925 1:0 45477
45097 68924 1:0 45488
45103 68894 1:0 45601
45108 68858 1:0 45750
45136 68792 1:0 46012
45218 68761 1:0 46133
45219 68695 1:0 46395
45228 68693 1:0 46405
45228 68630 1:0 46649
45234 68629 1:0 46657
45236 312 1:0 47171
47169 311 21:0 47187
47242 70001 21:0 47259
47470 70100 21:0 47487
47486 70099 21:0 47539
47549 70134 21:0 47615
47617 70164 21:0 47625
47698 70198 21:0 47715
47714 70200 21:0 47767
47921 70296 21:0 47929
47928 70297 21:0 47979
48002 70331 21:0 48019
48018 70332 21:0 48071
48157 70398 21:0 48223
48405 70507 21:0 48415
48446 70398 1:0 48829
48447 70332 1:0 49091
48456 70331 1:0 49099
48456 70297 1:0 49229
48462 70296 1:0 49240
48467 70200 1:0 49615
48495 70198 1:0 49622
48577 70164 1:0 49764
48578 70134 1:0 49877
48587 70099 1:0 50008
48587 70100 1:0 50016
48593 70001 1:0 50409
48595 313 1:0 50530
50528 312 21:0 50546
50596 71470 21:0 50604
50604 71473 21:0 50670
50908 71605 21:0 50974
50984 71638 21:0 51050
51060 71671 21:0 51126
51288 71770 21:0 51354
51361 71801 21:0 51378
51377 71800 21:0 51430
51429 71803 21:0 51435
51434 71833 21:0 51454
51508 71866 21:0 51516
51589 71901 21:0 51606
51764 71978 21:0 51774
51805 71901 1:0 52065
51806 71866 1:0 52206
51815 71833 1:0 52337
51815 71803 1:0 52450
51821 71801 1:0 52457
51826 71800 1:0 52468
51854 71770 1:0 52581
51936 71671 1:0 52974
51937 71638 1:0 53105
51946 71605 1:0 53236
51946 71473 1:0 53760
51952 71470 1:0 53778
51954 314 1:0 53889
53887 313 21:0 53905
53955 72941 21:0 53963
53963 72944 21:0 54029
54028 72942 21:0 54034
54036 72975 21:0 54053
54112 73008 21:0 54129
54259 73073 21:0 54267
54411 73139 21:0 54419
54492 73173 21:0 54509
54568 73207 21:0 54585
54584 73206 21:0 54637
54799 73307 21:0 54865
54867 73337 21:0 54875
55123 73449 21:0 55133
55164 73337 1:0 55565
55165 73307 1:0 55678
55174 73206 1:0 56071
55174 73207 1:0 56079
55180 73173 1:0 56209
55185 73139 1:0 56351
55213 73073 1:0 56613
55295 73008 1:0 56864
55296 72975 1:0 56995
55305 72944 1:0 57119
55305 72942 1:0 57126
55311 72941 1:0 57137
55313 315 1:0 57248
57246 314 21:0 57264
57395 74447 21:0 57412
57471 74479 21:0 57488
57487 74481 21:0 57540
57623 74546 21:0 57640
57702 74580 21:0 57768
57778 74613 21:0 57844
57843 74612 21:0 57849
57922 74676 21:0 57930
58003 74711 21:0 58020
58019 74709 21:0 58072
58079 74743 21:0 58096
58150 74775 21:0 58158
58482 74920 21:0 58492
58523 74775 1:0 59055
58524 74743 1:0 59175
58533 74711 1:0 59307
58533 74709 1:0 59317
58539 74676 1:0 59448
58544 74613 1:0 59692
58572 74612 1:0 59700
58654 74580 1:0 59823
58655 74546 1:0 59962
58664 74481 1:0 60216
58664 74479 1:0 60223
58670 74447 1:0 60355
58672 316 1:0 60607
60605 315 21:0 60623
60982 76017 21:0 60999
61053 76048 21:0 61061
61061 76051 21:0 61127
61129 76081 21:0 61137
61205 76114 21:0 61213
61213 76117 21:0 61279
61281 76147 21:0 61289
61357 76180 21:0 61365
61365 76183 21:0 61431
61433 76213 21:0 61441
61517 76249 21:0 61583
61590 76280 21:0 61607
61841 76391 21:0 61851
61882 76280 1:0 62272
61883 76249 1:0 62396
61892 76213 1:0 62545
61892 76183 1:0 62658
61898 76180 1:0 62676
61903 76147 1:0 62807
61931 76117 1:0 62920
62013 76114 1:0 62938
62014 76081 1:0 63069
62023 76051 1:0 63182
62023 76048 1:0 63200
62029 76017 1:0 63321
62031 317 1:0 63966
63964 316 21:0 63982
64037 77356 21:0 64054
64053 77355 21:0 64106
64265 77454 21:0 64282
64344 77489 21:0 64410
64409 77488 21:0 64415
64420 77522 21:0 64486
64485 77521 21:0 64491
64640 77618 21:0 64648
64648 77621 21:0 64714
64721 77652 21:0 64738
64873 77719 21:0 64890
65028 77786 21:0 65094
65200 77862 21:0 65210
65241 77786 1:0 65493
65242 77719 1:0 65763
65251 77652 1:0 66024
65251 77621 1:0 66148
65257 77618 1:0 66166
65262 77522 1:0 66541
65290 77521 1:0 66549
65372 77489 1:0 66672
65373 77488 1:0 66680
65382 77454 1:0 66810
65382 77355 1:0 67196
65388 77356 1:0 67204
65390 318 1:0 67325
67323 317 21:0 67341
67543 78891 21:0 67551
67619 78924 21:0 67627
67626 78926 21:0 67677
67695 78957 21:0 67703
67852 79024 21:0 67869
67868 79025 21:0 67921
68083 79125 21:0 68149
68235 79191 21:0 68301
68300 79189 21:0 68306
68308 79223 21:0 68325
68324 79224 21:0 68377
68384 79256 21:0 68401
68559 79333 21:0 68569
68600 79256 1:0 68860
68601 79224 1:0 68983
68610 79223 1:0 68991
68610 79191 1:0 69114
68616 79189 1:0 69121
68621 79125 1:0 69376
68649 79025 1:0 69769
68731 79024 1:0 69776
68732 78957 1:0 70049
68741 78926 1:0 70170
68741 78924 1:0 70180
68747 78891 1:0 70311
68749 319 1:0 70684
70682 318 21:0 70700
70755 80298 21:0 70772
70771 80297 21:0 70824
70910 80365 21:0 70976
70983 80396 21:0 71000
71054 80428 21:0 71062
71138 80464 21:0 71204
71290 80530 21:0 71356
71366 80563 21:0 71432
71591 80660 21:0 71608
71607 80659 21:0 71660
71746 80728 21:0 71812
71811 80726 21:0 71817
71918 80804 21:0 71928
71959 80728 1:0 72211
71960 80726 1:0 72218
71969 80660 1:0 72480
71969 80659 1:0 72491
71975 80563 1:0 72866
71980 80530 1:0 72997
72008 80464 1:0 73259
72090 80428 1:0 73408
72091 80396 1:0 73528
72100 80365 1:0 73652
72100 80297 1:0 73914
72106 80298 1:0 73922
72108 320 1:0 74043
74041 319 21:0 74059
74109 81767 21:0 74117
74116 81769 21:0 74167
74190 81802 21:0 74207
74206 81801 21:0 74259
74269 81836 21:0 74335
74489 81932 21:0 74497
74570 81966 21:0 74587
74641 81998 21:0 74649
74874 82098 21:0 74891
74890 82100 21:0 74943
75026 82164 21:0 75043
75105 82199 21:0 75171
75277 82275 21:0 75287
75318 82199 1:0 75570
75319 82164 1:0 75708
75328 82100 1:0 75963
75328 82098 1:0 75970
75334 81998 1:0 76374
75339 81966 1:0 76494
75367 81932 1:0 76636
75449 81836 1:0 77011
75450 81801 1:0 77142
75459 81802 1:0 77150
75459 81769 1:0 77281
75465 81767 1:0 77291
75467 321 1:0 77402
77400 320 21:0 77418
77473 83240 21:0 77490
77549 83273 21:0 77566
77628 83307 21:0 77694
77701 83339 21:0 77718
77717 83337 21:0 77770
77769 83340 21:0 77775
77929 83437 21:0 77946
78081 83503 21:0 78098
78157 83537 21:0 78174
78236 83571 21:0 78302
78304 83601 21:0 78312
78456 83667 21:0 78464
78636 83746 21:0 78646
78677 83667 1:0 78947
78678 83601 1:0 79209
78687 83571 1:0 79322
78687 83537 1:0 79461
78693 83503 1:0 79591
78698 83437 1:0 79853
78726 83340 1:0 80239
78808 83339 1:0 80247
78809 83337 1:0 80257
78818 83307 1:0 80370
78818 83273 1:0 80509
78824 83240 1:0 80640
78826 322 1:0 80761
80759 321 21:0 80777
80987 84778 21:0 81053
81139 84844 21:0 81205
81215 84877 21:0 81281
81280 84875 21:0 81286
81288 84908 21:0 81305
81304 84909 21:0 81357
81440 84975 21:0 81457
81456 84974 21:0 81509
81519 85009 21:0 81585
81592 85041 21:0 81609
81663 85072 21:0 81671
81823 85141 21:0 81889
81995 85217 21:0 82005
82036 85141 1:0 82288
82037 85072 1:0 82568
82046 85041 1:0 82689
82046 85009 1:0 82812
82052 84974 1:0 82943
82057 84975 1:0 82951
82085 84909 1:0 83205
82167 84908 1:0 83212
82168 84877 1:0 83336
82177 84875 1:0 83343
82177 84844 1:0 83467
82183 84778 1:0 83729
82185 323 1:0 84120
84118 322 21:0 84136
84194 86183 21:0 84260
84343 86248 21:0 84360
84419 86281 21:0 84436
84435 86279 21:0 84488
84490 86312 21:0 84498
84574 86348 21:0 84640
84650 86381 21:0 84716
84718 86411 21:0 84726
84875 86479 21:0 84892
84951 86511 21:0 84968
85027 86544 21:0 85044
85179 86610 21:0 85196
85395 86610 1:0 85654
85396 86544 1:0 85916
85405 86511 1:0 86047
85405 86479 1:0 86179
85411 86411 1:0 86451
85431 86381 1:0 86564
85444 86348 1:0 86695
85526 86312 1:0 86844
85527 86281 1:0 86965
85536 86279 1:0 86975
85536 86248 1:0 87096
85544 86183 1:0 87350
85546 324 1:0 87479
87477 323 21:0 87495
87697 87717 21:0 87705
87704 87719 21:0 87755
88001 87849 21:0 88009
88085 87885 21:0 88151
88150 87884 21:0 88156
88158 87916 21:0 88175
88305 87981 21:0 88313
88386 88016 21:0 88403
88465 88050 21:0 88531
88538 88082 21:0 88555
88554 88081 21:0 88607
88606 88080 21:0 88612
88754 88081 1:0 89006
88755 88082 1:0 89014
88764 88080 1:0 89024
88764 88050 1:0 89137
88772 88016 1:0 89276
88790 87981 1:0 89417
88885 87916 1:0 89668
88886 87885 1:0 89792
88886 87884 1:0 89800
88895 87849 1:0 89941
88895 87719 1:0 90455
88903 87717 1:0 90465
88905 325 1:0 90838
90836 324 21:0 90854
90912 89125 21:0 90978
90980 89155 21:0 90988
91056 89188 21:0 91064
91064 89191 21:0 91130
91208 89254 21:0 91216
91216 89257 21:0 91282
91284 89287 21:0 91292
91360 89320 21:0 91368
91520 89389 21:0 91586
91588 89419 21:0 91596
91664 89452 21:0 91672
91672 89455 21:0 91738
91897 89553 21:0 91914
92113 89553 1:0 92373
92114 89455 1:0 92758
92114 89452 1:0 92776
92123 89419 1:0 92907
92123 89389 1:0 93020
92131 89320 1:0 93300
92150 89287 1:0 93431
92244 89257 1:0 93544
92245 89254 1:0 93562
92254 89191 1:0 93806
92254 89188 1:0 93824
92260 89155 1:0 93955
92264 89125 1:0 94068
92265 326 1:0 94197
94195 325 21:0 94213
94263 90593 21:0 94271
94339 90626 21:0 94347
94420 90661 21:0 94437
94436 90659 21:0 94489
94496 90694 21:0 94513
94727 90794 21:0 94793
94792 90792 21:0 94798
94800 90826 21:0 94817
94816 90827 21:0 94869
94868 90793 21:0 94874
94873 90825 21:0 94893
95028 90925 21:0 95045
95044 90924 21:0 95097
95472 90924 1:0 96117
95473 90925 1:0 96125
95482 90825 1:0 96430
95482 90827 1:0 96510
95488 90826 1:0 96518
95492 90793 1:0 96561
95509 90794 1:0 96641
95603 90792 1:0 96648
95604 90694 1:0 97042
95613 90661 1:0 97173
95613 90659 1:0 97183
95619 90626 1:0 97314
95623 90593 1:0 97445
95624 327 1:0 97556
97554 326 21:0 97572
97622 92064 21:0 97630
97629 92066 21:0 97671
97774 92130 21:0 97782
97858 92166 21:0 97924
97931 92197 21:0 97948
97947 92198 21:0 98000
98078 92262 21:0 98086
98162 92298 21:0 98228
98235 92329 21:0 98252
98314 92364 21:0 98380
98390 92397 21:0 98456
98458 92427 21:0 98466
98539 92462 21:0 98556
98831 92462 1:0 99222
98832 92427 1:0 99363
98841 92397 1:0 99476
98841 92364 1:0 99607
98847 92329 1:0 99745
98851 92298 1:0 99869
98852 46933 1:0 105582
98880 92262 1:0 100018
98962 92198 1:0 100262
98963 92197 1:0 100269
98972 92166 1:0 100393
98972 92130 1:0 100542
98978 92066 1:0 100794
98983 92064 1:0 100804
98998 328 1:0 100915
100913 327 21:0 100931
100986 93536 21:0 101003
101138 93602 21:0 101155
101154 93603 21:0 101207
101217 93637 21:0 101283
101293 93670 21:0 101359
101358 93668 21:0 101364
101437 93733 21:0 101445
101445 93736 21:0 101511
101510 93735 21:0 101516
101518 93768 21:0 101535
101665 93832 21:0 101673
101741 93865 21:0 101749
101974 93965 21:0 101991
102190 93965 1:0 102449
102191 93865 1:0 102853
102200 93832 1:0 102984
102200 93768 1:0 103236
102206 93736 1:0 103359
102211 93735 1:0 103367
102226 46936 1:0 105569
102239 93733 1:0 103377
102321 93670 1:0 103621
102322 93668 1:0 103628
102331 93637 1:0 103752
102331 93603 1:0 103883
102337 93602 1:0 103890
102357 93536 1:0 104152
102358 329 1:0 104274
102629 50133 21:0 102661
102985 50283 21:0 102988
103284 50418 21:0 103316
104272 328 21:0 104290
104345 95007 21:0 104362
104361 95009 21:0 104414
104415 95009 1:0 105400
104416 95039 21:0 104424
104423 95040 21:0 104474
104425 95039 1:0 105182
104475 95040 1:0 105106
104492 95072 21:0 104500
104499 95073 21:0 104550
104549 95075 21:0 104566
104551 95073 1:0 105465
104567 95075 1:0 105096
104573 95107 21:0 104590
104589 95108 21:0 104642
104644 95138 21:0 104652
104652 95141 21:0 104718
104653 95138 1:0 105248
104717 95105 21:0 104723
104724 95105 1:0 105030
104725 95173 21:0 104742
104741 95174 21:0 104794
104793 95172 21:0 104799
104795 95174 1:0 105513
104800 95172 1:0 105481
104804 95207 21:0 104870
104869 95223 21:0 104870
104871 95207 1:0 105410
104872 95237 21:0 104880
104879 95239 21:0 104930
104929 95171 21:0 104946
104945 95242 21:0 104951
104947 95171 1:0 105324
104953 95272 21:0 104970
104969 95273 21:0 105022
104971 95272 1:0 105563
105021 95206 21:0 105027
105023 95273 1:0 105552
105028 95206 1:0 105258
105029 95305 21:0 105046
105045 95238 21:0 105098
105099 95238 1:0 105172
105105 95338 21:0 105122
105122 201 21:0 105143
105176 95369 21:0 105184
105183 213 21:0 105184
105185 95369 1:0 105334
105260 95405 21:0 105326
105559 298 1:0 291
105559 299 1:0 3504
105559 46938 1:0 105569
105560 46935 1:0 105569
105560 46939 1:0 105572
105560 46929 1:0 105572
105560 46930 1:0 105582
105560 46934 1:0 105582
105560 46931 1:0 105582
105560 46932 1:0 105582
105560 47083 1:0 105790
105560 47078 1:0 105803
105569 46940 1:0 105582
105569 46937 1:0 105610
105569 46942 1:0 105654
105569 46941 1:0 105740
105577 95239 1:0 105784
105580 47089 1:0 105790
105595 47082 1:0 105790
105595 47076 1:0 105793
105596 47079 1:0 105803
105596 47077 1:0 105803
105596 47080 1:0 105803
105596 47081 1:0 105803
105596 47227 1:0 106024
105608 47087 1:0 105793
105649 47084 1:0 105803
105677 47086 1:0 105831
105678 47085 1:0 105875
105688 47088 1:0 105961
105697 46932 21:0 105717
105716 46931 21:0 105724
105723 46934 21:0 105730
105728 47228 1:0 106024
105728 47225 1:0 106098
105729 46933 21:0 105737
105738 95405 1:0 106002
105748 47234 1:0 106005
105750 46941 21:0 105772
105771 46942 21:0 105775
105774 46937 21:0 105775
105774 46940 21:0 105783
105780 47233 1:0 106011
105780 47232 1:0 106014
105781 47230 1:0 106014
105781 47231 1:0 106024
105781 47224 1:0 106024
105781 47235 1:0 106052
105781 47226 1:0 106098
105781 47223 1:0 106122
105781 47375 1:0 106240
105782 46939 21:0 105786
105784 47229 1:0 106152
105784 47373 1:0 106240
105784 47374 1:0 106249
105785 46938 21:0 105786
105785 46930 21:0 105792
105787 47236 1:0 106096
105787 47380 1:0 106226
105790 95305 1:0 106223
105790 50133 1:0 106232
105790 47382 1:0 106232
105790 47370 1:0 106235
105790 47371 1:0 106240
105790 47372 1:0 106260
105790 47521 1:0 106453
105791 46935 21:0 105792
105791 46929 21:0 105792
105791 46936 21:0 105792
105793 47378 1:0 106235
105796 47381 1:0 106260
105798 47379 1:0 106307
105800 47376 1:0 106307
105800 47377 1:0 106374
105816 47383 1:0 106321
105829 213 1:0 106436
105878 95338 1:0 106447
105883 201 1:0 106447
105883 47523 1:0 106453
105898 47520 1:0 106456
105898 47518 1:0 106456
105898 47522 1:0 106456
105899 47529 1:0 106453
105899 47517 1:0 106466
105900 47524 1:0 106466
105909 47519 1:0 106466
105909 47667 1:0 106674
105918 47079 21:0 105938
105937 47078 21:0 105945
105944 47081 21:0 105952
105949 47525 1:0 106456
105951 47080 21:0 105958
105959 47528 1:0 106466
105969 47526 1:0 106494
105971 47088 21:0 105993
105992 47085 21:0 105996
105995 47086 21:0 105996
105995 47084 21:0 106004
106001 47527 1:0 106538
106001 47530 1:0 106625
106002 95237 1:0 106668
106002 47672 1:0 106674
106003 47087 21:0 106007
106005 47665 1:0 106674
106005 47671 1:0 106678
106006 47089 21:0 106007
106006 47077 21:0 106013
106008 47673 1:0 106677
106008 47668 1:0 106678
106008 47664 1:0 106678
106008 47669 1:0 106678
106008 47666 1:0 106687
106008 47670 1:0 106687
106008 47815 1:0 106980
106011 47675 1:0 106687
106011 47674 1:0 106715
106011 47677 1:0 106759
106011 47676 1:0 106845
106012 47082 21:0 106013
106012 47083 21:0 106013
106012 47076 21:0 106013
106014 50283 1:0 106878
106014 47818 1:0 106977
106017 47822 1:0 106886
106019 47823 1:0 106889
106022 47819 1:0 106895
106037 47816 1:0 106980
106037 47814 1:0 106982
106038 47820 1:0 106898
106050 47824 1:0 106923
106091 47821 1:0 106961
106099 47811 1:0 106980
106104 47812 1:0 106982
106104 47813 1:0 106982
106104 47963 1:0 107198
106119 47817 1:0 107036
106120 47966 1:0 107107
106132 47223 21:0 106176
106170 47968 1:0 107110
106172 47967 1:0 107116
106175 47226 21:0 106183
106180 47970 1:0 107119
106182 47225 21:0 106189
106189 47236 21:0 106214
106190 95242 1:0 107144
106213 47235 21:0 106217
106216 47229 21:0 106217
106216 47231 21:0 106225
106222 47969 1:0 107144
106222 47971 1:0 107182
106223 47965 1:0 107198
106223 47960 1:0 107201
106223 47962 1:0 107201
106223 47964 1:0 107201
106223 47958 1:0 107227
106223 47959 1:0 107228
106223 47961 1:0 107238
106223 48118 1:0 107328
106223 48108 1:0 107419
106224 47232 21:0 106225
106224 47233 21:0 106228
106226 48116 1:0 107331
106226 48117 1:0 107337
106227 47234 21:0 106234
106229 50418 1:0 107340
106229 95223 1:0 107365
106229 48107 1:0 107422
106229 48110 1:0 107422
106232 48113 1:0 107340
106232 48114 1:0 107365
106232 48115 1:0 107403
106232 48112 1:0 107419
106232 48111 1:0 107422
106232 48105 1:0 107448
106232 48109 1:0 107468
106232 48256 1:0 107558
106233 47228 21:0 106234
106233 47227 21:0 106234
106233 47224 21:0 106234
106233 47230 21:0 106234
106235 48106 1:0 107449
106235 48252 1:0 107558
106235 48257 1:0 107561
106235 48254 1:0 107561
106238 95173 1:0 107552
106240 48260 1:0 107558
106242 48253 1:0 107561
106243 48259 1:0 107571
106258 48261 1:0 107561
106259 48255 1:0 107571
106259 48258 1:0 107571
106259 48404 1:0 107779
106271 48262 1:0 107571
106312 48263 1:0 107599
106325 48264 1:0 107643
106340 48403 1:0 107782
106341 48265 1:0 107730
106360 47373 21:0 106380
106380 47377 21:0 106405
106391 95141 1:0 107773
106401 48407 1:0 107779
106403 48406 1:0 107779
106410 47383 21:0 106435
106411 48408 1:0 107782
106434 47379 21:0 106438
106437 47381 21:0 106438
106437 47378 21:0 106446
106443 48399 1:0 107782
106443 48401 1:0 107782
106443 48409 1:0 107792
106443 48402 1:0 107792
106443 48405 1:0 107792
106443 48400 1:0 107792
106444 48410 1:0 107820
106444 48411 1:0 107864
106444 48412 1:0 107951
106445 47382 21:0 106449
106447 48547 1:0 107994
106447 48550 1:0 108003
106447 48548 1:0 108031
106448 47380 21:0 106449
106448 47376 21:0 106455
106450 95108 1:0 107991
106453 48553 1:0 108000
106453 48552 1:0 108000
106453 48559 1:0 108000
106453 48546 1:0 108003
106453 48558 1:0 108003
106453 48551 1:0 108031
106453 48556 1:0 108031
106453 48549 1:0 108122
106454 47370 21:0 106455
106454 47375 21:0 106455
106454 47374 21:0 106455
106454 47372 21:0 106455
106454 47371 21:0 106455
106456 48557 1:0 108031
106456 48695 1:0 108221
106459 48555 1:0 108082
106461 48554 1:0 108151
106480 95107 1:0 108209
106533 95007 1:0 108215
106546 48703 1:0 108221
106561 48700 1:0 108221
106561 48699 1:0 108224
106562 48702 1:0 108224
106562 48697 1:0 108225
106562 48696 1:0 108225
106563 48694 1:0 108234
106574 47517 21:0 106618
106612 48701 1:0 108234
106614 48693 1:0 108234
106617 47519 21:0 106625
106622 48698 1:0 108234
106624 47522 21:0 106631
106624 48704 1:0 108262
106631 47530 21:0 106656
106632 48705 1:0 108306
106632 48842 1:0 108442
106655 47527 21:0 106659
106658 47526 21:0 106659
106658 47528 21:0 106667
106664 48706 1:0 108393
106664 48840 1:0 108442
106664 48845 1:0 108445
106664 48844 1:0 108445
106665 95072 1:0 108436
106665 48848 1:0 108442
106666 47525 21:0 106670
106668 48849 1:0 108445
106669 47529 21:0 106670
106669 47524 21:0 106676
106671 48841 1:0 108445
106671 48846 1:0 108455
106671 48847 1:0 108455
106671 48850 1:0 108455
106671 48843 1:0 108455
106674 83746 1:0 108646
106674 85217 1:0 108646
106674 82275 1:0 108646
106674 48851 1:0 108483
106674 48852 1:0 108527
106674 48853 1:0 108614
106675 47520 21:0 106676
106675 47521 21:0 106676
106675 47518 21:0 106676
106675 47523 21:0 106676
106677 77862 1:0 108654
106677 74920 1:0 108654
106677 76391 1:0 108654
106680 80804 1:0 108654
106680 79333 1:0 108654
106680 48999 1:0 108657
106682 73449 1:0 108657
106682 48993 1:0 108666
106685 48998 1:0 108663
106700 71978 1:0 108663
106700 48992 1:0 108666
106700 48989 1:0 108666
106701 70507 1:0 108666
106701 69036 1:0 108666
106713 48991 1:0 108666
106713 48994 1:0 108666
106713 48988 1:0 108676
106713 48990 1:0 108676
106713 48987 1:0 108676
106754 48997 1:0 108676
106762 63152 1:0 108867
106782 48996 1:0 108704
106783 48995 1:0 108748
106784 64623 1:0 108867
106793 66094 1:0 108867
106805 47666 21:0 106824
106825 47670 21:0 106849
106833 49000 1:0 108835
106843 67565 1:0 108867
106843 60210 1:0 108875
106843 55797 1:0 108875
106845 58739 1:0 108875
106848 47669 21:0 106855
106853 57268 1:0 108875
106853 61681 1:0 108875
106853 49140 1:0 108878
106855 47676 21:0 106877
106876 47677 21:0 106880
106879 47674 21:0 106880
106879 47675 21:0 106888
106885 54326 1:0 108878
106885 52855 1:0 108878
106885 51384 1:0 108878
106885 49142 1:0 108884
106885 49135 1:0 108884
106886 49134 1:0 108884
106886 49136 1:0 108887
106886 49141 1:0 108887
106886 49143 1:0 108887
106886 49137 1:0 108915
106886 49139 1:0 108915
106886 49145 1:0 108915
106886 49138 1:0 109015
106887 47673 21:0 106891
106889 49913 1:0 109083
106889 49236 1:0 109096
106890 47672 21:0 106891
106890 47664 21:0 106897
106892 49146 1:0 108915
106892 49147 1:0 108966
106895 49144 1:0 109045
106895 49237 1:0 109097
106896 47667 21:0 106897
106896 47665 21:0 106897
106896 47671 21:0 106897
106896 47668 21:0 106897
107023 47814 21:0 107043
107046 47817 21:0 107070
107069 47812 21:0 107098
107097 47811 21:0 107098
107097 47818 21:0 107098
107097 47821 21:0 107101
107100 47824 21:0 107101
107100 47820 21:0 107109
107108 47819 21:0 107112
107111 47823 21:0 107112
107111 47822 21:0 107118
107117 47813 21:0 107118
107117 47816 21:0 107118
107117 47815 21:0 107118
107237 47958 21:0 107281
107280 47959 21:0 107319
107318 47964 21:0 107319
107318 47965 21:0 107319
107318 47971 21:0 107322
107321 47969 21:0 107322
107321 47970 21:0 107330
107329 47967 21:0 107333
107332 47968 21:0 107333
107332 47966 21:0 107339
107338 47962 21:0 107339
107338 47961 21:0 107339
107338 47963 21:0 107339
107338 47960 21:0 107339
107455 48106 21:0 107501
107500 48105 21:0 107540
107539 48112 21:0 107540
107539 48111 21:0 107540
107539 48115 21:0 107543
107542 48114 21:0 107543
107542 48113 21:0 107551
107550 48117 21:0 107554
107553 48116 21:0 107554
107553 48118 21:0 107560
107559 48109 21:0 107560
107559 48110 21:0 107560
107559 48108 21:0 107560
107559 48107 21:0 107560
107686 48255 21:0 107706
107709 48258 21:0 107733
107736 48265 21:0 107761
107760 48264 21:0 107764
107763 48263 21:0 107764
107763 48262 21:0 107772
107771 48261 21:0 107775
107774 48260 21:0 107775
107774 48259 21:0 107781
107780 48257 21:0 107781
107780 48256 21:0 107781
107780 48254 21:0 107781
107780 48252 21:0 107781
107780 48253 21:0 107781
107907 48402 21:0 107927
107930 48405 21:0 107954
107957 48412 21:0 107982
107981 48411 21:0 107985
107984 48410 21:0 107985
107984 48409 21:0 107993
107992 48408 21:0 107996
107995 48407 21:0 107996
107995 48400 21:0 108002
108001 48404 21:0 108002
108001 48403 21:0 108002
108001 48401 21:0 108002
108001 48399 21:0 108002
108001 48406 21:0 108002
108128 48549 21:0 108148
108147 48548 21:0 108155
108161 48554 21:0 108203
108202 48555 21:0 108206
108205 48556 21:0 108206
108205 48557 21:0 108214
108213 48558 21:0 108217
108216 48559 21:0 108217
108216 48546 21:0 108217
108216 48552 21:0 108223
108222 48550 21:0 108223
108222 48553 21:0 108223
108222 48547 21:0 108223
108222 48551 21:0 108223
108342 48693 21:0 108386
108385 48698 21:0 108393
108392 48697 21:0 108399
108399 48706 21:0 108424
108423 48705 21:0 108427
108426 48704 21:0 108427
108426 48701 21:0 108435
108434 48702 21:0 108438
108437 48703 21:0 108438
108437 48694 21:0 108444
108443 48699 21:0 108444
108443 48700 21:0 108444
108443 48695 21:0 108444
108443 48696 21:0 108444
108570 48843 21:0 108590
108590 48847 21:0 108615
108620 48853 21:0 108645
108644 48852 21:0 108648
108647 48851 21:0 108648
108647 48850 21:0 108656
108655 48849 21:0 108659
108658 48848 21:0 108659
108658 48846 21:0 108665
108664 48840 21:0 108665
108664 48841 21:0 108665
108664 48842 21:0 108665
108664 48845 21:0 108665
108664 48844 21:0 108665
108781 48988 21:0 108827
108826 48990 21:0 108833
108832 48991 21:0 108838
108841 49000 21:0 108866
108865 48995 21:0 108869
108868 48996 21:0 108869
108868 48997 21:0 108877
108876 48994 21:0 108877
108876 48987 21:0 108877
108876 48993 21:0 108880
108879 48998 21:0 108880
108879 48999 21:0 108886
108885 48992 21:0 108886
108885 48989 21:0 108886
109005 49134 21:0 109049
109055 49144 21:0 109085
109084 49147 21:0 293
