50 7779 0:0 52
50 7691 0:0 52
51 7692 0:0 52
51 7690 0:0 52
51 7780 0:0 52
51 7687 0:0 52
55 7686 0:0 56
55 7680 0:0 58
55 7688 0:0 80
111 7840 21:0 128
258 7904 21:0 266
339 7939 21:0 356
341 7938 0:0 342
356 7940 0:0 392
415 7971 21:0 432
486 8003 0:0 489
491 8005 21:0 508
638 8069 0:0 641
643 8071 21:0 660
645 8070 0:0 646
719 8104 0:0 722
722 8105 21:0 788
790 8135 0:0 793
795 8137 21:0 812
797 8136 0:0 798
866 8168 21:0 874
871 8169 0:0 874
874 8171 21:0 940
947 8203 21:0 964
1023 8235 21:0 1040
1094 8267 21:0 1102
1323 8367 21:0 1331
1330 8369 0:0 1331
1330 8368 21:0 1376
1375 8370 0:0 1386
1399 8400 21:0 1407
1406 8401 0:0 1407
1406 8402 21:0 1457
1457 8403 0:0 1473
1475 8433 21:0 1483
1482 8434 0:0 1483
1482 8435 21:0 1533
1533 8436 0:0 1549
1551 8466 21:0 1559
1558 8468 0:0 1559
1558 8467 21:0 1609
1609 8469 0:0 1625
1627 8499 21:0 1635
1634 8501 0:0 1635
1634 8500 21:0 1685
1685 8502 0:0 1701
1703 8532 21:0 1711
1710 8534 0:0 1711
1710 8533 21:0 1761
1761 8535 0:0 1777
1779 8565 21:0 1787
1786 8567 0:0 1787
1786 8566 21:0 1837
1837 8568 0:0 1853
1855 8598 21:0 1863
1862 8599 0:0 1863
1862 8600 21:0 1913
1913 8601 0:0 1929
1931 8631 21:0 1939
1938 8633 0:0 1939
1938 8632 21:0 1989
1989 8634 0:0 2005
2007 8664 21:0 2015
2014 8665 0:0 2015
2014 8666 21:0 2065
2065 8667 0:0 2081
2083 8697 21:0 2091
2090 8698 0:0 2091
2090 8699 21:0 2141
2141 8700 0:0 2157
2159 8730 21:0 2167
2166 8731 0:0 2167
2166 8732 21:0 2217
2217 8733 0:0 2233
2235 8763 21:0 2243
2242 8765 0:0 2243
2242 8764 21:0 2293
2293 8766 0:0 2309
2311 8796 21:0 2319
2484 8267 1:0 2735
2485 8235 1:0 2847
2485 8203 1:0 2970
2493 8171 1:0 3085
2499 8169 1:0 3091
2606 8168 1:0 3101
2607 8137 1:0 3214
2615 8136 1:0 3213
2615 8135 1:0 3223
2621 8105 1:0 3329
2728 8104 1:0 3336
2729 8071 1:0 3458
2737 8070 1:0 3457
2737 8069 1:0 3467
2743 8005 1:0 3702
2850 8003 1:0 3711
2851 7971 1:0 3823
2859 7940 1:0 3939
2859 7939 1:0 3946
2865 7938 1:0 3945
2972 7904 1:0 4077
2973 7840 1:0 4312
2981 8796 1:0 5925
2981 8766 1:0 6038
2987 8764 1:0 6045
4493 9809 21:0 4501
4500 9810 0:0 4501
4500 9811 21:0 4551
4551 9812 0:0 4567
4569 9842 21:0 4577
4576 9844 0:0 4577
4576 9843 21:0 4627
4627 9845 0:0 4643
4645 9875 21:0 4653
4652 9877 0:0 4653
4652 9876 21:0 4703
4703 9878 0:0 4719
4721 9908 21:0 4729
4728 9909 0:0 4729
4728 9910 21:0 4779
4779 9911 0:0 4795
4797 9941 21:0 4805
4804 9942 0:0 4805
4804 9943 21:0 4855
4855 9944 0:0 4871
4873 9974 21:0 4881
4880 9975 0:0 4881
4880 9976 21:0 4931
4931 9977 0:0 4947
4949 10007 21:0 4957
4956 10009 0:0 4957
4956 10008 21:0 5007
5007 10010 0:0 5023
5025 10040 21:0 5033
5032 10041 0:0 5033
5032 10042 21:0 5083
5083 10043 0:0 5099
5101 10073 21:0 5109
5108 10074 0:0 5109
5108 10075 21:0 5159
5159 10076 0:0 5175
5177 10106 21:0 5185
5184 10107 0:0 5185
5184 10108 21:0 5235
5235 10109 0:0 5251
5253 10139 21:0 5261
5260 10141 0:0 5261
5260 10140 21:0 5311
5311 10142 0:0 5327
5329 10172 21:0 5337
5336 10173 0:0 5337
5336 10174 0:0 5337
5337 10175 21:0 5403
5405 10205 21:0 5413
5412 10207 0:0 5413
5412 10206 21:0 5463
5463 10208 0:0 5479
5481 10238 21:0 5489
5488 10239 21:0 5539
5655 8765 1:0 6046
5656 8763 1:0 6056
5665 8733 1:0 6169
5665 8732 1:0 6177
5671 8731 1:0 6176
5675 8730 1:0 6187
5704 8700 1:0 6300
5786 8699 1:0 6308
5787 8698 1:0 6307
5796 8697 1:0 6318
5796 8667 1:0 6431
5802 8666 1:0 6439
5822 8665 1:0 6438
5835 8664 1:0 6449
5917 8634 1:0 6562
5918 8632 1:0 6569
5927 8633 1:0 6570
5927 8631 1:0 6580
5935 8601 1:0 6693
5953 8600 1:0 6701
6048 8599 1:0 6700
6049 8598 1:0 6711
6049 8568 1:0 6824
6058 8566 1:0 6831
6058 8567 1:0 6832
6066 8565 1:0 6842
6085 8535 1:0 6955
6179 8533 1:0 6962
6180 8534 1:0 6963
6189 8532 1:0 6973
6189 8502 1:0 7086
6195 8500 1:0 7093
6199 8501 1:0 7094
6216 8499 1:0 7104
6310 8469 1:0 7217
6311 8467 1:0 7224
6320 8468 1:0 7225
6320 8466 1:0 7235
6326 8436 1:0 7348
6330 8435 1:0 7356
6359 8434 1:0 7355
6441 8433 1:0 7366
6442 8403 1:0 7479
6451 8401 1:0 7486
6451 8402 1:0 7487
6457 8400 1:0 7497
6462 8370 1:0 7610
6490 8368 1:0 7617
6572 8369 1:0 7618
6573 8367 1:0 7628
7808 11251 21:0 7816
7815 11252 0:0 7816
7815 11253 21:0 7866
7866 11254 0:0 7882
7884 11284 21:0 7892
7889 11286 0:0 7892
7891 11285 0:0 7892
7892 11287 21:0 7958
7960 11317 21:0 7968
7965 11319 0:0 7968
7968 11320 21:0 8034
8036 11350 21:0 8044
8043 11351 0:0 8044
8043 11352 0:0 8044
8044 11353 21:0 8110
8112 11383 0:0 8115
8117 11384 21:0 8134
8188 11416 0:0 8191
8193 11417 21:0 8210
8195 11418 0:0 8196
8210 11419 0:0 8246
8264 11449 21:0 8272
8271 11450 0:0 8272
8271 11451 21:0 8322
8340 11482 21:0 8348
8347 11484 0:0 8348
8347 11483 0:0 8348
8348 11485 21:0 8414
8416 11515 21:0 8424
8423 11517 0:0 8424
8423 11516 21:0 8474
8474 11518 0:0 8490
8497 11549 21:0 8514
8499 11550 0:0 8500
8514 11551 0:0 8550
8568 11581 0:0 8571
8573 11583 21:0 8590
8575 11582 0:0 8576
8644 11614 21:0 8652
8651 11615 0:0 8652
8651 11616 21:0 8702
8702 11617 0:0 8718
8720 11647 0:0 8723
8725 11648 21:0 8742
8727 11649 0:0 8728
8742 11650 0:0 8778
8796 11680 0:0 8799
8801 11682 21:0 8818
8818 11683 0:0 8854
8877 11714 21:0 8894
8970 10239 1:0 9229
8971 10238 1:0 9240
8980 10208 1:0 9353
8980 10206 1:0 9360
8986 10207 1:0 9361
8990 10205 1:0 9371
9019 10175 1:0 9484
9101 10174 1:0 9492
9102 10173 1:0 9491
9111 10172 1:0 9502
9111 10142 1:0 9615
9117 10140 1:0 9622
9137 10141 1:0 9623
9150 10139 1:0 9633
9232 10109 1:0 9746
9233 10108 1:0 9754
9242 10107 1:0 9753
9242 10106 1:0 9764
9250 10076 1:0 9877
9268 10075 1:0 9885
9363 10074 1:0 9884
9364 10073 1:0 9895
9364 10043 1:0 10008
9373 10041 1:0 10015
9373 10042 1:0 10016
9381 10040 1:0 10026
9400 10010 1:0 10139
9494 10008 1:0 10146
9495 10009 1:0 10147
9504 10007 1:0 10157
9504 9977 1:0 10270
9510 9976 1:0 10278
9514 9975 1:0 10277
9531 9974 1:0 10288
9625 9944 1:0 10401
9626 9943 1:0 10409
9635 9942 1:0 10408
9635 9941 1:0 10419
9641 9911 1:0 10532
9645 9910 1:0 10540
9674 9909 1:0 10539
9756 9908 1:0 10550
9757 9878 1:0 10663
9766 9876 1:0 10670
9766 9877 1:0 10671
9772 9875 1:0 10681
9777 9845 1:0 10794
9805 9843 1:0 10801
9887 9844 1:0 10802
9888 9842 1:0 10812
9897 9812 1:0 10925
9897 9811 1:0 10933
9903 9810 1:0 10932
9908 9809 1:0 10943
9923 5621 1:0 11384
9936 11714 1:0 11163
10018 5482 1:0 11163
10018 5484 1:0 11163
10019 5483 1:0 11164
10019 5486 1:0 11164
10028 11682 1:0 11381
10028 5485 1:0 11164
10028 5487 1:0 11250
10034 5631 1:0 11384
10036 5629 1:0 11384
10054 11683 1:0 11385
10067 5632 1:0 11385
10149 5630 1:0 11385
10149 5633 1:0 11385
10150 11680 1:0 11518
10150 5634 1:0 11471
10159 11648 1:0 11602
10159 5777 1:0 11602
10159 5776 1:0 11602
10165 5769 1:0 11606
10165 5778 1:0 11681
10185 11650 1:0 11720
10186 5779 1:0 11682
10198 5774 1:0 11661
10198 5916 1:0 11823
10280 5780 1:0 11691
10280 5781 1:0 11692
10281 11649 1:0 11729
10281 5924 1:0 11808
10290 11647 1:0 11739
10290 11616 1:0 11807
10296 5923 1:0 11823
10298 5925 1:0 11902
10317 11617 1:0 11941
10329 5926 1:0 11903
10411 5927 1:0 11912
10411 5928 1:0 11913
10412 11615 1:0 11949
10421 11614 1:0 11960
10421 11583 1:0 12044
10427 6072 1:0 12047
10427 6070 1:0 12047
10429 6068 1:0 12047
10432 6073 1:0 12048
10447 6074 1:0 12048
10460 6071 1:0 12048
10542 6075 1:0 12134
10543 11582 1:0 12170
10543 11581 1:0 12181
10552 11551 1:0 12196
10552 11549 1:0 12268
10558 6221 1:0 12269
10560 6219 1:0 12268
10563 6217 1:0 12268
10578 6210 1:0 12269
10579 6218 1:0 12268
10591 6220 1:0 12269
10632 6209 1:0 12270
10673 6222 1:0 12355
10673 6364 1:0 12486
10674 11550 1:0 12392
10674 6357 1:0 12490
10683 11516 1:0 12486
10683 6365 1:0 12556
10689 11518 1:0 12604
10691 6366 1:0 12565
10694 6367 1:0 12566
10709 6362 1:0 12545
10709 6363 1:0 12546
10710 6510 1:0 12767
10722 6368 1:0 12575
10804 6369 1:0 12576
10805 11517 1:0 12613
10805 11515 1:0 12623
10814 11485 1:0 12707
10814 6512 1:0 12707
10814 6511 1:0 12776
10820 6513 1:0 12786
10822 6514 1:0 12787
10825 6515 1:0 12796
10841 6516 1:0 12797
10853 6659 1:0 12928
10935 11483 1:0 12833
10936 11484 1:0 12834
10945 11482 1:0 12844
10945 6662 1:0 12928
10945 6658 1:0 12928
10951 6660 1:0 12928
10951 6661 1:0 13008
10953 6656 1:0 12932
10953 6651 1:0 12932
10956 6663 1:0 13018
10971 6798 1:0 13149
10984 11451 1:0 13055
11068 11450 1:0 13054
11069 11449 1:0 13065
11069 6805 1:0 13150
11078 6806 1:0 13150
11078 6797 1:0 13154
11078 6807 1:0 13228
11078 6808 1:0 13229
11078 6944 1:0 13375
11084 11419 1:0 13267
11088 6809 1:0 13238
11105 6810 1:0 13239
11158 11417 1:0 13275
11187 11418 1:0 13276
11237 11416 1:0 13286
11247 6952 1:0 13373
11256 5487 21:0 11281
11257 6955 1:0 13373
11279 5486 0:0 11281
11279 5485 0:0 11281
11279 5482 0:0 11281
11279 5484 0:0 11281
11279 5483 0:0 11281
11282 6954 1:0 13373
11282 6953 1:0 13374
11282 6956 1:0 13374
11289 6957 1:0 13460
11289 7099 1:0 13591
11290 11384 1:0 13496
11299 11383 1:0 13507
11299 11353 1:0 13591
11305 7100 1:0 13661
11307 7101 1:0 13670
11310 7102 1:0 13671
11325 7103 1:0 13680
11338 7104 1:0 13681
11392 11351 1:0 13717
11408 11352 1:0 13718
11409 7238 1:0 13815
11420 5621 21:0 11464
11458 7385 1:0 14037
11468 11350 1:0 13728
11477 5634 21:0 11502
11478 7246 1:0 13815
11500 5630 0:0 11502
11500 5633 0:0 11502
11500 5631 0:0 11502
11500 5629 0:0 11502
11500 5632 0:0 11502
11503 11320 1:0 13812
11503 7248 1:0 13815
11510 7250 1:0 13816
11510 7249 1:0 13816
11511 7247 1:0 13816
11511 7251 1:0 13902
11520 11319 1:0 13939
11520 11317 1:0 13949
11526 11287 1:0 14033
11530 7394 1:0 14033
11546 7393 1:0 14102
11559 7395 1:0 14112
11600 7396 1:0 14113
11608 7397 1:0 14122
11628 7398 1:0 14123
11679 11285 1:0 14159
11691 5778 21:0 11723
11699 11286 1:0 14160
11721 5779 0:0 11723
11721 5777 0:0 11723
11721 5774 0:0 11723
11721 5776 0:0 11723
11722 5769 0:0 11723
11722 5781 0:0 11723
11722 5780 0:0 11723
11724 11284 1:0 14170
11724 11254 1:0 14186
11731 11253 1:0 14257
11732 7540 1:0 14257
11732 7542 1:0 14257
11741 7543 1:0 14258
11741 7541 1:0 14258
11741 7545 1:0 14258
11741 7544 1:0 14343
11747 11252 1:0 14380
11767 11251 1:0 14391
11780 7688 1:0 14475
11821 7687 1:0 14475
11829 7689 1:0 14554
11834 7680 1:0 14479
11834 7686 1:0 14535
11850 7690 1:0 14555
11851 7691 1:0 14564
11859 5916 21:0 11905
11900 7692 1:0 14565
11902 7779 1:0 14604
11902 7780 1:0 14605
11912 5925 21:0 11944
11942 5927 0:0 11944
11943 5928 0:0 11944
11943 5926 0:0 11944
11943 5924 0:0 11944
11943 5923 0:0 11944
12114 6068 21:0 12139
12140 6075 21:0 12165
12163 6074 0:0 12165
12163 6072 0:0 12165
12163 6071 0:0 12165
12163 6073 0:0 12165
12163 6070 0:0 12165
12335 6209 0:0 12343
12361 6222 21:0 12386
12384 6218 0:0 12386
12384 6220 0:0 12386
12384 6221 0:0 12386
12384 6219 0:0 12386
12384 6217 0:0 12386
12385 6210 0:0 12386
12562 6365 21:0 12607
12605 6366 0:0 12607
12606 6357 0:0 12607
12606 6369 0:0 12607
12606 6368 0:0 12607
12606 6364 0:0 12607
12606 6363 0:0 12607
12606 6362 0:0 12607
12606 6367 0:0 12607
12786 6511 21:0 12828
12826 6513 0:0 12828
12827 6510 0:0 12828
12827 6515 0:0 12828
12827 6516 0:0 12828
12827 6514 0:0 12828
12827 6512 0:0 12828
12964 6651 0:0 12989
13014 6661 21:0 13049
13047 6659 0:0 13049
13047 6662 0:0 13049
13048 6663 0:0 13049
13048 6656 0:0 13049
13048 6658 0:0 13049
13048 6660 0:0 13049
13185 6798 21:0 13231
13235 6808 21:0 13270
13268 6805 0:0 13270
13269 6806 0:0 13270
13269 6810 0:0 13270
13269 6797 0:0 13270
13269 6807 0:0 13270
13269 6809 0:0 13270
13440 6944 0:0 13448
13466 6957 21:0 13491
13489 6953 0:0 13491
13489 6952 0:0 13491
13489 6955 0:0 13491
13489 6956 0:0 13491
13489 6954 0:0 13491
13667 7100 21:0 13712
13710 7103 0:0 13712
13711 7104 0:0 13712
13711 7099 0:0 13712
13711 7101 0:0 13712
13711 7102 0:0 13712
13851 7238 21:0 13895
13908 7251 21:0 13933
13931 7248 0:0 13933
13931 7249 0:0 13933
13931 7247 0:0 13933
13931 7250 0:0 13933
13931 7246 0:0 13933
14112 7393 21:0 14154
14153 7397 0:0 14154
14153 7394 0:0 14154
14153 7395 0:0 14154
14153 7396 0:0 14154
14153 7385 0:0 14154
14153 7398 0:0 14154
14353 7544 21:0 14375
14374 7542 0:0 14375
14374 7545 0:0 14375
14374 7541 0:0 14375
14374 7540 0:0 14375
14374 7543 0:0 14375
14564 7689 21:0 56
