78 49172 0:0 106
78 49083 0:0 153
123 49076 0:0 129
128 49077 0:0 131
128 49071 0:0 131
130 49070 0:0 168
1397 49785 21:0 1407
3374 298 21:0 3392
4610 51256 21:0 4620
4651 310 1:0 40325
6733 299 21:0 6751
7969 52727 21:0 7979
8010 311 1:0 43684
10092 300 21:0 10110
11328 54198 21:0 11338
11369 312 1:0 47043
13451 301 21:0 13469
14687 55669 21:0 14697
14728 313 1:0 50402
16810 302 21:0 16828
18046 57140 21:0 18056
18087 314 1:0 53761
20169 303 21:0 20187
21405 58611 21:0 21415
21446 315 1:0 57120
23528 304 21:0 23546
24764 60082 21:0 24774
24805 316 1:0 60479
26887 305 21:0 26905
28123 61553 21:0 28133
28164 317 1:0 63838
30246 306 21:0 30264
31482 63024 21:0 31492
31523 318 1:0 67197
33605 307 21:0 33623
34841 64495 21:0 34851
34882 319 1:0 70556
36964 308 21:0 36982
38200 65966 21:0 38210
38241 320 1:0 73915
40323 309 21:0 40341
43682 310 21:0 43700
44959 321 1:0 77274
47041 311 21:0 47059
48318 46867 1:0 105530
50400 312 21:0 50418
53759 313 21:0 53777
55036 322 1:0 80633
57118 314 21:0 57136
60477 315 21:0 60495
63836 316 21:0 63854
67195 317 21:0 67213
70554 318 21:0 70572
73913 319 21:0 73931
77272 320 21:0 77290
80631 321 21:0 80649
83990 322 21:0 84008
105431 299 1:0 3376
105431 300 1:0 6735
105431 301 1:0 10094
105431 302 1:0 13453
105432 303 1:0 16812
105432 304 1:0 20171
105432 305 1:0 23530
105432 306 1:0 26889
105432 47016 1:0 105751
105441 307 1:0 30248
105441 308 1:0 33607
105441 309 1:0 36966
105441 46875 1:0 105530
105441 46876 1:0 105530
105441 46871 1:0 105530
105447 46878 1:0 105530
105449 46873 1:0 105530
105452 46874 1:0 105530
105467 46865 1:0 105530
105467 46866 1:0 105531
105468 46872 1:0 105583
105468 47018 1:0 105751
105480 46877 1:0 105530
105521 47022 1:0 105750
105534 47025 1:0 105751
105550 47021 1:0 105751
105551 47020 1:0 105751
105559 46866 0:0 105584
105560 47013 1:0 105750
105562 46865 0:0 105588
105570 47012 1:0 105751
105589 46872 21:0 105614
105600 47023 1:0 105751
105610 47024 1:0 105751
105612 47019 1:0 105804
105613 46874 0:0 105644
105613 46875 21:0 105644
105614 46871 0:0 105622
105614 46873 0:0 105644
105620 47170 1:0 105971
105622 47160 1:0 105971
105643 46877 0:0 105644
105643 46876 0:0 105644
105643 46878 0:0 105644
105643 46867 0:0 105644
105645 47159 1:0 105972
105645 47164 1:0 105972
105645 47165 1:0 105972
105645 47171 1:0 105972
105645 47167 1:0 105972
105645 47166 1:0 106025
105652 47172 1:0 105972
105652 47168 1:0 105972
105653 47169 1:0 105972
105653 47315 1:0 106186
105653 47307 1:0 106190
105653 47306 1:0 106190
105662 47314 1:0 106186
105662 47308 1:0 106225
105662 47312 1:0 106245
105662 47313 1:0 106246
105662 47316 1:0 106265
105662 47317 1:0 106266
105662 47453 1:0 106411
105668 47318 1:0 106275
105670 47319 1:0 106276
105673 47461 1:0 106407
105689 47462 1:0 106407
105701 47454 1:0 106411
105701 47463 1:0 106486
105742 47458 1:0 106457
105750 47464 1:0 106487
105755 47459 1:0 106466
105755 47460 1:0 106467
105771 47465 1:0 106496
105772 47466 1:0 106497
105780 47013 0:0 105805
105783 47012 0:0 105809
105810 47019 21:0 105835
105821 47608 1:0 106631
105831 47610 1:0 106631
105833 47611 1:0 106632
105834 47021 0:0 105865
105834 47022 21:0 105865
105835 47018 0:0 105843
105835 47020 0:0 105865
105841 47612 1:0 106632
105843 47600 1:0 106633
105864 47024 0:0 105865
105864 47023 0:0 105865
105864 47025 0:0 105865
105864 47016 0:0 105865
105866 47609 1:0 106632
105866 47607 1:0 106632
105866 47605 1:0 106632
105866 47601 1:0 106632
105866 47606 1:0 106633
105866 47604 1:0 106633
105866 47613 1:0 106718
105866 47752 1:0 106899
105873 47756 1:0 106849
105873 47755 1:0 106849
105874 47748 1:0 106853
105874 47747 1:0 106853
105874 47753 1:0 106908
105874 47754 1:0 106909
105874 47758 1:0 106929
105874 47895 1:0 107074
105883 47757 1:0 106928
105883 47759 1:0 106938
105883 47760 1:0 106939
105883 47902 1:0 107070
105889 47894 1:0 107074
105889 47903 1:0 107140
105893 47904 1:0 107149
105894 47900 1:0 107129
105909 47905 1:0 107150
105910 47897 1:0 107110
105910 47898 1:0 107119
105910 47899 1:0 107120
105910 47901 1:0 107130
105922 47906 1:0 107159
105963 47907 1:0 107160
105971 48042 1:0 107295
105991 48050 1:0 107291
105992 48041 1:0 107295
105992 48049 1:0 107360
106001 47160 0:0 106026
106004 47159 0:0 106030
106021 47164 0:0 106026
106022 48051 1:0 107370
106031 47166 21:0 106056
106042 48052 1:0 107371
106052 48043 1:0 107330
106052 48044 1:0 107331
106052 48045 1:0 107340
106052 48047 1:0 107350
106052 48048 1:0 107351
106052 48338 1:0 107737
106054 48189 1:0 107516
106055 47170 21:0 106086
106056 47165 0:0 106064
106062 48053 1:0 107380
106064 48188 1:0 107516
106084 47167 0:0 106086
106084 47171 0:0 106086
106085 47172 0:0 106086
106085 47168 0:0 106086
106085 47169 0:0 106086
106087 48054 1:0 107381
106087 48196 1:0 107512
106087 48197 1:0 107582
106094 48198 1:0 107591
106094 48199 1:0 107592
106095 48194 1:0 107571
106095 48195 1:0 107572
106095 48200 1:0 107601
106095 48201 1:0 107602
106104 48345 1:0 107736
106104 48343 1:0 107736
106104 48344 1:0 107737
106104 48347 1:0 107737
106110 48346 1:0 107737
106110 48341 1:0 107738
106110 48339 1:0 107738
106112 48342 1:0 107737
106112 48336 1:0 107737
106115 48348 1:0 107823
106130 48335 1:0 107738
106143 48490 1:0 107957
106143 48492 1:0 107957
106184 48632 1:0 108215
106192 48491 1:0 107958
106197 48488 1:0 107959
106212 48493 1:0 107958
106213 48494 1:0 107958
106214 48482 1:0 107959
106263 48495 1:0 108044
106273 48483 1:0 107958
106273 48489 1:0 107958
106273 48630 1:0 108179
106273 48629 1:0 108179
106275 47316 21:0 106307
106283 48637 1:0 108175
106305 47318 0:0 106307
106306 47308 0:0 106307
106306 47307 0:0 106307
106306 47315 0:0 106307
106306 47313 0:0 106307
106306 47306 0:0 106307
106306 47319 0:0 106307
106306 47317 0:0 106307
106306 47312 0:0 106307
106306 47314 0:0 106307
106308 48633 1:0 108224
106308 48635 1:0 108234
106308 48636 1:0 108235
106308 48638 1:0 108245
106308 48639 1:0 108254
106308 48640 1:0 108255
106308 48776 1:0 108400
106308 48777 1:0 108400
106315 48641 1:0 108264
106315 48642 1:0 108265
106316 48784 1:0 108396
106316 48782 1:0 108455
106316 48785 1:0 108466
106325 48783 1:0 108456
106325 48786 1:0 108475
106325 48787 1:0 108476
106325 48788 1:0 108485
106325 48924 1:0 108621
106331 48789 1:0 108486
106331 48932 1:0 108617
106335 48931 1:0 108686
106336 48923 1:0 108621
106336 48929 1:0 108676
106351 48925 1:0 108656
106351 48927 1:0 108666
106352 48933 1:0 108696
106364 48934 1:0 108697
106405 48930 1:0 108677
106413 48935 1:0 108706
106433 48936 1:0 108707
106434 65966 1:0 108759
106434 58611 1:0 108784
106434 60082 1:0 108784
106434 61553 1:0 108784
106435 63024 1:0 108784
106484 64495 1:0 108784
106484 57140 1:0 108787
106484 54198 1:0 108822
106494 55669 1:0 108822
106494 52727 1:0 108838
106494 51256 1:0 108841
106496 47463 21:0 106528
106504 49071 1:0 108842
106504 49070 1:0 108842
106504 49077 1:0 108888
106504 49173 1:0 108969
106526 47465 0:0 106528
106527 47461 0:0 106528
106527 47464 0:0 106528
106527 47459 0:0 106528
106527 47462 0:0 106528
106527 47466 0:0 106528
106527 47460 0:0 106528
106527 47454 0:0 106528
106527 47453 0:0 106528
106527 47458 0:0 106528
106529 298 1:0 108888
106529 49785 1:0 108926
106529 49172 1:0 108968
106529 49076 1:0 108889
106529 49078 1:0 108907
106529 49079 1:0 108908
106529 49080 1:0 108917
106536 49081 1:0 108918
106536 49083 1:0 108926
106537 49082 1:0 108927
106724 47613 21:0 106749
106747 47609 0:0 106749
106747 47608 0:0 106749
106747 47610 0:0 106749
106747 47611 0:0 106749
106747 47612 0:0 106749
106748 47604 0:0 106749
106748 47607 0:0 106749
106748 47600 0:0 106749
106748 47605 0:0 106749
106748 47601 0:0 106749
106748 47606 0:0 106749
106935 47758 21:0 106970
106968 47757 0:0 106970
106968 47759 0:0 106970
106969 47754 0:0 106970
106969 47748 0:0 106970
106969 47747 0:0 106970
106969 47753 0:0 106970
106969 47756 0:0 106970
106969 47755 0:0 106970
106969 47760 0:0 106970
106969 47752 0:0 106970
107146 47903 21:0 107191
107189 47902 0:0 107191
107189 47906 0:0 107191
107190 47899 0:0 107191
107190 47907 0:0 107191
107190 47905 0:0 107191
107190 47897 0:0 107191
107190 47894 0:0 107191
107190 47904 0:0 107191
107190 47895 0:0 107191
107190 47900 0:0 107191
107190 47898 0:0 107191
107190 47901 0:0 107191
107370 48049 21:0 107412
107410 48053 0:0 107412
107411 48045 0:0 107412
107411 48041 0:0 107412
107411 48043 0:0 107412
107411 48044 0:0 107412
107411 48047 0:0 107412
107411 48042 0:0 107412
107411 48048 0:0 107412
107411 48050 0:0 107412
107411 48051 0:0 107412
107411 48052 0:0 107412
107411 48054 0:0 107412
107588 48197 21:0 107633
107631 48198 0:0 107633
107632 48201 0:0 107633
107632 48189 0:0 107633
107632 48188 0:0 107633
107632 48194 0:0 107633
107632 48200 0:0 107633
107632 48195 0:0 107633
107632 48199 0:0 107633
107632 48196 0:0 107633
107829 48348 21:0 107854
107852 48345 0:0 107854
107852 48346 0:0 107854
107852 48344 0:0 107854
107852 48347 0:0 107854
107852 48343 0:0 107854
107853 48336 0:0 107854
107853 48342 0:0 107854
107853 48338 0:0 107854
107853 48341 0:0 107854
107853 48339 0:0 107854
107853 48335 0:0 107854
108050 48495 21:0 108075
108073 48490 0:0 108075
108073 48491 0:0 108075
108073 48492 0:0 108075
108073 48493 0:0 108075
108073 48494 0:0 108075
108074 48483 0:0 108075
108074 48489 0:0 108075
108074 48488 0:0 108075
108074 48482 0:0 108075
108251 48638 21:0 108296
108294 48637 0:0 108296
108294 48641 0:0 108296
108295 48635 0:0 108296
108295 48633 0:0 108296
108295 48639 0:0 108296
108295 48640 0:0 108296
108295 48636 0:0 108296
108295 48630 0:0 108296
108295 48629 0:0 108296
108295 48632 0:0 108296
108295 48642 0:0 108296
108472 48785 21:0 108517
108515 48784 0:0 108517
108515 48788 0:0 108517
108516 48777 0:0 108517
108516 48787 0:0 108517
108516 48776 0:0 108517
108516 48782 0:0 108517
108516 48783 0:0 108517
108516 48786 0:0 108517
108516 48789 0:0 108517
108696 48931 21:0 108738
108736 48933 0:0 108738
108737 48927 0:0 108738
108737 48925 0:0 108738
108737 48934 0:0 108738
108737 48930 0:0 108738
108737 48935 0:0 108738
108737 48932 0:0 108738
108737 48929 0:0 108738
108737 48936 0:0 108738
108737 48923 0:0 108738
108737 48924 0:0 108738
108927 49078 0:0 108957
108933 49079 0:0 108957
108937 49082 0:0 108957
108956 49080 0:0 108957
108956 49081 0:0 108957
108975 49173 21:0 79
