255 48324 0:0 257
256 48323 0:0 257
256 48223 0:0 258
256 48229 0:0 258
257 48224 0:0 259
257 48230 0:0 259
292 48234 0:0 304
292 48235 0:0 304
292 48233 0:0 304
292 48232 0:0 304
292 48231 0:0 304
358 48494 21:0 366
365 48496 21:0 416
434 48527 21:0 442
442 48530 21:0 508
510 48560 0:0 513
515 48562 21:0 532
591 48595 0:0 594
594 48596 21:0 660
738 48659 0:0 741
743 48660 21:0 760
890 48725 0:0 893
895 48727 21:0 912
897 48726 0:0 898
971 48759 21:0 988
973 48760 0:0 974
988 48761 0:0 1024
1042 48791 21:0 1050
1049 48793 0:0 1050
1049 48792 0:0 1050
1050 48794 21:0 1116
1123 48825 21:0 1140
1141 48825 1:0 3343
1575 49023 21:0 1583
1582 49024 0:0 1583
1582 49025 21:0 1628
1627 49026 0:0 1638
1651 49056 21:0 1659
1658 49058 0:0 1659
1658 49057 21:0 1709
1709 49059 0:0 1725
1727 49089 0:0 1730
1732 49090 21:0 1749
1734 49091 0:0 1735
1749 49092 0:0 1785
1803 49122 21:0 1811
1810 49124 0:0 1811
1810 49123 0:0 1811
1811 49125 21:0 1877
1879 49155 21:0 1887
1884 49156 0:0 1887
1886 49157 0:0 1887
1887 49158 21:0 1953
1955 49188 21:0 1963
1960 49189 0:0 1963
1960 49190 0:0 1963
1963 49191 21:0 2029
2031 49221 21:0 2039
2038 49222 0:0 2039
2038 49223 21:0 2089
2089 49224 0:0 2105
2107 49254 21:0 2115
2114 49256 0:0 2115
2114 49255 21:0 2165
2165 49257 0:0 2181
2183 49287 21:0 2191
2190 49288 0:0 2191
2190 49289 21:0 2241
2241 49290 0:0 2257
2259 49320 21:0 2267
2266 49321 0:0 2267
2266 49322 21:0 2317
2317 49323 0:0 2333
2335 49353 21:0 2343
2342 49355 0:0 2343
2342 49354 21:0 2393
2393 49356 0:0 2409
2411 49386 21:0 2419
2418 49387 0:0 2419
2418 49388 21:0 2469
2469 49389 0:0 2485
2487 49419 21:0 2495
2494 49420 0:0 2495
2494 49421 21:0 2545
2545 49422 0:0 2561
2563 49452 21:0 2571
2570 49454 0:0 2571
2570 49453 21:0 2621
2621 49455 0:0 2637
2736 48794 1:0 3459
2737 48793 1:0 3466
2745 48792 1:0 3465
2745 48791 1:0 3475
2751 48761 1:0 3581
2762 328 21:0 2776
2777 328 1:0 2725
2858 48759 1:0 3587
2859 48760 1:0 3588
2867 48726 1:0 3709
2867 48727 1:0 3710
2877 48725 1:0 3719
2980 48660 1:0 3953
2981 48659 1:0 3963
2989 48596 1:0 4191
2989 48595 1:0 4198
2999 48562 1:0 4320
3102 48560 1:0 4329
3103 48530 1:0 4435
3111 48527 1:0 4451
3111 48496 1:0 4564
3121 48494 1:0 4573
3135 329 1:0 5895
3224 49455 1:0 6159
4745 50465 21:0 4753
4752 50467 0:0 4753
4752 50466 21:0 4803
4803 50468 0:0 4819
4821 50498 21:0 4829
4828 50499 0:0 4829
4828 50500 21:0 4879
4879 50501 0:0 4895
4897 50531 21:0 4905
4904 50533 0:0 4905
4904 50532 0:0 4905
4905 50534 21:0 4971
4973 50564 21:0 4981
4980 50565 0:0 4981
4980 50566 21:0 5031
5031 50567 0:0 5047
5049 50597 21:0 5057
5056 50599 0:0 5057
5056 50598 21:0 5107
5107 50600 0:0 5123
5125 50630 21:0 5133
5132 50632 0:0 5133
5132 50631 21:0 5183
5183 50633 0:0 5199
5201 50663 21:0 5209
5208 50664 0:0 5209
5208 50665 21:0 5259
5259 50666 0:0 5275
5277 50696 21:0 5285
5284 50697 0:0 5285
5284 50698 21:0 5335
5335 50699 0:0 5351
5353 50729 21:0 5361
5360 50731 0:0 5361
5360 50730 21:0 5411
5411 50732 0:0 5427
5429 50762 21:0 5437
5434 50763 0:0 5437
5434 50764 0:0 5437
5437 50765 21:0 5503
5505 50795 0:0 5508
5510 50797 21:0 5527
5512 50796 0:0 5513
5527 50798 0:0 5563
5581 50828 21:0 5589
5589 50831 21:0 5655
5662 50862 21:0 5679
5738 50896 21:0 5755
5814 50929 21:0 5831
5831 50930 0:0 5867
5907 49453 1:0 6166
5908 49454 1:0 6167
5917 49452 1:0 6177
5917 49422 1:0 6290
5925 49421 1:0 6298
5936 329 21:0 5950
5944 49420 1:0 6297
6038 49419 1:0 6308
6039 49389 1:0 6421
6039 49388 1:0 6429
6048 49387 1:0 6428
6048 49386 1:0 6439
6056 49356 1:0 6552
6075 49354 1:0 6559
6169 49355 1:0 6560
6170 49353 1:0 6570
6179 49323 1:0 6683
6179 49322 1:0 6691
6185 49321 1:0 6690
6189 49320 1:0 6701
6206 49290 1:0 6814
6300 49289 1:0 6822
6301 49288 1:0 6821
6310 49287 1:0 6832
6310 49257 1:0 6945
6316 49255 1:0 6952
6320 49256 1:0 6953
6349 49254 1:0 6963
6431 49224 1:0 7076
6432 49223 1:0 7084
6441 49222 1:0 7083
6441 49221 1:0 7094
6447 49191 1:0 7207
6452 49189 1:0 7214
6480 49190 1:0 7215
6562 49188 1:0 7225
6563 49158 1:0 7338
6572 49156 1:0 7345
6572 49157 1:0 7346
6578 49155 1:0 7356
6583 49125 1:0 7469
6611 49123 1:0 7476
6693 49124 1:0 7477
6694 49122 1:0 7487
6703 49092 1:0 7600
6703 49090 1:0 7607
6709 49091 1:0 7608
6729 49089 1:0 7618
6783 49059 1:0 7731
6824 49057 1:0 7738
6825 49058 1:0 7739
6834 49056 1:0 7749
6834 49026 1:0 7862
6842 49025 1:0 7870
6860 49024 1:0 7869
6861 330 1:0 9210
6955 49023 1:0 7880
6956 50930 1:0 9343
8060 51907 21:0 8068
8067 51909 0:0 8068
8067 51908 21:0 8118
8118 51910 0:0 8134
8136 51940 21:0 8144
8143 51941 0:0 8144
8143 51942 21:0 8194
8194 51943 0:0 8210
8212 51973 21:0 8220
8219 51974 0:0 8220
8219 51975 21:0 8270
8270 51976 0:0 8286
8288 52006 21:0 8296
8295 52008 0:0 8296
8295 52007 21:0 8346
8346 52009 0:0 8362
8364 52039 21:0 8372
8371 52041 0:0 8372
8371 52040 21:0 8422
8422 52042 0:0 8438
8440 52072 21:0 8448
8447 52074 0:0 8448
8447 52073 21:0 8498
8498 52075 0:0 8514
8516 52105 21:0 8524
8523 52107 0:0 8524
8523 52106 21:0 8574
8574 52108 0:0 8590
8592 52138 21:0 8600
8599 52139 0:0 8600
8599 52140 21:0 8650
8650 52141 0:0 8666
8668 52171 0:0 8671
8673 52173 21:0 8690
8675 52172 0:0 8676
8690 52174 0:0 8726
8744 52204 21:0 8752
8751 52205 0:0 8752
8751 52206 0:0 8752
8752 52207 21:0 8818
8820 52237 21:0 8828
8827 52239 0:0 8828
8827 52238 21:0 8878
8878 52240 0:0 8894
8896 52270 21:0 8904
8903 52271 0:0 8904
8903 52272 21:0 8954
8954 52273 0:0 8970
8972 52303 21:0 8980
8977 52304 0:0 8980
8977 52305 0:0 8980
8980 52306 21:0 9046
9048 52336 21:0 9056
9055 52337 0:0 9056
9055 52338 21:0 9106
9106 52339 0:0 9122
9222 50929 1:0 9351
9223 50896 1:0 9482
9232 50862 1:0 9612
9232 50831 1:0 9736
9240 50828 1:0 9754
9251 330 21:0 9265
9259 50798 1:0 9867
9353 50797 1:0 9875
9354 50796 1:0 9874
9354 50795 1:0 9885
9363 50765 1:0 9998
9363 50764 1:0 10006
9371 50763 1:0 10005
9390 50762 1:0 10016
9484 50732 1:0 10129
9485 50730 1:0 10136
9494 50731 1:0 10137
9494 50729 1:0 10147
9500 50699 1:0 10260
9504 50698 1:0 10268
9521 50697 1:0 10267
9615 50696 1:0 10278
9616 50666 1:0 10391
9625 50664 1:0 10398
9625 50665 1:0 10399
9631 50663 1:0 10409
9635 50633 1:0 10522
9664 50631 1:0 10529
9746 50632 1:0 10530
9747 50630 1:0 10540
9756 50600 1:0 10653
9756 50598 1:0 10660
9762 50599 1:0 10661
9767 50597 1:0 10671
9795 50567 1:0 10784
9877 50566 1:0 10792
9878 50565 1:0 10791
9887 50564 1:0 10802
9887 50534 1:0 10915
9893 50532 1:0 10922
9898 50533 1:0 10923
9926 50531 1:0 10933
10008 50501 1:0 11046
10009 50500 1:0 11054
10018 50499 1:0 11053
10018 50498 1:0 11064
10024 50468 1:0 11177
10044 50466 1:0 11184
10098 50467 1:0 11185
10139 50465 1:0 11195
10140 331 1:0 12525
10149 52339 1:0 12789
10149 52338 1:0 12797
10155 52337 1:0 12796
11375 53349 21:0 11383
11382 53351 0:0 11383
11382 53350 21:0 11433
11433 53352 0:0 11449
11451 53382 21:0 11459
11458 53384 0:0 11459
11458 53383 21:0 11509
11509 53385 0:0 11525
11527 53415 21:0 11535
11534 53416 0:0 11535
11534 53417 21:0 11585
11585 53418 0:0 11601
11603 53448 21:0 11611
11610 53450 0:0 11611
11610 53449 21:0 11661
11661 53451 0:0 11677
11679 53481 21:0 11687
11686 53482 0:0 11687
11686 53483 21:0 11737
11737 53484 0:0 11753
11755 53514 21:0 11763
11762 53515 0:0 11763
11762 53516 21:0 11813
11813 53517 0:0 11829
11831 53547 21:0 11839
11838 53548 0:0 11839
11838 53549 21:0 11889
11889 53550 0:0 11905
11907 53580 0:0 11910
11912 53581 21:0 11929
11914 53582 0:0 11915
11929 53583 0:0 11965
11983 53613 21:0 11991
11990 53615 0:0 11991
11990 53614 21:0 12041
12041 53616 0:0 12057
12059 53646 21:0 12067
12064 53648 0:0 12067
12064 53647 0:0 12067
12067 53649 21:0 12133
12135 53679 21:0 12143
12142 53680 0:0 12143
12142 53681 21:0 12193
12193 53682 0:0 12209
12211 53712 21:0 12219
12218 53713 0:0 12219
12218 53714 21:0 12269
12269 53715 0:0 12285
12287 53745 0:0 12290
12292 53746 21:0 12309
12294 53747 0:0 12295
12309 53748 0:0 12345
12537 52336 1:0 12807
12538 52306 1:0 12920
12547 52304 1:0 12927
12547 52305 1:0 12928
12555 52303 1:0 12938
12566 331 21:0 12580
12574 52273 1:0 13051
12668 52272 1:0 13059
12669 52271 1:0 13058
12669 52270 1:0 13069
12678 52240 1:0 13182
12678 52238 1:0 13189
12686 52239 1:0 13190
12705 52237 1:0 13200
12799 52207 1:0 13313
12800 52205 1:0 13320
12809 52206 1:0 13321
12809 52204 1:0 13331
12815 52174 1:0 13444
12819 52173 1:0 13452
12836 52172 1:0 13451
12930 52171 1:0 13462
12931 52141 1:0 13575
12940 52139 1:0 13582
12940 52140 1:0 13583
12946 52138 1:0 13593
12950 52108 1:0 13706
12979 52106 1:0 13713
13061 52107 1:0 13714
13062 52105 1:0 13724
13071 52075 1:0 13837
13071 52073 1:0 13844
13077 52074 1:0 13845
13082 52072 1:0 13855
13110 52042 1:0 13968
13192 52040 1:0 13975
13193 52041 1:0 13976
13202 52039 1:0 13986
13202 52009 1:0 14099
13208 52007 1:0 14106
13213 52008 1:0 14107
13241 52006 1:0 14117
13323 51976 1:0 14230
13324 51975 1:0 14238
13333 51974 1:0 14237
13333 51973 1:0 14248
13339 51943 1:0 14361
13359 51942 1:0 14369
13413 51941 1:0 14368
13454 51940 1:0 14379
13455 51910 1:0 14492
13464 51908 1:0 14499
13464 51909 1:0 14500
13472 51907 1:0 14510
13474 332 1:0 15840
14690 54791 21:0 14698
14697 54792 0:0 14698
14697 54793 21:0 14748
14748 54794 0:0 14764
14766 54824 21:0 14774
14773 54825 0:0 14774
14773 54826 21:0 14824
14824 54827 0:0 14840
14842 54857 21:0 14850
14849 54859 0:0 14850
14849 54858 0:0 14850
14850 54860 21:0 14916
14918 54890 21:0 14926
14925 54891 0:0 14926
14925 54892 21:0 14976
14976 54893 0:0 14992
14994 54923 21:0 15002
15001 54924 0:0 15002
15001 54925 21:0 15052
15052 54926 0:0 15068
15070 54956 21:0 15078
15077 54958 0:0 15078
15077 54957 21:0 15128
15128 54959 0:0 15144
15146 54989 21:0 15154
15153 54990 0:0 15154
15153 54991 21:0 15204
15204 54992 0:0 15220
15222 55022 21:0 15230
15229 55023 0:0 15230
15229 55024 0:0 15230
15230 55025 21:0 15296
15298 55055 21:0 15306
15305 55057 0:0 15306
15305 55056 21:0 15356
15356 55058 0:0 15372
15374 55088 0:0 15377
15379 55090 21:0 15396
15381 55089 0:0 15382
15396 55091 0:0 15432
15450 55121 21:0 15458
15457 55122 0:0 15458
15457 55123 21:0 15508
15508 55124 0:0 15524
15526 55154 21:0 15534
15533 55155 0:0 15534
15533 55156 21:0 15584
15584 55157 0:0 15600
15602 55187 21:0 15610
15609 55189 0:0 15610
15609 55188 21:0 15660
15660 55190 0:0 15676
15686 55223 21:0 15752
15852 53748 1:0 16235
15853 53746 1:0 16242
15862 53747 1:0 16243
15862 53745 1:0 16253
15870 53715 1:0 16366
15881 332 21:0 15895
15889 53714 1:0 16374
15983 53713 1:0 16373
15984 53712 1:0 16384
15984 53682 1:0 16497
15993 53680 1:0 16504
15993 53681 1:0 16505
16001 53679 1:0 16515
16020 53649 1:0 16628
16114 53648 1:0 16636
16115 53647 1:0 16635
16124 53646 1:0 16646
16124 53616 1:0 16759
16130 53614 1:0 16766
16134 53615 1:0 16767
16151 53613 1:0 16777
16245 53583 1:0 16890
16246 53581 1:0 16897
16255 53582 1:0 16898
16255 53580 1:0 16908
16261 53550 1:0 17021
16265 53549 1:0 17029
16294 53548 1:0 17028
16376 53547 1:0 17039
16377 53517 1:0 17152
16386 53515 1:0 17159
16386 53516 1:0 17160
16392 53514 1:0 17170
16397 53484 1:0 17283
16425 53483 1:0 17291
16507 53482 1:0 17290
16508 53481 1:0 17301
16517 53451 1:0 17414
16517 53449 1:0 17421
16523 53450 1:0 17422
16528 53448 1:0 17432
16556 53418 1:0 17545
16638 53417 1:0 17553
16639 53416 1:0 17552
16648 53415 1:0 17563
16648 53385 1:0 17676
16654 53383 1:0 17683
16674 53384 1:0 17684
16728 53382 1:0 17694
16769 53352 1:0 17807
16770 53350 1:0 17814
16779 53351 1:0 17815
16779 53349 1:0 17825
16785 333 1:0 19155
16789 55223 1:0 19419
16806 55190 1:0 19550
16900 55188 1:0 19557
18005 56233 21:0 18013
18012 56234 0:0 18013
18012 56235 21:0 18063
18063 56236 0:0 18079
18081 56266 21:0 18089
18088 56268 0:0 18089
18088 56267 21:0 18139
18139 56269 0:0 18155
18157 56299 21:0 18165
18164 56301 0:0 18165
18164 56300 21:0 18215
18215 56302 0:0 18231
18233 56332 21:0 18241
18240 56333 0:0 18241
18240 56334 21:0 18291
18291 56335 0:0 18307
18309 56365 21:0 18317
18316 56366 0:0 18317
18316 56367 21:0 18367
18367 56368 0:0 18383
18385 56398 21:0 18393
18392 56400 0:0 18393
18392 56399 21:0 18443
18443 56401 0:0 18459
18461 56431 21:0 18469
18468 56433 0:0 18469
18468 56432 21:0 18519
18519 56434 0:0 18535
18537 56464 21:0 18545
18544 56465 0:0 18545
18544 56466 21:0 18595
18595 56467 0:0 18611
18613 56497 0:0 18616
18618 56499 21:0 18635
18620 56498 0:0 18621
18635 56500 0:0 18671
18689 56530 0:0 18692
18694 56532 21:0 18711
18696 56531 0:0 18697
18711 56533 0:0 18747
18765 56563 0:0 18768
18770 56564 21:0 18787
18772 56565 0:0 18773
18787 56566 0:0 18823
18841 56596 0:0 18844
18846 56598 21:0 18863
18848 56597 0:0 18849
18863 56599 0:0 18899
18917 56629 21:0 18925
18922 56630 0:0 18925
18924 56631 0:0 18925
18925 56632 21:0 18991
18993 56662 21:0 19001
19000 56664 0:0 19001
19000 56663 21:0 19051
19167 55189 1:0 19558
19168 55187 1:0 19568
19177 55157 1:0 19681
19177 55156 1:0 19689
19185 55155 1:0 19688
19196 333 21:0 19210
19204 55154 1:0 19699
19298 55124 1:0 19812
19299 55122 1:0 19819
19299 55123 1:0 19820
19308 55121 1:0 19830
19308 55091 1:0 19943
19316 55090 1:0 19951
19335 55089 1:0 19950
19429 55088 1:0 19961
19430 55058 1:0 20074
19439 55056 1:0 20081
19439 55057 1:0 20082
19445 55055 1:0 20092
19449 55025 1:0 20205
19466 55023 1:0 20212
19560 55024 1:0 20213
19561 55022 1:0 20223
19570 54992 1:0 20336
19570 54991 1:0 20344
19576 54990 1:0 20343
19580 54989 1:0 20354
19609 54959 1:0 20467
19691 54957 1:0 20474
19692 54958 1:0 20475
19701 54956 1:0 20485
19701 54926 1:0 20598
19707 54925 1:0 20606
19712 54924 1:0 20605
19740 54923 1:0 20616
19822 54893 1:0 20729
19823 54892 1:0 20737
19832 54891 1:0 20736
19832 54890 1:0 20747
19838 54860 1:0 20860
19843 54858 1:0 20867
19871 54859 1:0 20868
19953 54857 1:0 20878
19954 54827 1:0 20991
19963 54825 1:0 20998
19963 54826 1:0 20999
19969 54824 1:0 21009
19989 54794 1:0 21122
20043 54793 1:0 21130
20084 54792 1:0 21129
20085 54791 1:0 21140
20094 56663 1:0 22741
20094 334 1:0 22470
20100 56664 1:0 22742
20104 56662 1:0 22752
20121 56632 1:0 22865
20215 56631 1:0 22873
21320 57675 21:0 21328
21327 57677 0:0 21328
21327 57676 21:0 21378
21378 57678 0:0 21394
21396 57708 21:0 21404
21403 57710 0:0 21404
21403 57709 21:0 21454
21454 57711 0:0 21470
21472 57741 21:0 21480
21479 57742 0:0 21480
21479 57743 21:0 21530
21530 57744 0:0 21546
21548 57774 21:0 21556
21555 57775 0:0 21556
21555 57776 21:0 21606
21606 57777 0:0 21622
21624 57807 21:0 21632
21631 57808 0:0 21632
21631 57809 21:0 21682
21682 57810 0:0 21698
21700 57840 21:0 21708
21707 57842 0:0 21708
21707 57841 21:0 21758
21758 57843 0:0 21774
21776 57873 21:0 21784
21783 57875 0:0 21784
21783 57874 21:0 21834
21834 57876 0:0 21850
21852 57906 21:0 21860
21859 57907 0:0 21860
21859 57908 21:0 21910
21910 57909 0:0 21926
21928 57939 0:0 21931
21933 57940 21:0 21950
21935 57941 0:0 21936
21950 57942 0:0 21986
22004 57972 21:0 22012
22011 57973 0:0 22012
22011 57974 21:0 22056
22056 57975 0:0 22067
22080 58005 0:0 22083
22085 58007 21:0 22102
22087 58006 0:0 22088
22102 58008 0:0 22138
22156 58038 0:0 22159
22161 58039 21:0 22178
22163 58040 0:0 22164
22178 58041 0:0 22214
22232 58071 21:0 22240
22239 58073 0:0 22240
22239 58072 0:0 22240
22240 58074 21:0 22306
22308 58104 0:0 22311
22313 58106 21:0 22330
22315 58105 0:0 22316
22482 56630 1:0 22872
22483 56629 1:0 22883
22492 56599 1:0 22996
22492 56598 1:0 23004
22500 56597 1:0 23003
22511 334 21:0 22525
22519 56596 1:0 23014
22613 56566 1:0 23127
22614 56564 1:0 23134
22614 56565 1:0 23135
22623 56563 1:0 23145
22623 56533 1:0 23258
22631 56532 1:0 23266
22650 56531 1:0 23265
22744 56530 1:0 23276
22745 56500 1:0 23389
22754 56498 1:0 23396
22754 56499 1:0 23397
22760 56497 1:0 23407
22764 56467 1:0 23520
22781 56466 1:0 23528
22875 56465 1:0 23527
22876 56464 1:0 23538
22885 56434 1:0 23651
22885 56432 1:0 23658
22891 56433 1:0 23659
22895 56431 1:0 23669
22924 56401 1:0 23782
23006 56399 1:0 23789
23007 56400 1:0 23790
23016 56398 1:0 23800
23016 56368 1:0 23913
23022 56367 1:0 23921
23027 56366 1:0 23920
23055 56365 1:0 23931
23137 56335 1:0 24044
23138 56334 1:0 24052
23147 56333 1:0 24051
23147 56332 1:0 24062
23153 56302 1:0 24175
23158 56300 1:0 24182
23186 56301 1:0 24183
23268 56299 1:0 24193
23269 56269 1:0 24306
23278 56267 1:0 24313
23278 56268 1:0 24314
23284 56266 1:0 24324
23304 56236 1:0 24437
23358 56235 1:0 24445
23399 56234 1:0 24444
23400 56233 1:0 24455
23409 58106 1:0 26057
23409 335 1:0 25785
23415 58105 1:0 26056
23419 58104 1:0 26067
23436 58074 1:0 26180
23530 58073 1:0 26188
23531 58072 1:0 26187
24635 59117 21:0 24643
24642 59118 0:0 24643
24642 59119 21:0 24693
24693 59120 0:0 24709
24711 59150 21:0 24719
24718 59152 0:0 24719
24718 59151 21:0 24769
24769 59153 0:0 24785
24787 59183 21:0 24795
24794 59185 0:0 24795
24794 59184 0:0 24795
24795 59186 21:0 24861
24863 59216 21:0 24871
24870 59217 0:0 24871
24870 59218 21:0 24921
24921 59219 0:0 24937
24939 59249 21:0 24947
24946 59251 0:0 24947
24946 59250 21:0 24997
24997 59252 0:0 25013
25015 59282 21:0 25023
25022 59283 0:0 25023
25022 59284 21:0 25073
25073 59285 0:0 25089
25091 59315 21:0 25099
25098 59317 0:0 25099
25098 59316 21:0 25149
25149 59318 0:0 25165
25167 59348 21:0 25175
25174 59350 0:0 25175
25174 59349 21:0 25225
25225 59351 0:0 25241
25243 59381 21:0 25251
25250 59382 0:0 25251
25250 59383 21:0 25301
25301 59384 0:0 25317
25319 59414 21:0 25327
25326 59416 0:0 25327
25326 59415 21:0 25377
25377 59417 0:0 25393
25395 59447 0:0 25398
25400 59449 21:0 25417
25402 59448 0:0 25403
25417 59450 0:0 25453
25471 59480 0:0 25474
25476 59482 21:0 25493
25478 59481 0:0 25479
25493 59483 0:0 25529
25547 59513 21:0 25555
25554 59515 0:0 25555
25554 59514 21:0 25605
25605 59516 0:0 25621
25623 59546 0:0 25626
25628 59547 21:0 25645
25630 59548 0:0 25631
25645 59549 0:0 25681
25797 58071 1:0 26198
25798 58041 1:0 26311
25807 58039 1:0 26318
25807 58040 1:0 26319
25815 58038 1:0 26329
25826 335 21:0 25840
25834 58008 1:0 26442
25928 58007 1:0 26450
25929 58006 1:0 26449
25929 58005 1:0 26460
25938 57975 1:0 26573
25938 57974 1:0 26581
25946 57973 1:0 26580
25965 57972 1:0 26591
26059 57942 1:0 26704
26060 57940 1:0 26711
26069 57941 1:0 26712
26069 57939 1:0 26722
26075 57909 1:0 26835
26079 57908 1:0 26843
26096 57907 1:0 26842
26190 57906 1:0 26853
26191 57876 1:0 26966
26200 57874 1:0 26973
26200 57875 1:0 26974
26206 57873 1:0 26984
26210 57843 1:0 27097
26239 57841 1:0 27104
26321 57842 1:0 27105
26322 57840 1:0 27115
26331 57810 1:0 27228
26331 57809 1:0 27236
26337 57808 1:0 27235
26342 57807 1:0 27246
26370 57777 1:0 27359
26452 57776 1:0 27367
26453 57775 1:0 27366
26462 57774 1:0 27377
26462 57744 1:0 27490
26468 57743 1:0 27498
26473 57742 1:0 27497
26501 57741 1:0 27508
26583 57711 1:0 27621
26584 57709 1:0 27628
26593 57710 1:0 27629
26593 57708 1:0 27639
26599 57678 1:0 27752
26619 57676 1:0 27759
26673 57677 1:0 27760
26714 57675 1:0 27770
26715 336 1:0 29100
26724 59549 1:0 29364
26724 59547 1:0 29371
26730 59548 1:0 29372
26734 59546 1:0 29382
27950 60559 21:0 27958
27957 60560 0:0 27958
27957 60561 21:0 28008
28008 60562 0:0 28024
28026 60592 21:0 28034
28033 60594 0:0 28034
28033 60593 21:0 28084
28084 60595 0:0 28100
28102 60625 21:0 28110
28109 60627 0:0 28110
28109 60626 21:0 28160
28160 60628 0:0 28176
28178 60658 21:0 28186
28185 60660 0:0 28186
28185 60659 21:0 28236
28236 60661 0:0 28252
28254 60691 21:0 28262
28261 60692 0:0 28262
28261 60693 21:0 28312
28312 60694 0:0 28328
28330 60724 21:0 28338
28337 60725 0:0 28338
28337 60726 21:0 28388
28388 60727 0:0 28404
28406 60757 21:0 28414
28413 60758 0:0 28414
28413 60759 21:0 28464
28464 60760 0:0 28480
28482 60790 21:0 28490
28489 60791 0:0 28490
28489 60792 21:0 28540
28540 60793 0:0 28556
28558 60823 21:0 28566
28565 60824 0:0 28566
28565 60825 21:0 28616
28616 60826 0:0 28632
28634 60856 0:0 28637
28639 60857 21:0 28656
28641 60858 0:0 28642
28656 60859 0:0 28692
28710 60889 21:0 28718
28717 60890 0:0 28718
28717 60891 21:0 28768
28768 60892 0:0 28784
28786 60922 21:0 28794
28791 60923 0:0 28794
28794 60925 21:0 28860
28862 60955 21:0 28870
28870 60958 21:0 28936
28943 60989 21:0 28960
28945 60990 0:0 28946
29014 61021 21:0 29022
29022 61024 21:0 29088
29112 59516 1:0 29495
29113 59514 1:0 29502
29122 59515 1:0 29503
29122 59513 1:0 29513
29130 59483 1:0 29626
29141 336 21:0 29155
29149 59482 1:0 29634
29243 59481 1:0 29633
29244 59480 1:0 29644
29244 59450 1:0 29757
29253 59448 1:0 29764
29253 59449 1:0 29765
29261 59447 1:0 29775
29280 59417 1:0 29888
29374 59415 1:0 29895
29375 59416 1:0 29896
29384 59414 1:0 29906
29384 59384 1:0 30019
29390 59383 1:0 30027
29394 59382 1:0 30026
29411 59381 1:0 30037
29505 59351 1:0 30150
29506 59349 1:0 30157
29515 59350 1:0 30158
29515 59348 1:0 30168
29521 59318 1:0 30281
29525 59316 1:0 30288
29554 59317 1:0 30289
29636 59315 1:0 30299
29637 59285 1:0 30412
29646 59283 1:0 30419
29646 59284 1:0 30420
29652 59282 1:0 30430
29657 59252 1:0 30543
29685 59250 1:0 30550
29767 59251 1:0 30551
29768 59249 1:0 30561
29777 59219 1:0 30674
29777 59218 1:0 30682
29783 59217 1:0 30681
29788 59216 1:0 30692
29816 59186 1:0 30805
29898 59184 1:0 30812
29899 59185 1:0 30813
29908 59183 1:0 30823
29908 59153 1:0 30936
29914 59151 1:0 30943
29934 59152 1:0 30944
29988 59150 1:0 30954
30029 59120 1:0 31067
30030 59119 1:0 31075
30039 59118 1:0 31074
30039 59117 1:0 31085
30045 337 1:0 32415
30049 61024 1:0 32548
31265 62001 21:0 31273
31272 62002 0:0 31273
31272 62003 21:0 31323
31323 62004 0:0 31339
31341 62034 21:0 31349
31348 62036 0:0 31349
31348 62035 21:0 31399
31399 62037 0:0 31415
31417 62067 21:0 31425
31424 62069 0:0 31425
31424 62068 21:0 31475
31475 62070 0:0 31491
31493 62100 21:0 31501
31500 62102 0:0 31501
31500 62101 21:0 31551
31551 62103 0:0 31567
31569 62133 21:0 31577
31576 62135 0:0 31577
31576 62134 21:0 31627
31627 62136 0:0 31643
31645 62166 21:0 31653
31652 62168 0:0 31653
31652 62167 21:0 31703
31703 62169 0:0 31719
31721 62199 21:0 31729
31728 62200 0:0 31729
31728 62201 21:0 31779
31779 62202 0:0 31795
31797 62232 21:0 31805
31804 62234 0:0 31805
31804 62233 21:0 31855
31855 62235 0:0 31871
31873 62265 0:0 31876
31878 62266 21:0 31895
31880 62267 0:0 31881
31895 62268 0:0 31931
31949 62298 21:0 31957
31954 62300 0:0 31957
31954 62299 0:0 31957
31957 62301 21:0 32023
32025 62331 21:0 32033
32032 62332 0:0 32033
32032 62333 21:0 32083
32083 62334 0:0 32099
32101 62364 21:0 32109
32108 62366 0:0 32109
32108 62365 21:0 32159
32159 62367 0:0 32175
32177 62397 21:0 32185
32184 62398 0:0 32185
32184 62399 21:0 32235
32235 62400 0:0 32251
32253 62430 21:0 32261
32427 61021 1:0 32566
32428 60989 1:0 32686
32437 60990 1:0 32687
32437 60958 1:0 32810
32445 60955 1:0 32828
32456 337 21:0 32470
32464 60925 1:0 32941
32558 60923 1:0 32948
32559 60922 1:0 32959
32559 60892 1:0 33072
32568 60890 1:0 33079
32568 60891 1:0 33080
32576 60889 1:0 33090
32595 60859 1:0 33203
32689 60857 1:0 33210
32690 60858 1:0 33211
32699 60856 1:0 33221
32699 60826 1:0 33334
32705 60825 1:0 33342
32709 60824 1:0 33341
32726 60823 1:0 33352
32820 60793 1:0 33465
32821 60792 1:0 33473
32830 60791 1:0 33472
32830 60790 1:0 33483
32836 60760 1:0 33596
32840 60759 1:0 33604
32869 60758 1:0 33603
32951 60757 1:0 33614
32952 60727 1:0 33727
32961 60725 1:0 33734
32961 60726 1:0 33735
32967 60724 1:0 33745
32972 60694 1:0 33858
33000 60693 1:0 33866
33082 60692 1:0 33865
33083 60691 1:0 33876
33092 60661 1:0 33989
33092 60659 1:0 33996
33098 60660 1:0 33997
33103 60658 1:0 34007
33131 60628 1:0 34120
33213 60626 1:0 34127
33214 60627 1:0 34128
33223 60625 1:0 34138
33223 60595 1:0 34251
33229 60593 1:0 34258
33249 60594 1:0 34259
33303 60592 1:0 34269
33344 60562 1:0 34382
33345 60561 1:0 34390
33354 60560 1:0 34389
33354 60559 1:0 34400
33360 338 1:0 35730
33364 62430 1:0 36012
33381 62400 1:0 36125
34580 63443 21:0 34588
34587 63445 0:0 34588
34587 63444 21:0 34638
34638 63446 0:0 34654
34656 63476 21:0 34664
34663 63477 0:0 34664
34663 63478 21:0 34714
34714 63479 0:0 34730
34732 63509 21:0 34740
34739 63511 0:0 34740
34739 63510 21:0 34790
34790 63512 0:0 34806
34808 63542 21:0 34816
34815 63544 0:0 34816
34815 63543 21:0 34866
34866 63545 0:0 34882
34884 63575 21:0 34892
34891 63577 0:0 34892
34891 63576 21:0 34942
34942 63578 0:0 34958
34960 63608 21:0 34968
34967 63609 0:0 34968
34967 63610 21:0 35018
35018 63611 0:0 35034
35036 63641 21:0 35044
35043 63642 0:0 35044
35043 63643 0:0 35044
35044 63644 21:0 35110
35112 63674 21:0 35120
35119 63676 0:0 35120
35119 63675 21:0 35170
35170 63677 0:0 35186
35188 63707 21:0 35196
35193 63709 0:0 35196
35193 63708 0:0 35196
35196 63710 21:0 35262
35264 63740 0:0 35267
35269 63742 21:0 35286
35271 63741 0:0 35272
35286 63743 0:0 35322
35340 63773 0:0 35343
35345 63774 21:0 35362
35347 63775 0:0 35348
35362 63776 0:0 35398
35416 63806 0:0 35419
35421 63808 21:0 35438
35423 63807 0:0 35424
35492 63839 21:0 35500
35499 63841 0:0 35500
35500 63842 21:0 35566
35568 63872 21:0 35576
35575 63873 0:0 35576
35575 63874 0:0 35576
35576 63875 21:0 35642
35742 62399 1:0 36133
35743 62398 1:0 36132
35752 62397 1:0 36143
35752 62367 1:0 36256
35760 62365 1:0 36263
35771 338 21:0 35785
35779 62366 1:0 36264
35873 62364 1:0 36274
35874 62334 1:0 36387
35874 62333 1:0 36395
35883 62332 1:0 36394
35883 62331 1:0 36405
35891 62301 1:0 36518
35910 62300 1:0 36526
36004 62299 1:0 36525
36005 62298 1:0 36536
36014 62268 1:0 36649
36014 62266 1:0 36656
36020 62267 1:0 36657
36024 62265 1:0 36667
36041 62235 1:0 36780
36135 62233 1:0 36787
36136 62234 1:0 36788
36145 62232 1:0 36798
36145 62202 1:0 36911
36151 62201 1:0 36919
36155 62200 1:0 36918
36184 62199 1:0 36929
36266 62169 1:0 37042
36267 62167 1:0 37049
36276 62168 1:0 37050
36276 62166 1:0 37060
36282 62136 1:0 37173
36287 62134 1:0 37180
36315 62135 1:0 37181
36397 62133 1:0 37191
36398 62103 1:0 37304
36407 62101 1:0 37311
36407 62102 1:0 37312
36413 62100 1:0 37322
36418 62070 1:0 37435
36446 62068 1:0 37442
36528 62069 1:0 37443
36529 62067 1:0 37453
36538 62037 1:0 37566
36538 62035 1:0 37573
36544 62036 1:0 37574
36564 62034 1:0 37584
36618 62004 1:0 37697
36659 62003 1:0 37705
36660 62002 1:0 37704
36669 62001 1:0 37715
36669 339 1:0 39045
36675 63875 1:0 39309
37895 64885 21:0 37903
37902 64887 0:0 37903
37902 64886 21:0 37953
37953 64888 0:0 37969
37971 64918 21:0 37979
37978 64919 0:0 37979
37978 64920 21:0 38029
38029 64921 0:0 38045
38047 64951 21:0 38055
38054 64952 0:0 38055
38054 64953 21:0 38105
38105 64954 0:0 38121
38123 64984 21:0 38131
38130 64985 0:0 38131
38130 64986 21:0 38181
38181 64987 0:0 38197
38199 65017 21:0 38207
38206 65018 0:0 38207
38206 65019 21:0 38257
38257 65020 0:0 38273
38275 65050 21:0 38283
38282 65051 0:0 38283
38282 65052 0:0 38283
38283 65053 21:0 38349
38351 65083 21:0 38359
38358 65084 0:0 38359
38358 65085 21:0 38409
38409 65086 0:0 38425
38427 65116 0:0 38430
38432 65117 21:0 38449
38434 65118 0:0 38435
38449 65119 0:0 38485
38503 65149 21:0 38511
38510 65150 0:0 38511
38510 65151 0:0 38511
38511 65152 21:0 38577
38579 65182 21:0 38587
38586 65184 0:0 38587
38586 65183 21:0 38637
38637 65185 0:0 38653
38655 65215 0:0 38658
38660 65216 21:0 38677
38662 65217 0:0 38663
38677 65218 0:0 38713
38731 65248 21:0 38739
38738 65249 0:0 38739
38738 65250 21:0 38789
38789 65251 0:0 38805
38807 65281 21:0 38815
38814 65282 0:0 38815
38814 65283 21:0 38865
38865 65284 0:0 38881
39057 63873 1:0 39316
39058 63874 1:0 39317
39067 63872 1:0 39327
39067 63842 1:0 39440
39075 63841 1:0 39448
39086 339 21:0 39100
39094 63839 1:0 39458
39188 63808 1:0 39579
39189 63807 1:0 39578
39189 63806 1:0 39589
39198 63776 1:0 39702
39198 63774 1:0 39709
39206 63775 1:0 39710
39225 63773 1:0 39720
39319 63743 1:0 39833
39320 63742 1:0 39841
39329 63741 1:0 39840
39329 63740 1:0 39851
39335 63710 1:0 39964
39339 63709 1:0 39972
39356 63708 1:0 39971
39450 63707 1:0 39982
39451 63677 1:0 40095
39460 63675 1:0 40102
39460 63676 1:0 40103
39466 63674 1:0 40113
39470 63644 1:0 40226
39499 63643 1:0 40234
39581 63642 1:0 40233
39582 63641 1:0 40244
39591 63611 1:0 40357
39591 63610 1:0 40365
39597 63609 1:0 40364
39602 63608 1:0 40375
39630 63578 1:0 40488
39712 63576 1:0 40495
39713 63577 1:0 40496
39722 63575 1:0 40506
39722 63545 1:0 40619
39728 63543 1:0 40626
39733 63544 1:0 40627
39761 63542 1:0 40637
39843 63512 1:0 40750
39844 63510 1:0 40757
39853 63511 1:0 40758
39853 63509 1:0 40768
39859 63479 1:0 40881
39879 63478 1:0 40889
39933 63477 1:0 40888
39974 63476 1:0 40899
39975 63446 1:0 41012
39984 63444 1:0 41019
39984 63445 1:0 41020
39992 63443 1:0 41030
39994 340 1:0 42360
40011 65284 1:0 42755
41210 66327 21:0 41218
41217 66329 0:0 41218
41217 66328 21:0 41268
41268 66330 0:0 41284
41286 66360 21:0 41294
41293 66362 0:0 41294
41293 66361 21:0 41344
41344 66363 0:0 41360
41362 66393 21:0 41370
41369 66395 0:0 41370
41369 66394 0:0 41370
41370 66396 21:0 41436
41438 66426 21:0 41446
41445 66428 0:0 41446
41445 66427 21:0 41496
41496 66429 0:0 41512
41514 66459 21:0 41522
41521 66461 0:0 41522
41521 66460 21:0 41572
41572 66462 0:0 41588
41590 66492 21:0 41598
41597 66494 0:0 41598
41597 66493 21:0 41648
41648 66495 0:0 41664
41666 66525 21:0 41674
41673 66527 0:0 41674
41673 66526 21:0 41724
41724 66528 0:0 41740
41742 66558 21:0 41750
41749 66560 0:0 41750
41749 66559 21:0 41800
41800 66561 0:0 41816
41818 66591 21:0 41826
41825 66593 0:0 41826
41825 66592 21:0 41876
41876 66594 0:0 41892
41894 66624 0:0 41897
41899 66625 21:0 41916
41901 66626 0:0 41902
41916 66627 0:0 41952
41970 66657 21:0 41978
41977 66659 0:0 41978
41977 66658 21:0 42028
42028 66660 0:0 42044
42046 66690 0:0 42049
42051 66691 21:0 42068
42053 66692 0:0 42054
42068 66693 0:0 42104
42122 66723 21:0 42130
42127 66725 0:0 42130
42129 66724 0:0 42130
42130 66726 21:0 42196
42198 66756 21:0 42206
42205 66757 21:0 42256
42372 65283 1:0 42763
42373 65282 1:0 42762
42382 65281 1:0 42773
42382 65251 1:0 42886
42390 65250 1:0 42894
42401 340 21:0 42415
42409 65249 1:0 42893
42503 65248 1:0 42904
42504 65218 1:0 43017
42504 65216 1:0 43024
42513 65217 1:0 43025
42513 65215 1:0 43035
42521 65185 1:0 43148
42540 65183 1:0 43155
42634 65184 1:0 43156
42635 65182 1:0 43166
42644 65152 1:0 43279
42644 65151 1:0 43287
42650 65150 1:0 43286
42654 65149 1:0 43297
42671 65119 1:0 43410
42765 65117 1:0 43417
42766 65118 1:0 43418
42775 65116 1:0 43428
42775 65086 1:0 43541
42781 65085 1:0 43549
42785 65084 1:0 43548
42814 65083 1:0 43559
42896 65053 1:0 43672
42897 65052 1:0 43680
42906 65051 1:0 43679
42906 65050 1:0 43690
42912 65020 1:0 43803
42917 65019 1:0 43811
42945 65018 1:0 43810
43027 65017 1:0 43821
43028 64987 1:0 43934
43037 64985 1:0 43941
43037 64986 1:0 43942
43043 64984 1:0 43952
43048 64954 1:0 44065
43076 64953 1:0 44073
43158 64952 1:0 44072
43159 64951 1:0 44083
43168 64921 1:0 44196
43168 64920 1:0 44204
43174 64919 1:0 44203
43194 64918 1:0 44214
43248 64888 1:0 44327
43289 64886 1:0 44334
43290 64887 1:0 44335
43299 64885 1:0 44345
43299 341 1:0 45675
43305 66757 1:0 45946
43309 66756 1:0 45957
43326 66726 1:0 46070
43420 66724 1:0 46077
43421 66725 1:0 46078
43430 66723 1:0 46088
44525 67769 21:0 44533
44532 67770 0:0 44533
44532 67771 21:0 44583
44583 67772 0:0 44599
44601 67802 21:0 44609
44608 67803 0:0 44609
44608 67804 21:0 44659
44659 67805 0:0 44675
44677 67835 21:0 44685
44684 67836 0:0 44685
44684 67837 21:0 44735
44735 67838 0:0 44751
44753 67868 21:0 44761
44760 67870 0:0 44761
44760 67869 21:0 44811
44811 67871 0:0 44827
44829 67901 21:0 44837
44836 67903 0:0 44837
44836 67902 21:0 44887
44887 67904 0:0 44903
44905 67934 21:0 44913
44912 67936 0:0 44913
44912 67935 21:0 44963
44963 67937 0:0 44979
44981 67967 21:0 44989
44988 67969 0:0 44989
44988 67968 21:0 45039
45039 67970 0:0 45055
45057 68000 21:0 45065
45064 68001 0:0 45065
45064 68002 21:0 45115
45115 68003 0:0 45131
45133 68033 0:0 45136
45138 68035 21:0 45155
45140 68034 0:0 45141
45155 68036 0:0 45191
45209 68066 21:0 45217
45216 68067 0:0 45217
45216 68068 21:0 45267
45267 68069 0:0 45283
45285 68099 0:0 45288
45290 68101 21:0 45307
45292 68100 0:0 45293
45307 68102 0:0 45343
45361 68132 21:0 45369
45368 68134 0:0 45369
45368 68133 21:0 45419
45419 68135 0:0 45435
45437 68165 0:0 45440
45442 68166 21:0 45459
45444 68167 0:0 45445
45459 68168 0:0 45495
45513 68198 21:0 45521
45520 68200 0:0 45521
45520 68199 21:0 45571
45571 68201 0:0 45587
45597 68234 21:0 45663
45687 66693 1:0 46201
45688 66691 1:0 46208
45697 66692 1:0 46209
45697 66690 1:0 46219
45705 66660 1:0 46332
45716 341 21:0 45730
45724 66658 1:0 46339
45818 66659 1:0 46340
45819 66657 1:0 46350
45819 66627 1:0 46463
45828 66625 1:0 46470
45828 66626 1:0 46471
45836 66624 1:0 46481
45855 66594 1:0 46594
45949 66592 1:0 46601
45950 66593 1:0 46602
45959 66591 1:0 46612
45959 66561 1:0 46725
45965 66559 1:0 46732
45969 66560 1:0 46733
45986 66558 1:0 46743
46080 66528 1:0 46856
46081 66526 1:0 46863
46090 66527 1:0 46864
46090 66525 1:0 46874
46096 66495 1:0 46987
46100 66493 1:0 46994
46129 66494 1:0 46995
46211 66492 1:0 47005
46212 66462 1:0 47118
46221 66460 1:0 47125
46221 66461 1:0 47126
46227 66459 1:0 47136
46232 66429 1:0 47249
46260 66427 1:0 47256
46342 66428 1:0 47257
46343 66426 1:0 47267
46352 66396 1:0 47380
46352 66395 1:0 47388
46358 66394 1:0 47387
46363 66393 1:0 47398
46391 66363 1:0 47511
46473 66361 1:0 47518
46474 66362 1:0 47519
46483 66360 1:0 47529
46483 66330 1:0 47642
46489 66328 1:0 47649
46509 66329 1:0 47650
46563 66327 1:0 47660
46604 342 1:0 48990
46605 68234 1:0 49123
47840 69211 21:0 47848
47847 69212 0:0 47848
47847 69213 21:0 47898
47898 69214 0:0 47914
47916 69244 21:0 47924
47923 69246 0:0 47924
47923 69245 21:0 47974
47974 69247 0:0 47990
47992 69277 21:0 48000
47999 69279 0:0 48000
47999 69278 21:0 48050
48050 69280 0:0 48066
48068 69310 21:0 48076
48075 69311 0:0 48076
48075 69312 21:0 48126
48126 69313 0:0 48142
48144 69343 21:0 48152
48151 69345 0:0 48152
48151 69344 21:0 48202
48202 69346 0:0 48218
48220 69376 21:0 48228
48227 69377 0:0 48228
48227 69378 21:0 48278
48278 69379 0:0 48294
48296 69409 21:0 48304
48303 69410 0:0 48304
48303 69411 21:0 48354
48354 69412 0:0 48370
48372 69442 21:0 48380
48379 69443 0:0 48380
48379 69444 21:0 48430
48430 69445 0:0 48446
48448 69475 0:0 48451
48453 69476 21:0 48470
48455 69477 0:0 48456
48470 69478 0:0 48506
48524 69508 21:0 48532
48529 69509 0:0 48532
48531 69510 0:0 48532
48532 69511 21:0 48598
48600 69541 0:0 48603
48605 69542 21:0 48622
48607 69543 0:0 48608
48622 69544 0:0 48658
48676 69574 21:0 48684
48683 69575 0:0 48684
48683 69576 21:0 48734
48734 69577 0:0 48750
48904 69673 21:0 48912
49002 68201 1:0 49254
49003 68199 1:0 49261
49012 68200 1:0 49262
49012 68198 1:0 49272
49020 68168 1:0 49385
49031 342 21:0 49045
49039 68166 1:0 49392
49133 68167 1:0 49393
49134 68165 1:0 49403
49134 68135 1:0 49516
49143 68133 1:0 49523
49143 68134 1:0 49524
49151 68132 1:0 49534
49170 68102 1:0 49647
49264 68101 1:0 49655
49265 68100 1:0 49654
49274 68099 1:0 49665
49274 68069 1:0 49778
49280 68068 1:0 49786
49284 68067 1:0 49785
49301 68066 1:0 49796
49395 68036 1:0 49909
49396 68035 1:0 49917
49405 68034 1:0 49916
49405 68033 1:0 49927
49411 68003 1:0 50040
49415 68002 1:0 50048
49444 68001 1:0 50047
49526 68000 1:0 50058
49527 67970 1:0 50171
49536 67968 1:0 50178
49536 67969 1:0 50179
49542 67967 1:0 50189
49547 67937 1:0 50302
49575 67935 1:0 50309
49657 67936 1:0 50310
49658 67934 1:0 50320
49667 67904 1:0 50433
49667 67902 1:0 50440
49673 67903 1:0 50441
49678 67901 1:0 50451
49706 67871 1:0 50564
49788 67869 1:0 50571
49789 67870 1:0 50572
49798 67868 1:0 50582
49798 67838 1:0 50695
49804 67837 1:0 50703
49824 67836 1:0 50702
49878 67835 1:0 50713
49919 67805 1:0 50826
49920 67804 1:0 50834
49929 67803 1:0 50833
49929 67802 1:0 50844
49937 67772 1:0 50957
49955 67771 1:0 50965
49956 343 1:0 52305
50050 67770 1:0 50964
50051 67769 1:0 50975
50060 69673 1:0 52456
50060 69577 1:0 52831
51155 70653 21:0 51163
51162 70655 0:0 51163
51162 70654 21:0 51213
51213 70656 0:0 51229
51231 70686 21:0 51239
51238 70687 0:0 51239
51238 70688 21:0 51289
51289 70689 0:0 51305
51307 70719 21:0 51315
51314 70720 0:0 51315
51314 70721 0:0 51315
51315 70722 21:0 51381
51383 70752 21:0 51391
51390 70754 0:0 51391
51390 70753 21:0 51441
51441 70755 0:0 51457
51459 70785 21:0 51467
51466 70787 0:0 51467
51466 70786 21:0 51517
51517 70788 0:0 51533
51535 70818 21:0 51543
51542 70820 0:0 51543
51542 70819 21:0 51593
51593 70821 0:0 51609
51611 70851 0:0 51614
51616 70853 21:0 51633
51618 70852 0:0 51619
51633 70854 0:0 51669
51687 70884 21:0 51695
51694 70885 0:0 51695
51694 70886 21:0 51745
51745 70887 0:0 51761
51763 70917 21:0 51771
51770 70918 0:0 51771
51770 70919 21:0 51821
51821 70920 0:0 51837
51839 70950 21:0 51847
51846 70951 0:0 51847
51846 70952 21:0 51897
51897 70953 0:0 51913
51915 70983 0:0 51918
51920 70984 21:0 51937
51922 70985 0:0 51923
51937 70986 0:0 51973
51991 71016 21:0 51999
51998 71018 0:0 51999
51998 71017 21:0 52049
52049 71019 0:0 52065
52067 71049 0:0 52070
52072 71050 21:0 52089
52074 71051 0:0 52075
52089 71052 0:0 52125
52143 71082 21:0 52151
52150 71084 0:0 52151
52150 71083 21:0 52201
52201 71085 0:0 52217
52219 71115 21:0 52227
52226 71116 21:0 52277
52317 69576 1:0 52839
52318 69575 1:0 52838
52327 69574 1:0 52849
52327 69544 1:0 52962
52335 69542 1:0 52969
52346 343 21:0 52360
52354 69543 1:0 52970
52448 69541 1:0 52980
52449 69511 1:0 53093
52449 69510 1:0 53101
52458 69509 1:0 53100
52458 69508 1:0 53111
52466 69478 1:0 53224
52485 69476 1:0 53231
52579 69477 1:0 53232
52580 69475 1:0 53242
52589 69445 1:0 53355
52589 69444 1:0 53363
52595 69443 1:0 53362
52599 69442 1:0 53373
52616 69412 1:0 53486
52710 69411 1:0 53494
52711 69410 1:0 53493
52720 69409 1:0 53504
52720 69379 1:0 53617
52726 69378 1:0 53625
52730 69377 1:0 53624
52759 69376 1:0 53635
52841 69346 1:0 53748
52842 69344 1:0 53755
52851 69345 1:0 53756
52851 69343 1:0 53766
52857 69313 1:0 53879
52862 69312 1:0 53887
52890 69311 1:0 53886
52972 69310 1:0 53897
52973 69280 1:0 54010
52982 69278 1:0 54017
52982 69279 1:0 54018
52988 69277 1:0 54028
52993 69247 1:0 54141
53021 69245 1:0 54148
53103 69246 1:0 54149
53104 69244 1:0 54159
53113 69214 1:0 54272
53113 69213 1:0 54280
53119 69212 1:0 54279
53139 69211 1:0 54290
53140 344 1:0 55620
53234 71116 1:0 55760
53235 71115 1:0 55771
53244 71085 1:0 55884
53244 71083 1:0 55891
53250 71084 1:0 55892
53254 71082 1:0 55902
54470 72095 21:0 54478
54477 72096 0:0 54478
54477 72097 21:0 54528
54528 72098 0:0 54544
54546 72128 21:0 54554
54553 72129 0:0 54554
54553 72130 21:0 54604
54604 72131 0:0 54620
54622 72161 21:0 54630
54629 72163 0:0 54630
54629 72162 21:0 54680
54680 72164 0:0 54696
54698 72194 21:0 54706
54705 72196 0:0 54706
54705 72195 21:0 54756
54756 72197 0:0 54772
54774 72227 21:0 54782
54781 72228 0:0 54782
54781 72229 21:0 54832
54832 72230 0:0 54848
54850 72260 21:0 54858
54857 72261 0:0 54858
54857 72262 21:0 54908
54908 72263 0:0 54924
54926 72293 21:0 54934
54933 72295 0:0 54934
54933 72294 21:0 54984
54984 72296 0:0 55000
55002 72326 21:0 55010
55009 72328 0:0 55010
55009 72327 21:0 55060
55060 72329 0:0 55076
55078 72359 0:0 55081
55083 72361 21:0 55100
55085 72360 0:0 55086
55100 72362 0:0 55136
55154 72392 21:0 55162
55161 72394 0:0 55162
55161 72393 21:0 55212
55212 72395 0:0 55228
55230 72425 0:0 55233
55235 72427 21:0 55252
55237 72426 0:0 55238
55252 72428 0:0 55288
55306 72458 21:0 55314
55313 72460 0:0 55314
55313 72459 21:0 55364
55364 72461 0:0 55380
55382 72491 0:0 55385
55387 72493 21:0 55404
55389 72492 0:0 55390
55404 72494 0:0 55440
55458 72524 21:0 55466
55632 71052 1:0 56015
55633 71050 1:0 56022
55642 71051 1:0 56023
55642 71049 1:0 56033
55650 71019 1:0 56146
55661 344 21:0 55675
55669 71017 1:0 56153
55763 71018 1:0 56154
55764 71016 1:0 56164
55764 70986 1:0 56277
55773 70984 1:0 56284
55773 70985 1:0 56285
55781 70983 1:0 56295
55800 70953 1:0 56408
55894 70952 1:0 56416
55895 70951 1:0 56415
55904 70950 1:0 56426
55904 70920 1:0 56539
55910 70919 1:0 56547
55914 70918 1:0 56546
55931 70917 1:0 56557
56025 70887 1:0 56670
56026 70886 1:0 56678
56035 70885 1:0 56677
56035 70884 1:0 56688
56041 70854 1:0 56801
56045 70853 1:0 56809
56074 70852 1:0 56808
56156 70851 1:0 56819
56157 70821 1:0 56932
56166 70819 1:0 56939
56166 70820 1:0 56940
56172 70818 1:0 56950
56177 70788 1:0 57063
56205 70786 1:0 57070
56287 70787 1:0 57071
56288 70785 1:0 57081
56297 70755 1:0 57194
56297 70753 1:0 57201
56303 70754 1:0 57202
56308 70752 1:0 57212
56336 70722 1:0 57325
56418 70720 1:0 57332
56419 70721 1:0 57333
56428 70719 1:0 57343
56428 70689 1:0 57456
56434 70688 1:0 57464
56454 70687 1:0 57463
56508 70686 1:0 57474
56549 70656 1:0 57587
56550 70654 1:0 57594
56559 70655 1:0 57595
56559 70653 1:0 57605
56565 345 1:0 58935
56569 72524 1:0 59217
57785 73537 21:0 57793
57792 73538 0:0 57793
57792 73539 21:0 57843
57843 73540 0:0 57859
57861 73570 21:0 57869
57868 73571 0:0 57869
57868 73572 21:0 57919
57919 73573 0:0 57935
57937 73603 21:0 57945
57944 73605 0:0 57945
57944 73604 21:0 57995
57995 73606 0:0 58011
58013 73636 21:0 58021
58020 73637 0:0 58021
58020 73638 21:0 58071
58071 73639 0:0 58087
58089 73669 21:0 58097
58096 73671 0:0 58097
58096 73670 21:0 58147
58147 73672 0:0 58163
58165 73702 21:0 58173
58172 73703 0:0 58173
58172 73704 21:0 58223
58223 73705 0:0 58239
58241 73735 21:0 58249
58248 73736 0:0 58249
58248 73737 21:0 58299
58299 73738 0:0 58315
58317 73768 21:0 58325
58324 73769 0:0 58325
58324 73770 21:0 58375
58375 73771 0:0 58391
58393 73801 0:0 58396
58398 73803 21:0 58415
58400 73802 0:0 58401
58415 73804 0:0 58451
58469 73834 21:0 58477
58476 73835 0:0 58477
58476 73836 21:0 58527
58527 73837 0:0 58543
58545 73867 0:0 58548
58550 73869 21:0 58567
58552 73868 0:0 58553
58567 73870 0:0 58603
58621 73900 21:0 58629
58628 73901 0:0 58629
58628 73902 0:0 58629
58629 73903 21:0 58695
58697 73933 21:0 58705
58704 73934 21:0 58755
58778 73967 21:0 58795
58780 73968 0:0 58781
58849 73999 21:0 58857
58947 72494 1:0 59330
58948 72493 1:0 59338
58957 72492 1:0 59337
58957 72491 1:0 59348
58965 72461 1:0 59461
58976 345 21:0 58990
58984 72459 1:0 59468
59078 72460 1:0 59469
59079 72458 1:0 59479
59079 72428 1:0 59592
59088 72426 1:0 59599
59088 72427 1:0 59600
59096 72425 1:0 59610
59115 72395 1:0 59723
59209 72393 1:0 59730
59210 72394 1:0 59731
59219 72392 1:0 59741
59219 72362 1:0 59854
59225 72361 1:0 59862
59229 72360 1:0 59861
59246 72359 1:0 59872
59340 72329 1:0 59985
59341 72327 1:0 59992
59350 72328 1:0 59993
59350 72326 1:0 60003
59356 72296 1:0 60116
59360 72294 1:0 60123
59389 72295 1:0 60124
59471 72293 1:0 60134
59472 72263 1:0 60247
59481 72261 1:0 60254
59481 72262 1:0 60255
59487 72260 1:0 60265
59492 72230 1:0 60378
59520 72229 1:0 60386
59602 72228 1:0 60385
59603 72227 1:0 60396
59612 72197 1:0 60509
59612 72195 1:0 60516
59618 72196 1:0 60517
59623 72194 1:0 60527
59651 72164 1:0 60640
59733 72162 1:0 60647
59734 72163 1:0 60648
59743 72161 1:0 60658
59743 72131 1:0 60771
59749 72130 1:0 60779
59769 72129 1:0 60778
59823 72128 1:0 60789
59864 72098 1:0 60902
59865 72097 1:0 60910
59874 72096 1:0 60909
59874 72095 1:0 60920
59880 346 1:0 62250
59884 73999 1:0 62401
59901 73967 1:0 62521
59995 73968 1:0 62522
59996 73934 1:0 62652
60005 73933 1:0 62663
61100 74979 21:0 61108
61107 74980 0:0 61108
61107 74981 21:0 61158
61158 74982 0:0 61174
61176 75012 21:0 61184
61183 75013 0:0 61184
61183 75014 21:0 61234
61234 75015 0:0 61250
61252 75045 21:0 61260
61259 75046 0:0 61260
61259 75047 21:0 61310
61310 75048 0:0 61326
61328 75078 21:0 61336
61335 75079 0:0 61336
61335 75080 21:0 61386
61386 75081 0:0 61402
61404 75111 21:0 61412
61411 75112 0:0 61412
61411 75113 21:0 61462
61462 75114 0:0 61478
61480 75144 21:0 61488
61487 75145 0:0 61488
61487 75146 21:0 61538
61538 75147 0:0 61554
61556 75177 21:0 61564
61563 75179 0:0 61564
61563 75178 21:0 61614
61614 75180 0:0 61630
61632 75210 21:0 61640
61639 75211 0:0 61640
61639 75212 21:0 61690
61690 75213 0:0 61706
61708 75243 21:0 61716
61713 75245 0:0 61716
61715 75244 0:0 61716
61716 75246 21:0 61782
61784 75276 0:0 61787
61789 75277 21:0 61806
61791 75278 0:0 61792
61806 75279 0:0 61842
61860 75309 21:0 61868
61867 75311 0:0 61868
61867 75310 21:0 61918
61918 75312 0:0 61934
61936 75342 21:0 61944
61943 75344 0:0 61944
61943 75343 21:0 61994
61994 75345 0:0 62010
62012 75375 21:0 62020
62019 75377 0:0 62020
62019 75376 0:0 62020
62020 75378 21:0 62086
62088 75408 0:0 62091
62093 75410 21:0 62110
62095 75409 0:0 62096
62110 75411 0:0 62146
62164 75441 21:0 62172
62262 73903 1:0 62776
62263 73901 1:0 62783
62272 73902 1:0 62784
62272 73900 1:0 62794
62280 73870 1:0 62907
62291 346 21:0 62305
62299 73869 1:0 62915
62393 73868 1:0 62914
62394 73867 1:0 62925
62394 73837 1:0 63038
62403 73835 1:0 63045
62403 73836 1:0 63046
62411 73834 1:0 63056
62430 73804 1:0 63169
62524 73803 1:0 63177
62525 73802 1:0 63176
62534 73801 1:0 63187
62534 73771 1:0 63300
62540 73770 1:0 63308
62544 73769 1:0 63307
62561 73768 1:0 63318
62655 73738 1:0 63431
62656 73737 1:0 63439
62665 73736 1:0 63438
62665 73735 1:0 63449
62671 73705 1:0 63562
62675 73704 1:0 63570
62704 73703 1:0 63569
62786 73702 1:0 63580
62787 73672 1:0 63693
62796 73670 1:0 63700
62796 73671 1:0 63701
62802 73669 1:0 63711
62807 73639 1:0 63824
62835 73638 1:0 63832
62917 73637 1:0 63831
62918 73636 1:0 63842
62927 73606 1:0 63955
62927 73604 1:0 63962
62933 73605 1:0 63963
62938 73603 1:0 63973
62966 73573 1:0 64086
63048 73572 1:0 64094
63049 73571 1:0 64093
63058 73570 1:0 64104
63058 73540 1:0 64217
63064 73539 1:0 64225
63084 73538 1:0 64224
63138 73537 1:0 64235
63179 347 1:0 65565
63180 75441 1:0 65716
63189 75411 1:0 65829
63189 75410 1:0 65837
63195 75409 1:0 65836
64415 76421 21:0 64423
64422 76423 0:0 64423
64422 76422 21:0 64473
64473 76424 0:0 64489
64491 76454 21:0 64499
64498 76455 0:0 64499
64498 76456 21:0 64549
64549 76457 0:0 64565
64567 76487 21:0 64575
64572 76489 0:0 64575
64572 76488 0:0 64575
64575 76490 21:0 64641
64643 76520 21:0 64651
64650 76521 0:0 64651
64650 76522 21:0 64701
64701 76523 0:0 64717
64719 76553 21:0 64727
64726 76555 0:0 64727
64726 76554 21:0 64777
64777 76556 0:0 64793
64795 76586 0:0 64798
64800 76588 21:0 64817
64802 76587 0:0 64803
64817 76589 0:0 64853
64871 76619 0:0 64874
64876 76620 21:0 64893
64878 76621 0:0 64879
64893 76622 0:0 64929
64947 76652 21:0 64955
64954 76653 0:0 64955
64954 76654 21:0 65005
65005 76655 0:0 65021
65023 76685 0:0 65026
65028 76686 21:0 65045
65030 76687 0:0 65031
65045 76688 0:0 65081
65099 76718 21:0 65107
65106 76719 0:0 65107
65106 76720 21:0 65157
65157 76721 0:0 65173
65175 76751 21:0 65183
65182 76752 0:0 65183
65182 76753 21:0 65233
65233 76754 0:0 65249
65251 76784 21:0 65259
65258 76786 0:0 65259
65258 76785 0:0 65259
65259 76787 21:0 65325
65327 76817 21:0 65335
65334 76818 0:0 65335
65334 76819 21:0 65385
65385 76820 0:0 65401
65577 75408 1:0 65847
65578 75378 1:0 65960
65587 75376 1:0 65967
65587 75377 1:0 65968
65595 75375 1:0 65978
65606 347 21:0 65620
65614 75345 1:0 66091
65708 75343 1:0 66098
65709 75344 1:0 66099
65709 75342 1:0 66109
65718 75312 1:0 66222
65718 75310 1:0 66229
65726 75311 1:0 66230
65745 75309 1:0 66240
65839 75279 1:0 66353
65840 75277 1:0 66360
65849 75278 1:0 66361
65849 75276 1:0 66371
65855 75246 1:0 66484
65859 75244 1:0 66491
65876 75245 1:0 66492
65970 75243 1:0 66502
65971 75213 1:0 66615
65980 75211 1:0 66622
65980 75212 1:0 66623
65986 75210 1:0 66633
65990 75180 1:0 66746
66019 75178 1:0 66753
66101 75179 1:0 66754
66102 75177 1:0 66764
66111 75147 1:0 66877
66111 75146 1:0 66885
66117 75145 1:0 66884
66122 75144 1:0 66895
66150 75114 1:0 67008
66232 75113 1:0 67016
66233 75112 1:0 67015
66242 75111 1:0 67026
66242 75081 1:0 67139
66248 75080 1:0 67147
66253 75079 1:0 67146
66281 75078 1:0 67157
66363 75048 1:0 67270
66364 75047 1:0 67278
66373 75046 1:0 67277
66373 75045 1:0 67288
66379 75015 1:0 67401
66399 75014 1:0 67409
66453 75013 1:0 67408
66494 75012 1:0 67419
66495 74982 1:0 67532
66504 74980 1:0 67539
66504 74981 1:0 67540
66512 74979 1:0 67550
66514 348 1:0 68880
66531 76820 1:0 69275
67730 77863 21:0 67738
67737 77865 0:0 67738
67737 77864 21:0 67788
67788 77866 0:0 67804
67806 77896 21:0 67814
67813 77898 0:0 67814
67813 77897 21:0 67864
67864 77899 0:0 67880
67882 77929 21:0 67890
67889 77931 0:0 67890
67889 77930 21:0 67940
67940 77932 0:0 67956
67958 77962 21:0 67966
67965 77963 0:0 67966
67965 77964 21:0 68016
68016 77965 0:0 68032
68034 77995 21:0 68042
68041 77996 0:0 68042
68041 77997 21:0 68092
68092 77998 0:0 68108
68110 78028 21:0 68118
68117 78030 0:0 68118
68117 78029 21:0 68168
68168 78031 0:0 68184
68186 78061 21:0 68194
68193 78062 0:0 68194
68193 78063 21:0 68244
68244 78064 0:0 68260
68262 78094 21:0 68270
68269 78096 0:0 68270
68269 78095 21:0 68320
68320 78097 0:0 68336
68338 78127 21:0 68346
68345 78128 0:0 68346
68345 78129 21:0 68396
68396 78130 0:0 68412
68414 78160 21:0 68422
68421 78162 0:0 68422
68421 78161 21:0 68472
68472 78163 0:0 68488
68490 78193 0:0 68493
68495 78194 21:0 68512
68497 78195 0:0 68498
68512 78196 0:0 68548
68566 78226 21:0 68574
68573 78228 0:0 68574
68573 78227 21:0 68624
68624 78229 0:0 68640
68647 78260 21:0 68664
68718 78292 21:0 68726
68725 78294 21:0 68776
68794 78325 0:0 68797
68799 78327 21:0 68816
68801 78326 0:0 68802
68892 76819 1:0 69283
68893 76818 1:0 69282
68902 76817 1:0 69293
68902 76787 1:0 69406
68910 76786 1:0 69414
68921 348 21:0 68935
68929 76785 1:0 69413
69023 76784 1:0 69424
69024 76754 1:0 69537
69024 76753 1:0 69545
69033 76752 1:0 69544
69033 76751 1:0 69555
69041 76721 1:0 69668
69060 76720 1:0 69676
69154 76719 1:0 69675
69155 76718 1:0 69686
69164 76688 1:0 69799
69164 76686 1:0 69806
69170 76687 1:0 69807
69174 76685 1:0 69817
69191 76655 1:0 69930
69285 76654 1:0 69938
69286 76653 1:0 69937
69295 76652 1:0 69948
69295 76622 1:0 70061
69301 76620 1:0 70068
69305 76621 1:0 70069
69334 76619 1:0 70079
69416 76589 1:0 70192
69417 76588 1:0 70200
69426 76587 1:0 70199
69426 76586 1:0 70210
69432 76556 1:0 70323
69437 76554 1:0 70330
69465 76555 1:0 70331
69547 76553 1:0 70341
69548 76523 1:0 70454
69557 76521 1:0 70461
69557 76522 1:0 70462
69563 76520 1:0 70472
69568 76490 1:0 70585
69596 76488 1:0 70592
69678 76489 1:0 70593
69679 76487 1:0 70603
69688 76457 1:0 70716
69688 76456 1:0 70724
69694 76455 1:0 70723
69714 76454 1:0 70734
69768 76424 1:0 70847
69809 76422 1:0 70854
69810 76423 1:0 70855
69819 76421 1:0 70865
69819 349 1:0 72195
69825 78327 1:0 72336
71045 79305 21:0 71053
71052 79307 0:0 71053
71052 79306 21:0 71103
71103 79308 0:0 71119
71121 79338 21:0 71129
71128 79339 0:0 71129
71128 79340 21:0 71179
71179 79341 0:0 71195
71197 79371 21:0 71205
71204 79373 0:0 71205
71204 79372 21:0 71255
71255 79374 0:0 71271
71273 79404 21:0 71281
71280 79406 0:0 71281
71280 79405 21:0 71331
71331 79407 0:0 71347
71349 79437 21:0 71357
71356 79438 0:0 71357
71356 79439 21:0 71407
71407 79440 0:0 71423
71425 79470 21:0 71433
71432 79471 0:0 71433
71432 79472 21:0 71483
71483 79473 0:0 71499
71501 79503 21:0 71509
71508 79504 0:0 71509
71508 79505 21:0 71559
71559 79506 0:0 71575
71577 79536 21:0 71585
71584 79538 0:0 71585
71584 79537 21:0 71635
71635 79539 0:0 71651
71653 79569 21:0 71661
71658 79570 0:0 71661
71660 79571 0:0 71661
71661 79572 21:0 71727
71729 79602 21:0 71737
71736 79603 0:0 71737
71736 79604 21:0 71787
71787 79605 0:0 71803
71805 79635 0:0 71808
71810 79636 21:0 71827
71812 79637 0:0 71813
71827 79638 0:0 71863
71881 79668 21:0 71889
71888 79670 0:0 71889
71888 79669 21:0 71939
71957 79701 21:0 71965
71964 79703 21:0 72015
72015 79704 0:0 72031
72033 79734 0:0 72036
72038 79736 21:0 72055
72207 78326 1:0 72335
72208 78325 1:0 72346
72217 78294 1:0 72467
72217 78292 1:0 72477
72225 78260 1:0 72597
72236 349 21:0 72250
72244 78229 1:0 72721
72338 78227 1:0 72728
72339 78228 1:0 72729
72339 78226 1:0 72739
72348 78196 1:0 72852
72348 78194 1:0 72859
72356 78195 1:0 72860
72375 78193 1:0 72870
72469 78163 1:0 72983
72470 78161 1:0 72990
72479 78162 1:0 72991
72479 78160 1:0 73001
72485 78130 1:0 73114
72489 78129 1:0 73122
72506 78128 1:0 73121
72600 78127 1:0 73132
72601 78097 1:0 73245
72610 78095 1:0 73252
72610 78096 1:0 73253
72616 78094 1:0 73263
72620 78064 1:0 73376
72649 78063 1:0 73384
72731 78062 1:0 73383
72732 78061 1:0 73394
72741 78031 1:0 73507
72741 78029 1:0 73514
72747 78030 1:0 73515
72752 78028 1:0 73525
72780 77998 1:0 73638
72862 77997 1:0 73646
72863 77996 1:0 73645
72872 77995 1:0 73656
72872 77965 1:0 73769
72878 77964 1:0 73777
72883 77963 1:0 73776
72911 77962 1:0 73787
72993 77932 1:0 73900
72994 77930 1:0 73907
73003 77931 1:0 73908
73003 77929 1:0 73918
73009 77899 1:0 74031
73029 77897 1:0 74038
73083 77898 1:0 74039
73124 77896 1:0 74049
73125 77866 1:0 74162
73134 77864 1:0 74169
73134 77865 1:0 74170
73142 77863 1:0 74180
73144 350 1:0 75510
74360 80747 21:0 74368
74367 80748 0:0 74368
74367 80749 21:0 74418
74418 80750 0:0 74434
74436 80780 21:0 74444
74443 80781 0:0 74444
74443 80782 21:0 74494
74494 80783 0:0 74510
74512 80813 21:0 74520
74519 80815 0:0 74520
74519 80814 0:0 74520
74520 80816 21:0 74586
74588 80846 21:0 74596
74595 80848 0:0 74596
74595 80847 21:0 74646
74646 80849 0:0 74662
74664 80879 21:0 74672
74671 80880 0:0 74672
74671 80881 21:0 74722
74722 80882 0:0 74738
74740 80912 21:0 74748
74747 80914 0:0 74748
74747 80913 21:0 74798
74798 80915 0:0 74814
74816 80945 0:0 74819
74821 80947 21:0 74838
74823 80946 0:0 74824
74838 80948 0:0 74874
74892 80978 21:0 74900
74899 80979 0:0 74900
74899 80980 21:0 74950
74950 80981 0:0 74966
74968 81011 0:0 74971
74973 81013 21:0 74990
74975 81012 0:0 74976
74990 81014 0:0 75026
75044 81044 21:0 75052
75051 81045 0:0 75052
75051 81046 0:0 75052
75052 81047 21:0 75118
75120 81077 21:0 75128
75127 81079 0:0 75128
75127 81078 21:0 75178
75178 81080 0:0 75194
75196 81110 21:0 75204
75203 81111 0:0 75204
75203 81112 21:0 75254
75254 81113 0:0 75270
75272 81143 21:0 75280
75279 81144 0:0 75280
75279 81145 0:0 75280
75280 81146 21:0 75346
75500 81242 21:0 75508
75522 79736 1:0 75782
75523 79734 1:0 75792
75532 79704 1:0 75905
75532 79703 1:0 75913
75540 79701 1:0 75923
75551 350 21:0 75565
75559 79669 1:0 76043
75653 79670 1:0 76044
75654 79668 1:0 76054
75654 79638 1:0 76167
75663 79636 1:0 76174
75663 79637 1:0 76175
75671 79635 1:0 76185
75690 79605 1:0 76298
75784 79604 1:0 76306
75785 79603 1:0 76305
75794 79602 1:0 76316
75794 79572 1:0 76429
75800 79570 1:0 76436
75804 79571 1:0 76437
75821 79569 1:0 76447
75915 79539 1:0 76560
75916 79537 1:0 76567
75925 79538 1:0 76568
75925 79536 1:0 76578
75931 79506 1:0 76691
75935 79505 1:0 76699
75964 79504 1:0 76698
76046 79503 1:0 76709
76047 79473 1:0 76822
76056 79471 1:0 76829
76056 79472 1:0 76830
76062 79470 1:0 76840
76067 79440 1:0 76953
76095 79439 1:0 76961
76177 79438 1:0 76960
76178 79437 1:0 76971
76187 79407 1:0 77084
76187 79405 1:0 77091
76193 79406 1:0 77092
76198 79404 1:0 77102
76226 79374 1:0 77215
76308 79372 1:0 77222
76309 79373 1:0 77223
76318 79371 1:0 77233
76318 79341 1:0 77346
76324 79340 1:0 77354
76344 79339 1:0 77353
76398 79338 1:0 77364
76439 79308 1:0 77477
76440 79306 1:0 77484
76449 79307 1:0 77485
76449 79305 1:0 77495
76455 351 1:0 78825
76459 81242 1:0 78845
77675 82189 21:0 77683
77682 82190 0:0 77683
77682 82191 21:0 77733
77733 82192 0:0 77749
77751 82222 21:0 77759
77758 82223 0:0 77759
77758 82224 21:0 77809
77809 82225 0:0 77825
77827 82255 21:0 77835
77834 82256 0:0 77835
77834 82257 21:0 77885
77885 82258 0:0 77901
77903 82288 21:0 77911
77910 82289 0:0 77911
77910 82290 21:0 77961
77961 82291 0:0 77977
77979 82321 21:0 77987
77986 82322 0:0 77987
77986 82323 21:0 78037
78037 82324 0:0 78053
78055 82354 21:0 78063
78062 82356 0:0 78063
78062 82355 21:0 78113
78113 82357 0:0 78129
78131 82387 21:0 78139
78138 82388 0:0 78139
78138 82389 21:0 78189
78189 82390 0:0 78205
78207 82420 21:0 78215
78214 82421 0:0 78215
78214 82422 21:0 78265
78265 82423 0:0 78281
78283 82453 21:0 78291
78290 82454 0:0 78291
78290 82455 0:0 78291
78291 82456 21:0 78357
78359 82486 0:0 78362
78364 82487 21:0 78381
78366 82488 0:0 78367
78381 82489 0:0 78417
78435 82519 21:0 78443
78440 82521 0:0 78443
78440 82520 0:0 78443
78443 82522 21:0 78509
78511 82552 21:0 78519
78518 82553 0:0 78519
78518 82554 21:0 78569
78569 82555 0:0 78585
78587 82585 21:0 78595
78594 82586 0:0 78595
78594 82587 21:0 78645
78645 82588 0:0 78661
78663 82618 21:0 78671
78837 81146 1:0 79220
78838 81144 1:0 79227
78847 81145 1:0 79228
78847 81143 1:0 79238
78855 81113 1:0 79351
78866 351 21:0 78880
78874 81112 1:0 79359
78968 81111 1:0 79358
78969 81110 1:0 79369
78969 81080 1:0 79482
78978 81078 1:0 79489
78978 81079 1:0 79490
78986 81077 1:0 79500
79005 81047 1:0 79613
79099 81045 1:0 79620
79100 81046 1:0 79621
79109 81044 1:0 79631
79109 81014 1:0 79744
79115 81013 1:0 79752
79119 81012 1:0 79751
79136 81011 1:0 79762
79230 80981 1:0 79875
79231 80980 1:0 79883
79240 80979 1:0 79882
79240 80978 1:0 79893
79246 80948 1:0 80006
79250 80947 1:0 80014
79279 80946 1:0 80013
79361 80945 1:0 80024
79362 80915 1:0 80137
79371 80913 1:0 80144
79371 80914 1:0 80145
79377 80912 1:0 80155
79382 80882 1:0 80268
79410 80881 1:0 80276
79492 80880 1:0 80275
79493 80879 1:0 80286
79502 80849 1:0 80399
79502 80847 1:0 80406
79508 80848 1:0 80407
79513 80846 1:0 80417
79541 80816 1:0 80530
79623 80815 1:0 80538
79624 80814 1:0 80537
79633 80813 1:0 80548
79633 80783 1:0 80661
79639 80782 1:0 80669
79659 80781 1:0 80668
79713 80780 1:0 80679
79754 80750 1:0 80792
79755 80749 1:0 80800
79764 80748 1:0 80799
79764 80747 1:0 80810
79770 352 1:0 82140
79774 82618 1:0 82422
79791 82588 1:0 82535
79885 82587 1:0 82543
79886 82586 1:0 82542
80990 83631 21:0 80998
80997 83633 0:0 80998
80997 83632 21:0 81048
81048 83634 0:0 81064
81066 83664 21:0 81074
81073 83665 0:0 81074
81073 83666 21:0 81124
81124 83667 0:0 81140
81142 83697 21:0 81150
81149 83699 0:0 81150
81149 83698 0:0 81150
81150 83700 21:0 81216
81218 83730 21:0 81226
81225 83732 0:0 81226
81225 83731 21:0 81276
81276 83733 0:0 81292
81294 83763 21:0 81302
81301 83764 0:0 81302
81301 83765 21:0 81352
81352 83766 0:0 81368
81370 83796 21:0 81378
81377 83797 0:0 81378
81377 83798 21:0 81428
81428 83799 0:0 81444
81446 83829 21:0 81454
81453 83831 0:0 81454
81453 83830 21:0 81504
81504 83832 0:0 81520
81522 83862 21:0 81530
81529 83863 0:0 81530
81529 83864 21:0 81580
81580 83865 0:0 81596
81598 83895 21:0 81606
81603 83896 0:0 81606
81603 83897 0:0 81606
81606 83898 21:0 81672
81674 83928 21:0 81682
81681 83930 0:0 81682
81681 83929 21:0 81732
81732 83931 0:0 81748
81750 83961 0:0 81753
81755 83962 21:0 81772
81757 83963 0:0 81758
81772 83964 0:0 81808
81826 83994 21:0 81834
81833 83995 0:0 81834
81833 83996 0:0 81834
81834 83997 21:0 81900
81902 84027 21:0 81910
81909 84029 0:0 81910
81909 84028 0:0 81910
81910 84030 21:0 81976
81978 84060 0:0 81981
81983 84061 21:0 82000
81985 84062 0:0 81986
82000 84063 0:0 82036
82152 82585 1:0 82553
82153 82555 1:0 82666
82162 82553 1:0 82673
82162 82554 1:0 82674
82170 82552 1:0 82684
82181 352 21:0 82195
82189 82522 1:0 82797
82283 82521 1:0 82805
82284 82520 1:0 82804
82284 82519 1:0 82815
82293 82489 1:0 82928
82293 82487 1:0 82935
82301 82488 1:0 82936
82320 82486 1:0 82946
82414 82456 1:0 83059
82415 82454 1:0 83066
82424 82455 1:0 83067
82424 82453 1:0 83077
82430 82423 1:0 83190
82434 82422 1:0 83198
82451 82421 1:0 83197
82545 82420 1:0 83208
82546 82390 1:0 83321
82555 82388 1:0 83328
82555 82389 1:0 83329
82561 82387 1:0 83339
82565 82357 1:0 83452
82594 82355 1:0 83459
82676 82356 1:0 83460
82677 82354 1:0 83470
82686 82324 1:0 83583
82686 82323 1:0 83591
82692 82322 1:0 83590
82697 82321 1:0 83601
82725 82291 1:0 83714
82807 82290 1:0 83722
82808 82289 1:0 83721
82817 82288 1:0 83732
82817 82258 1:0 83845
82823 82257 1:0 83853
82828 82256 1:0 83852
82856 82255 1:0 83863
82938 82225 1:0 83976
82939 82224 1:0 83984
82948 82223 1:0 83983
82948 82222 1:0 83994
82954 82192 1:0 84107
82974 82191 1:0 84115
83028 82190 1:0 84114
83069 82189 1:0 84125
83070 353 1:0 85455
83079 84063 1:0 85719
83079 84061 1:0 85726
83085 84062 1:0 85727
83089 84060 1:0 85737
83106 84030 1:0 85850
83200 84028 1:0 85857
84305 85073 21:0 84313
84312 85075 0:0 84313
84312 85074 21:0 84363
84363 85076 0:0 84379
84381 85106 21:0 84389
84388 85108 0:0 84389
84388 85107 21:0 84439
84439 85109 0:0 84455
84457 85139 21:0 84465
84464 85141 0:0 84465
84464 85140 21:0 84515
84515 85142 0:0 84531
84533 85172 21:0 84541
84540 85173 0:0 84541
84540 85174 0:0 84541
84541 85175 21:0 84607
84609 85205 21:0 84617
84616 85207 0:0 84617
84616 85206 21:0 84667
84667 85208 0:0 84683
84685 85238 21:0 84693
84692 85240 0:0 84693
84692 85239 21:0 84743
84743 85241 0:0 84759
84761 85271 21:0 84769
84768 85273 0:0 84769
84768 85272 21:0 84819
84819 85274 0:0 84835
84837 85304 21:0 84845
84844 85306 0:0 84845
84844 85305 21:0 84895
84895 85307 0:0 84911
84913 85337 0:0 84916
84918 85338 21:0 84935
84920 85339 0:0 84921
84935 85340 0:0 84971
84989 85370 21:0 84997
84996 85372 0:0 84997
84996 85371 21:0 85047
85047 85373 0:0 85063
85065 85403 21:0 85073
85072 85404 0:0 85073
85072 85405 0:0 85073
85073 85406 21:0 85139
85141 85436 0:0 85144
85146 85438 21:0 85163
85148 85437 0:0 85149
85163 85439 0:0 85199
85217 85469 21:0 85225
85224 85471 21:0 85275
85293 85502 21:0 85301
85298 85504 0:0 85301
85301 85505 21:0 85367
85369 85535 0:0 85372
85374 85536 21:0 85391
85467 84029 1:0 85858
85468 84027 1:0 85868
85477 83997 1:0 85981
85477 83996 1:0 85989
85485 83995 1:0 85988
85496 353 21:0 85510
85504 83994 1:0 85999
85598 83964 1:0 86112
85599 83962 1:0 86119
85599 83963 1:0 86120
85608 83961 1:0 86130
85608 83931 1:0 86243
85616 83929 1:0 86250
85635 83930 1:0 86251
85729 83928 1:0 86261
85730 83898 1:0 86374
85739 83896 1:0 86381
85739 83897 1:0 86382
85745 83895 1:0 86392
85749 83865 1:0 86505
85766 83864 1:0 86513
85860 83863 1:0 86512
85861 83862 1:0 86523
85870 83832 1:0 86636
85870 83830 1:0 86643
85876 83831 1:0 86644
85880 83829 1:0 86654
85909 83799 1:0 86767
85991 83798 1:0 86775
85992 83797 1:0 86774
86001 83796 1:0 86785
86001 83766 1:0 86898
86007 83765 1:0 86906
86012 83764 1:0 86905
86040 83763 1:0 86916
86122 83733 1:0 87029
86123 83731 1:0 87036
86132 83732 1:0 87037
86132 83730 1:0 87047
86138 83700 1:0 87160
86143 83699 1:0 87168
86171 83698 1:0 87167
86253 83697 1:0 87178
86254 83667 1:0 87291
86263 83665 1:0 87298
86263 83666 1:0 87299
86269 83664 1:0 87309
86289 83634 1:0 87422
86343 83632 1:0 87429
86384 83633 1:0 87430
86385 83631 1:0 87440
86394 85536 1:0 88910
86394 354 1:0 88770
87620 86515 21:0 87628
87627 86516 0:0 87628
87627 86517 21:0 87678
87678 86518 0:0 87694
87696 86548 21:0 87704
87703 86550 0:0 87704
87703 86549 21:0 87754
87754 86551 0:0 87770
87772 86581 21:0 87780
87779 86582 0:0 87780
87779 86583 21:0 87830
87830 86584 0:0 87846
87848 86614 21:0 87856
87855 86616 0:0 87856
87855 86615 21:0 87906
87906 86617 0:0 87922
87924 86647 21:0 87932
87931 86649 0:0 87932
87931 86648 21:0 87982
87982 86650 0:0 87998
88000 86680 21:0 88008
88007 86681 0:0 88008
88007 86682 21:0 88058
88058 86683 0:0 88074
88076 86713 21:0 88084
88083 86714 0:0 88084
88083 86715 21:0 88134
88134 86716 0:0 88150
88152 86746 21:0 88160
88159 86748 0:0 88160
88159 86747 0:0 88160
88160 86749 21:0 88226
88228 86779 0:0 88231
88233 86781 21:0 88250
88235 86780 0:0 88236
88250 86782 0:0 88286
88304 86812 21:0 88312
88309 86813 0:0 88312
88311 86814 0:0 88312
88312 86815 21:0 88378
88380 86845 0:0 88383
88385 86847 21:0 88402
88387 86846 0:0 88388
88402 86848 0:0 88438
88456 86878 0:0 88459
88461 86879 21:0 88478
88463 86880 0:0 88464
88478 86881 0:0 88514
88532 86911 0:0 88535
88537 86912 21:0 88554
88539 86913 0:0 88540
88782 85535 1:0 88921
88783 85505 1:0 89034
88792 85504 1:0 89042
88792 85502 1:0 89052
88800 85471 1:0 89173
88811 354 21:0 88825
88819 85469 1:0 89183
88913 85439 1:0 89296
88914 85437 1:0 89303
88914 85438 1:0 89304
88923 85436 1:0 89314
88923 85406 1:0 89427
88931 85404 1:0 89434
88950 85405 1:0 89435
89044 85403 1:0 89445
89045 85373 1:0 89558
89054 85371 1:0 89565
89054 85372 1:0 89566
89060 85370 1:0 89576
89064 85340 1:0 89689
89081 85338 1:0 89696
89175 85339 1:0 89697
89176 85337 1:0 89707
89185 85307 1:0 89820
89185 85305 1:0 89827
89191 85306 1:0 89828
89195 85304 1:0 89838
89224 85274 1:0 89951
89306 85272 1:0 89958
89307 85273 1:0 89959
89316 85271 1:0 89969
89316 85241 1:0 90082
89322 85239 1:0 90089
89327 85240 1:0 90090
89355 85238 1:0 90100
89437 85208 1:0 90213
89438 85206 1:0 90220
89447 85207 1:0 90221
89447 85205 1:0 90231
89453 85175 1:0 90344
89458 85173 1:0 90351
89486 85174 1:0 90352
89568 85172 1:0 90362
89569 85142 1:0 90475
89578 85140 1:0 90482
89578 85141 1:0 90483
89584 85139 1:0 90493
89604 85109 1:0 90606
89658 85107 1:0 90613
89699 85108 1:0 90614
89700 85106 1:0 90624
89709 85076 1:0 90737
89709 85074 1:0 90744
89717 85075 1:0 90745
89735 85073 1:0 90755
89736 355 1:0 92085
89830 86912 1:0 92487
89831 86913 1:0 92488
90935 87957 21:0 90943
90942 87959 0:0 90943
90942 87958 21:0 90993
90993 87960 0:0 91009
91011 87990 21:0 91019
91018 87991 0:0 91019
91018 87992 21:0 91069
91069 87993 0:0 91085
91087 88023 21:0 91095
91094 88024 0:0 91095
91094 88025 0:0 91095
91095 88026 21:0 91161
91163 88056 21:0 91171
91170 88058 0:0 91171
91170 88057 21:0 91221
91221 88059 0:0 91237
91239 88089 21:0 91247
91246 88090 0:0 91247
91246 88091 21:0 91297
91297 88092 0:0 91313
91315 88122 21:0 91323
91322 88123 0:0 91323
91322 88124 0:0 91323
91323 88125 21:0 91389
91391 88155 21:0 91399
91398 88156 0:0 91399
91398 88157 21:0 91449
91449 88158 0:0 91465
91467 88188 21:0 91475
91474 88189 0:0 91475
91474 88190 0:0 91475
91475 88191 21:0 91541
91543 88221 0:0 91546
91548 88223 21:0 91565
91550 88222 0:0 91551
91565 88224 0:0 91601
91619 88254 0:0 91622
91624 88255 21:0 91641
91626 88256 0:0 91627
91641 88257 0:0 91677
91695 88287 21:0 91703
91702 88288 0:0 91703
91702 88289 21:0 91753
91753 88290 0:0 91769
91771 88320 21:0 91779
91776 88321 0:0 91779
91776 88322 0:0 91779
91779 88323 21:0 91845
91847 88353 21:0 91855
91854 88354 0:0 91855
91854 88355 21:0 91905
91905 88356 0:0 91921
91923 88386 21:0 91931
91930 88387 0:0 91931
91930 88388 0:0 91931
91931 88389 21:0 91997
92097 86911 1:0 92498
92098 86881 1:0 92611
92107 86879 1:0 92618
92107 86880 1:0 92619
92115 86878 1:0 92629
92126 355 21:0 92140
92134 86848 1:0 92742
92228 86847 1:0 92750
92229 86846 1:0 92749
92229 86845 1:0 92760
92238 86815 1:0 92873
92238 86814 1:0 92881
92246 86813 1:0 92880
92265 86812 1:0 92891
92359 86782 1:0 93004
92360 86781 1:0 93012
92369 86780 1:0 93011
92369 86779 1:0 93022
92375 86749 1:0 93135
92379 86748 1:0 93143
92396 86747 1:0 93142
92490 86746 1:0 93153
92491 86716 1:0 93266
92500 86714 1:0 93273
92500 86715 1:0 93274
92506 86713 1:0 93284
92510 86683 1:0 93397
92539 86682 1:0 93405
92621 86681 1:0 93404
92622 86680 1:0 93415
92631 86650 1:0 93528
92631 86648 1:0 93535
92637 86649 1:0 93536
92642 86647 1:0 93546
92670 86617 1:0 93659
92752 86615 1:0 93666
92753 86616 1:0 93667
92762 86614 1:0 93677
92762 86584 1:0 93790
92768 86583 1:0 93798
92773 86582 1:0 93797
92801 86581 1:0 93808
92883 86551 1:0 93921
92884 86549 1:0 93928
92893 86550 1:0 93929
92893 86548 1:0 93939
92899 86518 1:0 94052
92919 86517 1:0 94060
92973 86516 1:0 94059
93014 86515 1:0 94070
93015 356 1:0 95400
93024 88389 1:0 95664
94250 89399 21:0 94258
94257 89401 0:0 94258
94257 89400 21:0 94308
94308 89402 0:0 94324
94326 89432 21:0 94334
94333 89433 0:0 94334
94333 89434 21:0 94384
94384 89435 0:0 94400
94402 89465 21:0 94410
94409 89466 0:0 94410
94409 89467 21:0 94460
94460 89468 0:0 94476
94478 89498 21:0 94486
94485 89500 0:0 94486
94485 89499 21:0 94536
94536 89501 0:0 94552
94554 89531 21:0 94562
94561 89533 0:0 94562
94561 89532 21:0 94612
94612 89534 0:0 94628
94630 89564 21:0 94638
94637 89565 0:0 94638
94637 89566 21:0 94688
94688 89567 0:0 94704
94706 89597 21:0 94714
94713 89599 0:0 94714
94713 89598 21:0 94764
94764 89600 0:0 94780
94782 89630 21:0 94790
94789 89631 0:0 94790
94789 89632 21:0 94840
94840 89633 0:0 94856
94858 89663 0:0 94861
94863 89664 21:0 94880
94865 89665 0:0 94866
94880 89666 0:0 94916
94934 89696 0:0 94937
94939 89697 21:0 94956
94941 89698 0:0 94942
94956 89699 0:0 94992
95010 89729 21:0 95018
95017 89731 21:0 95068
95086 89762 0:0 95089
95091 89763 21:0 95108
95093 89764 0:0 95094
95108 89765 0:0 95144
95162 89795 0:0 95165
95167 89797 21:0 95184
95184 89798 0:0 95220
95238 89828 21:0 95246
95412 88387 1:0 95671
95413 88388 1:0 95672
95422 88386 1:0 95682
95422 88356 1:0 95795
95430 88355 1:0 95803
95441 356 21:0 95455
95449 88354 1:0 95802
95543 88353 1:0 95813
95544 88323 1:0 95926
95544 88321 1:0 95933
95553 88322 1:0 95934
95553 88320 1:0 95944
95561 88290 1:0 96057
95580 88289 1:0 96065
95674 88288 1:0 96064
95675 88287 1:0 96075
95684 88257 1:0 96188
95684 88255 1:0 96195
95690 88256 1:0 96196
95694 88254 1:0 96206
95711 88224 1:0 96319
95805 88223 1:0 96327
95806 88222 1:0 96326
95815 88221 1:0 96337
95815 88191 1:0 96450
95821 88189 1:0 96457
95825 88190 1:0 96458
95854 88188 1:0 96468
95936 88158 1:0 96581
95937 88157 1:0 96589
95946 88156 1:0 96588
95946 88155 1:0 96599
95952 88125 1:0 96712
95957 88124 1:0 96720
95985 88123 1:0 96719
96067 88122 1:0 96730
96068 88092 1:0 96843
96077 88090 1:0 96850
96077 88091 1:0 96851
96083 88089 1:0 96861
96088 88059 1:0 96974
96116 88057 1:0 96981
96198 88058 1:0 96982
96199 88056 1:0 96992
96208 88026 1:0 97105
96208 88024 1:0 97112
96214 88025 1:0 97113
96234 88023 1:0 97123
96288 87993 1:0 97236
96329 87992 1:0 97244
96330 87991 1:0 97243
96339 87990 1:0 97254
96339 87960 1:0 97367
96347 87958 1:0 97374
96365 87959 1:0 97375
96366 357 1:0 98715
96460 87957 1:0 97385
97565 90841 21:0 97573
97572 90843 0:0 97573
97572 90842 21:0 97623
97623 90844 0:0 97639
97641 90874 21:0 97649
97648 90876 0:0 97649
97648 90875 21:0 97699
97699 90877 0:0 97715
97717 90907 21:0 97725
97724 90908 0:0 97725
97724 90909 21:0 97775
97775 90910 0:0 97791
97793 90940 21:0 97801
97800 90941 0:0 97801
97800 90942 21:0 97851
97851 90943 0:0 97867
97869 90973 21:0 97877
97876 90974 0:0 97877
97876 90975 21:0 97927
97927 90976 0:0 97943
97945 91006 21:0 97953
97952 91007 0:0 97953
97952 91008 21:0 98003
98003 91009 0:0 98019
98021 91039 21:0 98029
98028 91040 0:0 98029
98028 91041 21:0 98079
98079 91042 0:0 98095
98097 91072 21:0 98105
98104 91073 0:0 98105
98104 91074 21:0 98155
98155 91075 0:0 98171
98173 91105 21:0 98181
98180 91107 0:0 98181
98180 91106 21:0 98231
98231 91108 0:0 98247
98249 91138 21:0 98257
98256 91140 0:0 98257
98256 91139 21:0 98307
98307 91141 0:0 98323
98325 91171 21:0 98333
98332 91172 0:0 98333
98332 91173 21:0 98383
98383 91174 0:0 98399
98401 91204 21:0 98409
98408 91205 0:0 98409
98408 91206 21:0 98459
98459 91207 0:0 98475
98477 91237 21:0 98485
98484 91239 0:0 98485
98484 91238 21:0 98535
98535 91240 0:0 98551
98553 91270 21:0 98561
98560 91271 0:0 98561
98560 91272 21:0 98611
98727 89828 1:0 98997
98728 89798 1:0 99110
98737 89797 1:0 99118
98737 89795 1:0 99128
98745 89765 1:0 99241
98756 357 21:0 98770
98764 89763 1:0 99248
98858 89764 1:0 99249
98859 89762 1:0 99259
98859 89731 1:0 99380
98868 89729 1:0 99390
98868 89699 1:0 99503
98876 89697 1:0 99510
98895 89698 1:0 99511
98989 89696 1:0 99521
98990 89666 1:0 99634
98999 89664 1:0 99641
98999 89665 1:0 99642
99005 89663 1:0 99652
99009 89633 1:0 99765
99026 89632 1:0 99773
99120 89631 1:0 99772
99121 89630 1:0 99783
99130 89600 1:0 99896
99130 89598 1:0 99903
99136 89599 1:0 99904
99140 89597 1:0 99914
99169 89567 1:0 100027
99251 89566 1:0 100035
99252 89565 1:0 100034
99261 89564 1:0 100045
99261 89534 1:0 100158
99267 89532 1:0 100165
99272 89533 1:0 100166
99300 89531 1:0 100176
99382 89501 1:0 100289
99383 89499 1:0 100296
99392 89500 1:0 100297
99392 89498 1:0 100307
99398 89468 1:0 100420
99403 89467 1:0 100428
99431 89466 1:0 100427
99513 89465 1:0 100438
99514 89435 1:0 100551
99523 89433 1:0 100558
99523 89434 1:0 100559
99529 89432 1:0 100569
99549 89402 1:0 100682
99603 89400 1:0 100689
99644 89401 1:0 100690
99645 89399 1:0 100700
99654 91272 1:0 102302
99654 358 1:0 102030
100880 92283 21:0 100888
100885 92284 0:0 100888
100885 92285 0:0 100888
100888 92286 21:0 100954
100956 92316 0:0 100959
100961 92318 21:0 100978
100963 92317 0:0 100964
100978 92319 0:0 101014
101032 92349 21:0 101040
101037 92351 0:0 101040
101037 92350 0:0 101040
101040 92352 21:0 101106
101108 92382 0:0 101111
101113 92383 21:0 101130
101115 92384 0:0 101116
101130 92385 0:0 101166
101184 92415 0:0 101187
101189 92417 21:0 101206
101191 92416 0:0 101192
101206 92418 0:0 101242
101260 92448 21:0 101268
101267 92449 0:0 101268
101267 92450 21:0 101318
101318 92451 0:0 101334
101336 92481 21:0 101344
101343 92482 0:0 101344
101343 92483 21:0 101394
101394 92484 0:0 101410
101412 92514 21:0 101420
101419 92516 0:0 101420
101419 92515 21:0 101470
101470 92517 0:0 101486
101488 92547 21:0 101496
101495 92549 0:0 101496
101495 92548 0:0 101496
101496 92550 21:0 101562
101564 92580 0:0 101567
101569 92582 21:0 101586
101571 92581 0:0 101572
101586 92583 0:0 101622
101640 92613 0:0 101643
101645 92614 21:0 101662
101647 92615 0:0 101648
101662 92616 0:0 101698
101721 92647 21:0 101738
101723 92648 0:0 101724
101738 92649 0:0 101774
101792 92679 0:0 101795
101797 92681 21:0 101814
101799 92680 0:0 101800
101814 92682 0:0 101850
102042 91271 1:0 102301
102043 91270 1:0 102312
102052 91240 1:0 102425
102052 91238 1:0 102432
102060 91239 1:0 102433
102071 358 21:0 102085
102079 91237 1:0 102443
102173 91207 1:0 102556
102174 91205 1:0 102563
102174 91206 1:0 102564
102183 91204 1:0 102574
102183 91174 1:0 102687
102191 91173 1:0 102695
102210 91172 1:0 102694
102304 91171 1:0 102705
102305 91141 1:0 102818
102314 91139 1:0 102825
102314 91140 1:0 102826
102320 91138 1:0 102836
102324 91108 1:0 102949
102341 91106 1:0 102956
102435 91107 1:0 102957
102436 91105 1:0 102967
102445 91075 1:0 103080
102445 91074 1:0 103088
102451 91073 1:0 103087
102455 91072 1:0 103098
102484 91042 1:0 103211
102566 91041 1:0 103219
102567 91040 1:0 103218
102576 91039 1:0 103229
102576 91009 1:0 103342
102582 91008 1:0 103350
102587 91007 1:0 103349
102615 91006 1:0 103360
102697 90976 1:0 103473
102698 90975 1:0 103481
102707 90974 1:0 103480
102707 90973 1:0 103491
102713 90943 1:0 103604
102718 90942 1:0 103612
102746 90941 1:0 103611
102828 90940 1:0 103622
102829 90910 1:0 103735
102838 90908 1:0 103742
102838 90909 1:0 103743
102844 90907 1:0 103753
102864 90877 1:0 103866
102918 90875 1:0 103873
102959 90876 1:0 103874
102960 90874 1:0 103884
102969 90844 1:0 103997
102969 90842 1:0 104004
102977 90843 1:0 104005
102995 90841 1:0 104015
102996 359 1:0 104128
103008 46031 1:0 104240
103090 46019 1:0 104240
103090 46024 1:0 104241
103090 46030 1:0 104241
103091 46029 1:0 104241
103091 46028 1:0 104241
103091 46026 1:0 104241
103100 46027 1:0 104241
103100 46018 1:0 104241
103100 46022 1:0 104241
103100 46021 1:0 104241
103100 46025 1:0 104292
103100 46177 1:0 104460
103100 46178 1:0 104460
103100 46166 1:0 104461
103106 46167 1:0 104460
103106 46171 1:0 104460
103106 46165 1:0 104460
103106 46168 1:0 104460
103106 46172 1:0 104513
103108 46173 1:0 104460
103111 46175 1:0 104460
103127 46174 1:0 104460
103139 46176 1:0 104460
103221 92682 1:0 104606
103222 92681 1:0 104677
103231 46322 1:0 104677
103231 46320 1:0 104677
103231 46325 1:0 104678
103231 46323 1:0 104678
103237 46321 1:0 104678
103237 46324 1:0 104763
103239 46313 1:0 104678
103239 46318 1:0 104679
103241 46319 1:0 104678
103241 46312 1:0 104679
103242 46459 1:0 104899
103270 92680 1:0 104800
103352 92679 1:0 104811
103353 92647 1:0 104895
103353 46468 1:0 104895
103362 46467 1:0 104895
103362 46460 1:0 104899
103362 46469 1:0 104974
103362 46470 1:0 104975
103368 92649 1:0 105013
103370 46465 1:0 104954
103370 46466 1:0 104955
103373 46471 1:0 104984
103388 46612 1:0 105121
103389 46472 1:0 104985
103401 46614 1:0 105119
103483 92648 1:0 105022
103484 92616 1:0 105048
103493 92614 1:0 105119
103493 46616 1:0 105119
103493 46619 1:0 105120
103499 46617 1:0 105120
103499 46615 1:0 105120
103501 46607 1:0 105120
103501 46613 1:0 105120
103503 46606 1:0 105121
103503 46610 1:0 105121
103503 46755 1:0 105376
103519 46618 1:0 105205
103520 46753 1:0 105341
103614 92615 1:0 105243
103615 92613 1:0 105253
103615 92582 1:0 105337
103624 46761 1:0 105337
103624 46762 1:0 105337
103624 46754 1:0 105341
103624 46758 1:0 105387
103624 46763 1:0 105416
103624 47051 1:0 105828
103630 92583 1:0 105455
103634 46764 1:0 105417
103635 46759 1:0 105396
103635 46760 1:0 105397
103651 46765 1:0 105426
103663 46766 1:0 105427
103745 92581 1:0 105463
103746 92580 1:0 105474
103755 92550 1:0 105561
103755 46908 1:0 105561
103755 46910 1:0 105561
103761 46911 1:0 105562
103761 46909 1:0 105562
103765 46913 1:0 105562
103766 46906 1:0 105563
103781 46912 1:0 105647
103782 46901 1:0 105562
103782 46907 1:0 105562
103794 46900 1:0 105563
103794 47047 1:0 105783
103876 92549 1:0 105685
103877 92548 1:0 105684
103877 47055 1:0 105779
103886 92547 1:0 105695
103886 92515 1:0 105779
103892 47056 1:0 105779
103894 47058 1:0 105859
103896 47048 1:0 105783
103912 47057 1:0 105858
103925 92517 1:0 105897
103966 47052 1:0 105829
104007 47053 1:0 105838
104007 47054 1:0 105839
104007 47059 1:0 105868
104007 47194 1:0 106004
104008 47060 1:0 105869
104008 47202 1:0 106000
104017 92516 1:0 105906
104017 92514 1:0 105916
104023 92483 1:0 106000
104027 47203 1:0 106000
104028 47196 1:0 106039
104028 47197 1:0 106040
104043 47205 1:0 106080
104044 47195 1:0 106004
104097 92484 1:0 106118
104140 47200 1:0 106059
104140 47201 1:0 106060
104140 47204 1:0 106079
104140 47342 1:0 106225
104141 47206 1:0 106089
104141 47207 1:0 106090
104150 92482 1:0 106126
104150 92481 1:0 106137
104156 92450 1:0 106221
104160 47350 1:0 106221
104169 359 21:0 104183
104176 47341 1:0 106225
104177 47349 1:0 106290
104184 47347 1:0 106280
104230 92451 1:0 106339
104243 47351 1:0 106300
104258 47345 1:0 106270
104258 47348 1:0 106281
104258 47490 1:0 106447
104259 47352 1:0 106301
104268 46019 0:0 104293
104271 46018 0:0 104297
104271 47353 1:0 106310
104298 46025 21:0 104323
104309 47354 1:0 106311
104319 47495 1:0 106446
104323 46024 0:0 104330
104328 46031 21:0 104353
104329 92449 1:0 106347
104351 46030 0:0 104353
104351 46028 0:0 104353
104351 46029 0:0 104353
104352 46021 0:0 104353
104352 46022 0:0 104353
104352 46027 0:0 104353
104352 46026 0:0 104353
104354 92448 1:0 106358
104354 47496 1:0 106445
104361 92418 1:0 106375
104362 92417 1:0 106445
104362 47498 1:0 106445
104371 47489 1:0 106446
104371 47499 1:0 106446
104371 47497 1:0 106446
104371 47493 1:0 106446
104371 47500 1:0 106446
104371 47494 1:0 106447
104371 47488 1:0 106447
104377 47501 1:0 106532
104382 92416 1:0 106568
104410 92415 1:0 106579
104464 92383 1:0 106663
104480 47644 1:0 106663
104481 47643 1:0 106663
104489 46166 0:0 104514
104490 47635 1:0 106667
104492 46165 0:0 104518
104492 47636 1:0 106667
104500 47637 1:0 106702
104519 46172 21:0 104544
104530 47645 1:0 106742
104540 47641 1:0 106722
104544 46171 0:0 104552
104549 46178 21:0 104574
104550 92385 1:0 106781
104552 47642 1:0 106723
104572 46177 0:0 104574
104572 46176 0:0 104574
104572 46174 0:0 104574
104573 46175 0:0 104574
104573 46173 0:0 104574
104573 46168 0:0 104574
104573 46167 0:0 104574
104575 47639 1:0 106712
104575 47646 1:0 106743
104575 47647 1:0 106752
104575 47648 1:0 106753
104575 47784 1:0 106923
104582 92384 1:0 106790
104583 92382 1:0 106800
104583 47783 1:0 106888
104592 92352 1:0 106884
104592 47791 1:0 106884
104592 47790 1:0 106953
104598 47782 1:0 106888
104598 47788 1:0 106943
104598 47792 1:0 106963
104602 47793 1:0 106964
104603 47789 1:0 106944
104619 47794 1:0 106973
104631 47795 1:0 106974
104685 92351 1:0 107011
104701 92350 1:0 107010
104702 47929 1:0 107109
104761 92349 1:0 107021
104771 47938 1:0 107105
104773 46324 21:0 104795
104794 46320 0:0 104795
104794 46325 0:0 104795
104794 46323 0:0 104795
104794 46322 0:0 104795
104794 46321 0:0 104795
104794 46312 0:0 104795
104794 46319 0:0 104795
104794 46318 0:0 104795
104794 46313 0:0 104795
104796 92318 1:0 107105
104796 47930 1:0 107109
104796 47931 1:0 107144
104796 47932 1:0 107145
104796 47935 1:0 107164
104796 47936 1:0 107165
104796 47937 1:0 107174
104803 92319 1:0 107223
104804 47939 1:0 107184
104804 47940 1:0 107185
104813 92317 1:0 107231
104813 47941 1:0 107194
104813 47942 1:0 107195
104819 92316 1:0 107242
104839 92286 1:0 107329
104852 48086 1:0 107329
104893 48084 1:0 107329
104901 48085 1:0 107330
104921 48089 1:0 107330
104922 48087 1:0 107330
104922 48083 1:0 107330
104923 48076 1:0 107331
104972 48088 1:0 107415
104981 46470 21:0 105016
104982 48077 1:0 107330
104982 48082 1:0 107331
104992 48233 1:0 107550
105014 46467 0:0 105016
105014 46469 0:0 105016
105014 46468 0:0 105016
105014 46471 0:0 105016
105015 46459 0:0 105016
105015 46466 0:0 105016
105015 46460 0:0 105016
105015 46465 0:0 105016
105015 46472 0:0 105016
105017 92284 1:0 107452
105017 92285 1:0 107453
105024 92283 1:0 107463
105025 48231 1:0 107550
105025 48232 1:0 107551
105025 48234 1:0 107551
105034 48323 1:0 107676
105034 48230 1:0 107551
105034 48224 1:0 107551
105034 48235 1:0 107551
105034 48229 1:0 107552
105034 48223 1:0 107552
105034 48236 1:0 107637
105034 48324 1:0 107677
105215 46618 21:0 105237
105236 46610 0:0 105237
105236 46614 0:0 105237
105236 46617 0:0 105237
105236 46607 0:0 105237
105236 46616 0:0 105237
105236 46612 0:0 105237
105236 46606 0:0 105237
105236 46619 0:0 105237
105236 46613 0:0 105237
105236 46615 0:0 105237
105426 46763 21:0 105458
105456 46764 0:0 105458
105457 46761 0:0 105458
105457 46755 0:0 105458
105457 46760 0:0 105458
105457 46765 0:0 105458
105457 46759 0:0 105458
105457 46753 0:0 105458
105457 46754 0:0 105458
105457 46762 0:0 105458
105457 46758 0:0 105458
105457 46766 0:0 105458
105657 46912 21:0 105679
105678 46910 0:0 105679
105678 46900 0:0 105679
105678 46901 0:0 105679
105678 46913 0:0 105679
105678 46906 0:0 105679
105678 46908 0:0 105679
105678 46907 0:0 105679
105678 46909 0:0 105679
105678 46911 0:0 105679
105865 47058 21:0 105900
105898 47057 0:0 105900
105898 47059 0:0 105900
105898 47056 0:0 105900
105899 47055 0:0 105900
105899 47060 0:0 105900
105899 47051 0:0 105900
105899 47047 0:0 105900
105899 47054 0:0 105900
105899 47048 0:0 105900
105899 47053 0:0 105900
105899 47052 0:0 105900
106086 47205 21:0 106121
106119 47206 0:0 106121
106119 47202 0:0 106121
106119 47203 0:0 106121
106119 47204 0:0 106121
106120 47197 0:0 106121
106120 47200 0:0 106121
106120 47207 0:0 106121
106120 47196 0:0 106121
106120 47201 0:0 106121
106120 47195 0:0 106121
106120 47194 0:0 106121
106300 47349 21:0 106342
106340 47353 0:0 106342
106341 47351 0:0 106342
106341 47347 0:0 106342
106341 47352 0:0 106342
106341 47348 0:0 106342
106341 47350 0:0 106342
106341 47354 0:0 106342
106341 47342 0:0 106342
106341 47341 0:0 106342
106344 47345 0:0 106345
106538 47501 21:0 106563
106561 47500 0:0 106563
106561 47499 0:0 106563
106561 47498 0:0 106563
106561 47496 0:0 106563
106561 47497 0:0 106563
106562 47488 0:0 106563
106562 47495 0:0 106563
106562 47490 0:0 106563
106562 47493 0:0 106563
106562 47494 0:0 106563
106562 47489 0:0 106563
106752 47645 21:0 106784
106782 47647 0:0 106784
106783 47641 0:0 106784
106783 47642 0:0 106784
106783 47639 0:0 106784
106783 47636 0:0 106784
106783 47637 0:0 106784
106783 47646 0:0 106784
106783 47648 0:0 106784
106783 47635 0:0 106784
106783 47644 0:0 106784
106783 47643 0:0 106784
106963 47790 21:0 107005
107003 47792 0:0 107005
107004 47793 0:0 107005
107004 47789 0:0 107005
107004 47788 0:0 107005
107004 47782 0:0 107005
107004 47783 0:0 107005
107004 47791 0:0 107005
107004 47794 0:0 107005
107004 47795 0:0 107005
107004 47784 0:0 107005
107184 47937 21:0 107226
107224 47939 0:0 107226
107224 47941 0:0 107226
107225 47938 0:0 107226
107225 47936 0:0 107226
107225 47935 0:0 107226
107225 47929 0:0 107226
107225 47940 0:0 107226
107225 47930 0:0 107226
107225 47942 0:0 107226
107228 47932 0:0 107229
107228 47931 0:0 107229
107425 48088 21:0 107447
107446 48082 0:0 107447
107446 48089 0:0 107447
107446 48086 0:0 107447
107446 48076 0:0 107447
107446 48077 0:0 107447
107446 48087 0:0 107447
107446 48084 0:0 107447
107446 48083 0:0 107447
107446 48085 0:0 107447
107643 48236 21:0 293
