86 13483 0:0 88
86 13480 0:0 88
87 13484 0:0 88
87 13482 0:0 88
87 13481 0:0 92
142 13646 21:0 150
149 13647 0:0 150
150 13649 21:0 216
218 13679 0:0 221
223 13680 21:0 240
225 13681 0:0 226
240 13682 0:0 276
294 13712 21:0 302
301 13713 0:0 302
302 13715 21:0 368
370 13745 21:0 378
377 13746 0:0 378
378 13748 21:0 444
451 13780 21:0 468
453 13779 0:0 454
468 13781 0:0 504
522 13811 21:0 530
530 13814 21:0 596
603 13846 21:0 620
620 13847 0:0 656
679 13879 0:0 682
682 13880 21:0 748
755 13911 21:0 772
831 13944 21:0 848
833 13945 0:0 834
848 13946 0:0 884
907 13978 21:0 924
909 13977 0:0 910
924 13979 0:0 960
983 14011 21:0 1000
1130 14075 0:0 1133
1135 14077 21:0 1152
1152 14078 0:0 1188
1359 14175 21:0 1367
1366 14177 0:0 1367
1366 14176 21:0 1415
1415 14178 0:0 1422
1435 14208 21:0 1443
1442 14209 0:0 1443
1442 14210 21:0 1493
1493 14211 0:0 1509
1511 14241 21:0 1519
1518 14243 0:0 1519
1518 14242 21:0 1569
1569 14244 0:0 1585
1587 14274 21:0 1595
1594 14276 0:0 1595
1594 14275 21:0 1645
1645 14277 0:0 1661
1663 14307 21:0 1671
1670 14309 0:0 1671
1670 14308 21:0 1721
1721 14310 0:0 1737
1739 14340 21:0 1747
1746 14342 0:0 1747
1746 14341 21:0 1797
1797 14343 0:0 1813
1815 14373 21:0 1823
1822 14374 0:0 1823
1822 14375 21:0 1873
1873 14376 0:0 1889
1891 14406 21:0 1899
1898 14408 0:0 1899
1898 14407 21:0 1949
1949 14409 0:0 1965
1967 14439 21:0 1975
1974 14441 0:0 1975
1974 14440 21:0 2025
2025 14442 0:0 2041
2043 14472 21:0 2051
2050 14474 0:0 2051
2050 14473 21:0 2101
2101 14475 0:0 2117
2119 14505 21:0 2127
2126 14506 0:0 2127
2126 14507 21:0 2177
2177 14508 0:0 2193
2195 14538 21:0 2203
2202 14540 0:0 2203
2202 14539 21:0 2253
2253 14541 0:0 2269
2271 14571 21:0 2279
2278 14572 0:0 2279
2278 14573 21:0 2329
2329 14574 0:0 2345
2347 14604 21:0 2355
2354 14606 0:0 2355
2354 14605 21:0 2405
2405 14607 0:0 2421
2423 14637 21:0 2431
2430 14639 0:0 2431
2430 14638 21:0 2481
2481 14640 0:0 2497
2499 14670 21:0 2507
2520 14078 1:0 2755
2521 14077 1:0 2762
2521 14075 1:0 2771
2529 14011 1:0 3006
2535 13979 1:0 3121
2546 304 21:0 2560
2561 304 1:0 2509
2642 13978 1:0 3128
2643 13977 1:0 3127
2651 13946 1:0 3243
2651 13944 1:0 3249
2657 13945 1:0 3250
2764 13911 1:0 3371
2765 13880 1:0 3487
2773 13879 1:0 3494
2773 13847 1:0 3609
2779 13846 1:0 3616
2886 13814 1:0 3731
2887 13811 1:0 3747
2895 13781 1:0 3853
2895 13780 1:0 3860
2901 13779 1:0 3859
3008 13748 1:0 3975
3009 13746 1:0 3981
3017 13745 1:0 3991
3017 13715 1:0 4097
3023 13713 1:0 4103
3130 13712 1:0 4113
3131 13682 1:0 4219
3139 13680 1:0 4225
3139 13681 1:0 4226
3145 13679 1:0 4235
3149 305 1:0 5679
3252 13649 1:0 4341
3253 13647 1:0 4347
3261 13646 1:0 4357
4529 15617 21:0 4537
4536 15619 0:0 4537
4536 15618 21:0 4587
4587 15620 0:0 4603
4605 15650 21:0 4613
4612 15652 0:0 4613
4612 15651 21:0 4663
4663 15653 0:0 4679
4681 15683 21:0 4689
4688 15685 0:0 4689
4688 15684 21:0 4739
4739 15686 0:0 4755
4757 15716 21:0 4765
4764 15717 0:0 4765
4764 15718 21:0 4815
4815 15719 0:0 4831
4833 15749 21:0 4841
4840 15750 0:0 4841
4840 15751 21:0 4891
4891 15752 0:0 4907
4909 15782 21:0 4917
4916 15784 0:0 4917
4916 15783 21:0 4967
4967 15785 0:0 4983
4985 15815 21:0 4993
4992 15816 0:0 4993
4992 15817 21:0 5043
5043 15818 0:0 5059
5061 15848 21:0 5069
5068 15849 0:0 5069
5068 15850 21:0 5119
5119 15851 0:0 5135
5137 15881 21:0 5145
5144 15882 0:0 5145
5144 15883 21:0 5195
5195 15884 0:0 5211
5213 15914 21:0 5221
5220 15915 0:0 5221
5220 15916 21:0 5271
5271 15917 0:0 5287
5289 15947 21:0 5297
5296 15949 0:0 5297
5296 15948 21:0 5347
5347 15950 0:0 5363
5365 15980 21:0 5373
5372 15981 0:0 5373
5372 15982 21:0 5423
5423 15983 0:0 5439
5441 16013 21:0 5449
5448 16014 0:0 5449
5448 16015 21:0 5499
5499 16016 0:0 5515
5517 16046 21:0 5525
5524 16048 0:0 5525
5524 16047 21:0 5575
5575 16049 0:0 5591
5593 16079 21:0 5601
5600 16080 0:0 5601
5600 16081 21:0 5651
5651 16082 0:0 5667
5669 16112 21:0 5677
5677 16115 21:0 5686
5691 14670 1:0 5699
5692 14640 1:0 5812
5701 14638 1:0 5819
5701 14639 1:0 5820
5707 14637 1:0 5830
5720 305 21:0 5734
5727 14607 1:0 5943
5740 14605 1:0 5950
5822 14606 1:0 5951
5823 14604 1:0 5961
5832 14574 1:0 6074
5832 14573 1:0 6082
5838 14572 1:0 6081
5858 14571 1:0 6092
5871 14541 1:0 6205
5953 14539 1:0 6212
5954 14540 1:0 6213
5963 14538 1:0 6223
5963 14508 1:0 6336
5971 14507 1:0 6344
5989 14506 1:0 6343
6084 14505 1:0 6354
6085 14475 1:0 6467
6085 14473 1:0 6474
6094 14474 1:0 6475
6094 14472 1:0 6485
6102 14442 1:0 6598
6121 14440 1:0 6605
6215 14441 1:0 6606
6216 14439 1:0 6616
6216 14409 1:0 6729
6225 14407 1:0 6736
6225 14408 1:0 6737
6233 14406 1:0 6747
6252 14376 1:0 6860
6346 14375 1:0 6868
6347 14374 1:0 6867
6356 14373 1:0 6878
6356 14343 1:0 6991
6362 14341 1:0 6998
6366 14342 1:0 6999
6395 14340 1:0 7009
6477 14310 1:0 7122
6478 14308 1:0 7129
6487 14309 1:0 7130
6487 14307 1:0 7140
6493 14277 1:0 7253
6498 14275 1:0 7260
6526 14276 1:0 7261
6608 14274 1:0 7271
6609 14244 1:0 7384
6618 14242 1:0 7391
6618 14243 1:0 7392
6624 14241 1:0 7402
6629 14211 1:0 7515
6657 14210 1:0 7523
6739 14209 1:0 7522
6740 14208 1:0 7533
6749 14178 1:0 7646
6749 14176 1:0 7653
6755 14177 1:0 7654
6775 14175 1:0 7664
6788 16115 1:0 8990
6870 306 1:0 8994
7844 17059 21:0 7852
7851 17060 0:0 7852
7851 17061 21:0 7902
7902 17062 0:0 7918
7920 17092 21:0 7928
7927 17093 0:0 7928
7927 17094 21:0 7978
7978 17095 0:0 7994
7996 17125 21:0 8004
8003 17126 0:0 8004
8003 17127 21:0 8054
8054 17128 0:0 8070
8072 17158 21:0 8080
8079 17160 0:0 8080
8079 17159 21:0 8130
8130 17161 0:0 8146
8148 17191 21:0 8156
8155 17192 0:0 8156
8155 17193 21:0 8206
8206 17194 0:0 8222
8224 17224 21:0 8232
8231 17226 0:0 8232
8231 17225 21:0 8282
8282 17227 0:0 8298
8300 17257 21:0 8308
8307 17258 0:0 8308
8307 17259 21:0 8358
8358 17260 0:0 8374
8376 17290 21:0 8384
8383 17291 0:0 8384
8383 17292 21:0 8434
8434 17293 0:0 8450
8452 17323 21:0 8460
8459 17324 0:0 8460
8459 17325 21:0 8510
8510 17326 0:0 8526
8528 17356 21:0 8536
8535 17357 0:0 8536
8535 17358 21:0 8586
8586 17359 0:0 8602
8604 17389 21:0 8612
8611 17391 0:0 8612
8611 17390 21:0 8662
8662 17392 0:0 8678
8680 17422 21:0 8688
8687 17424 0:0 8688
8687 17423 21:0 8738
8738 17425 0:0 8754
8756 17455 21:0 8764
8763 17457 0:0 8764
8763 17456 21:0 8814
8814 17458 0:0 8830
8832 17488 21:0 8840
8839 17489 0:0 8840
8839 17490 21:0 8890
8890 17491 0:0 8906
8908 17521 21:0 8916
8915 17522 0:0 8916
8915 17523 21:0 8966
8966 17524 0:0 8982
8984 17554 21:0 8992
8991 17555 21:0 8998
9006 16112 1:0 9014
9007 16082 1:0 9127
9016 16080 1:0 9134
9016 16081 1:0 9135
9022 16079 1:0 9145
9035 306 21:0 9049
9042 16049 1:0 9258
9055 16047 1:0 9265
9137 16048 1:0 9266
9138 16046 1:0 9276
9147 16016 1:0 9389
9147 16015 1:0 9397
9153 16014 1:0 9396
9173 16013 1:0 9407
9186 15983 1:0 9520
9268 15982 1:0 9528
9269 15981 1:0 9527
9278 15980 1:0 9538
9278 15950 1:0 9651
9286 15948 1:0 9658
9304 15949 1:0 9659
9399 15947 1:0 9669
9400 15917 1:0 9782
9400 15916 1:0 9790
9409 15915 1:0 9789
9409 15914 1:0 9800
9417 15884 1:0 9913
9436 15883 1:0 9921
9530 15882 1:0 9920
9531 15881 1:0 9931
9531 15851 1:0 10044
9540 15849 1:0 10051
9540 15850 1:0 10052
9548 15848 1:0 10062
9567 15818 1:0 10175
9661 15817 1:0 10183
9662 15816 1:0 10182
9671 15815 1:0 10193
9671 15785 1:0 10306
9677 15783 1:0 10313
9681 15784 1:0 10314
9710 15782 1:0 10324
9792 15752 1:0 10437
9793 15751 1:0 10445
9802 15750 1:0 10444
9802 15749 1:0 10455
9808 15719 1:0 10568
9813 15718 1:0 10576
9841 15717 1:0 10575
9923 15716 1:0 10586
9924 15686 1:0 10699
9933 15684 1:0 10706
9933 15685 1:0 10707
9939 15683 1:0 10717
9944 15653 1:0 10830
9972 15651 1:0 10837
10054 15652 1:0 10838
10055 15650 1:0 10848
10064 15620 1:0 10961
10064 15618 1:0 10968
10070 15619 1:0 10969
10090 15617 1:0 10979
10091 307 1:0 12309
10185 17555 1:0 12318
11159 18501 21:0 11167
11166 18502 0:0 11167
11166 18503 21:0 11217
11217 18504 0:0 11233
11235 18534 21:0 11243
11242 18536 0:0 11243
11242 18535 21:0 11293
11293 18537 0:0 11309
11311 18567 21:0 11319
11318 18568 0:0 11319
11318 18569 21:0 11369
11369 18570 0:0 11385
11387 18600 21:0 11395
11394 18601 0:0 11395
11394 18602 21:0 11445
11445 18603 0:0 11461
11463 18633 21:0 11471
11470 18634 0:0 11471
11470 18635 21:0 11521
11521 18636 0:0 11537
11539 18666 21:0 11547
11546 18668 0:0 11547
11546 18667 21:0 11597
11597 18669 0:0 11613
11615 18699 21:0 11623
11622 18700 0:0 11623
11622 18701 21:0 11673
11673 18702 0:0 11689
11691 18732 21:0 11699
11698 18734 0:0 11699
11698 18733 21:0 11749
11749 18735 0:0 11765
11767 18765 21:0 11775
11774 18766 0:0 11775
11774 18767 21:0 11825
11825 18768 0:0 11841
11843 18798 21:0 11851
11850 18800 0:0 11851
11850 18799 21:0 11901
11901 18801 0:0 11917
11919 18831 21:0 11927
11926 18833 0:0 11927
11926 18832 21:0 11977
11977 18834 0:0 11993
11995 18864 21:0 12003
12002 18865 0:0 12003
12002 18866 21:0 12053
12053 18867 0:0 12069
12071 18897 21:0 12079
12078 18899 0:0 12079
12078 18898 21:0 12129
12129 18900 0:0 12145
12147 18930 21:0 12155
12154 18931 0:0 12155
12154 18932 21:0 12205
12205 18933 0:0 12221
12223 18963 21:0 12231
12230 18964 0:0 12231
12230 18965 21:0 12281
12281 18966 0:0 12297
12299 18996 21:0 12307
12306 18997 21:0 12313
12321 17554 1:0 12329
12322 17524 1:0 12442
12331 17522 1:0 12449
12331 17523 1:0 12450
12337 17521 1:0 12460
12350 307 21:0 12364
12357 17491 1:0 12573
12370 17490 1:0 12581
12452 17489 1:0 12580
12453 17488 1:0 12591
12462 17458 1:0 12704
12462 17456 1:0 12711
12468 17457 1:0 12712
12488 17455 1:0 12722
12501 17425 1:0 12835
12583 17423 1:0 12842
12584 17424 1:0 12843
12593 17422 1:0 12853
12593 17392 1:0 12966
12601 17390 1:0 12973
12619 17391 1:0 12974
12714 17389 1:0 12984
12715 17359 1:0 13097
12715 17358 1:0 13105
12724 17357 1:0 13104
12724 17356 1:0 13115
12732 17326 1:0 13228
12751 17325 1:0 13236
12845 17324 1:0 13235
12846 17323 1:0 13246
12846 17293 1:0 13359
12855 17291 1:0 13366
12855 17292 1:0 13367
12863 17290 1:0 13377
12882 17260 1:0 13490
12976 17259 1:0 13498
12977 17258 1:0 13497
12986 17257 1:0 13508
12986 17227 1:0 13621
12992 17225 1:0 13628
12996 17226 1:0 13629
13025 17224 1:0 13639
13107 17194 1:0 13752
13108 17193 1:0 13760
13117 17192 1:0 13759
13117 17191 1:0 13770
13123 17161 1:0 13883
13128 17159 1:0 13890
13156 17160 1:0 13891
13238 17158 1:0 13901
13239 17128 1:0 14014
13248 17126 1:0 14021
13248 17127 1:0 14022
13254 17125 1:0 14032
13259 17095 1:0 14145
13287 17094 1:0 14153
13369 17093 1:0 14152
13370 17092 1:0 14163
13379 17062 1:0 14276
13379 17061 1:0 14284
13385 17060 1:0 14283
13405 17059 1:0 14294
13406 308 1:0 15624
13500 18997 1:0 15633
14474 19943 21:0 14482
14481 19945 0:0 14482
14481 19944 21:0 14532
14532 19946 0:0 14548
14550 19976 21:0 14558
14557 19978 0:0 14558
14557 19977 21:0 14608
14608 19979 0:0 14624
14626 20009 21:0 14634
14633 20011 0:0 14634
14633 20010 21:0 14684
14684 20012 0:0 14700
14702 20042 21:0 14710
14709 20043 0:0 14710
14709 20044 21:0 14760
14760 20045 0:0 14776
14778 20075 21:0 14786
14785 20076 0:0 14786
14785 20077 21:0 14836
14836 20078 0:0 14852
14854 20108 21:0 14862
14861 20109 0:0 14862
14861 20110 21:0 14912
14912 20111 0:0 14928
14930 20141 21:0 14938
14937 20143 0:0 14938
14937 20142 21:0 14988
14988 20144 0:0 15004
15006 20174 21:0 15014
15013 20175 0:0 15014
15013 20176 21:0 15064
15064 20177 0:0 15080
15082 20207 21:0 15090
15089 20208 0:0 15090
15089 20209 21:0 15140
15140 20210 0:0 15156
15158 20240 21:0 15166
15165 20241 0:0 15166
15165 20242 21:0 15216
15216 20243 0:0 15232
15234 20273 21:0 15242
15241 20275 0:0 15242
15241 20274 21:0 15292
15292 20276 0:0 15308
15310 20306 21:0 15318
15317 20308 0:0 15318
15317 20307 21:0 15368
15368 20309 0:0 15384
15386 20339 21:0 15394
15393 20340 0:0 15394
15393 20341 21:0 15444
15444 20342 0:0 15460
15462 20372 21:0 15470
15469 20374 0:0 15470
15469 20373 21:0 15520
15520 20375 0:0 15536
15538 20405 21:0 15546
15545 20406 0:0 15546
15545 20407 21:0 15596
15596 20408 0:0 15612
15614 20438 21:0 15622
15621 20439 21:0 15628
15636 18996 1:0 15644
15637 18966 1:0 15757
15646 18964 1:0 15764
15646 18965 1:0 15765
15652 18963 1:0 15775
15665 308 21:0 15679
15672 18933 1:0 15888
15685 18932 1:0 15896
15767 18931 1:0 15895
15768 18930 1:0 15906
15777 18900 1:0 16019
15777 18898 1:0 16026
15783 18899 1:0 16027
15803 18897 1:0 16037
15816 18867 1:0 16150
15898 18866 1:0 16158
15899 18865 1:0 16157
15908 18864 1:0 16168
15908 18834 1:0 16281
15916 18832 1:0 16288
15934 18833 1:0 16289
16029 18831 1:0 16299
16030 18801 1:0 16412
16030 18799 1:0 16419
16039 18800 1:0 16420
16039 18798 1:0 16430
16047 18768 1:0 16543
16066 18767 1:0 16551
16160 18766 1:0 16550
16161 18765 1:0 16561
16161 18735 1:0 16674
16170 18733 1:0 16681
16170 18734 1:0 16682
16178 18732 1:0 16692
16197 18702 1:0 16805
16291 18701 1:0 16813
16292 18700 1:0 16812
16301 18699 1:0 16823
16301 18669 1:0 16936
16307 18667 1:0 16943
16311 18668 1:0 16944
16340 18666 1:0 16954
16422 18636 1:0 17067
16423 18635 1:0 17075
16432 18634 1:0 17074
16432 18633 1:0 17085
16438 18603 1:0 17198
16443 18602 1:0 17206
16471 18601 1:0 17205
16553 18600 1:0 17216
16554 18570 1:0 17329
16563 18568 1:0 17336
16563 18569 1:0 17337
16569 18567 1:0 17347
16574 18537 1:0 17460
16602 18535 1:0 17467
16684 18536 1:0 17468
16685 18534 1:0 17478
16694 18504 1:0 17591
16694 18503 1:0 17599
16700 18502 1:0 17598
16720 18501 1:0 17609
16721 309 1:0 18939
16815 20439 1:0 18948
17789 21385 21:0 17797
17796 21387 0:0 17797
17796 21386 21:0 17847
17847 21388 0:0 17863
17865 21418 21:0 17873
17872 21419 0:0 17873
17872 21420 21:0 17923
17923 21421 0:0 17939
17941 21451 21:0 17949
17948 21453 0:0 17949
17948 21452 21:0 17999
17999 21454 0:0 18015
18017 21484 21:0 18025
18024 21486 0:0 18025
18024 21485 21:0 18075
18075 21487 0:0 18091
18093 21517 21:0 18101
18100 21518 0:0 18101
18100 21519 21:0 18151
18151 21520 0:0 18167
18169 21550 21:0 18177
18176 21552 0:0 18177
18176 21551 21:0 18227
18227 21553 0:0 18243
18245 21583 21:0 18253
18252 21584 0:0 18253
18252 21585 21:0 18303
18303 21586 0:0 18319
18321 21616 21:0 18329
18328 21617 0:0 18329
18328 21618 21:0 18379
18379 21619 0:0 18395
18397 21649 21:0 18405
18404 21651 0:0 18405
18404 21650 21:0 18455
18455 21652 0:0 18471
18473 21682 21:0 18481
18480 21683 0:0 18481
18480 21684 21:0 18531
18531 21685 0:0 18547
18549 21715 21:0 18557
18556 21716 0:0 18557
18556 21717 21:0 18607
18607 21718 0:0 18623
18625 21748 21:0 18633
18632 21749 0:0 18633
18632 21750 21:0 18683
18683 21751 0:0 18699
18701 21781 21:0 18709
18708 21782 0:0 18709
18708 21783 21:0 18759
18759 21784 0:0 18775
18777 21814 21:0 18785
18784 21816 0:0 18785
18784 21815 21:0 18835
18835 21817 0:0 18851
18853 21847 21:0 18861
18860 21849 0:0 18861
18860 21848 21:0 18911
18911 21850 0:0 18927
18929 21880 21:0 18937
18936 21882 21:0 18943
18951 20438 1:0 18959
18952 20408 1:0 19072
18961 20406 1:0 19079
18961 20407 1:0 19080
18967 20405 1:0 19090
18980 309 21:0 18994
18987 20375 1:0 19203
19000 20373 1:0 19210
19082 20374 1:0 19211
19083 20372 1:0 19221
19092 20342 1:0 19334
19092 20341 1:0 19342
19098 20340 1:0 19341
19118 20339 1:0 19352
19131 20309 1:0 19465
19213 20307 1:0 19472
19214 20308 1:0 19473
19223 20306 1:0 19483
19223 20276 1:0 19596
19231 20274 1:0 19603
19249 20275 1:0 19604
19344 20273 1:0 19614
19345 20243 1:0 19727
19345 20242 1:0 19735
19354 20241 1:0 19734
19354 20240 1:0 19745
19362 20210 1:0 19858
19381 20209 1:0 19866
19475 20208 1:0 19865
19476 20207 1:0 19876
19476 20177 1:0 19989
19485 20175 1:0 19996
19485 20176 1:0 19997
19493 20174 1:0 20007
19512 20144 1:0 20120
19606 20142 1:0 20127
19607 20143 1:0 20128
19616 20141 1:0 20138
19616 20111 1:0 20251
19622 20110 1:0 20259
19626 20109 1:0 20258
19655 20108 1:0 20269
19737 20078 1:0 20382
19738 20077 1:0 20390
19747 20076 1:0 20389
19747 20075 1:0 20400
19753 20045 1:0 20513
19758 20044 1:0 20521
19786 20043 1:0 20520
19868 20042 1:0 20531
19869 20012 1:0 20644
19878 20010 1:0 20651
19878 20011 1:0 20652
19884 20009 1:0 20662
19889 19979 1:0 20775
19917 19977 1:0 20782
19999 19978 1:0 20783
20000 19976 1:0 20793
20009 19946 1:0 20906
20009 19944 1:0 20913
20015 19945 1:0 20914
20035 19943 1:0 20924
20036 310 1:0 22254
20130 21882 1:0 22264
21104 22827 21:0 21112
21109 22829 0:0 21112
21109 22828 0:0 21112
21112 22830 21:0 21178
21180 22860 0:0 21183
21185 22861 21:0 21202
21187 22862 0:0 21188
21202 22863 0:0 21238
21256 22893 21:0 21264
21261 22895 0:0 21264
21261 22894 0:0 21264
21264 22896 21:0 21330
21332 22926 0:0 21335
21337 22928 21:0 21354
21339 22927 0:0 21340
21354 22929 0:0 21390
21408 22959 21:0 21416
21413 22960 0:0 21416
21413 22961 0:0 21416
21416 22962 21:0 21482
21484 22992 21:0 21492
21491 22993 0:0 21492
21491 22994 0:0 21492
21492 22995 21:0 21558
21560 23025 21:0 21568
21567 23027 0:0 21568
21567 23026 21:0 21618
21618 23028 0:0 21634
21636 23058 21:0 21644
21641 23059 0:0 21644
21641 23060 0:0 21644
21644 23061 21:0 21710
21712 23091 21:0 21720
21717 23093 0:0 21720
21719 23092 0:0 21720
21720 23094 21:0 21786
21788 23124 0:0 21791
21793 23125 21:0 21810
21795 23126 0:0 21796
21810 23127 0:0 21846
21864 23157 21:0 21872
21869 23159 0:0 21872
21869 23158 0:0 21872
21872 23160 21:0 21938
21940 23190 21:0 21948
21945 23191 0:0 21948
21947 23192 0:0 21948
21948 23193 21:0 22014
22016 23223 21:0 22024
22023 23225 0:0 22024
22023 23224 0:0 22024
22024 23226 21:0 22090
22092 23256 21:0 22100
22099 23257 0:0 22100
22099 23258 21:0 22150
22150 23259 0:0 22166
22168 23289 21:0 22176
22175 23291 0:0 22176
22175 23290 21:0 22226
22226 23292 0:0 22242
22244 23322 21:0 22252
22252 23325 21:0 22261
22266 21880 1:0 22274
22267 21850 1:0 22387
22276 21848 1:0 22394
22276 21849 1:0 22395
22282 21847 1:0 22405
22295 310 21:0 22309
22302 21817 1:0 22518
22315 21815 1:0 22525
22397 21816 1:0 22526
22398 21814 1:0 22536
22407 21784 1:0 22649
22407 21783 1:0 22657
22413 21782 1:0 22656
22433 21781 1:0 22667
22446 21751 1:0 22780
22528 21750 1:0 22788
22529 21749 1:0 22787
22538 21748 1:0 22798
22538 21718 1:0 22911
22546 21717 1:0 22919
22564 21716 1:0 22918
22659 21715 1:0 22929
22660 21685 1:0 23042
22660 21684 1:0 23050
22669 21683 1:0 23049
22669 21682 1:0 23060
22677 21652 1:0 23173
22696 21650 1:0 23180
22790 21651 1:0 23181
22791 21649 1:0 23191
22791 21619 1:0 23304
22800 21617 1:0 23311
22800 21618 1:0 23312
22808 21616 1:0 23322
22827 21586 1:0 23435
22921 21585 1:0 23443
22922 21584 1:0 23442
22931 21583 1:0 23453
22931 21553 1:0 23566
22937 21551 1:0 23573
22941 21552 1:0 23574
22970 21550 1:0 23584
23052 21520 1:0 23697
23053 21519 1:0 23705
23062 21518 1:0 23704
23062 21517 1:0 23715
23068 21487 1:0 23828
23073 21485 1:0 23835
23101 21486 1:0 23836
23183 21484 1:0 23846
23184 21454 1:0 23959
23193 21452 1:0 23966
23193 21453 1:0 23967
23199 21451 1:0 23977
23204 21421 1:0 24090
23232 21420 1:0 24098
23314 21419 1:0 24097
23315 21418 1:0 24108
23324 21388 1:0 24221
23324 21386 1:0 24228
23330 21387 1:0 24229
23350 21385 1:0 24239
23363 23325 1:0 24326
23445 311 1:0 24352
23446 23322 1:0 24372
23446 23290 1:0 24456
23455 11274 1:0 24456
23455 11275 1:0 24456
23455 11276 1:0 24535
23461 23292 1:0 24574
23463 11277 1:0 24536
23466 11278 1:0 24545
23482 11279 1:0 24546
23494 11421 1:0 24680
23576 23291 1:0 24583
23577 23289 1:0 24593
23586 23259 1:0 24609
23586 23258 1:0 24680
23592 11423 1:0 24680
23592 11422 1:0 24681
23596 11424 1:0 24681
23612 11426 1:0 24681
23625 11425 1:0 24766
23666 11570 1:0 24901
23707 23257 1:0 24803
23708 23256 1:0 24814
23708 11857 1:0 25380
23717 23226 1:0 24901
23717 11568 1:0 24901
23717 11571 1:0 24902
23723 11572 1:0 24902
23725 11569 1:0 24902
23728 11573 1:0 24988
23756 23224 1:0 25024
23838 23225 1:0 25025
23839 23223 1:0 25035
23839 11715 1:0 25122
23848 23193 1:0 25122
23848 11717 1:0 25122
23848 11718 1:0 25123
23854 11716 1:0 25123
23856 11720 1:0 25123
23859 11719 1:0 25208
23887 23191 1:0 25245
23969 23192 1:0 25246
23970 23190 1:0 25256
23979 23160 1:0 25340
23979 11862 1:0 25340
23979 11863 1:0 25410
23985 11864 1:0 25419
23985 11865 1:0 25420
23989 11866 1:0 25429
24005 11867 1:0 25430
24018 23159 1:0 25467
24100 23158 1:0 25466
24101 23157 1:0 25477
24110 23125 1:0 25561
24110 12010 1:0 25561
24110 12009 1:0 25630
24118 23127 1:0 25679
24121 12011 1:0 25640
24136 12012 1:0 25641
24149 12013 1:0 25650
24231 12014 1:0 25651
24232 23126 1:0 25688
24232 23124 1:0 25698
24241 23094 1:0 25785
24241 12156 1:0 25785
24241 12158 1:0 25785
24247 12159 1:0 25786
24249 12160 1:0 25786
24252 12157 1:0 25786
24268 12161 1:0 25872
24321 23093 1:0 25909
24364 23092 1:0 25908
24365 23091 1:0 25919
24365 12296 1:0 26033
24374 23061 1:0 25962
24374 12308 1:0 26006
24374 12303 1:0 26072
24380 12304 1:0 26073
24382 12305 1:0 26082
24393 311 21:0 24407
24400 12307 1:0 26083
24401 12306 1:0 26083
24408 12301 1:0 26062
24413 12302 1:0 26063
24462 23060 1:0 26130
24483 23059 1:0 26129
24543 23058 1:0 26140
24545 11276 21:0 24577
24553 12450 1:0 26224
24575 11274 0:0 24577
24575 11277 0:0 24577
24576 11278 0:0 24577
24576 11279 0:0 24577
24576 11275 0:0 24577
24578 23026 1:0 26224
24578 12451 1:0 26294
24585 23028 1:0 26342
24586 12452 1:0 26303
24586 12453 1:0 26304
24586 12454 1:0 26313
24595 23027 1:0 26351
24595 12455 1:0 26314
24601 23025 1:0 26361
24606 22995 1:0 26438
24622 12599 1:0 26452
24634 12602 1:0 26452
24634 12595 1:0 26452
24683 12600 1:0 26452
24688 12590 1:0 26453
24703 12597 1:0 26452
24704 12601 1:0 26452
24705 12596 1:0 26505
24754 12598 1:0 26452
24774 22994 1:0 26572
24776 11425 21:0 24798
24797 11422 0:0 24798
24797 11424 0:0 24798
24797 11426 0:0 24798
24797 11423 0:0 24798
24797 11421 0:0 24798
24799 22993 1:0 26571
24799 12744 1:0 26669
24806 22992 1:0 26582
24807 22962 1:0 26669
24816 12746 1:0 26669
24816 12748 1:0 26670
24816 12745 1:0 26670
24816 12747 1:0 26670
24822 12749 1:0 26756
24826 22960 1:0 26792
24855 22961 1:0 26793
24904 22959 1:0 26803
24909 12883 1:0 26916
24925 22928 1:0 26846
24975 12895 1:0 26890
24985 12891 1:0 26956
24994 11573 21:0 25019
24995 12892 1:0 26957
25017 11570 0:0 25019
25017 11571 0:0 25019
25017 11572 0:0 25019
25017 11569 0:0 25019
25017 11568 0:0 25019
25020 22929 1:0 27006
25020 12893 1:0 26966
25027 12894 1:0 26967
25027 12896 1:0 26977
25028 22927 1:0 27013
25037 22926 1:0 27024
25037 22896 1:0 27101
25043 13041 1:0 27113
25043 13042 1:0 27113
25047 13038 1:0 27113
25063 13040 1:0 27113
25064 13039 1:0 27113
25076 13036 1:0 27167
25117 13043 1:0 27198
25145 22895 1:0 27235
25196 22894 1:0 27234
25216 22893 1:0 27245
25218 11719 21:0 25240
25239 11720 0:0 25240
25239 11718 0:0 25240
25239 11716 0:0 25240
25239 11715 0:0 25240
25239 11717 0:0 25240
25241 22861 1:0 27329
25241 13185 1:0 27329
25248 13186 1:0 27399
25248 13187 1:0 27408
25249 22863 1:0 27447
25249 13188 1:0 27409
25258 22862 1:0 27456
25258 13189 1:0 27418
25258 13190 1:0 27419
25266 22860 1:0 27466
25285 22830 1:0 27550
25297 13332 1:0 27550
25338 13333 1:0 27620
25346 13325 1:0 27554
25351 13331 1:0 27610
25366 13334 1:0 27629
25367 13335 1:0 27630
25416 11863 21:0 25461
25417 13336 1:0 27639
25427 13337 1:0 27640
25459 11862 0:0 25461
25459 11864 0:0 25461
25460 11865 0:0 25461
25460 11867 0:0 25461
25460 11857 0:0 25461
25460 11866 0:0 25461
25462 22828 1:0 27676
25462 22829 1:0 27677
25469 22827 1:0 27687
25470 13480 1:0 27771
25470 13479 1:0 27840
25479 13481 1:0 27850
25479 13482 1:0 27851
25479 13483 1:0 27860
25479 13484 1:0 27861
25640 12009 21:0 25682
25680 12013 0:0 25682
25680 12011 0:0 25682
25681 12012 0:0 25682
25681 12010 0:0 25682
25681 12014 0:0 25682
25878 12161 21:0 25903
25901 12158 0:0 25903
25901 12156 0:0 25903
25901 12160 0:0 25903
25901 12159 0:0 25903
25901 12157 0:0 25903
26039 12296 21:0 26085
26084 12301 0:0 26092
26085 12302 0:0 26093
26099 12308 21:0 26124
26122 12307 0:0 26124
26123 12303 0:0 26124
26123 12305 0:0 26124
26123 12306 0:0 26124
26123 12304 0:0 26124
26300 12451 21:0 26345
26343 12452 0:0 26345
26343 12450 0:0 26345
26344 12453 0:0 26345
26344 12455 0:0 26345
26344 12454 0:0 26345
26481 12590 0:0 26506
26511 12596 21:0 26536
26535 12598 0:0 26566
26535 12599 21:0 26566
26564 12600 0:0 26566
26564 12601 0:0 26566
26564 12597 0:0 26566
26565 12595 0:0 26566
26565 12602 0:0 26566
26762 12749 21:0 26787
26785 12747 0:0 26787
26785 12745 0:0 26787
26785 12744 0:0 26787
26785 12748 0:0 26787
26785 12746 0:0 26787
26926 12883 21:0 26970
26986 12895 21:0 27008
27007 12891 0:0 27008
27007 12892 0:0 27008
27007 12894 0:0 27008
27007 12893 0:0 27008
27007 12896 0:0 27008
27177 13036 21:0 27201
27207 13042 21:0 27229
27228 13039 0:0 27229
27228 13043 0:0 27229
27228 13041 0:0 27229
27228 13040 0:0 27229
27228 13038 0:0 27229
27405 13186 21:0 27450
27448 13189 0:0 27450
27449 13190 0:0 27450
27449 13185 0:0 27450
27449 13188 0:0 27450
27449 13187 0:0 27450
27626 13333 21:0 27671
27669 13334 0:0 27671
27669 13332 0:0 27671
27669 13325 0:0 27671
27669 13331 0:0 27671
27669 13335 0:0 27671
27670 13337 0:0 27671
27670 13336 0:0 27671
27850 13479 21:0 88
