51 7691 21:0 93
92 7692 21:0 104
103 7688 21:0 109
108 7687 21:0 109
108 7689 21:0 114
113 7779 21:0 114
113 7780 21:0 114
113 7686 21:0 114
113 7680 21:0 128
127 7685 21:0 128
187 7872 21:0 204
203 7873 21:0 256
255 7871 21:0 261
263 7906 21:0 280
279 7904 21:0 332
339 7939 21:0 356
355 7938 21:0 408
410 7970 21:0 418
418 7973 21:0 484
486 8003 21:0 494
493 7972 21:0 544
543 7940 21:0 560
562 8036 21:0 570
570 8039 21:0 636
638 8069 21:0 646
645 8037 21:0 696
695 8072 21:0 712
714 8102 21:0 722
721 8104 21:0 772
771 7937 21:0 788
795 8136 21:0 812
811 8038 21:0 864
866 8168 21:0 874
873 8169 21:0 924
923 8135 21:0 940
942 8201 21:0 950
949 8202 21:0 1000
999 8204 21:0 1016
1018 8234 21:0 1026
1026 8237 21:0 1092
1091 8138 21:0 1097
1096 8235 21:0 1102
1102 8270 21:0 1168
1167 8170 21:0 1173
1169 8270 1:0 2719
1172 8137 21:0 1178
1178 8303 21:0 1244
1245 8303 1:0 2597
1310 8354 21:0 1321
1323 8367 21:0 1331
1330 8369 21:0 1376
1375 8368 21:0 1397
1396 8370 21:0 1407
1406 8400 21:0 1425
1424 8401 21:0 1473
1472 8402 21:0 1478
1477 8403 21:0 1497
1496 8433 21:0 1549
1548 8434 21:0 1554
1553 8435 21:0 1559
1558 8436 21:0 1625
1624 8466 21:0 1630
1629 8467 21:0 1635
1634 8468 21:0 1690
1689 8469 21:0 1706
1705 8499 21:0 1711
1710 8500 21:0 1766
1765 8502 21:0 1777
1776 8501 21:0 1787
1786 8532 21:0 1832
1831 8534 21:0 1853
1852 8533 21:0 1863
1862 8535 21:0 1878
1877 8565 21:0 1929
1928 8567 21:0 1934
1933 8568 21:0 1953
1952 8566 21:0 2005
2004 8598 21:0 2010
2009 8599 21:0 2015
2014 8600 21:0 2081
2080 8601 21:0 2086
2085 8631 21:0 2091
2090 8633 21:0 2146
2145 8634 21:0 2162
2161 8632 21:0 2167
2166 8664 21:0 2222
2221 8666 21:0 2235
2234 8667 21:0 2243
2242 8665 21:0 2293
2292 8697 21:0 2309
2308 8699 21:0 2319
2318 8698 21:0 2337
2336 8700 21:0 2385
2384 8730 21:0 2390
2389 8731 21:0 2409
2408 8732 21:0 2461
2460 8733 21:0 2466
2465 8763 21:0 2471
2470 8765 21:0 2480
2479 8766 21:0 2487
2484 8237 1:0 2841
2485 8235 1:0 2847
2485 8234 1:0 2857
2486 8764 21:0 2490
2489 8796 21:0 2498
2491 8204 1:0 2963
2493 8202 1:0 2969
2493 8201 1:0 2979
2497 8798 21:0 2524
2499 8170 1:0 3085
2499 8169 1:0 3091
2523 8797 21:0 2599
2525 8168 1:0 3101
2529 8137 1:0 3132
2594 8138 1:0 3207
2598 8829 21:0 2602
2601 300 21:0 2602
2601 8831 21:0 2612
2606 8136 1:0 3213
2607 8135 1:0 3223
2611 8799 21:0 2617
2613 8104 1:0 3336
2615 8102 1:0 3345
2615 8072 1:0 3451
2616 8830 21:0 2620
2618 8069 1:0 3467
2619 8832 21:0 2685
2621 8038 1:0 3498
2621 8039 1:0 3573
2651 8037 1:0 3579
2684 8862 21:0 2721
2686 8036 1:0 3589
2702 8003 1:0 3711
2720 8863 21:0 2724
2723 8498 21:0 2731
2728 7973 1:0 3817
2729 7972 1:0 3824
2729 7970 1:0 3833
2730 8511 21:0 2731
2737 7940 1:0 3864
2737 7938 1:0 3939
2747 7939 1:0 3946
2850 7937 1:0 3955
2851 7906 1:0 4068
2859 7904 1:0 4077
2859 7873 1:0 4183
2869 7872 1:0 4189
2883 301 1:0 5643
2972 7871 1:0 4199
2973 8863 1:0 5652
4069 9609 21:0 4073
4436 9787 21:0 4443
4475 9795 21:0 4491
4490 9794 21:0 4491
4490 9788 21:0 4491
4493 9809 21:0 4501
4500 9811 21:0 4551
4550 9810 21:0 4567
4566 9812 21:0 4577
4576 9842 21:0 4595
4594 9844 21:0 4643
4642 9843 21:0 4648
4647 9845 21:0 4667
4666 9875 21:0 4719
4718 9877 21:0 4724
4723 9876 21:0 4729
4728 9878 21:0 4795
4794 9908 21:0 4800
4799 9910 21:0 4805
4804 9909 21:0 4860
4859 9911 21:0 4876
4875 9941 21:0 4881
4880 9942 21:0 4936
4935 9943 21:0 4952
4951 9944 21:0 4957
4956 9974 21:0 5007
5006 9976 21:0 5023
5022 9977 21:0 5033
5032 9975 21:0 5055
5054 10007 21:0 5099
5098 10008 21:0 5104
5103 10009 21:0 5123
5122 10010 21:0 5175
5174 10040 21:0 5180
5179 10041 21:0 5191
5190 10042 21:0 5251
5250 10043 21:0 5256
5255 10073 21:0 5261
5260 10074 21:0 5327
5326 10075 21:0 5332
5331 10076 21:0 5337
5336 10106 21:0 5392
5391 10107 21:0 5408
5407 10108 21:0 5413
5412 10109 21:0 5463
5462 10139 21:0 5479
5478 10142 21:0 5489
5488 10141 21:0 5525
5524 10140 21:0 5555
5554 10172 21:0 5565
5564 10174 21:0 5579
5578 10173 21:0 5631
5630 10175 21:0 5636
5635 10205 21:0 5647
5646 10207 21:0 5650
5649 10208 21:0 5658
5655 8862 1:0 5663
5656 8832 1:0 5696
5656 8830 1:0 5776
5657 10206 21:0 5663
5662 10238 21:0 5670
5662 8831 1:0 5784
5665 8829 1:0 5794
5665 8799 1:0 5827
5669 10239 21:0 5698
5671 8797 1:0 5907
5671 8798 1:0 5915
5675 8796 1:0 5925
5697 10240 21:0 5778
5699 8764 1:0 5958
5704 8766 1:0 6038
5758 8765 1:0 6046
5777 10241 21:0 5781
5779 8763 1:0 6056
5780 10271 21:0 5789
5786 8733 1:0 6089
5787 8732 1:0 6169
5788 301 21:0 5792
5790 8731 1:0 6176
5791 10273 21:0 5798
5796 8730 1:0 6187
5796 8700 1:0 6220
5797 10274 21:0 5801
5799 8698 1:0 6300
5800 10272 21:0 5880
5802 8699 1:0 6308
5802 8697 1:0 6318
5807 8665 1:0 6351
5835 8667 1:0 6431
5879 10304 21:0 5909
5881 8666 1:0 6439
5889 8664 1:0 6449
5908 10305 21:0 5912
5910 8632 1:0 6482
5917 8634 1:0 6562
5918 8633 1:0 6570
5927 8631 1:0 6580
5927 8601 1:0 6613
5933 8600 1:0 6693
5938 8599 1:0 6700
5966 8598 1:0 6711
6048 8566 1:0 6744
6049 8568 1:0 6824
6058 8567 1:0 6832
6058 8565 1:0 6842
6064 8535 1:0 6875
6084 8533 1:0 6955
6097 8534 1:0 6963
6179 8532 1:0 6973
6180 8511 1:0 6978
6180 8501 1:0 7006
6189 8502 1:0 7086
6189 8500 1:0 7093
6195 8498 1:0 7097
6200 8499 1:0 7104
6228 8469 1:0 7137
6310 8468 1:0 7217
6311 8467 1:0 7224
6311 9609 1:0 7240
6320 8466 1:0 7235
6320 8436 1:0 7268
6328 8435 1:0 7348
6329 9160 21:0 6353
6347 8434 1:0 7355
6359 8433 1:0 7366
6439 9210 21:0 6444
6441 8403 1:0 7399
6442 8402 1:0 7479
6451 8401 1:0 7486
6451 8400 1:0 7497
6457 8370 1:0 7530
6461 8368 1:0 7610
6478 8369 1:0 7618
6490 8354 1:0 7658
6531 302 1:0 8958
6572 8367 1:0 7628
6573 10305 1:0 8967
6591 9274 21:0 6615
6701 9324 21:0 6706
6974 9442 21:0 6977
7367 9613 21:0 7370
7618 9723 21:0 7623
7629 9727 21:0 7632
7639 9730 21:0 7663
7808 11251 21:0 7816
7816 11254 21:0 7882
7881 11252 21:0 7887
7886 11284 21:0 7892
7892 11287 21:0 7958
7957 11286 21:0 7963
7962 11315 21:0 7963
7965 11318 21:0 7982
7981 11285 21:0 8034
8033 11317 21:0 8039
8041 11352 21:0 8058
8057 11350 21:0 8110
8112 11383 21:0 8120
8119 11385 21:0 8170
8169 11320 21:0 8186
8193 11417 21:0 8210
8209 11416 21:0 8262
8261 11419 21:0 8267
8266 11449 21:0 8286
8285 11253 21:0 8338
8337 11319 21:0 8343
8342 11386 21:0 8348
8347 11353 21:0 8414
8413 11485 21:0 8419
8418 11483 21:0 8424
8423 11515 21:0 8479
8478 11517 21:0 8495
8494 11482 21:0 8500
8499 11518 21:0 8555
8554 11550 21:0 8568
8567 11516 21:0 8576
8575 11548 21:0 8626
8625 11583 21:0 8642
8644 11614 21:0 8652
8651 11582 21:0 8702
8701 11616 21:0 8718
8720 11647 21:0 8728
8727 11384 21:0 8778
8777 11452 21:0 8794
8793 11351 21:0 8804
8803 11648 21:0 8822
8821 11418 21:0 8870
8869 11451 21:0 8875
8874 11484 21:0 8894
8893 11450 21:0 8946
8945 11584 21:0 8951
8950 11549 21:0 8956
8970 300 1:0 2473
8971 10304 1:0 8978
8971 11549 1:0 8983
8980 10272 1:0 9011
8980 10274 1:0 9091
8988 10273 1:0 9099
8999 302 21:0 9013
9014 10271 1:0 9109
9101 11584 1:0 9114
9102 10241 1:0 9142
9111 10240 1:0 9222
9111 10239 1:0 9229
9117 10238 1:0 9240
9121 11450 1:0 9245
9150 10206 1:0 9273
9232 10208 1:0 9353
9233 10207 1:0 9361
9242 10205 1:0 9371
9242 11484 1:0 9376
9248 10175 1:0 9404
9253 10173 1:0 9484
9281 10174 1:0 9492
9363 9210 1:0 9495
9364 10172 1:0 9502
9364 11451 1:0 9507
9373 10140 1:0 9535
9373 10142 1:0 9615
9381 10141 1:0 9623
9384 9160 1:0 9626
9412 10139 1:0 9633
9494 11418 1:0 9638
9495 10109 1:0 9666
9504 10108 1:0 9746
9504 10107 1:0 9753
9510 9324 1:0 9757
9514 10106 1:0 9764
9531 11648 1:0 9769
9543 9274 1:0 9888
9625 10076 1:0 9797
9626 10075 1:0 9877
9635 10074 1:0 9884
9635 10073 1:0 9895
9641 11351 1:0 9900
9661 10043 1:0 9928
9674 9613 1:0 10019
9756 10042 1:0 10008
9757 10041 1:0 10015
9766 10040 1:0 10026
9766 11452 1:0 10031
9772 10010 1:0 10059
9777 10009 1:0 10139
9805 10008 1:0 10146
9887 9730 1:0 10150
9888 10007 1:0 10157
9888 11384 1:0 10162
9897 9975 1:0 10190
9897 9977 1:0 10270
9905 9976 1:0 10278
9908 9442 1:0 10281
9936 9974 1:0 10288
10018 11647 1:0 10293
10019 9944 1:0 10321
10028 9943 1:0 10401
10028 9942 1:0 10408
10034 9723 1:0 10412
10038 9941 1:0 10419
10067 11616 1:0 10424
10108 9727 1:0 10543
10149 9911 1:0 10452
10150 9909 1:0 10532
10159 9910 1:0 10540
10159 9908 1:0 10550
10167 11582 1:0 10555
10185 9878 1:0 10583
10186 9788 1:0 10674
10280 9876 1:0 10663
10281 9877 1:0 10671
10290 9875 1:0 10681
10290 11614 1:0 10686
10296 9845 1:0 10714
10300 9843 1:0 10794
10301 9787 1:0 10805
10316 5476 1:0 11091
10329 9844 1:0 10802
10411 9842 1:0 10812
10412 11583 1:0 10817
10421 9812 1:0 10845
10421 9810 1:0 10925
10427 9811 1:0 10933
10429 9794 1:0 10936
10448 9809 1:0 10943
10460 9795 1:0 10945
10460 303 1:0 10958
10542 11548 1:0 10958
10543 11516 1:0 11030
10552 11550 1:0 11061
10552 11518 1:0 11072
10558 5485 1:0 11078
10558 5482 1:0 11081
10560 5481 1:0 11081
10560 5475 1:0 11091
10563 5483 1:0 11091
10578 5480 1:0 11091
10591 5484 1:0 11117
10591 5487 1:0 11163
10673 5486 1:0 11249
10673 5631 1:0 11299
10674 11482 1:0 11293
10674 5628 1:0 11299
10674 5621 1:0 11299
10683 5632 1:0 11302
10683 5622 1:0 11302
10683 5633 1:0 11330
10683 5634 1:0 11330
10689 5630 1:0 11381
10689 5629 1:0 11450
10709 11517 1:0 11503
10763 11515 1:0 11514
10804 5776 1:0 11520
10804 5777 1:0 11523
10805 5768 1:0 11523
10805 5780 1:0 11551
10805 5781 1:0 11551
10814 11483 1:0 11724
10814 5778 1:0 11602
10814 5779 1:0 11682
10822 11485 1:0 11735
10825 5925 1:0 11741
10840 5921 1:0 11754
10841 5924 1:0 11744
10853 5926 1:0 11754
10935 5916 1:0 11754
10935 5923 1:0 11782
10935 6069 1:0 11962
10936 5927 1:0 11826
10936 5928 1:0 11913
10936 6070 1:0 11962
10945 11353 1:0 11956
10945 6068 1:0 11965
10945 6072 1:0 11965
10951 6071 1:0 11993
10951 6075 1:0 11993
10955 6074 1:0 12044
10956 6216 1:0 12183
10971 6073 1:0 12124
10972 6210 1:0 12186
11025 11386 1:0 12166
11068 11319 1:0 12177
11069 6218 1:0 12183
11069 6217 1:0 12186
11069 6213 1:0 12301
11069 6359 1:0 12435
11078 6221 1:0 12214
11078 6220 1:0 12214
11078 6222 1:0 12265
11078 6219 1:0 12344
11086 11253 1:0 12387
11097 303 21:0 11111
11105 11284 1:0 12398
11117 6368 1:0 12404
11158 6367 1:0 12407
11171 6369 1:0 12435
11187 6364 1:0 12435
11187 6365 1:0 12486
11188 6358 1:0 12523
11197 6503 1:0 12619
11209 5476 21:0 11228
11229 5480 21:0 11253
11237 6366 1:0 12565
11247 6504 1:0 12625
11257 11320 1:0 12608
11259 5486 21:0 11281
11280 5487 21:0 11284
11283 5484 21:0 11284
11283 5483 21:0 11292
11289 11449 1:0 12619
11290 6513 1:0 12625
11290 6510 1:0 12625
11290 6509 1:0 12628
11290 6516 1:0 12628
11290 6506 1:0 12744
11290 6650 1:0 12846
11290 6652 1:0 12877
11291 5482 21:0 11295
11294 5485 21:0 11295
11294 5475 21:0 11301
11296 6514 1:0 12656
11296 6512 1:0 12656
11299 11419 1:0 12829
11299 6515 1:0 12707
11299 6511 1:0 12776
11300 5481 21:0 11301
11305 11416 1:0 12840
11307 6660 1:0 12846
11309 6656 1:0 12846
11310 6651 1:0 12849
11325 6661 1:0 12849
11326 6654 1:0 12877
11326 6655 1:0 12965
11326 6797 1:0 13070
11338 6663 1:0 12877
11379 6662 1:0 12877
11392 6658 1:0 12928
11408 6659 1:0 12998
11458 11317 1:0 13050
11460 5629 21:0 11502
11478 11350 1:0 13061
11501 5630 21:0 11505
11504 5634 21:0 11505
11504 5633 21:0 11513
11510 6809 1:0 13067
11510 6810 1:0 13070
11511 6806 1:0 13098
11511 6808 1:0 13098
11511 6807 1:0 13149
11512 5632 21:0 11516
11514 6951 1:0 13282
11514 6946 1:0 13407
11514 7095 1:0 13640
11515 5622 21:0 11516
11515 5631 21:0 11516
11515 5628 21:0 11522
11517 6805 1:0 13218
11517 6952 1:0 13288
11517 6945 1:0 13288
11520 11417 1:0 13271
11520 11285 1:0 13282
11521 5621 21:0 11522
11523 6950 1:0 13288
11523 6944 1:0 13291
11526 6957 1:0 13291
11528 6956 1:0 13319
11531 6955 1:0 13319
11547 6954 1:0 13370
11559 6953 1:0 13440
11613 11385 1:0 13492
11630 11383 1:0 13503
11641 5768 21:0 11685
11679 7091 1:0 13503
11681 7100 1:0 13509
11688 5779 21:0 11723
11689 7097 1:0 13509
11689 7092 1:0 13509
11689 7098 1:0 13512
11699 7102 1:0 13512
11722 5778 21:0 11726
11725 5780 21:0 11726
11725 5781 21:0 11734
11731 7104 1:0 13540
11731 7099 1:0 13540
11732 7103 1:0 13591
11732 7101 1:0 13670
11732 7249 1:0 13730
11733 5777 21:0 11737
11735 7244 1:0 13730
11735 7245 1:0 13733
11736 5776 21:0 11737
11738 11352 1:0 13718
11741 11318 1:0 13724
11741 7251 1:0 13733
11741 7247 1:0 13761
11747 7250 1:0 13761
11749 7246 1:0 13812
11752 7248 1:0 13891
11767 7242 1:0 13849
11767 7388 1:0 13954
11780 11286 1:0 13934
11821 7392 1:0 13951
11849 11287 1:0 13945
11850 7395 1:0 13951
11850 7385 1:0 13954
11859 5916 21:0 11905
11900 7396 1:0 13954
11902 11315 1:0 13959
11910 7394 1:0 13962
11919 5928 21:0 11944
11920 7398 1:0 13989
11943 5927 21:0 11947
11946 5923 21:0 11947
11946 5926 21:0 11955
11952 7393 1:0 14036
11952 7397 1:0 14122
11953 11254 1:0 14166
11953 7541 1:0 14172
11954 5924 21:0 11958
11956 7532 1:0 14172
11957 5925 21:0 11958
11957 5921 21:0 11964
11959 7538 1:0 14175
11959 7540 1:0 14175
11959 7533 1:0 14185
11959 7539 1:0 14185
11962 7545 1:0 14185
11962 7543 1:0 14212
11962 7542 1:0 14257
11962 7544 1:0 14343
11968 11252 1:0 14380
11970 7682 1:0 14424
11970 7684 1:0 14424
11988 11251 1:0 14387
11989 7685 1:0 14393
11989 7680 1:0 14393
12001 7689 1:0 14393
12042 7686 1:0 14396
12050 7687 1:0 14396
12055 7683 1:0 14524
12070 7688 1:0 14424
12071 7779 1:0 14574
12071 7692 1:0 14424
12072 7780 1:0 14605
12121 7691 1:0 14475
12130 6073 21:0 12165
12131 7690 1:0 14555
12164 6074 21:0 12168
12167 6075 21:0 12168
12167 6071 21:0 12176
12175 6072 21:0 12179
12178 6068 21:0 12179
12178 6070 21:0 12179
12178 6069 21:0 12185
12301 6210 21:0 12347
12346 6213 21:0 12353
12354 6219 21:0 12386
12385 6222 21:0 12389
12388 6220 21:0 12389
12388 6221 21:0 12397
12396 6217 21:0 12400
12399 6216 21:0 12400
12399 6218 21:0 12400
12535 6358 21:0 12554
12553 6359 21:0 12561
12575 6366 21:0 12607
12606 6365 21:0 12610
12609 6364 21:0 12610
12609 6369 21:0 12618
12617 6367 21:0 12621
12620 6368 21:0 12621
12753 6506 21:0 12773
12786 6511 21:0 12828
12827 6515 21:0 12831
12830 6512 21:0 12831
12830 6514 21:0 12839
12838 6516 21:0 12842
12841 6509 21:0 12842
12841 6513 21:0 12842
12841 6504 21:0 12848
12847 6503 21:0 12848
12847 6510 21:0 12848
12984 6655 21:0 12998
12997 6654 21:0 13004
13004 6659 21:0 13049
13048 6658 21:0 13052
13051 6663 21:0 13052
13051 6662 21:0 13060
13059 6661 21:0 13063
13062 6660 21:0 13063
13062 6651 21:0 13063
13062 6650 21:0 13069
13068 6652 21:0 13069
13068 6656 21:0 13069
13228 6805 21:0 13270
13269 6807 21:0 13273
13272 6806 21:0 13273
13272 6808 21:0 13281
13280 6810 21:0 13284
13283 6797 21:0 13284
13283 6809 21:0 13284
13419 6946 21:0 13438
13446 6953 21:0 13491
13490 6954 21:0 13494
13493 6955 21:0 13494
13493 6956 21:0 13502
13501 6957 21:0 13505
13504 6952 21:0 13505
13504 6944 21:0 13505
13504 6945 21:0 13511
13510 6950 21:0 13511
13510 6951 21:0 13511
13627 7092 21:0 13673
13672 7095 21:0 13679
13680 7101 21:0 13712
13711 7103 21:0 13715
13714 7104 21:0 13715
13714 7099 21:0 13723
13722 7102 21:0 13726
13725 7098 21:0 13726
13725 7100 21:0 13726
13725 7097 21:0 13732
13731 7091 21:0 13732
13871 7242 21:0 13883
13901 7248 21:0 13933
13932 7246 21:0 13936
13935 7247 21:0 13936
13935 7250 21:0 13944
13943 7251 21:0 13947
13946 7245 21:0 13947
13946 7249 21:0 13947
13946 7244 21:0 13953
14072 7385 21:0 14116
14115 7388 21:0 14123
14132 7397 21:0 14154
14153 7393 21:0 14157
14156 7398 21:0 14157
14156 7394 21:0 14165
14164 7396 21:0 14168
14167 7395 21:0 14168
14167 7392 21:0 14174
14290 7533 21:0 14336
14353 7544 21:0 14375
14374 7542 21:0 14378
14377 7543 21:0 14378
14377 7545 21:0 14386
14385 7540 21:0 14389
14388 7541 21:0 14389
14388 7539 21:0 14395
14394 7538 21:0 14395
14394 7532 21:0 14395
14534 7683 21:0 14546
14545 7682 21:0 14552
14551 7684 21:0 14558
14561 7690 21:0 52
