78 49236 0:0 106
78 329 0:0 171
78 49143 0:0 238
1525 49913 21:0 1535
3502 298 21:0 3520
4738 51384 21:0 4748
4779 301 1:0 10222
6861 299 21:0 6879
8097 52855 21:0 8107
8138 302 1:0 13581
10220 300 21:0 10238
11456 54326 21:0 11466
11497 303 1:0 16940
13579 301 21:0 13597
14815 55797 21:0 14825
14856 304 1:0 20299
16938 302 21:0 16956
18174 57268 21:0 18184
18215 305 1:0 23658
20297 303 21:0 20315
21533 58739 21:0 21543
21574 306 1:0 27017
23656 304 21:0 23674
24892 60210 21:0 24902
24933 307 1:0 30376
27015 305 21:0 27033
28251 61681 21:0 28261
28292 308 1:0 33735
30374 306 21:0 30392
31610 63152 21:0 31620
31651 309 1:0 37094
33733 307 21:0 33751
34969 64623 21:0 34979
35010 310 1:0 40453
37092 308 21:0 37110
38328 66094 21:0 38338
38369 311 1:0 43812
40451 309 21:0 40469
41687 67565 21:0 41697
41728 312 1:0 47171
43810 310 21:0 43828
45046 69036 21:0 45056
45087 313 1:0 50530
47169 311 21:0 47187
48405 70507 21:0 48415
48446 314 1:0 53889
50528 312 21:0 50546
51764 71978 21:0 51774
51805 315 1:0 57248
53887 313 21:0 53905
55123 73449 21:0 55133
55164 316 1:0 60607
57246 314 21:0 57264
58482 74920 21:0 58492
58523 317 1:0 63966
60605 315 21:0 60623
61841 76391 21:0 61851
61882 318 1:0 67325
63964 316 21:0 63982
65200 77862 21:0 65210
65241 319 1:0 70684
67323 317 21:0 67341
68559 79333 21:0 68569
68600 320 1:0 74043
70682 318 21:0 70700
71918 80804 21:0 71928
71959 321 1:0 77402
74041 319 21:0 74059
75277 82275 21:0 75287
75318 322 1:0 80761
77400 320 21:0 77418
78636 83746 21:0 78646
78677 323 1:0 84120
80759 321 21:0 80777
84118 322 21:0 84136
85395 324 1:0 87479
87477 323 21:0 87495
88754 325 1:0 90838
88754 326 1:0 94197
88754 327 1:0 97556
88755 328 1:0 100915
90836 324 21:0 90854
91368 89323 21:0 91434
92113 89323 1:0 93282
94195 325 21:0 94213
94727 90794 21:0 94793
95472 90794 1:0 96641
95473 329 1:0 104274
97554 326 21:0 97572
98007 92231 21:0 98024
98831 92231 1:0 100139
98832 46936 1:0 105655
100913 327 21:0 100931
100986 93536 21:0 101003
100988 93537 0:0 100989
101004 93536 1:0 104152
101065 93571 21:0 101131
101132 93571 1:0 104014
101138 93602 21:0 101155
101156 93602 1:0 103890
101209 93634 21:0 101217
101218 93634 1:0 103770
101290 93669 21:0 101307
101308 93669 1:0 103629
101361 93700 21:0 101369
101370 93700 1:0 103508
101518 93767 21:0 101535
101536 93767 1:0 103235
101741 93865 21:0 101749
101750 93865 1:0 102853
102190 93537 1:0 104153
104272 328 21:0 104290
104345 95007 21:0 104362
105559 299 1:0 3504
105559 300 1:0 6863
105559 46939 1:0 105654
105560 46937 1:0 105654
105560 46942 1:0 105655
105560 46935 1:0 105656
105569 46938 1:0 105655
105569 46940 1:0 105655
105569 46930 1:0 105655
105569 46929 1:0 105656
105569 46941 1:0 105740
105575 47086 1:0 105875
105575 47084 1:0 105875
105579 47088 1:0 105876
105595 47085 1:0 105876
105596 47083 1:0 105876
105596 47082 1:0 105877
105608 47077 1:0 105876
105608 47087 1:0 105876
105649 47089 1:0 105962
105657 47076 1:0 105877
105677 47231 1:0 106096
105678 47233 1:0 106096
105679 47230 1:0 106097
105679 47229 1:0 106098
105728 47232 1:0 106097
105738 47234 1:0 106097
105748 47236 1:0 106097
105750 46941 21:0 105772
105771 46930 0:0 105772
105771 46937 0:0 105772
105771 46940 0:0 105772
105771 46938 0:0 105772
105771 46939 0:0 105772
105771 46929 0:0 105772
105771 46936 0:0 105772
105771 46942 0:0 105772
105771 46935 0:0 105772
105773 47224 1:0 106097
105773 47223 1:0 106098
105773 47235 1:0 106182
105773 47378 1:0 106317
105773 47380 1:0 106317
105773 47377 1:0 106318
105773 47370 1:0 106319
105780 47383 1:0 106318
105780 47379 1:0 106318
105781 47371 1:0 106318
105781 47381 1:0 106318
105781 47382 1:0 106403
105790 47376 1:0 106319
105790 47525 1:0 106535
105790 47518 1:0 106539
105790 47517 1:0 106539
105790 47523 1:0 106594
105790 47526 1:0 106605
105790 47527 1:0 106614
105796 47524 1:0 106595
105796 47528 1:0 106615
105800 47529 1:0 106624
105801 47664 1:0 106760
105816 47530 1:0 106625
105817 47665 1:0 106760
105829 47673 1:0 106756
105870 47672 1:0 106825
105883 47674 1:0 106835
105898 47670 1:0 106815
105898 47671 1:0 106816
105899 47675 1:0 106836
105900 47817 1:0 106984
105900 47812 1:0 106985
105949 47676 1:0 106845
105959 47677 1:0 106846
105968 47089 21:0 105993
105969 47821 1:0 106984
105991 47086 0:0 105993
105991 47084 0:0 105993
105991 47087 0:0 105993
105991 47085 0:0 105993
105991 47088 0:0 105993
105992 47082 0:0 105993
105992 47083 0:0 105993
105992 47076 0:0 105993
105992 47077 0:0 105993
105994 47813 1:0 106984
105994 47820 1:0 106984
105994 47822 1:0 106984
105994 47811 1:0 106984
105994 47823 1:0 106984
105994 47818 1:0 107037
105994 47959 1:0 107228
105994 48109 1:0 107444
106001 47819 1:0 106984
106001 47824 1:0 107067
106002 47969 1:0 107201
106002 47958 1:0 107227
106002 47964 1:0 107257
106002 47966 1:0 107267
106011 47967 1:0 107268
106011 47968 1:0 107277
106011 47971 1:0 107278
106011 47970 1:0 107278
106017 47965 1:0 107258
106017 48117 1:0 107422
106021 48114 1:0 107435
106022 48106 1:0 107435
106037 48116 1:0 107435
106038 48105 1:0 107434
106038 48112 1:0 107435
106050 48113 1:0 107435
106091 48111 1:0 107434
106099 48115 1:0 107435
106104 48108 1:0 107445
106104 48107 1:0 107458
106119 48118 1:0 107435
106120 48110 1:0 107469
106120 48265 1:0 107643
106120 48551 1:0 108088
106121 48252 1:0 107669
106170 48260 1:0 107709
106180 48261 1:0 107710
106190 48253 1:0 107670
106190 48258 1:0 107699
106190 48259 1:0 107700
106192 47235 21:0 106214
106213 47223 0:0 106214
106213 47224 0:0 106214
106213 47229 0:0 106214
106213 47230 0:0 106214
106213 47236 0:0 106214
106213 47233 0:0 106214
106213 47234 0:0 106214
106213 47232 0:0 106214
106213 47231 0:0 106214
106215 48262 1:0 107719
106215 48263 1:0 107720
106215 48264 1:0 107721
106215 48407 1:0 107864
106215 48399 1:0 107890
106222 48400 1:0 107891
106222 48408 1:0 107931
106222 48550 1:0 108087
106222 48549 1:0 108087
106223 48409 1:0 107940
106223 48410 1:0 107941
106223 48412 1:0 107942
106232 48405 1:0 107920
106232 48406 1:0 107921
106232 48411 1:0 107942
106232 48558 1:0 108085
106232 48553 1:0 108087
106232 48548 1:0 108087
106232 48546 1:0 108087
106232 48547 1:0 108088
106232 48697 1:0 108352
106238 48554 1:0 108087
106240 48559 1:0 108087
106243 48556 1:0 108087
106258 48557 1:0 108087
106259 48552 1:0 108141
106271 48555 1:0 108087
106312 48706 1:0 108306
106325 48703 1:0 108335
106341 48702 1:0 108335
106342 48704 1:0 108335
106391 48693 1:0 108332
106391 48694 1:0 108333
106391 48699 1:0 108334
106391 48700 1:0 108335
106401 48701 1:0 108335
106411 48705 1:0 108392
106413 47382 21:0 106435
106434 47377 0:0 106435
106434 47370 0:0 106435
106434 47371 0:0 106435
106434 47376 0:0 106435
106434 47381 0:0 106435
106434 47378 0:0 106435
106434 47379 0:0 106435
106434 47380 0:0 106435
106434 47383 0:0 106435
106436 48853 1:0 108527
106436 48842 1:0 108531
106436 48843 1:0 108531
106436 48844 1:0 108531
106436 48849 1:0 108531
106436 48840 1:0 108531
106436 48852 1:0 108531
106436 48846 1:0 108531
106436 48841 1:0 108532
106436 48845 1:0 108532
106443 48851 1:0 108531
106443 48848 1:0 108531
106444 48850 1:0 108531
106444 48847 1:0 108584
106444 48997 1:0 108748
106453 95007 1:0 108704
106453 48987 1:0 108774
106453 48988 1:0 108775
106453 48995 1:0 108814
106459 48996 1:0 108815
106459 48998 1:0 108820
106463 49000 1:0 108820
106464 48989 1:0 108784
106464 48990 1:0 108785
106479 48999 1:0 108820
106480 48993 1:0 108804
106480 48994 1:0 108805
106492 83746 1:0 108875
106492 79333 1:0 108875
106492 82275 1:0 108875
106492 48991 1:0 108794
106492 48992 1:0 108795
106533 80804 1:0 108875
106533 77862 1:0 108878
106541 76391 1:0 108878
106546 74920 1:0 108878
106546 73449 1:0 108878
106561 70507 1:0 108884
106561 69036 1:0 108884
106562 71978 1:0 108884
106562 67565 1:0 108884
106562 66094 1:0 108884
106562 60210 1:0 108887
106563 61681 1:0 108887
106611 47526 21:0 106656
106612 64623 1:0 108887
106612 63152 1:0 108887
106612 52855 1:0 108912
106622 57268 1:0 108912
106622 54326 1:0 108912
106622 55797 1:0 108912
106632 58739 1:0 108912
106632 298 1:0 108925
106654 47529 0:0 106656
106655 47518 0:0 106656
106655 47524 0:0 106656
106655 47530 0:0 106656
106655 47525 0:0 106656
106655 47527 0:0 106656
106655 47528 0:0 106656
106655 47523 0:0 106656
106655 47517 0:0 106656
106657 51384 1:0 108925
106657 49145 1:0 108969
106657 49144 1:0 108998
106657 49142 1:0 108998
106657 49147 1:0 108998
106664 49913 1:0 108997
106664 49134 1:0 108995
106664 49136 1:0 108997
106664 49140 1:0 108997
106664 49137 1:0 108998
106664 49146 1:0 108998
106665 49236 1:0 109096
106665 49135 1:0 108996
106665 49143 1:0 108998
106665 49141 1:0 108998
106665 49138 1:0 109015
106665 49237 1:0 109097
106835 47672 21:0 106877
106875 47674 0:0 106877
106876 47673 0:0 106877
106876 47677 0:0 106877
106876 47676 0:0 106877
106876 47665 0:0 106877
106876 47670 0:0 106877
106876 47671 0:0 106877
106876 47664 0:0 106877
106876 47675 0:0 106877
107043 47818 21:0 107068
107067 47821 21:0 107098
107096 47823 0:0 107098
107096 47819 0:0 107098
107096 47820 0:0 107098
107097 47824 0:0 107098
107097 47822 0:0 107098
107097 47817 0:0 107098
107097 47812 0:0 107098
107097 47811 0:0 107098
107097 47813 0:0 107098
107234 47959 21:0 107280
107279 47964 0:0 107287
107279 47958 0:0 107287
107280 47965 0:0 107288
107284 47969 21:0 107319
107318 47968 0:0 107319
107318 47971 0:0 107319
107318 47966 0:0 107319
107318 47967 0:0 107319
107318 47970 0:0 107322
107468 48107 21:0 107487
107486 48109 21:0 107494
107487 48108 0:0 107490
107493 48110 0:0 107495
107493 48111 21:0 107517
107517 48112 0:0 107540
107517 48106 0:0 107540
107517 48105 0:0 107540
107518 48117 21:0 107540
107539 48116 0:0 107540
107539 48118 0:0 107540
107539 48114 0:0 107540
107539 48115 0:0 107540
107539 48113 0:0 107540
107679 48252 21:0 107723
107722 48259 0:0 107730
107722 48253 0:0 107730
107723 48258 0:0 107731
107736 48265 21:0 107761
107759 48264 0:0 107761
107760 48260 0:0 107761
107760 48263 0:0 107761
107760 48262 0:0 107761
107760 48261 0:0 107764
107900 48399 21:0 107944
107943 48406 0:0 107951
107943 48400 0:0 107951
107943 48407 21:0 107982
107944 48405 0:0 107952
107981 48409 0:0 107982
107981 48410 0:0 107982
107981 48412 0:0 107982
107981 48411 0:0 107982
107981 48408 0:0 107985
108128 48549 21:0 108148
108138 48551 0:0 108143
108141 48550 0:0 108145
108147 48548 0:0 108151
108151 48552 21:0 108175
108174 48546 0:0 108185
108174 48547 0:0 108185
108174 48553 0:0 108185
108174 48555 0:0 108203
108181 48558 21:0 108203
108202 48557 0:0 108203
108202 48556 0:0 108203
108202 48559 0:0 108203
108202 48554 0:0 108203
108362 48697 21:0 108374
108373 48699 21:0 108398
108397 48693 0:0 108412
108397 48694 0:0 108412
108397 48700 0:0 108412
108397 48702 0:0 108424
108399 48706 21:0 108424
108422 48704 0:0 108424
108422 48701 0:0 108424
108423 48705 0:0 108424
108423 48703 0:0 108424
108570 48843 21:0 108590
108580 48845 0:0 108585
108583 48844 0:0 108587
108590 48847 21:0 108615
108615 48842 0:0 108617
108615 48846 0:0 108623
108615 48841 0:0 108623
108615 48840 0:0 108623
108620 48853 21:0 108645
108643 48852 0:0 108645
108643 48850 0:0 108645
108643 48851 0:0 108645
108644 48848 0:0 108645
108644 48849 0:0 108645
108784 48987 21:0 108828
108821 48990 0:0 108823
108821 48992 0:0 108823
108827 48988 0:0 108835
108828 48989 0:0 108831
108828 48991 0:0 108831
108828 48993 0:0 108836
108828 48994 0:0 108836
108834 48997 21:0 108866
108865 48998 0:0 108866
108865 48996 0:0 108866
108865 49000 0:0 108866
108865 48995 0:0 108866
108865 48999 0:0 108869
109015 49136 0:0 109024
109025 49138 21:0 109037
109036 49137 0:0 109038
109036 49134 0:0 109044
109036 49135 0:0 109044
109036 49140 21:0 109061
109060 49141 0:0 109075
109060 49145 21:0 109086
109083 49146 0:0 109085
109083 49144 0:0 109085
109084 49142 0:0 109085
109084 49147 0:0 109085
109103 49237 21:0 78
