50 7819 21:0 92
91 7818 21:0 103
102 7817 21:0 108
107 7816 21:0 108
107 7814 21:0 113
112 7908 21:0 113
112 7806 21:0 113
112 7909 21:0 113
1273 8473 21:0 1283
3326 9439 21:0 3392
3399 9470 21:0 3416
3415 9472 21:0 3468
3475 9503 21:0 3492
3491 9505 21:0 3544
3622 9568 21:0 3630
3698 9601 21:0 3706
3774 9634 21:0 3782
3858 9670 21:0 3924
3923 9669 21:0 3929
3931 9701 21:0 3948
4078 9766 21:0 4086
4154 9799 21:0 4162
4162 9802 21:0 4228
4227 9801 21:0 4233
4382 9898 21:0 4390
4458 9931 21:0 4466
4527 9931 1:0 4535
4528 9898 1:0 4666
4537 9802 1:0 5041
4537 9801 1:0 5049
4543 9799 1:0 5059
4547 9766 1:0 5190
4576 9701 1:0 5441
4658 9670 1:0 5565
4659 9669 1:0 5573
4668 9634 1:0 5714
4668 9601 1:0 5845
4674 9568 1:0 5976
4679 9505 1:0 6220
4707 9503 1:0 6227
4789 9472 1:0 6351
4790 9470 1:0 6358
4799 9439 1:0 6482
6682 10909 21:0 6699
6834 10975 21:0 6851
6905 11006 21:0 6913
6912 11008 21:0 6963
6989 11042 21:0 7055
7057 11072 21:0 7065
7064 11073 21:0 7115
7138 11106 21:0 7155
7154 11105 21:0 7207
7214 11139 21:0 7231
7293 11174 21:0 7359
7518 11272 21:0 7535
7534 11271 21:0 7587
7594 11304 21:0 7611
7610 11305 21:0 7663
7670 11338 21:0 7687
7741 11369 21:0 7749
7886 11369 1:0 8025
7887 11338 1:0 8146
7896 11305 1:0 8269
7896 11304 1:0 8276
7902 11271 1:0 8400
7907 11272 1:0 8408
7935 11174 1:0 8793
8017 11139 1:0 8931
8018 11106 1:0 9062
8027 11105 1:0 9073
8027 11073 1:0 9193
8033 11072 1:0 9204
8038 11042 1:0 9317
8066 11008 1:0 9456
8148 11006 1:0 9466
8149 10975 1:0 9587
8158 10909 1:0 9849
10041 12380 21:0 10058
10117 12413 21:0 10134
10193 12446 21:0 10210
10209 12444 21:0 10262
10272 12480 21:0 10338
10348 12513 21:0 10414
10568 12609 21:0 10576
10649 12643 21:0 10666
10665 12644 21:0 10718
10720 12675 21:0 10728
10727 12676 21:0 10778
10777 12678 21:0 10794
10801 12710 21:0 10818
10817 12708 21:0 10870
10869 12677 21:0 10875
11029 12808 21:0 11046
11105 12841 21:0 11126
11255 5613 1:0 11265
11255 5611 1:0 11268
11256 5609 1:0 11278
11256 5610 1:0 11305
11256 5612 1:0 11350
11265 12841 1:0 11473
11265 5614 1:0 11437
11265 5761 1:0 11486
11271 5756 1:0 11489
11273 5758 1:0 11499
11276 5757 1:0 11526
11292 5759 1:0 11571
11304 5760 1:0 11657
11358 12808 1:0 11694
11374 5908 1:0 11707
11375 5907 1:0 11710
11424 5905 1:0 11738
11434 5906 1:0 11738
11443 5614 21:0 11468
11444 5903 1:0 11789
11467 5612 21:0 11471
11470 5610 21:0 11471
11470 5609 21:0 11479
11476 5904 1:0 11859
11476 6053 1:0 11928
11477 12677 1:0 11922
11477 6055 1:0 11931
11478 5611 21:0 11482
11481 5613 21:0 11482
11483 6051 1:0 11959
11483 6052 1:0 11959
11486 12708 1:0 12132
11486 6054 1:0 12010
11486 6050 1:0 12079
11494 12678 1:0 12143
11497 6198 1:0 12149
11512 6200 1:0 12152
11513 6196 1:0 12152
11513 6189 1:0 12190
11525 6199 1:0 12180
11566 6197 1:0 12180
11574 6343 1:0 12370
11594 6201 1:0 12234
11595 6202 1:0 12321
11595 6336 1:0 12370
11596 6342 1:0 12373
11655 12710 1:0 12358
11665 6347 1:0 12370
11667 5760 21:0 11689
11688 5759 21:0 11692
11691 5757 21:0 11692
11691 5758 21:0 11700
11697 12676 1:0 12364
11698 6348 1:0 12373
11698 6349 1:0 12401
11698 6345 1:0 12401
11699 5756 21:0 11703
11701 6484 1:0 12591
11702 5761 21:0 11703
11704 6344 1:0 12452
11704 6346 1:0 12531
11707 12644 1:0 12574
11707 12675 1:0 12585
11713 6493 1:0 12591
11713 6483 1:0 12591
11713 6490 1:0 12594
11717 6495 1:0 12594
11733 6496 1:0 12622
11746 6494 1:0 12622
11787 6492 1:0 12673
11795 6491 1:0 12742
11800 6636 1:0 12815
11816 12643 1:0 12799
11817 6783 1:0 13108
11865 5904 21:0 11910
11866 6641 1:0 12812
11876 6643 1:0 12815
11886 6638 1:0 12843
11909 5903 21:0 11913
11912 5905 21:0 11913
11912 5906 21:0 11921
11918 6642 1:0 12843
11918 6639 1:0 12894
11919 12609 1:0 13027
11919 6640 1:0 12973
11920 5907 21:0 11924
11922 6784 1:0 13175
11923 5908 21:0 11924
11925 6786 1:0 13027
11925 6789 1:0 13033
11928 6790 1:0 13036
11928 6787 1:0 13061
11928 6785 1:0 13108
11928 6788 1:0 13120
11934 6936 1:0 13248
11936 6933 1:0 13254
11939 6935 1:0 13257
11954 6931 1:0 13336
11955 6937 1:0 13282
11967 6932 1:0 13320
12008 6934 1:0 13415
12016 7078 1:0 13488
12021 7077 1:0 13488
12037 12513 1:0 13469
12038 7225 1:0 13699
12087 7083 1:0 13475
12089 6050 21:0 12131
12097 7082 1:0 13478
12107 7081 1:0 13488
12130 6054 21:0 12134
12133 6051 21:0 12134
12133 6052 21:0 12142
12139 7080 1:0 13514
12139 7079 1:0 13560
12140 12480 1:0 13690
12140 7084 1:0 13647
12141 6055 21:0 12145
12144 6053 21:0 12145
12146 7228 1:0 13696
12146 7231 1:0 13699
12149 7230 1:0 13727
12149 7226 1:0 13727
12149 7229 1:0 13778
12149 7227 1:0 13848
12155 7378 1:0 13911
12157 7374 1:0 13917
12160 7377 1:0 13920
12175 7373 1:0 13929
12176 7371 1:0 13929
12176 7365 1:0 14028
12188 7376 1:0 13956
12229 7375 1:0 14002
12237 7372 1:0 14059
12242 7512 1:0 14223
12258 12446 1:0 14126
12270 6189 21:0 12314
12318 12444 1:0 14132
12327 6202 21:0 12352
12328 7521 1:0 14138
12351 6201 21:0 12355
12354 6197 21:0 12355
12354 6199 21:0 12363
12360 7520 1:0 14141
12360 7524 1:0 14169
12361 7522 1:0 14169
12361 7523 1:0 14220
12361 7525 1:0 14310
12362 6200 21:0 12366
12364 7667 1:0 14359
12365 6198 21:0 12366
12365 6196 21:0 12372
12367 12413 1:0 14347
12370 7660 1:0 14362
12370 7668 1:0 14362
12370 7672 1:0 14390
12370 7669 1:0 14390
12373 7671 1:0 14441
12376 7670 1:0 14521
12381 12380 1:0 14568
12397 7814 1:0 14574
12409 7816 1:0 14580
12450 7817 1:0 14583
12463 7818 1:0 14593
12478 7908 1:0 14593
12478 7807 1:0 14692
12479 7819 1:0 14619
12479 7806 1:0 14691
12480 7909 1:0 14738
12491 6336 21:0 12535
12529 7815 1:0 14665
12531 8473 1:0 14779
12541 6346 21:0 12573
12572 6344 21:0 12576
12575 6345 21:0 12576
12575 6349 21:0 12584
12583 6348 21:0 12587
12586 6342 21:0 12587
12586 6347 21:0 12587
12586 6343 21:0 12593
12752 6491 21:0 12794
12793 6492 21:0 12797
12796 6496 21:0 12797
12796 6494 21:0 12805
12804 6495 21:0 12808
12807 6484 21:0 12808
12807 6483 21:0 12808
12807 6490 21:0 12808
12807 6493 21:0 12814
12983 6640 21:0 13015
13014 6639 21:0 13018
13017 6642 21:0 13018
13017 6638 21:0 13026
13025 6643 21:0 13029
13028 6641 21:0 13029
13028 6636 21:0 13029
13181 6784 21:0 13207
13206 6788 21:0 13236
13235 6785 21:0 13239
13238 6783 21:0 13239
13238 6787 21:0 13247
13246 6790 21:0 13247
13246 6789 21:0 13250
13249 6786 21:0 13253
13425 6934 21:0 13457
13456 6931 21:0 13457
13456 6932 21:0 13460
13459 6937 21:0 13468
13467 6935 21:0 13468
13467 6933 21:0 13471
13470 6936 21:0 13471
13626 7077 21:0 13650
13653 7084 21:0 13678
13677 7079 21:0 13681
13680 7080 21:0 13681
13680 7081 21:0 13689
13688 7082 21:0 13692
13691 7083 21:0 13692
13691 7078 21:0 13698
13854 7227 21:0 13899
13898 7229 21:0 13902
13901 7230 21:0 13902
13901 7226 21:0 13910
13909 7231 21:0 13913
13912 7228 21:0 13913
13912 7225 21:0 13913
14038 7365 21:0 14082
14088 7375 21:0 14120
14119 7376 21:0 14123
14122 7373 21:0 14123
14122 7377 21:0 14131
14130 7374 21:0 14134
14133 7372 21:0 14134
14133 7378 21:0 14134
14133 7371 21:0 14140
14259 7512 21:0 14304
14316 7525 21:0 14341
14340 7523 21:0 14344
14343 7522 21:0 14344
14343 7524 21:0 14352
14351 7520 21:0 14355
14354 7521 21:0 14355
14477 7660 21:0 14523
14527 7670 21:0 14562
14561 7671 21:0 14565
14564 7672 21:0 14565
14564 7669 21:0 14573
14572 7668 21:0 14576
14575 7667 21:0 14576
14698 7807 21:0 14744
14743 7815 21:0 51
