50 8652 0:0 52
50 8653 0:0 52
51 8655 0:0 52
51 8651 0:0 52
51 8656 0:0 52
60 8781 21:0 93
95 8774 21:0 104
102 8789 0:0 104
106 8802 21:0 114
113 8803 0:0 114
113 8804 21:0 180
162 8814 0:0 164
168 8821 0:0 169
168 8818 0:0 169
178 8805 0:0 180
182 8835 21:0 190
189 8837 0:0 190
189 8834 0:0 190
189 8836 21:0 256
244 8851 0:0 245
244 8854 0:0 245
254 8838 0:0 256
258 8868 21:0 266
265 8869 0:0 266
265 8870 21:0 332
330 8871 0:0 332
331 8888 0:0 332
331 8873 0:0 332
334 8901 21:0 342
341 8900 0:0 342
341 8903 0:0 342
341 8902 21:0 408
406 8904 0:0 408
410 8934 21:0 418
417 8935 0:0 418
417 8936 21:0 484
472 8950 0:0 473
472 8953 0:0 473
472 8952 0:0 473
482 8937 0:0 484
483 8954 0:0 484
483 8965 0:0 484
486 8967 21:0 494
493 8969 0:0 494
493 8966 0:0 494
493 8968 21:0 560
506 8959 0:0 508
507 8978 0:0 508
542 8979 0:0 544
548 8983 0:0 549
548 8986 0:0 549
548 8985 0:0 549
558 8970 0:0 560
559 8987 0:0 560
559 8972 0:0 560
559 8998 0:0 560
562 9000 21:0 570
569 9002 0:0 570
569 8999 0:0 570
569 9001 21:0 636
582 8992 0:0 584
624 9016 0:0 625
624 9019 0:0 625
634 9003 0:0 636
635 9005 0:0 636
638 9033 21:0 646
645 9034 0:0 646
645 9035 21:0 712
658 9025 0:0 660
659 9044 0:0 660
694 9045 0:0 696
700 9049 0:0 701
710 9036 0:0 712
711 9038 0:0 712
714 9066 21:0 722
721 9065 0:0 722
721 9068 0:0 722
721 9067 21:0 788
776 9085 0:0 777
776 9084 0:0 777
786 9069 0:0 788
790 9099 21:0 798
797 9101 0:0 798
797 9100 21:0 864
862 9102 0:0 864
866 9132 21:0 874
873 9133 0:0 874
873 9134 21:0 940
887 9143 0:0 888
928 9151 0:0 929
938 9135 0:0 940
942 9165 21:0 950
949 9167 0:0 950
949 9164 0:0 950
949 9166 21:0 1016
1014 9168 0:0 1016
1018 9198 21:0 1026
1025 9199 0:0 1026
1025 9200 21:0 1092
1074 9210 0:0 1076
1080 9214 0:0 1081
1090 9201 0:0 1092
1091 9218 0:0 1092
1091 9203 0:0 1092
1094 9231 21:0 1102
1101 9232 0:0 1102
1101 9230 0:0 1102
1101 9233 21:0 1168
1114 9223 0:0 1116
1166 9234 0:0 1168
1170 9264 21:0 1178
1177 9265 0:0 1178
1177 9266 21:0 1244
1232 9280 0:0 1233
1242 9267 0:0 1244
1243 9269 0:0 1244
1246 9297 21:0 1254
1253 9298 0:0 1254
1253 9299 21:0 1320
1318 9300 0:0 1320
1319 9317 0:0 1320
1322 9330 21:0 1330
1329 9332 0:0 1330
1329 9331 21:0 1396
1394 9333 0:0 1396
1398 9363 21:0 1406
1405 9364 0:0 1406
1405 9365 0:0 1406
1418 9375 21:0 1457
1455 9376 0:0 1457
1457 9383 0:0 1462
1457 9382 0:0 1462
1457 9380 0:0 1462
1464 9369 21:0 1473
1471 9384 0:0 1473
1471 9366 0:0 1473
1472 9395 21:0 1473
1474 9366 1:0 2779
1475 9397 21:0 1483
1476 13 0:0 1478
1482 9396 0:0 1483
1482 9398 0:0 1483
1482 9399 21:0 1549
1495 9389 0:0 1497
1496 9408 0:0 1497
1531 9409 0:0 1533
1537 9415 0:0 1538
1537 9416 0:0 1538
1537 9413 0:0 1538
1547 9400 0:0 1549
1548 9417 0:0 1549
1548 9428 0:0 1549
1548 9402 0:0 1549
1551 9430 21:0 1559
1558 9429 0:0 1559
1558 35 0:0 1559
1558 9432 0:0 1559
1558 9431 21:0 1625
1571 9422 0:0 1573
1572 9441 0:0 1573
1607 9442 0:0 1609
1613 9448 0:0 1614
1613 9449 0:0 1614
1613 9446 0:0 1614
1623 9433 0:0 1625
1624 9435 0:0 1625
1624 9450 0:0 1625
1624 9461 0:0 1625
1627 9463 21:0 1635
1634 9465 0:0 1635
1634 9462 0:0 1635
1634 9464 21:0 1701
1647 9455 0:0 1649
1648 9474 0:0 1649
1683 9475 0:0 1685
1689 9479 0:0 1690
1689 9481 0:0 1690
1689 9482 0:0 1690
1699 9466 0:0 1701
1700 9494 0:0 1701
1700 9468 0:0 1701
1700 9483 0:0 1701
1703 9496 21:0 1711
1704 67 0:0 1706
1710 9495 0:0 1711
1710 9497 0:0 1711
1710 9498 21:0 1777
1723 69 0:0 1725
1723 9488 0:0 1725
1724 9507 0:0 1725
1759 9508 0:0 1761
1765 9515 0:0 1766
1765 9514 0:0 1766
1765 9512 0:0 1766
1775 9499 0:0 1777
1776 9527 0:0 1777
1776 9501 0:0 1777
1776 9516 0:0 1777
1779 9529 21:0 1787
1786 9531 0:0 1787
1786 9528 0:0 1787
1786 9530 21:0 1853
1799 9521 0:0 1801
1799 87 0:0 1801
1800 9540 0:0 1801
1835 9541 0:0 1837
1841 9548 0:0 1842
1841 9545 0:0 1842
1841 9547 0:0 1842
1851 9532 0:0 1853
1852 9534 0:0 1853
1852 9560 0:0 1853
1852 9549 0:0 1853
1855 9562 21:0 1863
1856 103 0:0 1858
1862 9561 0:0 1863
1862 9563 0:0 1863
1862 107 0:0 1863
1862 9564 21:0 1929
1875 9554 0:0 1877
1875 105 0:0 1877
1876 9573 0:0 1877
1911 9574 0:0 1913
1917 9580 0:0 1918
1917 9578 0:0 1918
1917 9581 0:0 1918
1927 9565 0:0 1929
1928 9567 0:0 1929
1928 9582 0:0 1929
1928 9593 0:0 1929
1931 9595 21:0 1939
1932 121 0:0 1934
1938 9596 0:0 1939
1938 9594 0:0 1939
1938 9597 21:0 2005
1951 9587 0:0 1953
1951 123 0:0 1953
1952 9606 0:0 1953
1987 9607 0:0 1989
1993 9611 0:0 1994
1993 9613 0:0 1994
1993 9614 0:0 1994
2003 9598 0:0 2005
2004 9600 0:0 2005
2004 9626 0:0 2005
2004 9615 0:0 2005
2007 9628 21:0 2015
2008 139 0:0 2010
2014 9627 0:0 2015
2014 9629 0:0 2015
2014 9630 21:0 2081
2027 9620 0:0 2029
2063 9640 0:0 2065
2069 9646 0:0 2070
2069 9647 0:0 2070
2069 9644 0:0 2070
2079 9631 0:0 2081
2080 9648 0:0 2081
2083 9661 21:0 2091
2084 157 0:0 2086
2090 9660 0:0 2091
2090 9663 0:0 2091
2090 9662 21:0 2157
2103 159 0:0 2105
2103 9653 0:0 2105
2104 9672 0:0 2105
2139 9673 0:0 2141
2145 9679 0:0 2146
2145 9680 0:0 2146
2155 9664 0:0 2157
2156 9666 0:0 2157
2156 9692 0:0 2157
2156 9681 0:0 2157
2159 9694 21:0 2167
2160 175 0:0 2162
2166 9695 0:0 2167
2166 9693 0:0 2167
2166 9696 21:0 2233
2231 9697 0:0 2233
2235 9727 21:0 2243
2236 193 0:0 2238
2242 9729 0:0 2243
2242 9728 21:0 2309
2307 9730 0:0 2309
2311 9760 21:0 2319
2318 9762 0:0 2319
2318 9761 21:0 2385
2383 9763 0:0 2385
2387 9793 21:0 2395
2394 9794 0:0 2395
2394 9795 21:0 2461
2459 9796 0:0 2461
2463 9826 21:0 2471
2470 9827 0:0 2471
2470 9828 21:0 2537
2535 9829 0:0 2537
2539 9859 21:0 2547
2546 9860 0:0 2547
2546 9861 21:0 2613
2559 267 0:0 2561
2611 9862 0:0 2613
2615 9892 21:0 2623
2622 9894 0:0 2623
2622 9893 21:0 2689
2687 9895 0:0 2689
2691 9925 21:0 2699
2698 9926 0:0 2699
2698 9927 21:0 2765
2763 9928 0:0 2765
2767 9958 21:0 2775
2774 9959 0:0 2775
2774 9960 21:0 2784
2776 9364 1:0 2785
2776 9365 1:0 2786
2783 9961 21:0 2794
2788 9363 1:0 2795
2789 9333 1:0 2901
2793 9639 21:0 2799
2795 9331 1:0 2907
2797 9332 1:0 2908
2797 9330 1:0 2917
2797 9317 1:0 2945
2798 9659 21:0 2799
2798 9858 21:0 2802
2801 9633 21:0 2802
2803 9300 1:0 3023
2814 336 21:0 2828
2821 9299 1:0 3030
2833 9298 1:0 3029
2878 9725 21:0 2903
2902 9870 21:0 2903
2902 9686 21:0 2906
2905 9792 21:0 2906
2905 9804 21:0 2913
2910 9297 1:0 3039
2910 9280 1:0 3075
2911 9269 1:0 3129
2911 9267 1:0 3145
2911 267 1:0 3147
2912 9818 21:0 2913
2912 9811 21:0 2916
2915 9857 21:0 2916
2915 9891 21:0 2921
2917 9266 1:0 3152
2919 9265 1:0 3151
2920 9812 21:0 2921
2920 9813 21:0 2924
2922 9264 1:0 3161
2923 9713 21:0 2924
2923 9877 21:0 2947
2925 9234 1:0 3267
2943 9233 1:0 3274
2946 9758 21:0 2950
2955 9232 1:0 3273
2955 9230 1:0 3277
3000 9677 21:0 3025
3024 9780 21:0 3025
3024 9743 21:0 3028
3027 9904 21:0 3028
3027 9706 21:0 3035
3032 9231 1:0 3283
3032 9223 1:0 3296
3032 9218 1:0 3311
3033 9214 1:0 3319
3033 9210 1:0 3345
3033 9203 1:0 3373
3033 9201 1:0 3389
3034 9776 21:0 3035
3034 9930 21:0 3038
3037 9911 21:0 3038
3037 9791 21:0 3043
3041 9199 1:0 3395
3041 9200 1:0 3396
3042 9890 21:0 3043
3042 9785 21:0 3046
3044 9198 1:0 3405
3045 9825 21:0 3046
3045 9924 21:0 3069
3047 9168 1:0 3511
3066 9166 1:0 3517
3068 9845 21:0 3072
3117 9167 1:0 3518
3117 9164 1:0 3521
3122 9936 21:0 3147
3146 9875 21:0 3147
3146 9739 21:0 3150
3149 9842 21:0 3150
3149 9752 21:0 3157
3154 9165 1:0 3527
3155 9151 1:0 3563
3155 9143 1:0 3613
3155 9135 1:0 3633
3156 9714 21:0 3157
3156 9765 21:0 3160
3159 9710 21:0 3160
3161 9134 1:0 3640
3163 9133 1:0 3639
3169 9132 1:0 3649
3169 193 1:0 3653
3188 9102 1:0 3755
3276 9100 1:0 3761
3277 9101 1:0 3762
3285 9099 1:0 3771
3285 175 1:0 3775
3285 9085 1:0 3807
3285 9084 1:0 3807
3291 9069 1:0 3877
3291 159 1:0 3879
3398 9067 1:0 3883
3398 9065 1:0 3887
3399 9068 1:0 3884
3407 9066 1:0 3893
3407 157 1:0 3897
3407 9049 1:0 3929
3407 9045 1:0 3955
3413 9044 1:0 3979
3413 9038 1:0 3983
3413 9036 1:0 3999
3520 9035 1:0 4006
3521 9034 1:0 4005
3521 9033 1:0 4015
3529 139 1:0 4019
3529 9025 1:0 4028
3529 9016 1:0 4051
3529 9019 1:0 4051
3535 9005 1:0 4105
3535 9003 1:0 4121
3554 9001 1:0 4127
3642 123 1:0 4123
3642 8999 1:0 4131
3643 9002 1:0 4128
3643 9000 1:0 4137
3651 121 1:0 4141
3651 8998 1:0 4146
3651 8992 1:0 4150
3651 8987 1:0 4165
3651 8986 1:0 4173
3651 8985 1:0 4173
3651 8979 1:0 4199
3657 8983 1:0 4173
3675 8970 1:0 4243
3764 8978 1:0 4223
3764 8972 1:0 4227
3764 105 1:0 4245
3765 8968 1:0 4249
3773 8969 1:0 4250
3773 8966 1:0 4253
3773 107 1:0 4255
3773 8967 1:0 4259
3779 103 1:0 4263
3779 8959 1:0 4272
3779 8954 1:0 4287
3783 8965 1:0 4268
3797 8952 1:0 4295
3885 10477 21:0 3889
3886 8953 1:0 4295
3886 8950 1:0 4295
3887 8937 1:0 4365
3887 87 1:0 4367
3887 8936 1:0 4372
3895 8935 1:0 4371
3901 8934 1:0 4381
3919 8904 1:0 4487
3920 69 1:0 4489
4008 8902 1:0 4493
4009 8903 1:0 4494
4009 8900 1:0 4497
4017 8901 1:0 4503
4017 67 1:0 4507
4017 8888 1:0 4531
4023 8873 1:0 4593
4023 8871 1:0 4609
4130 8870 1:0 4616
4131 8869 1:0 4615
4131 8868 1:0 4625
4139 8854 1:0 4661
4139 8851 1:0 4661
4139 8838 1:0 4731
4145 8836 1:0 4737
4175 8837 1:0 4738
4244 10598 21:0 4245
4252 8834 1:0 4741
4253 35 1:0 4743
4253 8835 1:0 4747
4253 8818 1:0 4783
4253 8821 1:0 4783
4253 8814 1:0 4809
4261 8805 1:0 4853
4261 8804 1:0 4860
4271 8803 1:0 4859
4374 8802 1:0 4869
4374 13 1:0 4873
4375 8789 1:0 4897
4375 8781 1:0 4931
4375 8774 1:0 4959
4375 337 1:0 6334
4383 9961 1:0 6345
4514 10769 21:0 4536
4984 10997 21:0 5023
5021 10998 0:0 5023
5023 11002 0:0 5028
5023 11004 0:0 5028
5023 11005 0:0 5028
5030 10991 21:0 5039
5037 11006 0:0 5039
5038 11017 21:0 5039
5041 11019 21:0 5049
5048 11021 0:0 5049
5048 11018 0:0 5049
5048 11020 21:0 5115
5061 11011 0:0 5063
5062 11030 0:0 5063
5097 11031 0:0 5099
5103 11038 0:0 5104
5103 11035 0:0 5104
5103 11037 0:0 5104
5113 11022 0:0 5115
5114 11024 0:0 5115
5114 11039 0:0 5115
5114 11050 0:0 5115
5117 11052 21:0 5125
5124 11051 0:0 5125
5124 11054 0:0 5125
5124 11053 21:0 5191
5137 11044 0:0 5139
5138 11063 0:0 5139
5173 11064 0:0 5175
5179 11068 0:0 5180
5179 11071 0:0 5180
5179 11070 0:0 5180
5189 11055 0:0 5191
5190 11057 0:0 5191
5190 11083 0:0 5191
5190 11072 0:0 5191
5193 11085 21:0 5201
5200 11084 0:0 5201
5200 11087 0:0 5201
5200 11086 21:0 5267
5213 11077 0:0 5215
5214 11096 0:0 5215
5249 11097 0:0 5251
5255 11104 0:0 5256
5255 11101 0:0 5256
5255 11103 0:0 5256
5265 11088 0:0 5267
5266 11090 0:0 5267
5266 11116 0:0 5267
5266 11105 0:0 5267
5269 11118 21:0 5277
5276 11117 0:0 5277
5276 11120 0:0 5277
5276 11119 21:0 5343
5289 11110 0:0 5291
5290 11129 0:0 5291
5325 11130 0:0 5327
5331 11137 0:0 5332
5331 11136 0:0 5332
5331 11134 0:0 5332
5341 11121 0:0 5343
5342 11123 0:0 5343
5342 11149 0:0 5343
5342 11138 0:0 5343
5345 11151 21:0 5353
5352 11150 0:0 5353
5352 11152 0:0 5353
5352 11153 21:0 5419
5365 11143 0:0 5367
5366 11162 0:0 5367
5401 11163 0:0 5403
5407 11170 0:0 5408
5407 11169 0:0 5408
5407 11167 0:0 5408
5417 11154 0:0 5419
5418 11182 0:0 5419
5418 11156 0:0 5419
5418 11171 0:0 5419
5421 11184 21:0 5429
5428 11183 0:0 5429
5428 11185 0:0 5429
5428 11186 21:0 5495
5441 11176 0:0 5443
5442 11195 0:0 5443
5477 11196 0:0 5479
5483 11200 0:0 5484
5483 11203 0:0 5484
5483 11202 0:0 5484
5493 11187 0:0 5495
5494 11204 0:0 5495
5494 11189 0:0 5495
5494 11215 0:0 5495
5497 11217 21:0 5505
5504 11219 0:0 5505
5504 11216 0:0 5505
5504 11218 21:0 5571
5517 11209 0:0 5519
5518 11228 0:0 5519
5553 11229 0:0 5555
5559 11233 0:0 5560
5559 11236 0:0 5560
5559 11235 0:0 5560
5569 11220 0:0 5571
5570 11222 0:0 5571
5570 11237 0:0 5571
5570 11248 0:0 5571
5573 11250 21:0 5581
5580 11251 0:0 5581
5580 11249 0:0 5581
5580 11252 21:0 5647
5593 11242 0:0 5595
5645 11253 0:0 5647
5649 11283 21:0 5657
5656 11285 0:0 5657
5656 11284 21:0 5723
5705 11295 0:0 5707
5711 11299 0:0 5712
5711 11302 0:0 5712
5711 11301 0:0 5712
5721 11286 0:0 5723
5722 11314 0:0 5723
5722 11303 0:0 5723
5725 11316 21:0 5733
5732 11315 0:0 5733
5732 11318 0:0 5733
5732 11317 21:0 5799
5746 11327 0:0 5747
5781 11328 0:0 5783
5797 11319 0:0 5799
5801 11349 21:0 5809
5808 11351 0:0 5809
5808 11350 21:0 5875
5873 11352 0:0 5875
5877 11382 21:0 5885
5884 11383 0:0 5885
5884 11384 21:0 5951
5949 11385 0:0 5951
5953 11415 21:0 5961
5960 11416 0:0 5961
5960 11417 21:0 6027
6025 11418 0:0 6027
6029 11448 21:0 6037
6036 11449 0:0 6037
6036 11450 21:0 6103
6101 11451 0:0 6103
6105 11481 21:0 6113
6112 11482 0:0 6113
6112 11483 21:0 6179
6177 11484 0:0 6179
6181 11514 21:0 6189
6188 11515 0:0 6189
6188 11516 21:0 6255
6253 11517 0:0 6255
6257 11547 21:0 6265
6264 11549 0:0 6265
6264 11548 21:0 6331
6329 11550 0:0 6331
6333 11580 21:0 6341
6340 11581 0:0 6341
6340 11582 21:0 6350
6342 9959 1:0 6352
6342 9960 1:0 6353
6349 11583 21:0 6361
6355 336 1:0 2777
6356 9958 1:0 6363
6356 9936 1:0 6396
6356 9924 1:0 6447
6360 11281 21:0 6367
6362 9930 1:0 6460
6362 9928 1:0 6476
6365 9926 1:0 6483
6365 9927 1:0 6484
6366 11269 21:0 6367
6366 11255 21:0 6370
6368 9925 1:0 6494
6369 11266 21:0 6370
6371 9911 1:0 6524
6371 9904 1:0 6559
6371 9891 1:0 6607
6384 337 21:0 6398
6391 9895 1:0 6607
6404 9893 1:0 6614
6451 11288 21:0 6478
6477 11294 21:0 6478
6477 11282 21:0 6481
6480 11308 21:0 6481
6480 11262 21:0 6489
6486 9894 1:0 6615
6487 9892 1:0 6625
6487 9875 1:0 6630
6487 9890 1:0 6635
6487 9877 1:0 6658
6487 9870 1:0 6709
6488 11268 21:0 6489
6488 11261 21:0 6492
6491 11270 21:0 6492
6491 11275 21:0 6498
6493 9862 1:0 6738
6493 9858 1:0 6738
6496 9860 1:0 6745
6496 9861 1:0 6746
6497 11336 21:0 6498
6497 11321 21:0 6501
6500 11335 21:0 6501
6500 11334 21:0 6521
6502 9859 1:0 6756
6502 9842 1:0 6761
6502 9857 1:0 6766
6502 9845 1:0 6789
6504 9825 1:0 6840
6507 9813 1:0 6869
6520 11332 21:0 6529
6530 9829 1:0 6869
6582 11347 21:0 6609
6584 9828 1:0 6877
6608 11341 21:0 6609
6608 11367 21:0 6612
6611 11398 21:0 6612
6611 11380 21:0 6620
6617 9827 1:0 6876
6618 9826 1:0 6887
6618 9812 1:0 6892
6618 9818 1:0 6902
6618 9811 1:0 6920
6618 9804 1:0 6971
6619 11387 21:0 6620
6619 11365 21:0 6623
6621 9792 1:0 7000
6622 11534 21:0 6623
6622 11394 21:0 6629
6627 9796 1:0 7000
6627 9795 1:0 7008
6628 11499 21:0 6629
6628 11381 21:0 6632
6630 9794 1:0 7007
6631 11413 21:0 6632
6631 11368 21:0 6652
6633 9793 1:0 7018
6633 9785 1:0 7023
6635 9780 1:0 7048
6638 9791 1:0 7028
6651 11512 21:0 6660
6653 9776 1:0 7057
6653 9765 1:0 7115
6666 9763 1:0 7131
6713 11480 21:0 6740
6739 11497 21:0 6740
6739 11493 21:0 6743
6742 11492 21:0 6743
6746 10135 21:0 6751
6748 9761 1:0 7138
6749 9762 1:0 7139
6749 9760 1:0 7149
6749 9752 1:0 7154
6749 9758 1:0 7159
6750 11431 21:0 6751
6750 11533 21:0 6754
6752 9739 1:0 7179
6753 11486 21:0 6754
6753 11501 21:0 6760
6755 9743 1:0 7188
6755 9710 1:0 7262
6758 9730 1:0 7262
6758 9728 1:0 7269
6759 11539 21:0 6760
6759 11526 21:0 6763
6762 11401 21:0 6763
6762 11393 21:0 6791
6764 9729 1:0 7270
6766 9727 1:0 7280
6769 9714 1:0 7285
6784 9725 1:0 7290
6785 9706 1:0 7310
6792 9713 1:0 7319
6879 9697 1:0 7393
6880 9696 1:0 7401
6880 9693 1:0 7404
6889 9695 1:0 7400
6889 9694 1:0 7411
6889 9686 1:0 7426
6889 9681 1:0 7441
6895 9692 1:0 7421
6895 9677 1:0 7450
6895 9680 1:0 7450
6897 9679 1:0 7450
6900 9673 1:0 7476
7010 9672 1:0 7503
7010 9666 1:0 7508
7010 9664 1:0 7524
7010 10477 1:0 7524
7011 9662 1:0 7531
7011 9660 1:0 7535
7019 10253 21:0 7022
7020 9663 1:0 7532
7020 9661 1:0 7542
7020 9659 1:0 7552
7023 9648 1:0 7572
7026 9653 1:0 7557
7026 9640 1:0 7607
7026 9633 1:0 7626
7028 9644 1:0 7581
7029 10256 21:0 7053
7031 9647 1:0 7581
7046 9646 1:0 7581
7141 9639 1:0 7634
7141 9631 1:0 7655
7142 9630 1:0 7663
7142 9627 1:0 7666
7151 9629 1:0 7662
7151 9628 1:0 7673
7151 9626 1:0 7683
7151 9620 1:0 7688
7151 9615 1:0 7703
7157 9611 1:0 7712
7157 9613 1:0 7712
7157 9614 1:0 7712
7159 9607 1:0 7738
7190 9598 1:0 7786
7270 10363 21:0 7275
7272 9606 1:0 7765
7272 9600 1:0 7770
7273 9596 1:0 7793
7273 9597 1:0 7794
7273 9594 1:0 7797
7282 9595 1:0 7804
7282 10598 1:0 7813
7282 9593 1:0 7814
7282 9587 1:0 7819
7282 9582 1:0 7834
7288 9580 1:0 7843
7288 9578 1:0 7843
7288 9574 1:0 7869
7290 9581 1:0 7843
7321 9565 1:0 7917
7403 9573 1:0 7896
7403 9567 1:0 7901
7404 9563 1:0 7924
7404 9564 1:0 7925
7413 9561 1:0 7928
7413 9562 1:0 7935
7413 9560 1:0 7945
7413 9554 1:0 7950
7413 9549 1:0 7965
7419 9547 1:0 7974
7419 9548 1:0 7974
7419 9541 1:0 8000
7421 9545 1:0 7974
7452 9532 1:0 8048
7534 9540 1:0 8027
7534 9534 1:0 8032
7535 9530 1:0 8055
7535 9531 1:0 8056
7543 10481 21:0 7546
7544 9528 1:0 8059
7544 9529 1:0 8066
7544 9527 1:0 8076
7544 9521 1:0 8081
7544 9516 1:0 8096
7547 9515 1:0 8105
7550 9512 1:0 8105
7550 9514 1:0 8105
7550 9508 1:0 8131
7571 9499 1:0 8179
7583 9501 1:0 8163
7665 9507 1:0 8158
7666 9497 1:0 8186
7666 9498 1:0 8187
7666 9495 1:0 8190
7674 10538 21:0 7677
7675 9496 1:0 8197
7675 10769 1:0 8206
7675 9494 1:0 8207
7675 9488 1:0 8212
7675 9483 1:0 8227
7678 9475 1:0 8262
7681 9481 1:0 8236
7681 9482 1:0 8236
7681 9479 1:0 8236
7684 10541 0:0 7705
7702 9474 1:0 8289
7702 9466 1:0 8310
7714 9468 1:0 8294
7796 9464 1:0 8317
7797 9465 1:0 8318
7797 9462 1:0 8321
7806 9463 1:0 8328
7806 9461 1:0 8338
7806 9455 1:0 8343
7806 9450 1:0 8358
7806 9448 1:0 8367
7806 9442 1:0 8393
7812 9446 1:0 8367
7812 9449 1:0 8367
7832 9433 1:0 8441
7833 9435 1:0 8425
7845 9441 1:0 8420
7927 9431 1:0 8448
7928 9432 1:0 8449
7928 9429 1:0 8452
7937 9430 1:0 8459
7937 9428 1:0 8469
7937 9422 1:0 8474
7937 9417 1:0 8489
7937 9413 1:0 8498
7937 9409 1:0 8524
7943 9416 1:0 8498
7943 9415 1:0 8498
7963 9400 1:0 8572
7964 9402 1:0 8556
7976 9408 1:0 8551
8058 9399 1:0 8580
8059 9398 1:0 8579
8059 9396 1:0 8583
8068 9397 1:0 8590
8068 9395 1:0 8600
8068 9389 1:0 8605
8068 9384 1:0 8620
8068 9382 1:0 8625
8068 9383 1:0 8625
8074 9380 1:0 8625
8074 9376 1:0 8655
8074 9369 1:0 8674
8076 9375 1:0 8682
8079 338 1:0 10063
8094 11393 1:0 10063
8189 11583 1:0 10074
8190 11581 1:0 10081
8190 11582 1:0 10082
8339 10826 0:0 8360
8470 10883 0:0 8491
8591 10937 21:0 8594
8601 10940 0:0 8622
8713 12619 0:0 8716
8724 12620 21:0 8757
8756 12627 0:0 8757
8756 12624 0:0 8757
8756 12626 0:0 8757
8759 12613 21:0 8768
8766 12628 0:0 8768
8767 12639 21:0 8768
8770 12641 21:0 8778
8777 12640 0:0 8778
8777 12642 0:0 8778
8777 17 0:0 8778
8777 12643 21:0 8844
8790 12633 0:0 8792
8791 12652 0:0 8792
8832 12660 0:0 8833
8832 12659 0:0 8833
8842 12644 0:0 8844
8843 12661 0:0 8844
8843 12672 0:0 8844
8843 12646 0:0 8844
8846 12674 21:0 8854
8853 12673 0:0 8854
8853 12675 0:0 8854
8853 12676 21:0 8920
8866 12666 0:0 8868
8867 12685 0:0 8868
8902 12686 0:0 8904
8908 12692 0:0 8909
8908 12690 0:0 8909
8908 12693 0:0 8909
8918 12677 0:0 8920
8919 12694 0:0 8920
8919 12679 0:0 8920
8919 12705 0:0 8920
8922 12707 21:0 8930
8929 12706 0:0 8930
8929 12709 0:0 8930
8929 12708 21:0 8996
8942 12699 0:0 8944
8978 12719 0:0 8980
8984 12725 0:0 8985
8984 12723 0:0 8985
8994 12710 0:0 8996
8995 12727 0:0 8996
8995 12738 0:0 8996
8995 12712 0:0 8996
8998 12740 21:0 9006
9005 12741 0:0 9006
9005 12739 0:0 9006
9005 12742 21:0 9072
9018 12732 0:0 9020
9019 12751 0:0 9020
9060 12758 0:0 9061
9060 12759 0:0 9061
9060 12756 0:0 9061
9070 12743 0:0 9072
9071 12760 0:0 9072
9071 12771 0:0 9072
9074 12773 21:0 9082
9081 12774 0:0 9082
9081 12775 21:0 9148
9094 12765 0:0 9096
9094 87 0:0 9096
9095 12784 0:0 9096
9130 12785 0:0 9132
9136 12789 0:0 9137
9136 12791 0:0 9137
9136 12792 0:0 9137
9146 12776 0:0 9148
9147 12793 0:0 9148
9147 12804 0:0 9148
9147 12778 0:0 9148
9150 12806 21:0 9158
9151 103 0:0 9153
9157 107 0:0 9158
9157 12808 0:0 9158
9157 12805 0:0 9158
9157 12807 21:0 9224
9206 12818 0:0 9208
9212 12824 0:0 9213
9212 12825 0:0 9213
9222 12809 0:0 9224
9223 12826 0:0 9224
9223 12837 0:0 9224
9223 12811 0:0 9224
9226 12839 21:0 9234
9233 12841 0:0 9234
9233 12838 0:0 9234
9233 12840 21:0 9300
9246 12831 0:0 9248
9288 12855 0:0 9289
9298 12842 0:0 9300
9299 12844 0:0 9300
9302 12872 21:0 9310
9309 12874 0:0 9310
9309 12873 21:0 9376
9322 12864 0:0 9324
9374 12875 0:0 9376
9375 12903 0:0 9376
9375 12877 0:0 9376
9378 12905 21:0 9386
9379 157 0:0 9381
9385 12904 0:0 9386
9385 12906 0:0 9386
9385 12907 21:0 9452
9398 12897 0:0 9400
9440 12924 0:0 9441
9450 12908 0:0 9452
9454 12938 21:0 9462
9461 12940 0:0 9462
9461 179 0:0 9462
9461 12939 21:0 9528
9474 177 0:0 9476
9526 12941 0:0 9528
9530 12971 21:0 9538
9537 12973 0:0 9538
9537 12972 21:0 9604
9550 195 0:0 9552
9551 12982 0:0 9552
9592 12990 0:0 9593
9592 12989 0:0 9593
9602 12974 0:0 9604
9603 12976 0:0 9604
9603 13002 0:0 9604
9606 13004 21:0 9614
9613 13005 0:0 9614
9613 13006 21:0 9680
9626 213 0:0 9628
9627 13015 0:0 9628
9668 13020 0:0 9669
9678 13007 0:0 9680
9682 13037 21:0 9690
9689 13036 0:0 9690
9689 13038 0:0 9690
9689 13039 21:0 9756
9754 13040 0:0 9756
9758 13070 21:0 9766
9765 13071 0:0 9766
9765 13072 21:0 9832
9779 13081 0:0 9780
9814 13082 0:0 9816
9820 13088 0:0 9821
9830 13073 0:0 9832
9831 13075 0:0 9832
9831 13101 0:0 9832
9831 13090 0:0 9832
9834 13103 21:0 9842
9841 13104 0:0 9842
9841 13105 21:0 9908
9906 13106 0:0 9908
9910 13136 21:0 9918
9917 13138 0:0 9918
9917 13137 21:0 9984
9982 13139 0:0 9984
9986 13169 21:0 9994
9993 13171 0:0 9994
9993 13170 21:0 10060
10058 13172 0:0 10060
10062 13202 21:0 10070
10069 13203 0:0 10070
10069 13204 21:0 10079
10071 11580 1:0 10092
10071 11401 1:0 10097
10071 11539 1:0 10125
10078 13205 21:0 10090
10084 11526 1:0 10125
10084 11501 1:0 10176
10085 11550 1:0 10205
10085 11486 1:0 10205
10089 51 21:0 10096
10091 11548 1:0 10212
10094 11549 1:0 10213
10094 11547 1:0 10223
10094 11533 1:0 10228
10094 11534 1:0 10253
10094 11492 1:0 10256
10095 13062 21:0 10096
10095 12950 21:0 10099
10097 11493 1:0 10307
10098 287 21:0 10099
10100 11517 1:0 10336
10100 287 1:0 10336
10113 338 21:0 10127
10121 11516 1:0 10344
10215 11515 1:0 10343
10216 11514 1:0 10354
10216 11497 1:0 10359
10216 11512 1:0 10364
10216 11480 1:0 10384
10216 11499 1:0 10393
10225 10135 1:0 10467
10225 11484 1:0 10467
10231 11483 1:0 10475
10236 11482 1:0 10474
10346 11481 1:0 10485
10346 11431 1:0 10490
10346 11413 1:0 10518
10346 11368 1:0 10518
10347 11381 1:0 10569
10347 11451 1:0 10598
10347 10538 1:0 10598
10356 11449 1:0 10605
10356 11450 1:0 10606
10364 11448 1:0 10616
10367 11394 1:0 10621
10382 11365 1:0 10649
10383 10253 1:0 10649
10395 10363 1:0 10700
10477 11418 1:0 10729
10478 10256 1:0 10729
10478 11417 1:0 10737
10487 11416 1:0 10736
10487 11415 1:0 10747
10487 10481 1:0 10752
10493 11387 1:0 10777
10493 11380 1:0 10777
10493 11398 1:0 10786
10514 11385 1:0 10860
10526 11367 1:0 10860
10608 213 1:0 10862
10609 11383 1:0 10867
10609 11384 1:0 10868
10618 11382 1:0 10878
10618 11341 1:0 10883
10618 11332 1:0 10911
10618 11347 1:0 10911
10618 11334 1:0 10962
10618 11335 1:0 10991
10626 11352 1:0 10991
10657 11350 1:0 10998
10739 195 1:0 10993
10740 11351 1:0 10999
10740 11349 1:0 11009
10740 11321 1:0 11014
10749 11336 1:0 11039
10749 11275 1:0 11042
10749 11328 1:0 11074
10749 11270 1:0 11093
10749 11261 1:0 11122
10755 11327 1:0 11101
10755 11319 1:0 11122
10775 11317 1:0 11129
10776 177 1:0 11124
10788 11315 1:0 11133
10870 11318 1:0 11130
10871 179 1:0 11135
10871 11316 1:0 11140
10871 11268 1:0 11145
10880 11314 1:0 11150
10880 11308 1:0 11155
10880 11303 1:0 11170
10880 11282 1:0 11173
10880 11301 1:0 11179
10880 11302 1:0 11179
10880 11295 1:0 11205
10880 11294 1:0 11224
10886 11299 1:0 11179
10891 11286 1:0 11253
10906 11288 1:0 11237
11001 11284 1:0 11260
11002 11285 1:0 11261
11002 11283 1:0 11271
11011 157 1:0 11275
11011 11262 1:0 11276
11011 11281 1:0 11281
11011 11266 1:0 11301
11011 11269 1:0 11310
11011 11255 1:0 11368
11017 11253 1:0 11384
11037 11252 1:0 11392
11038 11249 1:0 11395
11132 11251 1:0 11391
11133 11250 1:0 11402
11133 11248 1:0 11412
11133 11242 1:0 11417
11133 11237 1:0 11432
11142 10541 1:0 11411
11142 11233 1:0 11441
11142 11235 1:0 11441
11142 11236 1:0 11441
11142 11229 1:0 11467
11148 11228 1:0 11494
11148 11222 1:0 11499
11148 11220 1:0 11515
11169 11218 1:0 11522
11181 11216 1:0 11526
11263 11219 1:0 11523
11264 11217 1:0 11533
11264 11215 1:0 11543
11264 11204 1:0 11563
11273 11209 1:0 11548
11273 11200 1:0 11572
11273 11203 1:0 11572
11273 11202 1:0 11572
11273 11196 1:0 11598
11279 11195 1:0 11625
11279 11189 1:0 11630
11279 11187 1:0 11646
11300 11186 1:0 11654
11312 11183 1:0 11657
11394 11185 1:0 11653
11395 107 1:0 11659
11395 11184 1:0 11664
11395 103 1:0 11668
11404 11182 1:0 11674
11404 11176 1:0 11679
11404 11171 1:0 11694
11404 11170 1:0 11703
11404 11167 1:0 11703
11404 11169 1:0 11703
11404 11163 1:0 11729
11410 11154 1:0 11777
11412 11162 1:0 11756
11415 11156 1:0 11761
11525 87 1:0 11779
11525 11153 1:0 11785
11525 11150 1:0 11788
11526 11152 1:0 11784
11535 11151 1:0 11795
11535 11149 1:0 11805
11535 11143 1:0 11810
11535 11138 1:0 11825
11535 11137 1:0 11834
11535 11136 1:0 11834
11535 11134 1:0 11834
11535 11130 1:0 11860
11543 11121 1:0 11908
11546 11129 1:0 11887
11561 11123 1:0 11892
11656 11119 1:0 11915
11657 11120 1:0 11916
11657 11117 1:0 11919
11666 11118 1:0 11926
11666 11116 1:0 11936
11666 11110 1:0 11941
11666 11105 1:0 11956
11666 11104 1:0 11965
11666 11103 1:0 11965
11666 11101 1:0 11965
11666 11097 1:0 11991
11672 51 1:0 12039
11677 11088 1:0 12039
11692 11096 1:0 12018
11693 11090 1:0 12023
11787 11086 1:0 12046
11787 11084 1:0 12050
11788 11087 1:0 12047
11797 11085 1:0 12057
11797 10826 1:0 12066
11797 11083 1:0 12067
11797 11077 1:0 12072
11797 11072 1:0 12087
11797 11068 1:0 12096
11797 11064 1:0 12122
11803 11071 1:0 12096
11803 11070 1:0 12096
11823 11055 1:0 12170
11824 11063 1:0 12149
11836 11057 1:0 12154
11918 11053 1:0 12177
11919 11054 1:0 12178
11919 11051 1:0 12181
11919 339 1:0 12221
11928 11052 1:0 12188
11928 10883 1:0 12197
11928 11050 1:0 12198
11928 11044 1:0 12203
11928 10937 1:0 12221
11934 11039 1:0 12218
11934 11035 1:0 12223
11934 11037 1:0 12223
11936 11038 1:0 12223
11939 11031 1:0 12223
11954 11017 1:0 12272
12049 11024 1:0 12285
12049 11022 1:0 12301
12049 10991 1:0 12301
12050 11030 1:0 12280
12050 11020 1:0 12308
12050 11018 1:0 12312
12059 11021 1:0 12309
12059 17 1:0 12314
12065 11019 1:0 12319
12065 10997 1:0 12324
12065 11006 1:0 12325
12067 11011 1:0 12326
12070 10940 1:0 12326
12180 11005 1:0 12354
12180 10998 1:0 12354
12180 11004 1:0 12354
12180 13205 1:0 12434
12181 11002 1:0 12354
12181 13204 1:0 12442
12181 6155 1:0 12616
12190 13203 1:0 12441
12190 13202 1:0 12452
12196 6152 1:0 12605
12196 6153 1:0 12606
12216 13172 1:0 12655
12217 6154 1:0 12615
12229 6156 1:0 12625
12311 6157 1:0 12626
12311 6302 1:0 12837
12312 13170 1:0 12662
12312 13171 1:0 12663
12321 13169 1:0 12673
12321 6299 1:0 12826
12321 6300 1:0 12827
12321 6301 1:0 12836
12327 13139 1:0 12876
12329 6303 1:0 12846
12332 6304 1:0 12847
12360 13137 1:0 12883
12444 13138 1:0 12884
12445 13136 1:0 12894
12445 6447 1:0 13048
12445 6451 1:0 13068
12454 6446 1:0 13047
12454 6448 1:0 13057
12454 6449 1:0 13058
12454 6450 1:0 13067
12454 13106 1:0 13097
12462 13105 1:0 13105
12473 339 21:0 12487
12493 13104 1:0 13104
12547 13103 1:0 13115
12562 13101 1:0 13125
12563 13090 1:0 13145
12563 13082 1:0 13180
12613 13088 1:0 13154
12622 6155 21:0 12657
12623 6593 1:0 13268
12656 6152 0:0 12657
12656 6157 0:0 12657
12656 6153 0:0 12657
12656 6156 0:0 12657
12656 6154 0:0 12657
12665 13081 1:0 13207
12665 13075 1:0 13212
12665 6594 1:0 13269
12665 6595 1:0 13278
12666 6596 1:0 13279
12666 6597 1:0 13288
12666 13073 1:0 13318
12675 6598 1:0 13289
12675 13072 1:0 13326
12681 13071 1:0 13325
12686 13070 1:0 13336
12701 13062 1:0 13351
12702 6745 1:0 13510
12714 6740 1:0 13489
12714 6741 1:0 13490
12783 13040 1:0 13539
12784 6742 1:0 13499
12784 6743 1:0 13500
12785 6744 1:0 13509
12834 6888 1:0 13711
12843 6302 21:0 12878
12844 6887 1:0 13710
12876 6301 0:0 12878
12877 6303 0:0 12878
12877 6304 0:0 12878
12877 6300 0:0 12878
12877 6299 0:0 12878
12886 13039 1:0 13547
12887 13038 1:0 13546
12887 13036 1:0 13550
12896 13037 1:0 13557
12896 13020 1:0 13596
12896 13007 1:0 13760
12902 13015 1:0 13649
12902 6889 1:0 13720
12902 6890 1:0 13721
12904 6891 1:0 13730
12907 6892 1:0 13731
12935 13006 1:0 13768
13004 13005 1:0 13767
13055 13004 1:0 13778
13065 13002 1:0 13788
13074 6451 21:0 13099
13097 6450 0:0 13099
13098 6446 0:0 13099
13098 6447 0:0 13099
13098 6448 0:0 13099
13098 6449 0:0 13099
13107 12990 1:0 13817
13107 12989 1:0 13817
13107 7034 1:0 13931
13107 7036 1:0 13941
13108 12976 1:0 13875
13108 7035 1:0 13932
13108 12974 1:0 13981
13117 12982 1:0 13870
13117 7037 1:0 13942
13117 7038 1:0 13951
13117 7039 1:0 13952
13117 12972 1:0 13988
13125 12973 1:0 13989
13156 12971 1:0 13999
13156 12950 1:0 14064
13197 7186 1:0 14173
13205 7182 1:0 14153
13226 12941 1:0 14202
13276 7181 1:0 14152
13284 6593 21:0 13320
13286 7183 1:0 14162
13318 6595 0:0 13320
13319 6597 0:0 13320
13319 6596 0:0 13320
13319 6594 0:0 13320
13319 6598 0:0 13320
13328 7184 1:0 14163
13328 7185 1:0 14172
13329 12939 1:0 14209
13329 12940 1:0 14210
13338 12938 1:0 14220
13338 12924 1:0 14259
13338 7328 1:0 14373
13338 7329 1:0 14374
13344 12908 1:0 14423
13346 7330 1:0 14383
13349 7331 1:0 14384
13364 7332 1:0 14393
13365 7333 1:0 14394
13418 12907 1:0 14431
13431 12904 1:0 14434
13448 12906 1:0 14430
13516 6745 21:0 13541
13539 6742 0:0 13541
13540 6743 0:0 13541
13540 6740 0:0 13541
13540 6744 0:0 13541
13540 6741 0:0 13541
13549 12905 1:0 14441
13549 12903 1:0 14451
13549 12897 1:0 14456
13550 12877 1:0 14538
13550 7477 1:0 14604
13550 12875 1:0 14644
13559 7475 1:0 14594
13559 7476 1:0 14595
13559 7478 1:0 14605
13559 7479 1:0 14614
13559 7480 1:0 14615
13565 12873 1:0 14651
13570 12874 1:0 14652
13598 12872 1:0 14662
13639 12864 1:0 14677
13639 12855 1:0 14701
13652 7627 1:0 14836
13667 12844 1:0 14759
13668 7623 1:0 14816
13726 6888 21:0 13762
13728 12842 1:0 14865
13761 6892 0:0 13762
13761 6890 0:0 13762
13761 6891 0:0 13762
13761 6889 0:0 13762
13761 6887 0:0 13762
13770 7622 1:0 14815
13770 7624 1:0 14825
13770 7625 1:0 14826
13770 7626 1:0 14835
13771 12840 1:0 14872
13780 12841 1:0 14873
13780 12838 1:0 14876
13780 12839 1:0 14883
13780 12837 1:0 14893
13786 12831 1:0 14898
13786 12826 1:0 14913
13786 12818 1:0 14948
13788 12825 1:0 14922
13791 12824 1:0 14922
13806 7769 1:0 15036
13807 12811 1:0 14980
13868 12809 1:0 15086
13873 7770 1:0 15037
13888 7771 1:0 15046
13889 7772 1:0 15047
13889 7773 1:0 15056
13939 7774 1:0 15057
13951 7036 21:0 13983
13982 7039 0:0 13983
13982 7034 0:0 13983
13982 7035 0:0 13983
13982 7037 0:0 13983
13982 7038 0:0 13983
13991 12807 1:0 15093
13991 12805 1:0 15097
13992 12808 1:0 15094
14001 12806 1:0 15104
14001 12804 1:0 15114
14001 12793 1:0 15134
14001 12792 1:0 15143
14001 12791 1:0 15143
14001 12789 1:0 15143
14001 12785 1:0 15169
14007 12778 1:0 15201
14007 7921 1:0 15278
14027 12776 1:0 15307
14028 7916 1:0 15257
14040 12784 1:0 15196
14040 7917 1:0 15258
14081 7918 1:0 15267
14081 7919 1:0 15268
14094 7920 1:0 15277
14111 12775 1:0 15315
14179 7186 21:0 14204
14202 7185 0:0 14204
14203 7184 0:0 14204
14203 7182 0:0 14204
14203 7183 0:0 14204
14203 7181 0:0 14204
14212 12774 1:0 15314
14213 12773 1:0 15325
14213 12771 1:0 15335
14213 12765 1:0 15340
14213 12760 1:0 15355
14213 12759 1:0 15364
14222 12758 1:0 15364
14222 12756 1:0 15364
14222 8063 1:0 15478
14222 8064 1:0 15479
14222 8065 1:0 15488
14222 8068 1:0 15499
14228 12751 1:0 15417
14228 12743 1:0 15528
14230 8066 1:0 15489
14233 8067 1:0 15498
14261 12742 1:0 15536
14302 12739 1:0 15539
14331 12741 1:0 15535
14389 7329 21:0 14425
14424 7333 0:0 14425
14424 7330 0:0 14425
14424 7331 0:0 14425
14424 7332 0:0 14425
14424 7328 0:0 14425
14433 12740 1:0 15546
14433 12738 1:0 15556
14433 12732 1:0 15561
14433 12727 1:0 15576
14434 12725 1:0 15585
14434 12723 1:0 15585
14434 12719 1:0 15611
14434 12712 1:0 15643
14434 8210 1:0 15699
14434 8211 1:0 15700
14443 8212 1:0 15709
14443 8213 1:0 15710
14443 8214 1:0 15719
14443 8215 1:0 15720
14443 12710 1:0 15749
14451 12708 1:0 15756
14482 12709 1:0 15757
14482 12706 1:0 15760
14551 12707 1:0 15767
14552 12705 1:0 15777
14552 12694 1:0 15797
14553 12699 1:0 15782
14602 12693 1:0 15806
14612 12686 1:0 15832
14614 7477 21:0 14646
14645 7475 0:0 14646
14645 7480 0:0 14646
14645 7478 0:0 14646
14645 7479 0:0 14646
14645 7476 0:0 14646
14654 12690 1:0 15806
14654 12692 1:0 15806
14654 8357 1:0 15920
14654 8358 1:0 15921
14655 12685 1:0 15859
14655 12679 1:0 15864
14655 12677 1:0 15970
14664 8359 1:0 15930
14664 8360 1:0 15931
14664 8361 1:0 15940
14664 8362 1:0 15941
14664 12676 1:0 15978
14670 12673 1:0 15981
14675 12675 1:0 15977
14703 12674 1:0 15988
14744 12666 1:0 16003
14744 12661 1:0 16018
14757 12672 1:0 15998
14772 12659 1:0 16027
14773 12660 1:0 16027
14773 8506 1:0 16151
14774 12646 1:0 16085
14823 8504 1:0 16141
14833 8505 1:0 16142
14842 7627 21:0 14867
14865 7626 0:0 14867
14866 7624 0:0 14867
14866 7622 0:0 14867
14866 7625 0:0 14867
14866 7623 0:0 14867
14875 12644 1:0 16191
14876 12652 1:0 16080
14876 8507 1:0 16152
14876 8508 1:0 16161
14876 8509 1:0 16162
14885 12642 1:0 16198
14885 12643 1:0 16199
14885 12640 1:0 16202
14891 12641 1:0 16209
14893 12639 1:0 16219
14896 12633 1:0 16224
14911 12628 1:0 16239
14912 12620 1:0 16242
14924 12626 1:0 16244
14924 12624 1:0 16244
14965 12627 1:0 16244
14973 12613 1:0 16293
14978 8654 1:0 16373
14993 8652 1:0 16363
14994 12619 1:0 16301
14994 8651 1:0 16362
15044 8653 1:0 16372
15052 7769 21:0 15088
15054 8655 1:0 16382
15087 7770 0:0 15088
15087 7773 0:0 15088
15087 7774 0:0 15088
15087 7771 0:0 15088
15087 7772 0:0 15088
15096 8656 1:0 16383
15284 7921 21:0 15309
15307 7919 0:0 15309
15308 7918 0:0 15309
15308 7916 0:0 15309
15308 7917 0:0 15309
15308 7920 0:0 15309
15505 8068 21:0 15530
15528 8067 0:0 15530
15529 8064 0:0 15530
15529 8063 0:0 15530
15529 8065 0:0 15530
15529 8066 0:0 15530
15715 8210 21:0 15751
15749 8214 0:0 15751
15750 8213 0:0 15751
15750 8215 0:0 15751
15750 8211 0:0 15751
15750 8212 0:0 15751
15936 8358 21:0 15972
15971 8359 0:0 15972
15971 8360 0:0 15972
15971 8362 0:0 15972
15971 8357 0:0 15972
15971 8361 0:0 15972
16161 8506 21:0 16193
16191 8508 0:0 16193
16192 8509 0:0 16193
16192 8504 0:0 16193
16192 8505 0:0 16193
16192 8507 0:0 16193
16379 8654 21:0 60
