108 25527 21:0 178
177 25531 21:0 211
210 25620 21:0 211
210 25621 21:0 211
210 25530 21:0 211
210 25528 21:0 216
215 25529 21:0 221
220 25526 21:0 221
1381 26233 21:0 1391
3358 298 21:0 3376
4594 27704 21:0 4604
51671 23323 1:0 51684
51671 23325 1:0 51694
51672 23324 1:0 51722
51672 23322 1:0 51766
51672 23466 1:0 51968
51681 23469 1:0 51893
51681 23472 1:0 51896
51681 23473 1:0 51902
51681 23468 1:0 51905
51687 23471 1:0 51930
51687 23461 1:0 51968
51687 23460 1:0 51984
51691 23470 1:0 52063
51707 23617 1:0 52117
51708 23607 1:0 52126
51708 23613 1:0 52151
51720 23618 1:0 52123
51761 23615 1:0 52126
51774 23620 1:0 52151
51789 23608 1:0 52151
51789 23614 1:0 52154
51790 23619 1:0 52205
51791 23755 1:0 52347
51802 23313 21:0 51846
51840 23616 1:0 52275
51845 23322 21:0 51884
51847 23313 1:0 51792
51850 23767 1:0 52344
51883 23320 21:0 51884
51883 23324 21:0 51887
51885 23320 1:0 51823
51886 23325 21:0 51891
51890 23323 21:0 51895
51892 23761 1:0 52347
51892 23760 1:0 52347
51892 23754 1:0 52347
51892 23762 1:0 52375
51892 23765 1:0 52375
51892 23901 1:0 52647
51893 23764 1:0 52426
51893 23763 1:0 52496
51893 23914 1:0 52556
51896 23908 1:0 52650
51902 23911 1:0 52559
51902 23909 1:0 52565
51902 23913 1:0 52568
51902 23912 1:0 52593
51908 23910 1:0 52631
51908 23902 1:0 52652
51908 23907 1:0 52706
51912 24061 1:0 52777
51928 24060 1:0 52780
51941 24057 1:0 52786
51982 24059 1:0 52789
51990 24056 1:0 52814
52010 24058 1:0 52852
52011 24049 1:0 52868
52011 24048 1:0 52871
52011 24054 1:0 52874
52011 24055 1:0 52928
52012 24202 1:0 53089
52023 23460 21:0 52067
52061 24208 1:0 52998
52071 24205 1:0 53001
52073 23470 21:0 52105
52081 24206 1:0 53007
52104 23461 21:0 52105
52104 23466 21:0 52105
52104 23467 21:0 52108
52107 23471 21:0 52108
52107 23468 21:0 52116
52109 23467 1:0 51933
52113 24203 1:0 53010
52113 24207 1:0 53035
52114 24204 1:0 53073
52114 24201 1:0 53092
52114 24195 1:0 53118
52114 24196 1:0 53119
52114 24350 1:0 53219
52115 23473 21:0 52119
52117 24349 1:0 53310
52117 24343 1:0 53313
52118 23472 21:0 52119
52118 23469 21:0 52125
52120 24355 1:0 53222
52120 24352 1:0 53228
52123 24351 1:0 53231
52123 24353 1:0 53256
52123 24354 1:0 53294
52123 24342 1:0 53315
52123 24348 1:0 53369
52126 24499 1:0 53440
52129 24502 1:0 53443
52131 24498 1:0 53449
52134 24501 1:0 53452
52149 24500 1:0 53477
52150 24490 1:0 53531
52150 24496 1:0 53534
52162 24497 1:0 53515
52203 24489 1:0 53536
52203 24495 1:0 53590
52216 24647 1:0 53661
52232 24644 1:0 53664
52232 24648 1:0 53670
52233 24636 1:0 53752
52281 23616 21:0 52326
52282 24645 1:0 53673
52292 24649 1:0 53698
52302 24646 1:0 53736
52325 23619 21:0 52329
52327 24637 1:0 53755
52328 23620 21:0 52329
52328 23614 21:0 52329
52328 23608 21:0 52337
52334 24643 1:0 53757
52334 24642 1:0 53811
52334 24791 1:0 53882
52335 24795 1:0 53885
52335 24792 1:0 53891
52335 24794 1:0 53894
52336 23615 21:0 52337
52336 23618 21:0 52340
52338 24793 1:0 53919
52339 23613 21:0 52340
52339 23607 21:0 52340
52339 23617 21:0 52346
52341 24796 1:0 53957
52341 24790 1:0 53973
52341 24784 1:0 53976
52344 24783 1:0 54002
52344 24789 1:0 54032
52344 24938 1:0 54103
52344 24940 1:0 54106
52344 24939 1:0 54112
52347 24943 1:0 54115
52350 24942 1:0 54140
52350 24941 1:0 54178
52352 24931 1:0 54194
52352 24936 1:0 54197
52354 24930 1:0 54200
52355 24937 1:0 54254
52370 25088 1:0 54327
52383 25087 1:0 54333
52424 25089 1:0 54336
52437 25085 1:0 54361
52452 25086 1:0 54399
52453 25077 1:0 54415
52453 25078 1:0 54418
52453 25083 1:0 54420
52453 25084 1:0 54475
52454 25224 1:0 54636
52502 23763 21:0 52547
52503 25236 1:0 54545
52513 25232 1:0 54548
52523 25234 1:0 54554
52546 23764 21:0 52550
52549 23762 21:0 52550
52549 23765 21:0 52558
52555 25235 1:0 54557
52555 25237 1:0 54582
52556 25233 1:0 54620
52556 25225 1:0 54639
52556 25230 1:0 54642
52556 25231 1:0 54696
52556 25384 1:0 54766
52557 23761 21:0 52558
52557 23755 21:0 52558
52557 23754 21:0 52558
52557 23767 21:0 52561
52559 25379 1:0 54769
52559 25377 1:0 54857
52560 23760 21:0 52561
52562 25382 1:0 54775
52562 25378 1:0 54860
52565 25380 1:0 54778
52565 25383 1:0 54803
52565 25381 1:0 54841
52565 25371 1:0 54886
52565 25372 1:0 54887
52571 25526 1:0 54987
52571 25529 1:0 54990
52575 25528 1:0 54996
52576 25621 1:0 55209
52591 25530 1:0 54999
52592 27704 1:0 55024
52592 25519 1:0 55078
52604 25531 1:0 55024
52645 25527 1:0 55062
52653 25524 1:0 55081
52658 25518 1:0 55084
52658 25525 1:0 55138
52673 26233 1:0 55195
52673 25620 1:0 55208
52674 298 1:0 147
52716 23907 21:0 52740
52739 23902 21:0 52768
52767 23908 21:0 52768
52767 23901 21:0 52768
52767 23910 21:0 52771
52770 23912 21:0 52771
52770 23913 21:0 52779
52778 23909 21:0 52782
52781 23911 21:0 52782
52781 23914 21:0 52788
52934 24055 21:0 52959
52958 24054 21:0 52989
52988 24048 21:0 52989
52988 24049 21:0 52989
52988 24058 21:0 52992
52991 24056 21:0 52992
52991 24059 21:0 53000
52999 24057 21:0 53003
53002 24060 21:0 53003
53002 24061 21:0 53009
53128 24195 21:0 53172
53171 24196 21:0 53210
53209 24202 21:0 53210
53209 24201 21:0 53210
53209 24204 21:0 53213
53212 24207 21:0 53213
53212 24203 21:0 53221
53220 24206 21:0 53224
53223 24205 21:0 53224
53223 24208 21:0 53230
53379 24348 21:0 53403
53402 24342 21:0 53431
53430 24349 21:0 53431
53430 24343 21:0 53431
53430 24354 21:0 53434
53433 24353 21:0 53434
53433 24351 21:0 53442
53441 24352 21:0 53445
53444 24355 21:0 53445
53444 24350 21:0 53451
53600 24495 21:0 53624
53623 24489 21:0 53652
53651 24496 21:0 53652
53651 24490 21:0 53652
53651 24497 21:0 53655
53654 24500 21:0 53655
53654 24501 21:0 53663
53662 24498 21:0 53666
53665 24502 21:0 53666
53665 24499 21:0 53672
53821 24642 21:0 53845
53844 24643 21:0 53873
53872 24637 21:0 53873
53872 24636 21:0 53873
53872 24646 21:0 53876
53875 24649 21:0 53876
53875 24645 21:0 53884
53883 24648 21:0 53887
53886 24644 21:0 53887
53886 24647 21:0 53893
54012 24783 21:0 54056
54055 24789 21:0 54094
54093 24790 21:0 54094
54093 24784 21:0 54094
54093 24796 21:0 54097
54096 24793 21:0 54097
54096 24794 21:0 54105
54104 24792 21:0 54108
54107 24795 21:0 54108
54107 24791 21:0 54114
54260 24937 21:0 54285
54284 24930 21:0 54315
54314 24931 21:0 54315
54314 24936 21:0 54315
54314 24941 21:0 54318
54317 24942 21:0 54318
54317 24943 21:0 54326
54325 24939 21:0 54329
54328 24940 21:0 54329
54328 24938 21:0 54335
54481 25084 21:0 54506
54505 25083 21:0 54536
54535 25077 21:0 54536
54535 25078 21:0 54536
54535 25086 21:0 54539
54538 25085 21:0 54539
54538 25089 21:0 54547
54546 25087 21:0 54550
54549 25088 21:0 54550
54702 25231 21:0 54727
54726 25230 21:0 54757
54756 25224 21:0 54757
54756 25225 21:0 54757
54756 25233 21:0 54760
54759 25237 21:0 54760
54759 25235 21:0 54768
54767 25234 21:0 54771
54770 25232 21:0 54771
54770 25236 21:0 54777
54893 25372 21:0 54939
54938 25371 21:0 54978
54977 25378 21:0 54978
54977 25377 21:0 54978
54977 25381 21:0 54981
54980 25383 21:0 54981
54980 25380 21:0 54989
54988 25382 21:0 54992
54991 25379 21:0 54992
54991 25384 21:0 54998
55144 25525 21:0 55169
55168 25518 21:0 55197
55196 25524 21:0 55199
55198 25519 21:0 109
