149 13750 0:0 151
150 13753 0:0 151
150 13755 0:0 151
150 13754 0:0 151
150 13751 0:0 151
150 305 0:0 159
1373 14457 21:0 1383
3350 298 21:0 3368
3575 15488 21:0 3592
3727 15554 21:0 3744
4335 15818 21:0 4352
4627 15818 1:0 5018
4628 15554 1:0 6066
4637 15488 1:0 6328
4637 300 1:0 6711
4637 301 1:0 10070
4637 302 1:0 13429
6709 299 21:0 6727
6728 299 1:0 3352
6861 16927 21:0 6927
7086 17025 21:0 7103
7537 17221 21:0 7545
7841 17353 21:0 7849
7986 17353 1:0 8125
7987 17221 1:0 8649
7996 17025 1:0 9425
7996 16927 1:0 9810
10068 300 21:0 10086
10141 18364 21:0 10158
10293 18429 21:0 10310
10521 18529 21:0 10538
10825 18660 21:0 10842
11345 18660 1:0 12128
11346 18529 1:0 12653
11346 303 1:0 16788
11355 18429 1:0 13045
11355 18364 1:0 13308
13427 301 21:0 13445
13571 19866 21:0 13579
13728 19933 21:0 13745
13745 19935 0:0 13786
13956 20033 21:0 13973
14704 20033 1:0 15881
14705 19935 1:0 16266
14714 19933 1:0 16273
14714 19866 1:0 16546
16786 302 21:0 16804
17394 21538 21:0 17460
17470 21571 21:0 17536
17543 21602 21:0 17560
17614 21634 21:0 17622
18063 21634 1:0 18726
18064 21602 1:0 18846
18064 304 1:0 20147
18073 21571 1:0 18970
18073 21538 1:0 19101
20145 303 21:0 20163
20213 22775 21:0 20221
20220 22777 0:0 20221
20220 22776 21:0 20263
20263 22778 0:0 20276
20289 22808 21:0 20297
20296 22810 0:0 20297
20296 22809 21:0 20347
20298 22810 1:0 23254
20347 22811 0:0 20363
20348 22809 1:0 23253
20364 22811 1:0 23246
20365 22841 21:0 20373
20374 22841 1:0 23133
20674 22974 21:0 20691
20692 22974 1:0 22598
21422 22808 1:0 23264
21423 22778 1:0 23377
21423 22776 1:0 23384
21432 22777 1:0 23385
21432 22775 1:0 23395
21438 305 1:0 23506
21438 11547 1:0 24886
23504 304 21:0 23522
23729 24314 21:0 23746
23876 24378 21:0 23884
24188 24513 21:0 24254
24264 24546 21:0 24330
24492 24645 21:0 24558
24791 11545 1:0 24886
24791 11546 1:0 24887
24792 11550 1:0 24887
24792 11548 1:0 24887
24792 11549 1:0 24972
24801 11692 1:0 25107
24801 11694 1:0 25107
24801 11696 1:0 25108
24801 11693 1:0 25108
24807 11695 1:0 25108
24809 11697 1:0 25194
24828 24645 1:0 25325
24840 11840 1:0 25325
24881 11839 1:0 25394
24894 11841 1:0 25404
24910 11842 1:0 25405
24911 11843 1:0 25414
24960 11844 1:0 25415
24970 11987 1:0 25547
24980 11986 1:0 25615
24982 11549 21:0 25004
25003 11545 0:0 25004
25003 11547 0:0 25004
25003 11548 0:0 25004
25003 11550 0:0 25004
25003 11546 0:0 25004
25005 11988 1:0 25625
25005 11989 1:0 25626
25005 11990 1:0 25635
25012 11991 1:0 25636
25012 12133 1:0 25770
25013 12126 1:0 25797
25013 12134 1:0 25837
25013 12135 1:0 25846
25022 12131 1:0 25826
25022 12132 1:0 25827
25022 12137 1:0 25847
25022 12138 1:0 25847
25022 12136 1:0 25847
25028 24546 1:0 25981
25032 12283 1:0 25993
25033 12272 1:0 25993
25033 12273 1:0 25994
25049 12285 1:0 25993
25061 12284 1:0 25993
25102 12280 1:0 25993
25115 12281 1:0 25993
25130 12278 1:0 25993
25130 12279 1:0 26048
25131 12282 1:0 25993
25132 12420 1:0 26239
25191 24513 1:0 26166
25200 11697 21:0 25225
25201 12432 1:0 26212
25223 11692 0:0 25225
25223 11695 0:0 25225
25223 11696 0:0 25225
25223 11693 0:0 25225
25223 11694 0:0 25225
25226 12419 1:0 26238
25226 12425 1:0 26268
25226 12426 1:0 26269
25226 12427 1:0 26278
25226 12428 1:0 26279
25226 12573 1:0 26436
25233 12429 1:0 26288
25233 12430 1:0 26289
25234 12431 1:0 26289
25234 12576 1:0 26435
25234 12567 1:0 26436
25243 12577 1:0 26435
25243 12566 1:0 26435
25243 12578 1:0 26435
25243 12574 1:0 26435
25243 12572 1:0 26489
25249 12579 1:0 26435
25249 12575 1:0 26435
25253 12722 1:0 26654
25254 12713 1:0 26680
25254 12714 1:0 26681
25270 12721 1:0 26720
25282 12723 1:0 26730
25323 12724 1:0 26731
25336 12725 1:0 26731
25351 12719 1:0 26710
25351 12720 1:0 26711
25352 12726 1:0 26731
25353 12860 1:0 26901
25402 12872 1:0 26875
25404 11839 21:0 25446
25412 12868 1:0 26941
25422 12869 1:0 26942
25444 11843 0:0 25446
25444 11841 0:0 25446
25445 11842 0:0 25446
25445 11844 0:0 25446
25445 11840 0:0 25446
25447 12861 1:0 26902
25447 12866 1:0 26931
25447 12867 1:0 26932
25447 12870 1:0 26951
25447 12871 1:0 26952
25447 13008 1:0 27123
25454 12873 1:0 26953
25454 13017 1:0 27096
25455 13007 1:0 27122
25455 13015 1:0 27162
25455 13016 1:0 27163
25464 13013 1:0 27152
25464 13014 1:0 27153
25464 13019 1:0 27173
25464 13018 1:0 27173
25464 13020 1:0 27173
25470 24378 1:0 27230
25474 13166 1:0 27319
25490 13162 1:0 27319
25491 13154 1:0 27319
25491 13160 1:0 27320
25503 13164 1:0 27319
25544 13165 1:0 27319
25557 13167 1:0 27319
25572 13155 1:0 27320
25572 13161 1:0 27374
25573 13163 1:0 27319
25574 13301 1:0 27564
25625 11986 21:0 25667
25633 24314 1:0 27492
25643 13312 1:0 27538
25665 11987 0:0 25667
25666 11989 0:0 25667
25666 11988 0:0 25667
25666 11991 0:0 25667
25666 11990 0:0 25667
25668 13302 1:0 27565
25668 13307 1:0 27594
25668 13308 1:0 27595
25668 13309 1:0 27604
25668 13310 1:0 27605
25668 13448 1:0 27785
25675 13311 1:0 27614
25675 13314 1:0 27616
25676 13313 1:0 27616
25676 13460 1:0 27759
25676 13449 1:0 27786
25685 13456 1:0 27825
25685 13457 1:0 27826
25685 13458 1:0 27835
25685 13459 1:0 27836
25691 13454 1:0 27815
25691 13455 1:0 27816
25691 13461 1:0 27837
25695 13605 1:0 27980
25696 13595 1:0 28006
25696 13596 1:0 28007
25712 13603 1:0 28046
25724 13604 1:0 28047
25765 13606 1:0 28057
25778 13608 1:0 28058
25793 13601 1:0 28036
25793 13602 1:0 28037
25794 13607 1:0 28058
25795 14457 1:0 28191
25803 12126 21:0 25849
25844 298 1:0 28179
25844 13743 1:0 28204
25848 12131 0:0 25856
25848 12132 0:0 25856
25848 12133 21:0 25888
25854 13752 1:0 28204
25856 13755 1:0 28205
25864 13751 1:0 28205
25887 12136 0:0 25888
25887 12137 0:0 25888
25887 12135 0:0 25888
25887 12138 0:0 25888
25887 12134 0:0 25891
25889 13753 1:0 28205
25889 13754 1:0 28205
25889 13748 1:0 28205
25889 13742 1:0 28205
25889 13749 1:0 28258
25896 13750 1:0 28205
26024 12273 0:0 26049
26027 12272 0:0 26054
26054 12279 21:0 26079
26078 12283 21:0 26109
26079 12278 0:0 26087
26107 12282 0:0 26109
26108 12281 0:0 26109
26108 12280 0:0 26109
26108 12284 0:0 26109
26108 12285 0:0 26109
26245 12420 21:0 26291
26290 12425 0:0 26298
26290 12419 0:0 26298
26291 12426 0:0 26299
26305 12432 21:0 26330
26328 12429 0:0 26330
26329 12427 0:0 26330
26329 12428 0:0 26330
26329 12430 0:0 26330
26329 12431 0:0 26333
26466 12567 0:0 26491
26469 12566 0:0 26495
26499 12572 21:0 26523
26522 12573 0:0 26533
26522 12576 21:0 26551
26522 12575 0:0 26551
26549 12578 0:0 26551
26549 12574 0:0 26551
26550 12579 0:0 26551
26550 12577 0:0 26551
26687 12714 21:0 26733
26732 12719 0:0 26740
26732 12722 21:0 26772
26733 12713 0:0 26741
26733 12720 0:0 26741
26770 12721 0:0 26772
26771 12725 0:0 26772
26771 12724 0:0 26772
26771 12726 0:0 26772
26771 12723 0:0 26775
26911 12860 21:0 26955
26954 12867 0:0 26963
26954 12861 0:0 26963
26955 12866 0:0 26963
26971 12872 21:0 26993
26992 12871 0:0 26993
26992 12869 0:0 26993
26992 12870 0:0 26993
26992 12873 0:0 26993
26992 12868 0:0 26996
27129 13008 21:0 27175
27174 13013 0:0 27182
27174 13007 0:0 27182
27175 13014 0:0 27183
27182 13017 21:0 27214
27213 13016 0:0 27214
27213 13020 0:0 27214
27213 13019 0:0 27214
27213 13018 0:0 27214
27213 13015 0:0 27217
27350 13155 0:0 27375
27353 13154 0:0 27379
27380 13161 21:0 27405
27405 13160 0:0 27413
27413 13166 21:0 27435
27434 13164 0:0 27435
27434 13163 0:0 27435
27434 13167 0:0 27435
27434 13162 0:0 27435
27434 13165 0:0 27435
27574 13301 21:0 27618
27617 13308 0:0 27626
27617 13302 0:0 27626
27618 13307 0:0 27626
27621 13312 21:0 27656
27654 13310 0:0 27656
27655 13309 0:0 27656
27655 13311 0:0 27656
27655 13313 0:0 27656
27655 13314 0:0 27659
27795 13448 21:0 27839
27838 13455 0:0 27847
27839 13454 0:0 27847
27839 13449 0:0 27847
27855 13460 21:0 27877
27876 13458 0:0 27877
27876 13456 0:0 27877
27876 13459 0:0 27877
27876 13461 0:0 27877
27876 13457 0:0 27880
28016 13595 21:0 28060
28059 13602 0:0 28068
28059 13596 0:0 28068
28060 13601 0:0 28068
28066 13605 21:0 28098
28097 13608 0:0 28098
28097 13603 0:0 28098
28097 13604 0:0 28098
28097 13606 0:0 28098
28097 13607 0:0 28101
28234 13743 0:0 28259
28237 13742 0:0 28263
28264 13749 21:0 28289
28288 13752 21:0 151
28289 13748 0:0 28297
