50 8778 21:0 87
86 8780 21:0 92
87 8914 21:0 87
91 8782 21:0 103
100 8927 21:0 100
102 8781 21:0 103
102 8783 21:0 103
102 8770 21:0 103
102 8873 21:0 105
103 11 21:0 103
104 8917 21:0 105
105 8929 21:0 113
112 8872 21:0 113
112 337 21:0 113
112 8771 21:0 113
112 8773 21:0 113
112 8775 21:0 113
112 8776 21:0 113
112 8774 21:0 113
112 8777 21:0 113
113 13 21:0 113
113 8932 21:0 179
135 8941 21:0 135
163 8948 21:0 163
163 8947 21:0 163
178 8931 21:0 184
183 8940 21:0 184
183 25 21:0 186
184 8961 21:0 184
184 33 21:0 184
185 8950 21:0 186
186 8963 21:0 207
189 31 21:0 189
200 8973 21:0 200
206 8965 21:0 255
244 8982 21:0 244
246 8967 21:0 246
252 8993 21:0 252
254 8928 21:0 255
254 8983 21:0 256
255 47 21:0 255
257 8995 21:0 265
264 8962 21:0 315
276 9006 21:0 276
314 8964 21:0 331
315 9014 21:0 315
320 9015 21:0 320
330 8930 21:0 341
331 65 21:0 331
340 8997 21:0 391
341 67 21:0 341
343 9020 21:0 343
390 8996 21:0 407
391 9046 21:0 391
398 9033 21:0 398
406 8998 21:0 417
412 87 21:0 412
412 9060 21:0 412
416 41 21:0 417
416 27 21:0 417
416 45 21:0 417
416 69 21:0 417
416 9044 21:0 417
416 59 21:0 417
416 43 21:0 417
417 9064 21:0 483
419 9053 21:0 419
467 9080 21:0 467
472 9081 21:0 472
474 9066 21:0 474
482 9061 21:0 488
487 7 21:0 488
487 9082 21:0 488
487 9073 21:0 488
487 21 21:0 488
487 79 21:0 490
488 105 21:0 488
488 9093 21:0 488
489 9049 21:0 490
489 9016 21:0 490
490 9095 21:0 507
493 103 21:0 493
495 9086 21:0 495
506 9063 21:0 559
543 9110 21:0 543
558 9028 21:0 564
563 9031 21:0 583
564 9126 21:0 564
582 9094 21:0 635
619 9143 21:0 619
619 9145 21:0 619
619 9146 21:0 619
632 9158 21:0 632
634 9062 21:0 640
639 9097 21:0 659
640 141 21:0 640
640 9159 21:0 640
645 139 21:0 645
656 9171 21:0 656
658 9030 21:0 711
695 9178 21:0 695
710 9096 21:0 716
715 9029 21:0 731
721 157 21:0 721
730 9127 21:0 787
771 9212 21:0 771
776 9213 21:0 776
786 9129 21:0 792
787 173 21:0 787
791 9128 21:0 797
796 9161 21:0 863
799 9218 21:0 799
819 9238 21:0 819
860 9257 21:0 860
862 9163 21:0 868
863 191 21:0 863
867 9130 21:0 873
868 9258 21:0 868
872 9194 21:0 939
875 9251 21:0 875
938 9228 21:0 944
943 9227 21:0 949
944 9291 21:0 944
948 9196 21:0 1004
949 211 21:0 949
999 9308 21:0 999
999 9311 21:0 999
1003 9226 21:0 1020
1004 9312 21:0 1004
1006 9297 21:0 1006
1012 9323 21:0 1012
1019 9259 21:0 1025
1020 9324 21:0 1020
1024 9193 21:0 1080
1036 9336 21:0 1036
1075 9343 21:0 1075
1075 9341 21:0 1075
1079 9195 21:0 1096
1091 245 21:0 1091
1095 9160 21:0 1101
1096 9357 21:0 1096
1100 9162 21:0 1156
1101 247 21:0 1101
1112 9369 21:0 1112
1123 9370 21:0 1123
1151 9376 21:0 1151
1151 9377 21:0 1151
1155 9229 21:0 1172
1156 9378 21:0 1156
1171 9260 21:0 1177
1172 9390 21:0 1172
1172 267 21:0 1172
1176 9261 21:0 1227
1179 9383 21:0 1179
1188 9402 21:0 1188
1199 9403 21:0 1199
1226 9262 21:0 1248
1227 9410 21:0 1227
1227 9407 21:0 1227
1234 9396 21:0 1234
1240 9422 21:0 1240
1247 9292 21:0 1253
1248 285 21:0 1248
1248 9423 21:0 1248
1250 9426 21:0 1250
1252 9293 21:0 1303
1253 9427 21:0 1253
1264 9435 21:0 1264
1275 9436 21:0 1275
1302 9294 21:0 1319
1303 9443 21:0 1303
1303 9442 21:0 1303
1310 9429 21:0 1310
1316 9455 21:0 1316
1318 9327 21:0 1329
1321 9457 21:0 1321
1326 9459 21:0 1326
1326 9458 21:0 1326
1328 9391 21:0 1379
1328 309 1:0 1339
1329 9460 21:0 1329
1342 311 1:0 1343
1346 313 1:0 1347
1348 315 1:0 1377
1378 9325 21:0 1395
1378 317 1:0 1391
1379 9476 21:0 1379
1384 9477 21:0 1384
1386 9462 21:0 1386
1392 9488 21:0 1392
1394 9360 21:0 1405
1394 321 1:0 1396
1395 317 21:0 1395
1397 9490 21:0 1397
1399 319 1:0 1401
1400 9489 21:0 1400
1400 321 21:0 1400
1402 9491 21:0 1402
1402 9492 21:0 1402
1404 9295 21:0 1435
1434 9326 21:0 1459
1458 9503 21:0 1459
1458 9424 21:0 1466
1461 9491 1:0 1461
1462 9492 1:0 1462
1465 9489 1:0 1465
1465 9358 21:0 1474
1467 321 1:0 1467
1471 9490 1:0 1471
1473 9394 21:0 1477
1475 317 1:0 1475
1475 9082 1:0 2962
1475 9049 1:0 3084
1476 9392 21:0 1537
1478 9424 1:0 1714
1478 9394 1:0 1820
1480 9488 1:0 1480
1496 9391 1:0 1836
1499 9477 1:0 1499
1507 9476 1:0 1507
1536 9359 21:0 1578
1538 9392 1:0 1826
1561 9462 1:0 1561
1577 9460 1:0 1577
1577 9393 21:0 1581
1579 9359 1:0 1942
1580 9328 21:0 1591
1582 9393 1:0 1742
1583 9458 1:0 1583
1584 9459 1:0 1584
1585 9360 1:0 1949
1586 9358 1:0 1958
1590 9361 21:0 1596
1592 9328 1:0 1986
1593 9457 1:0 1593
1594 9326 1:0 2064
1594 9327 1:0 2071
1595 9425 21:0 1616
1597 9361 1:0 1864
1600 9325 1:0 2080
1602 9455 1:0 1602
1615 9588 21:0 1625
1617 9425 1:0 1704
1619 9295 1:0 2108
1624 9591 21:0 1664
1629 9443 1:0 1629
1629 9442 1:0 1629
1655 9436 1:0 1655
1663 9584 21:0 1673
1670 9294 1:0 2186
1672 9534 21:0 1687
1679 9435 1:0 1679
1683 9429 1:0 1683
1686 9026 21:0 1700
1687 9293 1:0 2192
1699 9427 1:0 1699
1699 8987 21:0 1700
1699 9039 21:0 1703
1702 9077 21:0 1703
1702 8908 21:0 1703
1702 9000 21:0 1706
1705 9148 21:0 1706
1705 9280 21:0 1706
1705 9214 21:0 1706
1705 9313 21:0 1706
1705 9247 21:0 1706
1705 9115 21:0 1706
1706 9426 1:0 1706
1706 9641 21:0 1710
1707 9313 1:0 2101
1707 9292 1:0 2202
1707 9280 1:0 2223
1707 9247 1:0 2352
1707 9214 1:0 2474
1707 9148 1:0 2711
1707 9115 1:0 2840
1708 9262 1:0 2230
1708 9261 1:0 2308
1709 9423 1:0 1709
1709 8916 21:0 1710
1709 9092 21:0 1713
1711 285 1:0 1711
1712 99 21:0 1713
1712 9412 21:0 1713
1712 57 21:0 1713
1712 97 21:0 1713
1712 93 21:0 1713
1712 29 21:0 1713
1712 9561 21:0 1713
1712 83 21:0 1713
1714 9412 1:0 1742
1714 9260 1:0 2314
1714 97 1:0 2936
1716 9645 21:0 1718
1716 9259 1:0 2324
1716 9229 1:0 2352
1717 8980 21:0 1718
1717 9027 21:0 1721
1720 77 21:0 1721
1720 63 21:0 1721
1720 9 21:0 1721
1720 8934 21:0 1721
1720 75 21:0 1721
1720 101 21:0 1721
1720 5 21:0 1723
1722 9227 1:0 2430
1722 9228 1:0 2437
1724 9422 1:0 1724
1725 9648 21:0 1747
1741 9226 1:0 2446
1746 49 21:0 1781
1751 9410 1:0 1751
1751 9407 1:0 1751
1777 9403 1:0 1777
1780 9531 21:0 1795
1792 9195 1:0 2474
1794 9527 21:0 1800
1799 319 21:0 1822
1801 9402 1:0 1801
1803 9196 1:0 2552
1805 9396 1:0 1805
1821 9675 21:0 1822
1821 317 21:0 1822
1821 321 21:0 1822
1821 9680 21:0 1825
1824 81 21:0 1825
1824 9666 21:0 1825
1824 9511 21:0 1825
1824 329 21:0 1825
1824 223 21:0 1825
1824 9566 21:0 1825
1824 9609 21:0 1825
1824 9623 21:0 1825
1824 39 21:0 1825
1824 239 21:0 1825
1824 61 21:0 1825
1824 9620 21:0 1825
1824 23 21:0 1825
1824 95 21:0 1825
1824 131 21:0 1825
1824 257 21:0 1825
1824 9677 21:0 1825
1824 9618 21:0 1825
1824 9563 21:0 1825
1824 9552 21:0 1825
1824 151 21:0 1828
1826 257 1:0 1864
1826 239 1:0 1986
1826 223 1:0 2108
1826 131 1:0 2718
1826 95 1:0 2936
1828 9698 21:0 1832
1829 9194 1:0 2558
1829 151 1:0 2596
1830 9193 1:0 2568
1830 9162 1:0 2596
1831 9390 1:0 1831
1831 9152 21:0 1832
1831 229 21:0 1835
1833 267 1:0 1833
1834 187 21:0 1835
1834 113 21:0 1835
1834 9165 21:0 1835
1834 9047 21:0 1835
1834 115 21:0 1835
1834 169 21:0 1835
1834 203 21:0 1835
1834 189 21:0 1835
1834 241 21:0 1835
1834 237 21:0 1835
1836 241 1:0 1979
1836 237 1:0 1979
1836 229 1:0 1986
1836 203 1:0 2230
1836 189 1:0 2326
1836 187 1:0 2326
1836 169 1:0 2471
1836 9165 1:0 2596
1836 113 1:0 2814
1836 115 1:0 2814
1838 9702 21:0 1840
1838 9163 1:0 2674
1838 9161 1:0 2680
1839 9310 21:0 1840
1839 9007 21:0 1843
1841 9310 1:0 2101
1842 135 21:0 1843
1842 9099 21:0 1843
1842 225 21:0 1843
1842 205 21:0 1843
1842 8907 21:0 1843
1842 117 21:0 1843
1842 185 21:0 1845
1844 225 1:0 2096
1844 205 1:0 2218
1844 9160 1:0 2690
1844 135 1:0 2706
1844 9130 1:0 2718
1844 117 1:0 2814
1846 185 1:0 2326
1847 9705 21:0 1869
1848 9152 1:0 2703
1850 9383 1:0 1850
1862 9016 1:0 3206
1865 9378 1:0 1865
1868 167 21:0 1869
1868 171 21:0 1869
1868 133 21:0 1869
1868 165 21:0 1869
1870 167 1:0 2462
1870 171 1:0 2462
1870 165 1:0 2462
1870 133 1:0 2706
1872 9723 21:0 1903
1873 9376 1:0 1873
1873 9377 1:0 1873
1874 9128 1:0 2796
1899 9370 1:0 1899
1906 9732 21:0 1908
1907 183 21:0 1911
1912 183 1:0 2326
1915 9734 21:0 1917
1916 9112 21:0 1920
1923 9369 1:0 1923
1924 9737 21:0 1944
1943 159 21:0 1944
1943 9237 21:0 1944
1943 227 21:0 1947
1945 247 1:0 1945
1945 9237 1:0 2352
1945 159 1:0 2562
1946 9106 21:0 1947
1946 8949 21:0 1947
1948 227 1:0 2082
1948 9106 1:0 2814
1950 9755 21:0 1954
1951 9129 1:0 2803
1952 9127 1:0 2812
1952 9096 1:0 2840
1953 9357 1:0 1953
1953 9356 21:0 1954
1953 9132 21:0 1957
1955 9356 1:0 1960
1956 9231 21:0 1957
1956 9172 21:0 1957
1958 9231 1:0 2352
1958 9172 1:0 2570
1958 9132 1:0 2692
1960 9759 21:0 1962
1960 9112 1:0 2840
1960 9099 1:0 2840
1960 9097 1:0 2918
1960 101 1:0 2928
1961 9139 21:0 1962
1961 9277 21:0 1965
1963 245 1:0 1963
1963 9139 1:0 2684
1964 119 21:0 1965
1964 9224 21:0 1965
1966 9277 1:0 2230
1966 9224 1:0 2455
1966 119 1:0 2806
1966 9095 1:0 2924
1969 9762 21:0 1991
1970 93 1:0 2936
1970 99 1:0 2936
1970 81 1:0 3058
1970 75 1:0 3058
1984 8983 1:0 3328
1994 9780 21:0 2025
1995 9343 1:0 1995
1995 9341 1:0 1995
1996 9094 1:0 2934
2028 9789 21:0 2030
2037 9791 21:0 2039
2038 8994 21:0 2042
2045 9336 1:0 2045
2046 9794 21:0 2066
2065 209 21:0 2066
2065 9011 21:0 2066
2065 9278 21:0 2069
2067 209 1:0 2204
2067 9011 1:0 2928
2068 195 21:0 2069
2068 9040 21:0 2069
2070 9278 1:0 2196
2070 195 1:0 2318
2070 9040 1:0 2806
2072 9812 21:0 2076
2073 9092 1:0 2936
2073 9073 1:0 2962
2073 9077 1:0 2962
2074 9062 1:0 2962
2074 9064 1:0 3040
2075 9324 1:0 2075
2075 121 21:0 2076
2075 9185 21:0 2079
2077 121 1:0 2684
2078 8978 21:0 2079
2078 9275 21:0 2079
2080 9275 1:0 2196
2080 9185 1:0 2562
2080 9007 1:0 3050
2082 9816 21:0 2084
2082 9063 1:0 3047
2082 9047 1:0 3050
2082 79 1:0 3058
2082 77 1:0 3058
2082 83 1:0 3058
2082 59 1:0 3180
2082 57 1:0 3180
2082 63 1:0 3180
2082 8950 1:0 3450
2083 9245 21:0 2084
2083 9048 21:0 2087
2085 9245 1:0 2326
2086 9244 21:0 2087
2086 9138 21:0 2087
2088 9244 1:0 2318
2088 9138 1:0 2440
2088 9048 1:0 2448
2088 9061 1:0 3056
2090 9323 1:0 2090
2091 9819 21:0 2113
2107 9029 1:0 3084
2109 9312 1:0 2109
2116 9837 21:0 2147
2117 9308 1:0 2117
2117 9311 1:0 2117
2118 9039 1:0 3084
2118 9044 1:0 3084
2150 9846 21:0 2152
2158 9027 1:0 3172
2158 69 1:0 3172
2159 9848 21:0 2161
2160 8921 21:0 2164
2162 61 1:0 3180
2168 9851 21:0 2188
2171 9297 1:0 2171
2187 9180 21:0 2188
2187 15 21:0 2188
2187 51 21:0 2191
2189 211 1:0 2189
2189 9180 1:0 2440
2190 8912 21:0 2191
2190 8954 21:0 2191
2194 9869 21:0 2198
2195 9031 1:0 3162
2196 9030 1:0 3169
2196 9028 1:0 3178
2197 9291 1:0 2197
2197 334 21:0 2198
2199 49 1:0 3180
2204 9873 21:0 2206
2204 9026 1:0 3187
2204 9000 1:0 3206
2204 8998 1:0 3206
2204 51 1:0 3294
2210 8996 1:0 3284
2213 9876 21:0 2235
2229 8997 1:0 3291
2238 9894 21:0 2269
2240 43 1:0 3302
2240 41 1:0 3302
2240 23 1:0 3424
2240 25 1:0 3424
2240 8917 1:0 3580
2272 9903 21:0 2274
2281 9905 21:0 2283
2290 9908 21:0 2310
2316 9926 21:0 2320
2317 8994 1:0 3294
2317 8978 1:0 3302
2317 39 1:0 3302
2317 45 1:0 3302
2317 27 1:0 3424
2317 21 1:0 3424
2318 8995 1:0 3300
2318 8964 1:0 3328
2319 9258 1:0 2319
2326 9930 21:0 2328
2326 8987 1:0 3313
2326 8980 1:0 3328
2326 8965 1:0 3406
2326 8954 1:0 3416
2329 191 1:0 2329
2332 8963 1:0 3412
2334 9257 1:0 2334
2335 9933 21:0 2357
2336 8949 1:0 3416
2338 9251 1:0 2338
2350 29 1:0 3424
2351 8940 1:0 3450
2360 9951 21:0 2391
2362 8934 1:0 3450
2387 9238 1:0 2387
2394 9960 21:0 2396
2403 9962 21:0 2405
2412 9965 21:0 2432
2438 9983 21:0 2442
2439 8962 1:0 3422
2440 8930 1:0 3450
2440 15 1:0 3538
2440 8928 1:0 3538
2448 9987 21:0 2450
2448 8932 1:0 3528
2448 8931 1:0 3535
2451 173 1:0 2451
2454 8929 1:0 3544
2457 9990 21:0 2479
2458 334 1:0 3546
2460 9218 1:0 2460
2472 8921 1:0 3549
2473 8912 1:0 3549
2475 9213 1:0 2475
2482 10008 21:0 2513
2483 9212 1:0 2483
2484 8907 1:0 3572
2516 10017 21:0 2518
2525 10019 21:0 2527
2534 10022 21:0 2554
2555 157 1:0 2555
2560 10040 21:0 2564
2561 8916 1:0 3572
2561 9 1:0 3572
2561 8908 1:0 3606
2561 7 1:0 3608
2561 5 1:0 3616
2561 335 1:0 3648
2570 10044 21:0 2572
2579 10047 21:0 2601
2604 10065 21:0 2635
2605 9178 1:0 2605
2638 10074 21:0 2640
2647 10076 21:0 2649
2655 9171 1:0 2655
2656 10079 21:0 2676
2677 139 1:0 2677
2682 10097 21:0 2686
2685 9159 1:0 2685
2687 141 1:0 2687
2692 10101 21:0 2694
2700 9158 1:0 2700
2701 10104 21:0 2723
2726 10122 21:0 2757
2727 9143 1:0 2727
2727 9145 1:0 2727
2727 9146 1:0 2727
2760 10131 21:0 2762
2769 10133 21:0 2771
2778 10136 21:0 2798
2804 10154 21:0 2808
2807 9126 1:0 2807
2814 10158 21:0 2816
2823 10161 21:0 2845
2848 10179 21:0 2879
2849 9110 1:0 2849
2882 10188 21:0 2884
2891 10190 21:0 2893
2900 10193 21:0 2920
2921 103 1:0 2921
2926 10211 21:0 2930
2929 9093 1:0 2929
2931 105 1:0 2931
2936 10215 21:0 2938
2945 10218 21:0 2967
2948 9086 1:0 2948
2963 9081 1:0 2963
2970 10236 21:0 3001
2971 9080 1:0 2971
3004 10245 21:0 3006
3013 10247 21:0 3015
3022 10250 21:0 3042
3025 9066 1:0 3025
3048 10268 21:0 3052
3051 9060 1:0 3051
3053 87 1:0 3053
3058 10272 21:0 3060
3067 10275 21:0 3089
3070 9053 1:0 3070
3092 10293 21:0 3123
3093 9046 1:0 3093
3126 10302 21:0 3128
3135 10304 21:0 3137
3144 10307 21:0 3164
3147 9033 1:0 3147
3165 67 1:0 3165
3170 10325 21:0 3174
3180 10329 21:0 3182
3183 65 1:0 3183
3189 10332 21:0 3211
3192 9020 1:0 3192
3207 9015 1:0 3207
3214 10350 21:0 3245
3215 9014 1:0 3215
3248 10359 21:0 3250
3257 10361 21:0 3259
3265 9006 1:0 3265
3266 10364 21:0 3286
3292 10382 21:0 3296
3302 10386 21:0 3304
3305 47 1:0 3305
3310 8993 1:0 3310
3311 10389 21:0 3333
3329 8982 1:0 3329
3336 10407 21:0 3367
3370 10416 21:0 3372
3379 10418 21:0 3381
3387 8973 1:0 3387
3388 10421 21:0 3408
3391 8967 1:0 3391
3409 31 1:0 3409
3414 10439 21:0 3418
3417 8961 1:0 3417
3419 33 1:0 3419
3424 10443 21:0 3426
3433 10446 21:0 3455
3458 10464 21:0 3489
3459 8948 1:0 3459
3459 8947 1:0 3459
3485 8941 1:0 3485
3492 10473 21:0 3494
3501 10475 21:0 3503
3510 10478 21:0 3530
3531 13 1:0 3531
3536 10496 21:0 3540
3546 10500 21:0 3548
3549 11 1:0 3549
3554 8927 1:0 3554
3555 10503 21:0 3577
3580 10521 21:0 3611
3581 8914 1:0 3581
3614 10530 21:0 3616
3623 10532 21:0 3625
3646 334 21:0 3664
3663 10558 21:0 3696
3695 7 21:0 3696
3695 5 21:0 3696
3696 10566 21:0 3712
3711 335 21:0 3712
3711 10568 21:0 3712
3711 9 21:0 3712
3711 3 21:0 3712
3711 10535 21:0 3712
3711 10578 21:0 3712
3714 10580 21:0 3722
3721 10581 21:0 3772
3771 10582 21:0 3788
3787 10583 21:0 3798
3797 10613 21:0 3848
3847 10614 21:0 3864
3863 10616 21:0 3874
3873 10615 21:0 3924
3923 10649 21:0 3940
3939 10646 21:0 3950
3949 10647 21:0 4000
3999 10680 21:0 4016
4015 10681 21:0 4021
4020 10648 21:0 4040
4039 10682 21:0 4092
4091 10679 21:0 4097
4096 10712 21:0 4116
4115 10745 21:0 4168
4167 10746 21:0 4173
4172 10747 21:0 4178
4177 10748 21:0 4244
4243 10715 21:0 4249
4248 10713 21:0 4254
4253 10714 21:0 4320
4319 10811 21:0 4325
4324 10780 21:0 4330
4329 10779 21:0 4396
4395 10778 21:0 4401
4400 10781 21:0 4406
4405 10812 21:0 4461
4460 10813 21:0 4477
4476 10814 21:0 4482
4481 10878 21:0 4537
4536 10846 21:0 4553
4552 10880 21:0 4558
4557 10879 21:0 4608
4607 10877 21:0 4624
4623 10844 21:0 4634
4633 10845 21:0 4684
4683 10847 21:0 4700
4699 10910 21:0 4710
4709 10911 21:0 4760
4759 10943 21:0 4776
4775 10912 21:0 4786
4785 10913 21:0 4804
4803 10944 21:0 4852
4851 10945 21:0 4857
4854 11075 21:0 4854
4856 10946 21:0 4876
4859 11077 21:0 4859
4859 11076 21:0 4859
4862 11078 21:0 4862
4875 10976 21:0 4928
4927 10978 21:0 4933
4930 11108 21:0 4930
4932 10977 21:0 4952
4935 11110 21:0 4935
4935 11109 21:0 4935
4938 11111 21:0 4938
4951 10979 21:0 5004
4953 317 1:0 5000
5003 321 1:0 5005
5003 11009 21:0 5009
5008 319 1:0 5010
5008 11011 21:0 5014
5013 329 1:0 5025
5013 11010 21:0 5067
5043 9511 1:0 5045
5066 11012 21:0 5078
5069 9527 1:0 5071
5077 11154 21:0 5078
5077 11042 21:0 5081
5080 10567 21:0 5081
5080 9531 1:0 5082
5080 11043 21:0 5090
5082 9534 1:0 5092
5082 9552 1:0 5119
5082 9561 1:0 5154
5082 9563 1:0 5164
5082 9566 1:0 5174
5082 9584 1:0 5202
5082 9609 1:0 5250
5085 9588 1:0 5213
5085 9591 1:0 5223
5085 9618 1:0 5285
5085 9620 1:0 5295
5085 9623 1:0 5305
5085 9641 1:0 5333
5085 9645 1:0 5344
5085 9648 1:0 5354
5085 9666 1:0 5368
5085 9680 1:0 5368
5085 9677 1:0 5368
5085 9675 1:0 5375
5085 9698 1:0 5464
5089 11044 21:0 5140
5091 11043 1:0 5465
5091 11042 1:0 5476
5093 9702 1:0 5475
5096 9737 1:0 5487
5096 9723 1:0 5487
5096 9734 1:0 5499
5096 9732 1:0 5506
5096 9789 1:0 5630
5096 9791 1:0 5637
5124 11012 1:0 5506
5139 11045 21:0 5198
5141 11044 1:0 5458
5165 9705 1:0 5485
5165 9755 1:0 5595
5173 9780 1:0 5630
5178 9794 1:0 5630
5197 11111 1:0 5197
5197 9534 21:0 5198
5197 9531 21:0 5201
5199 11045 1:0 5375
5200 319 21:0 5201
5200 9563 21:0 5201
5200 9552 21:0 5201
5200 9561 21:0 5201
5200 10667 21:0 5201
5200 9527 21:0 5201
5200 10733 21:0 5203
5202 10799 21:0 5204
5203 11063 21:0 5204
5204 11109 1:0 5204
5204 9584 21:0 5209
5205 11110 1:0 5205
5205 11063 1:0 5368
5206 11010 1:0 5589
5207 11011 1:0 5597
5207 11009 1:0 5607
5208 317 21:0 5209
5208 321 21:0 5209
5208 9566 21:0 5212
5210 9759 1:0 5606
5211 10964 21:0 5212
5211 131 21:0 5212
5211 205 21:0 5212
5211 9511 21:0 5212
5211 329 21:0 5212
5211 11030 21:0 5212
5211 115 21:0 5212
5211 10865 21:0 5212
5211 10599 21:0 5212
5211 315 21:0 5212
5211 10895 21:0 5212
5211 10766 21:0 5215
5213 11030 1:0 5499
5213 10979 1:0 5637
5213 10964 1:0 5750
5213 10865 1:0 6154
5214 10700 21:0 5215
5215 11108 1:0 5215
5215 9588 21:0 5218
5216 9762 1:0 5616
5216 10977 1:0 5720
5217 10992 21:0 5218
5217 10750 21:0 5221
5219 10992 1:0 5600
5219 10978 1:0 5728
5220 45 21:0 5221
5220 221 21:0 5221
5220 10963 21:0 5221
5220 10585 21:0 5221
5220 187 21:0 5221
5220 153 21:0 5221
5220 207 21:0 5221
5220 10898 21:0 5223
5222 10634 21:0 5223
5222 10832 21:0 5225
5222 9812 1:0 5726
5222 10963 1:0 5731
5222 9816 1:0 5737
5222 10976 1:0 5738
5222 221 1:0 5750
5224 9846 1:0 5761
5224 9837 1:0 5761
5224 9851 1:0 5768
5224 10898 1:0 6023
5224 10799 1:0 6416
5225 9591 21:0 5249
5226 10832 1:0 6285
5243 10946 1:0 5768
5248 135 21:0 5249
5248 129 21:0 5249
5248 259 21:0 5249
5248 95 21:0 5249
5250 259 1:0 5487
5250 9819 1:0 5747
5252 9609 21:0 5284
5255 9848 1:0 5768
5255 9908 1:0 5880
5255 205 1:0 5880
5255 10766 1:0 6547
5283 239 21:0 5284
5283 275 21:0 5284
5285 275 1:0 5356
5285 239 1:0 5619
5287 9618 21:0 5290
5289 93 21:0 5293
5292 23 21:0 5293
5296 10945 1:0 5851
5297 9620 21:0 5300
5299 10699 21:0 5303
5302 225 21:0 5303
5302 133 21:0 5303
5302 151 21:0 5303
5302 185 21:0 5303
5304 225 1:0 5750
5304 9869 1:0 5857
5307 9623 21:0 5329
5328 11078 1:0 5328
5328 10662 21:0 5329
5328 209 21:0 5329
5328 10915 21:0 5332
5330 209 1:0 5862
5331 10968 21:0 5332
5331 21 21:0 5332
5331 10743 21:0 5332
5331 203 21:0 5332
5331 219 21:0 5332
5331 243 21:0 5332
5333 10968 1:0 5347
5333 10915 1:0 5469
5333 243 1:0 5619
5333 219 1:0 5740
5333 203 1:0 5880
5335 11076 1:0 5335
5335 9641 21:0 5340
5336 11077 1:0 5336
5337 10944 1:0 5858
5338 9873 1:0 5868
5338 10943 1:0 5869
5339 49 21:0 5340
5339 10600 21:0 5340
5339 10761 21:0 5343
5341 10913 1:0 5899
5342 10572 21:0 5343
5342 10565 21:0 5346
5344 9876 1:0 5878
5344 207 1:0 5880
5344 9903 1:0 5892
5344 9894 1:0 5892
5344 9905 1:0 5899
5344 187 1:0 6011
5344 185 1:0 6011
5344 9951 1:0 6023
5346 11075 1:0 5346
5346 9645 21:0 5349
5347 10912 1:0 5982
5347 10911 1:0 5989
5347 10895 1:0 5993
5348 117 21:0 5349
5348 39 21:0 5349
5348 171 21:0 5349
5348 237 21:0 5349
5348 99 21:0 5349
5348 111 21:0 5349
5348 63 21:0 5349
5348 261 21:0 5352
5350 237 1:0 5609
5350 9926 1:0 5988
5350 9930 1:0 5999
5350 9965 1:0 6023
5350 9960 1:0 6023
5350 9962 1:0 6030
5351 61 21:0 5352
5351 241 21:0 5352
5351 167 21:0 5352
5351 189 21:0 5352
5351 27 21:0 5352
5351 255 21:0 5352
5351 183 21:0 5352
5351 57 21:0 5352
5351 113 21:0 5352
5353 255 1:0 5478
5353 261 1:0 5487
5353 241 1:0 5619
5353 10910 1:0 6000
5353 189 1:0 6002
5353 167 1:0 6142
5355 183 1:0 6011
5355 171 1:0 6142
5355 10019 1:0 6154
5355 10017 1:0 6161
5355 10733 1:0 6678
5356 9648 21:0 5380
5374 10879 1:0 6030
5383 9666 21:0 5415
5386 9933 1:0 6009
5386 9983 1:0 6119
5418 9675 21:0 5421
5428 9677 21:0 5431
5438 9680 21:0 5460
5466 9698 21:0 5471
5468 10880 1:0 6113
5469 10878 1:0 6120
5469 10761 1:0 6124
5469 9987 1:0 6130
5469 10022 1:0 6142
5469 10008 1:0 6142
5469 151 1:0 6273
5469 10074 1:0 6285
5469 10700 1:0 6798
5477 9702 21:0 5480
5478 10877 1:0 6131
5478 10847 1:0 6161
5481 9990 1:0 6140
5486 10845 1:0 6244
5487 9705 21:0 5511
5505 10846 1:0 6252
5514 9723 21:0 5546
5517 10040 1:0 6250
5517 49 1:0 6255
5549 9732 21:0 5552
5559 9734 21:0 5562
5569 9737 21:0 5591
5597 9755 21:0 5602
5599 10844 1:0 6262
5600 10044 1:0 6261
5600 10047 1:0 6271
5600 153 1:0 6273
5600 10065 1:0 6292
5600 10076 1:0 6292
5600 10814 1:0 6292
5600 10079 1:0 6292
5600 133 1:0 6404
5600 131 1:0 6404
5600 10131 1:0 6416
5608 9759 21:0 5611
5609 10813 1:0 6375
5609 10812 1:0 6382
5612 10097 1:0 6381
5615 10600 1:0 6386
5618 9762 21:0 5642
5620 10811 1:0 6393
5635 129 1:0 6395
5635 135 1:0 6404
5635 10136 1:0 6416
5636 10101 1:0 6392
5636 10104 1:0 6402
5643 10122 1:0 6416
5645 9780 21:0 5677
5648 10133 1:0 6423
5648 111 1:0 6526
5648 115 1:0 6535
5648 10179 1:0 6547
5648 10667 1:0 6940
5680 9789 21:0 5683
5690 9791 21:0 5693
5700 9794 21:0 5722
5728 9812 21:0 5733
5730 10781 1:0 6423
5731 10779 1:0 6506
5731 10780 1:0 6514
5739 9816 21:0 5742
5740 10154 1:0 6512
5740 10750 1:0 6517
5740 10158 1:0 6523
5740 10778 1:0 6524
5740 117 1:0 6535
5740 113 1:0 6535
5740 10193 1:0 6547
5740 10188 1:0 6547
5740 10190 1:0 6554
5740 95 1:0 6666
5746 10748 1:0 6554
5748 10161 1:0 6533
5749 9819 21:0 5773
5767 10747 1:0 6637
5774 99 1:0 6657
5776 9837 21:0 5808
5779 10743 1:0 6648
5779 93 1:0 6666
5779 10247 1:0 6678
5779 10236 1:0 6678
5779 10245 1:0 6685
5779 10634 1:0 7071
5811 9846 21:0 5814
5821 9848 21:0 5824
5831 9851 21:0 5853
5859 9869 21:0 5864
5861 10746 1:0 6644
5862 10211 1:0 6643
5862 10215 1:0 6654
5862 10745 1:0 6655
5862 10218 1:0 6664
5870 9873 21:0 5873
5871 10250 1:0 6678
5871 10714 1:0 6685
5871 10302 1:0 6809
5871 10293 1:0 6809
5871 10304 1:0 6816
5871 10568 1:0 7340
5874 10715 1:0 6768
5879 10713 1:0 6775
5880 9876 21:0 5904
5882 10699 1:0 6779
5897 10268 1:0 6774
5907 9894 21:0 5939
5910 10712 1:0 6786
5942 9903 21:0 5945
5952 9905 21:0 5955
5962 9908 21:0 5984
5990 9926 21:0 5995
5992 10272 1:0 6785
5992 10275 1:0 6795
5992 10307 1:0 6809
5992 57 1:0 6919
5992 10364 1:0 6928
5992 10350 1:0 6947
5993 10682 1:0 6816
5993 10681 1:0 6899
6001 9930 21:0 6004
6002 10325 1:0 6905
6002 10680 1:0 6906
6002 10662 1:0 6910
6002 10329 1:0 6916
6008 10679 1:0 6917
6011 9933 21:0 6035
6028 10648 1:0 6947
6029 10332 1:0 6926
6029 63 1:0 6928
6029 61 1:0 6928
6029 10361 1:0 6940
6029 10359 1:0 6947
6029 10416 1:0 7071
6029 10418 1:0 7078
6029 23 1:0 7190
6038 9951 21:0 6070
6041 10382 1:0 7036
6041 10585 1:0 7041
6073 9960 21:0 6076
6083 9962 21:0 6086
6093 9965 21:0 6115
6121 9983 21:0 6126
6123 10649 1:0 7030
6124 10647 1:0 7037
6124 10386 1:0 7047
6124 39 1:0 7050
6124 10389 1:0 7057
6124 45 1:0 7059
6124 10407 1:0 7071
6124 10421 1:0 7071
6132 9987 21:0 6135
6133 10646 1:0 7048
6133 10615 1:0 7078
6139 10616 1:0 7161
6142 9990 21:0 6166
6160 10614 1:0 7168
6167 10439 1:0 7167
6169 10008 21:0 6201
6172 10599 1:0 7172
6172 27 1:0 7181
6172 21 1:0 7190
6172 10473 1:0 7202
6172 10475 1:0 7209
6204 10017 21:0 6207
6214 10019 21:0 6217
6224 10022 21:0 6246
6252 10040 21:0 6257
6254 10613 1:0 7179
6255 10443 1:0 7178
6255 10446 1:0 7188
6255 10464 1:0 7190
6255 10478 1:0 7190
6255 10583 1:0 7209
6255 3 1:0 7315
6255 10521 1:0 7315
6263 10044 21:0 6266
6264 10582 1:0 7292
6264 10581 1:0 7299
6267 10496 1:0 7298
6270 10565 1:0 7303
6273 10047 21:0 6297
6275 10580 1:0 7310
6290 10500 1:0 7309
6291 10558 1:0 7315
6291 9 1:0 7315
6291 7 1:0 7328
6291 10530 1:0 7337
6291 5 1:0 7386
6291 10532 1:0 7391
6300 10065 21:0 6332
6303 10572 1:0 7315
6303 10503 1:0 7319
6335 10074 21:0 6338
6345 10076 21:0 6348
6355 10079 21:0 6377
6383 10097 21:0 6388
6385 10578 1:0 7320
6385 10567 1:0 7340
6385 10566 1:0 7349
6385 335 1:0 7394
6386 10535 1:0 7401
6386 315 1:0 8759
6386 317 1:0 8773
6386 336 1:0 7421
6394 10101 21:0 6397
6404 10104 21:0 6428
6431 10122 21:0 6463
6466 10131 21:0 6469
6476 10133 21:0 6479
6486 10136 21:0 6508
6514 10154 21:0 6519
6525 10158 21:0 6528
6535 10161 21:0 6559
6562 10179 21:0 6594
6597 10188 21:0 6600
6607 10190 21:0 6610
6617 10193 21:0 6639
6645 10211 21:0 6650
6656 10215 21:0 6659
6666 10218 21:0 6690
6693 10236 21:0 6725
6728 10245 21:0 6731
6738 10247 21:0 6741
6748 10250 21:0 6770
6776 10268 21:0 6781
6787 10272 21:0 6790
6797 10275 21:0 6821
6824 10293 21:0 6856
6859 10302 21:0 6862
6869 10304 21:0 6872
6879 10307 21:0 6901
6907 10325 21:0 6912
6918 10329 21:0 6921
6928 10332 21:0 6952
6955 10350 21:0 6987
6990 10359 21:0 6993
7000 10361 21:0 7003
7010 10364 21:0 7032
7038 10382 21:0 7043
7049 10386 21:0 7052
7059 10389 21:0 7083
7086 10407 21:0 7118
7121 10416 21:0 7124
7131 10418 21:0 7134
7141 10421 21:0 7163
7169 10439 21:0 7174
7180 10443 21:0 7183
7190 10446 21:0 7214
7217 10464 21:0 7249
7252 10473 21:0 7255
7262 10475 21:0 7265
7272 10478 21:0 7294
7300 10496 21:0 7305
7311 10500 21:0 7314
7321 10503 21:0 7345
7348 10521 21:0 7380
7383 10530 21:0 7386
7393 10532 21:0 7396
7419 335 21:0 7437
7436 12209 21:0 7469
7468 12210 21:0 7485
7484 12217 21:0 7485
7484 336 21:0 7485
7484 12218 21:0 7485
7485 11 21:0 7490
7489 12216 21:0 7490
7489 12229 21:0 7490
7489 5 21:0 7492
7491 12219 21:0 7492
7492 12233 21:0 7513
7512 12231 21:0 7561
7517 12243 21:0 7517
7545 12249 21:0 7545
7545 12250 21:0 7545
7545 12247 21:0 7545
7560 12232 21:0 7566
7565 12234 21:0 7585
7566 33 21:0 7566
7571 31 21:0 7571
7582 12275 21:0 7582
7584 12266 21:0 7637
7621 12283 21:0 7621
7621 12282 21:0 7621
7626 12284 21:0 7626
7628 12269 21:0 7628
7636 12264 21:0 7642
7637 47 21:0 7637
7641 12267 21:0 7661
7649 12289 21:0 7649
7660 12265 21:0 7713
7697 12315 21:0 7697
7697 12316 21:0 7697
7697 12313 21:0 7697
7712 12298 21:0 7718
7717 12300 21:0 7737
7718 12329 21:0 7718
7723 67 21:0 7723
7725 12322 21:0 7725
7736 12330 21:0 7789
7745 12342 21:0 7745
7773 12349 21:0 7773
7773 12346 21:0 7773
7778 12350 21:0 7778
7780 12335 21:0 7780
7788 12297 21:0 7794
7793 12299 21:0 7799
7798 12332 21:0 7865
7849 12381 21:0 7849
7849 12379 21:0 7849
7854 12383 21:0 7854
7856 12368 21:0 7856
7862 12394 21:0 7862
7864 12331 21:0 7870
7869 12333 21:0 7875
7870 12395 21:0 7870
7874 12396 21:0 7930
7886 12407 21:0 7886
7925 12412 21:0 7925
7925 12415 21:0 7925
7925 12414 21:0 7925
7929 12364 21:0 7946
7941 119 21:0 7941
7945 12365 21:0 7951
7950 12366 21:0 8006
7953 12421 21:0 7953
7962 12440 21:0 7962
7973 12441 21:0 7973
8001 12447 21:0 8001
8001 12448 21:0 8001
8005 12363 21:0 8022
8021 12398 21:0 8027
8022 141 21:0 8022
8022 12461 21:0 8022
8026 12397 21:0 8082
8027 139 21:0 8027
8029 12454 21:0 8029
8077 12481 21:0 8077
8081 12399 21:0 8098
8090 12493 21:0 8090
8097 12431 21:0 8103
8098 159 21:0 8098
8098 12494 21:0 8098
8102 12429 21:0 8153
8114 12506 21:0 8114
8152 12432 21:0 8169
8153 12514 21:0 8153
8158 12515 21:0 8158
8168 12462 21:0 8179
8174 177 21:0 8174
8178 12430 21:0 8201
8179 175 21:0 8179
8190 12539 21:0 8190
8200 12464 21:0 8245
8201 12540 21:0 8201
8229 12546 21:0 8229
8244 12463 21:0 8250
8249 12465 21:0 8269
8250 12560 21:0 8250
8268 12496 21:0 8321
8305 12577 21:0 8305
8312 12566 21:0 8312
8320 12531 21:0 8326
8321 209 21:0 8321
8325 12528 21:0 8345
8344 12495 21:0 8397
8381 12612 21:0 8381
8388 12599 21:0 8388
8396 12529 21:0 8402
8401 12498 21:0 8421
8402 12626 21:0 8402
8407 229 21:0 8407
8409 12619 21:0 8409
8420 12497 21:0 8473
8457 12646 21:0 8457
8457 12645 21:0 8457
8457 12643 21:0 8457
8462 12647 21:0 8462
8464 12632 21:0 8464
8472 12530 21:0 8478
8473 245 21:0 8473
8477 12561 21:0 8483
8482 12562 21:0 8549
8494 12671 21:0 8494
8538 12680 21:0 8538
8540 12665 21:0 8540
8548 12563 21:0 8554
8549 263 21:0 8549
8553 12594 21:0 8559
8554 267 21:0 8554
8558 12564 21:0 8625
8559 12696 21:0 8559
8561 12685 21:0 8561
8570 12704 21:0 8570
8581 12705 21:0 8581
8609 12711 21:0 8609
8616 12698 21:0 8616
8624 12596 21:0 8630
8625 281 21:0 8625
8627 12726 21:0 8627
8629 12595 21:0 8635
8630 12725 21:0 8630
8632 12728 21:0 8632
8632 12727 21:0 8632
8634 12597 21:0 8690
8635 12729 21:0 8635
8685 12742 21:0 8685
8685 12745 21:0 8685
8689 12627 21:0 8706
8690 12746 21:0 8690
8692 12731 21:0 8692
8703 12759 21:0 8703
8705 12629 21:0 8711
8708 12760 21:0 8708
8708 12761 21:0 8708
8710 12628 21:0 8761
8711 301 21:0 8711
8711 12762 21:0 8711
8760 12630 21:0 8782
8776 321 1:0 8778
8779 12792 21:0 8779
8781 319 1:0 8783
8781 12660 21:0 8787
8784 12793 21:0 8784
8784 12794 21:0 8784
8786 329 1:0 8798
8786 12662 21:0 8840
8816 9511 1:0 8818
8839 12661 21:0 8843
8842 9527 1:0 8844
8842 12663 21:0 8851
8846 12793 1:0 8846
8847 12794 1:0 8847
8850 12693 21:0 8860
8852 9531 1:0 8855
8852 9552 1:0 8892
8852 9561 1:0 8927
8852 9563 1:0 8937
8852 9618 1:0 9058
8852 9620 1:0 9068
8852 9677 1:0 9141
8857 12792 1:0 8857
8858 9534 1:0 8865
8858 9566 1:0 8947
8858 9584 1:0 8975
8858 9588 1:0 8986
8858 9591 1:0 8996
8858 9609 1:0 9023
8858 9623 1:0 9078
8858 9641 1:0 9106
8858 9645 1:0 9117
8858 9648 1:0 9127
8858 9666 1:0 9148
8859 12695 21:0 8863
8861 9680 1:0 9129
8861 9675 1:0 9148
8861 9698 1:0 9237
8861 9702 1:0 9248
8861 9737 1:0 9260
8861 9734 1:0 9272
8861 9732 1:0 9279
8861 9723 1:0 9279
8861 9789 1:0 9403
8862 12694 21:0 8932
8864 12695 1:0 9239
8864 12693 1:0 9249
8885 12663 1:0 9279
8897 9705 1:0 9258
8897 9794 1:0 9403
8897 9780 1:0 9410
8897 9791 1:0 9410
8897 9846 1:0 9534
8931 12805 21:0 8942
8933 12694 1:0 9231
8941 9563 21:0 8942
8941 9561 21:0 8942
8941 319 21:0 8945
8944 9534 21:0 8971
8946 12661 1:0 9362
8951 9755 1:0 9368
8966 9759 1:0 9379
8970 12762 1:0 8970
8970 9527 21:0 8971
8970 317 21:0 8971
8970 9531 21:0 8974
8972 301 1:0 8972
8973 12615 21:0 8974
8973 12714 21:0 8974
8973 12417 21:0 8974
8973 315 21:0 8974
8973 321 21:0 8974
8973 12648 21:0 8974
8973 313 21:0 8974
8973 9552 21:0 8974
8973 329 21:0 8974
8973 9566 21:0 8974
8973 7 21:0 8974
8973 9511 21:0 8974
8973 12483 21:0 8977
8975 12714 1:0 9141
8975 12648 1:0 9403
8976 12450 21:0 8977
8977 12760 1:0 8977
8977 9584 21:0 8982
8978 12761 1:0 8978
8979 12662 1:0 9370
8980 12660 1:0 9380
8980 12630 1:0 9410
8981 301 21:0 8982
8981 311 21:0 8982
8981 12428 21:0 8985
8983 9762 1:0 9389
8984 12544 21:0 8985
8984 43 21:0 8985
8984 151 21:0 8985
8984 10535 21:0 8985
8984 65 21:0 8985
8984 147 21:0 8985
8984 39 21:0 8985
8984 25 21:0 8988
8986 12628 1:0 9493
8987 12285 21:0 8988
8988 12759 1:0 8988
8988 9588 21:0 8991
8989 9812 1:0 9499
8989 12629 1:0 9501
8989 9816 1:0 9510
8989 9837 1:0 9541
8990 105 21:0 8991
8990 12375 21:0 8994
8992 12627 1:0 9511
8993 95 21:0 8994
8993 165 21:0 8994
8993 12658 21:0 8994
8993 57 21:0 8994
8993 12361 21:0 8994
8993 41 21:0 8994
8993 309 21:0 8994
8993 12516 21:0 8996
8995 12351 21:0 8996
8995 12582 21:0 8998
8995 12658 1:0 9373
8995 9819 1:0 9520
8995 9851 1:0 9534
8995 12615 1:0 9534
8995 12597 1:0 9541
8995 9848 1:0 9541
8995 12483 1:0 10058
8995 12450 1:0 10178
8997 12252 21:0 8998
8997 12516 1:0 9916
8998 9591 21:0 9022
8999 12582 1:0 9654
9016 12595 1:0 9624
9018 12746 1:0 9018
9021 205 21:0 9022
9021 81 21:0 9022
9021 12681 21:0 9022
9021 185 21:0 9022
9021 171 21:0 9022
9023 12681 1:0 9272
9025 9609 21:0 9057
9027 12742 1:0 9027
9027 12745 1:0 9027
9028 12596 1:0 9632
9056 257 21:0 9057
9056 293 21:0 9057
9058 293 1:0 9063
9058 257 1:0 9260
9060 9618 21:0 9063
9062 27 21:0 9066
9065 133 21:0 9066
9069 9869 1:0 9630
9069 9873 1:0 9641
9070 9620 21:0 9073
9072 12553 21:0 9076
9075 203 21:0 9076
9075 115 21:0 9076
9075 259 21:0 9076
9075 129 21:0 9076
9077 259 1:0 9260
9077 12553 1:0 9635
9077 9876 1:0 9651
9077 203 1:0 9654
9080 9623 21:0 9102
9085 12731 1:0 9085
9101 12729 1:0 9101
9101 12474 21:0 9102
9101 12256 21:0 9102
9101 12639 21:0 9105
9104 12280 21:0 9105
9104 279 21:0 9105
9104 113 21:0 9105
9104 93 21:0 9105
9104 21 21:0 9105
9104 12276 21:0 9105
9106 12280 1:0 9129
9106 279 1:0 9129
9106 12639 1:0 9242
9106 12276 1:0 9504
9108 12727 1:0 9108
9108 9641 21:0 9113
9109 12728 1:0 9109
9110 12594 1:0 9642
9111 205 1:0 9654
9111 9903 1:0 9665
9111 9908 1:0 9672
9111 9905 1:0 9672
9111 9894 1:0 9672
9111 12564 1:0 9672
9111 9926 1:0 9761
9111 12544 1:0 9766
9111 185 1:0 9784
9112 12725 1:0 9112
9112 101 21:0 9113
9112 103 21:0 9113
9112 303 21:0 9116
9114 103 1:0 9123
9114 101 1:0 9123
9115 135 21:0 9116
9115 255 21:0 9116
9115 243 21:0 9116
9115 153 21:0 9116
9115 201 21:0 9116
9115 207 21:0 9116
9115 225 21:0 9116
9115 9 21:0 9119
9117 255 1:0 9260
9117 243 1:0 9391
9117 225 1:0 9522
9117 201 1:0 9644
9117 207 1:0 9654
9119 12726 1:0 9119
9119 9645 21:0 9122
9120 12563 1:0 9755
9120 12562 1:0 9762
9121 183 21:0 9122
9121 219 21:0 9122
9121 99 21:0 9122
9121 75 21:0 9122
9121 79 21:0 9122
9121 149 21:0 9122
9121 237 21:0 9122
9121 277 21:0 9122
9121 239 21:0 9122
9121 275 21:0 9122
9121 167 21:0 9122
9121 77 21:0 9122
9121 221 21:0 9122
9123 281 1:0 9123
9123 275 1:0 9129
9123 277 1:0 9129
9123 237 1:0 9382
9123 239 1:0 9391
9123 219 1:0 9513
9123 221 1:0 9522
9123 12561 1:0 9773
9126 9930 1:0 9772
9129 9648 21:0 9153
9131 12530 1:0 9803
9146 183 1:0 9784
9146 9962 1:0 9796
9146 9951 1:0 9803
9146 9965 1:0 9803
9146 9960 1:0 9803
9146 12417 1:0 10320
9147 9933 1:0 9782
9154 12256 1:0 9897
9156 9666 21:0 9188
9158 12711 1:0 9158
9159 9983 1:0 9892
9159 171 1:0 9906
9159 165 1:0 9916
9159 10022 1:0 9934
9184 12705 1:0 9184
9191 9675 21:0 9194
9201 9677 21:0 9204
9211 12704 1:0 9211
9211 9680 21:0 9233
9216 12698 1:0 9216
9232 12696 1:0 9232
9239 9698 21:0 9244
9241 12531 1:0 9886
9242 12529 1:0 9893
9242 9987 1:0 9903
9242 9990 1:0 9913
9242 167 1:0 9916
9242 10017 1:0 9927
9242 10008 1:0 9927
9242 10019 1:0 9934
9242 153 1:0 10037
9242 151 1:0 10046
9245 267 1:0 9245
9250 9702 21:0 9253
9251 12528 1:0 9904
9251 12497 1:0 9934
9254 263 1:0 9254
9257 12498 1:0 10017
9259 12474 1:0 10028
9260 9705 21:0 9284
9265 12685 1:0 9265
9278 12496 1:0 10024
9280 12680 1:0 9280
9285 10079 1:0 10058
9287 9723 21:0 9319
9290 10040 1:0 10023
9290 147 1:0 10046
9290 149 1:0 10046
9290 10074 1:0 10058
9290 10065 1:0 10058
9290 12351 1:0 10582
9322 9732 21:0 9325
9332 9734 21:0 9335
9342 12671 1:0 9342
9342 9737 21:0 9364
9347 12665 1:0 9347
9370 9755 21:0 9375
9372 12495 1:0 10035
9373 10044 1:0 10034
9373 10047 1:0 10044
9373 10076 1:0 10065
9373 12465 1:0 10065
9373 135 1:0 10168
9373 133 1:0 10178
9373 10136 1:0 10196
9373 12285 1:0 10828
9381 9759 21:0 9384
9382 12463 1:0 10148
9382 12464 1:0 10156
9385 245 1:0 9385
9385 12375 1:0 10159
9388 10097 1:0 10154
9391 9762 21:0 9415
9393 12462 1:0 10166
9408 10101 1:0 10165
9411 12647 1:0 9411
9418 9780 21:0 9450
9420 12646 1:0 9420
9420 12645 1:0 9420
9420 12643 1:0 9420
9421 12430 1:0 10196
9453 9789 21:0 9456
9463 9791 21:0 9466
9473 9794 21:0 9495
9478 12632 1:0 9478
9496 229 1:0 9496
9501 9812 21:0 9506
9503 10104 1:0 10175
9503 129 1:0 10178
9503 10131 1:0 10189
9503 10133 1:0 10196
9503 10122 1:0 10196
9503 10154 1:0 10285
9503 113 1:0 10308
9503 115 1:0 10308
9503 10179 1:0 10327
9504 12432 1:0 10279
9504 12431 1:0 10287
9505 12626 1:0 9505
9512 9816 21:0 9515
9513 12428 1:0 10290
9513 10158 1:0 10296
9513 12429 1:0 10297
9513 10161 1:0 10306
9513 10190 1:0 10320
9513 10193 1:0 10327
9513 10188 1:0 10327
9513 99 1:0 10430
9513 12252 1:0 10954
9519 12399 1:0 10327
9521 105 1:0 10421
9522 9819 21:0 9546
9527 12619 1:0 9527
9540 12397 1:0 10410
9549 9837 21:0 9581
9551 12612 1:0 9551
9552 10211 1:0 10416
9552 10215 1:0 10427
9584 9846 21:0 9587
9594 9848 21:0 9597
9604 9851 21:0 9626
9609 12599 1:0 9609
9632 9869 21:0 9637
9634 12398 1:0 10418
9635 12396 1:0 10428
9635 10218 1:0 10437
9635 95 1:0 10439
9635 93 1:0 10439
9635 10245 1:0 10451
9635 10250 1:0 10451
9635 10236 1:0 10458
9635 10247 1:0 10458
9635 12361 1:0 10552
9635 77 1:0 10570
9643 9873 21:0 9646
9644 12366 1:0 10458
9644 12365 1:0 10541
9647 209 1:0 9647
9650 12364 1:0 10548
9652 10268 1:0 10547
9653 9876 21:0 9677
9678 12363 1:0 10559
9680 9894 21:0 9712
9682 12577 1:0 9682
9683 10272 1:0 10558
9683 75 1:0 10561
9683 79 1:0 10570
9683 10302 1:0 10582
9683 10293 1:0 10589
9683 12219 1:0 11116
9715 9903 21:0 9718
9725 9905 21:0 9728
9735 9908 21:0 9757
9740 12566 1:0 9740
9763 9926 21:0 9768
9765 12333 1:0 10589
9766 10275 1:0 10568
9766 81 1:0 10570
9766 10307 1:0 10589
9766 10304 1:0 10589
9766 12331 1:0 10672
9766 65 1:0 10683
9766 57 1:0 10701
9766 10361 1:0 10713
9766 10359 1:0 10720
9766 41 1:0 10828
9767 12560 1:0 9767
9774 9930 21:0 9777
9775 10325 1:0 10678
9775 12332 1:0 10680
9778 12330 1:0 10690
9781 10329 1:0 10689
9784 9933 21:0 9808
9786 12299 1:0 10720
9801 10332 1:0 10699
9802 10350 1:0 10720
9802 10364 1:0 10720
9802 10382 1:0 10809
9802 43 1:0 10833
9802 10416 1:0 10844
9811 9951 21:0 9843
9813 12546 1:0 9813
9814 10389 1:0 10814
9839 12540 1:0 9839
9846 9960 21:0 9849
9856 9962 21:0 9859
9866 12539 1:0 9866
9866 9965 21:0 9888
9889 175 1:0 9889
9894 9983 21:0 9899
9896 12300 1:0 10803
9897 12298 1:0 10810
9897 12297 1:0 10821
9900 177 1:0 9900
9905 9987 21:0 9908
9906 10386 1:0 10820
9906 21 1:0 10823
9906 39 1:0 10833
9906 10496 1:0 10851
9906 10407 1:0 10851
9906 10421 1:0 10851
9906 12265 1:0 10851
9906 10418 1:0 10851
9906 10473 1:0 10954
9906 25 1:0 10954
9906 27 1:0 10954
9906 10478 1:0 10954
9906 10475 1:0 10982
9912 12267 1:0 10934
9914 10439 1:0 10940
9915 9990 21:0 9939
9933 12266 1:0 10942
9935 12515 1:0 9935
9940 10464 1:0 10954
9942 10008 21:0 9974
9944 12514 1:0 9944
9945 10446 1:0 10945
9945 7 1:0 11116
9945 10530 1:0 11154
9945 5 1:0 11159
9945 10532 1:0 11164
9977 10017 21:0 9980
9987 10019 21:0 9990
9997 12506 1:0 9997
9997 10022 21:0 10019
10025 10040 21:0 10030
10027 12264 1:0 10952
10028 10443 1:0 10951
10028 12234 1:0 10982
10028 12216 1:0 10982
10028 12229 1:0 10982
10029 12494 1:0 10029
10031 159 1:0 10031
10036 10044 21:0 10039
10037 12232 1:0 11065
10037 12233 1:0 11073
10040 10503 1:0 11076
10045 12231 1:0 11083
10046 12493 1:0 10046
10046 10047 21:0 10070
10048 10500 1:0 11082
10063 11 1:0 11087
10064 336 1:0 11088
10064 12210 1:0 11116
10073 10065 21:0 10105
10075 12481 1:0 10075
10076 12218 1:0 11113
10076 12217 1:0 11116
10108 10074 21:0 10111
10118 10076 21:0 10121
10128 10079 21:0 10150
10151 139 1:0 10151
10156 10097 21:0 10161
10158 9 1:0 11115
10158 10521 1:0 11116
10158 12209 1:0 11167
10158 10535 1:0 11174
10158 303 1:0 12401
10158 309 1:0 12472
10158 337 1:0 11194
10159 321 1:0 12401
10159 9531 1:0 12406
10159 317 1:0 12406
10159 9588 1:0 12406
10159 9527 1:0 12420
10159 301 1:0 12420
10159 9591 1:0 12420
10160 12461 1:0 10160
10162 141 1:0 10162
10167 10101 21:0 10170
10168 9534 1:0 12456
10168 9641 1:0 12472
10177 10104 21:0 10201
10182 12454 1:0 10182
10204 10122 21:0 10236
10206 12447 1:0 10206
10206 12448 1:0 10206
10232 12441 1:0 10232
10239 10131 21:0 10242
10249 10133 21:0 10252
10259 12440 1:0 10259
10259 10136 21:0 10281
10287 10154 21:0 10292
10298 10158 21:0 10301
10302 119 1:0 10302
10308 10161 21:0 10332
10313 12421 1:0 10313
10335 10179 21:0 10367
10337 12412 1:0 10337
10337 12415 1:0 10337
10337 12414 1:0 10337
10370 10188 21:0 10373
10380 10190 21:0 10383
10390 12407 1:0 10390
10390 10193 21:0 10412
10418 10211 21:0 10423
10422 12395 1:0 10422
10429 10215 21:0 10432
10439 12394 1:0 10439
10439 10218 21:0 10463
10459 12383 1:0 10459
10466 10236 21:0 10498
10468 12381 1:0 10468
10468 12379 1:0 10468
10501 10245 21:0 10504
10511 10247 21:0 10514
10521 10250 21:0 10543
10526 12368 1:0 10526
10549 10268 21:0 10554
10560 10272 21:0 10563
10570 10275 21:0 10594
10590 12350 1:0 10590
10597 10293 21:0 10629
10599 12349 1:0 10599
10599 12346 1:0 10599
10625 12342 1:0 10625
10632 10302 21:0 10635
10642 10304 21:0 10645
10652 10307 21:0 10674
10657 12335 1:0 10657
10675 67 1:0 10675
10680 10325 21:0 10685
10684 12329 1:0 10684
10691 10329 21:0 10694
10701 10332 21:0 10725
10706 12322 1:0 10706
10728 10350 21:0 10760
10730 12315 1:0 10730
10730 12316 1:0 10730
10730 12313 1:0 10730
10763 10359 21:0 10766
10773 10361 21:0 10776
10783 10364 21:0 10805
10811 10382 21:0 10816
10822 10386 21:0 10825
10826 47 1:0 10826
10832 10389 21:0 10856
10837 12289 1:0 10837
10852 12284 1:0 10852
10859 10407 21:0 10891
10861 12283 1:0 10861
10861 12282 1:0 10861
10894 10416 21:0 10897
10904 10418 21:0 10907
10914 12275 1:0 10914
10914 10421 21:0 10936
10919 12269 1:0 10919
10937 31 1:0 10937
10942 10439 21:0 10947
10948 33 1:0 10948
10953 10443 21:0 10956
10963 10446 21:0 10987
10990 10464 21:0 11022
10992 12249 1:0 10992
10992 12250 1:0 10992
10992 12247 1:0 10992
11018 12243 1:0 11018
11025 10473 21:0 11028
11035 10475 21:0 11038
11045 10478 21:0 11067
11073 10496 21:0 11078
11084 10500 21:0 11087
11094 10503 21:0 11118
11121 10521 21:0 11153
11156 10530 21:0 11159
11166 10532 21:0 11169
11192 336 21:0 11210
11209 13860 21:0 11242
11241 5 21:0 11242
11241 7 21:0 11242
11242 13868 21:0 11258
11257 337 21:0 11258
11257 13861 21:0 11258
11257 13869 21:0 11263
11262 13865 21:0 11263
11262 13880 21:0 11263
11262 10535 21:0 11263
11262 3 21:0 11263
11262 13870 21:0 11263
11262 9 21:0 11263
11265 13884 21:0 11286
11268 13 21:0 11268
11285 13882 21:0 11334
11318 13901 21:0 11318
11318 13900 21:0 11318
11318 13898 21:0 11318
11333 13883 21:0 11339
11334 29 21:0 11334
11338 13885 21:0 11358
11355 13926 21:0 11355
11357 13915 21:0 11410
11394 13931 21:0 11394
11394 13933 21:0 11394
11401 13920 21:0 11401
11409 13916 21:0 11415
11414 13917 21:0 11434
11415 13947 21:0 11415
11420 49 21:0 11420
11433 13918 21:0 11486
11475 13968 21:0 11475
11483 13979 21:0 11483
11485 13948 21:0 11491
11490 13951 21:0 11510
11491 13980 21:0 11491
11496 67 21:0 11496
11509 13950 21:0 11562
11546 14000 21:0 11546
11559 14012 21:0 11559
11561 13949 21:0 11567
11566 13981 21:0 11572
11567 14013 21:0 11567
11567 87 21:0 11567
11571 13982 21:0 11638
11629 14019 21:0 11629
11637 13983 21:0 11643
11642 14017 21:0 11648
11643 14046 21:0 11643
11647 14047 21:0 11703
11702 14049 21:0 11719
11711 14078 21:0 11711
11718 14048 21:0 11724
11723 14016 21:0 11779
11724 121 21:0 11724
11746 14092 21:0 11746
11774 14099 21:0 11774
11774 14098 21:0 11774
11778 14015 21:0 11795
11779 14100 21:0 11779
11781 14085 21:0 11781
11794 14014 21:0 11800
11795 141 21:0 11795
11799 13984 21:0 11855
11802 14105 21:0 11802
11822 14125 21:0 11822
11854 14050 21:0 11871
11863 14144 21:0 11863
11866 155 21:0 11866
11870 14080 21:0 11876
11875 14113 21:0 11926
11925 14081 21:0 11942
11926 14162 21:0 11926
11926 14164 21:0 11926
11926 14165 21:0 11926
11931 14166 21:0 11931
11941 14114 21:0 11952
11951 14146 21:0 11974
11952 175 21:0 11952
11973 14115 21:0 12018
11974 14191 21:0 11974
12002 14198 21:0 12002
12007 14199 21:0 12007
12009 14184 21:0 12009
12015 14210 21:0 12015
12017 14083 21:0 12023
12022 14116 21:0 12042
12023 195 21:0 12023
12025 14214 21:0 12025
12025 14213 21:0 12025
12041 14148 21:0 12094
12050 14224 21:0 12050
12078 14228 21:0 12078
12078 14230 21:0 12078
12083 14232 21:0 12083
12093 14082 21:0 12099
12094 209 21:0 12094
12098 14147 21:0 12118
12101 14247 21:0 12101
12101 14246 21:0 12101
12117 14149 21:0 12170
12126 14257 21:0 12126
12154 14264 21:0 12154
12169 14179 21:0 12175
12172 14278 21:0 12172
12174 14181 21:0 12180
12179 14180 21:0 12246
12180 229 21:0 12180
12180 14281 21:0 12180
12202 14290 21:0 12202
12235 14298 21:0 12235
12237 14283 21:0 12237
12243 14309 21:0 12243
12245 14182 21:0 12251
12246 245 21:0 12246
12250 14212 21:0 12256
12251 14310 21:0 12251
12253 14313 21:0 12253
12253 14312 21:0 12253
12255 14248 21:0 12322
12256 14314 21:0 12256
12278 14323 21:0 12278
12306 14329 21:0 12306
12306 14330 21:0 12306
12311 14331 21:0 12311
12313 14316 21:0 12313
12321 14311 21:0 12327
12324 14344 21:0 12324
12326 14279 21:0 12332
12327 14343 21:0 12327
12329 14345 21:0 12329
12329 14346 21:0 12329
12331 14245 21:0 12387
12332 14347 21:0 12332
12334 14336 21:0 12334
12386 14215 21:0 12403
12400 14377 21:0 12400
12402 14280 21:0 12408
12405 14378 21:0 12405
12405 14379 21:0 12405
12407 11 21:0 12408
12407 13867 21:0 12422
12408 14380 21:0 12408
12409 14280 1:0 12482
12421 173 21:0 12430
12429 14067 21:0 12458
12457 14303 21:0 12474
12473 14063 21:0 12474
12473 14270 21:0 12474
12473 14195 21:0 12479
12476 14410 21:0 12476
12478 13893 21:0 12479
12478 14277 21:0 12479
12478 13973 21:0 12479
12478 319 1:0 12482
12478 311 1:0 12482
12478 9584 1:0 12482
12478 14112 21:0 12484
12481 14411 21:0 12481
12481 14412 21:0 12481
12483 14006 21:0 12484
12483 14111 21:0 12484
12483 14244 21:0 12498
12483 14215 1:0 12532
12484 14413 21:0 12484
12497 13934 21:0 12534
12501 313 1:0 12501
12502 315 1:0 12532
12533 93 21:0 12534
12533 45 21:0 12539
12533 14245 1:0 12553
12538 14167 21:0 12539
12538 13969 21:0 12539
12538 13903 21:0 12539
12538 39 21:0 12539
12538 99 21:0 12539
12538 63 21:0 12539
12538 14101 21:0 12541
12540 14068 21:0 12541
12540 14002 21:0 12542
12541 14233 21:0 12542
12541 13936 21:0 12543
12542 14035 21:0 12546
12545 14266 21:0 12546
12545 14332 21:0 12547
12546 14200 21:0 12547
12546 14134 21:0 12550
12549 151 21:0 12550
12549 153 21:0 12550
12549 95 21:0 12550
12549 25 21:0 12550
12549 185 21:0 12550
12549 257 21:0 12550
12549 241 21:0 12550
12549 113 21:0 12550
12549 97 21:0 12550
12549 43 21:0 12550
12549 205 21:0 12550
12549 147 21:0 12550
12549 81 21:0 12550
12549 219 21:0 12550
12549 225 21:0 12550
12549 165 21:0 12550
12549 135 21:0 12550
12549 61 21:0 12550
12549 201 21:0 12550
12549 27 21:0 12550
12549 79 21:0 12550
12549 14299 21:0 12550
12549 329 1:0 12553
12549 9552 1:0 12553
12549 41 21:0 12555
12554 117 21:0 12555
12554 169 21:0 12555
12554 223 21:0 12555
12554 77 21:0 12555
12554 23 21:0 12555
12554 57 21:0 12555
12554 129 21:0 12555
12554 171 21:0 12555
12554 75 21:0 12555
12554 259 21:0 12555
12554 221 21:0 12555
12554 59 21:0 12555
12554 237 21:0 12555
12554 131 21:0 12555
12554 203 21:0 12555
12554 115 21:0 12555
12554 239 21:0 12555
12554 21 21:0 12555
12554 149 21:0 12555
12554 133 21:0 12555
12554 187 21:0 12555
12554 167 21:0 12555
12554 277 21:0 12555
12554 275 21:0 12555
12554 14365 21:0 12555
12554 243 21:0 12557
12554 14279 1:0 12579
12556 183 21:0 12560
12559 14431 21:0 12560
12559 14398 21:0 12560
12559 189 21:0 12560
12559 261 21:0 12560
12559 255 21:0 12560
12559 111 21:0 12560
12559 273 21:0 12560
12559 293 21:0 12560
12559 295 21:0 12560
12559 313 21:0 12560
12559 311 21:0 12560
12559 349 21:0 12560
12559 9566 1:0 12573
12559 13934 1:0 12579
12559 14244 1:0 12579
12574 9511 1:0 12579
12574 273 1:0 12579
12580 14311 1:0 12624
12593 9511 21:0 12610
12609 329 21:0 12623
12625 14248 1:0 12635
12633 14111 1:0 12635
12633 14006 1:0 12635
12636 14212 1:0 12644
12642 14112 1:0 12644
12642 111 1:0 12644
12642 6278 1:0 12644
12642 6277 1:0 12644
12645 6281 1:0 12672
12645 6282 1:0 12672
12645 6279 1:0 12672
12670 311 1:0 12672
12670 313 1:0 12672
12670 9561 1:0 12672
12670 14431 1:0 12672
12670 349 1:0 12672
12670 6272 1:0 12672
12670 6271 1:0 12672
12673 6284 1:0 12713
12696 349 21:0 12706
12708 9563 1:0 12713
12708 6273 1:0 12713
12708 6275 1:0 12713
12714 6280 1:0 12726
12724 6274 1:0 12726
12724 6276 1:0 12726
12727 6283 1:0 12812
12759 6272 21:0 12811
12797 255 1:0 12842
12810 6274 21:0 12818
12822 6283 21:0 12844
12843 14413 1:0 12843
12843 6280 21:0 12844
12843 261 1:0 12845
12843 13893 1:0 12845
12843 14277 1:0 12845
12843 189 1:0 12845
12843 9623 1:0 12845
12843 6284 21:0 12847
12846 6282 21:0 12847
12846 6279 21:0 12847
12846 6281 21:0 12852
12846 14182 1:0 12856
12850 14411 1:0 12850
12851 14412 1:0 12851
12851 319 21:0 12855
12854 321 21:0 12855
12854 13973 1:0 12856
12854 14195 1:0 12856
12854 317 21:0 12858
12857 6271 21:0 12858
12857 313 21:0 12858
12857 311 21:0 12858
12857 315 21:0 12858
12857 6275 21:0 12858
12857 6273 21:0 12858
12857 6276 21:0 12858
12857 6277 21:0 12858
12857 6278 21:0 12858
12857 309 21:0 12858
12857 14180 1:0 12865
12861 14410 1:0 12861
12863 9609 1:0 12865
12863 14270 1:0 12865
12863 6425 1:0 12865
12863 6424 1:0 12865
12866 6426 1:0 12893
12866 6427 1:0 12893
12866 6428 1:0 12893
12891 14398 1:0 12893
12891 293 1:0 12893
12891 295 1:0 12893
12891 9620 1:0 12893
12891 349 1:0 12893
12891 6419 1:0 12893
12891 6418 1:0 12893
12894 6429 1:0 12934
12917 349 21:0 12927
12929 9618 1:0 12931
12929 6421 1:0 12934
12929 6420 1:0 12934
12935 6430 1:0 12947
12945 6422 1:0 12947
12945 6423 1:0 12947
12948 6431 1:0 13034
12980 6419 21:0 13032
13018 183 1:0 13063
13031 6423 21:0 13039
13040 6431 21:0 13065
13064 14380 1:0 13064
13064 6430 21:0 13065
13064 14303 1:0 13066
13064 14063 1:0 13066
13064 243 1:0 13066
13064 9680 1:0 13066
13064 9666 1:0 13066
13064 6429 21:0 13068
13067 6426 21:0 13068
13067 6428 21:0 13068
13067 6427 21:0 13072
13067 14181 1:0 13077
13071 14378 1:0 13071
13071 6418 21:0 13076
13072 14379 1:0 13072
13075 303 21:0 13076
13075 301 21:0 13076
13075 6425 21:0 13076
13075 6424 21:0 13076
13075 14067 1:0 13077
13075 9645 1:0 13077
13075 299 21:0 13079
13078 6422 21:0 13079
13078 6420 21:0 13079
13078 6421 21:0 13079
13078 291 21:0 13079
13078 293 21:0 13079
13078 297 21:0 13079
13078 295 21:0 13079
13078 14179 1:0 13086
13082 14377 1:0 13082
13084 237 1:0 13086
13084 9648 1:0 13086
13084 6572 1:0 13086
13084 6571 1:0 13086
13087 6576 1:0 13114
13087 6574 1:0 13114
13087 6578 1:0 13114
13110 275 1:0 13114
13110 349 1:0 13114
13110 14365 1:0 13114
13110 9677 1:0 13114
13110 277 1:0 13114
13110 6566 1:0 13114
13110 6565 1:0 13114
13115 6575 1:0 13155
13122 9675 1:0 13152
13122 6570 1:0 13155
13122 6567 1:0 13155
13127 6573 1:0 13168
13138 349 21:0 13148
13163 6569 1:0 13168
13163 6568 1:0 13168
13168 6577 1:0 13254
13176 117 1:0 13284
13176 9737 1:0 13287
13176 171 1:0 13287
13191 9698 1:0 13287
13192 75 1:0 13287
13192 173 1:0 13287
13201 6566 21:0 13253
13252 6568 21:0 13260
13262 14149 1:0 13298
13264 6577 21:0 13286
13285 14347 1:0 13285
13285 6573 21:0 13286
13285 6575 21:0 13289
13288 6576 21:0 13289
13288 6574 21:0 13289
13288 6578 21:0 13294
13292 14345 1:0 13292
13293 14346 1:0 13293
13293 6565 21:0 13297
13294 259 1:0 13335
13294 9732 1:0 13335
13294 257 1:0 13335
13294 349 1:0 13335
13294 14332 1:0 13335
13294 14299 1:0 13556
13294 14266 1:0 13777
13294 14233 1:0 13998
13294 14200 1:0 14219
13294 291 1:0 1263
13294 293 1:0 1267
13294 295 1:0 1271
13294 297 1:0 1301
13294 299 1:0 1315
13294 303 1:0 1320
13295 9705 1:0 13298
13295 9702 1:0 13298
13295 14147 1:0 13307
13295 9723 1:0 13307
13295 9734 1:0 13376
13295 301 1:0 1325
13295 6718 1:0 13307
13295 6719 1:0 13307
13295 6714 1:0 13376
13295 6715 1:0 13376
13296 14343 1:0 13296
13296 6567 21:0 13297
13296 6570 21:0 13297
13296 277 21:0 13297
13296 285 21:0 13297
13296 6569 21:0 13297
13296 275 21:0 13297
13296 273 21:0 13297
13296 6571 21:0 13297
13296 6572 21:0 13297
13298 273 1:0 1187
13298 275 1:0 1191
13298 277 1:0 1195
13298 285 1:0 1244
13303 14344 1:0 13303
13304 9755 1:0 13307
13304 129 1:0 13505
13304 239 1:0 13556
13304 14167 1:0 14440
13304 6720 1:0 13335
13304 6722 1:0 13335
13304 6713 1:0 13335
13304 6712 1:0 13335
13304 6724 1:0 13335
13304 6721 1:0 13376
13304 6717 1:0 13389
13304 6716 1:0 13389
13304 6723 1:0 13389
13304 6725 1:0 13476
13310 9762 1:0 13508
13310 9794 1:0 13508
13310 9759 1:0 13508
13310 225 1:0 13508
13310 219 1:0 13508
13310 6859 1:0 13528
13318 14336 1:0 13318
13331 14082 1:0 13519
13333 14331 1:0 13333
13342 14329 1:0 13342
13342 14330 1:0 13342
13343 9816 1:0 13519
13343 9819 1:0 13519
13368 14323 1:0 13368
13384 9791 1:0 13556
13400 14316 1:0 13400
13412 14148 1:0 13528
13413 9780 1:0 13528
13413 9812 1:0 13528
13413 241 1:0 13556
13413 9789 1:0 13594
13413 6865 1:0 13528
13414 6867 1:0 13556
13422 6713 21:0 13474
13463 6872 1:0 13556
13473 6716 21:0 13481
13473 6866 1:0 13556
13473 6863 1:0 13597
13482 6725 21:0 13507
13506 14314 1:0 13506
13506 6723 21:0 13507
13506 6721 21:0 13510
13509 6722 21:0 13510
13509 6724 21:0 13510
13509 6720 21:0 13514
13513 14312 1:0 13513
13513 6712 21:0 13518
13514 14313 1:0 13514
13515 9837 1:0 13726
13515 223 1:0 13777
13515 6868 1:0 13556
13515 6860 1:0 13556
13515 6864 1:0 13597
13515 6870 1:0 13597
13515 6861 1:0 13610
13515 6862 1:0 13610
13515 6869 1:0 13610
13515 6871 1:0 13696
13515 7013 1:0 13746
13516 14116 1:0 13737
13516 9869 1:0 13737
13516 9873 1:0 13737
13516 9851 1:0 13746
13516 221 1:0 13777
13516 9848 1:0 13777
13516 9846 1:0 13815
13516 7012 1:0 13746
13516 7007 1:0 13777
13517 14310 1:0 13517
13517 6715 21:0 13518
13517 6714 21:0 13518
13517 6718 21:0 13518
13517 6719 21:0 13518
13517 6717 21:0 13518
13525 14083 1:0 13746
13525 7017 1:0 13746
13525 7019 1:0 13777
13525 7014 1:0 13777
13528 245 1:0 13528
13531 14115 1:0 13777
13533 81 1:0 13947
13533 201 1:0 13950
13533 7006 1:0 13777
13533 7008 1:0 13818
13533 7011 1:0 13818
13533 7010 1:0 13831
13533 7009 1:0 13831
13534 14309 1:0 13534
13536 7016 1:0 13818
13551 7015 1:0 13831
13552 7018 1:0 13917
13554 14298 1:0 13554
13564 9876 1:0 13950
13564 165 1:0 13950
13564 9894 1:0 13950
13564 203 1:0 13998
13564 9905 1:0 13998
13564 14134 1:0 14633
13589 14290 1:0 13589
13605 13860 1:0 13950
13605 13867 1:0 13961
13621 14283 1:0 13621
13634 14146 1:0 13961
13635 10211 1:0 13961
13673 6866 21:0 13700
13684 10154 1:0 13970
13694 9908 1:0 13970
13706 6871 21:0 13728
13727 14281 1:0 13727
13727 6869 21:0 13728
13727 6870 21:0 13731
13729 229 1:0 13729
13730 6872 21:0 13731
13730 6868 21:0 13731
13730 6867 21:0 13736
13735 6860 21:0 13739
13736 14114 1:0 13970
13737 205 1:0 13998
13737 9903 1:0 14036
13737 135 1:0 14168
13737 147 1:0 14171
13737 9962 1:0 14219
13737 185 1:0 14219
13737 7153 1:0 13970
13737 7159 1:0 13970
13737 7160 1:0 13998
13737 7154 1:0 13998
13737 7163 1:0 13998
13737 7162 1:0 13998
13737 7164 1:0 13998
13737 7157 1:0 14039
13737 7156 1:0 14039
13737 7161 1:0 14039
13737 7155 1:0 14052
13737 7165 1:0 14052
13737 7158 1:0 14052
13737 7166 1:0 14139
13738 6862 21:0 13739
13738 6865 21:0 13739
13738 6859 21:0 13739
13738 6861 21:0 13739
13738 6863 21:0 13739
13738 6864 21:0 13739
13745 14278 1:0 13745
13746 9926 1:0 14171
13746 9965 1:0 14171
13746 153 1:0 14171
13746 9990 1:0 14171
13746 14081 1:0 14182
13746 10218 1:0 14182
13746 7306 1:0 14191
13746 7300 1:0 14191
13752 9930 1:0 14182
13757 14113 1:0 14191
13772 9933 1:0 14191
13773 9951 1:0 14191
13773 187 1:0 14219
13773 9960 1:0 14257
13773 14101 1:0 14882
13773 7307 1:0 14219
13773 7301 1:0 14219
13773 7305 1:0 14260
13784 14264 1:0 13784
13785 7308 1:0 14219
13785 7311 1:0 14219
13810 14257 1:0 13810
13826 7310 1:0 14219
13826 7302 1:0 14260
13834 7309 1:0 14260
13839 7313 1:0 14273
13854 99 1:0 14389
13854 10193 1:0 14392
13854 10008 1:0 14392
13854 7304 1:0 14273
13854 7303 1:0 14273
13855 10044 1:0 14392
13855 7312 1:0 14359
13856 93 1:0 14392
13856 10022 1:0 14412
13856 7447 1:0 14412
13867 7006 21:0 13918
13905 9983 1:0 14392
13915 7454 1:0 14412
13917 7010 21:0 13924
13927 7018 21:0 13949
13948 7015 21:0 13949
13948 7016 21:0 13952
13951 7014 21:0 13952
13951 7019 21:0 13952
13951 7017 21:0 13957
13955 14246 1:0 13955
13956 14247 1:0 13956
13956 7007 21:0 13960
13957 14080 1:0 14403
13958 10040 1:0 14403
13958 9987 1:0 14403
13958 10047 1:0 14412
13958 14050 1:0 14412
13958 7456 1:0 14440
13959 7008 21:0 13960
13959 7012 21:0 13960
13959 7009 21:0 13960
13959 7013 21:0 13960
13959 7011 21:0 13960
13967 169 1:0 14440
13967 10019 1:0 14440
13967 167 1:0 14440
13967 10017 1:0 14478
13967 149 1:0 14564
13967 10079 1:0 14610
13967 151 1:0 14613
13967 10065 1:0 14613
13967 10076 1:0 14613
13967 7457 1:0 14440
13967 7459 1:0 14440
13967 7453 1:0 14440
13967 7448 1:0 14440
13967 7449 1:0 14481
13967 7460 1:0 14481
13967 7452 1:0 14481
13967 7458 1:0 14494
13967 7451 1:0 14494
13967 7450 1:0 14494
13967 7455 1:0 14560
13967 7600 1:0 14613
13967 7605 1:0 14613
13967 7597 1:0 14633
13970 209 1:0 13970
13973 10122 1:0 14613
13973 10097 1:0 14613
13973 7601 1:0 14633
13973 7594 1:0 14633
13973 7595 1:0 14633
13993 13984 1:0 14624
13994 7606 1:0 14624
13996 14232 1:0 13996
14005 14228 1:0 14005
14005 14230 1:0 14005
14006 14068 1:0 15103
14006 7603 1:0 14624
14031 14224 1:0 14031
14060 14014 1:0 14633
14075 7607 1:0 14633
14076 10074 1:0 14633
14076 10136 1:0 14854
14076 131 1:0 14882
14076 133 1:0 14882
14076 7598 1:0 14702
14076 7604 1:0 14702
14076 7599 1:0 14715
14076 7596 1:0 14715
14077 7602 1:0 14715
14085 7154 21:0 14137
14126 10268 1:0 14845
14136 7158 21:0 14144
14136 7747 1:0 14854
14145 7166 21:0 14170
14169 7165 21:0 14170
14169 7161 21:0 14173
14172 7163 21:0 14173
14172 7162 21:0 14173
14172 7164 21:0 14177
14176 14213 1:0 14176
14176 7160 21:0 14181
14177 14214 1:0 14177
14178 14015 1:0 14715
14179 14016 1:0 14834
14179 14048 1:0 14845
14180 7156 21:0 14181
14180 7155 21:0 14181
14180 7153 21:0 14181
14180 7159 21:0 14181
14180 7157 21:0 14181
14182 195 1:0 14182
14188 10101 1:0 14845
14188 10104 1:0 14854
14188 14049 1:0 14854
14188 10133 1:0 14882
14188 10131 1:0 14920
14188 7748 1:0 14854
14188 7752 1:0 14882
14188 7742 1:0 14882
14188 7741 1:0 14882
14188 7743 1:0 14923
14188 7744 1:0 14923
14194 7750 1:0 14882
14194 7754 1:0 14882
14194 7749 1:0 14923
14196 7751 1:0 14936
14197 14210 1:0 14197
14199 10179 1:0 15052
14199 10250 1:0 15072
14199 14035 1:0 15296
14199 7745 1:0 14936
14199 7746 1:0 14936
14214 7753 1:0 15022
14215 10215 1:0 15063
14217 14199 1:0 14217
14226 14198 1:0 14226
14252 14191 1:0 14252
14268 14047 1:0 15063
14281 10158 1:0 15063
14284 14184 1:0 14284
14298 14017 1:0 15072
14336 7307 21:0 14363
14347 10161 1:0 15072
14357 10307 1:0 15072
14369 7312 21:0 14391
14390 7313 21:0 14391
14390 7309 21:0 14394
14392 175 1:0 14392
14393 7308 21:0 14394
14393 7310 21:0 14394
14393 7311 21:0 14399
14398 7301 21:0 14402
14399 10236 1:0 15072
14399 7900 1:0 15075
14399 7895 1:0 15075
14399 7899 1:0 15075
14399 7889 1:0 15075
14399 8042 1:0 15075
14399 7901 1:0 15103
14400 115 1:0 15103
14400 10188 1:0 15103
14400 113 1:0 15103
14400 10190 1:0 15144
14400 10245 1:0 15276
14400 97 1:0 15276
14400 95 1:0 15276
14400 7888 1:0 15103
14400 7897 1:0 15103
14400 7894 1:0 15103
14400 7898 1:0 15103
14400 7891 1:0 15144
14400 7892 1:0 15144
14400 8046 1:0 15144
14400 7893 1:0 15157
14400 7890 1:0 15157
14400 7896 1:0 15157
14400 8045 1:0 15287
14400 8044 1:0 15287
14400 8041 1:0 15296
14400 8037 1:0 15296
14400 8035 1:0 15296
14400 8036 1:0 15296
14401 7304 21:0 14402
14401 7302 21:0 14402
14401 7305 21:0 14402
14401 7306 21:0 14402
14401 7300 21:0 14402
14401 7303 21:0 14402
14409 13983 1:0 15276
14409 13982 1:0 15287
14417 13981 1:0 15296
14420 8048 1:0 15296
14435 10247 1:0 15296
14435 14002 1:0 15545
14435 8039 1:0 15365
14435 8040 1:0 15378
14435 8038 1:0 15378
14435 8188 1:0 15517
14436 8047 1:0 15365
14438 14166 1:0 14438
14447 14162 1:0 14447
14447 14164 1:0 14447
14447 14165 1:0 14447
14489 13949 1:0 15378
14502 8043 1:0 15378
14519 13950 1:0 15497
14550 7451 21:0 14563
14562 7450 21:0 14569
14568 10446 1:0 15508
14570 7455 21:0 14612
14570 8182 1:0 15517
14578 10272 1:0 15508
14611 7458 21:0 14612
14611 7460 21:0 14612
14611 7459 21:0 14615
14614 7457 21:0 14615
14614 7456 21:0 14615
14614 7453 21:0 14620
14619 7448 21:0 14623
14620 13951 1:0 15508
14621 13948 1:0 15517
14621 10275 1:0 15517
14621 10293 1:0 15517
14621 10304 1:0 15545
14621 79 1:0 15545
14621 77 1:0 15545
14621 10302 1:0 15583
14621 8183 1:0 15545
14621 8193 1:0 15545
14621 8189 1:0 15545
14621 8186 1:0 15586
14621 8187 1:0 15586
14622 7454 21:0 14623
14622 7449 21:0 14623
14622 7452 21:0 14623
14622 7447 21:0 14623
14630 10350 1:0 15718
14630 63 1:0 15718
14630 10325 1:0 15718
14630 57 1:0 15718
14630 10439 1:0 15718
14630 13969 1:0 15766
14630 10361 1:0 15766
14630 8190 1:0 15545
14630 8195 1:0 15545
14630 8191 1:0 15586
14630 8194 1:0 15599
14630 8184 1:0 15599
14630 8185 1:0 15599
14630 8192 1:0 15675
14633 155 1:0 14633
14638 13918 1:0 15729
14639 14144 1:0 14639
14641 10329 1:0 15729
14656 10500 1:0 15729
14657 10364 1:0 15738
14657 61 1:0 15766
14657 8336 1:0 15738
14657 8335 1:0 15738
14694 14125 1:0 14694
14710 13917 1:0 15738
14718 59 1:0 15766
14718 10359 1:0 15804
14718 8332 1:0 15807
14723 10332 1:0 15738
14738 8339 1:0 15766
14739 8337 1:0 15766
14739 8338 1:0 15766
14740 8330 1:0 15766
14740 8329 1:0 15766
14740 8334 1:0 15807
14740 8331 1:0 15820
14740 8333 1:0 15820
14768 7599 21:0 14784
14783 7596 21:0 14790
14789 8342 1:0 15807
14791 7602 21:0 14833
14799 8341 1:0 15820
14832 7607 21:0 14833
14832 7604 21:0 14833
14832 7606 21:0 14836
14835 7603 21:0 14836
14835 7605 21:0 14836
14835 7601 21:0 14841
14840 7595 21:0 14844
14841 39 1:0 15939
14841 45 1:0 15939
14841 10389 1:0 15939
14841 10421 1:0 15939
14841 10382 1:0 15939
14841 10407 1:0 15959
14841 8340 1:0 15897
14842 11 1:0 15950
14842 13916 1:0 15950
14842 10386 1:0 15950
14842 13880 1:0 15959
14842 8477 1:0 15959
14843 7598 21:0 14844
14843 7600 21:0 14844
14843 7597 21:0 14844
14843 7594 21:0 14844
14845 141 1:0 14845
14851 13915 1:0 15959
14851 41 1:0 15987
14851 13936 1:0 15987
14851 43 1:0 15987
14851 10416 1:0 15987
14851 8482 1:0 15959
14851 8476 1:0 15987
14851 8487 1:0 15987
14851 8489 1:0 15987
14851 8488 1:0 15987
14851 8483 1:0 15987
14857 10418 1:0 16028
14857 21 1:0 16157
14857 10535 1:0 16160
14857 23 1:0 16208
14857 25 1:0 16208
14857 8486 1:0 16028
14857 8481 1:0 16028
14857 8479 1:0 16028
14857 8480 1:0 16041
14857 8484 1:0 16041
14857 8478 1:0 16041
14859 8485 1:0 16108
14862 10443 1:0 16160
14865 14105 1:0 14865
14877 13865 1:0 16160
14878 27 1:0 16160
14878 10464 1:0 16160
14878 8624 1:0 16180
14880 14100 1:0 14880
14889 14099 1:0 14889
14889 14098 1:0 14889
14915 14092 1:0 14915
14931 13885 1:0 16171
14944 10503 1:0 16171
14947 14085 1:0 14947
14959 13869 1:0 16171
14972 7741 21:0 15023
15010 13883 1:0 16180
15020 10478 1:0 16180
15020 13903 1:0 16208
15020 13870 1:0 16426
15022 7746 21:0 15029
15032 7753 21:0 15054
15053 7751 21:0 15054
15053 7749 21:0 15057
15055 121 1:0 15055
15056 7750 21:0 15057
15056 7754 21:0 15057
15056 7752 21:0 15062
15061 7742 21:0 15065
15062 10496 1:0 16180
15062 10475 1:0 16208
15062 10473 1:0 16246
15062 8623 1:0 16180
15062 8636 1:0 16208
15062 8635 1:0 16208
15062 8630 1:0 16208
15062 8629 1:0 16208
15062 8625 1:0 16249
15062 8627 1:0 16249
15063 10521 1:0 16378
15063 13861 1:0 16389
15063 337 1:0 16389
15063 329 1:0 16398
15063 13868 1:0 16398
15063 10532 1:0 16429
15063 7 1:0 16429
15063 8634 1:0 16208
15063 8633 1:0 16249
15063 8632 1:0 16262
15063 8626 1:0 16262
15063 8628 1:0 16262
15063 8631 1:0 16328
15063 8771 1:0 16398
15064 7745 21:0 15065
15064 7744 21:0 15065
15064 7748 21:0 15065
15064 7743 21:0 15065
15064 7747 21:0 15065
15072 13884 1:0 16386
15072 13882 1:0 16396
15078 3 1:0 16398
15078 9 1:0 16398
15078 334 1:0 16401
15078 11154 1:0 16401
15078 12805 1:0 16401
15078 8770 1:0 16401
15078 8777 1:0 16401
15080 9511 1:0 16423
15080 9503 1:0 16429
15080 8776 1:0 16401
15081 14078 1:0 15081
15083 8781 1:0 16429
15090 5 1:0 16429
15098 8782 1:0 16429
15099 8783 1:0 16429
15111 10530 1:0 16467
15111 8872 1:0 16569
15111 8775 1:0 16470
15111 8773 1:0 16470
15111 8780 1:0 16470
15111 8774 1:0 16483
15111 8772 1:0 16483
15111 8873 1:0 16611
15152 8778 1:0 16483
15152 8779 1:0 16550
15203 7890 21:0 15226
15225 7893 21:0 15232
15233 7896 21:0 15275
15274 7898 21:0 15275
15274 7897 21:0 15275
15274 7901 21:0 15278
15277 7899 21:0 15278
15277 7900 21:0 15278
15277 7894 21:0 15283
15282 7888 21:0 15286
15285 14046 1:0 15285
15285 7892 21:0 15286
15285 7895 21:0 15286
15285 7889 21:0 15286
15285 7891 21:0 15286
15389 14019 1:0 15389
15421 8038 21:0 15446
15445 8040 21:0 15453
15454 8043 21:0 15496
15495 8048 21:0 15496
15495 8047 21:0 15496
15495 8045 21:0 15499
15498 8046 21:0 15499
15498 8044 21:0 15499
15498 8036 21:0 15504
15503 8035 21:0 15507
15506 14013 1:0 15506
15506 8041 21:0 15507
15506 8037 21:0 15507
15506 8039 21:0 15507
15506 8042 21:0 15507
15508 87 1:0 15508
15523 14012 1:0 15523
15552 14000 1:0 15552
15632 8183 21:0 15684
15685 8192 21:0 15717
15716 8194 21:0 15717
15716 8191 21:0 15717
15716 8190 21:0 15720
15718 67 1:0 15718
15719 8195 21:0 15720
15719 8193 21:0 15720
15719 8189 21:0 15728
15727 13980 1:0 15727
15727 8184 21:0 15728
15727 8188 21:0 15728
15727 8185 21:0 15728
15727 8182 21:0 15728
15727 8186 21:0 15728
15727 8187 21:0 15728
15744 13979 1:0 15744
15764 13968 1:0 15764
15866 8331 21:0 15889
15888 8333 21:0 15895
15894 8334 21:0 15902
15903 8340 21:0 15938
15937 8342 21:0 15938
15937 8341 21:0 15938
15937 8337 21:0 15941
15939 49 1:0 15939
15940 8338 21:0 15941
15940 8339 21:0 15941
15940 8329 21:0 15949
15948 13947 1:0 15948
15948 8336 21:0 15949
15948 8332 21:0 15949
15948 8335 21:0 15949
15948 8330 21:0 15949
15994 13931 1:0 15994
15994 13933 1:0 15994
16047 13926 1:0 16047
16052 13920 1:0 16052
16087 8478 21:0 16110
16114 8485 21:0 16159
16158 8486 21:0 16159
16158 8484 21:0 16159
16158 8487 21:0 16162
16161 8489 21:0 16162
16161 8488 21:0 16162
16161 8483 21:0 16167
16166 8476 21:0 16170
16169 8480 21:0 16170
16169 8477 21:0 16170
16169 8481 21:0 16170
16169 8479 21:0 16170
16169 8482 21:0 16170
16180 29 1:0 16180
16215 13901 1:0 16215
16215 13900 1:0 16215
16215 13898 1:0 16215
16315 8628 21:0 16331
16330 8626 21:0 16337
16338 8631 21:0 16380
16379 8633 21:0 16380
16379 8632 21:0 16380
16379 8634 21:0 16383
16381 13 1:0 16381
16382 8635 21:0 16383
16382 8636 21:0 16383
16382 8630 21:0 16388
16387 8629 21:0 16391
16390 8624 21:0 16391
16390 8623 21:0 16391
16390 8627 21:0 16391
16390 8625 21:0 16391
16529 8772 21:0 16552
16556 8779 21:0 51
