255 48230 0:0 257
256 48223 0:0 257
256 48224 0:0 257
256 48229 0:0 258
302 48235 0:0 304
302 48226 0:0 304
302 48234 0:0 304
302 48233 0:0 304
302 48232 0:0 304
303 48323 0:0 304
303 48231 0:0 304
303 48324 0:0 304
363 48496 21:0 421
439 48528 21:0 497
496 48530 0:0 508
515 48562 21:0 573
586 48593 0:0 589
591 48595 21:0 649
667 48628 21:0 725
743 48660 0:0 746
746 48662 21:0 812
819 48693 21:0 877
895 48727 21:0 953
897 48726 0:0 898
971 48759 21:0 1029
973 48760 0:0 974
1042 48791 0:0 1045
1047 48792 21:0 1105
1104 48794 0:0 1116
1123 48825 21:0 1181
1194 48857 21:0 1202
1201 48858 21:0 1268
1269 48858 1:0 3221
1575 49023 21:0 1583
1582 49024 0:0 1583
1582 49025 21:0 1649
1647 49026 0:0 1649
1651 49056 21:0 1659
1658 49058 0:0 1659
1658 49057 21:0 1725
1723 49059 0:0 1725
1727 49089 21:0 1735
1734 49091 0:0 1735
1734 49090 21:0 1801
1799 49092 0:0 1801
1803 49122 0:0 1806
1808 49123 21:0 1866
1810 49124 0:0 1811
1865 49125 0:0 1877
1879 49155 0:0 1882
1884 49156 21:0 1942
1886 49157 0:0 1887
1941 49158 0:0 1953
1955 49188 0:0 1958
1960 49189 21:0 2018
1962 49190 0:0 1963
2017 49191 0:0 2029
2031 49221 21:0 2039
2038 49223 0:0 2039
2038 49222 21:0 2105
2103 49224 0:0 2105
2107 49254 21:0 2115
2114 49255 0:0 2115
2114 49256 21:0 2181
2179 49257 0:0 2181
2183 49287 21:0 2191
2190 49288 0:0 2191
2190 49289 21:0 2257
2255 49290 0:0 2257
2259 49320 21:0 2267
2266 49322 0:0 2267
2266 49321 21:0 2333
2331 49323 0:0 2333
2335 49353 0:0 2338
2340 49355 21:0 2398
2342 49354 0:0 2343
2397 49356 0:0 2409
2411 49386 21:0 2419
2418 49388 0:0 2419
2418 49387 21:0 2485
2483 49389 0:0 2485
2487 49419 21:0 2495
2494 49421 0:0 2495
2494 49420 21:0 2561
2559 49422 0:0 2561
2563 49452 21:0 2571
2570 49454 0:0 2571
2570 49453 21:0 2637
2635 49455 0:0 2637
2639 49485 21:0 2647
2736 48857 1:0 3231
2737 48825 1:0 3343
2745 48794 1:0 3459
2745 48792 1:0 3465
2762 328 21:0 2776
2769 48791 1:0 3475
2858 48759 1:0 3587
2859 48760 1:0 3588
2867 48726 1:0 3709
2867 48727 1:0 3710
2877 48693 1:0 3831
2980 48662 1:0 3947
2981 48660 1:0 3953
2989 48628 1:0 4076
2989 48595 1:0 4198
2999 48593 1:0 4207
3102 48562 1:0 4320
3103 48530 1:0 4435
3111 48528 1:0 4441
3111 48496 1:0 4564
3117 329 1:0 5895
3135 49485 1:0 6046
3224 49455 1:0 6159
3225 49453 1:0 6166
3233 49454 1:0 6167
3239 49452 1:0 6177
4745 50465 21:0 4753
4752 50466 0:0 4753
4752 50467 21:0 4819
4817 50468 0:0 4819
4821 50498 21:0 4829
4828 50499 0:0 4829
4828 50500 21:0 4895
4893 50501 0:0 4895
4897 50531 21:0 4905
4904 50533 0:0 4905
4904 50532 21:0 4971
4969 50534 0:0 4971
4973 50564 21:0 4981
4980 50566 0:0 4981
4980 50565 21:0 5047
5045 50567 0:0 5047
5049 50597 21:0 5057
5056 50598 0:0 5057
5056 50599 21:0 5123
5121 50600 0:0 5123
5125 50630 21:0 5133
5132 50631 0:0 5133
5132 50632 21:0 5199
5197 50633 0:0 5199
5201 50663 21:0 5209
5208 50665 0:0 5209
5208 50664 21:0 5275
5273 50666 0:0 5275
5277 50696 21:0 5285
5284 50697 0:0 5285
5284 50698 21:0 5351
5349 50699 0:0 5351
5353 50729 0:0 5356
5358 50731 21:0 5416
5360 50730 0:0 5361
5415 50732 0:0 5427
5429 50762 21:0 5437
5434 50764 0:0 5437
5436 50763 0:0 5437
5437 50765 21:0 5503
5505 50795 21:0 5513
5512 50797 0:0 5513
5512 50796 21:0 5579
5577 50798 0:0 5579
5581 50828 0:0 5584
5586 50829 21:0 5644
5588 50830 0:0 5589
5643 50831 0:0 5655
5657 50861 0:0 5660
5662 50863 21:0 5720
5664 50862 0:0 5665
5719 50864 0:0 5731
5733 50894 21:0 5741
5907 49422 1:0 6290
5908 49420 1:0 6297
5917 49421 1:0 6298
5917 49419 1:0 6308
5925 49389 1:0 6421
5936 329 21:0 5950
5944 49387 1:0 6428
6038 49388 1:0 6429
6039 49386 1:0 6439
6039 49356 1:0 6552
6048 49354 1:0 6559
6048 49355 1:0 6560
6056 49353 1:0 6570
6075 49323 1:0 6683
6169 49321 1:0 6690
6170 49322 1:0 6691
6179 49320 1:0 6701
6179 49290 1:0 6814
6185 49289 1:0 6822
6189 49288 1:0 6821
6206 49287 1:0 6832
6300 49257 1:0 6945
6301 49256 1:0 6953
6310 49255 1:0 6952
6310 49254 1:0 6963
6316 49224 1:0 7076
6320 49222 1:0 7083
6349 49223 1:0 7084
6431 49221 1:0 7094
6432 49191 1:0 7207
6441 49189 1:0 7214
6441 49190 1:0 7215
6447 49188 1:0 7225
6452 49158 1:0 7338
6480 49156 1:0 7345
6562 49157 1:0 7346
6563 49155 1:0 7356
6572 49125 1:0 7469
6572 49123 1:0 7476
6578 49124 1:0 7477
6583 49122 1:0 7487
6611 49092 1:0 7600
6693 49090 1:0 7607
6694 49091 1:0 7608
6703 49089 1:0 7618
6703 49059 1:0 7731
6709 49057 1:0 7738
6729 49058 1:0 7739
6783 49056 1:0 7749
6824 49026 1:0 7862
6825 49025 1:0 7870
6834 49024 1:0 7869
6834 49023 1:0 7880
6840 330 1:0 9210
6844 50894 1:0 9492
6861 50864 1:0 9605
6955 50863 1:0 9613
8060 51907 21:0 8068
8067 51908 0:0 8068
8067 51909 21:0 8134
8132 51910 0:0 8134
8136 51940 21:0 8144
8143 51941 0:0 8144
8143 51942 21:0 8210
8208 51943 0:0 8210
8212 51973 21:0 8220
8219 51974 0:0 8220
8219 51975 21:0 8286
8284 51976 0:0 8286
8288 52006 21:0 8296
8295 52007 0:0 8296
8295 52008 21:0 8362
8360 52009 0:0 8362
8364 52039 21:0 8372
8371 52040 0:0 8372
8371 52041 21:0 8438
8436 52042 0:0 8438
8440 52072 21:0 8448
8447 52074 0:0 8448
8447 52073 21:0 8514
8512 52075 0:0 8514
8516 52105 21:0 8524
8523 52106 0:0 8524
8523 52107 21:0 8590
8588 52108 0:0 8590
8592 52138 21:0 8600
8599 52140 0:0 8600
8599 52139 21:0 8666
8664 52141 0:0 8666
8668 52171 21:0 8676
8675 52172 0:0 8676
8675 52173 0:0 8676
8676 52174 21:0 8742
8744 52204 21:0 8752
8751 52206 0:0 8752
8751 52205 0:0 8752
8752 52207 21:0 8818
8820 52237 21:0 8828
8827 52239 0:0 8828
8827 52238 21:0 8894
8892 52240 0:0 8894
8896 52270 0:0 8899
8901 52272 21:0 8959
8903 52271 0:0 8904
8958 52273 0:0 8970
8972 52303 21:0 8980
8979 52305 21:0 9046
9044 52306 0:0 9046
9048 52336 21:0 9056
9056 52339 21:0 9122
9124 52369 0:0 9127
9129 52370 21:0 9187
9222 50862 1:0 9612
9223 50861 1:0 9623
9232 50831 1:0 9736
9232 50829 1:0 9743
9240 50830 1:0 9744
9251 330 21:0 9265
9259 50828 1:0 9754
9353 50798 1:0 9867
9354 50796 1:0 9874
9354 50797 1:0 9875
9363 50795 1:0 9885
9363 50765 1:0 9998
9371 50763 1:0 10005
9390 50764 1:0 10006
9484 50762 1:0 10016
9485 50732 1:0 10129
9494 50730 1:0 10136
9494 50731 1:0 10137
9500 50729 1:0 10147
9504 50699 1:0 10260
9521 50698 1:0 10268
9615 50697 1:0 10267
9616 50696 1:0 10278
9625 50666 1:0 10391
9625 50664 1:0 10398
9631 50665 1:0 10399
9635 50663 1:0 10409
9664 50633 1:0 10522
9746 50632 1:0 10530
9747 50631 1:0 10529
9756 50630 1:0 10540
9756 50600 1:0 10653
9762 50599 1:0 10661
9767 50598 1:0 10660
9795 50597 1:0 10671
9877 50567 1:0 10784
9878 50565 1:0 10791
9887 50566 1:0 10792
9887 50564 1:0 10802
9893 50534 1:0 10915
9898 50532 1:0 10922
9926 50533 1:0 10923
10008 50531 1:0 10933
10009 50501 1:0 11046
10018 50499 1:0 11053
10018 50500 1:0 11054
10024 50498 1:0 11064
10044 50468 1:0 11177
10098 50467 1:0 11185
10139 50466 1:0 11184
10140 50465 1:0 11195
10149 52370 1:0 12665
10149 331 1:0 12525
11375 53349 21:0 11383
11382 53351 0:0 11383
11382 53350 21:0 11449
11447 53352 0:0 11449
11451 53382 21:0 11459
11458 53384 0:0 11459
11458 53383 21:0 11525
11523 53385 0:0 11525
11527 53415 21:0 11535
11534 53417 0:0 11535
11534 53416 21:0 11601
11599 53418 0:0 11601
11603 53448 21:0 11611
11610 53449 0:0 11611
11610 53450 21:0 11677
11675 53451 0:0 11677
11679 53481 21:0 11687
11686 53482 0:0 11687
11686 53483 21:0 11753
11751 53484 0:0 11753
11755 53514 21:0 11763
11762 53515 0:0 11763
11762 53516 21:0 11829
11827 53517 0:0 11829
11831 53547 21:0 11839
11838 53548 0:0 11839
11838 53549 21:0 11905
11903 53550 0:0 11905
11907 53580 21:0 11915
11914 53581 0:0 11915
11914 53582 21:0 11981
11979 53583 0:0 11981
11983 53613 21:0 11991
11990 53614 0:0 11991
11990 53615 21:0 12057
12055 53616 0:0 12057
12059 53646 21:0 12067
12066 53648 0:0 12067
12066 53647 21:0 12133
12131 53649 0:0 12133
12135 53679 21:0 12143
12142 53680 0:0 12143
12142 53681 0:0 12143
12143 53682 21:0 12209
12211 53712 21:0 12219
12218 53713 0:0 12219
12218 53714 21:0 12285
12283 53715 0:0 12285
12287 53745 21:0 12295
12294 53746 0:0 12295
12294 53747 21:0 12361
12537 52369 1:0 12676
12538 52339 1:0 12789
12547 52336 1:0 12807
12547 52306 1:0 12920
12555 52305 1:0 12928
12566 331 21:0 12580
12574 52303 1:0 12938
12668 52273 1:0 13051
12669 52271 1:0 13058
12669 52272 1:0 13059
12678 52270 1:0 13069
12678 52240 1:0 13182
12686 52238 1:0 13189
12705 52239 1:0 13190
12799 52237 1:0 13200
12800 52207 1:0 13313
12809 52205 1:0 13320
12809 52206 1:0 13321
12815 52204 1:0 13331
12819 52174 1:0 13444
12836 52173 1:0 13452
12930 52172 1:0 13451
12931 52171 1:0 13462
12940 52141 1:0 13575
12940 52139 1:0 13582
12946 52140 1:0 13583
12950 52138 1:0 13593
12979 52108 1:0 13706
13061 52107 1:0 13714
13062 52106 1:0 13713
13071 52105 1:0 13724
13071 52075 1:0 13837
13077 52073 1:0 13844
13082 52074 1:0 13845
13110 52072 1:0 13855
13192 52042 1:0 13968
13193 52041 1:0 13976
13202 52040 1:0 13975
13202 52039 1:0 13986
13208 52009 1:0 14099
13213 52008 1:0 14107
13241 52007 1:0 14106
13323 52006 1:0 14117
13324 51976 1:0 14230
13333 51974 1:0 14237
13333 51975 1:0 14238
13339 51973 1:0 14248
13359 51943 1:0 14361
13413 51942 1:0 14369
13454 51941 1:0 14368
13455 51940 1:0 14379
13464 51910 1:0 14492
13464 51909 1:0 14500
13472 51908 1:0 14499
13490 51907 1:0 14510
13491 332 1:0 15840
13585 53747 1:0 16243
14690 54791 21:0 14698
14697 54792 0:0 14698
14697 54793 21:0 14764
14762 54794 0:0 14764
14766 54824 21:0 14774
14773 54826 0:0 14774
14773 54825 21:0 14840
14838 54827 0:0 14840
14842 54857 21:0 14850
14849 54858 0:0 14850
14849 54859 21:0 14916
14914 54860 0:0 14916
14918 54890 21:0 14926
14925 54892 0:0 14926
14925 54891 21:0 14992
14990 54893 0:0 14992
14994 54923 21:0 15002
15001 54925 0:0 15002
15001 54924 21:0 15068
15066 54926 0:0 15068
15070 54956 21:0 15078
15077 54957 0:0 15078
15077 54958 21:0 15144
15142 54959 0:0 15144
15146 54989 21:0 15154
15153 54991 0:0 15154
15153 54990 0:0 15154
15154 54992 21:0 15220
15222 55022 21:0 15230
15229 55024 0:0 15230
15229 55023 21:0 15296
15294 55025 0:0 15296
15298 55055 0:0 15301
15303 55057 21:0 15361
15305 55056 0:0 15306
15360 55058 0:0 15372
15374 55088 0:0 15377
15379 55090 21:0 15437
15381 55089 0:0 15382
15436 55091 0:0 15448
15450 55121 21:0 15458
15457 55123 0:0 15458
15457 55122 21:0 15524
15522 55124 0:0 15524
15526 55154 21:0 15534
15533 55156 0:0 15534
15533 55155 0:0 15534
15534 55157 21:0 15600
15602 55187 0:0 15605
15607 55188 21:0 15665
15609 55189 0:0 15610
15664 55190 0:0 15676
15678 55220 21:0 15686
15759 55254 0:0 15762
15762 55256 21:0 15828
15852 53746 1:0 16242
15853 53745 1:0 16253
15862 53715 1:0 16366
15862 53714 1:0 16374
15870 53713 1:0 16373
15881 332 21:0 15895
15889 53712 1:0 16384
15983 53682 1:0 16497
15984 53680 1:0 16504
15984 53681 1:0 16505
15993 53679 1:0 16515
15993 53649 1:0 16628
16001 53647 1:0 16635
16020 53648 1:0 16636
16114 53646 1:0 16646
16115 53616 1:0 16759
16124 53614 1:0 16766
16124 53615 1:0 16767
16130 53613 1:0 16777
16134 53583 1:0 16890
16151 53582 1:0 16898
16245 53581 1:0 16897
16246 53580 1:0 16908
16255 53550 1:0 17021
16255 53549 1:0 17029
16261 53548 1:0 17028
16265 53547 1:0 17039
16294 53517 1:0 17152
16376 53516 1:0 17160
16377 53515 1:0 17159
16386 53514 1:0 17170
16386 53484 1:0 17283
16392 53483 1:0 17291
16397 53482 1:0 17290
16425 53481 1:0 17301
16507 53451 1:0 17414
16508 53450 1:0 17422
16517 53449 1:0 17421
16517 53448 1:0 17432
16523 53418 1:0 17545
16528 53416 1:0 17552
16556 53417 1:0 17553
16638 53415 1:0 17563
16639 53385 1:0 17676
16648 53383 1:0 17683
16648 53384 1:0 17684
16654 53382 1:0 17694
16674 53352 1:0 17807
16728 53350 1:0 17814
16769 53351 1:0 17815
16770 53349 1:0 17825
16779 55256 1:0 19288
16779 333 1:0 19155
16785 55254 1:0 19295
16789 55220 1:0 19437
16806 55190 1:0 19550
16900 55188 1:0 19557
18005 56233 21:0 18013
18012 56235 0:0 18013
18012 56234 21:0 18079
18077 56236 0:0 18079
18081 56266 21:0 18089
18088 56267 0:0 18089
18088 56268 21:0 18155
18153 56269 0:0 18155
18157 56299 21:0 18165
18164 56301 0:0 18165
18164 56300 21:0 18231
18229 56302 0:0 18231
18233 56332 21:0 18241
18240 56333 0:0 18241
18240 56334 21:0 18307
18305 56335 0:0 18307
18309 56365 21:0 18317
18316 56366 0:0 18317
18316 56367 21:0 18383
18381 56368 0:0 18383
18385 56398 21:0 18393
18392 56400 0:0 18393
18392 56399 21:0 18459
18457 56401 0:0 18459
18461 56431 21:0 18469
18468 56433 0:0 18469
18468 56432 21:0 18535
18533 56434 0:0 18535
18537 56464 21:0 18545
18544 56465 0:0 18545
18544 56466 21:0 18611
18609 56467 0:0 18611
18613 56497 0:0 18616
18618 56498 21:0 18676
18620 56499 0:0 18621
18675 56500 0:0 18687
18689 56530 21:0 18697
18696 56531 0:0 18697
18696 56532 0:0 18697
18697 56533 21:0 18763
18765 56563 0:0 18768
18770 56565 21:0 18828
18772 56564 0:0 18773
18827 56566 0:0 18839
18841 56596 21:0 18849
18848 56598 0:0 18849
18848 56597 21:0 18915
18913 56599 0:0 18915
18917 56629 21:0 18925
18922 56631 0:0 18925
18924 56630 0:0 18925
18925 56632 21:0 18991
18993 56662 21:0 19001
19000 56664 0:0 19001
19000 56663 21:0 19067
19167 55189 1:0 19558
19168 55187 1:0 19568
19177 55157 1:0 19681
19177 55155 1:0 19688
19185 55156 1:0 19689
19196 333 21:0 19210
19204 55154 1:0 19699
19298 55124 1:0 19812
19299 55122 1:0 19819
19299 55123 1:0 19820
19308 55121 1:0 19830
19308 55091 1:0 19943
19316 55090 1:0 19951
19335 55089 1:0 19950
19429 55088 1:0 19961
19430 55058 1:0 20074
19439 55056 1:0 20081
19439 55057 1:0 20082
19445 55055 1:0 20092
19449 55025 1:0 20205
19466 55023 1:0 20212
19560 55024 1:0 20213
19561 55022 1:0 20223
19570 54992 1:0 20336
19570 54991 1:0 20344
19576 54990 1:0 20343
19580 54989 1:0 20354
19609 54959 1:0 20467
19691 54958 1:0 20475
19692 54957 1:0 20474
19701 54956 1:0 20485
19701 54926 1:0 20598
19707 54924 1:0 20605
19712 54925 1:0 20606
19740 54923 1:0 20616
19822 54893 1:0 20729
19823 54891 1:0 20736
19832 54892 1:0 20737
19832 54890 1:0 20747
19838 54860 1:0 20860
19843 54859 1:0 20868
19871 54858 1:0 20867
19953 54857 1:0 20878
19954 54827 1:0 20991
19963 54825 1:0 20998
19963 54826 1:0 20999
19969 54824 1:0 21009
19989 54794 1:0 21122
20043 54793 1:0 21130
20084 54792 1:0 21129
20085 54791 1:0 21140
20094 56663 1:0 22741
20094 334 1:0 22470
21320 57675 21:0 21328
21327 57676 0:0 21328
21327 57677 21:0 21394
21392 57678 0:0 21394
21396 57708 21:0 21404
21403 57709 0:0 21404
21403 57710 21:0 21470
21468 57711 0:0 21470
21472 57741 21:0 21480
21479 57743 0:0 21480
21479 57742 21:0 21546
21544 57744 0:0 21546
21548 57774 21:0 21556
21555 57776 0:0 21556
21555 57775 21:0 21622
21620 57777 0:0 21622
21624 57807 21:0 21632
21631 57809 0:0 21632
21631 57808 21:0 21698
21696 57810 0:0 21698
21700 57840 21:0 21708
21707 57841 0:0 21708
21707 57842 21:0 21774
21772 57843 0:0 21774
21776 57873 21:0 21784
21783 57875 0:0 21784
21783 57874 21:0 21850
21848 57876 0:0 21850
21852 57906 21:0 21860
21859 57907 0:0 21860
21859 57908 21:0 21926
21924 57909 0:0 21926
21928 57939 21:0 21936
21935 57941 0:0 21936
21935 57940 0:0 21936
21936 57942 21:0 22002
22004 57972 21:0 22012
22011 57974 0:0 22012
22011 57973 21:0 22078
22076 57975 0:0 22078
22080 58005 0:0 22083
22085 58006 21:0 22143
22087 58007 0:0 22088
22142 58008 0:0 22154
22156 58038 21:0 22164
22163 58040 0:0 22164
22163 58039 21:0 22230
22228 58041 0:0 22230
22232 58071 21:0 22240
22239 58072 0:0 22240
22239 58073 21:0 22306
22482 56664 1:0 22742
22483 56662 1:0 22752
22492 56632 1:0 22865
22492 56631 1:0 22873
22500 56630 1:0 22872
22511 334 21:0 22525
22519 56629 1:0 22883
22613 56599 1:0 22996
22614 56597 1:0 23003
22614 56598 1:0 23004
22623 56596 1:0 23014
22623 56566 1:0 23127
22631 56565 1:0 23135
22650 56564 1:0 23134
22744 56563 1:0 23145
22745 56533 1:0 23258
22754 56531 1:0 23265
22754 56532 1:0 23266
22760 56530 1:0 23276
22764 56500 1:0 23389
22781 56498 1:0 23396
22875 56499 1:0 23397
22876 56497 1:0 23407
22885 56467 1:0 23520
22885 56466 1:0 23528
22891 56465 1:0 23527
22895 56464 1:0 23538
22924 56434 1:0 23651
23006 56432 1:0 23658
23007 56433 1:0 23659
23016 56431 1:0 23669
23016 56401 1:0 23782
23022 56399 1:0 23789
23027 56400 1:0 23790
23055 56398 1:0 23800
23137 56368 1:0 23913
23138 56367 1:0 23921
23147 56366 1:0 23920
23147 56365 1:0 23931
23153 56335 1:0 24044
23158 56334 1:0 24052
23186 56333 1:0 24051
23268 56332 1:0 24062
23269 56302 1:0 24175
23278 56300 1:0 24182
23278 56301 1:0 24183
23284 56299 1:0 24193
23304 56269 1:0 24306
23358 56268 1:0 24314
23399 56267 1:0 24313
23400 56266 1:0 24324
23409 56236 1:0 24437
23409 56234 1:0 24444
23417 56235 1:0 24445
23435 56233 1:0 24455
23436 335 1:0 25785
23530 58073 1:0 26188
24635 59117 21:0 24643
24642 59118 0:0 24643
24642 59119 21:0 24709
24707 59120 0:0 24709
24711 59150 21:0 24719
24718 59152 0:0 24719
24718 59151 21:0 24785
24783 59153 0:0 24785
24787 59183 21:0 24795
24794 59185 0:0 24795
24794 59184 21:0 24861
24859 59186 0:0 24861
24863 59216 21:0 24871
24870 59217 0:0 24871
24870 59218 21:0 24937
24935 59219 0:0 24937
24939 59249 21:0 24947
24946 59251 0:0 24947
24946 59250 21:0 25013
25011 59252 0:0 25013
25015 59282 21:0 25023
25022 59284 0:0 25023
25022 59283 0:0 25023
25023 59285 21:0 25089
25091 59315 21:0 25099
25098 59317 0:0 25099
25098 59316 21:0 25165
25163 59318 0:0 25165
25167 59348 21:0 25175
25174 59349 0:0 25175
25174 59350 21:0 25241
25239 59351 0:0 25241
25243 59381 0:0 25246
25248 59383 21:0 25306
25250 59382 0:0 25251
25305 59384 0:0 25317
25319 59414 0:0 25322
25324 59415 21:0 25382
25326 59416 0:0 25327
25381 59417 0:0 25393
25395 59447 21:0 25403
25400 59448 0:0 25403
25400 59449 0:0 25403
25403 59450 21:0 25469
25471 59480 21:0 25479
25478 59481 0:0 25479
25478 59482 21:0 25545
25543 59483 0:0 25545
25547 59513 0:0 25550
25552 59515 21:0 25610
25554 59514 0:0 25555
25609 59516 0:0 25621
25628 59547 21:0 25686
25630 59548 0:0 25631
25685 59549 0:0 25697
25797 58072 1:0 26187
25798 58071 1:0 26198
25807 58041 1:0 26311
25807 58039 1:0 26318
25815 58040 1:0 26319
25826 335 21:0 25840
25834 58038 1:0 26329
25928 58008 1:0 26442
25929 58006 1:0 26449
25929 58007 1:0 26450
25938 58005 1:0 26460
25938 57975 1:0 26573
25946 57973 1:0 26580
25965 57974 1:0 26581
26059 57972 1:0 26591
26060 57942 1:0 26704
26069 57940 1:0 26711
26069 57941 1:0 26712
26075 57939 1:0 26722
26079 57909 1:0 26835
26096 57908 1:0 26843
26190 57907 1:0 26842
26191 57906 1:0 26853
26200 57876 1:0 26966
26200 57874 1:0 26973
26206 57875 1:0 26974
26210 57873 1:0 26984
26239 57843 1:0 27097
26321 57842 1:0 27105
26322 57841 1:0 27104
26331 57840 1:0 27115
26331 57810 1:0 27228
26337 57808 1:0 27235
26342 57809 1:0 27236
26370 57807 1:0 27246
26452 57777 1:0 27359
26453 57775 1:0 27366
26462 57776 1:0 27367
26462 57774 1:0 27377
26468 57744 1:0 27490
26473 57742 1:0 27497
26501 57743 1:0 27498
26583 57741 1:0 27508
26584 57711 1:0 27621
26593 57709 1:0 27628
26593 57710 1:0 27629
26599 57708 1:0 27639
26619 57678 1:0 27752
26673 57677 1:0 27760
26714 57676 1:0 27759
26715 57675 1:0 27770
26724 59549 1:0 29364
26724 336 1:0 29100
27950 60559 21:0 27958
27957 60560 0:0 27958
27957 60561 21:0 28024
28022 60562 0:0 28024
28026 60592 21:0 28034
28033 60593 0:0 28034
28033 60594 21:0 28100
28098 60595 0:0 28100
28102 60625 21:0 28110
28109 60627 0:0 28110
28109 60626 21:0 28176
28174 60628 0:0 28176
28178 60658 21:0 28186
28185 60660 0:0 28186
28185 60659 21:0 28252
28250 60661 0:0 28252
28254 60691 21:0 28262
28261 60692 0:0 28262
28261 60693 21:0 28328
28326 60694 0:0 28328
28330 60724 21:0 28338
28337 60726 0:0 28338
28337 60725 21:0 28404
28402 60727 0:0 28404
28406 60757 21:0 28414
28413 60759 0:0 28414
28413 60758 0:0 28414
28414 60760 21:0 28480
28482 60790 21:0 28490
28489 60791 0:0 28490
28489 60792 21:0 28556
28554 60793 0:0 28556
28558 60823 0:0 28561
28563 60824 21:0 28621
28565 60825 0:0 28566
28620 60826 0:0 28632
28634 60856 21:0 28642
28641 60858 0:0 28642
28641 60857 21:0 28708
28706 60859 0:0 28708
28710 60889 21:0 28718
28715 60890 0:0 28718
28715 60891 0:0 28718
28718 60892 21:0 28784
28786 60922 21:0 28794
28791 60924 0:0 28794
28793 60923 0:0 28794
28794 60925 21:0 28860
28862 60955 21:0 28870
28869 60957 0:0 28870
28869 60956 21:0 28936
29112 59547 1:0 29371
29113 59548 1:0 29372
29122 59516 1:0 29495
29122 59515 1:0 29503
29130 59514 1:0 29502
29141 336 21:0 29155
29149 59513 1:0 29513
29243 59483 1:0 29626
29244 59481 1:0 29633
29244 59482 1:0 29634
29253 59480 1:0 29644
29253 59450 1:0 29757
29261 59449 1:0 29765
29280 59448 1:0 29764
29374 59447 1:0 29775
29375 59417 1:0 29888
29384 59415 1:0 29895
29384 59416 1:0 29896
29390 59414 1:0 29906
29394 59384 1:0 30019
29411 59383 1:0 30027
29505 59382 1:0 30026
29506 59381 1:0 30037
29515 59351 1:0 30150
29515 59350 1:0 30158
29521 59349 1:0 30157
29525 59348 1:0 30168
29554 59318 1:0 30281
29636 59316 1:0 30288
29637 59317 1:0 30289
29646 59315 1:0 30299
29646 59285 1:0 30412
29652 59283 1:0 30419
29657 59284 1:0 30420
29685 59282 1:0 30430
29767 59252 1:0 30543
29768 59250 1:0 30550
29777 59251 1:0 30551
29777 59249 1:0 30561
29783 59219 1:0 30674
29788 59218 1:0 30682
29816 59217 1:0 30681
29898 59216 1:0 30692
29899 59186 1:0 30805
29908 59184 1:0 30812
29908 59185 1:0 30813
29914 59183 1:0 30823
29934 59153 1:0 30936
29988 59151 1:0 30943
30029 59152 1:0 30944
30030 59150 1:0 30954
30039 59120 1:0 31067
30039 59119 1:0 31075
30047 59118 1:0 31074
30065 59117 1:0 31085
30066 337 1:0 32415
30160 60956 1:0 32817
30161 60957 1:0 32818
31265 62001 21:0 31273
31272 62003 0:0 31273
31272 62002 21:0 31339
31337 62004 0:0 31339
31341 62034 21:0 31349
31348 62035 0:0 31349
31348 62036 21:0 31415
31413 62037 0:0 31415
31417 62067 21:0 31425
31424 62068 0:0 31425
31424 62069 0:0 31425
31425 62070 21:0 31491
31493 62100 21:0 31501
31500 62101 0:0 31501
31500 62102 21:0 31567
31565 62103 0:0 31567
31569 62133 21:0 31577
31576 62135 0:0 31577
31576 62134 21:0 31643
31641 62136 0:0 31643
31645 62166 21:0 31653
31652 62167 0:0 31653
31652 62168 21:0 31719
31717 62169 0:0 31719
31721 62199 21:0 31729
31728 62201 0:0 31729
31728 62200 21:0 31795
31793 62202 0:0 31795
31797 62232 21:0 31805
31804 62233 0:0 31805
31804 62234 21:0 31871
31869 62235 0:0 31871
31873 62265 21:0 31881
31880 62266 0:0 31881
31880 62267 0:0 31881
31881 62268 21:0 31947
31949 62298 21:0 31957
31956 62300 0:0 31957
31956 62299 21:0 32023
32021 62301 0:0 32023
32025 62331 0:0 32028
32030 62333 21:0 32088
32032 62332 0:0 32033
32087 62334 0:0 32099
32101 62364 21:0 32109
32106 62366 0:0 32109
32108 62365 0:0 32109
32109 62367 21:0 32175
32177 62397 0:0 32180
32182 62398 21:0 32240
32184 62399 0:0 32185
32239 62400 0:0 32251
32253 62430 21:0 32261
32260 62431 0:0 32261
32260 62432 0:0 32261
32261 62433 21:0 32327
32427 60955 1:0 32828
32428 60925 1:0 32941
32437 60923 1:0 32948
32437 60924 1:0 32949
32445 60922 1:0 32959
32456 337 21:0 32470
32464 60892 1:0 33072
32558 60890 1:0 33079
32559 60891 1:0 33080
32559 60889 1:0 33090
32568 60859 1:0 33203
32568 60857 1:0 33210
32576 60858 1:0 33211
32595 60856 1:0 33221
32689 60826 1:0 33334
32690 60824 1:0 33341
32699 60825 1:0 33342
32699 60823 1:0 33352
32705 60793 1:0 33465
32709 60792 1:0 33473
32726 60791 1:0 33472
32820 60790 1:0 33483
32821 60760 1:0 33596
32830 60758 1:0 33603
32830 60759 1:0 33604
32836 60757 1:0 33614
32840 60727 1:0 33727
32869 60725 1:0 33734
32951 60726 1:0 33735
32952 60724 1:0 33745
32961 60694 1:0 33858
32961 60693 1:0 33866
32967 60692 1:0 33865
32972 60691 1:0 33876
33000 60661 1:0 33989
33082 60659 1:0 33996
33083 60660 1:0 33997
33092 60658 1:0 34007
33092 60628 1:0 34120
33098 60626 1:0 34127
33103 60627 1:0 34128
33131 60625 1:0 34138
33213 60595 1:0 34251
33214 60594 1:0 34259
33223 60593 1:0 34258
33223 60592 1:0 34269
33229 60562 1:0 34382
33249 60561 1:0 34390
33303 60560 1:0 34389
33344 60559 1:0 34400
33345 338 1:0 35730
33354 62433 1:0 35994
33354 62431 1:0 36001
33360 62432 1:0 36002
33364 62430 1:0 36012
33381 62400 1:0 36125
34580 63443 21:0 34588
34587 63445 0:0 34588
34587 63444 21:0 34654
34652 63446 0:0 34654
34656 63476 21:0 34664
34663 63477 0:0 34664
34663 63478 21:0 34730
34728 63479 0:0 34730
34732 63509 21:0 34740
34739 63510 0:0 34740
34739 63511 21:0 34806
34804 63512 0:0 34806
34808 63542 21:0 34816
34815 63544 0:0 34816
34815 63543 21:0 34882
34880 63545 0:0 34882
34884 63575 21:0 34892
34891 63577 0:0 34892
34891 63576 21:0 34958
34956 63578 0:0 34958
34960 63608 21:0 34968
34967 63609 0:0 34968
34967 63610 21:0 35034
35032 63611 0:0 35034
35036 63641 21:0 35044
35043 63642 0:0 35044
35043 63643 21:0 35110
35108 63644 0:0 35110
35112 63674 21:0 35120
35119 63675 0:0 35120
35119 63676 0:0 35120
35120 63677 21:0 35186
35188 63707 0:0 35191
35193 63709 21:0 35251
35195 63708 0:0 35196
35250 63710 0:0 35262
35264 63740 0:0 35267
35269 63742 21:0 35327
35271 63741 0:0 35272
35326 63743 0:0 35338
35340 63773 21:0 35348
35347 63775 0:0 35348
35347 63774 0:0 35348
35348 63776 21:0 35414
35416 63806 0:0 35419
35421 63807 21:0 35479
35423 63808 0:0 35424
35478 63809 0:0 35490
35492 63839 0:0 35495
35497 63841 21:0 35555
35499 63840 0:0 35500
35568 63872 0:0 35571
35573 63874 21:0 35631
35630 63875 0:0 35642
35742 62398 1:0 36132
35743 62399 1:0 36133
35752 62397 1:0 36143
35752 62367 1:0 36256
35760 62365 1:0 36263
35771 338 21:0 35785
35779 62366 1:0 36264
35873 62364 1:0 36274
35874 62334 1:0 36387
35874 62333 1:0 36395
35883 62332 1:0 36394
35883 62331 1:0 36405
35891 62301 1:0 36518
35910 62299 1:0 36525
36004 62300 1:0 36526
36005 62298 1:0 36536
36014 62268 1:0 36649
36014 62267 1:0 36657
36020 62266 1:0 36656
36024 62265 1:0 36667
36041 62235 1:0 36780
36135 62234 1:0 36788
36136 62233 1:0 36787
36145 62232 1:0 36798
36145 62202 1:0 36911
36151 62200 1:0 36918
36155 62201 1:0 36919
36184 62199 1:0 36929
36266 62169 1:0 37042
36267 62168 1:0 37050
36276 62167 1:0 37049
36276 62166 1:0 37060
36282 62136 1:0 37173
36287 62134 1:0 37180
36315 62135 1:0 37181
36397 62133 1:0 37191
36398 62103 1:0 37304
36407 62101 1:0 37311
36407 62102 1:0 37312
36413 62100 1:0 37322
36418 62070 1:0 37435
36446 62069 1:0 37443
36528 62068 1:0 37442
36529 62067 1:0 37453
36538 62037 1:0 37566
36538 62036 1:0 37574
36544 62035 1:0 37573
36564 62034 1:0 37584
36618 62004 1:0 37697
36659 62002 1:0 37704
36660 62003 1:0 37705
36669 62001 1:0 37715
36669 339 1:0 39045
36675 63875 1:0 39309
37895 64885 21:0 37903
37902 64887 0:0 37903
37902 64886 21:0 37969
37967 64888 0:0 37969
37971 64918 21:0 37979
37978 64920 0:0 37979
37978 64919 21:0 38045
38043 64921 0:0 38045
38047 64951 21:0 38055
38054 64953 0:0 38055
38054 64952 21:0 38121
38119 64954 0:0 38121
38123 64984 21:0 38131
38130 64985 0:0 38131
38130 64986 21:0 38197
38195 64987 0:0 38197
38199 65017 21:0 38207
38206 65019 0:0 38207
38206 65018 21:0 38273
38271 65020 0:0 38273
38275 65050 21:0 38283
38282 65052 0:0 38283
38282 65051 21:0 38349
38347 65053 0:0 38349
38351 65083 21:0 38359
38358 65084 0:0 38359
38358 65085 21:0 38425
38423 65086 0:0 38425
38427 65116 21:0 38435
38434 65118 0:0 38435
38434 65117 21:0 38501
38499 65119 0:0 38501
38503 65149 21:0 38511
38510 65150 0:0 38511
38510 65151 21:0 38577
38575 65152 0:0 38577
38579 65182 21:0 38587
38586 65183 0:0 38587
38586 65184 0:0 38587
38587 65185 21:0 38653
38655 65215 21:0 38663
38662 65217 0:0 38663
38662 65216 21:0 38729
38727 65218 0:0 38729
38731 65248 0:0 38734
38736 65249 21:0 38794
38738 65250 0:0 38739
38807 65281 21:0 38815
38815 65284 21:0 38881
38883 65314 0:0 38886
38888 65316 21:0 38946
38890 65315 0:0 38891
39057 63874 1:0 39317
39058 63872 1:0 39327
39067 63840 1:0 39447
39067 63841 1:0 39448
39075 63839 1:0 39458
39086 339 21:0 39100
39094 63809 1:0 39571
39188 63807 1:0 39578
39189 63808 1:0 39579
39189 63806 1:0 39589
39198 63776 1:0 39702
39198 63775 1:0 39710
39206 63774 1:0 39709
39225 63773 1:0 39720
39319 63743 1:0 39833
39320 63742 1:0 39841
39329 63741 1:0 39840
39329 63740 1:0 39851
39335 63710 1:0 39964
39339 63709 1:0 39972
39356 63708 1:0 39971
39450 63707 1:0 39982
39451 63677 1:0 40095
39460 63675 1:0 40102
39460 63676 1:0 40103
39466 63674 1:0 40113
39470 63644 1:0 40226
39499 63643 1:0 40234
39581 63642 1:0 40233
39582 63641 1:0 40244
39591 63611 1:0 40357
39591 63610 1:0 40365
39597 63609 1:0 40364
39602 63608 1:0 40375
39630 63578 1:0 40488
39712 63576 1:0 40495
39713 63577 1:0 40496
39722 63575 1:0 40506
39722 63545 1:0 40619
39728 63543 1:0 40626
39733 63544 1:0 40627
39761 63542 1:0 40637
39843 63512 1:0 40750
39844 63511 1:0 40758
39853 63510 1:0 40757
39853 63509 1:0 40768
39859 63479 1:0 40881
39879 63478 1:0 40889
39933 63477 1:0 40888
39974 63476 1:0 40899
39975 63446 1:0 41012
39984 63444 1:0 41019
39984 63445 1:0 41020
39992 63443 1:0 41030
39994 340 1:0 42360
40011 65316 1:0 42632
41210 66327 21:0 41218
41217 66329 0:0 41218
41217 66328 21:0 41284
41282 66330 0:0 41284
41286 66360 21:0 41294
41293 66361 0:0 41294
41293 66362 21:0 41360
41358 66363 0:0 41360
41362 66393 21:0 41370
41369 66394 0:0 41370
41369 66395 21:0 41436
41434 66396 0:0 41436
41438 66426 21:0 41446
41445 66428 0:0 41446
41445 66427 21:0 41512
41510 66429 0:0 41512
41514 66459 21:0 41522
41521 66461 0:0 41522
41521 66460 21:0 41588
41586 66462 0:0 41588
41590 66492 21:0 41598
41597 66493 0:0 41598
41597 66494 21:0 41664
41662 66495 0:0 41664
41666 66525 21:0 41674
41673 66526 0:0 41674
41673 66527 21:0 41740
41738 66528 0:0 41740
41742 66558 21:0 41750
41749 66560 0:0 41750
41749 66559 21:0 41816
41814 66561 0:0 41816
41818 66591 0:0 41821
41823 66592 21:0 41881
41825 66593 0:0 41826
41880 66594 0:0 41892
41894 66624 21:0 41902
41901 66625 0:0 41902
41901 66626 0:0 41902
41902 66627 21:0 41968
41970 66657 21:0 41978
41977 66659 0:0 41978
41977 66658 0:0 41978
41978 66660 21:0 42044
42046 66690 21:0 42054
42053 66692 0:0 42054
42053 66691 0:0 42054
42054 66693 21:0 42120
42122 66723 21:0 42130
42129 66724 0:0 42130
42130 66726 21:0 42196
42198 66756 21:0 42206
42205 66758 0:0 42206
42205 66757 21:0 42272
42372 65315 1:0 42631
42373 65314 1:0 42642
42382 65284 1:0 42755
42382 65281 1:0 42773
42390 65249 1:0 42893
42401 340 21:0 42415
42409 65250 1:0 42894
42503 65248 1:0 42904
42504 65218 1:0 43017
42504 65216 1:0 43024
42513 65217 1:0 43025
42513 65215 1:0 43035
42521 65185 1:0 43148
42540 65184 1:0 43156
42634 65183 1:0 43155
42635 65182 1:0 43166
42644 65152 1:0 43279
42644 65151 1:0 43287
42650 65150 1:0 43286
42654 65149 1:0 43297
42671 65119 1:0 43410
42765 65117 1:0 43417
42766 65118 1:0 43418
42775 65116 1:0 43428
42775 65086 1:0 43541
42781 65085 1:0 43549
42785 65084 1:0 43548
42814 65083 1:0 43559
42896 65053 1:0 43672
42897 65051 1:0 43679
42906 65052 1:0 43680
42906 65050 1:0 43690
42912 65020 1:0 43803
42917 65018 1:0 43810
42945 65019 1:0 43811
43027 65017 1:0 43821
43028 64987 1:0 43934
43037 64985 1:0 43941
43037 64986 1:0 43942
43043 64984 1:0 43952
43048 64954 1:0 44065
43076 64952 1:0 44072
43158 64953 1:0 44073
43159 64951 1:0 44083
43168 64921 1:0 44196
43168 64919 1:0 44203
43174 64920 1:0 44204
43194 64918 1:0 44214
43248 64888 1:0 44327
43289 64886 1:0 44334
43290 64887 1:0 44335
43299 64885 1:0 44345
43299 341 1:0 45675
43305 66757 1:0 45946
43309 66758 1:0 45947
43326 66756 1:0 45957
43420 66726 1:0 46070
43421 66724 1:0 46077
44525 67769 21:0 44533
44532 67770 0:0 44533
44532 67771 21:0 44599
44597 67772 0:0 44599
44601 67802 21:0 44609
44608 67804 0:0 44609
44608 67803 21:0 44675
44673 67805 0:0 44675
44677 67835 21:0 44685
44684 67837 0:0 44685
44684 67836 21:0 44751
44749 67838 0:0 44751
44753 67868 21:0 44761
44760 67870 0:0 44761
44760 67869 21:0 44827
44825 67871 0:0 44827
44829 67901 21:0 44837
44836 67902 0:0 44837
44836 67903 21:0 44903
44901 67904 0:0 44903
44905 67934 21:0 44913
44912 67935 0:0 44913
44912 67936 21:0 44979
44977 67937 0:0 44979
44981 67967 21:0 44989
44988 67968 0:0 44989
44988 67969 21:0 45055
45053 67970 0:0 45055
45057 68000 21:0 45065
45064 68001 0:0 45065
45064 68002 21:0 45131
45129 68003 0:0 45131
45133 68033 0:0 45136
45138 68034 21:0 45196
45140 68035 0:0 45141
45195 68036 0:0 45207
45209 68066 21:0 45217
45216 68068 0:0 45217
45216 68067 21:0 45283
45281 68069 0:0 45283
45285 68099 0:0 45288
45290 68100 21:0 45348
45292 68101 0:0 45293
45347 68102 0:0 45359
45361 68132 21:0 45369
45368 68134 0:0 45369
45368 68133 21:0 45435
45433 68135 0:0 45435
45437 68165 21:0 45445
45442 68166 0:0 45445
45444 68167 0:0 45445
45445 68168 21:0 45511
45513 68198 21:0 45521
45520 68199 0:0 45521
45520 68200 21:0 45587
45585 68201 0:0 45587
45687 66723 1:0 46088
45688 66693 1:0 46201
45697 66691 1:0 46208
45697 66692 1:0 46209
45705 66690 1:0 46219
45716 341 21:0 45730
45724 66660 1:0 46332
45818 66658 1:0 46339
45819 66659 1:0 46340
45819 66657 1:0 46350
45828 66627 1:0 46463
45828 66626 1:0 46471
45836 66625 1:0 46470
45855 66624 1:0 46481
45949 66594 1:0 46594
45950 66592 1:0 46601
45959 66593 1:0 46602
45959 66591 1:0 46612
45965 66561 1:0 46725
45969 66559 1:0 46732
45986 66560 1:0 46733
46080 66558 1:0 46743
46081 66528 1:0 46856
46090 66526 1:0 46863
46090 66527 1:0 46864
46096 66525 1:0 46874
46100 66495 1:0 46987
46129 66494 1:0 46995
46211 66493 1:0 46994
46212 66492 1:0 47005
46221 66462 1:0 47118
46221 66460 1:0 47125
46227 66461 1:0 47126
46232 66459 1:0 47136
46260 66429 1:0 47249
46342 66427 1:0 47256
46343 66428 1:0 47257
46352 66426 1:0 47267
46352 66396 1:0 47380
46358 66395 1:0 47388
46363 66394 1:0 47387
46391 66393 1:0 47398
46473 66363 1:0 47511
46474 66362 1:0 47519
46483 66361 1:0 47518
46483 66360 1:0 47529
46489 66330 1:0 47642
46509 66328 1:0 47649
46563 66329 1:0 47650
46604 66327 1:0 47660
46605 342 1:0 48990
46614 68201 1:0 49254
46614 68200 1:0 49262
46620 68199 1:0 49261
46624 68198 1:0 49272
46641 68168 1:0 49385
46735 68167 1:0 49393
47840 69211 21:0 47848
47847 69213 0:0 47848
47847 69212 21:0 47914
47912 69214 0:0 47914
47916 69244 21:0 47924
47923 69245 0:0 47924
47923 69246 21:0 47990
47988 69247 0:0 47990
47992 69277 21:0 48000
47999 69278 0:0 48000
47999 69279 21:0 48066
48064 69280 0:0 48066
48068 69310 21:0 48076
48075 69312 0:0 48076
48075 69311 21:0 48142
48140 69313 0:0 48142
48144 69343 21:0 48152
48151 69345 0:0 48152
48151 69344 21:0 48218
48216 69346 0:0 48218
48220 69376 21:0 48228
48227 69377 0:0 48228
48227 69378 21:0 48294
48292 69379 0:0 48294
48296 69409 21:0 48304
48303 69411 0:0 48304
48303 69410 21:0 48370
48368 69412 0:0 48370
48372 69442 21:0 48380
48379 69444 0:0 48380
48379 69443 0:0 48380
48380 69445 21:0 48446
48448 69475 21:0 48456
48455 69477 0:0 48456
48455 69476 21:0 48522
48520 69478 0:0 48522
48524 69508 21:0 48532
48529 69509 0:0 48532
48529 69510 0:0 48532
48532 69511 21:0 48598
48600 69541 21:0 48608
48607 69542 0:0 48608
48607 69543 0:0 48608
48608 69544 21:0 48674
48676 69574 21:0 48684
48683 69575 0:0 48684
48683 69576 0:0 48684
48684 69577 21:0 48750
48752 69607 21:0 48760
48759 69608 0:0 48760
48759 69609 21:0 48826
48824 69610 0:0 48826
48828 69640 0:0 48831
48833 69642 21:0 48891
48835 69641 0:0 48836
49002 68166 1:0 49392
49003 68165 1:0 49403
49012 68135 1:0 49516
49012 68133 1:0 49523
49020 68134 1:0 49524
49031 342 21:0 49045
49039 68132 1:0 49534
49133 68102 1:0 49647
49134 68100 1:0 49654
49134 68101 1:0 49655
49143 68099 1:0 49665
49143 68069 1:0 49778
49151 68067 1:0 49785
49170 68068 1:0 49786
49264 68066 1:0 49796
49265 68036 1:0 49909
49274 68034 1:0 49916
49274 68035 1:0 49917
49280 68033 1:0 49927
49284 68003 1:0 50040
49301 68002 1:0 50048
49395 68001 1:0 50047
49396 68000 1:0 50058
49405 67970 1:0 50171
49405 67969 1:0 50179
49411 67968 1:0 50178
49415 67967 1:0 50189
49444 67937 1:0 50302
49526 67936 1:0 50310
49527 67935 1:0 50309
49536 67934 1:0 50320
49536 67904 1:0 50433
49542 67903 1:0 50441
49547 67902 1:0 50440
49575 67901 1:0 50451
49657 67871 1:0 50564
49658 67869 1:0 50571
49667 67870 1:0 50572
49667 67868 1:0 50582
49673 67838 1:0 50695
49678 67836 1:0 50702
49706 67837 1:0 50703
49788 67835 1:0 50713
49789 67805 1:0 50826
49798 67803 1:0 50833
49798 67804 1:0 50834
49804 67802 1:0 50844
49824 67772 1:0 50957
49878 67771 1:0 50965
49919 67770 1:0 50964
49920 67769 1:0 50975
49929 69642 1:0 52577
49929 343 1:0 52305
51155 70653 21:0 51163
51162 70654 0:0 51163
51162 70655 21:0 51229
51227 70656 0:0 51229
51231 70686 21:0 51239
51238 70688 0:0 51239
51238 70687 21:0 51305
51303 70689 0:0 51305
51307 70719 21:0 51315
51314 70720 0:0 51315
51314 70721 21:0 51381
51379 70722 0:0 51381
51383 70752 21:0 51391
51390 70753 0:0 51391
51390 70754 21:0 51457
51455 70755 0:0 51457
51459 70785 21:0 51467
51466 70786 0:0 51467
51466 70787 21:0 51533
51531 70788 0:0 51533
51535 70818 21:0 51543
51542 70819 0:0 51543
51542 70820 21:0 51609
51607 70821 0:0 51609
51611 70851 21:0 51619
51618 70853 0:0 51619
51618 70852 0:0 51619
51619 70854 21:0 51685
51687 70884 21:0 51695
51694 70885 0:0 51695
51694 70886 21:0 51761
51759 70887 0:0 51761
51763 70917 21:0 51771
51770 70919 0:0 51771
51770 70918 21:0 51837
51835 70920 0:0 51837
51839 70950 0:0 51842
51844 70952 21:0 51902
51846 70951 0:0 51847
51901 70953 0:0 51913
51915 70983 21:0 51923
51922 70985 0:0 51923
51922 70984 21:0 51989
51987 70986 0:0 51989
51991 71016 0:0 51994
51996 71018 21:0 52054
51998 71017 0:0 51999
52053 71019 0:0 52065
52067 71049 0:0 52070
52072 71050 21:0 52130
52074 71051 0:0 52075
52317 69641 1:0 52576
52318 69640 1:0 52587
52327 69610 1:0 52700
52327 69609 1:0 52708
52335 69608 1:0 52707
52346 343 21:0 52360
52354 69607 1:0 52718
52448 69577 1:0 52831
52449 69575 1:0 52838
52449 69576 1:0 52839
52458 69574 1:0 52849
52458 69544 1:0 52962
52466 69543 1:0 52970
52485 69542 1:0 52969
52579 69541 1:0 52980
52580 69511 1:0 53093
52589 69509 1:0 53100
52589 69510 1:0 53101
52595 69508 1:0 53111
52599 69478 1:0 53224
52616 69476 1:0 53231
52710 69477 1:0 53232
52711 69475 1:0 53242
52720 69445 1:0 53355
52720 69444 1:0 53363
52726 69443 1:0 53362
52730 69442 1:0 53373
52759 69412 1:0 53486
52841 69410 1:0 53493
52842 69411 1:0 53494
52851 69409 1:0 53504
52851 69379 1:0 53617
52857 69378 1:0 53625
52862 69377 1:0 53624
52890 69376 1:0 53635
52972 69346 1:0 53748
52973 69344 1:0 53755
52982 69345 1:0 53756
52982 69343 1:0 53766
52988 69313 1:0 53879
52993 69311 1:0 53886
53021 69312 1:0 53887
53103 69310 1:0 53897
53104 69280 1:0 54010
53113 69278 1:0 54017
53113 69279 1:0 54018
53119 69277 1:0 54028
53139 69247 1:0 54141
53193 69246 1:0 54149
53234 69245 1:0 54148
53235 69244 1:0 54159
53244 69214 1:0 54272
53244 69212 1:0 54279
53252 69213 1:0 54280
53270 69211 1:0 54290
53271 344 1:0 55620
53365 71050 1:0 56022
54470 72095 21:0 54478
54477 72097 0:0 54478
54477 72096 21:0 54544
54542 72098 0:0 54544
54546 72128 21:0 54554
54553 72130 0:0 54554
54553 72129 21:0 54620
54618 72131 0:0 54620
54622 72161 21:0 54630
54629 72162 0:0 54630
54629 72163 0:0 54630
54630 72164 21:0 54696
54698 72194 21:0 54706
54705 72195 0:0 54706
54705 72196 21:0 54772
54770 72197 0:0 54772
54774 72227 21:0 54782
54781 72228 0:0 54782
54781 72229 21:0 54848
54846 72230 0:0 54848
54850 72260 21:0 54858
54857 72262 0:0 54858
54857 72261 21:0 54924
54922 72263 0:0 54924
54926 72293 21:0 54934
54933 72294 0:0 54934
54933 72295 21:0 55000
54998 72296 0:0 55000
55002 72326 21:0 55010
55009 72327 0:0 55010
55009 72328 0:0 55010
55010 72329 21:0 55076
55078 72359 21:0 55086
55085 72361 0:0 55086
55085 72360 21:0 55152
55150 72362 0:0 55152
55154 72392 0:0 55157
55159 72393 21:0 55217
55161 72394 0:0 55162
55216 72395 0:0 55228
55230 72425 21:0 55238
55237 72426 0:0 55238
55237 72427 21:0 55304
55302 72428 0:0 55304
55306 72458 21:0 55314
55313 72459 0:0 55314
55313 72460 0:0 55314
55314 72461 21:0 55380
55382 72491 0:0 55385
55387 72492 21:0 55445
55389 72493 0:0 55390
55444 72494 0:0 55456
55458 72524 21:0 55466
55465 72526 0:0 55466
55465 72525 21:0 55532
55632 71051 1:0 56023
55633 71049 1:0 56033
55642 71019 1:0 56146
55642 71018 1:0 56154
55650 71017 1:0 56153
55661 344 21:0 55675
55669 71016 1:0 56164
55763 70986 1:0 56277
55764 70984 1:0 56284
55764 70985 1:0 56285
55773 70983 1:0 56295
55773 70953 1:0 56408
55781 70952 1:0 56416
55800 70951 1:0 56415
55894 70950 1:0 56426
55895 70920 1:0 56539
55904 70918 1:0 56546
55904 70919 1:0 56547
55910 70917 1:0 56557
55914 70887 1:0 56670
55931 70886 1:0 56678
56025 70885 1:0 56677
56026 70884 1:0 56688
56035 70854 1:0 56801
56035 70853 1:0 56809
56041 70852 1:0 56808
56045 70851 1:0 56819
56074 70821 1:0 56932
56156 70820 1:0 56940
56157 70819 1:0 56939
56166 70818 1:0 56950
56166 70788 1:0 57063
56172 70787 1:0 57071
56177 70786 1:0 57070
56205 70785 1:0 57081
56287 70755 1:0 57194
56288 70754 1:0 57202
56297 70753 1:0 57201
56297 70752 1:0 57212
56303 70722 1:0 57325
56308 70721 1:0 57333
56336 70720 1:0 57332
56418 70719 1:0 57343
56419 70689 1:0 57456
56428 70687 1:0 57463
56428 70688 1:0 57464
56434 70686 1:0 57474
56454 70656 1:0 57587
56508 70655 1:0 57595
56549 70654 1:0 57594
56550 70653 1:0 57605
56559 72525 1:0 59206
56559 345 1:0 58935
57785 73537 21:0 57793
57792 73538 0:0 57793
57792 73539 21:0 57859
57857 73540 0:0 57859
57861 73570 21:0 57869
57868 73572 0:0 57869
57868 73571 21:0 57935
57933 73573 0:0 57935
57937 73603 21:0 57945
57944 73605 0:0 57945
57944 73604 21:0 58011
58009 73606 0:0 58011
58013 73636 21:0 58021
58020 73638 0:0 58021
58020 73637 21:0 58087
58085 73639 0:0 58087
58089 73669 21:0 58097
58096 73671 0:0 58097
58096 73670 21:0 58163
58161 73672 0:0 58163
58165 73702 21:0 58173
58172 73704 0:0 58173
58172 73703 0:0 58173
58173 73705 21:0 58239
58241 73735 21:0 58249
58248 73736 0:0 58249
58248 73737 21:0 58315
58313 73738 0:0 58315
58317 73768 21:0 58325
58324 73770 0:0 58325
58324 73769 21:0 58391
58389 73771 0:0 58391
58393 73801 21:0 58401
58400 73802 0:0 58401
58400 73803 21:0 58467
58465 73804 0:0 58467
58469 73834 0:0 58472
58474 73836 21:0 58532
58476 73835 0:0 58477
58531 73837 0:0 58543
58545 73867 0:0 58548
58550 73869 21:0 58608
58552 73868 0:0 58553
58607 73870 0:0 58619
58621 73900 21:0 58629
58628 73902 0:0 58629
58628 73901 21:0 58695
58693 73903 0:0 58695
58773 73966 21:0 58781
58849 73999 0:0 58852
58854 74001 21:0 58912
58947 72526 1:0 59207
58948 72524 1:0 59217
58957 72494 1:0 59330
58957 72492 1:0 59337
58965 72493 1:0 59338
58976 345 21:0 58990
58984 72491 1:0 59348
59078 72461 1:0 59461
59079 72459 1:0 59468
59079 72460 1:0 59469
59088 72458 1:0 59479
59088 72428 1:0 59592
59096 72427 1:0 59600
59115 72426 1:0 59599
59209 72425 1:0 59610
59210 72395 1:0 59723
59219 72393 1:0 59730
59219 72394 1:0 59731
59225 72392 1:0 59741
59229 72362 1:0 59854
59246 72360 1:0 59861
59340 72361 1:0 59862
59341 72359 1:0 59872
59350 72329 1:0 59985
59350 72327 1:0 59992
59356 72328 1:0 59993
59360 72326 1:0 60003
59389 72296 1:0 60116
59471 72295 1:0 60124
59472 72294 1:0 60123
59481 72293 1:0 60134
59481 72263 1:0 60247
59487 72261 1:0 60254
59492 72262 1:0 60255
59520 72260 1:0 60265
59602 72230 1:0 60378
59603 72229 1:0 60386
59612 72228 1:0 60385
59612 72227 1:0 60396
59618 72197 1:0 60509
59623 72196 1:0 60517
59651 72195 1:0 60516
59733 72194 1:0 60527
59734 72164 1:0 60640
59743 72162 1:0 60647
59743 72163 1:0 60648
59749 72161 1:0 60658
59769 72131 1:0 60771
59823 72129 1:0 60778
59864 72130 1:0 60779
59865 72128 1:0 60789
59874 72098 1:0 60902
59874 72096 1:0 60909
59882 72097 1:0 60910
59900 72095 1:0 60920
59901 346 1:0 62250
59995 74001 1:0 62391
59996 73999 1:0 62401
60005 73966 1:0 62532
61100 74979 21:0 61108
61107 74981 0:0 61108
61107 74980 21:0 61174
61172 74982 0:0 61174
61176 75012 21:0 61184
61183 75013 0:0 61184
61183 75014 21:0 61250
61248 75015 0:0 61250
61252 75045 21:0 61260
61259 75047 0:0 61260
61259 75046 21:0 61326
61324 75048 0:0 61326
61328 75078 21:0 61336
61335 75079 0:0 61336
61335 75080 21:0 61402
61400 75081 0:0 61402
61404 75111 21:0 61412
61411 75112 0:0 61412
61411 75113 21:0 61478
61476 75114 0:0 61478
61480 75144 21:0 61488
61487 75146 0:0 61488
61487 75145 21:0 61554
61552 75147 0:0 61554
61556 75177 21:0 61564
61563 75178 0:0 61564
61563 75179 21:0 61630
61628 75180 0:0 61630
61632 75210 21:0 61640
61639 75211 0:0 61640
61639 75212 0:0 61640
61640 75213 21:0 61706
61708 75243 21:0 61716
61715 75244 0:0 61716
61715 75245 21:0 61782
61780 75246 0:0 61782
61784 75276 0:0 61787
61789 75277 21:0 61847
61791 75278 0:0 61792
61846 75279 0:0 61858
61860 75309 21:0 61868
61867 75310 0:0 61868
61867 75311 21:0 61934
61932 75312 0:0 61934
61936 75342 21:0 61944
61943 75344 0:0 61944
61943 75343 21:0 62010
62008 75345 0:0 62010
62012 75375 0:0 62015
62017 75377 21:0 62075
62019 75376 0:0 62020
62074 75378 0:0 62086
62088 75408 21:0 62096
62095 75410 0:0 62096
62095 75409 21:0 62162
62160 75411 0:0 62162
62164 75441 21:0 62172
62262 73903 1:0 62776
62263 73901 1:0 62783
62272 73902 1:0 62784
62272 73900 1:0 62794
62280 73870 1:0 62907
62291 346 21:0 62305
62299 73869 1:0 62915
62393 73868 1:0 62914
62394 73867 1:0 62925
62394 73837 1:0 63038
62403 73835 1:0 63045
62403 73836 1:0 63046
62411 73834 1:0 63056
62430 73804 1:0 63169
62524 73803 1:0 63177
62525 73802 1:0 63176
62534 73801 1:0 63187
62534 73771 1:0 63300
62540 73769 1:0 63307
62544 73770 1:0 63308
62561 73768 1:0 63318
62655 73738 1:0 63431
62656 73737 1:0 63439
62665 73736 1:0 63438
62665 73735 1:0 63449
62671 73705 1:0 63562
62675 73704 1:0 63570
62704 73703 1:0 63569
62786 73702 1:0 63580
62787 73672 1:0 63693
62796 73670 1:0 63700
62796 73671 1:0 63701
62802 73669 1:0 63711
62807 73639 1:0 63824
62835 73637 1:0 63831
62917 73638 1:0 63832
62918 73636 1:0 63842
62927 73606 1:0 63955
62927 73604 1:0 63962
62933 73605 1:0 63963
62938 73603 1:0 63973
62966 73573 1:0 64086
63048 73571 1:0 64093
63049 73572 1:0 64094
63058 73570 1:0 64104
63058 73540 1:0 64217
63064 73539 1:0 64225
63084 73538 1:0 64224
63138 73537 1:0 64235
63179 347 1:0 65565
63180 75441 1:0 65716
63189 75411 1:0 65829
63189 75409 1:0 65836
63195 75410 1:0 65837
63199 75408 1:0 65847
64415 76421 21:0 64423
64422 76422 0:0 64423
64422 76423 21:0 64489
64487 76424 0:0 64489
64491 76454 21:0 64499
64498 76456 0:0 64499
64498 76455 21:0 64565
64563 76457 0:0 64565
64567 76487 21:0 64575
64574 76489 0:0 64575
64574 76488 0:0 64575
64575 76490 21:0 64641
64643 76520 21:0 64651
64650 76521 0:0 64651
64650 76522 21:0 64717
64715 76523 0:0 64717
64719 76553 21:0 64727
64726 76555 0:0 64727
64726 76554 21:0 64793
64791 76556 0:0 64793
64795 76586 21:0 64803
64802 76588 0:0 64803
64802 76587 21:0 64869
64867 76589 0:0 64869
64871 76619 21:0 64879
64878 76621 0:0 64879
64878 76620 21:0 64945
64943 76622 0:0 64945
64947 76652 21:0 64955
64954 76654 0:0 64955
64954 76653 21:0 65021
65019 76655 0:0 65021
65023 76685 21:0 65031
65030 76687 0:0 65031
65030 76686 21:0 65097
65095 76688 0:0 65097
65099 76718 21:0 65107
65106 76720 0:0 65107
65106 76719 21:0 65173
65171 76721 0:0 65173
65175 76751 21:0 65183
65182 76752 0:0 65183
65182 76753 21:0 65249
65247 76754 0:0 65249
65251 76784 0:0 65254
65256 76785 21:0 65314
65258 76786 0:0 65259
65313 76787 0:0 65325
65327 76817 21:0 65335
65334 76819 0:0 65335
65334 76818 21:0 65401
65399 76820 0:0 65401
65403 76850 21:0 65411
65577 75378 1:0 65960
65578 75377 1:0 65968
65587 75376 1:0 65967
65587 75375 1:0 65978
65595 75345 1:0 66091
65606 347 21:0 65620
65614 75343 1:0 66098
65708 75344 1:0 66099
65709 75342 1:0 66109
65709 75312 1:0 66222
65718 75310 1:0 66229
65718 75311 1:0 66230
65726 75309 1:0 66240
65745 75279 1:0 66353
65839 75277 1:0 66360
65840 75278 1:0 66361
65849 75276 1:0 66371
65849 75246 1:0 66484
65855 75245 1:0 66492
65859 75244 1:0 66491
65876 75243 1:0 66502
65970 75213 1:0 66615
65971 75211 1:0 66622
65980 75212 1:0 66623
65980 75210 1:0 66633
65986 75180 1:0 66746
65990 75179 1:0 66754
66019 75178 1:0 66753
66101 75177 1:0 66764
66102 75147 1:0 66877
66111 75145 1:0 66884
66111 75146 1:0 66885
66117 75144 1:0 66895
66122 75114 1:0 67008
66150 75113 1:0 67016
66232 75112 1:0 67015
66233 75111 1:0 67026
66242 75081 1:0 67139
66242 75080 1:0 67147
66248 75079 1:0 67146
66253 75078 1:0 67157
66281 75048 1:0 67270
66363 75046 1:0 67277
66364 75047 1:0 67278
66373 75045 1:0 67288
66373 75015 1:0 67401
66379 75014 1:0 67409
66399 75013 1:0 67408
66453 75012 1:0 67419
66494 74982 1:0 67532
66495 74980 1:0 67539
66504 74981 1:0 67540
66504 74979 1:0 67550
66510 348 1:0 68880
67730 77863 21:0 67738
67737 77864 0:0 67738
67737 77865 21:0 67804
67802 77866 0:0 67804
67806 77896 21:0 67814
67813 77898 0:0 67814
67813 77897 21:0 67880
67878 77899 0:0 67880
67882 77929 21:0 67890
67889 77931 0:0 67890
67889 77930 21:0 67956
67954 77932 0:0 67956
67958 77962 21:0 67966
67965 77964 0:0 67966
67965 77963 21:0 68032
68030 77965 0:0 68032
68034 77995 21:0 68042
68041 77997 0:0 68042
68041 77996 21:0 68108
68106 77998 0:0 68108
68110 78028 21:0 68118
68117 78029 0:0 68118
68117 78030 21:0 68184
68182 78031 0:0 68184
68186 78061 21:0 68194
68193 78062 0:0 68194
68193 78063 21:0 68260
68258 78064 0:0 68260
68262 78094 21:0 68270
68269 78095 0:0 68270
68269 78096 21:0 68336
68334 78097 0:0 68336
68338 78127 0:0 68341
68343 78129 21:0 68401
68345 78128 0:0 68346
68400 78130 0:0 68412
68414 78160 21:0 68422
68421 78161 0:0 68422
68421 78162 21:0 68488
68486 78163 0:0 68488
68490 78193 21:0 68498
68497 78194 0:0 68498
68497 78195 21:0 68564
68562 78196 0:0 68564
68566 78226 0:0 68569
68571 78227 21:0 68629
68573 78228 0:0 68574
68628 78229 0:0 68640
68642 78259 21:0 68650
68649 78260 0:0 68650
68649 78261 21:0 68716
68714 78262 0:0 68716
68892 76850 1:0 69162
68893 76820 1:0 69275
68902 76818 1:0 69282
68902 76819 1:0 69283
68910 76817 1:0 69293
68921 348 21:0 68935
68929 76787 1:0 69406
69023 76785 1:0 69413
69024 76786 1:0 69414
69024 76784 1:0 69424
69033 76754 1:0 69537
69033 76753 1:0 69545
69041 76752 1:0 69544
69060 76751 1:0 69555
69154 76721 1:0 69668
69155 76719 1:0 69675
69164 76720 1:0 69676
69164 76718 1:0 69686
69170 76688 1:0 69799
69174 76686 1:0 69806
69191 76687 1:0 69807
69285 76685 1:0 69817
69286 76655 1:0 69930
69295 76653 1:0 69937
69295 76654 1:0 69938
69301 76652 1:0 69948
69305 76622 1:0 70061
69334 76620 1:0 70068
69416 76621 1:0 70069
69417 76619 1:0 70079
69426 76589 1:0 70192
69426 76587 1:0 70199
69432 76588 1:0 70200
69437 76586 1:0 70210
69465 76556 1:0 70323
69547 76554 1:0 70330
69548 76555 1:0 70331
69557 76553 1:0 70341
69557 76523 1:0 70454
69563 76522 1:0 70462
69568 76521 1:0 70461
69596 76520 1:0 70472
69678 76490 1:0 70585
69679 76489 1:0 70593
69688 76488 1:0 70592
69688 76487 1:0 70603
69694 76457 1:0 70716
69714 76455 1:0 70723
69768 76456 1:0 70724
69809 76454 1:0 70734
69810 76424 1:0 70847
69819 76422 1:0 70854
69819 76423 1:0 70855
69827 76421 1:0 70865
69829 349 1:0 72195
69846 78262 1:0 72590
69940 78261 1:0 72598
69941 78260 1:0 72597
71045 79305 21:0 71053
71052 79307 0:0 71053
71052 79306 21:0 71119
71117 79308 0:0 71119
71121 79338 21:0 71129
71128 79340 0:0 71129
71128 79339 21:0 71195
71193 79341 0:0 71195
71197 79371 21:0 71205
71204 79373 0:0 71205
71204 79372 21:0 71271
71269 79374 0:0 71271
71273 79404 21:0 71281
71280 79406 0:0 71281
71280 79405 21:0 71347
71345 79407 0:0 71347
71349 79437 21:0 71357
71356 79438 0:0 71357
71356 79439 21:0 71423
71421 79440 0:0 71423
71425 79470 21:0 71433
71432 79471 0:0 71433
71432 79472 21:0 71499
71497 79473 0:0 71499
71501 79503 21:0 71509
71508 79505 0:0 71509
71508 79504 21:0 71575
71573 79506 0:0 71575
71577 79536 21:0 71585
71584 79538 0:0 71585
71584 79537 21:0 71651
71649 79539 0:0 71651
71653 79569 21:0 71661
71660 79570 0:0 71661
71660 79571 21:0 71727
71725 79572 0:0 71727
71729 79602 0:0 71732
71734 79604 21:0 71792
71736 79603 0:0 71737
71791 79605 0:0 71803
71805 79635 21:0 71813
71812 79637 0:0 71813
71812 79636 21:0 71879
71877 79638 0:0 71879
71881 79668 21:0 71889
71888 79669 0:0 71889
71888 79670 21:0 71955
71953 79671 0:0 71955
71957 79701 21:0 71965
71964 79702 0:0 71965
71964 79703 21:0 72031
72029 79704 0:0 72031
72033 79734 0:0 72036
72038 79736 21:0 72096
72040 79735 0:0 72041
72095 79737 0:0 72107
72207 78259 1:0 72608
72208 78229 1:0 72721
72217 78227 1:0 72728
72217 78228 1:0 72729
72225 78226 1:0 72739
72236 349 21:0 72250
72244 78196 1:0 72852
72338 78195 1:0 72860
72339 78194 1:0 72859
72339 78193 1:0 72870
72348 78163 1:0 72983
72348 78162 1:0 72991
72356 78161 1:0 72990
72375 78160 1:0 73001
72469 78130 1:0 73114
72470 78129 1:0 73122
72479 78128 1:0 73121
72479 78127 1:0 73132
72485 78097 1:0 73245
72489 78096 1:0 73253
72506 78095 1:0 73252
72600 78094 1:0 73263
72601 78064 1:0 73376
72610 78062 1:0 73383
72610 78063 1:0 73384
72616 78061 1:0 73394
72620 78031 1:0 73507
72649 78030 1:0 73515
72731 78029 1:0 73514
72732 78028 1:0 73525
72741 77998 1:0 73638
72741 77996 1:0 73645
72747 77997 1:0 73646
72752 77995 1:0 73656
72780 77965 1:0 73769
72862 77963 1:0 73776
72863 77964 1:0 73777
72872 77962 1:0 73787
72872 77932 1:0 73900
72878 77930 1:0 73907
72883 77931 1:0 73908
72911 77929 1:0 73918
72993 77899 1:0 74031
72994 77897 1:0 74038
73003 77898 1:0 74039
73003 77896 1:0 74049
73009 77866 1:0 74162
73029 77865 1:0 74170
73083 77864 1:0 74169
73124 77863 1:0 74180
73125 350 1:0 75510
74360 80747 21:0 74368
74367 80748 0:0 74368
74367 80749 21:0 74434
74432 80750 0:0 74434
74436 80780 21:0 74444
74443 80782 0:0 74444
74443 80781 21:0 74510
74508 80783 0:0 74510
74512 80813 21:0 74520
74519 80814 0:0 74520
74519 80815 21:0 74586
74584 80816 0:0 74586
74588 80846 0:0 74591
74593 80848 21:0 74651
74595 80847 0:0 74596
74650 80849 0:0 74662
74664 80879 21:0 74672
74671 80881 0:0 74672
74671 80880 21:0 74738
74736 80882 0:0 74738
74740 80912 21:0 74748
74747 80914 0:0 74748
74747 80913 21:0 74814
74812 80915 0:0 74814
74816 80945 21:0 74824
74823 80947 0:0 74824
74823 80946 21:0 74890
74888 80948 0:0 74890
74892 80978 21:0 74900
74899 80979 0:0 74900
74899 80980 21:0 74966
74964 80981 0:0 74966
74968 81011 21:0 74976
74975 81012 0:0 74976
74975 81013 0:0 74976
74976 81014 21:0 75042
75044 81044 0:0 75047
75049 81045 21:0 75107
75051 81046 0:0 75052
75106 81047 0:0 75118
75120 81077 21:0 75128
75125 81078 0:0 75128
75127 81079 0:0 75128
75128 81080 21:0 75194
75196 81110 0:0 75199
75201 81112 21:0 75259
75203 81111 0:0 75204
75277 81144 21:0 75335
75353 81177 21:0 75411
75522 328 1:0 2725
75523 79737 1:0 75774
75532 79735 1:0 75781
75532 79736 1:0 75782
75538 79734 1:0 75792
75542 79704 1:0 75905
75551 350 21:0 75565
75566 79703 1:0 75913
75653 79702 1:0 75912
75654 79701 1:0 75923
75663 79671 1:0 76036
75663 79670 1:0 76044
75669 79669 1:0 76043
75673 79668 1:0 76054
75702 79638 1:0 76167
75784 79636 1:0 76174
75785 79637 1:0 76175
75794 79635 1:0 76185
75794 79605 1:0 76298
75800 79604 1:0 76306
75805 79603 1:0 76305
75833 79602 1:0 76316
75915 79572 1:0 76429
75916 79571 1:0 76437
75925 79570 1:0 76436
75925 79569 1:0 76447
75931 79539 1:0 76560
75936 79537 1:0 76567
75964 79538 1:0 76568
76046 79536 1:0 76578
76047 79506 1:0 76691
76056 79504 1:0 76698
76056 79505 1:0 76699
76062 79503 1:0 76709
76082 79473 1:0 76822
76136 79472 1:0 76830
76177 79471 1:0 76829
76178 79470 1:0 76840
76187 79440 1:0 76953
76187 79439 1:0 76961
76195 79438 1:0 76960
76213 79437 1:0 76971
76308 79407 1:0 77084
76309 79405 1:0 77091
76309 79406 1:0 77092
76318 79404 1:0 77102
76318 79374 1:0 77215
76326 79372 1:0 77222
76345 79373 1:0 77223
76439 79371 1:0 77233
76440 79341 1:0 77346
76449 79339 1:0 77353
76449 79340 1:0 77354
76455 79338 1:0 77364
76459 79308 1:0 77477
76476 79306 1:0 77484
76488 351 1:0 78825
76570 79307 1:0 77485
76571 79305 1:0 77495
77675 82189 21:0 77683
77682 82190 0:0 77683
77682 82191 21:0 77749
77747 82192 0:0 77749
77751 82222 21:0 77759
77758 82224 0:0 77759
77758 82223 21:0 77825
77823 82225 0:0 77825
77827 82255 21:0 77835
77834 82256 0:0 77835
77834 82257 0:0 77835
77835 82258 21:0 77901
77903 82288 21:0 77911
77910 82290 0:0 77911
77910 82289 21:0 77977
77975 82291 0:0 77977
77979 82321 21:0 77987
77986 82323 0:0 77987
77986 82322 21:0 78053
78051 82324 0:0 78053
78055 82354 21:0 78063
78062 82355 0:0 78063
78062 82356 21:0 78129
78127 82357 0:0 78129
78131 82387 21:0 78139
78138 82388 0:0 78139
78138 82389 0:0 78139
78139 82390 21:0 78205
78207 82420 21:0 78215
78214 82421 0:0 78215
78214 82422 0:0 78215
78215 82423 21:0 78281
78283 82453 0:0 78286
78288 82454 21:0 78346
78290 82455 0:0 78291
78345 82456 0:0 78357
78359 82486 21:0 78367
78366 82488 0:0 78367
78366 82487 21:0 78433
78431 82489 0:0 78433
78435 82519 0:0 78438
78440 82521 21:0 78498
78442 82520 0:0 78443
78497 82522 0:0 78509
78511 82552 0:0 78514
78516 82554 21:0 78574
78518 82553 0:0 78519
78573 82555 0:0 78585
78587 82585 0:0 78590
78592 82587 21:0 78650
78594 82586 0:0 78595
78649 82588 0:0 78661
78663 82618 21:0 78671
78670 82619 0:0 78671
78670 82620 21:0 78737
78735 82621 0:0 78737
78739 82651 21:0 78747
78837 81177 1:0 79096
78838 81144 1:0 79227
78847 81111 1:0 79358
78847 81112 1:0 79359
78853 81110 1:0 79369
78857 81080 1:0 79482
78866 351 21:0 78880
78881 81079 1:0 79490
78968 81078 1:0 79489
78969 81077 1:0 79500
78978 81047 1:0 79613
78978 81045 1:0 79620
78984 81046 1:0 79621
78988 81044 1:0 79631
79017 81014 1:0 79744
79099 81012 1:0 79751
79100 81013 1:0 79752
79109 81011 1:0 79762
79109 80981 1:0 79875
79115 80980 1:0 79883
79120 80979 1:0 79882
79148 80978 1:0 79893
79230 80948 1:0 80006
79231 80946 1:0 80013
79240 80947 1:0 80014
79240 80945 1:0 80024
79246 80915 1:0 80137
79251 80913 1:0 80144
79279 80914 1:0 80145
79361 80912 1:0 80155
79362 80882 1:0 80268
79371 80880 1:0 80275
79371 80881 1:0 80276
79377 80879 1:0 80286
79397 80849 1:0 80399
79451 80848 1:0 80407
79492 80847 1:0 80406
79493 80846 1:0 80417
79502 80816 1:0 80530
79502 80815 1:0 80538
79510 80814 1:0 80537
79528 80813 1:0 80548
79623 80783 1:0 80661
79624 80781 1:0 80668
79624 80782 1:0 80669
79633 80780 1:0 80679
79633 80750 1:0 80792
79641 80749 1:0 80800
79660 80748 1:0 80799
79672 352 1:0 82140
79754 80747 1:0 80810
79755 82651 1:0 82291
79764 82621 1:0 82404
79764 82620 1:0 82412
79770 82619 1:0 82411
79775 82618 1:0 82422
79803 82588 1:0 82535
80990 83631 21:0 80998
80997 83632 0:0 80998
80997 83633 21:0 81064
81062 83634 0:0 81064
81066 83664 21:0 81074
81073 83666 0:0 81074
81073 83665 21:0 81140
81138 83667 0:0 81140
81142 83697 21:0 81150
81149 83699 0:0 81150
81149 83698 21:0 81216
81214 83700 0:0 81216
81218 83730 21:0 81226
81225 83732 0:0 81226
81225 83731 21:0 81292
81290 83733 0:0 81292
81294 83763 21:0 81302
81301 83764 0:0 81302
81301 83765 21:0 81368
81366 83766 0:0 81368
81370 83796 21:0 81378
81377 83798 0:0 81378
81377 83797 21:0 81444
81442 83799 0:0 81444
81446 83829 21:0 81454
81453 83830 0:0 81454
81453 83831 21:0 81520
81518 83832 0:0 81520
81522 83862 21:0 81530
81529 83864 0:0 81530
81529 83863 0:0 81530
81530 83865 21:0 81596
81598 83895 0:0 81601
81603 83896 21:0 81661
81605 83897 0:0 81606
81660 83898 0:0 81672
81674 83928 21:0 81682
81679 83929 0:0 81682
81679 83930 0:0 81682
81682 83931 21:0 81748
81750 83961 0:0 81753
81755 83962 21:0 81813
81757 83963 0:0 81758
81812 83964 0:0 81824
81826 83994 21:0 81834
81833 83995 0:0 81834
81833 83996 0:0 81834
81834 83997 21:0 81900
81902 84027 21:0 81910
81909 84029 0:0 81910
81909 84028 0:0 81910
81910 84030 21:0 81976
81978 84060 0:0 81981
81983 84062 21:0 82041
81985 84061 0:0 81986
82152 82587 1:0 82543
82153 82586 1:0 82542
82162 82585 1:0 82553
82162 82555 1:0 82666
82168 82554 1:0 82674
82172 82553 1:0 82673
82181 352 21:0 82195
82196 82552 1:0 82684
82283 82522 1:0 82797
82284 82521 1:0 82805
82293 82520 1:0 82804
82293 82519 1:0 82815
82299 82489 1:0 82928
82303 82487 1:0 82935
82332 82488 1:0 82936
82414 82486 1:0 82946
82415 82456 1:0 83059
82424 82454 1:0 83066
82424 82455 1:0 83067
82430 82453 1:0 83077
82435 82423 1:0 83190
82463 82422 1:0 83198
82545 82421 1:0 83197
82546 82420 1:0 83208
82555 82390 1:0 83321
82555 82388 1:0 83328
82561 82389 1:0 83329
82566 82387 1:0 83339
82594 82357 1:0 83452
82676 82356 1:0 83460
82677 82355 1:0 83459
82686 82354 1:0 83470
82686 82324 1:0 83583
82692 82322 1:0 83590
82712 82323 1:0 83591
82766 82321 1:0 83601
82807 82291 1:0 83714
82808 82289 1:0 83721
82817 82290 1:0 83722
82817 82288 1:0 83732
82825 82258 1:0 83845
82843 82256 1:0 83852
82938 82257 1:0 83853
82939 82255 1:0 83863
82939 82225 1:0 83976
82948 82223 1:0 83983
82948 82224 1:0 83984
82956 82222 1:0 83994
82975 82192 1:0 84107
82987 353 1:0 85455
83069 82191 1:0 84115
83070 82190 1:0 84114
83079 82189 1:0 84125
83079 84062 1:0 85727
83085 84061 1:0 85726
84305 85073 21:0 84313
84312 85074 0:0 84313
84312 85075 21:0 84379
84377 85076 0:0 84379
84381 85106 21:0 84389
84388 85108 0:0 84389
84388 85107 21:0 84455
84453 85109 0:0 84455
84457 85139 21:0 84465
84464 85140 0:0 84465
84464 85141 21:0 84531
84529 85142 0:0 84531
84533 85172 21:0 84541
84540 85173 0:0 84541
84540 85174 0:0 84541
84541 85175 21:0 84607
84609 85205 21:0 84617
84616 85206 0:0 84617
84616 85207 21:0 84683
84681 85208 0:0 84683
84685 85238 21:0 84693
84692 85240 0:0 84693
84692 85239 21:0 84759
84757 85241 0:0 84759
84761 85271 21:0 84769
84768 85273 0:0 84769
84768 85272 21:0 84835
84833 85274 0:0 84835
84837 85304 21:0 84845
84844 85305 0:0 84845
84844 85306 21:0 84911
84909 85307 0:0 84911
84913 85337 0:0 84916
84918 85339 21:0 84976
84920 85338 0:0 84921
84975 85340 0:0 84987
84989 85370 21:0 84997
84996 85372 0:0 84997
84996 85371 21:0 85063
85061 85373 0:0 85063
85065 85403 21:0 85073
85072 85405 0:0 85073
85072 85404 21:0 85139
85137 85406 0:0 85139
85141 85436 21:0 85149
85146 85437 0:0 85149
85148 85438 0:0 85149
85149 85439 21:0 85215
85217 85469 0:0 85220
85222 85471 21:0 85280
85224 85470 0:0 85225
85279 85472 0:0 85291
85293 85502 21:0 85301
85467 84060 1:0 85737
85468 84030 1:0 85850
85477 84028 1:0 85857
85477 84029 1:0 85858
85483 84027 1:0 85868
85487 83997 1:0 85981
85496 353 21:0 85510
85511 83995 1:0 85988
85598 83996 1:0 85989
85599 83994 1:0 85999
85608 83964 1:0 86112
85608 83962 1:0 86119
85614 83963 1:0 86120
85618 83961 1:0 86130
85647 83931 1:0 86243
85729 83929 1:0 86250
85730 83930 1:0 86251
85739 83928 1:0 86261
85739 83898 1:0 86374
85745 83896 1:0 86381
85750 83897 1:0 86382
85778 83895 1:0 86392
85860 83865 1:0 86505
85861 83863 1:0 86512
85870 83864 1:0 86513
85870 83862 1:0 86523
85876 83832 1:0 86636
85881 83831 1:0 86644
85909 83830 1:0 86643
85991 83829 1:0 86654
85992 83799 1:0 86767
86001 83797 1:0 86774
86001 83798 1:0 86775
86007 83796 1:0 86785
86027 83766 1:0 86898
86081 83765 1:0 86906
86122 83764 1:0 86905
86123 83763 1:0 86916
86132 83733 1:0 87029
86132 83731 1:0 87036
86140 83732 1:0 87037
86158 83730 1:0 87047
86253 83700 1:0 87160
86254 83698 1:0 87167
86254 83699 1:0 87168
86263 83697 1:0 87178
86263 83667 1:0 87291
86271 83665 1:0 87298
86290 83666 1:0 87299
86302 354 1:0 88770
86384 83664 1:0 87309
86385 83634 1:0 87422
86394 83632 1:0 87429
86394 83633 1:0 87430
86400 83631 1:0 87440
87620 86515 21:0 87628
87627 86516 0:0 87628
87627 86517 21:0 87694
87692 86518 0:0 87694
87696 86548 21:0 87704
87703 86549 0:0 87704
87703 86550 21:0 87770
87768 86551 0:0 87770
87772 86581 21:0 87780
87779 86582 0:0 87780
87779 86583 21:0 87846
87844 86584 0:0 87846
87848 86614 21:0 87856
87855 86616 0:0 87856
87855 86615 21:0 87922
87920 86617 0:0 87922
87924 86647 21:0 87932
87931 86648 0:0 87932
87931 86649 21:0 87998
87996 86650 0:0 87998
88000 86680 21:0 88008
88007 86681 0:0 88008
88007 86682 21:0 88074
88072 86683 0:0 88074
88076 86713 21:0 88084
88083 86714 0:0 88084
88083 86715 21:0 88150
88148 86716 0:0 88150
88152 86746 21:0 88160
88159 86748 0:0 88160
88159 86747 21:0 88226
88224 86749 0:0 88226
88228 86779 0:0 88231
88233 86780 21:0 88291
88235 86781 0:0 88236
88290 86782 0:0 88302
88304 86812 0:0 88307
88309 86814 21:0 88367
88311 86813 0:0 88312
88366 86815 0:0 88378
88380 86845 21:0 88388
88387 86847 0:0 88388
88387 86846 21:0 88454
88452 86848 0:0 88454
88456 86878 21:0 88464
88463 86879 0:0 88464
88464 86881 21:0 88530
88537 86912 0:0 88540
88540 86914 21:0 88606
88608 86944 21:0 88616
88615 86946 0:0 88616
88615 86945 21:0 88682
88684 86977 21:0 88692
88782 85502 1:0 89052
88783 85472 1:0 89165
88792 85470 1:0 89172
88792 85471 1:0 89173
88798 85469 1:0 89183
88802 85439 1:0 89296
88811 354 21:0 88825
88826 85437 1:0 89303
88913 85438 1:0 89304
88914 85436 1:0 89314
88923 85406 1:0 89427
88923 85404 1:0 89434
88929 85405 1:0 89435
88933 85403 1:0 89445
88962 85373 1:0 89558
89044 85371 1:0 89565
89045 85372 1:0 89566
89054 85370 1:0 89576
89054 85340 1:0 89689
89060 85339 1:0 89697
89065 85338 1:0 89696
89093 85337 1:0 89707
89175 85307 1:0 89820
89176 85306 1:0 89828
89185 85305 1:0 89827
89185 85304 1:0 89838
89191 85274 1:0 89951
89196 85272 1:0 89958
89224 85273 1:0 89959
89306 85271 1:0 89969
89307 85241 1:0 90082
89316 85239 1:0 90089
89316 85240 1:0 90090
89322 85238 1:0 90100
89342 85208 1:0 90213
89396 85207 1:0 90221
89437 85206 1:0 90220
89438 85205 1:0 90231
89447 85175 1:0 90344
89447 85174 1:0 90352
89455 85173 1:0 90351
89473 85172 1:0 90362
89568 85142 1:0 90475
89569 85140 1:0 90482
89569 85141 1:0 90483
89578 85139 1:0 90493
89578 85109 1:0 90606
89586 85107 1:0 90613
89605 85108 1:0 90614
89617 355 1:0 92085
89699 85106 1:0 90624
89700 85076 1:0 90737
89709 85074 1:0 90744
89709 85075 1:0 90745
89715 85073 1:0 90755
89720 86977 1:0 92236
89748 86945 1:0 92356
89830 86946 1:0 92357
90935 87957 21:0 90943
90942 87958 0:0 90943
90942 87959 21:0 91009
91007 87960 0:0 91009
91011 87990 21:0 91019
91018 87991 0:0 91019
91018 87992 21:0 91085
91083 87993 0:0 91085
91087 88023 21:0 91095
91094 88025 0:0 91095
91094 88024 0:0 91095
91095 88026 21:0 91161
91163 88056 21:0 91171
91170 88057 0:0 91171
91170 88058 21:0 91237
91235 88059 0:0 91237
91239 88089 21:0 91247
91246 88090 0:0 91247
91246 88091 21:0 91313
91311 88092 0:0 91313
91315 88122 21:0 91323
91322 88123 0:0 91323
91322 88124 0:0 91323
91323 88125 21:0 91389
91391 88155 21:0 91399
91398 88157 0:0 91399
91398 88156 21:0 91465
91463 88158 0:0 91465
91467 88188 21:0 91475
91474 88189 0:0 91475
91474 88190 21:0 91541
91539 88191 0:0 91541
91543 88221 0:0 91546
91548 88222 21:0 91606
91550 88223 0:0 91551
91605 88224 0:0 91617
91619 88254 21:0 91627
91626 88256 0:0 91627
91626 88255 21:0 91693
91691 88257 0:0 91693
91695 88287 21:0 91703
91702 88289 0:0 91703
91702 88288 0:0 91703
91703 88290 21:0 91769
91771 88320 0:0 91774
91776 88322 21:0 91834
91778 88321 0:0 91779
91833 88323 0:0 91845
91847 88353 21:0 91855
91854 88355 0:0 91855
91854 88354 0:0 91855
91855 88356 21:0 91921
91923 88386 21:0 91931
91930 88388 0:0 91931
91930 88387 21:0 91997
91995 88389 0:0 91997
92097 86944 1:0 92367
92098 86914 1:0 92480
92107 86912 1:0 92487
92107 86881 1:0 92611
92113 86879 1:0 92618
92117 86878 1:0 92629
92126 355 21:0 92140
92141 86848 1:0 92742
92228 86846 1:0 92749
92229 86847 1:0 92750
92238 86845 1:0 92760
92238 86815 1:0 92873
92244 86814 1:0 92881
92248 86813 1:0 92880
92277 86812 1:0 92891
92359 86782 1:0 93004
92360 86780 1:0 93011
92369 86781 1:0 93012
92369 86779 1:0 93022
92375 86749 1:0 93135
92380 86747 1:0 93142
92408 86748 1:0 93143
92490 86746 1:0 93153
92491 86716 1:0 93266
92500 86714 1:0 93273
92500 86715 1:0 93274
92506 86713 1:0 93284
92511 86683 1:0 93397
92539 86682 1:0 93405
92621 86681 1:0 93404
92622 86680 1:0 93415
92631 86650 1:0 93528
92631 86649 1:0 93536
92637 86648 1:0 93535
92657 86647 1:0 93546
92711 86617 1:0 93659
92752 86615 1:0 93666
92753 86616 1:0 93667
92762 86614 1:0 93677
92762 86584 1:0 93790
92770 86583 1:0 93798
92788 86582 1:0 93797
92883 86581 1:0 93808
92884 86551 1:0 93921
92884 86550 1:0 93929
92893 86549 1:0 93928
92893 86548 1:0 93939
92901 86518 1:0 94052
92920 86517 1:0 94060
92932 356 1:0 95400
93014 86516 1:0 94059
93015 86515 1:0 94070
93024 88389 1:0 95664
94250 89399 21:0 94258
94257 89400 0:0 94258
94257 89401 21:0 94324
94322 89402 0:0 94324
94326 89432 21:0 94334
94333 89434 0:0 94334
94333 89433 21:0 94400
94398 89435 0:0 94400
94402 89465 21:0 94410
94409 89467 0:0 94410
94409 89466 21:0 94476
94474 89468 0:0 94476
94478 89498 21:0 94486
94485 89500 0:0 94486
94485 89499 21:0 94552
94550 89501 0:0 94552
94554 89531 21:0 94562
94561 89533 0:0 94562
94561 89532 21:0 94628
94626 89534 0:0 94628
94630 89564 21:0 94638
94637 89566 0:0 94638
94637 89565 21:0 94704
94702 89567 0:0 94704
94706 89597 21:0 94714
94713 89599 0:0 94714
94713 89598 21:0 94780
94778 89600 0:0 94780
94782 89630 21:0 94790
94789 89631 0:0 94790
94789 89632 21:0 94856
94854 89633 0:0 94856
94858 89663 0:0 94861
94863 89665 21:0 94921
94865 89664 0:0 94866
94920 89666 0:0 94932
94934 89696 21:0 94942
94941 89697 0:0 94942
94941 89698 0:0 94942
94942 89699 21:0 95008
95010 89729 21:0 95018
95017 89730 0:0 95018
95017 89731 21:0 95084
95082 89732 0:0 95084
95091 89764 21:0 95149
95148 89765 0:0 95160
95162 89795 21:0 95170
95238 89828 0:0 95241
95243 89830 21:0 95301
95245 89829 0:0 95246
95300 89831 0:0 95312
95412 88387 1:0 95671
95413 88388 1:0 95672
95422 88386 1:0 95682
95422 88356 1:0 95795
95428 88354 1:0 95802
95432 88355 1:0 95803
95441 356 21:0 95455
95456 88353 1:0 95813
95543 88323 1:0 95926
95544 88322 1:0 95934
95553 88321 1:0 95933
95553 88320 1:0 95944
95559 88290 1:0 96057
95563 88289 1:0 96065
95592 88288 1:0 96064
95674 88287 1:0 96075
95675 88257 1:0 96188
95684 88255 1:0 96195
95684 88256 1:0 96196
95690 88254 1:0 96206
95695 88224 1:0 96319
95723 88222 1:0 96326
95805 88223 1:0 96327
95806 88221 1:0 96337
95815 88191 1:0 96450
95815 88190 1:0 96458
95821 88189 1:0 96457
95826 88188 1:0 96468
95854 88158 1:0 96581
95936 88156 1:0 96588
95937 88157 1:0 96589
95946 88155 1:0 96599
95946 88125 1:0 96712
95952 88123 1:0 96719
95972 88124 1:0 96720
96026 88122 1:0 96730
96067 88092 1:0 96843
96068 88091 1:0 96851
96077 88090 1:0 96850
96077 88089 1:0 96861
96085 88059 1:0 96974
96103 88058 1:0 96982
96198 88057 1:0 96981
96199 88056 1:0 96992
96199 88026 1:0 97105
96208 88024 1:0 97112
96208 88025 1:0 97113
96216 88023 1:0 97123
96235 87993 1:0 97236
96329 87992 1:0 97244
96330 87991 1:0 97243
96339 87990 1:0 97254
96339 87960 1:0 97367
96345 87959 1:0 97375
96349 87958 1:0 97374
96366 87957 1:0 97385
96378 357 1:0 98715
97565 90841 21:0 97573
97572 90842 0:0 97573
97572 90843 21:0 97639
97637 90844 0:0 97639
97641 90874 21:0 97649
97648 90875 0:0 97649
97648 90876 21:0 97715
97713 90877 0:0 97715
97717 90907 21:0 97725
97724 90908 0:0 97725
97724 90909 21:0 97791
97789 90910 0:0 97791
97793 90940 21:0 97801
97800 90941 0:0 97801
97800 90942 21:0 97867
97865 90943 0:0 97867
97869 90973 21:0 97877
97876 90974 0:0 97877
97876 90975 21:0 97943
97941 90976 0:0 97943
97945 91006 21:0 97953
97952 91007 0:0 97953
97952 91008 21:0 98019
98017 91009 0:0 98019
98021 91039 21:0 98029
98028 91040 0:0 98029
98028 91041 21:0 98095
98093 91042 0:0 98095
98097 91072 21:0 98105
98104 91073 0:0 98105
98104 91074 0:0 98105
98105 91075 21:0 98171
98173 91105 21:0 98181
98180 91106 0:0 98181
98180 91107 21:0 98247
98245 91108 0:0 98247
98249 91138 21:0 98257
98256 91139 0:0 98257
98256 91140 21:0 98323
98321 91141 0:0 98323
98325 91171 21:0 98333
98332 91172 0:0 98333
98332 91173 21:0 98399
98397 91174 0:0 98399
98401 91204 21:0 98409
98408 91206 0:0 98409
98408 91205 21:0 98475
98473 91207 0:0 98475
98477 91237 21:0 98485
98484 91238 0:0 98485
98484 91239 21:0 98551
98549 91240 0:0 98551
98553 91270 21:0 98561
98560 91272 0:0 98561
98560 91271 21:0 98627
98727 89831 1:0 98979
98728 89830 1:0 98987
98737 89829 1:0 98986
98737 89828 1:0 98997
98743 89795 1:0 99128
98747 89765 1:0 99241
98756 357 21:0 98770
98771 89764 1:0 99249
98858 89732 1:0 99372
98859 89731 1:0 99380
98868 89730 1:0 99379
98868 89729 1:0 99390
98874 89699 1:0 99503
98878 89698 1:0 99511
98907 89697 1:0 99510
98989 89696 1:0 99521
98990 89666 1:0 99634
98999 89664 1:0 99641
98999 89665 1:0 99642
99005 89663 1:0 99652
99010 89633 1:0 99765
99038 89632 1:0 99773
99120 89631 1:0 99772
99121 89630 1:0 99783
99130 89600 1:0 99896
99130 89598 1:0 99903
99136 89599 1:0 99904
99141 89597 1:0 99914
99169 89567 1:0 100027
99251 89565 1:0 100034
99252 89566 1:0 100035
99261 89564 1:0 100045
99261 89534 1:0 100158
99267 89532 1:0 100165
99287 89533 1:0 100166
99341 89531 1:0 100176
99382 89501 1:0 100289
99383 89499 1:0 100296
99392 89500 1:0 100297
99392 89498 1:0 100307
99400 89468 1:0 100420
99418 89466 1:0 100427
99513 89467 1:0 100428
99514 89465 1:0 100438
99514 89435 1:0 100551
99523 89433 1:0 100558
99523 89434 1:0 100559
99531 89432 1:0 100569
99550 89402 1:0 100682
99562 358 1:0 102030
99644 89401 1:0 100690
99645 89400 1:0 100689
99654 89399 1:0 100700
100880 92283 21:0 100888
100887 92285 0:0 100888
100887 92284 0:0 100888
100888 92286 21:0 100954
100956 92316 21:0 100964
100963 92318 0:0 100964
100963 92317 0:0 100964
100964 92319 21:0 101030
101032 92349 0:0 101035
101037 92350 21:0 101095
101039 92351 0:0 101040
101094 92352 0:0 101106
101108 92382 21:0 101116
101115 92383 0:0 101116
101115 92384 21:0 101182
101180 92385 0:0 101182
101184 92415 0:0 101187
101189 92417 21:0 101247
101191 92416 0:0 101192
101246 92418 0:0 101258
101260 92448 21:0 101268
101267 92449 0:0 101268
101267 92450 0:0 101268
101268 92451 21:0 101334
101336 92481 21:0 101344
101343 92483 0:0 101344
101343 92482 21:0 101410
101408 92484 0:0 101410
101412 92514 21:0 101420
101419 92516 0:0 101420
101419 92515 21:0 101486
101484 92517 0:0 101486
101488 92547 0:0 101491
101493 92549 21:0 101551
101495 92548 0:0 101496
101550 92550 0:0 101562
101564 92580 0:0 101567
101569 92581 21:0 101627
101571 92582 0:0 101572
101626 92583 0:0 101638
101640 92613 0:0 101643
101645 92614 21:0 101703
101647 92615 0:0 101648
101702 92616 0:0 101714
101716 92646 21:0 101724
101723 92647 0:0 101724
101723 92648 21:0 101790
101788 92649 0:0 101790
101797 92681 21:0 101855
101799 92680 0:0 101800
101873 92713 21:0 101931
102042 91271 1:0 102301
102043 91272 1:0 102302
102052 91270 1:0 102312
102052 91240 1:0 102425
102058 91239 1:0 102433
102062 91238 1:0 102432
102071 358 21:0 102085
102086 91237 1:0 102443
102173 91207 1:0 102556
102174 91205 1:0 102563
102183 91206 1:0 102564
102183 91204 1:0 102574
102189 91174 1:0 102687
102193 91173 1:0 102695
102222 91172 1:0 102694
102304 91171 1:0 102705
102305 91141 1:0 102818
102314 91139 1:0 102825
102314 91140 1:0 102826
102320 91138 1:0 102836
102325 91108 1:0 102949
102353 91107 1:0 102957
102435 91106 1:0 102956
102436 91105 1:0 102967
102445 91075 1:0 103080
102445 91073 1:0 103087
102451 91074 1:0 103088
102456 91072 1:0 103098
102484 91042 1:0 103211
102566 91041 1:0 103219
102567 91040 1:0 103218
102576 91039 1:0 103229
102576 91009 1:0 103342
102582 91008 1:0 103350
102602 91007 1:0 103349
102656 91006 1:0 103360
102697 90976 1:0 103473
102698 90975 1:0 103481
102707 90974 1:0 103480
102707 90973 1:0 103491
102715 90943 1:0 103604
102733 90942 1:0 103612
102828 90941 1:0 103611
102829 90940 1:0 103622
102829 90910 1:0 103735
102838 90908 1:0 103742
102838 90909 1:0 103743
102846 90907 1:0 103753
102865 90877 1:0 103866
102959 90876 1:0 103874
102960 90875 1:0 103873
102969 90874 1:0 103884
102969 90844 1:0 103997
102975 90843 1:0 104005
102979 90842 1:0 104004
102996 90841 1:0 104015
103008 359 1:0 104128
103008 46018 1:0 104261
103049 46019 1:0 104262
103090 46030 1:0 104235
103090 46026 1:0 104301
103091 46024 1:0 104291
103091 46027 1:0 104302
103091 46028 1:0 104311
103100 46025 1:0 104292
103100 46029 1:0 104312
103100 46031 1:0 104322
103100 46173 1:0 104488
103100 46171 1:0 104512
103106 92713 1:0 104456
103110 46174 1:0 104488
103126 46176 1:0 104488
103127 46165 1:0 104482
103127 46166 1:0 104483
103139 46175 1:0 104488
103180 46172 1:0 104488
103221 46178 1:0 104488
103221 46177 1:0 104488
103222 92681 1:0 104664
103222 46169 1:0 104488
103222 46318 1:0 104679
103231 46324 1:0 104678
103231 46313 1:0 104678
103231 46319 1:0 104678
103231 46325 1:0 104678
103231 46312 1:0 104679
103231 46321 1:0 104744
103237 46320 1:0 104678
103239 46322 1:0 104678
103242 46323 1:0 104678
103257 46460 1:0 104899
103270 92680 1:0 104800
103352 92648 1:0 104885
103353 92649 1:0 104817
103353 46459 1:0 104900
103353 46465 1:0 104900
103362 46469 1:0 104899
103362 46471 1:0 104899
103362 46468 1:0 104899
103362 46467 1:0 104964
103368 46472 1:0 104899
103368 46466 1:0 104899
103372 46470 1:0 104899
103388 46618 1:0 105205
103401 92647 1:0 105021
103442 46610 1:0 105121
103483 92646 1:0 105032
103484 92614 1:0 105116
103484 46606 1:0 105121
103493 92616 1:0 105117
103493 46619 1:0 105121
103493 46614 1:0 105121
103499 46613 1:0 105120
103499 46616 1:0 105121
103499 46612 1:0 105121
103503 46615 1:0 105120
103519 46617 1:0 105120
103520 46607 1:0 105120
103614 92615 1:0 105243
103615 92613 1:0 105253
103615 92581 1:0 105337
103624 92583 1:0 105338
103624 46762 1:0 105341
103624 46765 1:0 105426
103630 46763 1:0 105342
103632 46761 1:0 105342
103635 46764 1:0 105341
103650 46758 1:0 105341
103651 46766 1:0 105342
103663 46760 1:0 105341
103663 46754 1:0 105341
103663 46753 1:0 105342
103663 46759 1:0 105342
103704 46905 1:0 105562
103745 92582 1:0 105464
103746 92580 1:0 105474
103746 46907 1:0 105562
103755 92549 1:0 105558
103755 92550 1:0 105559
103761 46900 1:0 105563
103761 46906 1:0 105563
103761 46913 1:0 105648
103765 46912 1:0 105563
103781 46911 1:0 105562
103782 46901 1:0 105562
103794 46910 1:0 105563
103876 46909 1:0 105562
103876 46908 1:0 105563
103877 92548 1:0 105684
103886 92547 1:0 105695
103886 92515 1:0 105779
103892 92517 1:0 105780
103894 47059 1:0 105868
103896 47050 1:0 105783
103896 47047 1:0 105784
103912 47055 1:0 105784
103913 47054 1:0 105783
103913 47053 1:0 105784
103925 47048 1:0 105783
103925 47056 1:0 105783
104007 47058 1:0 105783
104007 47057 1:0 105784
104008 47060 1:0 105784
104017 92516 1:0 105906
104017 92514 1:0 105916
104023 92482 1:0 105993
104027 92484 1:0 105922
104028 47197 1:0 106004
104028 47198 1:0 106005
104043 47205 1:0 106080
104044 47201 1:0 106004
104056 47207 1:0 106004
104097 47206 1:0 106004
104140 47195 1:0 106004
104140 47200 1:0 106005
104140 47194 1:0 106005
104140 47202 1:0 106005
104141 47203 1:0 106004
104141 47204 1:0 106004
104150 92483 1:0 106127
104150 92481 1:0 106137
104156 92451 1:0 106211
104160 47349 1:0 106290
104169 359 21:0 104183
104176 47344 1:0 106225
104176 47346 1:0 106225
104176 47341 1:0 106226
104177 47342 1:0 106225
104184 47350 1:0 106225
104189 47354 1:0 106225
104230 47353 1:0 106225
104238 47348 1:0 106225
104258 47352 1:0 106225
104259 47351 1:0 106225
104259 47347 1:0 106226
104260 47489 1:0 106446
104271 46018 21:0 104327
104319 92449 1:0 106347
104326 46025 0:0 104340
104327 46019 0:0 104344
104327 46024 0:0 104344
104331 46030 21:0 104353
104331 92450 1:0 106348
104352 46027 0:0 104353
104352 46028 0:0 104353
104352 46029 0:0 104353
104352 46031 0:0 104353
104352 46026 0:0 104353
104354 92448 1:0 106358
104354 47501 1:0 106532
104361 92417 1:0 106442
104362 92418 1:0 106443
104362 47495 1:0 106446
104362 47488 1:0 106447
104371 47499 1:0 106446
104371 47497 1:0 106446
104371 47496 1:0 106447
104371 47498 1:0 106447
104377 47494 1:0 106447
104377 47500 1:0 106447
104397 92416 1:0 106568
104451 92415 1:0 106579
104479 92385 1:0 106585
104489 46166 0:0 104513
104490 92384 1:0 106656
104492 46165 0:0 104518
104500 47636 1:0 106667
104522 46171 21:0 104573
104530 47645 1:0 106742
104540 47646 1:0 106667
104550 47647 1:0 106667
104572 46177 0:0 104574
104572 46175 0:0 104574
104573 46169 0:0 104574
104573 46174 0:0 104574
104573 46176 0:0 104574
104573 46178 0:0 104574
104573 46173 0:0 104574
104573 46172 0:0 104574
104574 47635 1:0 106668
104575 47642 1:0 106667
104575 47644 1:0 106667
104575 47648 1:0 106667
104575 47643 1:0 106668
104575 47932 1:0 107109
104582 47641 1:0 106668
104583 92383 1:0 106789
104583 92382 1:0 106800
104592 92352 1:0 106806
104592 92350 1:0 106874
104598 47790 1:0 106953
104600 47793 1:0 106888
104602 47783 1:0 106888
104602 47788 1:0 106889
104618 47795 1:0 106888
104619 47789 1:0 106888
104619 47782 1:0 106889
104631 47794 1:0 106888
104672 47792 1:0 106888
104685 47791 1:0 106888
104702 92351 1:0 107011
104750 46321 21:0 104795
104761 92349 1:0 107021
104771 47937 1:0 107174
104793 46322 0:0 104795
104793 46320 0:0 104795
104793 46324 0:0 104795
104794 46319 0:0 104795
104794 46313 0:0 104795
104794 46323 0:0 104795
104794 46325 0:0 104795
104794 46318 0:0 104795
104794 46312 0:0 104795
104796 92319 1:0 107095
104796 47936 1:0 107109
104796 47930 1:0 107109
104796 47929 1:0 107110
104796 47935 1:0 107110
104796 47942 1:0 107110
104803 47940 1:0 107110
104803 47941 1:0 107110
104804 47938 1:0 107110
104804 47939 1:0 107110
104813 92317 1:0 107231
104813 92318 1:0 107232
104821 92316 1:0 107242
104839 92286 1:0 107326
104840 48077 1:0 107330
104840 48076 1:0 107331
104852 48089 1:0 107416
104893 48084 1:0 107331
104901 48083 1:0 107330
104921 48085 1:0 107330
104922 48086 1:0 107331
104922 48082 1:0 107331
104923 48226 1:0 107551
104972 48087 1:0 107330
104974 46467 21:0 105016
104982 48088 1:0 107331
104992 48236 1:0 107637
105014 46469 0:0 105016
105015 46465 0:0 105016
105015 46459 0:0 105016
105015 46460 0:0 105016
105015 46471 0:0 105016
105015 46468 0:0 105016
105015 46472 0:0 105016
105015 46466 0:0 105016
105015 46470 0:0 105016
105017 92284 1:0 107452
105017 92285 1:0 107453
105017 48230 1:0 107551
105024 92283 1:0 107463
105025 48323 1:0 107676
105025 48232 1:0 107551
105025 48231 1:0 107552
105025 48223 1:0 107552
105034 48224 1:0 107551
105034 48234 1:0 107551
105034 48235 1:0 107552
105034 48229 1:0 107552
105034 48233 1:0 107552
105034 48324 1:0 107677
105215 46618 21:0 105237
105236 46607 0:0 105237
105236 46619 0:0 105237
105236 46612 0:0 105237
105236 46613 0:0 105237
105236 46610 0:0 105237
105236 46617 0:0 105237
105236 46615 0:0 105237
105236 46614 0:0 105237
105236 46616 0:0 105237
105236 46606 0:0 105237
105436 46765 21:0 105458
105456 46763 0:0 105458
105457 46754 0:0 105458
105457 46760 0:0 105458
105457 46759 0:0 105458
105457 46753 0:0 105458
105457 46762 0:0 105458
105457 46761 0:0 105458
105457 46766 0:0 105458
105457 46764 0:0 105458
105457 46758 0:0 105458
105654 46913 21:0 105679
105677 46911 0:0 105679
105677 46910 0:0 105679
105677 46909 0:0 105679
105677 46912 0:0 105679
105678 46908 0:0 105679
105678 46901 0:0 105679
105678 46907 0:0 105679
105678 46905 0:0 105679
105678 46906 0:0 105679
105678 46900 0:0 105679
105878 47059 21:0 105900
105899 47058 0:0 105900
105899 47050 0:0 105900
105899 47056 0:0 105900
105899 47060 0:0 105900
105899 47055 0:0 105900
105899 47047 0:0 105900
105899 47054 0:0 105900
105899 47053 0:0 105900
105899 47048 0:0 105900
105899 47057 0:0 105900
106086 47205 21:0 106121
106119 47203 0:0 106121
106119 47204 0:0 106121
106119 47202 0:0 106121
106119 47206 0:0 106121
106120 47197 0:0 106121
106120 47201 0:0 106121
106120 47207 0:0 106121
106120 47195 0:0 106121
106120 47200 0:0 106121
106120 47194 0:0 106121
106120 47198 0:0 106121
106300 47349 21:0 106342
106340 47353 0:0 106342
106341 47351 0:0 106342
106341 47352 0:0 106342
106341 47354 0:0 106342
106341 47350 0:0 106342
106341 47344 0:0 106342
106341 47347 0:0 106342
106341 47341 0:0 106342
106341 47348 0:0 106342
106341 47342 0:0 106342
106341 47346 0:0 106342
106538 47501 21:0 106563
106561 47497 0:0 106563
106561 47498 0:0 106563
106561 47499 0:0 106563
106561 47500 0:0 106563
106562 47496 0:0 106563
106562 47495 0:0 106563
106562 47494 0:0 106563
106562 47489 0:0 106563
106562 47488 0:0 106563
106752 47645 21:0 106784
106782 47647 0:0 106784
106783 47648 0:0 106784
106783 47643 0:0 106784
106783 47635 0:0 106784
106783 47641 0:0 106784
106783 47644 0:0 106784
106783 47636 0:0 106784
106783 47646 0:0 106784
106783 47642 0:0 106784
106963 47790 21:0 107005
107003 47792 0:0 107005
107003 47794 0:0 107005
107004 47788 0:0 107005
107004 47783 0:0 107005
107004 47793 0:0 107005
107004 47782 0:0 107005
107004 47789 0:0 107005
107004 47791 0:0 107005
107004 47795 0:0 107005
107184 47937 21:0 107226
107224 47941 0:0 107226
107224 47939 0:0 107226
107225 47938 0:0 107226
107225 47930 0:0 107226
107225 47932 0:0 107226
107225 47929 0:0 107226
107225 47935 0:0 107226
107225 47940 0:0 107226
107225 47942 0:0 107226
107225 47936 0:0 107226
107422 48089 21:0 107447
107445 48088 0:0 107447
107445 48087 0:0 107447
107445 48086 0:0 107447
107445 48085 0:0 107447
107446 48082 0:0 107447
107446 48083 0:0 107447
107446 48077 0:0 107447
107446 48084 0:0 107447
107446 48076 0:0 107447
107643 48236 21:0 304
