49 7909 0:0 51
49 7815 0:0 51
49 7818 0:0 51
50 7908 0:0 51
50 7814 0:0 51
50 7816 0:0 51
50 7806 0:0 51
1273 8473 21:0 1283
3394 9469 21:0 3402
3622 9568 21:0 3630
3629 9569 0:0 3630
3629 9570 21:0 3680
3774 9634 0:0 3777
3779 9636 21:0 3796
3931 9702 21:0 3948
4390 9901 21:0 4456
4527 9901 1:0 4648
4528 9702 1:0 5442
4537 9636 1:0 5704
4537 9634 1:0 5714
4543 9570 1:0 5966
4548 9569 1:0 5965
4576 9568 1:0 5976
4658 9469 1:0 6369
6834 10974 21:0 6851
6905 11006 0:0 6908
6910 11008 21:0 6927
6986 11041 21:0 7003
7057 11072 21:0 7065
7141 11108 21:0 7207
7445 11240 21:0 7511
7749 11372 21:0 7815
7886 11372 1:0 8007
7887 11240 1:0 8531
7896 11108 1:0 9055
7896 11072 1:0 9204
7902 11041 1:0 9325
7922 11008 1:0 9456
7935 11006 1:0 9466
8017 10974 1:0 9586
10120 12414 21:0 10186
10340 12510 21:0 10348
10492 12576 21:0 10500
10499 12578 21:0 10550
10573 12610 21:0 10590
10649 12644 21:0 10666
10804 12711 21:0 10870
10956 12777 21:0 11022
11255 5611 1:0 11426
11255 5756 1:0 11569
11256 5759 1:0 11569
11256 5754 1:0 11627
11256 5758 1:0 11647
11265 12777 1:0 11792
11265 5903 1:0 11720
11265 5905 1:0 11720
11271 5907 1:0 11793
11273 5904 1:0 11793
11276 5906 1:0 11793
11291 6049 1:0 12013
11292 5908 1:0 11879
11304 6050 1:0 12013
11345 6054 1:0 12014
11353 6043 1:0 12014
11373 6051 1:0 12014
11374 6055 1:0 12100
11424 6197 1:0 12231
11436 5611 21:0 11468
11476 12711 1:0 12231
11477 6198 1:0 12301
11477 6200 1:0 12311
11477 6201 1:0 12320
11486 6202 1:0 12321
11486 6348 1:0 12456
11486 6344 1:0 12456
11486 6347 1:0 12456
11492 6343 1:0 12456
11492 6336 1:0 12457
11492 6342 1:0 12511
11494 6492 1:0 12673
11497 6493 1:0 12752
11512 6484 1:0 12677
11513 6494 1:0 12753
11525 6495 1:0 12762
11594 12644 1:0 12800
11595 6640 1:0 12897
11637 5754 0:0 11645
11645 6643 1:0 12898
11646 6641 1:0 12898
11655 6642 1:0 12983
11657 5758 21:0 11689
11665 6786 1:0 13100
11688 5756 0:0 11689
11688 5759 0:0 11689
11697 12610 1:0 13020
11698 6777 1:0 13115
11698 6787 1:0 13194
11698 6789 1:0 13204
11698 6924 1:0 13340
11707 12578 1:0 13242
11707 12576 1:0 13252
11713 6934 1:0 13336
11715 6937 1:0 13336
11718 6933 1:0 13336
11734 6935 1:0 13336
11746 6925 1:0 13340
11746 6932 1:0 13405
11787 6931 1:0 13374
11800 7080 1:0 13627
11815 7081 1:0 13636
11816 7082 1:0 13637
11817 7078 1:0 13617
11866 7083 1:0 13646
11885 5908 21:0 11910
11886 12510 1:0 13694
11908 5905 0:0 11910
11908 5907 0:0 11910
11908 5904 0:0 11910
11908 5906 0:0 11910
11908 5903 0:0 11910
11911 7219 1:0 13778
11911 7226 1:0 13779
11911 7228 1:0 13857
11911 7513 1:0 14250
11918 7373 1:0 14068
11918 7377 1:0 14088
11919 12414 1:0 14177
11919 7378 1:0 14089
11928 7525 1:0 14223
11928 7518 1:0 14279
11928 7521 1:0 14290
11928 7668 1:0 14442
11934 7667 1:0 14442
11934 7669 1:0 14520
11938 7670 1:0 14521
11939 7666 1:0 14501
11954 7671 1:0 14530
11967 7672 1:0 14531
12008 7814 1:0 14662
12021 7815 1:0 14662
12036 7817 1:0 14742
12037 7908 1:0 14792
12037 7806 1:0 14666
12038 7816 1:0 14739
12046 6043 0:0 12071
12047 8473 1:0 14779
12076 6049 21:0 12101
12087 7818 1:0 14751
12097 7909 1:0 14793
12106 6055 21:0 12131
12129 6050 0:0 12131
12129 6054 0:0 12131
12129 6051 0:0 12131
12307 6198 21:0 12352
12350 6201 0:0 12352
12350 6197 0:0 12352
12351 6200 0:0 12352
12351 6202 0:0 12352
12521 6342 21:0 12545
12551 6348 21:0 12573
12572 6343 0:0 12573
12572 6344 0:0 12573
12572 6347 0:0 12573
12572 6336 0:0 12573
12762 6493 21:0 12794
12792 6495 0:0 12794
12793 6484 0:0 12794
12793 6494 0:0 12794
12793 6492 0:0 12794
12993 6642 21:0 13015
13014 6641 0:0 13015
13014 6640 0:0 13015
13014 6643 0:0 13015
13154 6777 21:0 13198
13204 6787 21:0 13236
13234 6789 0:0 13236
13235 6786 0:0 13236
13373 6925 0:0 13399
13375 6924 0:0 13402
13402 6931 0:0 13412
13415 6932 21:0 13457
13455 6934 0:0 13457
13456 6935 0:0 13457
13456 6937 0:0 13457
13456 6933 0:0 13457
13633 7080 21:0 13678
13676 7081 0:0 13678
13677 7082 0:0 13678
13677 7078 0:0 13678
13677 7083 0:0 13678
13814 7219 21:0 13860
13867 7228 21:0 13899
13898 7226 0:0 13899
14078 7373 21:0 14120
14118 7377 0:0 14120
14119 7378 0:0 14120
14256 7513 21:0 14302
14301 7518 0:0 14309
14316 7525 21:0 14341
14339 7521 0:0 14341
14530 7669 21:0 14562
14560 7671 0:0 14562
14561 7670 0:0 14562
14561 7666 0:0 14562
14561 7667 0:0 14562
14561 7668 0:0 14562
14561 7672 0:0 14562
14748 7817 21:0 55
